344
91 1
91 9
89 9
89 19
88 19
88 16
84 16
84 11
85 11
85 8
80 8
80 17
86 17
86 34
101 34
101 42
99 42
99 53
113 53
113 56
93 56
93 48
81 48
81 37
53 37
53 25
54 25
54 26
69 26
69 28
72 28
72 24
36 24
36 30
29 30
29 44
66 44
66 47
42 47
42 46
40 46
40 50
78 50
78 51
76 51
76 58
136 58
136 59
149 59
149 61
126 61
126 87
117 87
117 89
100 89
100 107
23 107
23 118
20 118
20 123
22 123
22 163
25 163
25 170
45 170
45 167
56 167
56 164
62 164
62 175
65 175
65 190
19 190
19 165
9 165
9 156
17 156
17 148
7 148
7 142
13 142
13 139
12 139
12 138
1 138
1 149
6 149
6 157
8 157
8 174
2 174
2 188
3 188
3 194
5 194
5 189
4 189
4 179
10 179
10 186
11 186
11 181
15 181
15 172
14 172
14 171
18 171
18 192
47 192
47 195
75 195
75 199
61 199
61 200
79 200
79 198
77 198
77 193
63 193
63 191
74 191
74 187
67 187
67 185
73 185
73 184
71 184
71 162
57 162
57 152
58 152
58 145
51 145
51 144
38 144
38 137
33 137
33 143
35 143
35 146
48 146
48 158
49 158
49 150
55 150
55 166
34 166
34 169
30 169
30 160
31 160
31 153
27 153
27 115
32 115
32 110
60 110
60 109
95 109
95 112
90 112
90 129
104 129
104 131
133 131
133 125
132 125
132 117
129 117
129 120
125 120
125 128
122 128
122 116
119 116
119 119
116 119
116 126
98 126
98 111
105 111
105 94
118 94
118 102
121 102
121 99
127 99
127 68
130 68
130 63
159 63
159 73
158 73
158 77
151 77
151 88
141 88
141 69
135 69
135 134
134 134
134 161
148 161
148 177
157 177
157 178
162 178
162 176
153 176
153 168
155 168
155 133
154 133
154 151
147 151
147 132
140 132
140 141
144 141
144 154
152 154
152 155
139 155
139 147
137 147
137 114
138 114
138 122
142 122
142 127
143 127
143 113
145 113
145 124
146 124
146 108
150 108
150 96
156 96
156 104
160 104
160 130
161 130
161 57
128 57
128 52
106 52
106 15
120 15
120 29
107 29
107 35
108 35
108 33
115 33
115 32
124 32
124 4
110 4
110 7
103 7
103 40
102 40
102 27
96 27
96 31
94 31
94 2
163 2
163 54
164 54
164 100
167 100
167 136
165 136
165 140
185 140
185 159
187 159
187 182
186 182
186 197
200 197
200 173
192 173
192 180
190 180
190 91
193 91
193 76
195 76
195 75
196 75
196 78
199 78
199 62
198 62
198 22
197 22
197 23
194 23
194 65
191 65
191 66
189 66
189 196
188 196
188 135
168 135
168 67
169 67
169 43
166 43
166 6
171 6
171 12
172 12
172 13
174 13
174 98
176 98
176 121
177 121
177 71
180 71
180 81
182 81
182 106
183 106
183 90
184 90
184 64
175 64
175 55
178 55
178 41
179 41
179 38
181 38
181 5
173 5
173 3
170 3
170 1
