144
126 61
126 87
117 87
117 89
100 89
100 107
23 107
23 118
20 118
20 123
22 123
22 163
25 163
25 170
45 170
45 167
56 167
56 164
62 164
62 175
65 175
65 190
19 190
19 165
9 165
9 156
17 156
17 148
7 148
7 142
13 142
13 139
12 139
12 138
1 138
1 149
6 149
6 157
8 157
8 174
2 174
2 188
3 188
3 194
5 194
5 189
4 189
4 179
10 179
10 186
11 186
11 181
15 181
15 172
14 172
14 171
18 171
18 192
47 192
47 195
75 195
75 199
61 199
61 200
79 200
79 198
77 198
77 193
63 193
63 191
74 191
74 187
67 187
67 185
73 185
73 184
71 184
71 162
57 162
57 152
58 152
58 145
51 145
51 144
38 144
38 137
33 137
33 143
35 143
35 146
48 146
48 158
49 158
49 150
55 150
55 166
34 166
34 169
30 169
30 160
31 160
31 153
27 153
27 115
32 115
32 110
60 110
60 109
95 109
95 112
90 112
90 129
104 129
104 131
133 131
133 125
132 125
132 117
129 117
129 120
125 120
125 128
122 128
122 116
119 116
119 119
116 119
116 126
98 126
98 111
105 111
105 94
118 94
118 102
121 102
121 99
127 99
127 68
130 68
130 63
159 63
159 73
161 73
161 61
