70
17 113
17 103
1 103
1 106
5 106
5 104
11 104
11 117
9 117
9 129
10 129
10 137
4 137
4 147
51 147
51 150
118 150
118 149
148 149
148 141
149 141
149 125
147 125
147 133
139 133
139 148
96 148
96 142
108 142
108 134
121 134
121 131
112 131
112 132
94 132
94 140
90 140
90 126
83 126
83 139
89 139
89 146
79 146
79 136
70 136
70 127
60 127
60 138
65 138
65 144
52 144
52 145
14 145
14 143
36 143
36 135
16 135
16 130
13 130
13 128
49 128
49 123
35 123
35 121
37 121
37 119
24 119
24 120
21 120
21 113
