278
101 1
101 2
97 2
97 8
80 8
80 12
91 12
91 14
116 14
116 22
103 22
103 30
77 30
77 44
69 44
69 71
68 71
68 81
63 81
63 17
44 17
44 23
28 23
28 24
26 24
26 29
32 29
32 45
6 45
6 53
2 53
2 80
8 80
8 79
18 79
18 113
17 113
17 103
1 103
1 106
5 106
5 104
11 104
11 117
9 117
9 129
10 129
10 137
4 137
4 147
51 147
51 150
118 150
118 149
148 149
148 141
149 141
149 125
147 125
147 133
139 133
139 148
96 148
96 142
108 142
108 134
121 134
121 131
112 131
112 132
94 132
94 140
90 140
90 126
83 126
83 139
89 139
89 146
79 146
79 136
70 136
70 127
60 127
60 138
65 138
65 144
52 144
52 145
14 145
14 143
36 143
36 135
16 135
16 130
13 130
13 128
49 128
49 123
35 123
35 121
37 121
37 119
25 119
25 89
27 89
27 88
29 88
29 85
38 85
38 78
24 78
24 120
21 120
21 76
22 76
22 73
20 73
20 70
19 70
19 67
7 67
7 54
15 54
15 65
23 65
23 56
30 56
30 63
31 63
31 47
34 47
34 43
33 43
33 25
43 25
43 48
42 48
42 55
40 55
40 96
55 96
55 77
59 77
59 68
56 68
56 66
53 66
53 64
47 64
47 91
41 91
41 61
46 61
46 57
58 57
58 26
57 26
57 37
48 37
48 39
45 39
45 18
54 18
54 20
62 20
62 83
61 83
61 87
71 87
71 107
72 107
72 124
74 124
74 90
73 90
73 52
87 52
87 58
78 58
78 62
82 62
82 122
137 122
137 118
134 118
134 109
133 109
133 110
107 110
107 101
111 101
111 100
126 100
126 105
140 105
140 116
145 116
145 108
150 108
150 98
146 98
146 42
143 42
143 75
144 75
144 97
127 97
127 99
109 99
109 95
122 95
122 92
115 92
115 93
100 93
100 111
124 111
124 115
106 115
106 112
93 112
93 114
85 114
85 69
86 69
86 102
88 102
88 86
123 86
123 74
102 74
102 72
95 72
95 82
92 82
92 59
98 59
98 50
110 50
110 51
131 51
131 60
135 60
135 46
130 46
130 40
125 40
125 49
81 49
81 32
84 32
84 34
114 34
114 35
117 35
117 28
119 28
119 13
104 13
104 4
99 4
99 3
120 3
120 7
132 7
132 10
128 10
128 38
141 38
141 33
142 33
142 31
129 31
129 27
136 27
136 16
138 16
138 1
