206
96 43
96 47
70 47
70 49
152 49
152 60
154 60
154 51
165 51
165 67
156 67
156 80
151 80
151 90
157 90
157 91
159 91
159 104
153 104
153 125
129 125
129 128
80 128
80 120
150 120
150 118
145 118
145 117
141 117
141 116
76 116
76 122
78 122
78 131
72 131
72 119
65 119
65 121
46 121
46 123
60 123
60 124
45 124
45 132
100 132
100 134
111 134
111 129
116 129
116 133
119 133
119 135
9 135
9 142
15 142
15 137
22 137
22 141
49 141
49 139
32 139
32 136
57 136
57 152
58 152
58 140
66 140
66 169
56 169
56 171
50 171
50 170
26 170
26 158
16 158
16 154
2 154
2 159
1 159
1 180
4 180
4 163
7 163
7 156
11 156
11 187
12 187
12 189
42 189
42 193
75 193
75 194
13 194
13 199
90 199
90 200
174 200
174 198
95 198
95 197
200 197
200 149
197 149
197 183
196 183
196 147
195 147
195 192
172 192
172 195
179 195
179 196
81 196
81 191
71 191
71 190
44 190
44 186
48 186
48 181
14 181
14 179
47 179
47 177
84 177
84 176
103 176
103 182
108 182
108 185
97 185
97 188
139 188
139 178
130 178
130 184
128 184
128 175
85 175
85 172
114 172
114 167
127 167
127 174
149 174
149 155
147 155
147 151
143 151
143 166
144 166
144 173
132 173
132 165
125 165
125 161
106 161
106 168
82 168
82 162
68 162
68 138
98 138
98 145
79 145
79 160
86 160
86 153
83 153
83 148
101 148
101 146
170 146
170 144
102 144
102 143
137 143
137 130
134 130
134 127
148 127
148 126
160 126
160 113
162 113
162 115
171 115
171 111
155 111
155 110
169 110
169 109
158 109
158 108
166 108
166 107
161 107
161 79
168 79
168 55
167 55
167 48
115 48
115 46
135 46
135 43
