132
116 129
116 133
119 133
119 135
9 135
9 142
15 142
15 137
22 137
22 141
49 141
49 139
32 139
32 136
57 136
57 152
58 152
58 140
66 140
66 169
56 169
56 171
50 171
50 170
26 170
26 158
16 158
16 154
2 154
2 159
1 159
1 180
4 180
4 163
7 163
7 156
11 156
11 187
12 187
12 189
42 189
42 193
75 193
75 194
13 194
13 199
90 199
90 200
174 200
174 198
95 198
95 197
200 197
200 149
197 149
197 183
196 183
196 147
195 147
195 192
172 192
172 195
179 195
179 196
81 196
81 191
71 191
71 190
44 190
44 186
48 186
48 181
14 181
14 179
47 179
47 177
84 177
84 176
103 176
103 182
108 182
108 185
97 185
97 188
139 188
139 178
130 178
130 184
128 184
128 175
85 175
85 172
114 172
114 167
127 167
127 174
149 174
149 155
147 155
147 151
143 151
143 166
144 166
144 173
132 173
132 165
125 165
125 161
106 161
106 168
82 168
82 162
68 162
68 138
98 138
98 145
79 145
79 160
86 160
86 153
83 153
83 148
101 148
101 146
170 146
170 144
102 144
102 143
137 143
137 130
134 130
134 129
