130
29 1
29 3
34 3
34 63
36 63
36 15
42 15
42 33
41 33
41 117
33 117
33 137
35 137
35 150
14 150
14 132
30 132
30 127
12 127
12 95
13 95
13 90
10 90
10 75
1 75
1 107
4 107
4 126
7 126
7 91
9 91
9 133
2 133
2 194
8 194
8 188
6 188
6 165
5 165
5 174
3 174
3 146
11 146
11 155
51 155
51 143
52 143
52 108
50 108
50 77
49 77
49 73
48 73
48 79
46 79
46 135
45 135
45 124
44 124
44 147
43 147
43 2
47 2
47 4
53 4
53 22
55 22
55 130
57 130
57 134
58 134
58 144
60 144
60 109
62 109
62 169
69 169
69 195
103 195
103 182
81 182
81 179
108 179
108 178
122 178
122 180
143 180
143 176
129 176
129 172
94 172
94 168
97 168
97 167
72 167
72 166
82 166
82 164
65 164
65 162
77 162
77 161
100 161
100 159
73 159
73 152
92 152
92 149
114 149
114 148
66 148
66 142
68 142
68 141
63 141
63 118
64 118
64 89
56 89
56 47
59 47
59 13
54 13
54 8
130 8
130 6
61 6
61 5
67 5
67 1
