1852
21 7
21 6
1 6
1 12
20 12
20 17
22 17
22 41
44 41
44 46
9 46
9 73
13 73
13 100
7 100
7 223
27 223
27 224
65 224
65 221
112 221
112 179
132 179
132 154
141 154
141 171
230 171
230 197
206 197
206 184
204 184
204 188
189 188
189 186
188 186
188 215
187 215
187 230
40 230
40 233
34 233
34 232
6 232
6 229
4 229
4 237
265 237
265 238
10 238
10 249
28 249
28 252
43 252
43 253
117 253
117 259
105 259
105 260
62 260
62 261
162 261
162 263
142 263
142 265
68 265
68 270
130 270
130 269
144 269
144 278
261 278
261 279
284 279
284 276
299 276
299 258
263 258
263 277
216 277
216 264
259 264
259 256
231 256
231 262
208 262
208 257
176 257
176 244
351 244
351 251
377 251
377 280
342 280
342 285
407 285
407 289
451 289
451 300
427 300
427 302
203 302
203 305
147 305
147 298
115 298
115 297
334 297
334 287
287 287
287 286
266 286
266 290
333 290
333 295
264 295
264 293
211 293
211 294
134 294
134 296
114 296
114 319
59 319
59 314
48 314
48 306
42 306
42 315
47 315
47 320
19 320
19 322
2 322
2 324
49 324
49 323
120 323
120 326
3 326
3 327
64 327
64 328
77 328
77 329
127 329
127 308
163 308
163 310
207 310
207 312
205 312
205 316
235 316
235 318
240 318
240 307
291 307
291 311
345 311
345 309
442 309
442 321
454 321
454 284
386 284
386 283
493 283
493 272
472 272
472 282
414 282
414 281
440 281
440 273
419 273
419 268
405 268
405 275
398 275
398 267
395 267
395 266
390 266
390 255
433 255
433 247
373 247
373 242
368 242
368 243
357 243
357 241
154 241
154 250
37 250
37 246
18 246
18 240
272 240
272 236
183 236
183 235
5 235
5 234
113 234
113 231
190 231
190 207
201 207
201 208
234 208
234 187
279 187
279 173
249 173
249 169
180 169
180 163
156 163
156 149
121 149
121 155
125 155
125 166
111 166
111 189
110 189
110 172
106 172
106 219
94 219
94 202
102 202
102 183
95 183
95 181
89 181
89 161
104 161
104 136
88 136
88 137
98 137
98 140
92 140
92 157
87 157
87 162
86 162
86 200
67 200
67 209
56 209
56 222
12 222
12 206
8 206
8 114
15 114
15 121
23 121
23 107
29 107
29 112
36 112
36 135
81 135
81 134
369 134
369 132
245 132
245 133
63 133
63 129
161 129
161 126
71 126
71 120
72 120
72 99
70 99
70 111
66 111
66 101
52 101
52 130
38 130
38 103
16 103
16 95
61 95
61 94
140 94
140 91
221 91
221 93
371 93
371 84
389 84
389 71
399 71
399 79
638 79
638 124
614 124
614 143
639 143
639 146
728 146
728 159
709 159
709 148
691 148
691 151
632 151
632 164
645 164
645 170
673 170
673 167
674 167
674 190
746 190
746 203
692 203
692 218
810 218
810 220
985 220
985 214
988 214
988 185
990 185
990 226
684 226
684 225
599 225
599 227
935 227
935 228
993 228
993 201
995 201
995 194
1012 194
1012 178
1030 178
1030 176
923 176
923 182
872 182
872 198
867 198
867 177
840 177
840 192
805 192
805 193
839 193
839 196
841 196
841 195
853 195
853 199
910 199
910 211
888 211
888 212
855 212
855 216
949 216
949 210
951 210
951 191
974 191
974 217
713 217
713 205
711 205
711 204
750 204
750 175
719 175
719 180
706 180
706 174
676 174
676 152
700 152
700 165
742 165
742 142
737 142
737 141
665 141
665 138
616 138
616 125
672 125
672 127
690 127
690 115
726 115
726 116
756 116
756 122
807 122
807 145
797 145
797 128
782 128
782 168
792 168
792 147
826 147
826 156
820 156
820 160
1011 160
1011 119
1016 119
1016 123
1018 123
1018 117
1078 117
1078 53
1088 53
1088 30
1090 30
1090 131
1093 131
1093 213
1095 213
1095 248
1094 248
1094 245
1067 245
1067 254
1065 254
1065 239
1055 239
1055 291
1070 291
1070 292
1054 292
1054 299
1081 299
1081 304
1076 304
1076 317
1074 317
1074 313
1060 313
1060 303
1058 303
1058 301
1057 301
1057 325
1056 325
1056 338
1080 338
1080 342
1052 342
1052 357
931 357
931 364
936 364
936 370
937 370
937 379
929 379
929 349
874 349
874 341
744 341
744 384
730 384
730 391
716 391
716 394
661 394
661 400
649 400
649 419
655 419
655 427
652 427
652 464
635 464
635 444
569 444
569 440
549 440
549 437
590 437
590 431
551 431
551 432
517 432
517 433
548 433
548 441
490 441
490 442
411 442
411 445
219 445
219 438
449 438
449 435
217 435
217 434
195 434
195 449
394 449
394 448
202 448
202 446
620 446
620 466
660 466
660 477
679 477
679 480
482 480
482 474
514 474
514 471
497 471
497 469
553 469
553 450
220 450
220 470
171 470
171 475
182 475
182 476
196 476
196 478
143 478
143 498
133 498
133 495
109 495
109 484
103 484
103 483
69 483
69 488
57 488
57 503
157 503
157 504
225 504
225 496
268 496
268 507
58 507
58 508
151 508
151 510
288 510
288 509
379 509
379 511
436 511
436 506
384 506
384 499
314 499
314 501
296 501
296 467
271 467
271 472
281 472
281 490
194 490
194 492
286 492
286 494
159 494
159 479
241 479
241 452
530 452
530 453
310 453
310 456
269 456
269 463
307 463
307 461
339 461
339 465
343 465
343 481
348 481
348 460
353 460
353 462
401 462
401 458
364 458
364 457
388 457
388 455
406 455
406 454
486 454
486 459
544 459
544 468
465 468
465 473
479 473
479 493
475 493
475 500
489 500
489 489
572 489
572 505
595 505
595 513
561 513
561 514
593 514
593 538
531 538
531 534
568 534
568 532
499 532
499 545
598 545
598 525
621 525
621 572
625 572
625 578
601 578
601 589
577 589
577 591
624 591
624 581
627 581
627 605
646 605
646 606
657 606
657 609
823 609
823 608
885 608
885 610
898 610
898 614
894 614
894 617
893 617
893 657
863 657
863 660
833 660
833 659
822 659
822 661
869 661
869 681
858 681
858 675
704 675
704 651
685 651
685 658
702 658
702 680
600 680
600 668
588 668
588 684
450 684
450 683
466 683
466 674
485 674
485 671
469 671
469 673
396 673
396 677
438 677
438 686
311 686
311 678
222 678
222 672
200 672
200 667
341 667
341 643
283 643
283 638
326 638
326 635
354 635
354 648
362 648
362 641
366 641
366 649
434 649
434 646
656 646
656 639
641 639
641 625
611 625
611 644
470 644
470 642
521 642
521 640
535 640
535 632
432 632
432 627
329 627
329 626
554 626
554 630
575 630
575 624
301 624
301 629
392 629
392 631
135 631
135 636
79 636
79 652
213 652
213 650
83 650
83 647
108 647
108 637
233 637
233 645
250 645
250 634
275 634
275 653
293 653
293 654
322 654
322 665
199 665
199 687
408 687
408 690
557 690
557 692
370 692
370 691
302 691
302 696
243 696
243 693
75 693
75 818
131 818
131 820
168 820
168 833
178 833
178 836
73 836
73 839
149 839
149 841
169 841
169 852
172 852
172 855
212 855
212 878
197 878
197 888
238 888
238 890
246 890
246 891
536 891
536 889
483 889
483 859
559 859
559 883
567 883
567 856
537 856
537 854
615 854
615 857
777 857
777 868
722 868
722 879
727 879
727 882
731 882
731 870
791 870
791 910
694 910
694 902
587 902
587 908
467 908
467 906
312 906
312 905
304 905
304 897
303 897
303 909
198 909
198 911
148 911
148 898
137 898
137 921
166 921
166 927
165 927
165 932
139 932
139 966
318 966
318 1043
319 1043
319 1057
320 1057
320 1119
321 1119
321 1074
325 1074
325 1000
330 1000
330 1177
337 1177
337 1213
335 1213
335 1186
328 1186
328 1200
323 1200
323 1190
305 1190
305 1201
282 1201
282 1167
297 1167
297 1164
251 1164
251 1139
260 1139
260 1128
247 1128
247 1123
193 1123
193 1155
242 1155
242 1145
248 1145
248 1180
239 1180
239 1194
273 1194
273 1214
270 1214
270 1196
210 1196
210 1193
185 1193
185 1204
177 1204
177 1191
138 1191
138 1195
145 1195
145 1217
129 1217
129 1178
123 1178
123 1184
122 1184
122 1179
96 1179
96 1215
119 1215
119 1222
218 1222
218 1210
253 1210
253 1209
262 1209
262 1219
295 1219
295 1202
317 1202
317 1232
256 1232
256 1228
236 1228
236 1236
289 1236
289 1241
336 1241
336 1246
338 1246
338 1088
332 1088
332 1081
374 1081
374 1086
355 1086
355 1107
378 1107
378 1110
346 1110
346 1124
344 1124
344 1188
352 1188
352 1208
360 1208
360 1175
453 1175
453 1174
463 1174
463 1146
504 1146
504 1148
508 1148
508 1234
571 1234
571 1225
631 1225
631 1229
586 1229
586 1242
622 1242
622 1231
828 1231
828 1230
932 1230
932 1233
873 1233
873 1240
849 1240
849 1243
850 1243
850 1244
904 1244
904 1239
1022 1239
1022 1221
1001 1221
1001 1171
1007 1171
1007 1163
1020 1163
1020 1158
1085 1158
1085 1182
1073 1182
1073 1245
1075 1245
1075 1224
1102 1224
1102 1203
1083 1203
1083 1187
1087 1187
1087 1189
1091 1189
1091 1185
1086 1185
1086 1150
1079 1150
1079 1156
1068 1156
1068 1125
1061 1125
1061 1135
1042 1135
1042 1157
1005 1157
1005 1095
1002 1095
1002 1072
1044 1072
1044 1079
1084 1079
1084 1065
1092 1065
1092 1106
1104 1106
1104 1140
1123 1140
1123 1172
1141 1172
1141 1153
1144 1153
1144 1149
1146 1149
1146 1247
1152 1247
1152 1183
1155 1183
1155 1118
1143 1118
1143 1117
1150 1117
1150 1062
1149 1062
1149 1041
1151 1041
1151 1060
1154 1060
1154 1012
1153 1012
1153 958
1157 958
1157 950
1192 950
1192 967
1191 967
1191 986
1188 986
1188 1212
1186 1212
1186 1248
1166 1248
1166 1249
1187 1249
1187 1227
1194 1227
1194 1226
1190 1226
1190 1056
1195 1056
1195 972
1193 972
1193 949
1169 949
1169 941
1170 941
1170 943
1200 943
1200 942
1199 942
1199 861
1197 861
1197 900
1189 900
1189 917
1198 917
1198 920
1185 920
1185 711
1184 711
1184 574
1177 574
1177 579
1176 579
1176 568
1165 568
1165 600
1179 600
1179 613
1048 613
1048 611
1029 611
1029 656
1014 656
1014 666
1032 666
1032 773
1034 773
1034 616
1035 616
1035 615
1172 615
1172 622
1181 622
1181 689
1182 689
1182 864
1175 864
1175 863
1173 863
1173 874
1174 874
1174 896
1178 896
1178 873
1183 873
1183 924
1180 924
1180 938
1162 938
1162 939
1159 939
1159 944
1147 944
1147 952
1148 952
1148 1109
1139 1109
1139 1126
1137 1126
1137 1127
1121 1127
1121 1063
1127 1063
1127 1071
1134 1071
1134 1068
1136 1068
1136 1005
1138 1005
1138 987
1135 987
1135 1003
1133 1003
1133 893
1128 893
1128 957
1126 957
1126 922
1125 922
1125 894
1119 894
1119 929
1124 929
1124 963
1129 963
1129 968
1114 968
1114 969
1132 969
1132 973
1111 973
1111 1006
1118 1006
1118 1004
1130 1004
1130 1034
1116 1034
1116 1035
1117 1035
1117 1040
1113 1040
1113 1044
1107 1044
1107 1047
1106 1047
1106 1098
1112 1098
1112 1122
1105 1122
1105 1058
1037 1058
1037 1061
1006 1061
1006 1064
997 1064
997 1120
1003 1120
1003 1136
999 1136
999 1161
979 1161
979 1151
968 1151
968 1176
967 1176
967 1192
969 1192
969 1170
986 1170
986 1181
996 1181
996 1238
887 1238
887 1237
959 1237
959 1235
942 1235
942 1223
596 1223
596 1218
640 1218
640 1211
703 1211
703 1207
764 1207
764 1199
864 1199
864 1205
914 1205
914 1168
878 1168
878 1169
909 1169
909 1197
795 1197
795 1198
642 1198
642 1206
552 1206
552 1216
523 1216
523 1220
511 1220
511 1166
525 1166
525 1147
550 1147
550 1131
556 1131
556 1165
558 1165
558 1162
654 1162
654 1159
573 1159
573 1129
570 1129
570 1130
542 1130
542 1121
539 1121
539 1144
439 1144
439 1143
509 1143
509 1142
500 1142
500 1141
447 1141
447 1138
437 1138
437 1137
478 1137
478 1134
456 1134
456 1132
445 1132
445 1133
409 1133
409 1152
372 1152
372 1154
452 1154
452 1160
446 1160
446 1173
356 1173
356 1116
565 1116
565 1115
457 1115
457 1114
520 1114
520 1080
594 1080
594 1082
617 1082
617 1093
658 1093
658 1099
527 1099
527 1100
534 1100
534 1102
541 1102
541 1104
748 1104
748 1108
758 1108
758 1112
771 1112
771 1113
946 1113
946 1090
905 1090
905 1111
886 1111
886 1103
769 1103
769 1101
892 1101
892 1096
877 1096
877 1097
707 1097
707 1087
928 1087
928 1076
925 1076
925 1083
738 1083
738 1085
705 1085
705 1089
643 1089
643 1092
619 1092
619 1075
507 1075
507 1070
584 1070
584 1051
686 1051
686 1053
865 1053
865 1052
883 1052
883 1055
889 1055
889 1054
941 1054
941 1042
973 1042
973 1037
918 1037
918 1048
871 1048
871 1045
866 1045
866 1038
817 1038
817 1046
543 1046
543 1036
538 1036
538 1049
824 1049
824 1039
842 1039
842 1050
583 1050
583 1069
563 1069
563 1066
505 1066
505 1084
516 1084
516 1105
473 1105
473 1091
431 1091
431 1078
400 1078
400 1077
397 1077
397 1094
383 1094
383 1073
365 1073
365 1059
331 1059
331 959
257 959
257 954
252 954
252 961
285 961
285 965
237 965
237 964
164 964
164 936
274 936
274 934
413 934
413 990
417 990
417 1014
422 1014
422 1015
402 1015
402 945
391 945
391 991
393 991
393 1010
375 1010
375 1032
425 1032
425 1033
460 1033
460 1025
526 1025
526 1027
1040 1027
1040 1028
998 1028
998 1029
966 1029
966 1030
1013 1030
1013 1031
1046 1031
1046 1017
917 1017
917 1018
896 1018
896 1011
796 1011
796 1008
793 1008
793 999
629 999
629 998
560 998
560 996
491 996
491 979
545 979
545 982
1023 982
1023 985
814 985
814 992
809 992
809 995
852 995
852 994
837 994
837 989
1017 989
1017 993
1024 993
1024 988
1098 988
1098 984
1053 984
1053 983
1103 983
1103 976
1043 976
1043 981
919 981
919 975
860 975
860 977
915 977
915 978
720 978
720 980
610 980
610 971
564 971
564 956
717 956
717 955
546 955
546 962
512 962
512 953
606 953
606 948
506 948
506 946
496 946
496 947
494 947
494 960
502 960
502 970
562 970
562 974
459 974
459 997
461 997
461 1001
732 1001
732 1002
790 1002
790 1016
528 1016
528 1013
581 1013
581 1007
430 1007
430 1009
519 1009
519 1020
585 1020
585 1022
612 1022
612 1021
830 1021
830 1019
1010 1019
1010 1026
734 1026
734 1023
524 1023
524 1024
426 1024
426 951
418 951
418 940
464 940
464 937
515 937
515 933
306 933
306 928
350 928
350 926
477 926
477 925
420 925
420 923
532 923
532 919
258 919
258 931
173 931
173 935
167 935
167 914
613 914
613 912
607 912
607 907
623 907
623 915
626 915
626 913
644 913
644 916
763 916
763 918
821 918
821 903
856 903
856 901
857 901
857 899
835 899
835 895
831 895
831 881
808 881
808 904
800 904
800 865
816 865
816 867
832 867
832 866
847 866
847 860
798 860
798 842
787 842
787 822
775 822
775 782
1045 782
1045 783
903 783
903 789
930 789
930 799
846 799
846 801
819 801
819 804
806 804
806 806
815 806
815 810
944 810
944 805
948 805
948 803
933 803
933 785
1072 785
1072 784
1064 784
1064 780
772 780
772 808
729 808
729 825
751 825
751 828
566 828
566 827
589 827
589 823
468 823
468 824
441 824
441 835
412 835
412 819
498 819
498 816
429 816
429 813
647 813
647 800
653 800
653 793
488 793
488 794
618 794
618 795
481 795
481 802
578 802
578 811
410 811
410 838
484 838
484 837
492 837
492 832
476 832
476 831
753 831
753 830
540 830
540 829
776 829
776 840
779 840
779 845
689 845
689 847
784 847
784 851
695 851
695 853
448 853
448 871
458 871
458 887
416 887
416 886
292 886
292 880
227 880
227 849
186 849
186 817
85 817
85 809
76 809
76 721
116 721
116 719
232 719
232 718
175 718
175 710
174 710
174 705
226 705
226 704
99 704
99 701
359 701
359 700
118 700
118 699
276 699
276 697
471 697
471 694
582 694
582 685
721 685
721 682
710 682
710 676
813 676
813 679
844 679
844 703
901 703
901 607
745 607
745 604
637 604
637 598
630 598
630 571
628 571
628 548
634 548
634 524
609 524
609 517
608 517
608 516
633 516
633 515
604 515
604 502
574 502
574 487
522 487
522 486
687 486
687 451
664 451
664 447
714 447
714 443
659 443
659 404
668 404
668 395
752 395
752 373
754 373
754 355
768 355
768 344
836 344
836 350
843 350
843 351
927 351
927 352
920 352
920 363
845 363
845 365
838 365
838 372
924 372
924 360
926 360
926 374
916 374
916 380
947 380
947 369
983 369
983 366
980 366
980 362
982 362
982 359
1036 359
1036 358
1158 358
1158 356
1171 356
1171 354
1167 354
1167 353
1082 353
1082 288
1059 288
1059 274
1066 274
1066 271
1097 271
1097 19
1077 19
1077 113
1004 113
1004 144
989 144
989 158
965 158
965 153
897 153
897 150
862 150
862 139
818 139
818 118
788 118
788 109
767 109
767 108
667 108
667 106
699 106
699 98
681 98
681 97
650 97
650 77
487 77
487 74
404 74
404 72
423 72
423 66
381 66
381 80
358 80
358 76
300 76
300 67
278 67
278 81
367 81
367 90
53 90
53 92
14 92
14 70
26 70
26 65
97 65
97 61
17 61
17 60
11 60
11 54
50 54
50 51
51 51
51 32
46 32
46 16
39 16
39 14
25 14
25 9
35 9
35 7
