104
21 7
21 6
1 6
1 12
20 12
20 17
22 17
22 41
44 41
44 46
9 46
9 73
13 73
13 100
7 100
7 223
27 223
27 224
65 224
65 221
112 221
112 179
132 179
132 154
141 154
141 171
230 171
230 197
206 197
206 184
204 184
204 188
189 188
189 186
188 186
188 215
187 215
187 230
40 230
40 233
34 233
34 232
4 232
4 234
113 234
113 231
190 231
190 207
234 207
234 187
279 187
279 173
249 173
249 169
180 169
180 163
156 163
156 149
121 149
121 155
125 155
125 166
111 166
111 189
106 189
106 219
56 219
56 222
12 222
12 206
8 206
8 114
23 114
23 107
38 107
38 103
16 103
16 95
61 95
61 94
140 94
140 92
14 92
14 70
26 70
26 65
97 65
97 61
17 61
17 60
11 60
11 54
50 54
50 51
51 51
51 32
46 32
46 16
39 16
39 14
25 14
25 9
35 9
35 7
