334
21 7
21 6
1 6
1 12
20 12
20 17
22 17
22 41
44 41
44 46
9 46
9 73
13 73
13 100
7 100
7 223
27 223
27 224
65 224
65 221
112 221
112 179
132 179
132 154
141 154
141 171
230 171
230 197
206 197
206 184
204 184
204 188
189 188
189 186
188 186
188 215
187 215
187 230
40 230
40 233
34 233
34 232
6 232
6 229
4 229
4 237
265 237
265 238
10 238
10 249
28 249
28 252
43 252
43 253
117 253
117 259
105 259
105 260
62 260
62 261
162 261
162 263
142 263
142 265
68 265
68 270
130 270
130 269
144 269
144 278
261 278
261 279
284 279
284 276
299 276
299 258
263 258
263 277
216 277
216 264
259 264
259 256
231 256
231 262
208 262
208 257
176 257
176 244
351 244
351 251
377 251
377 280
342 280
342 285
407 285
407 289
451 289
451 300
427 300
427 302
203 302
203 305
147 305
147 298
115 298
115 297
334 297
334 287
287 287
287 286
266 286
266 290
333 290
333 295
264 295
264 293
211 293
211 294
134 294
134 296
114 296
114 319
59 319
59 314
48 314
48 306
42 306
42 315
47 315
47 320
19 320
19 322
2 322
2 324
49 324
49 323
120 323
120 326
3 326
3 327
64 327
64 328
77 328
77 329
127 329
127 308
163 308
163 310
207 310
207 312
205 312
205 316
235 316
235 318
240 318
240 307
291 307
291 311
345 311
345 309
442 309
442 321
454 321
454 284
386 284
386 283
493 283
493 272
472 272
472 282
414 282
414 281
440 281
440 273
419 273
419 268
405 268
405 275
398 275
398 267
395 267
395 266
390 266
390 255
433 255
433 247
373 247
373 242
368 242
368 243
357 243
357 241
154 241
154 250
37 250
37 246
18 246
18 240
272 240
272 236
183 236
183 235
5 235
5 234
113 234
113 231
190 231
190 207
201 207
201 208
234 208
234 187
279 187
279 173
249 173
249 169
180 169
180 163
156 163
156 149
121 149
121 155
125 155
125 166
111 166
111 189
110 189
110 172
106 172
106 219
94 219
94 202
102 202
102 183
95 183
95 181
89 181
89 161
104 161
104 136
88 136
88 137
98 137
98 140
92 140
92 157
87 157
87 162
86 162
86 200
67 200
67 209
56 209
56 222
12 222
12 206
8 206
8 114
15 114
15 121
23 121
23 107
29 107
29 112
36 112
36 135
81 135
81 134
369 134
369 132
245 132
245 133
63 133
63 129
161 129
161 126
71 126
71 120
72 120
72 99
70 99
70 111
66 111
66 101
52 101
52 130
38 130
38 103
16 103
16 95
61 95
61 94
140 94
140 91
221 91
221 93
371 93
371 84
389 84
389 71
381 71
381 80
358 80
358 76
300 76
300 67
278 67
278 81
367 81
367 90
53 90
53 92
14 92
14 70
26 70
26 65
97 65
97 61
17 61
17 60
11 60
11 54
50 54
50 51
51 51
51 32
46 32
46 16
39 16
39 14
25 14
25 9
35 9
35 7
