272
133 57
133 43
66 43
66 49
53 49
53 164
51 164
51 150
50 150
50 120
36 120
36 90
20 90
20 130
14 130
14 132
11 132
11 127
6 127
6 116
1 116
1 145
8 145
8 151
4 151
4 172
3 172
3 195
9 195
9 176
5 176
5 154
10 154
10 137
21 137
21 129
22 129
22 94
30 94
30 97
28 97
28 136
27 136
27 139
29 139
29 125
47 125
47 134
45 134
45 140
43 140
43 196
73 196
73 197
55 197
55 200
61 200
61 199
89 199
89 193
115 193
115 192
98 192
98 191
44 191
44 146
48 146
48 178
54 178
54 54
57 54
57 73
70 73
70 105
69 105
69 106
63 106
63 111
58 111
58 177
59 177
59 186
64 186
64 155
65 155
65 133
62 133
62 113
68 113
68 175
129 175
129 179
135 179
135 188
174 188
174 187
164 187
164 183
175 183
175 182
169 182
169 180
158 180
158 184
150 184
150 185
140 185
140 166
132 166
132 165
165 165
165 158
187 158
187 189
188 189
188 153
192 153
192 167
194 167
194 181
197 181
197 162
195 162
195 157
196 157
196 149
185 149
185 144
199 144
199 190
189 190
189 194
171 194
171 198
200 198
200 143
181 143
181 156
144 156
144 161
163 161
163 163
142 163
142 147
141 147
141 159
120 159
120 170
136 170
136 171
112 171
112 160
106 160
106 168
103 168
103 142
102 142
102 173
111 173
111 174
88 174
88 152
83 152
83 169
82 169
82 148
76 148
76 141
71 141
71 126
74 126
74 96
72 96
72 84
75 84
75 72
80 72
80 114
84 114
84 135
85 135
85 65
81 65
81 61
90 61
90 98
91 98
91 118
86 118
86 128
92 128
92 52
101 52
101 53
93 53
93 102
95 102
95 74
105 74
105 69
108 69
108 77
125 77
125 122
124 122
124 112
118 112
118 79
117 79
117 78
104 78
104 85
99 85
99 99
100 99
100 93
114 93
114 86
116 86
116 123
123 123
123 138
127 138
127 131
128 131
128 91
126 91
126 75
109 75
109 59
107 59
107 56
113 56
113 70
121 70
121 67
119 67
119 51
110 51
110 48
79 48
79 46
94 46
94 44
130 44
130 50
131 50
131 58
149 58
149 66
145 66
145 68
151 68
151 62
176 62
176 76
167 76
167 81
162 81
162 95
172 95
172 107
139 107
139 108
134 108
134 109
173 109
173 83
182 83
182 71
183 71
183 57
