140
53 52
53 164
51 164
51 150
50 150
50 120
36 120
36 90
20 90
20 130
14 130
14 132
11 132
11 127
6 127
6 116
1 116
1 145
8 145
8 151
4 151
4 172
3 172
3 195
9 195
9 176
5 176
5 154
10 154
10 137
21 137
21 129
22 129
22 94
30 94
30 97
28 97
28 136
27 136
27 139
29 139
29 125
47 125
47 134
45 134
45 140
43 140
43 196
73 196
73 197
55 197
55 200
61 200
61 199
89 199
89 193
115 193
115 192
98 192
98 191
44 191
44 146
48 146
48 178
54 178
54 54
57 54
57 73
70 73
70 105
69 105
69 106
63 106
63 111
58 111
58 177
59 177
59 186
64 186
64 155
65 155
65 133
62 133
62 113
68 113
68 175
129 175
129 179
135 179
135 188
174 188
174 187
164 187
164 183
175 183
175 182
169 182
169 180
158 180
158 184
150 184
150 185
140 185
140 166
132 166
132 165
165 165
165 158
144 158
144 161
163 161
163 163
120 163
120 170
136 170
136 171
102 171
102 173
111 173
111 174
88 174
88 169
82 169
82 148
76 148
76 141
71 141
71 126
74 126
74 96
72 96
72 84
75 84
75 72
85 72
85 65
81 65
81 61
92 61
92 52
