396
376 157
376 388
375 388
375 600
378 600
378 1010
367 1010
367 1025
366 1025
366 1135
365 1135
365 1035
362 1035
362 946
351 946
351 1122
343 1122
343 1118
292 1118
292 1038
222 1038
222 873
224 873
224 843
228 843
228 781
191 781
191 768
132 768
132 783
157 783
157 798
127 798
127 808
120 808
120 704
145 704
145 699
116 699
116 696
178 696
178 694
115 694
115 693
169 693
169 602
172 602
172 674
177 674
177 528
174 528
174 505
152 505
152 520
149 520
149 544
146 544
146 548
167 548
167 625
168 625
168 641
165 641
165 643
150 643
150 648
163 648
163 692
156 692
156 687
138 687
138 683
135 683
135 616
126 616
126 633
133 633
133 658
123 658
123 646
113 646
113 698
96 698
96 701
80 701
80 734
78 734
78 999
88 999
88 1051
86 1051
86 1100
91 1100
91 1101
71 1101
71 1054
62 1054
62 1027
68 1027
68 977
63 977
63 974
75 974
75 1056
76 1056
76 972
70 972
70 941
69 941
69 922
72 922
72 881
66 881
66 893
64 893
64 888
58 888
58 912
56 912
56 929
57 929
57 930
65 930
65 954
59 954
59 996
60 996
60 1106
87 1106
87 1103
92 1103
92 1192
89 1192
89 1207
84 1207
84 1170
73 1170
73 1173
74 1173
74 1212
93 1212
93 1120
97 1120
97 1148
99 1148
99 1012
94 1012
94 984
79 984
79 947
83 947
83 887
85 887
85 848
81 848
81 739
82 739
82 705
117 705
117 711
101 711
101 827
102 827
102 721
104 721
104 716
107 716
107 730
108 730
108 762
119 762
119 822
125 822
125 875
122 875
122 877
124 877
124 900
139 900
139 903
182 903
182 918
210 918
210 921
212 921
212 927
206 927
206 1246
200 1246
200 1247
192 1247
192 1240
151 1240
151 1235
111 1235
111 1230
40 1230
40 1225
7 1225
7 1236
2 1236
2 1233
1 1233
1 1249
10 1249
10 1242
13 1242
13 1234
9 1234
9 1226
15 1226
15 1231
95 1231
95 1239
53 1239
53 1250
54 1250
54 1243
100 1243
100 1241
158 1241
158 1245
187 1245
187 1248
209 1248
209 1157
207 1157
207 1097
208 1097
208 994
213 994
213 909
188 909
188 901
180 901
180 898
131 898
131 823
129 823
129 815
154 815
154 809
162 809
162 813
176 813
176 804
161 804
161 777
164 777
164 775
181 775
181 782
225 782
225 789
227 789
227 825
221 825
221 1071
223 1071
223 1072
246 1072
246 1066
252 1066
252 1083
257 1083
257 1048
266 1048
266 1047
291 1047
291 1090
283 1090
283 1129
300 1129
300 1142
341 1142
341 1131
352 1131
352 950
358 950
358 1150
359 1150
359 1194
372 1194
372 1134
368 1134
368 1022
380 1022
380 1031
379 1031
379 1041
374 1041
374 1050
388 1050
388 1125
399 1125
399 1076
395 1076
395 987
397 987
397 1028
398 1028
398 759
393 759
393 836
392 836
392 703
391 703
391 682
396 682
396 667
390 667
390 753
387 753
387 818
389 818
389 1043
381 1043
381 603
382 603
382 517
383 517
383 477
385 477
385 383
377 383
377 193
386 193
386 208
394 208
394 160
421 160
421 342
422 342
422 387
414 387
414 393
423 393
423 401
407 401
407 435
416 435
416 450
439 450
439 458
434 458
434 469
441 469
441 626
444 626
444 639
440 639
440 744
436 744
436 771
426 771
426 779
432 779
432 785
419 785
419 786
427 786
427 796
464 796
464 811
411 811
411 814
451 814
451 817
481 817
481 791
447 791
447 784
442 784
442 645
449 645
449 606
445 606
445 444
429 444
429 439
448 439
448 429
410 429
410 414
409 414
409 404
456 404
456 403
461 403
461 399
430 399
430 305
428 305
428 304
425 304
425 157
