198
120 808
120 704
145 704
145 699
116 699
116 696
178 696
178 694
115 694
115 693
169 693
169 602
172 602
172 674
177 674
177 528
174 528
174 505
152 505
152 520
149 520
149 544
146 544
146 548
167 548
167 625
168 625
168 641
165 641
165 643
150 643
150 648
163 648
163 692
113 692
113 698
96 698
96 701
80 701
80 734
78 734
78 999
88 999
88 1051
86 1051
86 1100
91 1100
91 1101
71 1101
71 1054
62 1054
62 1027
68 1027
68 977
63 977
63 974
75 974
75 1056
76 1056
76 972
70 972
70 941
69 941
69 922
72 922
72 881
66 881
66 893
64 893
64 888
58 888
58 912
56 912
56 929
57 929
57 930
65 930
65 954
59 954
59 996
60 996
60 1106
87 1106
87 1103
92 1103
92 1192
89 1192
89 1207
84 1207
84 1170
73 1170
73 1173
74 1173
74 1212
93 1212
93 1120
97 1120
97 1148
99 1148
99 1012
94 1012
94 984
79 984
79 947
83 947
83 887
85 887
85 848
81 848
81 739
82 739
82 705
117 705
117 711
101 711
101 827
102 827
102 721
104 721
104 716
107 716
107 730
108 730
108 762
119 762
119 822
125 822
125 875
122 875
122 877
124 877
124 900
139 900
139 903
182 903
182 918
210 918
210 921
212 921
212 927
206 927
206 1246
200 1246
200 1247
192 1247
192 1240
151 1240
151 1235
111 1235
111 1230
40 1230
40 1225
7 1225
7 1236
2 1236
2 1233
1 1233
1 1249
10 1249
10 1242
13 1242
13 1234
9 1234
9 1226
15 1226
15 1231
95 1231
95 1239
53 1239
53 1250
54 1250
54 1243
100 1243
100 1241
158 1241
158 1245
187 1245
187 1248
209 1248
209 1157
207 1157
207 1097
208 1097
208 994
213 994
213 909
188 909
188 901
180 901
180 898
131 898
131 823
129 823
129 815
154 815
154 809
176 809
176 808
