132
36 6
36 10
47 10
47 12
31 12
31 13
52 13
52 8
56 8
56 26
73 26
73 17
72 17
72 11
75 11
75 25
74 25
74 29
64 29
64 31
27 31
27 33
24 33
24 34
44 34
44 64
45 64
45 68
53 68
53 92
39 92
39 96
65 96
65 97
62 97
62 99
30 99
30 98
9 98
9 94
18 94
18 93
8 93
8 89
10 89
10 88
1 88
1 91
3 91
3 100
66 100
66 95
67 95
67 90
54 90
54 66
51 66
51 58
46 58
46 47
48 47
48 35
50 35
50 38
58 38
58 39
59 39
59 37
68 37
68 36
55 36
55 32
76 32
76 20
89 20
89 24
81 24
81 30
84 30
84 54
83 54
83 59
85 59
85 48
88 48
88 83
86 83
86 60
82 60
82 77
80 77
80 75
79 75
79 61
77 61
77 82
78 82
78 84
94 84
94 79
90 79
90 78
91 78
91 76
92 76
92 42
87 42
87 28
95 28
95 16
97 16
97 23
96 23
96 71
100 71
100 27
99 27
99 52
98 52
98 15
93 15
93 7
71 7
71 22
60 22
60 21
63 21
63 14
70 14
70 9
61 9
61 6
