176
92 129
92 47
18 47
18 44
1 44
1 50
38 50
38 48
87 48
87 71
91 71
91 193
76 193
76 180
71 180
71 209
100 209
100 223
58 223
58 220
51 220
51 210
50 210
50 224
49 224
49 206
22 206
22 216
12 216
12 188
15 188
15 211
19 211
19 181
11 181
11 163
10 163
10 221
37 221
37 222
40 222
40 234
346 234
346 182
345 182
345 219
343 219
343 199
342 199
342 159
372 159
372 160
363 160
363 171
373 171
373 183
350 183
350 186
374 186
374 214
357 214
357 201
348 201
348 203
356 203
356 226
366 226
366 238
382 238
382 246
383 246
383 254
395 254
395 245
396 245
396 242
394 242
394 202
393 202
393 250
391 250
391 196
378 196
378 212
376 212
376 164
407 164
407 197
404 197
404 228
400 228
400 261
362 261
362 269
420 269
420 268
371 268
371 266
432 266
432 265
419 265
419 264
416 264
416 263
380 263
380 262
434 262
434 255
427 255
427 259
415 259
415 252
421 252
421 236
431 236
431 237
447 237
447 243
466 243
466 257
473 257
473 253
474 253
474 248
470 248
470 244
467 244
467 241
484 241
484 240
488 240
488 239
487 239
487 235
413 235
413 218
410 218
410 158
316 158
316 161
338 161
338 213
334 213
334 217
336 217
336 227
284 227
284 232
156 232
156 233
60 233
60 230
41 230
41 215
46 215
46 225
120 225
120 208
99 208
99 198
118 198
118 194
236 194
236 192
109 192
109 187
105 187
105 174
106 174
106 168
95 168
95 131
141 131
141 130
122 130
122 129
