128
195 134
195 135
106 135
106 133
189 133
189 128
133 128
133 129
126 129
126 125
125 125
125 126
52 126
52 127
4 127
4 130
182 130
182 131
165 131
165 132
99 132
99 141
132 141
132 137
143 137
143 136
147 136
147 139
168 139
168 138
183 138
183 140
181 140
181 143
146 143
146 169
131 169
131 157
138 157
138 153
18 153
18 163
14 163
14 166
81 166
81 160
120 160
120 161
123 161
123 170
89 170
89 173
115 173
115 174
108 174
108 178
122 178
122 179
159 179
159 182
135 182
135 184
64 184
64 180
2 180
2 194
1 194
1 200
3 200
3 181
26 181
26 187
35 187
35 190
7 190
7 192
12 192
12 199
37 199
37 198
43 198
43 197
45 197
45 196
17 196
17 195
20 195
20 191
90 191
90 193
101 193
101 188
95 188
95 185
110 185
110 186
171 186
171 189
174 189
174 183
162 183
162 177
124 177
124 156
76 156
76 162
67 162
67 164
72 164
72 165
22 165
22 155
130 155
130 158
128 158
128 171
150 171
150 154
151 154
151 172
155 172
155 159
157 159
157 151
173 151
173 149
199 149
199 134
