186
1 43
1 225
5 225
5 243
72 243
72 242
92 242
92 349
50 349
50 336
45 336
45 342
39 342
39 454
41 454
41 456
16 456
16 458
19 458
19 462
23 462
23 466
32 466
32 465
34 465
34 490
18 490
18 494
42 494
42 499
74 499
74 492
87 492
87 484
79 484
79 488
51 488
51 426
53 426
53 421
65 421
65 420
77 420
77 428
76 428
76 437
71 437
71 442
73 442
73 438
81 438
81 411
67 411
67 406
60 406
60 397
59 397
59 417
63 417
63 418
48 418
48 445
49 445
49 493
38 493
38 491
43 491
43 364
47 364
47 353
66 353
66 360
85 360
85 365
94 365
94 361
96 361
96 497
131 497
131 496
111 496
111 450
115 450
115 376
116 376
116 448
119 448
119 446
118 446
118 249
121 249
121 286
120 286
120 330
125 330
125 356
126 356
126 329
123 329
123 234
122 234
122 158
129 158
129 141
130 141
130 134
83 134
83 132
86 132
86 78
80 78
80 51
84 51
84 25
93 25
93 23
101 23
101 29
103 29
103 31
134 31
134 21
191 21
191 19
240 19
240 17
242 17
242 18
270 18
270 14
221 14
221 13
263 13
263 12
172 12
172 15
158 15
158 20
68 20
68 30
69 30
69 37
64 37
64 87
70 87
70 137
61 137
61 102
58 102
58 142
75 142
75 138
113 138
113 229
114 229
114 303
112 303
112 357
107 357
107 422
109 422
109 495
105 495
105 436
104 436
104 429
97 429
97 315
95 315
95 240
26 240
26 216
13 216
13 211
31 211
31 210
46 210
46 208
4 208
4 200
2 200
2 60
12 60
12 44
14 44
14 43
