674
1 43
1 225
5 225
5 243
72 243
72 242
92 242
92 349
50 349
50 336
45 336
45 342
39 342
39 454
41 454
41 456
16 456
16 458
19 458
19 462
23 462
23 466
32 466
32 465
34 465
34 490
18 490
18 494
42 494
42 499
74 499
74 492
87 492
87 484
79 484
79 488
51 488
51 426
53 426
53 421
65 421
65 420
77 420
77 428
76 428
76 437
71 437
71 442
73 442
73 438
81 438
81 411
67 411
67 406
60 406
60 397
59 397
59 417
63 417
63 418
48 418
48 445
49 445
49 493
38 493
38 491
43 491
43 364
47 364
47 353
66 353
66 360
85 360
85 365
94 365
94 361
96 361
96 497
131 497
131 496
111 496
111 450
115 450
115 376
116 376
116 448
119 448
119 446
118 446
118 249
121 249
121 286
120 286
120 330
125 330
125 356
126 356
126 329
123 329
123 234
122 234
122 158
129 158
129 141
130 141
130 134
83 134
83 132
86 132
86 78
80 78
80 51
84 51
84 25
93 25
93 23
101 23
101 29
103 29
103 31
134 31
134 21
191 21
191 19
240 19
240 17
242 17
242 18
270 18
270 14
221 14
221 13
263 13
263 12
281 12
281 22
278 22
278 27
238 27
238 33
139 33
139 40
175 40
175 34
200 34
200 41
212 41
212 36
232 36
232 42
187 42
187 64
188 64
188 48
201 48
201 79
202 79
202 129
198 129
198 135
203 135
203 151
196 151
196 147
179 147
179 150
133 150
133 152
132 152
132 154
153 154
153 160
189 160
189 222
181 222
181 227
176 227
176 235
174 235
174 237
173 237
173 245
163 245
163 205
168 205
168 194
178 194
178 185
169 185
169 176
150 176
150 221
152 221
152 187
154 187
154 177
162 177
162 201
160 201
160 209
157 209
157 230
156 230
156 270
155 270
155 273
161 273
161 246
165 246
165 261
166 261
166 266
269 266
269 267
282 267
282 269
271 269
271 272
290 272
290 278
256 278
256 274
234 274
234 280
260 280
260 282
253 282
253 290
267 290
267 285
266 285
266 284
292 284
292 277
345 277
345 324
343 324
343 297
340 297
340 319
342 319
342 337
346 337
346 355
338 355
338 317
319 317
319 323
331 323
331 331
304 331
304 333
261 333
261 335
309 335
309 346
302 346
302 343
279 343
279 341
222 341
222 340
250 340
250 338
195 338
195 345
146 345
146 325
149 325
149 275
147 275
147 314
142 314
142 344
140 344
140 359
136 359
136 447
144 447
144 432
138 432
138 393
145 393
145 415
171 415
171 405
177 405
177 404
194 404
194 401
197 401
197 402
227 402
227 400
167 400
167 399
151 399
151 385
186 385
186 375
183 375
183 382
170 382
170 381
164 381
164 378
137 378
137 374
148 374
148 362
141 362
141 348
180 348
180 351
248 351
248 347
255 347
255 350
323 350
323 354
321 354
321 358
333 358
333 373
334 373
334 388
325 388
325 389
317 389
317 412
289 412
289 403
295 403
295 394
251 394
251 460
257 460
257 457
352 457
352 464
299 464
299 461
159 461
159 463
274 463
274 467
208 467
208 474
223 474
223 475
243 475
243 477
214 477
214 479
230 479
230 482
287 482
287 481
297 481
297 476
254 476
254 473
236 473
236 472
312 472
312 471
322 471
322 478
306 478
306 486
310 486
310 487
207 487
207 489
328 489
328 470
219 470
219 469
365 469
365 453
339 453
339 455
280 455
280 451
252 451
252 395
284 395
284 408
277 408
277 410
258 410
258 413
311 413
311 419
316 419
316 423
330 423
330 424
286 424
286 427
298 427
298 440
305 440
305 443
324 443
324 435
327 435
327 425
329 425
329 430
336 430
336 398
337 398
337 383
348 383
348 371
350 371
350 307
355 307
355 304
359 304
359 299
360 299
360 328
367 328
367 441
366 441
366 459
368 459
368 320
369 320
369 311
364 311
364 293
358 293
358 300
353 300
353 260
228 260
228 257
231 257
231 258
288 258
288 256
326 256
326 259
347 259
347 253
268 253
268 251
320 251
320 250
262 250
262 255
229 255
229 248
216 248
216 262
246 262
246 264
341 264
341 268
294 268
294 265
182 265
182 263
185 263
185 224
193 224
193 199
192 199
192 170
190 170
190 161
199 161
199 166
210 166
210 167
215 167
215 146
218 146
218 140
220 140
220 139
225 139
225 109
217 109
217 107
211 107
211 113
206 113
206 145
209 145
209 165
204 165
204 62
205 62
205 53
213 53
213 49
224 49
224 61
226 61
226 46
233 46
233 38
239 38
239 32
285 32
285 45
283 45
283 68
247 68
247 72
265 72
265 77
357 77
357 84
332 84
332 83
276 83
276 90
264 90
264 82
307 82
307 81
237 81
237 88
235 88
235 94
244 94
244 98
249 98
249 118
351 118
351 117
370 117
370 116
318 116
318 112
293 112
293 111
300 111
300 100
301 100
301 97
275 97
275 99
273 99
273 106
272 106
272 110
259 110
259 93
313 93
313 95
356 95
356 92
303 92
303 91
335 91
335 89
384 89
384 80
424 80
424 105
409 105
409 103
406 103
406 101
390 101
390 124
387 124
387 159
403 159
403 149
412 149
412 162
382 162
382 232
381 232
381 241
383 241
383 296
430 296
430 295
438 295
438 294
395 294
395 287
432 287
432 283
422 283
422 281
386 281
386 202
385 202
385 164
417 164
417 148
394 148
394 153
389 153
389 156
388 156
388 131
392 131
392 119
452 119
452 115
401 115
401 108
431 108
431 104
429 104
429 86
455 86
455 75
434 75
434 74
291 74
291 11
172 11
172 15
158 15
158 20
68 20
68 30
69 30
69 37
64 37
64 87
70 87
70 137
61 137
61 102
58 102
58 142
75 142
75 138
113 138
113 229
114 229
114 303
112 303
112 357
107 357
107 422
109 422
109 495
105 495
105 436
104 436
104 429
97 429
97 315
95 315
95 240
26 240
26 216
13 216
13 211
31 211
31 210
46 210
46 208
4 208
4 200
2 200
2 60
12 60
12 44
14 44
14 43
