294
62 48
62 54
58 54
58 115
57 115
57 80
51 80
51 32
38 32
38 28
34 28
34 27
6 27
6 25
1 25
1 29
29 29
29 33
49 33
49 86
46 86
46 122
48 122
48 121
106 121
106 123
53 123
53 129
64 129
64 124
128 124
128 128
144 128
144 125
131 125
131 116
130 116
130 102
140 102
140 103
155 103
155 105
169 105
169 107
167 107
167 114
166 114
166 118
172 118
172 101
162 101
162 95
91 95
91 96
90 96
90 94
124 94
124 88
115 88
115 79
120 79
120 74
101 74
101 78
89 78
89 85
86 85
86 98
111 98
111 97
118 97
118 120
102 120
102 112
110 112
110 108
93 108
93 119
63 119
63 106
83 106
83 82
82 82
82 90
65 90
65 60
73 60
73 64
104 64
104 65
148 65
148 67
230 67
230 62
142 62
142 63
119 63
119 61
87 61
87 59
61 59
61 57
81 57
81 50
88 50
88 56
153 56
153 58
236 58
236 66
243 66
243 68
199 68
199 70
222 70
222 71
216 71
216 72
176 72
176 110
178 110
178 100
188 100
188 104
195 104
195 92
214 92
214 113
202 113
202 117
186 117
186 126
185 126
185 133
187 133
187 130
192 130
192 140
194 140
194 127
212 127
212 141
158 141
158 142
213 142
213 139
218 139
218 138
217 138
217 109
224 109
224 93
227 93
227 89
235 89
235 132
233 132
233 134
240 134
240 136
228 136
228 144
168 144
168 143
126 143
126 146
71 146
71 151
54 151
54 150
15 150
15 183
16 183
16 194
17 194
17 209
27 209
27 210
12 210
12 225
9 225
9 211
5 211
5 196
4 196
4 186
10 186
10 155
8 155
8 172
7 172
7 180
2 180
2 216
3 216
3 228
11 228
11 234
26 234
26 235
45 235
45 240
32 240
32 241
95 241
95 239
141 239
141 238
147 238
147 243
165 243
165 246
173 246
173 250
231 250
231 249
189 249
189 248
249 248
249 244
223 244
223 245
210 245
210 247
174 247
174 242
156 242
156 230
112 230
112 237
100 237
100 227
97 227
97 229
78 229
78 233
79 233
79 236
69 236
69 232
36 232
36 224
94 224
94 223
40 223
40 222
14 222
14 219
33 219
33 214
44 214
44 212
28 212
28 204
18 204
18 170
19 170
19 154
72 154
72 153
75 153
75 148
139 148
139 145
229 145
229 137
247 137
247 135
246 135
246 131
242 131
242 111
239 111
239 87
184 87
184 91
183 91
183 99
181 99
181 77
220 77
220 76
219 76
219 75
237 75
237 69
244 69
244 55
152 55
152 53
175 53
175 52
113 52
113 48
