98
58 59
58 115
57 115
57 80
51 80
51 32
38 32
38 28
34 28
34 27
6 27
6 25
1 25
1 29
29 29
29 33
49 33
49 86
46 86
46 122
48 122
48 121
106 121
106 123
53 123
53 129
64 129
64 124
128 124
128 128
144 128
144 125
131 125
131 116
130 116
130 102
140 102
140 103
155 103
155 105
169 105
169 107
167 107
167 114
166 114
166 118
172 118
172 101
162 101
162 95
91 95
91 96
90 96
90 94
124 94
124 88
115 88
115 79
120 79
120 74
101 74
101 78
89 78
89 85
86 85
86 98
111 98
111 97
118 97
118 120
102 120
102 112
110 112
110 108
93 108
93 119
63 119
63 106
83 106
83 82
82 82
82 90
65 90
65 60
73 60
73 64
104 64
104 65
148 65
148 67
230 67
230 62
142 62
142 63
119 63
119 61
87 61
87 59
