236
29 13
29 9
22 9
22 4
1 4
1 6
5 6
5 11
3 11
3 27
2 27
2 69
4 69
4 80
10 80
10 85
12 85
12 59
13 59
13 78
14 78
14 58
11 58
11 64
9 64
9 77
8 77
8 67
7 67
7 63
6 63
6 8
17 8
17 44
16 44
16 91
15 91
15 95
20 95
20 66
21 66
21 65
23 65
23 62
24 62
24 50
71 50
71 52
75 52
75 51
86 51
86 57
96 57
96 70
67 70
67 71
60 71
60 73
81 73
81 110
77 110
77 106
78 106
78 81
72 81
72 82
59 82
59 98
51 98
51 94
56 94
56 83
54 83
54 74
49 74
49 76
38 76
38 79
36 79
36 105
47 105
47 118
46 118
46 121
42 121
42 120
39 120
39 128
40 128
40 130
35 130
35 129
33 129
33 150
53 150
53 149
34 149
34 139
37 139
37 148
44 148
44 145
41 145
41 142
43 142
43 134
48 134
48 147
65 147
65 146
68 146
68 144
109 144
109 141
122 141
122 140
150 140
150 136
130 136
130 132
125 132
125 138
119 138
119 133
79 133
79 137
99 137
99 143
66 143
66 135
50 135
50 122
55 122
55 131
70 131
70 127
58 127
58 116
57 116
57 99
63 99
63 115
64 115
64 112
69 112
69 100
73 100
73 113
74 113
74 126
82 126
82 124
76 124
76 111
80 111
80 119
88 119
88 103
92 103
92 102
87 102
87 88
103 88
103 97
100 97
100 104
98 104
98 125
147 125
147 117
126 117
126 123
104 123
104 109
108 109
108 89
107 89
107 84
105 84
105 86
102 86
102 75
89 75
89 72
97 72
97 55
121 55
121 60
123 60
123 48
91 48
91 47
138 47
138 54
136 54
136 53
129 53
129 87
128 87
128 107
127 107
127 108
132 108
132 114
139 114
139 101
144 101
144 96
131 96
131 93
137 93
137 92
133 92
133 56
141 56
141 90
148 90
148 68
143 68
143 61
146 61
146 45
120 45
120 46
61 46
61 43
112 43
112 42
45 42
45 49
19 49
19 25
18 25
18 10
27 10
27 13
