116
29 10
29 9
22 9
22 4
1 4
1 6
5 6
5 11
3 11
3 27
2 27
2 69
4 69
4 80
10 80
10 85
12 85
12 59
13 59
13 78
14 78
14 58
11 58
11 64
9 64
9 77
8 77
8 67
7 67
7 63
6 63
6 8
17 8
17 44
16 44
16 91
15 91
15 95
20 95
20 66
21 66
21 65
23 65
23 62
24 62
24 50
71 50
71 52
75 52
75 51
86 51
86 57
96 57
96 70
67 70
67 71
60 71
60 73
81 73
81 110
77 110
77 106
78 106
78 98
51 98
51 94
56 94
56 83
54 83
54 74
49 74
49 76
38 76
38 79
36 79
36 105
47 105
47 118
46 118
46 121
42 121
42 120
39 120
39 122
58 122
58 116
57 116
57 99
63 99
63 115
64 115
64 112
69 112
69 100
73 100
73 111
88 111
88 103
92 103
92 102
87 102
87 88
107 88
107 86
102 86
102 75
89 75
89 72
97 72
97 55
123 55
123 49
19 49
19 25
18 25
18 10
