Removal 0: 
Solution 0: 
1 25
10 4
14 6
15 24
16 8
21 5
24 15
7 10

Solution 1: 
1 25
10 4
14 6
15 24
16 8
21 5
22 17
7 10

Solution 2: 
1 25
10 4
14 6
15 24
18 19
21 5
22 17
7 10

Solution 3: 
1 25
10 4
14 6
15 24
18 19
21 5
24 15
7 10

Solution 4: 
1 25
10 4
13 16
15 24
18 19
21 5
24 15
7 10

Solution 5: 
1 25
10 4
14 14
15 24
18 19
21 5
24 15
7 10

Solution 6: 
1 25
10 4
13 2
15 24
18 19
21 5
24 15
7 10

Solution 7: 
1 25
10 4
13 2
15 24
16 8
21 5
24 15
7 10

Solution 8: 
1 25
10 4
14 14
15 24
16 8
21 5
24 15
7 10

Solution 9: 
1 25
10 4
13 16
15 24
16 8
21 5
24 15
7 10

Solution 10: 
1 25
10 4
13 16
15 24
16 8
21 5
22 17
7 10

Solution 11: 
1 25
10 4
13 16
15 24
18 19
21 5
22 17
7 10

Solution 12: 
1 25
10 4
14 14
15 24
18 19
21 5
22 17
7 10

Solution 13: 
1 25
10 4
13 2
15 24
18 19
21 5
22 17
7 10

Solution 14: 
1 25
10 4
13 2
15 24
16 8
21 5
22 17
7 10

Solution 15: 
1 25
10 4
14 14
15 24
16 8
21 5
22 17
7 10

Solution 16: 
1 25
10 4
14 14
15 24
16 8
21 5
22 17
8 12

Solution 17: 
1 25
10 4
14 14
15 24
16 8
21 5
24 15
8 12

Solution 18: 
1 25
10 4
14 14
15 24
18 19
21 5
24 15
8 12

Solution 19: 
1 25
10 4
14 14
15 24
18 19
21 5
22 17
8 12

Solution 20: 
1 25
10 4
12 22
14 14
18 19
21 5
22 17
8 12

Solution 21: 
1 25
10 4
12 22
14 14
18 19
21 5
24 15
8 12

Solution 22: 
1 25
10 4
12 22
14 14
16 8
21 5
24 15
8 12

Solution 23: 
1 25
10 4
12 22
14 14
16 8
21 5
22 17
8 12

Solution 24: 
1 25
10 4
12 22
14 14
16 8
21 5
22 17
7 10

Solution 25: 
1 25
10 4
12 22
14 14
16 8
21 5
24 15
7 10

Solution 26: 
1 25
10 4
12 22
14 14
18 19
21 5
24 15
7 10

Solution 27: 
1 25
10 4
12 22
14 14
18 19
21 5
22 17
7 10

Solution 28: 
1 25
10 4
12 22
13 16
18 19
21 5
22 17
7 10

Solution 29: 
1 25
10 4
12 22
13 16
18 19
21 5
24 15
7 10

Solution 30: 
1 25
10 4
13 16
18 19
21 5
24 15
5 22
7 10

Solution 31: 
1 25
10 4
13 16
18 19
21 5
24 15
6 24
7 10

Solution 32: 
1 25
10 4
13 16
18 19
21 5
24 15
5 23
7 10

Solution 33: 
1 25
10 4
13 16
18 19
21 5
22 17
5 23
7 10

Solution 34: 
1 25
10 4
13 16
18 19
21 5
22 17
5 22
7 10

Solution 35: 
1 25
10 4
13 16
18 19
21 5
22 17
6 24
7 10

Solution 36: 
1 25
10 4
13 16
16 8
21 5
22 17
6 24
7 10

Solution 37: 
1 25
10 4
13 16
16 8
21 5
22 17
5 22
7 10

Solution 38: 
1 25
10 4
12 22
13 16
16 8
21 5
22 17
7 10

Solution 39: 
1 25
10 4
13 16
16 8
21 5
22 17
5 23
7 10

Solution 40: 
1 25
10 4
13 16
16 8
21 5
24 15
5 23
7 10

Solution 41: 
1 25
10 4
13 16
16 8
21 5
24 15
5 22
7 10

Solution 42: 
1 25
10 4
13 16
16 8
21 5
24 15
6 24
7 10

Solution 43: 
1 25
10 4
12 22
13 16
16 8
21 5
24 15
7 10

Solution 44: 
1 25
10 4
12 22
13 16
16 8
21 5
24 15
8 12

Solution 45: 
1 25
10 4
13 16
16 8
21 5
24 15
5 22
8 12

Solution 46: 
1 25
10 4
13 16
15 24
16 8
21 5
24 15
8 12

Solution 47: 
1 25
10 4
13 16
16 8
21 5
24 15
5 23
8 12

Solution 48: 
1 25
10 4
13 16
16 8
21 5
22 17
5 23
8 12

Solution 49: 
1 25
10 4
12 22
13 16
16 8
21 5
22 17
8 12

Solution 50: 
1 25
10 4
13 16
16 8
21 5
22 17
6 24
8 12

Solution 51: 
1 25
10 4
13 16
16 8
21 5
22 17
5 22
8 12

Solution 52: 
1 25
10 4
13 16
15 24
16 8
21 5
22 17
8 12

Solution 53: 
1 25
10 4
13 16
16 8
21 5
24 15
6 24
8 12

Solution 54: 
1 25
10 4
13 16
18 19
21 5
24 15
6 24
8 12

Solution 55: 
1 25
10 4
13 16
18 19
21 5
22 17
6 24
8 12

Solution 56: 
1 25
10 4
12 22
13 16
18 19
21 5
22 17
8 12

Solution 57: 
1 25
10 4
13 16
18 19
21 5
22 17
5 22
8 12

Solution 58: 
1 25
10 4
13 16
15 24
18 19
21 5
22 17
8 12

Solution 59: 
1 25
10 4
13 16
18 19
21 5
22 17
5 23
8 12

Solution 60: 
1 25
10 4
13 16
18 19
21 5
24 15
5 23
8 12

Solution 61: 
1 25
10 4
13 16
18 19
21 5
24 15
5 22
8 12

Solution 62: 
1 25
10 4
12 22
13 16
18 19
21 5
24 15
8 12

Solution 63: 
1 25
10 4
13 16
15 24
18 19
21 5
24 15
8 12

Solution 64: 
1 25
10 4
13 2
15 24
18 19
21 5
24 15
8 12

Solution 65: 
1 25
10 4
14 6
15 24
18 19
21 5
24 15
8 12

Solution 66: 
1 25
10 4
14 6
15 24
16 8
21 5
24 15
8 12

Solution 67: 
1 25
10 4
13 2
15 24
16 8
21 5
24 15
8 12

Solution 68: 
1 25
10 4
13 2
15 24
16 8
21 5
22 17
8 12

Solution 69: 
1 25
10 4
14 6
15 24
16 8
21 5
22 17
8 12

Solution 70: 
1 25
10 4
14 6
15 24
18 19
21 5
22 17
8 12

Solution 71: 
1 25
10 4
13 2
15 24
18 19
21 5
22 17
8 12

Number of solutions found: 72

Changes at vertices: 
New Vertex: 8 12
7 12 -> 7 13
----------------------------------
Removal 1: 
Solution 0: 
1 25
10 12
10 4
13 16
16 8
21 5
22 17
5 22

Solution 1: 
1 25
1 3
10 12
13 16
16 8
21 5
22 17
5 22

Solution 2: 
1 25
1 3
10 12
13 16
18 19
21 5
22 17
5 22

Solution 3: 
1 25
10 12
10 4
13 16
18 19
21 5
22 17
5 22

Solution 4: 
1 25
10 12
10 4
13 16
18 19
21 5
24 15
5 22

Solution 5: 
1 25
1 3
10 12
13 16
18 19
21 5
24 15
5 22

Solution 6: 
1 25
1 3
10 12
13 16
16 8
21 5
24 15
5 22

Solution 7: 
1 25
10 12
10 4
13 16
16 8
21 5
24 15
5 22

Solution 8: 
1 25
10 4
13 16
16 8
21 5
24 15
5 22
7 10

Solution 9: 
1 25
10 4
13 16
16 8
21 5
24 15
5 22
7 12

Solution 10: 
1 25
10 4
13 16
16 8
21 5
24 15
5 22
9 10

Solution 11: 
1 25
10 4
13 16
16 8
21 5
22 17
5 22
9 10

Solution 12: 
1 25
10 4
13 16
16 8
21 5
22 17
5 22
7 10

Solution 13: 
1 25
10 4
13 16
16 8
21 5
22 17
5 22
7 12

Solution 14: 
1 25
1 3
13 16
16 8
21 5
22 17
5 22
9 10

Solution 15: 
1 25
1 3
13 16
16 8
21 5
24 15
5 22
9 10

Solution 16: 
1 25
1 3
12 22
13 16
16 8
21 5
24 15
9 10

Solution 17: 
1 25
1 3
13 16
15 24
16 8
21 5
24 15
9 10

Solution 18: 
1 25
1 3
13 16
15 24
16 8
21 5
22 17
9 10

Solution 19: 
1 25
1 3
12 22
13 16
16 8
21 5
22 17
9 10

Solution 20: 
1 25
1 3
13 16
16 8
21 5
22 17
6 24
9 10

Solution 21: 
1 25
1 3
13 16
16 8
21 5
22 17
5 23
9 10

Solution 22: 
1 25
1 3
13 16
16 8
21 5
24 15
5 23
9 10

Solution 23: 
1 25
1 3
13 16
16 8
21 5
24 15
6 24
9 10

Solution 24: 
1 3
13 16
16 8
21 5
24 15
3 21
6 24
9 10

Solution 25: 
1 3
13 16
16 8
21 5
22 17
3 21
6 24
9 10

Solution 26: 
1 3
13 16
16 8
21 5
22 17
3 21
5 23
9 10

Solution 27: 
1 3
13 16
16 8
21 5
24 15
3 21
5 23
9 10

Solution 28: 
1 25
10 4
13 16
16 8
21 5
24 15
5 23
9 10

Solution 29: 
1 25
10 4
12 22
13 16
16 8
21 5
24 15
9 10

Solution 30: 
1 25
10 4
13 16
15 24
16 8
21 5
24 15
9 10

Solution 31: 
1 25
10 4
13 16
15 24
16 8
21 5
22 17
9 10

Solution 32: 
1 25
10 4
12 22
13 16
16 8
21 5
22 17
9 10

Solution 33: 
1 25
10 4
13 16
16 8
21 5
22 17
6 24
9 10

Solution 34: 
1 25
10 4
13 16
16 8
21 5
22 17
5 23
9 10

Solution 35: 
1 25
10 4
13 16
16 8
21 5
24 15
6 24
9 10

Solution 36: 
1 25
10 4
12 22
14 14
16 8
21 5
24 15
9 10

Solution 37: 
1 25
10 4
12 22
14 14
16 8
21 5
22 17
9 10

Solution 38: 
1 25
10 4
14 14
15 24
16 8
21 5
22 17
9 10

Solution 39: 
1 25
10 4
14 14
15 24
16 8
21 5
24 15
9 10

Solution 40: 
1 25
10 4
13 2
15 24
16 8
21 5
24 15
9 10

Solution 41: 
1 25
10 4
14 6
15 24
16 8
21 5
24 15
9 10

Solution 42: 
1 25
10 4
14 6
15 24
16 8
21 5
22 17
9 10

Solution 43: 
1 25
10 4
13 2
15 24
16 8
21 5
22 17
9 10

Solution 44: 
1 25
1 3
13 2
15 24
16 8
21 5
22 17
9 10

Solution 45: 
1 25
1 3
14 14
15 24
16 8
21 5
22 17
9 10

Solution 46: 
1 25
1 3
14 6
15 24
16 8
21 5
22 17
9 10

Solution 47: 
1 25
1 3
14 6
15 24
16 8
21 5
24 15
9 10

Solution 48: 
1 25
1 3
13 2
15 24
16 8
21 5
24 15
9 10

Solution 49: 
1 25
1 3
14 14
15 24
16 8
21 5
24 15
9 10

Solution 50: 
1 25
1 3
12 22
14 14
16 8
21 5
24 15
9 10

Solution 51: 
1 25
1 3
12 22
14 14
16 8
21 5
22 17
9 10

Solution 52: 
1 25
1 3
12 22
14 14
18 19
21 5
22 17
9 10

Solution 53: 
1 25
1 3
12 22
14 14
18 19
21 5
24 15
9 10

Solution 54: 
1 25
1 3
12 22
13 16
18 19
21 5
24 15
9 10

Solution 55: 
1 25
1 3
12 22
13 16
18 19
21 5
22 17
9 10

Solution 56: 
1 25
1 3
13 16
18 19
21 5
22 17
5 22
9 10

Solution 57: 
1 25
1 3
13 16
18 19
21 5
22 17
5 23
9 10

Solution 58: 
1 25
1 3
13 16
18 19
21 5
22 17
6 24
9 10

Solution 59: 
1 25
1 3
13 16
15 24
18 19
21 5
22 17
9 10

Solution 60: 
1 25
1 3
13 16
15 24
18 19
21 5
24 15
9 10

Solution 61: 
1 25
1 3
13 16
18 19
21 5
24 15
5 22
9 10

Solution 62: 
1 25
1 3
13 16
18 19
21 5
24 15
5 23
9 10

Solution 63: 
1 25
1 3
13 16
18 19
21 5
24 15
6 24
9 10

Solution 64: 
1 25
1 3
13 2
15 24
18 19
21 5
24 15
9 10

Solution 65: 
1 25
1 3
13 2
15 24
18 19
21 5
22 17
9 10

Solution 66: 
1 25
1 3
14 6
15 24
18 19
21 5
22 17
9 10

Solution 67: 
1 25
1 3
14 14
15 24
18 19
21 5
22 17
9 10

Solution 68: 
1 25
1 3
14 14
15 24
18 19
21 5
24 15
9 10

Solution 69: 
1 25
1 3
14 6
15 24
18 19
21 5
24 15
9 10

Solution 70: 
1 25
10 4
14 6
15 24
18 19
21 5
24 15
9 10

Solution 71: 
1 25
10 4
14 6
15 24
18 19
21 5
22 17
9 10

Solution 72: 
1 25
10 4
13 16
15 24
18 19
21 5
22 17
9 10

Solution 73: 
1 25
10 4
13 2
15 24
18 19
21 5
22 17
9 10

Solution 74: 
1 25
10 4
14 14
15 24
18 19
21 5
22 17
9 10

Solution 75: 
1 25
10 4
14 14
15 24
18 19
21 5
24 15
9 10

Solution 76: 
1 25
10 4
13 16
15 24
18 19
21 5
24 15
9 10

Solution 77: 
1 25
10 4
13 2
15 24
18 19
21 5
24 15
9 10

Solution 78: 
1 25
10 12
10 4
13 2
15 24
18 19
21 5
24 15

Solution 79: 
1 25
10 4
13 2
15 24
18 19
21 5
24 15
7 12

Solution 80: 
1 25
10 4
13 2
15 24
18 19
21 5
24 15
7 10

Solution 81: 
1 25
10 4
13 2
15 24
18 19
21 5
22 17
7 10

Solution 82: 
1 25
10 4
13 2
15 24
18 19
21 5
22 17
7 12

Solution 83: 
1 25
10 12
10 4
13 2
15 24
18 19
21 5
22 17

Solution 84: 
1 25
10 12
10 4
13 16
15 24
18 19
21 5
22 17

Solution 85: 
1 25
10 12
10 4
14 6
15 24
18 19
21 5
22 17

Solution 86: 
1 25
10 12
10 4
14 14
15 24
18 19
21 5
22 17

Solution 87: 
1 25
10 12
10 4
14 14
15 24
18 19
21 5
24 15

Solution 88: 
1 25
10 12
10 4
14 6
15 24
18 19
21 5
24 15

Solution 89: 
1 25
10 12
10 4
13 16
15 24
18 19
21 5
24 15

Solution 90: 
1 25
10 4
13 16
15 24
18 19
21 5
24 15
7 12

Solution 91: 
1 25
10 4
13 16
15 24
18 19
21 5
24 15
7 10

Solution 92: 
1 25
10 4
14 6
15 24
18 19
21 5
24 15
7 10

Solution 93: 
1 25
10 4
14 6
15 24
18 19
21 5
24 15
7 12

Solution 94: 
1 25
10 4
14 14
15 24
18 19
21 5
24 15
7 12

Solution 95: 
1 25
10 4
14 14
15 24
18 19
21 5
24 15
7 10

Solution 96: 
1 25
10 4
14 14
15 24
18 19
21 5
22 17
7 10

Solution 97: 
1 25
10 4
14 14
15 24
18 19
21 5
22 17
7 12

Solution 98: 
1 25
10 4
14 6
15 24
18 19
21 5
22 17
7 12

Solution 99: 
1 25
10 4
13 16
15 24
18 19
21 5
22 17
7 12

Solution 100: 
1 25
10 4
13 16
15 24
18 19
21 5
22 17
7 10

Solution 101: 
1 25
10 4
14 6
15 24
18 19
21 5
22 17
7 10

Solution 102: 
1 25
10 4
12 22
14 14
18 19
21 5
22 17
7 10

Solution 103: 
1 25
10 4
12 22
14 14
16 8
21 5
22 17
7 10

Solution 104: 
1 25
10 12
10 4
12 22
14 14
16 8
21 5
22 17

Solution 105: 
1 25
10 4
12 22
14 14
16 8
21 5
22 17
7 12

Solution 106: 
1 25
10 4
12 22
14 14
18 19
21 5
22 17
7 12

Solution 107: 
1 25
10 12
10 4
12 22
14 14
18 19
21 5
22 17

Solution 108: 
1 25
10 4
12 22
14 14
18 19
21 5
22 17
9 10

Solution 109: 
1 25
1 3
10 12
12 22
14 14
18 19
21 5
22 17

Solution 110: 
1 25
1 3
10 12
12 22
14 14
16 8
21 5
22 17

Solution 111: 
1 25
1 3
10 12
12 22
14 14
16 8
21 5
24 15

Solution 112: 
1 25
10 12
10 4
12 22
14 14
16 8
21 5
24 15

Solution 113: 
1 25
10 12
10 4
12 22
14 14
18 19
21 5
24 15

Solution 114: 
1 25
1 3
10 12
12 22
14 14
18 19
21 5
24 15

Solution 115: 
1 25
10 4
12 22
14 14
18 19
21 5
24 15
7 12

Solution 116: 
1 25
10 4
12 22
14 14
18 19
21 5
24 15
7 10

Solution 117: 
1 25
10 4
12 22
14 14
16 8
21 5
24 15
7 10

Solution 118: 
1 25
10 4
12 22
14 14
16 8
21 5
24 15
7 12

Solution 119: 
1 25
10 4
12 22
14 14
18 19
21 5
24 15
9 10

Solution 120: 
1 25
10 4
12 22
13 16
18 19
21 5
24 15
9 10

Solution 121: 
1 25
10 4
12 22
13 16
18 19
21 5
22 17
9 10

Solution 122: 
1 25
10 4
12 22
13 16
18 19
21 5
22 17
7 12

Solution 123: 
1 25
10 4
12 22
13 16
18 19
21 5
22 17
7 10

Solution 124: 
1 25
10 12
10 4
12 22
13 16
18 19
21 5
22 17

Solution 125: 
1 25
10 12
10 4
12 22
13 16
18 19
21 5
24 15

Solution 126: 
1 25
10 4
12 22
13 16
18 19
21 5
24 15
7 12

Solution 127: 
1 25
10 4
12 22
13 16
18 19
21 5
24 15
7 10

Solution 128: 
1 25
10 4
12 22
13 16
16 8
21 5
24 15
7 10

Solution 129: 
1 25
10 4
12 22
13 16
16 8
21 5
22 17
7 10

Solution 130: 
1 25
10 4
12 22
13 16
16 8
21 5
22 17
7 12

Solution 131: 
1 25
10 12
10 4
12 22
13 16
16 8
21 5
22 17

Solution 132: 
1 25
10 12
10 4
12 22
13 16
16 8
21 5
24 15

Solution 133: 
1 25
10 4
12 22
13 16
16 8
21 5
24 15
7 12

Solution 134: 
1 25
10 4
13 16
15 24
16 8
21 5
24 15
7 12

Solution 135: 
1 25
10 4
13 16
15 24
16 8
21 5
24 15
7 10

Solution 136: 
1 25
10 4
13 16
15 24
16 8
21 5
22 17
7 10

Solution 137: 
1 25
10 4
13 16
16 8
21 5
22 17
5 23
7 10

Solution 138: 
1 25
10 4
13 16
16 8
21 5
22 17
6 24
7 10

Solution 139: 
1 25
10 4
13 16
16 8
21 5
24 15
6 24
7 10

Solution 140: 
1 25
10 4
13 16
16 8
21 5
24 15
5 23
7 10

Solution 141: 
1 25
10 4
13 16
16 8
21 5
24 15
5 23
7 12

Solution 142: 
1 25
10 12
10 4
13 16
16 8
21 5
24 15
5 23

Solution 143: 
1 25
10 12
10 4
13 16
15 24
16 8
21 5
24 15

Solution 144: 
1 25
10 12
10 4
13 16
16 8
21 5
24 15
6 24

Solution 145: 
1 25
10 4
13 16
16 8
21 5
24 15
6 24
7 12

Solution 146: 
1 25
10 4
13 16
16 8
21 5
22 17
6 24
7 12

Solution 147: 
1 25
10 4
13 16
16 8
21 5
22 17
5 23
7 12

Solution 148: 
1 25
10 4
13 16
15 24
16 8
21 5
22 17
7 12

Solution 149: 
1 25
10 12
10 4
13 16
15 24
16 8
21 5
22 17

Solution 150: 
1 25
10 12
10 4
13 16
16 8
21 5
22 17
6 24

Solution 151: 
1 25
10 12
10 4
13 16
16 8
21 5
22 17
5 23

Solution 152: 
1 25
10 12
10 4
13 16
18 19
21 5
22 17
5 23

Solution 153: 
1 25
10 4
13 16
18 19
21 5
22 17
5 23
9 10

Solution 154: 
1 25
10 4
13 16
18 19
21 5
22 17
5 23
7 10

Solution 155: 
1 25
10 4
13 16
18 19
21 5
22 17
5 23
7 12

Solution 156: 
1 25
10 4
13 16
18 19
21 5
22 17
5 22
7 12

Solution 157: 
1 25
10 4
13 16
18 19
21 5
22 17
6 24
7 12

Solution 158: 
1 25
10 12
10 4
13 16
18 19
21 5
22 17
6 24

Solution 159: 
1 25
10 4
13 16
18 19
21 5
22 17
6 24
7 10

Solution 160: 
1 25
10 4
13 16
18 19
21 5
22 17
5 22
7 10

Solution 161: 
1 25
10 4
13 16
18 19
21 5
22 17
5 22
9 10

Solution 162: 
1 25
10 4
13 16
18 19
21 5
22 17
6 24
9 10

Solution 163: 
1 25
10 4
13 16
18 19
21 5
24 15
6 24
9 10

Solution 164: 
1 25
10 12
10 4
13 16
18 19
21 5
24 15
6 24

Solution 165: 
1 25
10 4
13 16
18 19
21 5
24 15
6 24
7 10

Solution 166: 
1 25
10 4
13 16
18 19
21 5
24 15
6 24
7 12

Solution 167: 
1 25
10 4
13 16
18 19
21 5
24 15
5 23
7 12

Solution 168: 
1 25
10 4
13 16
18 19
21 5
24 15
5 22
7 12

Solution 169: 
1 25
10 4
13 16
18 19
21 5
24 15
5 22
7 10

Solution 170: 
1 25
10 4
13 16
18 19
21 5
24 15
5 22
9 10

Solution 171: 
1 25
10 4
13 16
18 19
21 5
24 15
5 23
9 10

Solution 172: 
1 25
10 12
10 4
13 16
18 19
21 5
24 15
5 23

Solution 173: 
1 25
10 4
13 16
18 19
21 5
24 15
5 23
7 10

Solution 174: 
1 25
1 3
10 12
13 16
18 19
21 5
24 15
5 23

Solution 175: 
1 25
1 3
10 12
13 16
15 24
18 19
21 5
24 15

Solution 176: 
1 25
1 3
10 12
12 22
13 16
18 19
21 5
24 15

Solution 177: 
1 25
1 3
10 12
13 16
18 19
21 5
24 15
6 24

Solution 178: 
1 25
1 3
10 12
13 16
18 19
21 5
22 17
6 24

Solution 179: 
1 25
1 3
10 12
13 16
15 24
18 19
21 5
22 17

Solution 180: 
1 25
1 3
10 12
12 22
13 16
18 19
21 5
22 17

Solution 181: 
1 25
1 3
10 12
13 16
18 19
21 5
22 17
5 23

Solution 182: 
1 25
1 3
10 12
13 16
16 8
21 5
22 17
5 23

Solution 183: 
1 25
1 3
10 12
13 16
16 8
21 5
24 15
5 23

Solution 184: 
1 25
1 3
10 12
13 16
16 8
21 5
24 15
6 24

Solution 185: 
1 25
1 3
10 12
13 16
15 24
16 8
21 5
24 15

Solution 186: 
1 25
1 3
10 12
12 22
13 16
16 8
21 5
24 15

Solution 187: 
1 25
1 3
10 12
12 22
13 16
16 8
21 5
22 17

Solution 188: 
1 25
1 3
10 12
13 16
15 24
16 8
21 5
22 17

Solution 189: 
1 25
1 3
10 12
13 16
16 8
21 5
22 17
6 24

Solution 190: 
1 25
1 3
10 12
13 2
15 24
16 8
21 5
22 17

Solution 191: 
1 25
1 3
10 12
13 2
15 24
16 8
21 5
24 15

Solution 192: 
1 25
1 3
10 12
14 6
15 24
16 8
21 5
24 15

Solution 193: 
1 25
1 3
10 12
14 14
15 24
16 8
21 5
24 15

Solution 194: 
1 25
1 3
10 12
14 14
15 24
16 8
21 5
22 17

Solution 195: 
1 25
1 3
10 12
14 6
15 24
16 8
21 5
22 17

Solution 196: 
1 25
10 12
10 4
14 6
15 24
16 8
21 5
22 17

Solution 197: 
1 25
10 12
10 4
14 6
15 24
16 8
21 5
24 15

Solution 198: 
1 25
10 12
10 4
13 2
15 24
16 8
21 5
24 15

Solution 199: 
1 25
10 12
10 4
14 14
15 24
16 8
21 5
24 15

Solution 200: 
1 25
10 12
10 4
14 14
15 24
16 8
21 5
22 17

Solution 201: 
1 25
10 12
10 4
13 2
15 24
16 8
21 5
22 17

Solution 202: 
1 25
1 3
10 12
13 2
15 24
18 19
21 5
22 17

Solution 203: 
1 25
1 3
10 12
13 2
15 24
18 19
21 5
24 15

Solution 204: 
1 25
1 3
10 12
14 14
15 24
18 19
21 5
24 15

Solution 205: 
1 25
1 3
10 12
14 6
15 24
18 19
21 5
24 15

Solution 206: 
1 25
1 3
10 12
14 6
15 24
18 19
21 5
22 17

Solution 207: 
1 25
1 3
10 12
14 14
15 24
18 19
21 5
22 17

Solution 208: 
1 25
10 4
14 14
15 24
16 8
21 5
22 17
7 10

Solution 209: 
1 25
10 4
14 6
15 24
16 8
21 5
22 17
7 10

Solution 210: 
1 25
10 4
13 2
15 24
16 8
21 5
22 17
7 10

Solution 211: 
1 25
10 4
13 2
15 24
16 8
21 5
24 15
7 10

Solution 212: 
1 25
10 4
14 14
15 24
16 8
21 5
24 15
7 10

Solution 213: 
1 25
10 4
14 6
15 24
16 8
21 5
24 15
7 10

Solution 214: 
1 25
10 4
14 6
15 24
16 8
21 5
24 15
7 12

Solution 215: 
1 25
10 4
14 6
15 24
16 8
21 5
22 17
7 12

Solution 216: 
1 25
10 4
13 2
15 24
16 8
21 5
22 17
7 12

Solution 217: 
1 25
10 4
13 2
15 24
16 8
21 5
24 15
7 12

Solution 218: 
1 25
10 4
14 14
15 24
16 8
21 5
24 15
7 12

Solution 219: 
1 25
10 4
14 14
15 24
16 8
21 5
22 17
7 12

Solution 220: 
1 3
10 12
13 16
16 8
21 5
22 17
3 21
6 24

Solution 221: 
1 3
10 12
13 16
16 8
21 5
24 15
3 21
6 24

Solution 222: 
1 3
10 12
13 16
18 19
21 5
24 15
3 21
6 24

Solution 223: 
1 3
10 12
13 16
18 19
21 5
22 17
3 21
6 24

Solution 224: 
1 3
13 16
18 19
21 5
22 17
3 21
6 24
9 10

Solution 225: 
1 3
13 16
18 19
21 5
24 15
3 21
6 24
9 10

Solution 226: 
1 3
13 16
18 19
21 5
24 15
3 21
5 23
9 10

Solution 227: 
1 3
13 16
18 19
21 5
22 17
3 21
5 23
9 10

Solution 228: 
1 3
10 12
13 16
18 19
21 5
22 17
3 21
5 23

Solution 229: 
1 3
10 12
13 16
18 19
21 5
24 15
3 21
5 23

Solution 230: 
1 3
10 12
13 16
16 8
21 5
24 15
3 21
5 23

Solution 231: 
1 3
10 12
13 16
16 8
21 5
22 17
3 21
5 23

Number of solutions found: 232

Changes at vertices: 
10 10 -> 10 12
Change visibility: 9 10
----------------------------------
Removal 2: 
Solution 0: 
1 25
10 4
12 22
14 14
16 8
21 5
22 17

Solution 1: 
1 25
10 4
12 22
14 14
18 19
21 5
22 17

Solution 2: 
1 25
10 4
12 22
13 16
18 19
21 5
22 17

Solution 3: 
1 25
10 4
12 22
13 16
16 8
21 5
22 17

Solution 4: 
1 25
10 4
13 16
16 8
21 5
22 17
5 22

Solution 5: 
1 25
10 4
13 16
16 8
21 5
22 17
5 23

Solution 6: 
1 25
10 4
13 16
16 8
21 5
22 17
6 24

Solution 7: 
1 25
10 4
13 16
18 19
21 5
22 17
6 24

Solution 8: 
1 25
10 4
13 16
18 19
21 5
22 17
5 22

Solution 9: 
1 25
10 4
13 16
18 19
21 5
22 17
5 23

Solution 10: 
1 25
10 4
13 16
15 24
18 19
21 5
22 17

Solution 11: 
1 25
10 4
13 16
15 24
16 8
21 5
22 17

Solution 12: 
1 25
10 4
14 14
15 24
16 8
21 5
22 17

Solution 13: 
1 25
10 4
14 6
15 24
16 8
21 5
22 17

Solution 14: 
1 25
10 4
13 2
15 24
16 8
21 5
22 17

Solution 15: 
1 25
10 4
13 2
15 24
18 19
21 5
22 17

Solution 16: 
1 25
10 4
14 14
15 24
18 19
21 5
22 17

Solution 17: 
1 25
10 4
14 6
15 24
18 19
21 5
22 17

Solution 18: 
1 25
10 4
14 6
15 24
18 19
21 5
24 15

Solution 19: 
1 25
10 4
14 14
15 24
18 19
21 5
24 15

Solution 20: 
1 25
10 4
13 16
15 24
18 19
21 5
24 15

Solution 21: 
1 25
10 4
13 2
15 24
18 19
21 5
24 15

Solution 22: 
1 25
10 4
13 2
15 24
16 8
21 5
24 15

Solution 23: 
1 25
10 4
14 14
15 24
16 8
21 5
24 15

Solution 24: 
1 25
10 4
13 16
15 24
16 8
21 5
24 15

Solution 25: 
1 25
10 4
14 6
15 24
16 8
21 5
24 15

Solution 26: 
1 25
10 4
12 22
14 14
16 8
21 5
24 15

Solution 27: 
1 25
10 4
12 22
13 16
16 8
21 5
24 15

Solution 28: 
1 25
10 4
13 16
16 8
21 5
24 15
5 23

Solution 29: 
1 25
10 4
13 16
16 8
21 5
24 15
5 22

Solution 30: 
1 25
10 4
13 16
16 8
21 5
24 15
6 24

Solution 31: 
1 25
10 4
13 16
18 19
21 5
24 15
6 24

Solution 32: 
1 25
10 4
13 16
18 19
21 5
24 15
5 23

Solution 33: 
1 25
10 4
13 16
18 19
21 5
24 15
5 22

Solution 34: 
1 25
10 4
12 22
13 16
18 19
21 5
24 15

Solution 35: 
1 25
10 4
12 22
14 14
18 19
21 5
24 15

Number of solutions found: 36

Changes at vertices: 
10 7 -> 10 10
New Vertex: 9 7
----------------------------------
Removal 3: 
Solution 0: 
1 25
1 3
12 22
13 16
16 8
21 5
22 17

Solution 1: 
1 25
1 3
12 22
14 14
16 8
21 5
22 17

Solution 2: 
1 25
10 4
12 22
14 14
16 8
21 5
22 17

Solution 3: 
1 25
10 4
12 22
13 16
16 8
21 5
22 17

Solution 4: 
1 25
10 4
13 16
16 8
21 5
22 17
5 22

Solution 5: 
1 25
10 4
13 16
15 24
16 8
21 5
22 17

Solution 6: 
1 25
10 4
13 2
15 24
16 8
21 5
22 17

Solution 7: 
1 25
10 4
14 6
15 24
16 8
21 5
22 17

Solution 8: 
1 25
10 4
13 16
16 8
21 5
22 17
5 23

Solution 9: 
1 25
10 4
13 16
16 8
21 5
22 17
6 24

Solution 10: 
1 25
10 4
14 14
15 24
16 8
21 5
22 17

Solution 11: 
1 25
1 3
14 14
15 24
16 8
21 5
22 17

Solution 12: 
1 25
1 3
13 16
15 24
16 8
21 5
22 17

Solution 13: 
1 25
1 3
13 2
15 24
16 8
21 5
22 17

Solution 14: 
1 25
1 3
14 6
15 24
16 8
21 5
22 17

Solution 15: 
1 25
1 3
13 16
16 8
21 5
22 17
5 23

Solution 16: 
1 25
1 3
13 16
16 8
21 5
22 17
5 22

Solution 17: 
1 25
1 3
13 16
16 8
21 5
22 17
6 24

Solution 18: 
1 3
13 16
16 8
21 5
22 17
3 21
6 24

Solution 19: 
1 3
13 16
16 8
21 5
22 17
3 21
5 23

Solution 20: 
1 3
13 16
16 8
21 5
24 15
3 21
5 23

Solution 21: 
1 25
1 3
13 16
16 8
21 5
24 15
5 23

Solution 22: 
1 25
10 4
13 16
16 8
21 5
24 15
5 23

Solution 23: 
1 25
10 4
12 22
13 16
16 8
21 5
24 15

Solution 24: 
1 25
10 4
13 16
16 8
21 5
24 15
5 22

Solution 25: 
1 25
10 4
13 16
15 24
16 8
21 5
24 15

Solution 26: 
1 25
10 4
13 16
16 8
21 5
24 15
6 24

Solution 27: 
1 25
1 3
13 16
16 8
21 5
24 15
6 24

Solution 28: 
1 25
1 3
13 16
15 24
16 8
21 5
24 15

Solution 29: 
1 25
1 3
13 16
16 8
21 5
24 15
5 22

Solution 30: 
1 25
1 3
12 22
13 16
16 8
21 5
24 15

Solution 31: 
1 3
13 16
16 8
21 5
24 15
3 21
6 24

Solution 32: 
1 3
13 16
18 19
21 5
24 15
3 21
6 24

Solution 33: 
1 3
13 16
18 19
21 5
22 17
3 21
6 24

Solution 34: 
1 3
13 16
18 19
21 5
22 17
3 21
5 23

Solution 35: 
1 3
13 16
18 19
21 5
24 15
3 21
5 23

Solution 36: 
1 25
1 3
13 16
18 19
21 5
24 15
5 23

Solution 37: 
1 25
1 3
13 16
18 19
21 5
22 17
5 23

Solution 38: 
1 25
10 4
13 16
18 19
21 5
22 17
5 23

Solution 39: 
1 25
10 4
13 16
18 19
21 5
24 15
5 23

Solution 40: 
1 25
10 4
13 16
15 24
18 19
21 5
24 15

Solution 41: 
1 25
10 4
12 22
13 16
18 19
21 5
24 15

Solution 42: 
1 25
10 4
13 16
18 19
21 5
24 15
5 22

Solution 43: 
1 25
10 4
13 16
18 19
21 5
24 15
6 24

Solution 44: 
1 25
10 4
13 16
18 19
21 5
22 17
6 24

Solution 45: 
1 25
10 4
13 16
15 24
18 19
21 5
22 17

Solution 46: 
1 25
10 4
12 22
13 16
18 19
21 5
22 17

Solution 47: 
1 25
10 4
13 16
18 19
21 5
22 17
5 22

Solution 48: 
1 25
1 3
13 16
18 19
21 5
22 17
5 22

Solution 49: 
1 25
1 3
13 16
18 19
21 5
24 15
5 22

Solution 50: 
1 25
1 3
12 22
13 16
18 19
21 5
24 15

Solution 51: 
1 25
1 3
13 16
15 24
18 19
21 5
24 15

Solution 52: 
1 25
1 3
13 16
18 19
21 5
24 15
6 24

Solution 53: 
1 25
1 3
13 16
18 19
21 5
22 17
6 24

Solution 54: 
1 25
1 3
13 16
15 24
18 19
21 5
22 17

Solution 55: 
1 25
1 3
12 22
13 16
18 19
21 5
22 17

Solution 56: 
1 25
1 3
12 22
14 14
18 19
21 5
22 17

Solution 57: 
1 25
1 3
14 14
15 24
18 19
21 5
22 17

Solution 58: 
1 25
1 3
14 6
15 24
18 19
21 5
22 17

Solution 59: 
1 25
1 3
13 2
15 24
18 19
21 5
22 17

Solution 60: 
1 25
1 3
13 2
15 24
18 19
21 5
24 15

Solution 61: 
1 25
1 3
13 2
15 24
16 8
21 5
24 15

Solution 62: 
1 25
1 3
14 14
15 24
16 8
21 5
24 15

Solution 63: 
1 25
1 3
14 6
15 24
16 8
21 5
24 15

Solution 64: 
1 25
1 3
14 6
15 24
18 19
21 5
24 15

Solution 65: 
1 25
1 3
14 14
15 24
18 19
21 5
24 15

Solution 66: 
1 25
1 3
12 22
14 14
18 19
21 5
24 15

Solution 67: 
1 25
1 3
12 22
14 14
16 8
21 5
24 15

Solution 68: 
1 25
10 4
12 22
14 14
16 8
21 5
24 15

Solution 69: 
1 25
10 4
14 14
15 24
16 8
21 5
24 15

Solution 70: 
1 25
10 4
14 6
15 24
16 8
21 5
24 15

Solution 71: 
1 25
10 4
13 2
15 24
16 8
21 5
24 15

Solution 72: 
1 25
10 4
13 2
15 24
18 19
21 5
24 15

Solution 73: 
1 25
10 4
13 2
15 24
18 19
21 5
22 17

Solution 74: 
1 25
10 4
14 6
15 24
18 19
21 5
22 17

Solution 75: 
1 25
10 4
14 14
15 24
18 19
21 5
22 17

Solution 76: 
1 25
10 4
14 14
15 24
18 19
21 5
24 15

Solution 77: 
1 25
10 4
14 6
15 24
18 19
21 5
24 15

Solution 78: 
1 25
10 4
12 22
14 14
18 19
21 5
24 15

Solution 79: 
1 25
10 4
12 22
14 14
18 19
21 5
22 17

Number of solutions found: 80

Changes at vertices: 
New Vertex: 17 2
23 2 -> 23 1
----------------------------------
Removal 4: 
Solution 0: 
1 25
10 4
13 2
15 24
16 8
19 6
22 17

Solution 1: 
1 25
1 3
13 2
15 24
16 8
19 6
22 17

Solution 2: 
1 25
1 3
13 2
15 24
18 19
19 6
22 17

Solution 3: 
1 25
10 4
13 2
15 24
18 19
19 6
22 17

Solution 4: 
1 25
10 4
13 2
15 24
18 19
19 6
24 15

Solution 5: 
1 25
10 4
13 2
15 24
16 8
19 6
24 15

Solution 6: 
1 25
1 3
13 2
15 24
16 8
19 6
24 15

Solution 7: 
1 25
1 3
13 2
15 24
18 19
19 6
24 15

Solution 8: 
1 25
1 3
13 2
15 24
18 19
21 5
24 15

Solution 9: 
1 25
1 3
13 2
15 24
18 19
21 5
22 17

Solution 10: 
1 25
1 3
13 2
15 24
18 19
21 9
22 17

Solution 11: 
1 25
1 3
13 2
15 24
18 19
21 9
25 15

Solution 12: 
1 25
1 3
13 2
15 24
18 19
21 9
25 18

Solution 13: 
1 25
1 3
13 2
15 24
18 19
21 9
22 18

Solution 14: 
1 25
1 3
13 2
15 24
18 19
21 9
24 15

Solution 15: 
1 25
1 3
13 2
15 24
18 19
19 8
24 15

Solution 16: 
1 25
1 3
13 2
15 24
18 19
19 8
22 17

Solution 17: 
1 25
1 3
13 2
15 24
18 19
20 17
22 17

Solution 18: 
1 25
1 3
13 2
15 24
18 19
20 17
22 18

Solution 19: 
1 25
1 3
13 2
15 24
18 19
20 17
25 18

Solution 20: 
1 25
1 3
13 2
15 24
18 19
20 17
25 15

Solution 21: 
1 25
1 3
13 2
15 24
18 19
20 17
24 15

Solution 22: 
1 25
1 3
13 2
15 24
16 8
20 17
24 15

Solution 23: 
1 25
1 3
13 2
15 24
18 20
20 17
24 15

Solution 24: 
1 25
1 3
13 2
15 24
16 20
20 17
24 15

Solution 25: 
1 25
1 3
13 2
15 24
16 20
19 8
24 15

Solution 26: 
1 25
1 3
13 2
15 24
16 8
19 8
24 15

Solution 27: 
1 25
1 3
13 2
15 24
16 8
21 5
24 15

Solution 28: 
1 25
1 3
13 2
15 24
18 20
19 8
24 15

Solution 29: 
1 25
1 3
13 2
15 24
16 8
21 9
24 15

Solution 30: 
1 25
1 3
13 2
15 24
16 8
21 9
22 18

Solution 31: 
1 25
1 3
13 2
15 24
16 8
21 9
25 15

Solution 32: 
1 25
1 3
13 2
15 24
16 8
21 9
25 18

Solution 33: 
1 25
1 3
13 2
15 24
16 8
21 9
22 17

Solution 34: 
1 25
1 3
13 2
15 24
16 8
21 5
22 17

Solution 35: 
1 25
1 3
13 2
15 24
16 8
19 8
22 17

Solution 36: 
1 25
1 3
13 2
15 24
16 8
20 17
22 17

Solution 37: 
1 25
1 3
13 2
15 24
16 8
20 17
25 18

Solution 38: 
1 25
1 3
13 2
15 24
16 8
20 17
22 18

Solution 39: 
1 25
1 3
13 2
15 24
16 8
20 17
25 15

Solution 40: 
1 25
1 3
13 2
15 24
16 20
20 17
25 15

Solution 41: 
1 25
1 3
13 2
15 24
18 20
20 17
25 15

Solution 42: 
1 25
1 3
13 2
15 24
18 20
20 17
25 18

Solution 43: 
1 25
1 3
13 2
15 24
18 20
20 17
22 18

Solution 44: 
1 25
1 3
13 2
15 24
18 20
20 17
22 17

Solution 45: 
1 25
1 3
13 2
15 24
18 20
19 8
22 17

Solution 46: 
1 25
1 3
13 2
15 24
16 20
19 8
22 17

Solution 47: 
1 25
1 3
13 2
15 24
16 20
20 17
22 17

Solution 48: 
1 25
1 3
13 2
15 24
16 20
20 17
25 18

Solution 49: 
1 25
1 3
13 2
15 24
16 20
20 17
22 18

Solution 50: 
1 25
1 3
14 6
15 24
16 8
21 5
22 17

Solution 51: 
1 25
1 3
14 6
15 24
16 8
21 5
24 15

Solution 52: 
1 25
1 3
14 6
15 24
18 19
21 5
24 15

Solution 53: 
1 25
1 3
14 6
15 24
18 19
21 5
22 17

Solution 54: 
1 25
1 3
13 16
15 24
18 19
21 5
22 17

Solution 55: 
1 25
1 3
14 14
15 24
18 19
21 5
22 17

Solution 56: 
1 25
1 3
14 14
15 24
18 19
21 5
24 15

Solution 57: 
1 25
1 3
13 16
15 24
18 19
21 5
24 15

Solution 58: 
1 25
1 3
13 16
15 24
16 8
21 5
24 15

Solution 59: 
1 25
1 3
13 16
15 24
16 8
21 5
22 17

Solution 60: 
1 25
1 3
14 14
15 24
16 8
21 5
22 17

Solution 61: 
1 25
1 3
14 14
15 24
16 8
21 5
24 15

Solution 62: 
1 25
1 3
12 22
14 14
16 8
21 5
24 15

Solution 63: 
1 25
1 3
12 22
13 16
16 8
21 5
24 15

Solution 64: 
1 25
1 3
13 16
16 8
21 5
24 15
5 22

Solution 65: 
1 25
1 3
13 16
16 8
21 5
24 15
5 23

Solution 66: 
1 25
1 3
13 16
16 8
21 5
24 15
6 24

Solution 67: 
1 25
1 3
13 16
16 8
21 5
22 17
6 24

Solution 68: 
1 25
1 3
12 22
13 16
16 8
21 5
22 17

Solution 69: 
1 25
1 3
13 16
16 8
21 5
22 17
5 23

Solution 70: 
1 25
1 3
13 16
16 8
21 5
22 17
5 22

Solution 71: 
1 25
1 3
12 22
14 14
16 8
21 5
22 17

Solution 72: 
1 25
1 3
12 22
14 14
18 19
21 5
22 17

Solution 73: 
1 25
1 3
12 22
14 14
18 19
21 5
24 15

Solution 74: 
1 25
1 3
12 22
13 16
18 19
21 5
24 15

Solution 75: 
1 25
1 3
12 22
13 16
18 19
21 5
22 17

Solution 76: 
1 25
1 3
13 16
18 19
21 5
22 17
5 23

Solution 77: 
1 25
1 3
13 16
18 19
21 5
22 17
6 24

Solution 78: 
1 25
1 3
13 16
18 19
21 5
22 17
5 22

Solution 79: 
1 25
1 3
13 16
18 19
21 5
24 15
5 22

Solution 80: 
1 25
1 3
13 16
18 19
21 5
24 15
5 23

Solution 81: 
1 25
1 3
13 16
18 19
21 5
24 15
6 24

Solution 82: 
1 25
10 4
13 16
18 19
21 5
24 15
6 24

Solution 83: 
1 25
10 4
13 16
18 19
21 5
24 15
5 22

Solution 84: 
1 25
10 4
13 16
18 19
21 5
24 15
5 23

Solution 85: 
1 25
10 4
12 22
13 16
18 19
21 5
24 15

Solution 86: 
1 25
10 4
12 22
13 16
18 19
21 5
22 17

Solution 87: 
1 25
10 4
13 16
18 19
21 5
22 17
5 23

Solution 88: 
1 25
10 4
13 16
18 19
21 5
22 17
6 24

Solution 89: 
1 25
10 4
13 16
15 24
18 19
21 5
22 17

Solution 90: 
1 25
10 4
13 16
18 19
21 5
22 17
5 22

Solution 91: 
1 25
10 4
13 16
15 24
18 19
21 5
24 15

Solution 92: 
1 25
10 4
14 14
15 24
18 19
21 5
24 15

Solution 93: 
1 25
10 4
13 2
15 24
18 19
21 5
24 15

Solution 94: 
1 25
10 4
14 6
15 24
18 19
21 5
24 15

Solution 95: 
1 25
10 4
14 6
15 24
18 19
21 5
22 17

Solution 96: 
1 25
10 4
13 2
15 24
18 19
21 5
22 17

Solution 97: 
1 25
10 4
14 14
15 24
18 19
21 5
22 17

Solution 98: 
1 25
10 4
12 22
14 14
18 19
21 5
22 17

Solution 99: 
1 25
10 4
12 22
14 14
18 19
21 5
24 15

Solution 100: 
1 25
10 4
12 22
14 14
16 8
21 5
24 15

Solution 101: 
1 25
10 4
14 14
15 24
16 8
21 5
24 15

Solution 102: 
1 25
10 4
14 6
15 24
16 8
21 5
24 15

Solution 103: 
1 25
10 4
13 2
15 24
16 8
21 5
24 15

Solution 104: 
1 25
10 4
13 16
15 24
16 8
21 5
24 15

Solution 105: 
1 25
10 4
13 16
16 8
21 5
24 15
6 24

Solution 106: 
1 25
10 4
13 16
16 8
21 5
24 15
5 23

Solution 107: 
1 25
10 4
13 16
16 8
21 5
24 15
5 22

Solution 108: 
1 25
10 4
12 22
13 16
16 8
21 5
24 15

Solution 109: 
1 25
10 4
12 22
13 16
16 8
21 5
22 17

Solution 110: 
1 25
10 4
12 22
14 14
16 8
21 5
22 17

Solution 111: 
1 25
10 4
14 14
15 24
16 8
21 5
22 17

Solution 112: 
1 25
10 4
13 2
15 24
16 8
21 5
22 17

Solution 113: 
1 25
10 4
14 6
15 24
16 8
21 5
22 17

Solution 114: 
1 25
10 4
13 16
15 24
16 8
21 5
22 17

Solution 115: 
1 25
10 4
13 16
16 8
21 5
22 17
5 22

Solution 116: 
1 25
10 4
13 16
16 8
21 5
22 17
5 23

Solution 117: 
1 25
10 4
13 16
16 8
21 5
22 17
6 24

Solution 118: 
1 3
13 16
16 8
21 5
22 17
3 21
6 24

Solution 119: 
1 3
13 16
16 8
21 5
24 15
3 21
6 24

Solution 120: 
1 3
13 16
16 8
21 5
24 15
3 21
5 23

Solution 121: 
1 3
13 16
16 8
21 5
22 17
3 21
5 23

Solution 122: 
1 3
13 16
18 19
21 5
22 17
3 21
5 23

Solution 123: 
1 3
13 16
18 19
21 5
22 17
3 21
6 24

Solution 124: 
1 3
13 16
18 19
21 5
24 15
3 21
6 24

Solution 125: 
1 3
13 16
18 19
21 5
24 15
3 21
5 23

Solution 126: 
1 25
10 4
13 2
15 24
18 19
19 8
24 15

Solution 127: 
1 25
10 4
13 2
15 24
18 19
21 9
24 15

Solution 128: 
1 25
10 4
13 2
15 24
18 19
20 17
24 15

Solution 129: 
1 25
10 4
13 2
15 24
18 19
20 17
25 15

Solution 130: 
1 25
10 4
13 2
15 24
18 19
20 17
25 18

Solution 131: 
1 25
10 4
13 2
15 24
18 19
20 17
22 18

Solution 132: 
1 25
10 4
13 2
15 24
18 19
20 17
22 17

Solution 133: 
1 25
10 4
13 2
15 24
18 19
19 8
22 17

Solution 134: 
1 25
10 4
13 2
15 24
18 19
21 9
22 17

Solution 135: 
1 25
10 4
13 2
15 24
18 19
21 9
25 18

Solution 136: 
1 25
10 4
13 2
15 24
18 19
21 9
25 15

Solution 137: 
1 25
10 4
13 2
15 24
18 19
21 9
22 18

Solution 138: 
1 25
10 4
13 2
15 24
16 8
21 9
22 18

Solution 139: 
1 25
10 4
13 2
15 24
16 8
21 9
25 18

Solution 140: 
1 25
10 4
13 2
15 24
16 8
21 9
25 15

Solution 141: 
1 25
10 4
13 2
15 24
16 8
21 9
24 15

Solution 142: 
1 25
10 4
13 2
15 24
16 8
21 9
22 17

Solution 143: 
1 25
10 4
13 2
15 24
16 8
19 8
22 17

Solution 144: 
1 25
10 4
13 2
15 24
16 8
20 17
22 17

Solution 145: 
1 25
10 4
13 2
15 24
16 20
20 17
22 17

Solution 146: 
1 25
10 4
13 2
15 24
18 20
20 17
22 17

Solution 147: 
1 25
10 4
13 2
15 24
18 20
19 8
22 17

Solution 148: 
1 25
10 4
13 2
15 24
16 20
19 8
22 17

Solution 149: 
1 25
10 4
13 2
15 24
16 20
20 17
25 18

Solution 150: 
1 25
10 4
13 2
15 24
16 20
20 17
25 15

Solution 151: 
1 25
10 4
13 2
15 24
16 8
20 17
25 15

Solution 152: 
1 25
10 4
13 2
15 24
16 8
20 17
25 18

Solution 153: 
1 25
10 4
13 2
15 24
18 20
20 17
25 18

Solution 154: 
1 25
10 4
13 2
15 24
18 20
20 17
25 15

Solution 155: 
1 25
10 4
13 2
15 24
18 20
20 17
22 18

Solution 156: 
1 25
10 4
13 2
15 24
16 20
20 17
22 18

Solution 157: 
1 25
10 4
13 2
15 24
16 8
20 17
22 18

Solution 158: 
1 25
10 4
13 2
15 24
16 8
20 17
24 15

Solution 159: 
1 25
10 4
13 2
15 24
18 20
20 17
24 15

Solution 160: 
1 25
10 4
13 2
15 24
16 20
20 17
24 15

Solution 161: 
1 25
10 4
13 2
15 24
16 20
19 8
24 15

Solution 162: 
1 25
10 4
13 2
15 24
18 20
19 8
24 15

Solution 163: 
1 25
10 4
13 2
15 24
16 8
19 8
24 15

Number of solutions found: 164

Changes at vertices: 
13 5 -> 13 2
Change visibility: 21 5
----------------------------------
Removal 5: 
Solution 0: 
1 25
10 4
13 16
16 8
19 6
22 17
5 23

Solution 1: 
1 25
10 4
13 16
16 8
19 6
22 17
6 24

Solution 2: 
1 25
10 4
12 22
13 16
16 8
19 6
22 17

Solution 3: 
1 25
10 4
13 16
16 8
19 6
22 17
5 22

Solution 4: 
1 25
10 4
13 16
15 24
16 8
19 6
22 17

Solution 5: 
1 25
1 3
13 16
15 24
16 8
19 6
22 17

Solution 6: 
1 25
1 3
13 16
16 8
19 6
22 17
5 23

Solution 7: 
1 25
1 3
13 16
16 8
19 6
22 17
6 24

Solution 8: 
1 25
1 3
13 16
16 8
19 6
22 17
5 22

Solution 9: 
1 25
1 3
12 22
13 16
16 8
19 6
22 17

Solution 10: 
1 3
13 16
16 8
19 6
22 17
3 21
6 24

Solution 11: 
1 3
13 16
16 8
19 6
22 17
3 21
5 23

Solution 12: 
1 25
1 3
12 22
14 14
16 8
19 6
22 17

Solution 13: 
1 25
1 3
14 14
15 24
16 8
19 6
22 17

Solution 14: 
1 25
1 3
13 5
15 24
16 8
19 6
22 17

Solution 15: 
1 25
1 3
14 6
15 24
16 8
19 6
22 17

Solution 16: 
1 25
10 4
14 6
15 24
16 8
19 6
22 17

Solution 17: 
1 25
10 4
13 5
15 24
16 8
19 6
22 17

Solution 18: 
1 25
10 4
14 14
15 24
16 8
19 6
22 17

Solution 19: 
1 25
10 4
12 22
14 14
16 8
19 6
22 17

Solution 20: 
1 25
10 4
12 22
14 14
18 19
19 6
22 17

Solution 21: 
1 25
10 4
12 22
13 16
18 19
19 6
22 17

Solution 22: 
1 25
10 4
13 16
18 19
19 6
22 17
5 22

Solution 23: 
1 25
10 4
13 16
18 19
19 6
22 17
5 23

Solution 24: 
1 25
10 4
13 16
18 19
19 6
22 17
6 24

Solution 25: 
1 25
10 4
13 16
15 24
18 19
19 6
22 17

Solution 26: 
1 25
10 4
14 6
15 24
18 19
19 6
22 17

Solution 27: 
1 25
10 4
13 5
15 24
18 19
19 6
22 17

Solution 28: 
1 25
10 4
14 14
15 24
18 19
19 6
22 17

Solution 29: 
1 25
1 3
14 14
15 24
18 19
19 6
22 17

Solution 30: 
1 25
1 3
13 5
15 24
18 19
19 6
22 17

Solution 31: 
1 25
1 3
14 6
15 24
18 19
19 6
22 17

Solution 32: 
1 25
1 3
13 16
15 24
18 19
19 6
22 17

Solution 33: 
1 25
1 3
12 22
13 16
18 19
19 6
22 17

Solution 34: 
1 25
1 3
13 16
18 19
19 6
22 17
5 23

Solution 35: 
1 25
1 3
13 16
18 19
19 6
22 17
6 24

Solution 36: 
1 25
1 3
13 16
18 19
19 6
22 17
5 22

Solution 37: 
1 25
1 3
12 22
14 14
18 19
19 6
22 17

Solution 38: 
1 3
13 16
18 19
19 6
22 17
3 21
6 24

Solution 39: 
1 3
13 16
18 19
19 6
22 17
3 21
5 23

Solution 40: 
1 3
13 16
18 19
19 6
24 15
3 21
5 23

Solution 41: 
1 3
13 16
16 8
19 6
24 15
3 21
5 23

Solution 42: 
1 25
1 3
13 16
16 8
19 6
24 15
5 23

Solution 43: 
1 25
10 4
13 16
16 8
19 6
24 15
5 23

Solution 44: 
1 25
10 4
13 16
18 19
19 6
24 15
5 23

Solution 45: 
1 25
1 3
13 16
18 19
19 6
24 15
5 23

Solution 46: 
1 25
1 3
13 16
18 19
19 6
24 15
5 22

Solution 47: 
1 25
1 3
13 16
18 19
19 6
24 15
6 24

Solution 48: 
1 25
1 3
12 22
13 16
18 19
19 6
24 15

Solution 49: 
1 25
1 3
13 16
15 24
18 19
19 6
24 15

Solution 50: 
1 25
1 3
14 6
15 24
18 19
19 6
24 15

Solution 51: 
1 25
1 3
13 5
15 24
18 19
19 6
24 15

Solution 52: 
1 25
1 3
14 14
15 24
18 19
19 6
24 15

Solution 53: 
1 25
1 3
12 22
14 14
18 19
19 6
24 15

Solution 54: 
1 25
1 3
12 22
14 14
16 8
19 6
24 15

Solution 55: 
1 25
1 3
12 22
13 16
16 8
19 6
24 15

Solution 56: 
1 25
1 3
13 16
16 8
19 6
24 15
6 24

Solution 57: 
1 25
1 3
13 16
16 8
19 6
24 15
5 22

Solution 58: 
1 25
1 3
13 16
15 24
16 8
19 6
24 15

Solution 59: 
1 25
1 3
14 6
15 24
16 8
19 6
24 15

Solution 60: 
1 25
1 3
14 14
15 24
16 8
19 6
24 15

Solution 61: 
1 25
1 3
13 5
15 24
16 8
19 6
24 15

Solution 62: 
1 25
10 4
13 5
15 24
16 8
19 6
24 15

Solution 63: 
1 25
10 4
14 6
15 24
16 8
19 6
24 15

Solution 64: 
1 25
10 4
13 16
15 24
16 8
19 6
24 15

Solution 65: 
1 25
10 4
14 14
15 24
16 8
19 6
24 15

Solution 66: 
1 25
10 4
12 22
14 14
16 8
19 6
24 15

Solution 67: 
1 25
10 4
12 22
13 16
16 8
19 6
24 15

Solution 68: 
1 25
10 4
13 16
16 8
19 6
24 15
5 22

Solution 69: 
1 25
10 4
13 16
16 8
19 6
24 15
6 24

Solution 70: 
1 25
10 4
13 16
18 19
19 6
24 15
6 24

Solution 71: 
1 25
10 4
13 16
18 19
19 6
24 15
5 22

Solution 72: 
1 25
10 4
12 22
13 16
18 19
19 6
24 15

Solution 73: 
1 25
10 4
13 16
15 24
18 19
19 6
24 15

Solution 74: 
1 25
10 4
14 6
15 24
18 19
19 6
24 15

Solution 75: 
1 25
10 4
13 5
15 24
18 19
19 6
24 15

Solution 76: 
1 25
10 4
14 14
15 24
18 19
19 6
24 15

Solution 77: 
1 25
10 4
12 22
14 14
18 19
19 6
24 15

Solution 78: 
1 25
10 4
12 22
14 14
18 19
21 5
24 15

Solution 79: 
1 25
10 4
12 22
14 14
18 19
21 5
22 17

Solution 80: 
1 25
10 4
12 22
14 14
16 8
21 5
22 17

Solution 81: 
1 25
10 4
12 22
14 14
16 8
21 5
24 15

Solution 82: 
1 25
10 4
12 22
13 16
16 8
21 5
24 15

Solution 83: 
1 25
10 4
12 22
13 16
18 19
21 5
24 15

Solution 84: 
1 25
10 4
12 22
13 16
18 19
21 5
22 17

Solution 85: 
1 25
10 4
12 22
13 16
16 8
21 5
22 17

Solution 86: 
1 25
10 4
13 16
16 8
21 5
22 17
5 23

Solution 87: 
1 25
10 4
13 16
16 8
21 5
22 17
6 24

Solution 88: 
1 25
10 4
13 16
16 8
21 5
22 17
5 22

Solution 89: 
1 25
10 4
13 16
15 24
16 8
21 5
22 17

Solution 90: 
1 25
10 4
14 14
15 24
16 8
21 5
22 17

Solution 91: 
1 25
10 4
13 5
15 24
16 8
21 5
22 17

Solution 92: 
1 25
10 4
14 6
15 24
16 8
21 5
22 17

Solution 93: 
1 25
10 4
14 6
15 24
18 19
21 5
22 17

Solution 94: 
1 25
10 4
14 14
15 24
18 19
21 5
22 17

Solution 95: 
1 25
10 4
13 5
15 24
18 19
21 5
22 17

Solution 96: 
1 25
10 4
13 16
15 24
18 19
21 5
22 17

Solution 97: 
1 25
10 4
13 16
18 19
21 5
22 17
5 22

Solution 98: 
1 25
10 4
13 16
18 19
21 5
22 17
5 23

Solution 99: 
1 25
10 4
13 16
18 19
21 5
22 17
6 24

Solution 100: 
1 25
10 4
14 6
15 24
18 19
21 9
22 17

Solution 101: 
1 25
10 4
14 6
15 24
16 8
21 9
22 17

Solution 102: 
1 25
10 4
13 5
15 24
16 8
21 9
22 17

Solution 103: 
1 25
10 4
13 5
15 24
18 19
21 9
22 17

Solution 104: 
1 25
10 4
13 5
15 24
18 19
20 17
22 17

Solution 105: 
1 25
10 4
13 5
15 24
18 20
20 17
22 17

Solution 106: 
1 25
10 4
13 5
15 24
16 20
20 17
22 17

Solution 107: 
1 25
10 4
13 5
15 24
16 8
20 17
22 17

Solution 108: 
1 25
10 4
14 6
15 24
16 8
20 17
22 17

Solution 109: 
1 25
10 4
14 6
15 24
18 20
20 17
22 17

Solution 110: 
1 25
10 4
14 6
15 24
18 19
20 17
22 17

Solution 111: 
1 25
10 4
14 6
15 24
16 20
20 17
22 17

Solution 112: 
1 25
10 4
14 6
15 24
16 20
19 8
22 17

Solution 113: 
1 25
10 4
14 6
15 24
18 20
19 8
22 17

Solution 114: 
1 25
10 4
14 6
15 24
18 19
19 8
22 17

Solution 115: 
1 25
10 4
14 6
15 24
16 8
19 8
22 17

Solution 116: 
1 25
10 4
13 5
15 24
16 8
19 8
22 17

Solution 117: 
1 25
10 4
13 5
15 24
18 20
19 8
22 17

Solution 118: 
1 25
10 4
13 5
15 24
18 19
19 8
22 17

Solution 119: 
1 25
10 4
13 5
15 24
16 20
19 8
22 17

Solution 120: 
1 25
10 4
13 5
15 24
16 20
19 8
24 15

Solution 121: 
1 25
10 4
13 5
15 24
18 20
19 8
24 15

Solution 122: 
1 25
10 4
13 5
15 24
16 8
19 8
24 15

Solution 123: 
1 25
10 4
13 5
15 24
16 8
21 5
24 15

Solution 124: 
1 25
10 4
13 5
15 24
16 8
20 17
24 15

Solution 125: 
1 25
10 4
13 5
15 24
16 8
21 9
24 15

Solution 126: 
1 25
10 4
13 5
15 24
18 20
20 17
24 15

Solution 127: 
1 25
10 4
13 5
15 24
16 20
20 17
24 15

Solution 128: 
1 25
10 4
13 5
15 24
18 19
20 17
24 15

Solution 129: 
1 25
10 4
13 5
15 24
18 19
21 5
24 15

Solution 130: 
1 25
10 4
13 5
15 24
18 19
21 9
24 15

Solution 131: 
1 25
10 4
13 5
15 24
18 19
19 8
24 15

Solution 132: 
1 25
10 4
13 5
15 24
18 19
20 17
22 18

Solution 133: 
1 25
10 4
13 5
15 24
18 19
20 17
25 15

Solution 134: 
1 25
10 4
13 5
15 24
18 19
20 17
25 18

Solution 135: 
1 25
10 4
13 5
15 24
18 19
21 9
25 18

Solution 136: 
1 25
10 4
13 5
15 24
18 19
21 9
22 18

Solution 137: 
1 25
10 4
13 5
15 24
18 19
21 9
25 15

Solution 138: 
1 25
10 4
13 5
15 24
16 8
21 9
25 15

Solution 139: 
1 25
10 4
13 5
15 24
16 8
21 9
22 18

Solution 140: 
1 25
10 4
13 5
15 24
16 8
21 9
25 18

Solution 141: 
1 25
10 4
13 5
15 24
16 8
20 17
25 18

Solution 142: 
1 25
10 4
13 5
15 24
16 8
20 17
25 15

Solution 143: 
1 25
10 4
13 5
15 24
16 8
20 17
22 18

Solution 144: 
1 25
10 4
13 5
15 24
16 20
20 17
22 18

Solution 145: 
1 25
10 4
13 5
15 24
18 20
20 17
22 18

Solution 146: 
1 25
10 4
13 5
15 24
18 20
20 17
25 15

Solution 147: 
1 25
10 4
13 5
15 24
16 20
20 17
25 15

Solution 148: 
1 25
10 4
13 5
15 24
16 20
20 17
25 18

Solution 149: 
1 25
10 4
13 5
15 24
18 20
20 17
25 18

Solution 150: 
1 25
10 4
14 6
15 24
18 20
20 17
25 18

Solution 151: 
1 25
10 4
14 6
15 24
18 20
20 17
22 18

Solution 152: 
1 25
10 4
14 6
15 24
18 20
20 17
25 15

Solution 153: 
1 25
10 4
14 6
15 24
18 20
20 17
24 15

Solution 154: 
1 25
10 4
14 6
15 24
18 19
20 17
24 15

Solution 155: 
1 25
10 4
14 6
15 24
16 8
20 17
24 15

Solution 156: 
1 25
10 4
14 6
15 24
16 20
20 17
24 15

Solution 157: 
1 25
10 4
14 6
15 24
16 20
20 17
22 18

Solution 158: 
1 25
10 4
14 6
15 24
16 20
20 17
25 15

Solution 159: 
1 25
10 4
14 6
15 24
16 20
20 17
25 18

Solution 160: 
1 25
10 4
14 6
15 24
18 19
20 17
25 18

Solution 161: 
1 25
10 4
14 6
15 24
16 8
20 17
25 18

Solution 162: 
1 25
10 4
14 6
15 24
16 8
20 17
25 15

Solution 163: 
1 25
10 4
14 6
15 24
18 19
20 17
25 15

Solution 164: 
1 25
10 4
14 6
15 24
18 19
20 17
22 18

Solution 165: 
1 25
10 4
14 6
15 24
16 8
20 17
22 18

Solution 166: 
1 25
10 4
14 6
15 24
16 8
21 9
22 18

Solution 167: 
1 25
10 4
14 6
15 24
16 8
21 9
25 15

Solution 168: 
1 25
10 4
14 6
15 24
16 8
21 9
25 18

Solution 169: 
1 25
10 4
14 6
15 24
16 8
21 9
24 15

Solution 170: 
1 25
10 4
14 6
15 24
16 8
19 8
24 15

Solution 171: 
1 25
10 4
14 6
15 24
16 8
21 5
24 15

Solution 172: 
1 25
10 4
13 16
15 24
16 8
21 5
24 15

Solution 173: 
1 25
10 4
14 14
15 24
16 8
21 5
24 15

Solution 174: 
1 25
10 4
14 14
15 24
18 19
21 5
24 15

Solution 175: 
1 25
10 4
13 16
15 24
18 19
21 5
24 15

Solution 176: 
1 25
10 4
14 6
15 24
18 19
21 5
24 15

Solution 177: 
1 25
10 4
14 6
15 24
18 19
21 9
24 15

Solution 178: 
1 25
10 4
14 6
15 24
18 19
19 8
24 15

Solution 179: 
1 25
10 4
14 6
15 24
18 20
19 8
24 15

Solution 180: 
1 25
10 4
14 6
15 24
16 20
19 8
24 15

Solution 181: 
1 25
10 4
14 6
15 24
18 19
21 9
25 18

Solution 182: 
1 25
10 4
14 6
15 24
18 19
21 9
22 18

Solution 183: 
1 25
10 4
14 6
15 24
18 19
21 9
25 15

Solution 184: 
1 25
10 4
13 16
18 19
21 5
24 15
5 22

Solution 185: 
1 25
10 4
13 16
18 19
21 5
24 15
6 24

Solution 186: 
1 25
10 4
13 16
18 19
21 5
24 15
5 23

Solution 187: 
1 25
10 4
13 16
16 8
21 5
24 15
5 23

Solution 188: 
1 25
10 4
13 16
16 8
21 5
24 15
6 24

Solution 189: 
1 25
10 4
13 16
16 8
21 5
24 15
5 22

Solution 190: 
1 25
1 3
13 16
16 8
21 5
24 15
5 22

Solution 191: 
1 25
1 3
13 16
16 8
21 5
22 17
5 22

Solution 192: 
1 25
1 3
13 16
18 19
21 5
22 17
5 22

Solution 193: 
1 25
1 3
13 16
18 19
21 5
24 15
5 22

Solution 194: 
1 25
1 3
12 22
13 16
18 19
21 5
24 15

Solution 195: 
1 25
1 3
13 16
15 24
18 19
21 5
24 15

Solution 196: 
1 25
1 3
13 16
18 19
21 5
24 15
5 23

Solution 197: 
1 25
1 3
13 16
18 19
21 5
24 15
6 24

Solution 198: 
1 25
1 3
13 16
18 19
21 5
22 17
6 24

Solution 199: 
1 25
1 3
13 16
18 19
21 5
22 17
5 23

Solution 200: 
1 25
1 3
12 22
13 16
18 19
21 5
22 17

Solution 201: 
1 25
1 3
13 16
15 24
18 19
21 5
22 17

Solution 202: 
1 25
1 3
13 16
15 24
16 8
21 5
22 17

Solution 203: 
1 25
1 3
13 16
16 8
21 5
22 17
6 24

Solution 204: 
1 25
1 3
12 22
13 16
16 8
21 5
22 17

Solution 205: 
1 25
1 3
13 16
16 8
21 5
22 17
5 23

Solution 206: 
1 25
1 3
13 16
16 8
21 5
24 15
5 23

Solution 207: 
1 25
1 3
13 16
16 8
21 5
24 15
6 24

Solution 208: 
1 25
1 3
12 22
13 16
16 8
21 5
24 15

Solution 209: 
1 25
1 3
13 16
15 24
16 8
21 5
24 15

Solution 210: 
1 25
1 3
14 14
15 24
16 8
21 5
24 15

Solution 211: 
1 25
1 3
13 5
15 24
16 8
21 5
24 15

Solution 212: 
1 25
1 3
13 5
15 24
16 8
19 8
24 15

Solution 213: 
1 25
1 3
13 5
15 24
16 8
21 9
24 15

Solution 214: 
1 25
1 3
14 6
15 24
16 8
21 9
24 15

Solution 215: 
1 25
1 3
14 6
15 24
16 8
19 8
24 15

Solution 216: 
1 25
1 3
14 6
15 24
16 8
20 17
24 15

Solution 217: 
1 25
1 3
13 5
15 24
16 8
20 17
24 15

Solution 218: 
1 25
1 3
14 6
15 24
16 8
21 5
24 15

Solution 219: 
1 25
1 3
12 22
14 14
16 8
21 5
24 15

Solution 220: 
1 25
1 3
12 22
14 14
16 8
21 5
22 17

Solution 221: 
1 25
1 3
14 14
15 24
16 8
21 5
22 17

Solution 222: 
1 25
1 3
14 6
15 24
16 8
21 5
22 17

Solution 223: 
1 25
1 3
13 5
15 24
16 8
21 5
22 17

Solution 224: 
1 25
1 3
13 5
15 24
16 8
19 8
22 17

Solution 225: 
1 25
1 3
13 5
15 24
16 8
21 9
22 17

Solution 226: 
1 25
1 3
13 5
15 24
16 8
20 17
22 17

Solution 227: 
1 25
1 3
13 5
15 24
16 8
20 17
22 18

Solution 228: 
1 25
1 3
13 5
15 24
16 8
20 17
25 15

Solution 229: 
1 25
1 3
13 5
15 24
16 8
20 17
25 18

Solution 230: 
1 25
1 3
13 5
15 24
16 8
21 9
25 18

Solution 231: 
1 25
1 3
13 5
15 24
16 8
21 9
25 15

Solution 232: 
1 25
1 3
13 5
15 24
16 8
21 9
22 18

Solution 233: 
1 25
1 3
14 6
15 24
16 8
21 9
22 18

Solution 234: 
1 25
1 3
14 6
15 24
16 8
21 9
25 15

Solution 235: 
1 25
1 3
14 6
15 24
16 8
21 9
22 17

Solution 236: 
1 25
1 3
14 6
15 24
16 8
20 17
22 17

Solution 237: 
1 25
1 3
14 6
15 24
16 8
19 8
22 17

Solution 238: 
1 25
1 3
14 6
15 24
16 8
20 17
25 15

Solution 239: 
1 25
1 3
14 6
15 24
16 8
20 17
22 18

Solution 240: 
1 25
1 3
14 6
15 24
16 8
20 17
25 18

Solution 241: 
1 25
1 3
14 6
15 24
16 8
21 9
25 18

Solution 242: 
1 25
1 3
14 6
15 24
18 19
21 9
25 18

Solution 243: 
1 25
1 3
14 6
15 24
18 19
21 9
24 15

Solution 244: 
1 25
1 3
14 6
15 24
18 19
21 9
25 15

Solution 245: 
1 25
1 3
14 6
15 24
18 19
21 9
22 18

Solution 246: 
1 25
1 3
14 6
15 24
18 19
21 9
22 17

Solution 247: 
1 25
1 3
13 5
15 24
18 19
21 9
22 17

Solution 248: 
1 25
1 3
13 5
15 24
18 19
21 9
25 18

Solution 249: 
1 25
1 3
13 5
15 24
18 19
21 9
22 18

Solution 250: 
1 25
1 3
13 5
15 24
18 19
21 9
25 15

Solution 251: 
1 25
1 3
13 5
15 24
18 19
21 9
24 15

Solution 252: 
1 25
1 3
13 5
15 24
18 19
20 17
24 15

Solution 253: 
1 25
1 3
13 5
15 24
18 19
20 17
25 15

Solution 254: 
1 25
1 3
13 5
15 24
18 19
20 17
22 17

Solution 255: 
1 25
1 3
13 5
15 24
18 19
20 17
25 18

Solution 256: 
1 25
1 3
13 5
15 24
18 19
20 17
22 18

Solution 257: 
1 25
1 3
13 5
15 24
18 19
21 5
24 15

Solution 258: 
1 25
1 3
13 5
15 24
18 19
21 5
22 17

Solution 259: 
1 25
1 3
13 5
15 24
18 19
19 8
22 17

Solution 260: 
1 25
1 3
13 5
15 24
18 19
19 8
24 15

Solution 261: 
1 25
1 3
14 6
15 24
18 19
19 8
24 15

Solution 262: 
1 25
1 3
14 6
15 24
18 19
20 17
24 15

Solution 263: 
1 25
1 3
14 6
15 24
18 19
21 5
24 15

Solution 264: 
1 25
1 3
14 14
15 24
18 19
21 5
24 15

Solution 265: 
1 25
1 3
14 6
15 24
18 19
20 17
25 15

Solution 266: 
1 25
1 3
14 6
15 24
18 19
20 17
25 18

Solution 267: 
1 25
1 3
14 6
15 24
18 19
20 17
22 18

Solution 268: 
1 25
1 3
14 6
15 24
18 19
20 17
22 17

Solution 269: 
1 25
1 3
14 6
15 24
18 19
21 5
22 17

Solution 270: 
1 25
1 3
14 6
15 24
18 19
19 8
22 17

Solution 271: 
1 25
1 3
14 14
15 24
18 19
21 5
22 17

Solution 272: 
1 25
1 3
12 22
14 14
18 19
21 5
22 17

Solution 273: 
1 25
1 3
12 22
14 14
18 19
21 5
24 15

Solution 274: 
1 25
1 3
13 5
15 24
18 20
19 8
24 15

Solution 275: 
1 25
1 3
14 6
15 24
18 20
19 8
24 15

Solution 276: 
1 25
1 3
14 6
15 24
16 20
19 8
24 15

Solution 277: 
1 25
1 3
13 5
15 24
16 20
19 8
24 15

Solution 278: 
1 25
1 3
13 5
15 24
16 20
20 17
24 15

Solution 279: 
1 25
1 3
13 5
15 24
18 20
20 17
24 15

Solution 280: 
1 25
1 3
14 6
15 24
18 20
20 17
24 15

Solution 281: 
1 25
1 3
14 6
15 24
16 20
20 17
24 15

Solution 282: 
1 25
1 3
14 6
15 24
16 20
20 17
25 15

Solution 283: 
1 25
1 3
14 6
15 24
16 20
20 17
25 18

Solution 284: 
1 25
1 3
14 6
15 24
16 20
20 17
22 18

Solution 285: 
1 25
1 3
14 6
15 24
16 20
20 17
22 17

Solution 286: 
1 25
1 3
14 6
15 24
18 20
20 17
22 17

Solution 287: 
1 25
1 3
14 6
15 24
18 20
20 17
25 18

Solution 288: 
1 25
1 3
14 6
15 24
18 20
20 17
25 15

Solution 289: 
1 25
1 3
14 6
15 24
18 20
20 17
22 18

Solution 290: 
1 25
1 3
14 6
15 24
18 20
19 8
22 17

Solution 291: 
1 25
1 3
14 6
15 24
16 20
19 8
22 17

Solution 292: 
1 25
1 3
13 5
15 24
16 20
19 8
22 17

Solution 293: 
1 25
1 3
13 5
15 24
18 20
19 8
22 17

Solution 294: 
1 25
1 3
13 5
15 24
18 20
20 17
22 17

Solution 295: 
1 25
1 3
13 5
15 24
16 20
20 17
22 17

Solution 296: 
1 25
1 3
13 5
15 24
16 20
20 17
25 15

Solution 297: 
1 25
1 3
13 5
15 24
16 20
20 17
22 18

Solution 298: 
1 25
1 3
13 5
15 24
16 20
20 17
25 18

Solution 299: 
1 25
1 3
13 5
15 24
18 20
20 17
25 18

Solution 300: 
1 25
1 3
13 5
15 24
18 20
20 17
25 15

Solution 301: 
1 25
1 3
13 5
15 24
18 20
20 17
22 18

Solution 302: 
1 3
13 16
18 19
21 5
22 17
3 21
5 23

Solution 303: 
1 3
13 16
18 19
21 5
24 15
3 21
5 23

Solution 304: 
1 3
13 16
16 8
21 5
24 15
3 21
5 23

Solution 305: 
1 3
13 16
16 8
21 5
22 17
3 21
5 23

Solution 306: 
1 3
13 16
16 8
21 5
22 17
3 21
6 24

Solution 307: 
1 3
13 16
16 8
21 5
24 15
3 21
6 24

Solution 308: 
1 3
13 16
18 19
21 5
24 15
3 21
6 24

Solution 309: 
1 3
13 16
18 19
21 5
22 17
3 21
6 24

Solution 310: 
1 3
13 16
18 19
19 6
24 15
3 21
6 24

Solution 311: 
1 3
13 16
16 8
19 6
24 15
3 21
6 24

Number of solutions found: 312

Changes at vertices: 
25 17 -> 25 18
New Vertex: 22 17
----------------------------------
Removal 6: 
Solution 0: 
1 25
10 4
13 5
15 24
16 8
20 17

Solution 1: 
1 25
10 4
14 6
15 24
16 8
20 17

Solution 2: 
1 25
1 3
14 6
15 24
16 8
20 17

Solution 3: 
1 25
1 3
13 5
15 24
16 8
20 17

Solution 4: 
1 25
1 3
13 5
15 24
16 20
20 17

Solution 5: 
1 25
1 3
13 5
15 24
18 20
20 17

Solution 6: 
1 25
1 3
13 5
15 24
18 19
20 17

Solution 7: 
1 25
10 4
13 5
15 24
18 19
20 17

Solution 8: 
1 25
10 4
13 5
15 24
18 20
20 17

Solution 9: 
1 25
10 4
13 5
15 24
16 20
20 17

Solution 10: 
1 25
10 4
14 6
15 24
16 20
20 17

Solution 11: 
1 25
10 4
14 6
15 24
18 19
20 17

Solution 12: 
1 25
10 4
14 6
15 24
18 20
20 17

Solution 13: 
1 25
1 3
14 6
15 24
18 20
20 17

Solution 14: 
1 25
1 3
14 6
15 24
16 20
20 17

Solution 15: 
1 25
1 3
14 6
15 24
18 19
20 17

Number of solutions found: 16

Changes at vertices: 
New Vertex: 18 19
16 19 -> 16 20
----------------------------------
Removal 7: 
Solution 0: 
1 25
10 4
13 5
15 24
20 17

Solution 1: 
1 25
10 4
14 6
15 24
20 17

Solution 2: 
1 25
1 3
14 6
15 24
20 17

Solution 3: 
1 25
1 3
13 5
15 24
20 17

Number of solutions found: 4

Changes at vertices: 
New Vertex: 20 17
16 17 -> 16 19
----------------------------------
Removal 8: 
Solution 0: 
1 25
10 4
13 16
16 17
19 6
5 23

Solution 1: 
1 25
10 4
13 16
16 17
19 6
6 24

Solution 2: 
1 25
10 4
13 16
16 17
19 6
5 22

Solution 3: 
1 25
10 4
12 22
13 16
16 17
19 6

Solution 4: 
1 25
10 4
13 16
15 24
16 17
19 6

Solution 5: 
1 25
1 3
13 16
15 24
16 17
19 6

Solution 6: 
1 25
1 3
13 16
16 17
19 6
5 22

Solution 7: 
1 25
1 3
13 16
16 17
19 6
5 23

Solution 8: 
1 25
1 3
13 16
16 17
19 6
6 24

Solution 9: 
1 25
1 3
12 22
13 16
16 17
19 6

Solution 10: 
1 3
13 16
16 17
19 6
3 21
6 24

Solution 11: 
1 3
13 16
16 17
19 6
3 21
5 23

Solution 12: 
1 3
13 16
16 17
21 5
3 21
5 23

Solution 13: 
1 25
1 3
13 16
16 17
21 5
5 23

Solution 14: 
1 25
10 4
13 16
16 17
21 5
5 23

Solution 15: 
1 25
10 4
12 22
13 16
16 17
21 5

Solution 16: 
1 25
10 4
13 16
16 17
21 5
5 22

Solution 17: 
1 25
10 4
13 16
15 24
16 17
21 5

Solution 18: 
1 25
10 4
13 16
16 17
21 5
6 24

Solution 19: 
1 25
1 3
13 16
16 17
21 5
6 24

Solution 20: 
1 25
1 3
13 16
15 24
16 17
21 5

Solution 21: 
1 25
1 3
12 22
13 16
16 17
21 5

Solution 22: 
1 25
1 3
13 16
16 17
21 5
5 22

Solution 23: 
1 3
13 16
16 17
21 5
3 21
6 24

Solution 24: 
1 25
1 3
13 5
15 24
16 17
21 5

Solution 25: 
1 25
1 3
14 6
15 24
16 17
21 5

Solution 26: 
1 25
1 3
14 14
15 24
16 17
21 5

Solution 27: 
1 25
1 3
12 22
14 14
16 17
21 5

Solution 28: 
1 25
1 3
12 22
14 14
16 17
19 6

Solution 29: 
1 25
1 3
14 14
15 24
16 17
19 6

Solution 30: 
1 25
10 4
14 14
15 24
16 17
19 6

Solution 31: 
1 25
10 4
12 22
14 14
16 17
19 6

Solution 32: 
1 25
10 4
12 22
14 14
16 17
21 5

Solution 33: 
1 25
10 4
14 14
15 24
16 17
21 5

Solution 34: 
1 25
10 4
13 5
15 24
16 17
21 5

Solution 35: 
1 25
10 4
14 6
15 24
16 17
21 5

Solution 36: 
1 25
10 4
14 6
15 24
16 17
19 8

Solution 37: 
1 25
10 4
13 5
15 24
16 17
19 8

Solution 38: 
1 25
10 4
13 5
15 24
19 8
24 15

Solution 39: 
1 25
10 4
14 6
15 24
19 8
24 15

Solution 40: 
1 25
10 4
14 6
15 24
16 17
19 6

Solution 41: 
1 25
10 4
13 5
15 24
16 17
19 6

Solution 42: 
1 25
10 4
13 5
15 24
16 17
21 9

Solution 43: 
1 25
10 4
13 5
15 24
21 9
25 17

Solution 44: 
1 25
10 4
13 5
15 24
21 9
25 15

Solution 45: 
1 25
10 4
13 5
15 24
21 9
24 15

Solution 46: 
1 25
10 4
14 6
15 24
21 9
24 15

Solution 47: 
1 25
10 4
14 6
15 24
21 9
25 15

Solution 48: 
1 25
10 4
14 6
15 24
21 9
25 17

Solution 49: 
1 25
10 4
14 6
15 24
16 17
21 9

Solution 50: 
1 25
1 3
14 6
15 24
16 17
21 9

Solution 51: 
1 25
1 3
14 6
15 24
21 9
25 17

Solution 52: 
1 25
1 3
14 6
15 24
21 9
24 15

Solution 53: 
1 25
1 3
14 6
15 24
21 9
25 15

Solution 54: 
1 25
1 3
13 5
15 24
21 9
25 15

Solution 55: 
1 25
1 3
13 5
15 24
21 9
25 17

Solution 56: 
1 25
1 3
13 5
15 24
21 9
24 15

Solution 57: 
1 25
1 3
13 5
15 24
16 17
21 9

Solution 58: 
1 25
1 3
13 5
15 24
16 17
19 6

Solution 59: 
1 25
1 3
13 5
15 24
16 17
19 8

Solution 60: 
1 25
1 3
14 6
15 24
16 17
19 8

Solution 61: 
1 25
1 3
14 6
15 24
16 17
19 6

Solution 62: 
1 25
1 3
14 6
15 24
19 8
24 15

Solution 63: 
1 25
1 3
13 5
15 24
19 8
24 15

Number of solutions found: 64

Changes at vertices: 
Change visibility: 24 15
16 15 -> 16 17
----------------------------------
Removal 9: 
Solution 0: 
1 25
10 4
14 6
15 24
21 9

Solution 1: 
1 25
10 4
13 5
15 24
21 9

Solution 2: 
1 25
1 3
13 5
15 24
21 9

Solution 3: 
1 25
1 3
14 6
15 24
21 9

Number of solutions found: 4

Changes at vertices: 
Change visibility: 21 9
16 9 -> 16 15
----------------------------------
Removal 10: 
Solution 0: 
1 25
1 3
14 6
15 24
21 9

Solution 1: 
1 25
1 3
13 5
15 24
21 9

Solution 2: 
1 25
1 3
13 5
15 24
19 8

Solution 3: 
1 25
1 3
14 6
15 24
19 8

Solution 4: 
1 25
10 4
14 6
15 24
19 8

Solution 5: 
1 25
10 4
14 6
15 24
21 9

Solution 6: 
1 25
10 4
13 5
15 24
21 9

Solution 7: 
1 25
10 4
13 5
15 24
19 8

Number of solutions found: 8

Changes at vertices: 
21 8 -> 21 9
Change visibility: 19 8
----------------------------------
Removal 11: 
Solution 0: 
1 25
10 4
13 16
19 6
5 23

Solution 1: 
1 25
10 4
13 16
19 6
6 24

Solution 2: 
1 25
10 4
13 16
15 24
19 6

Solution 3: 
1 25
10 4
12 22
13 16
19 6

Solution 4: 
1 25
10 4
13 16
19 6
5 22

Solution 5: 
1 25
1 3
13 16
19 6
5 22

Solution 6: 
1 25
1 3
13 16
19 6
5 23

Solution 7: 
1 25
1 3
13 16
19 6
6 24

Solution 8: 
1 25
1 3
12 22
13 16
19 6

Solution 9: 
1 25
1 3
13 16
15 24
19 6

Solution 10: 
1 3
13 16
19 6
3 21
5 23

Solution 11: 
1 3
13 16
19 6
3 21
6 24

Solution 12: 
1 3
13 16
21 5
3 21
6 24

Solution 13: 
1 3
13 16
21 5
3 21
5 23

Solution 14: 
1 25
1 3
13 16
21 5
5 23

Solution 15: 
1 25
10 4
13 16
21 5
5 23

Solution 16: 
1 25
10 4
12 22
13 16
21 5

Solution 17: 
1 25
10 4
13 16
21 5
5 22

Solution 18: 
1 25
10 4
13 16
15 24
21 5

Solution 19: 
1 25
10 4
13 16
21 5
6 24

Solution 20: 
1 25
1 3
13 16
21 5
6 24

Solution 21: 
1 25
1 3
13 16
21 5
5 22

Solution 22: 
1 25
1 3
12 22
13 16
21 5

Solution 23: 
1 25
1 3
13 16
15 24
21 5

Solution 24: 
1 25
1 3
14 14
15 24
21 5

Solution 25: 
1 25
10 4
14 14
15 24
21 5

Solution 26: 
1 25
10 4
14 14
15 24
19 6

Solution 27: 
1 25
1 3
14 14
15 24
19 6

Solution 28: 
1 25
1 3
14 6
15 24
19 6

Solution 29: 
1 25
10 4
14 6
15 24
19 6

Solution 30: 
1 25
10 4
13 5
15 24
19 6

Solution 31: 
1 25
1 3
13 5
15 24
19 6

Solution 32: 
1 25
1 3
13 5
15 24
19 8

Solution 33: 
1 25
1 3
13 5
15 24
21 8

Solution 34: 
1 25
1 3
13 5
15 24
21 5

Solution 35: 
1 25
1 3
14 6
15 24
21 5

Solution 36: 
1 25
1 3
14 6
15 24
21 8

Solution 37: 
1 25
1 3
14 6
15 24
19 8

Solution 38: 
1 25
10 4
14 6
15 24
19 8

Solution 39: 
1 25
10 4
13 5
15 24
19 8

Solution 40: 
1 25
10 4
13 5
15 24
21 8

Solution 41: 
1 25
10 4
13 5
15 24
21 5

Solution 42: 
1 25
10 4
14 6
15 24
21 5

Solution 43: 
1 25
10 4
14 6
15 24
21 8

Solution 44: 
1 25
10 4
12 22
14 14
19 6

Solution 45: 
1 25
10 4
12 22
14 14
21 5

Solution 46: 
1 25
1 3
12 22
14 14
21 5

Solution 47: 
1 25
1 3
12 22
14 14
19 6

Number of solutions found: 48

Changes at vertices: 
21 6 -> 21 8
New Vertex: 19 6
----------------------------------
Removal 12: 
Solution 0: 
1 25
10 4
13 5
15 24

Solution 1: 
1 25
10 4
14 6
15 24

Solution 2: 
1 25
1 3
14 6
15 24

Solution 3: 
1 25
1 3
13 5
15 24

Number of solutions found: 4

Changes at vertices: 
13 6 -> 13 5
Change visibility: 14 6
----------------------------------
Removal 13: 
Solution 0: 
1 25
10 4
13 16
5 23

Solution 1: 
1 25
10 4
13 16
6 24

Solution 2: 
1 25
10 4
12 22
13 16

Solution 3: 
1 25
10 4
13 16
5 22

Solution 4: 
1 25
10 4
13 16
15 24

Solution 5: 
1 25
1 3
13 16
15 24

Solution 6: 
1 25
1 3
13 16
6 24

Solution 7: 
1 25
1 3
12 22
13 16

Solution 8: 
1 25
1 3
13 16
5 22

Solution 9: 
1 25
1 3
13 16
5 23

Solution 10: 
1 3
13 16
3 21
5 23

Solution 11: 
1 3
13 16
3 21
6 24

Solution 12: 
1 25
1 3
12 22
14 14

Solution 13: 
1 25
1 3
14 14
15 24

Solution 14: 
1 25
1 3
14 6
15 24

Solution 15: 
1 25
1 3
13 6
15 24

Solution 16: 
1 25
10 4
13 6
15 24

Solution 17: 
1 25
10 4
14 6
15 24

Solution 18: 
1 25
10 4
14 14
15 24

Solution 19: 
1 25
10 4
12 22
14 14

Number of solutions found: 20

Changes at vertices: 
13 14 -> 13 6
New Vertex: 14 14
----------------------------------
Removal 14: 
Solution 0: 
1 25
10 4
15 24

Solution 1: 
1 25
1 3
15 24

Number of solutions found: 2

Changes at vertices: 
New Vertex: 13 16
15 16 -> 15 14
----------------------------------
Removal 15: 
Solution 0: 
1 25
10 4
15 24

Solution 1: 
1 25
10 4
12 22

Solution 2: 
1 25
1 3
12 22

Solution 3: 
1 25
1 3
15 24

Number of solutions found: 4

Changes at vertices: 
New Vertex: 12 22
15 22 -> 15 16
----------------------------------
Removal 16: 
Solution 0: 
1 25
10 4
5 23

Solution 1: 
1 25
10 4
6 24

Solution 2: 
1 25
10 4
15 22

Solution 3: 
1 25
10 4
15 24

Solution 4: 
1 25
10 4
5 22

Solution 5: 
1 25
1 3
5 22

Solution 6: 
1 25
1 3
15 24

Solution 7: 
1 25
1 3
15 22

Solution 8: 
1 25
1 3
6 24

Solution 9: 
1 25
1 3
5 23

Solution 10: 
1 3
3 21
5 23

Solution 11: 
1 3
3 21
6 24

Number of solutions found: 12

Changes at vertices: 
New Vertex: 5 23
15 23 -> 15 22
----------------------------------
Removal 17: 
Solution 0: 
1 25
10 4
4 23

Solution 1: 
10 4
2 11
4 23

Solution 2: 
1 25
10 4
6 24

Solution 3: 
1 25
10 4
15 23

Solution 4: 
1 25
10 4
15 24

Solution 5: 
1 25
1 3
15 24

Solution 6: 
1 25
1 3
15 23

Solution 7: 
1 25
1 3
6 24

Solution 8: 
1 25
1 3
4 23

Solution 9: 
1 3
3 21
4 23

Solution 10: 
1 3
3 11
4 23

Solution 11: 
1 3
2 11
4 23

Solution 12: 
1 3
3 21
6 24

Number of solutions found: 13

Changes at vertices: 
New Vertex: 6 24
1 24 -> 1 25
----------------------------------
Removal 18: 
Solution 0: 
1 24
10 4

Solution 1: 
1 24
1 3

Number of solutions found: 2

Changes at vertices: 
Change visibility: 4 23
1 23 -> 1 24
----------------------------------
Removal 19: 
Solution 0: 
1 23
10 4

Solution 1: 
1 23
1 3

Solution 2: 
1 3
3 21

Number of solutions found: 3

Changes at vertices: 
Change visibility: 3 21
1 21 -> 1 23
----------------------------------
Removal 20: 
Solution 0: 
1 21
10 4

Solution 1: 
10 4
2 11

Solution 2: 
1 3
2 11

Solution 3: 
1 21
1 3

Solution 4: 
1 3
3 21

Solution 5: 
1 3
3 11

Number of solutions found: 6

Changes at vertices: 
Change visibility: 2 11
1 11 -> 1 21
----------------------------------
Removal 21: 
Solution 0: 
1 3

Number of solutions found: 1

Changes at vertices: 
New Vertex: 2 7
1 7 -> 1 11
----------------------------------
Removal 22: 
Solution 0: 
10 4

Solution 1: 
1 3

Number of solutions found: 2

Changes at vertices: 
New Vertex: 10 4
1 4 -> 1 7
----------------------------------
Removal 23: 
Solution 0: 
1 4

Solution 1: 
11 3

Solution 2: 
11 4

Solution 3: 
1 3

Number of solutions found: 4

