172
49 1
49 5
84 5
84 4
89 4
89 6
88 6
88 8
86 8
86 11
82 11
82 18
77 18
77 9
32 9
32 10
42 10
42 12
64 12
64 13
66 13
66 14
71 14
71 15
72 15
72 16
73 16
73 19
79 19
79 22
78 22
78 61
70 61
70 24
67 24
67 28
62 28
62 25
55 25
55 17
52 17
52 23
50 23
50 35
48 35
48 32
47 32
47 67
43 67
43 57
46 57
46 45
44 45
44 54
41 54
41 47
35 47
35 48
31 48
31 51
33 51
33 52
39 52
39 69
38 69
38 62
25 62
25 59
21 59
21 60
20 60
20 68
19 68
19 72
23 72
23 77
18 77
18 80
5 80
5 99
1 99
1 100
7 100
7 98
8 98
8 96
9 96
9 97
74 97
74 94
90 94
90 93
92 93
92 88
91 88
91 79
76 79
76 82
75 82
75 86
65 86
65 85
61 85
61 83
45 83
45 90
81 90
81 91
87 91
87 92
54 92
54 95
14 95
14 89
16 89
16 87
17 87
17 84
27 84
27 81
28 81
28 75
26 75
26 65
34 65
34 70
37 70
37 76
40 76
40 74
56 74
56 78
57 78
57 71
51 71
51 55
53 55
53 30
58 30
58 29
63 29
63 31
59 31
59 36
60 36
60 37
68 37
68 39
69 39
69 73
80 73
80 27
83 27
83 21
93 21
93 33
97 33
97 34
94 34
94 49
95 49
95 44
99 44
99 63
100 63
100 3
98 3
98 7
96 7
96 2
85 2
85 1
