482
249 1
249 2
170 2
170 5
161 5
161 14
157 14
157 48
152 48
152 49
151 49
151 54
173 54
173 67
169 67
169 109
166 109
166 104
164 104
164 110
160 110
160 100
158 100
158 76
156 76
156 118
155 118
155 120
153 120
153 127
168 127
168 144
148 144
148 116
146 116
146 62
150 62
150 56
149 56
149 60
141 60
141 39
136 39
136 36
138 36
138 33
144 33
144 25
145 25
145 17
135 17
135 38
125 38
125 35
130 35
130 23
132 23
132 15
120 15
120 10
126 10
126 8
122 8
122 7
79 7
79 9
5 9
5 21
2 21
2 41
12 41
12 31
15 31
15 28
27 28
27 30
37 30
37 27
64 27
64 69
65 69
65 83
63 83
63 117
62 117
62 81
57 81
57 71
45 71
45 66
54 66
54 61
44 61
44 75
6 75
6 87
47 87
47 72
51 72
51 106
35 106
35 124
22 124
22 138
21 138
21 161
29 161
29 167
18 167
18 182
20 182
20 171
24 171
24 177
26 177
26 170
33 170
33 187
14 187
14 213
13 213
13 215
7 215
7 237
1 237
1 245
8 245
8 217
30 217
30 220
41 220
41 227
42 227
42 236
43 236
43 186
46 186
46 198
48 198
48 184
39 184
39 212
19 212
19 190
34 190
34 154
28 154
28 140
36 140
36 135
31 135
31 131
23 131
23 126
38 126
38 111
49 111
49 108
58 108
58 194
56 194
56 162
52 162
52 163
50 163
50 179
53 179
53 230
55 230
55 205
59 205
59 139
60 139
60 130
61 130
61 149
71 149
71 132
72 132
72 129
76 129
76 181
77 181
77 175
78 175
78 136
80 136
80 97
81 97
81 95
70 95
70 93
69 93
69 86
73 86
73 45
67 45
67 128
66 128
66 29
68 29
68 44
74 44
74 42
75 42
75 26
16 26
16 11
115 11
115 13
118 13
118 18
117 18
117 24
127 24
127 32
91 32
91 22
82 22
82 43
83 43
83 51
84 51
84 37
116 37
116 46
140 46
140 57
89 57
89 63
86 63
86 47
85 47
85 121
90 121
90 115
98 115
98 112
87 112
87 85
88 85
88 77
99 77
99 214
97 214
97 148
96 148
96 210
95 210
95 168
93 168
93 174
92 174
92 244
94 244
94 250
100 250
100 107
103 107
103 172
104 172
104 191
102 191
102 228
110 228
110 235
111 235
111 224
108 224
108 225
106 225
106 193
107 193
107 164
105 164
105 90
101 90
101 78
109 78
109 91
113 91
113 68
137 68
137 88
139 88
139 98
143 98
143 119
142 119
142 123
133 123
133 125
147 125
147 141
129 141
129 145
121 145
121 185
119 185
119 204
112 204
112 211
114 211
114 207
123 207
123 200
124 200
124 152
128 152
128 160
131 160
131 165
134 165
134 150
165 150
165 146
172 146
172 122
167 122
167 114
171 114
171 99
176 99
176 84
180 84
180 79
177 79
177 70
179 70
179 65
175 65
175 80
174 80
174 58
178 58
178 55
181 55
181 53
154 53
154 50
163 50
163 20
159 20
159 16
162 16
162 6
187 6
187 40
186 40
186 34
184 34
184 59
190 59
190 82
182 82
182 94
185 94
185 105
192 105
192 159
188 159
188 219
183 219
183 247
191 247
191 242
220 242
220 249
245 249
245 248
248 248
248 243
246 243
246 246
241 246
241 222
219 222
219 202
230 202
230 197
231 197
231 221
240 221
240 218
243 218
243 196
235 196
235 195
232 195
232 189
226 189
226 188
222 188
222 183
218 183
218 180
228 180
228 158
244 158
244 155
217 155
217 153
221 153
221 147
234 147
234 151
247 151
247 143
242 143
242 142
239 142
239 137
238 137
238 133
229 133
229 134
215 134
215 156
236 156
236 157
227 157
227 166
224 166
224 173
223 173
223 178
213 178
213 176
214 176
214 169
207 169
207 192
208 192
208 226
206 226
206 231
203 231
203 206
205 206
205 201
202 201
202 203
200 203
200 229
201 229
201 232
209 232
209 208
211 208
211 209
212 209
212 234
216 234
216 223
225 223
225 233
233 233
233 238
237 238
237 241
210 241
210 240
196 240
196 239
197 239
197 216
199 216
199 199
194 199
194 102
195 102
195 52
189 52
189 19
198 19
198 12
193 12
193 4
204 4
204 3
250 3
250 1
