254
153 120
153 127
168 127
168 144
148 144
148 116
146 116
146 62
150 62
150 60
141 60
141 39
136 39
136 38
125 38
125 35
130 35
130 23
132 23
132 15
120 15
120 10
5 10
5 21
2 21
2 27
64 27
64 69
65 69
65 83
63 83
63 117
62 117
62 106
35 106
35 124
22 124
22 138
21 138
21 161
29 161
29 167
18 167
18 182
20 182
20 171
24 171
24 177
26 177
26 170
33 170
33 187
14 187
14 213
13 213
13 215
7 215
7 237
1 237
1 245
8 245
8 217
30 217
30 220
41 220
41 227
42 227
42 236
43 236
43 186
46 186
46 198
48 198
48 184
39 184
39 212
19 212
19 190
34 190
34 154
28 154
28 140
36 140
36 135
31 135
31 131
23 131
23 126
38 126
38 111
49 111
49 108
58 108
58 194
56 194
56 162
52 162
52 163
50 163
50 179
53 179
53 230
55 230
55 205
59 205
59 139
60 139
60 130
61 130
61 149
71 149
71 132
72 132
72 129
76 129
76 181
77 181
77 175
78 175
78 136
80 136
80 97
81 97
81 95
70 95
70 93
69 93
69 86
73 86
73 45
67 45
67 128
66 128
66 29
68 29
68 44
74 44
74 42
75 42
75 26
16 26
16 11
115 11
115 13
118 13
118 18
117 18
117 24
127 24
127 32
91 32
91 22
82 22
82 43
83 43
83 51
84 51
84 37
116 37
116 46
140 46
140 57
89 57
89 63
86 63
86 47
85 47
85 121
90 121
90 115
98 115
98 112
87 112
87 85
88 85
88 77
99 77
99 214
97 214
97 148
96 148
96 210
95 210
95 168
93 168
93 174
92 174
92 244
94 244
94 250
100 250
100 107
103 107
103 172
104 172
104 191
102 191
102 228
110 228
110 235
111 235
111 224
108 224
108 225
106 225
106 193
107 193
107 164
105 164
105 90
101 90
101 78
109 78
109 91
113 91
113 68
137 68
137 88
139 88
139 98
143 98
143 119
142 119
142 123
133 123
133 125
147 125
147 141
129 141
129 145
121 145
121 185
119 185
119 204
112 204
112 211
114 211
114 207
123 207
123 200
124 200
124 152
128 152
128 160
131 160
131 165
134 165
134 150
165 150
165 146
172 146
172 122
167 122
167 120
