84
62 117
62 106
35 106
35 124
22 124
22 138
21 138
21 161
29 161
29 167
18 167
18 182
20 182
20 171
24 171
24 177
26 177
26 170
33 170
33 187
14 187
14 213
13 213
13 215
7 215
7 237
1 237
1 245
8 245
8 217
30 217
30 220
41 220
41 227
42 227
42 236
43 236
43 186
46 186
46 198
48 198
48 184
39 184
39 212
19 212
19 190
34 190
34 154
28 154
28 140
36 140
36 135
31 135
31 131
23 131
23 126
38 126
38 111
49 111
49 108
58 108
58 194
56 194
56 162
52 162
52 163
50 163
50 179
53 179
53 230
55 230
55 205
59 205
59 139
60 139
60 130
61 130
61 132
72 132
72 129
80 129
80 128
66 128
66 117
