216
211 182
211 184
365 184
365 202
359 202
359 227
361 227
361 207
371 207
371 188
380 188
380 251
423 251
423 326
421 326
421 308
388 308
388 312
362 312
362 348
332 348
332 347
326 347
326 351
320 351
320 345
312 345
312 341
291 341
291 371
313 371
313 353
364 353
364 381
308 381
308 383
228 383
228 418
167 418
167 412
149 412
149 405
86 405
86 397
93 397
93 387
100 387
100 364
77 364
77 382
80 382
80 396
70 396
70 329
72 329
72 320
73 320
73 280
285 280
285 279
142 279
142 277
74 277
74 253
81 253
81 239
76 239
76 212
31 212
31 232
26 232
26 254
12 254
12 261
6 261
6 240
1 240
1 248
5 248
5 285
2 285
2 286
17 286
17 349
10 349
10 407
9 407
9 377
7 377
7 428
13 428
13 427
15 427
15 411
14 411
14 376
20 376
20 359
11 359
11 355
19 355
19 328
18 328
18 256
30 256
30 259
35 259
35 237
42 237
42 321
44 321
44 318
60 318
60 336
55 336
55 352
40 352
40 403
48 403
48 398
59 398
59 369
58 369
58 356
56 356
56 338
61 338
61 302
47 302
47 301
51 301
51 278
53 278
53 234
45 234
45 316
43 316
43 218
62 218
62 215
64 215
64 214
68 214
68 242
65 242
65 358
67 358
67 344
69 344
69 404
83 404
83 367
94 367
94 370
90 370
90 395
84 395
84 410
137 410
137 409
141 409
141 415
143 415
143 420
182 420
182 421
237 421
237 419
254 419
254 425
217 425
217 422
186 422
186 426
292 426
292 423
290 423
290 406
282 406
282 414
244 414
244 413
231 413
231 416
229 416
229 389
324 389
324 390
354 390
354 393
366 393
366 388
373 388
373 384
372 384
372 335
400 335
400 333
363 333
363 315
412 315
412 309
415 309
415 324
419 324
419 361
424 361
424 330
425 330
425 249
389 249
389 204
390 204
390 183
263 183
263 182
