260
15 83
15 87
9 87
9 61
4 61
4 78
2 78
2 91
5 91
5 96
11 96
11 106
7 106
7 117
10 117
10 119
1 119
1 128
3 128
3 124
6 124
6 120
8 120
8 131
17 131
17 127
12 127
12 88
31 88
31 84
47 84
47 33
50 33
50 72
48 72
48 90
56 90
56 93
59 93
59 95
74 95
74 97
70 97
70 102
69 102
69 112
66 112
66 130
73 130
73 135
34 135
34 134
52 134
52 116
51 116
51 133
35 133
35 115
22 115
22 118
21 118
21 140
19 140
19 142
23 142
23 150
24 150
24 129
25 129
25 126
28 126
28 144
29 144
29 146
43 146
43 148
44 148
44 143
60 143
60 145
58 145
58 149
111 149
111 110
115 110
115 105
121 105
121 104
123 104
123 86
128 86
128 46
131 46
131 35
130 35
130 32
126 32
126 31
132 31
132 45
133 45
133 73
135 73
135 52
136 52
136 42
138 42
138 14
139 14
139 15
143 15
143 7
144 7
144 27
140 27
140 107
141 107
141 50
142 50
142 49
150 49
150 20
149 20
149 13
148 13
148 48
146 48
146 11
147 11
147 10
145 10
145 6
129 6
129 8
116 8
116 9
137 9
137 40
134 40
134 30
125 30
125 25
119 25
119 28
118 28
118 37
117 37
117 41
114 41
114 47
127 47
127 65
124 65
124 79
122 79
122 99
120 99
120 103
113 103
113 85
112 85
112 109
108 109
108 111
106 111
106 114
103 114
103 123
104 123
104 125
105 125
105 122
107 122
107 121
109 121
109 138
110 138
110 147
61 147
61 141
46 141
46 139
37 139
37 137
49 137
49 136
98 136
98 132
75 132
75 54
72 54
72 26
76 26
76 24
77 24
77 62
78 62
78 100
88 100
88 101
99 101
99 113
100 113
100 108
102 108
102 63
101 63
101 71
96 71
96 29
94 29
94 53
95 53
95 89
97 89
97 98
91 98
91 94
81 94
81 69
85 69
85 67
89 67
89 74
87 74
87 75
92 75
92 58
93 58
93 36
90 36
90 66
83 66
83 64
79 64
79 51
80 51
80 44
86 44
86 23
67 23
67 34
68 34
68 55
64 55
64 56
65 56
65 76
71 76
71 92
57 92
57 77
54 77
54 39
53 39
53 18
45 18
45 70
41 70
41 83
