3866
3 6
3 51
1 51
1 54
4 54
4 7
5 7
5 62
6 62
6 35
9 35
9 18
90 18
90 17
81 17
81 15
49 15
49 13
233 13
233 19
413 19
413 20
140 20
140 24
167 24
167 25
171 25
171 26
342 26
342 27
232 27
232 28
253 28
253 33
319 33
319 30
309 30
309 29
397 29
397 23
163 23
163 22
268 22
268 21
409 21
409 37
277 37
277 39
400 39
400 43
123 43
123 40
203 40
203 42
257 42
257 38
73 38
73 36
83 36
83 34
54 34
54 41
10 41
10 50
15 50
15 52
13 52
13 60
34 60
34 59
85 59
85 71
45 71
45 221
50 221
50 258
51 258
51 107
72 107
72 202
74 202
74 377
62 377
62 459
55 459
55 614
53 614
53 712
52 712
52 775
56 775
56 553
58 553
58 774
61 774
61 483
57 483
57 481
66 481
66 787
64 787
64 922
67 922
67 843
65 843
65 808
78 808
78 605
77 605
77 632
71 632
71 399
75 399
75 272
80 272
80 187
79 187
79 104
94 104
94 75
118 75
118 101
204 101
204 106
156 106
156 109
86 109
86 133
95 133
95 143
87 143
87 225
98 225
98 482
104 482
104 498
91 498
91 739
92 739
92 960
108 960
108 965
110 965
110 975
112 975
112 907
121 907
121 603
124 603
124 615
125 615
125 844
135 844
135 666
137 666
137 853
131 853
131 900
129 900
129 984
139 984
139 586
138 586
138 521
133 521
133 570
128 570
128 528
111 528
111 726
107 726
107 758
100 758
100 762
109 762
109 781
116 781
116 875
96 875
96 880
93 880
93 512
105 512
105 509
122 509
122 506
114 506
114 451
99 451
99 426
117 426
117 242
115 242
115 422
102 422
102 307
103 307
103 163
126 163
126 405
127 405
127 128
141 128
141 151
146 151
146 536
165 536
165 503
161 503
161 499
149 499
149 474
159 474
159 475
191 475
191 550
180 550
180 595
181 595
181 643
184 643
184 607
187 607
187 742
190 742
190 769
186 769
186 883
183 883
183 894
192 894
192 898
185 898
185 1008
178 1008
178 1055
47 1055
47 1052
36 1052
36 1063
120 1063
120 1064
82 1064
82 1096
132 1096
132 1086
84 1086
84 1068
130 1068
130 1066
160 1066
160 1255
142 1255
142 1263
145 1263
145 1265
76 1265
76 1194
40 1194
40 1186
37 1186
37 1142
31 1142
31 1195
32 1195
32 1231
39 1231
39 1226
44 1226
44 1322
42 1322
42 1234
41 1234
41 1250
24 1250
24 1237
26 1237
26 1170
23 1170
23 1127
22 1127
22 1139
14 1139
14 1144
21 1144
21 1199
19 1199
19 1187
16 1187
16 1220
17 1220
17 1287
38 1287
38 1337
33 1337
33 1311
25 1311
25 1350
20 1350
20 1346
18 1346
18 1354
35 1354
35 1355
28 1355
28 1366
46 1366
46 1286
48 1286
48 1266
59 1266
59 1243
63 1243
63 1260
70 1260
70 1267
97 1267
97 1269
106 1269
106 1270
157 1270
157 1324
155 1324
155 1289
150 1289
150 1299
152 1299
152 1323
60 1323
60 1329
158 1329
158 1314
209 1314
209 1356
198 1356
198 1369
200 1369
200 1399
179 1399
179 1405
176 1405
176 1421
218 1421
218 1427
237 1427
237 1420
249 1420
249 1417
247 1417
247 1373
250 1373
250 1665
251 1665
251 1837
256 1837
256 1802
260 1802
260 1975
265 1975
265 2011
316 2011
316 2018
308 2018
308 2033
305 2033
305 2046
303 2046
303 2020
297 2020
297 2017
279 2017
279 2056
290 2056
290 2219
281 2219
281 2216
240 2216
240 2218
225 2218
225 2227
216 2227
216 2223
215 2223
215 2228
101 2228
101 2220
12 2220
12 2221
68 2221
68 2230
88 2230
88 2229
282 2229
282 2233
292 2233
292 2178
299 2178
299 2108
291 2108
291 2029
294 2029
294 2064
320 2064
320 2134
324 2134
324 2285
335 2285
335 2332
350 2332
350 2341
375 2341
375 2348
367 2348
367 2383
284 2383
284 2387
213 2387
213 2394
288 2394
288 2385
368 2385
368 2355
410 2355
410 2352
493 2352
493 2354
498 2354
498 2351
567 2351
567 2386
559 2386
559 2361
551 2361
551 2366
543 2366
543 2470
552 2470
552 2401
563 2401
563 2463
606 2463
606 2472
580 2472
580 2474
615 2474
615 2473
633 2473
633 2471
663 2471
663 2469
762 2469
762 2464
701 2464
701 2458
767 2458
767 2461
877 2461
877 2453
862 2453
862 2438
763 2438
763 2428
727 2428
727 2424
1211 2424
1211 2422
1315 2422
1315 2451
1452 2451
1452 2454
1469 2454
1469 2456
1450 2456
1450 2457
1478 2457
1478 2459
1127 2459
1127 2460
1628 2460
1628 2452
1763 2452
1763 2468
1745 2468
1745 2475
1447 2475
1447 2476
1777 2476
1777 2478
1544 2478
1544 2483
1457 2483
1457 2480
1426 2480
1426 2482
1372 2482
1372 2488
1464 2488
1464 2485
1481 2485
1481 2486
1488 2486
1488 2491
1445 2491
1445 2492
1526 2492
1526 2484
1577 2484
1577 2495
1582 2495
1582 2496
1658 2496
1658 2498
1674 2498
1674 2500
1695 2500
1695 2493
1603 2493
1603 2481
1591 2481
1591 2479
1785 2479
1785 2466
1787 2466
1787 2487
1782 2487
1782 2490
1796 2490
1796 2497
1722 2497
1722 2499
1911 2499
1911 2477
1843 2477
1843 2489
1908 2489
1908 2494
1799 2494
1799 2467
1822 2467
1822 2465
1821 2465
1821 2448
1669 2448
1669 2447
1632 2447
1632 2450
1622 2450
1622 2445
1318 2445
1318 2442
1648 2442
1648 2435
1701 2435
1701 2420
1659 2420
1659 2409
1651 2409
1651 2404
1613 2404
1613 2411
1605 2411
1605 2410
1604 2410
1604 2423
1602 2423
1602 2425
1618 2425
1618 2437
1601 2437
1601 2434
1590 2434
1590 2436
1550 2436
1550 2432
1580 2432
1580 2427
1573 2427
1573 2408
1510 2408
1510 2400
1505 2400
1505 2407
1466 2407
1466 2414
1472 2414
1472 2412
1542 2412
1542 2419
1502 2419
1502 2441
1317 2441
1317 2433
1388 2433
1388 2430
1487 2430
1487 2426
1353 2426
1353 2416
1043 2416
1043 2415
1004 2415
1004 2417
1072 2417
1072 2421
848 2421
848 2418
626 2418
626 2406
982 2406
982 2405
890 2405
890 2403
605 2403
605 2413
619 2413
619 2431
651 2431
651 2429
737 2429
737 2440
724 2440
724 2439
703 2439
703 2443
721 2443
721 2446
757 2446
757 2444
785 2444
785 2449
811 2449
811 2455
697 2455
697 2462
568 2462
568 2402
572 2402
572 2395
577 2395
577 2381
588 2381
588 2376
822 2376
822 2377
1071 2377
1071 2378
751 2378
751 2390
775 2390
775 2391
867 2391
867 2392
955 2392
955 2388
991 2388
991 2397
999 2397
999 2399
1193 2399
1193 2393
1192 2393
1192 2398
1173 2398
1173 2396
1119 2396
1119 2318
1158 2318
1158 2308
1177 2308
1177 2304
1175 2304
1175 2306
1167 2306
1167 2305
1153 2305
1153 2303
1187 2303
1187 2273
1172 2273
1172 2297
1130 2297
1130 2309
1121 2309
1121 2310
1111 2310
1111 2267
1180 2267
1180 2263
1109 2263
1109 2255
1075 2255
1075 2252
988 2252
988 2248
980 2248
980 2253
960 2253
960 2074
959 2074
959 2032
977 2032
977 2036
1052 2036
1052 2042
1073 2042
1073 2035
1099 2035
1099 2019
1007 2019
1007 2016
1082 2016
1082 2013
1191 2013
1191 2012
1014 2012
1014 2010
1016 2010
1016 2007
1141 2007
1141 1799
1146 1799
1146 1955
1151 1955
1151 1776
1150 1776
1150 1739
1118 1739
1118 1630
1104 1630
1104 1677
1059 1677
1059 1669
1095 1669
1095 1619
1137 1619
1137 1609
1094 1609
1094 1660
1070 1660
1070 1647
1055 1647
1055 1645
1048 1645
1048 1700
1045 1700
1045 1604
1124 1604
1124 1569
1074 1569
1074 1544
1091 1544
1091 1543
1077 1543
1077 1536
1120 1536
1120 1509
1089 1509
1089 1507
1227 1507
1227 1565
1234 1565
1234 1766
1347 1766
1347 1784
1332 1784
1332 1800
1650 1800
1650 1801
1399 1801
1399 1807
1352 1807
1352 1809
1360 1809
1360 1817
1384 1817
1384 1819
1247 1819
1247 1835
1267 1835
1267 1839
1268 1839
1268 1888
1272 1888
1272 2050
1271 2050
1271 2053
1395 2053
1395 2051
1693 2051
1693 2062
1705 2062
1705 2072
1597 2072
1597 2069
1576 2069
1576 2068
1375 2068
1375 2073
1749 2073
1749 2047
1367 2047
1367 2045
1342 2045
1342 2043
1305 2043
1305 2048
1273 2048
1273 1882
1275 1882
1275 1836
1279 1836
1279 1820
1489 1820
1489 1814
1492 1814
1492 1872
1467 1872
1467 1838
1460 1838
1460 1826
1316 1826
1316 1830
1307 1830
1307 1840
1309 1840
1309 1920
1325 1920
1325 1922
1312 1922
1312 1953
1308 1953
1308 2021
1314 2021
1314 1937
1321 1937
1321 1961
1336 1961
1336 2001
1421 2001
1421 2023
1407 2023
1407 2024
1396 2024
1396 2028
1424 2028
1424 2030
1330 2030
1330 2038
1594 2038
1594 2041
1998 2041
1998 2040
1858 2040
1858 2039
2033 2039
2033 2034
2338 2034
2338 2061
2329 2061
2329 2066
2323 2066
2323 2071
2342 2071
2342 2075
2101 2075
2101 2076
1676 2076
1676 2095
1688 2095
1688 2085
1689 2085
1689 2077
2344 2077
2344 2078
2146 2078
2146 2081
1818 2081
1818 2120
1823 2120
1823 2132
1815 2132
1815 2168
1814 2168
1814 2194
1765 2194
1765 2190
1661 2190
1661 2189
1541 2189
1541 2180
1583 2180
1583 2170
1638 2170
1638 2177
1791 2177
1791 2099
1470 2099
1470 2101
1778 2101
1778 2150
1744 2150
1744 2162
1771 2162
1771 2165
1698 2165
1698 2153
1686 2153
1686 2169
1504 2169
1504 2151
1368 2151
1368 2152
1480 2152
1480 2181
1523 2181
1523 2192
1708 2192
1708 2195
1420 2195
1420 2199
1233 2199
1233 2158
1225 2158
1225 2186
1216 2186
1216 2182
1209 2182
1209 2200
1435 2200
1435 2197
1610 2197
1610 2196
2013 2196
2013 2188
1932 2188
1932 2187
2296 2187
2296 2185
1983 2185
1983 2183
1897 2183
1897 2193
1855 2193
1855 2175
2023 2175
2023 2173
2368 2173
2368 2172
2004 2172
2004 2166
1985 2166
1985 2171
1892 2171
1892 2159
1846 2159
1846 2160
1833 2160
1833 2104
1852 2104
1852 2146
1836 2146
1836 2148
1854 2148
1854 2094
1861 2094
1861 2091
1849 2091
1849 2083
1918 2083
1918 2088
1964 2088
1964 2093
2022 2093
2022 2096
2070 2096
2070 2109
2155 2109
2155 2112
2354 2112
2354 2116
2322 2116
2322 2119
2129 2119
2129 2122
2207 2122
2207 2121
2374 2121
2374 2124
2380 2124
2380 2143
2400 2143
2400 2164
2405 2164
2405 2202
2404 2202
2404 2214
2440 2214
2440 2222
2428 2222
2428 2234
2259 2234
2259 2232
2417 2232
2417 2231
2395 2231
2395 2224
2141 2224
2141 2225
2217 2225
2217 2235
1951 2235
1951 2243
1900 2243
1900 2259
1928 2259
1928 2260
1968 2260
1968 2276
1902 2276
1902 2272
1933 2272
1933 2271
1895 2271
1895 2279
1905 2279
1905 2281
1960 2281
1960 2282
1776 2282
1776 2284
1824 2284
1824 2293
1654 2293
1654 2292
1667 2292
1667 2262
1653 2262
1653 2265
1600 2265
1600 2275
1518 2275
1518 2277
1578 2277
1578 2290
1570 2290
1570 2294
1694 2294
1694 2295
1556 2295
1556 2291
1433 2291
1433 2280
1283 2280
1283 2283
1236 2283
1236 2287
1221 2287
1221 2289
1393 2289
1393 2299
1440 2299
1440 2296
1738 2296
1738 2302
1775 2302
1775 2300
1845 2300
1845 2286
1950 2286
1950 2298
1999 2298
1999 2307
1958 2307
1958 2315
1973 2315
1973 2323
1987 2323
1987 2327
2019 2327
2019 2321
1984 2321
1984 2311
2002 2311
2002 2288
2001 2288
2001 2257
1981 2257
1981 2251
1937 2251
1937 2244
1955 2244
1955 2236
2017 2236
2017 2242
2090 2242
2090 2239
2337 2239
2337 2238
2474 2238
2474 2209
2470 2209
2470 2129
2468 2129
2468 2111
2448 2111
2448 2206
2447 2206
2447 2203
2446 2203
2446 2213
2416 2213
2416 2117
2426 2117
2426 2131
2429 2131
2429 2126
2434 2126
2434 2123
2435 2123
2435 2118
2443 2118
2443 2113
2432 2113
2432 2106
2430 2106
2430 2063
2422 2063
2422 2092
2419 2092
2419 2102
2412 2102
2412 2157
2409 2157
2409 2125
2389 2125
2389 2115
2364 2115
2364 2110
2182 2110
2182 2103
2144 2103
2144 2105
2142 2105
2142 2107
2071 2107
2071 2087
2082 2087
2082 2086
2018 2086
2018 2082
2024 2082
2024 2084
2358 2084
2358 2080
2313 2080
2313 2079
2350 2079
2350 2060
2399 2060
2399 2052
2346 2052
2346 2044
2348 2044
2348 2026
2345 2026
2345 2025
2125 2025
2125 2022
2046 2022
2046 2031
2009 2031
2009 2037
1429 2037
1429 2015
1428 2015
1428 2014
1425 2014
1425 1977
1431 1977
1431 1983
1562 1983
1562 1981
1687 1981
1687 1946
1724 1946
1724 1917
1746 1917
1746 1904
1875 1904
1875 1939
1972 1939
1972 1964
1856 1964
1856 1965
1756 1965
1756 1969
1901 1969
1901 1967
1995 1967
1995 1927
1988 1927
1988 1915
1967 1915
1967 1929
1885 1929
1885 1913
1889 1913
1889 1911
2063 1911
2063 1958
2073 1958
2073 1950
2196 1950
2196 1951
2210 1951
2210 1966
2211 1966
2211 1986
1944 1986
1944 2009
1945 2009
1945 1996
1965 1996
1965 1988
1977 1988
1977 1991
2012 1991
2012 1995
1991 1995
1991 1997
1959 1997
1959 2003
2194 2003
2194 2000
2091 2000
2091 1999
2161 1999
2161 1994
2044 1994
2044 1990
2075 1990
2075 1992
2190 1992
2190 1993
2223 1993
2223 1956
2271 1956
2271 1974
2297 1974
2297 1972
2275 1972
2275 1944
2327 1944
2327 1952
2316 1952
2316 1971
2325 1971
2325 1989
2427 1989
2427 1987
2352 1987
2352 1962
2355 1962
2355 1957
2379 1957
2379 1982
2415 1982
2415 1852
2402 1852
2402 1849
2424 1849
2424 1878
2423 1878
2423 1892
2437 1892
2437 1847
2442 1847
2442 1843
2279 1843
2279 1871
2276 1871
2276 1860
2263 1860
2263 1857
2221 1857
2221 1853
2068 1853
2068 1855
2080 1855
2080 1854
2103 1854
2103 1859
2195 1859
2195 1865
2231 1865
2231 1869
2057 1869
2057 1868
2014 1868
2014 1870
2189 1870
2189 1874
2089 1874
2089 1881
1979 1881
1979 1886
2000 1886
2000 1887
2113 1887
2113 1883
2121 1883
2121 1875
2131 1875
2131 1884
2162 1884
2162 1876
2232 1876
2232 1866
2267 1866
2267 1879
2299 1879
2299 1867
2293 1867
2293 1845
2401 1845
2401 1873
2413 1873
2413 1948
2351 1948
2351 1926
2331 1926
2331 1903
2269 1903
2269 1928
2292 1928
2292 1935
2201 1935
2201 1949
2095 1949
2095 1938
2102 1938
2102 1908
1962 1908
1962 1909
1888 1909
1888 1906
2126 1906
2126 1900
2060 1900
2060 1902
1761 1902
1761 1901
1682 1901
1682 1943
1663 1943
1663 1942
1665 1942
1665 1941
1637 1941
1637 1936
1617 1936
1617 1932
1634 1932
1634 1918
1616 1918
1616 1921
1571 1921
1571 1914
1551 1914
1551 1923
1585 1923
1585 1930
1615 1930
1615 1947
1681 1947
1681 1973
1647 1973
1647 1978
1476 1978
1476 1970
1423 1970
1423 1933
1349 1933
1349 1934
1391 1934
1391 1954
1381 1954
1381 1979
1394 1979
1394 1980
1361 1980
1361 1998
1348 1998
1348 1931
1365 1931
1365 1925
1346 1925
1346 1910
1334 1910
1334 1905
1329 1905
1329 1896
1437 1896
1437 1919
1482 1919
1482 1907
1468 1907
1468 1897
1495 1897
1495 1890
1490 1890
1490 1891
1448 1891
1448 1895
1310 1895
1310 1864
1364 1864
1364 1862
1344 1862
1344 1856
1401 1856
1401 1851
1337 1851
1337 1827
1456 1827
1456 1880
1462 1880
1462 1885
1497 1885
1497 1889
1499 1889
1499 1806
1598 1806
1598 1816
1630 1816
1630 1813
1607 1813
1607 1811
1839 1811
1839 1804
1755 1804
1755 1803
1916 1803
1916 1825
1939 1825
1939 1848
1923 1848
1923 1850
1954 1850
1954 1831
1971 1831
1971 1829
2305 1829
2305 1824
2390 1824
2390 1786
2397 1786
2397 1783
2396 1783
2396 1780
2393 1780
2393 1752
2381 1752
2381 1785
2376 1785
2376 1743
2414 1743
2414 1765
2421 1765
2421 1736
2418 1736
2418 1608
2407 1608
2407 1564
2408 1564
2408 1549
2411 1549
2411 1444
2406 1444
2406 1721
2360 1721
2360 1761
2304 1761
2304 1748
2330 1748
2330 1722
2315 1722
2315 1713
2339 1713
2339 1717
2353 1717
2353 1698
2336 1698
2336 1697
2186 1697
2186 1702
2177 1702
2177 1733
2094 1733
2094 1723
2136 1723
2136 1719
2135 1719
2135 1679
2137 1679
2137 1661
2111 1661
2111 1655
2092 1655
2092 1672
2054 1672
2054 1653
1974 1653
1974 1675
1980 1675
1980 1683
2133 1683
2133 1704
2086 1704
2086 1691
2006 1691
2006 1687
1994 1687
1994 1688
1890 1688
1890 1676
1886 1676
1886 1650
1891 1650
1891 1648
1919 1648
1919 1646
1936 1646
1936 1631
1878 1631
1878 1625
1877 1625
1877 1639
1914 1639
1914 1644
1859 1644
1859 1638
1675 1638
1675 1657
1644 1657
1644 1663
1623 1663
1623 1664
1656 1664
1656 1668
1702 1668
1702 1654
1692 1654
1692 1643
1819 1643
1819 1671
1780 1671
1780 1673
1829 1673
1829 1651
1883 1651
1883 1696
1729 1696
1729 1706
1758 1706
1758 1703
2062 1703
2062 1705
2008 1705
2008 1707
1894 1707
1894 1709
1773 1709
1773 1724
1736 1724
1736 1742
1762 1742
1762 1754
1850 1754
1850 1747
1842 1747
1842 1745
1840 1745
1840 1750
1769 1750
1769 1731
1820 1731
1820 1711
1948 1711
1948 1720
1893 1720
1893 1729
1969 1729
1969 1751
1970 1751
1970 1727
2007 1727
2007 1714
1996 1714
1996 1710
2059 1710
2059 1716
2085 1716
2085 1734
2193 1734
2193 1708
2212 1708
2212 1737
2298 1737
2298 1771
2280 1771
2280 1778
2333 1778
2333 1798
2334 1798
2334 1805
2286 1805
2286 1815
2326 1815
2326 1818
2274 1818
2274 1823
1953 1823
1953 1842
1949 1842
1949 1810
1961 1810
1961 1821
1975 1821
1975 1790
1834 1790
1834 1792
1646 1792
1646 1793
1536 1793
1536 1796
1507 1796
1507 1797
1414 1797
1414 1794
1491 1794
1491 1782
1572 1782
1572 1781
1997 1781
1997 1788
2045 1788
2045 1767
1747 1767
1747 1772
1730 1772
1730 1773
2041 1773
2041 1777
1566 1777
1566 1768
1508 1768
1508 1759
1461 1759
1461 1770
1486 1770
1486 1775
1483 1775
1483 1791
1379 1791
1379 1764
1297 1764
1297 1760
1260 1760
1260 1652
1264 1652
1264 1629
1292 1629
1292 1635
1304 1635
1304 1603
1455 1603
1455 1599
1296 1599
1296 1598
1299 1598
1299 1589
1289 1589
1289 1591
1265 1591
1265 1607
1280 1607
1280 1626
1263 1626
1263 1636
1238 1636
1238 1633
1252 1633
1252 1620
1248 1620
1248 1568
1255 1568
1255 1561
1256 1561
1256 1618
1259 1618
1259 1535
1257 1535
1257 1526
1244 1526
1244 1513
1241 1513
1241 1503
1286 1503
1286 1562
1287 1562
1287 1583
1343 1583
1343 1539
1358 1539
1358 1546
1357 1546
1357 1556
1404 1556
1404 1553
1411 1553
1411 1548
1528 1548
1528 1559
1587 1559
1587 1537
1553 1537
1553 1531
1810 1531
1810 1532
1848 1532
1848 1552
2051 1552
2051 1512
2003 1512
2003 1434
2074 1434
2074 1435
2139 1435
2139 1436
2165 1436
2165 1365
2198 1365
2198 1283
2208 1283
2208 1282
2245 1282
2245 1297
2291 1297
2291 1315
2294 1315
2294 1317
2483 1317
2483 1327
2494 1327
2494 1371
2486 1371
2486 1403
2484 1403
2484 1520
2488 1520
2488 1610
2485 1610
2485 1640
2487 1640
2487 2130
2489 2130
2489 1844
2490 1844
2490 2215
2491 2215
2491 1443
2493 1443
2493 1450
2492 1450
2492 1523
2495 1523
2495 2328
2497 2328
2497 2057
2498 2057
2498 1349
2499 1349
2499 1343
2500 1343
2500 1335
2496 1335
2496 1316
2436 1316
2436 1301
2382 1301
2382 1261
2398 1261
2398 1249
2384 1249
2384 1206
2356 1206
2356 1232
2317 1232
2317 1224
2312 1224
2312 1149
2385 1149
2385 1143
2392 1143
2392 1165
2394 1165
2394 1135
2372 1135
2372 1128
2289 1128
2289 1126
2328 1126
2328 1122
2307 1122
2307 1121
2383 1121
2383 1114
2273 1114
2273 1113
2272 1113
2272 1107
2300 1107
2300 1103
2386 1103
2386 1065
2371 1065
2371 1010
2369 1010
2369 999
2343 999
2343 1015
2321 1015
2321 1073
2283 1073
2283 1085
2332 1085
2332 1024
2349 1024
2349 1035
2347 1035
2347 1040
2362 1040
2362 1050
2366 1050
2366 1031
2370 1031
2370 1097
2230 1097
2230 1132
2233 1132
2233 1131
2256 1131
2256 1134
2260 1134
2260 1228
2248 1228
2248 1215
2258 1215
2258 1179
2215 1179
2215 1192
2202 1192
2202 1193
2250 1193
2250 1191
2228 1191
2228 1190
2218 1190
2218 1184
2251 1184
2251 1189
2255 1189
2255 1211
2240 1211
2240 1233
2287 1233
2287 1225
2261 1225
2261 1138
2270 1138
2270 1153
2277 1153
2277 1130
2244 1130
2244 1115
2249 1115
2249 1120
2302 1120
2302 1124
2281 1124
2281 1129
2310 1129
2310 1239
2361 1239
2361 1218
2365 1218
2365 1213
2367 1213
2367 1245
2375 1245
2375 1284
2378 1284
2378 1304
2373 1304
2373 1308
2388 1308
2388 1310
2420 1310
2420 1312
2340 1312
2340 1303
2357 1303
2357 1293
2359 1293
2359 1288
2319 1288
2319 1290
2247 1290
2247 1272
2204 1272
2204 1273
2191 1273
2191 1325
2188 1325
2188 1363
2184 1363
2184 1340
2148 1340
2148 1348
2160 1348
2160 1429
2151 1429
2151 1430
2128 1430
2128 1401
2076 1401
2076 1406
2053 1406
2053 1400
2065 1400
2065 1382
1910 1382
1910 1384
1803 1384
1803 1388
1369 1388
1369 1391
1389 1391
1389 1395
1606 1395
1606 1402
1636 1402
1636 1392
1657 1392
1657 1396
1768 1396
1768 1394
1838 1394
1838 1389
2047 1389
2047 1397
2052 1397
2052 1404
2039 1404
2039 1418
2035 1418
2035 1425
2040 1425
2040 1416
2066 1416
2066 1408
2108 1408
2108 1412
2123 1412
2123 1433
2088 1433
2088 1431
2015 1431
2015 1426
1982 1426
1982 1467
1976 1467
1976 1479
1957 1479
1957 1447
1952 1447
1952 1453
1943 1453
1943 1451
1946 1451
1946 1423
1942 1423
1942 1409
1909 1409
1909 1411
1940 1411
1940 1491
1934 1491
1934 1485
1924 1485
1924 1483
1917 1483
1917 1440
1866 1440
1866 1470
1757 1470
1757 1474
1753 1474
1753 1505
1770 1505
1770 1473
1774 1473
1774 1472
1868 1472
1868 1448
1869 1448
1869 1441
1913 1441
1913 1452
1912 1452
1912 1497
1992 1497
1992 1511
1990 1511
1990 1518
2026 1518
2026 1534
2016 1534
2016 1519
2011 1519
2011 1551
1863 1551
1863 1533
1993 1533
1993 1524
1947 1524
1947 1516
1931 1516
1931 1510
1790 1510
1790 1515
1882 1515
1882 1514
1920 1514
1920 1525
1929 1525
1929 1528
1666 1528
1666 1530
1485 1530
1485 1547
1363 1547
1363 1538
1311 1538
1311 1581
1290 1581
1290 1499
1220 1499
1220 1502
1162 1502
1162 1500
1144 1500
1144 1490
1135 1490
1135 1496
1112 1496
1112 1487
1183 1487
1183 1375
1194 1375
1194 1359
1198 1359
1198 1208
1202 1208
1202 1230
1210 1230
1210 1252
1222 1252
1222 1259
1376 1259
1376 1268
1373 1268
1373 1300
1378 1300
1378 1307
1377 1307
1377 1306
1323 1306
1323 1302
1218 1302
1218 1305
1214 1305
1214 1309
1406 1309
1406 1319
1403 1319
1403 1318
1262 1318
1262 1328
1269 1328
1269 1326
1282 1326
1282 1341
1356 1341
1356 1344
1463 1344
1463 1347
1527 1347
1527 1353
1608 1353
1608 1345
1609 1345
1609 1351
1640 1351
1640 1342
1443 1342
1443 1336
1285 1336
1285 1334
1474 1334
1474 1333
1595 1333
1595 1332
1295 1332
1295 1321
1415 1321
1415 1320
1419 1320
1419 1262
1417 1262
1417 1274
1385 1274
1385 1258
1362 1258
1362 1256
1230 1256
1230 1254
1277 1254
1277 1251
1215 1251
1215 1214
1223 1214
1223 1238
1226 1238
1226 1200
1331 1200
1331 1203
1266 1203
1266 1209
1359 1209
1359 1202
1386 1202
1386 1212
1326 1212
1326 1242
1333 1242
1333 1244
1340 1244
1340 1240
1328 1240
1328 1227
1392 1227
1392 1222
1335 1222
1335 1217
1413 1217
1413 1219
1442 1219
1442 1216
1400 1216
1400 1205
1387 1205
1387 1197
1224 1197
1224 1207
1217 1207
1217 1172
1422 1172
1422 1171
1625 1171
1625 1154
1612 1154
1612 1125
1641 1125
1641 1116
1645 1116
1645 1118
1714 1118
1714 1123
1767 1123
1767 1117
1876 1117
1876 1112
1699 1112
1699 1109
1881 1109
1881 1111
1915 1111
1915 1119
1989 1119
1989 1110
1978 1110
1978 1102
1966 1102
1966 1104
1956 1104
1956 1108
1874 1108
1874 1106
1941 1106
1941 1100
1906 1100
1906 1095
1904 1095
1904 1089
1986 1089
1986 1088
1835 1088
1835 1057
1870 1057
1870 1048
1817 1048
1817 1030
1828 1030
1828 1023
1797 1023
1797 1003
1851 1003
1851 1001
1884 1001
1884 1007
1880 1007
1880 1034
1871 1034
1871 1037
1899 1037
1899 994
1683 994
1683 993
1715 993
1715 991
1588 991
1588 995
1513 995
1513 996
1465 996
1465 985
1459 985
1459 983
1816 983
1816 974
1896 974
1896 969
1844 969
1844 973
1831 973
1831 959
1807 959
1807 957
1704 957
1704 962
1806 962
1806 963
1811 963
1811 976
1793 976
1793 980
1750 980
1750 979
1700 979
1700 977
1635 977
1635 972
1690 972
1690 966
1684 966
1684 967
1619 967
1619 981
1546 981
1546 968
1444 968
1444 990
1371 990
1371 971
1366 971
1366 982
1370 982
1370 992
1355 992
1355 987
1322 987
1322 998
1592 998
1592 997
1631 997
1631 1002
1291 1002
1291 1005
1751 1005
1751 1000
1788 1000
1788 1012
1737 1012
1737 1013
1501 1013
1501 1022
1446 1022
1446 1033
1449 1033
1449 1029
1458 1029
1458 1049
1581 1049
1581 1046
1532 1046
1532 1027
1558 1027
1558 1026
1593 1026
1593 1025
1599 1025
1599 1018
1555 1018
1555 1016
1717 1016
1717 1020
1731 1020
1731 1019
1772 1019
1772 1017
1784 1017
1784 1041
1748 1041
1748 1042
1764 1042
1764 1045
1795 1045
1795 1043
1813 1043
1813 1074
1827 1074
1827 1081
1830 1081
1830 1083
1832 1083
1832 1092
1853 1092
1853 1094
1873 1094
1873 1101
1786 1101
1786 1062
1789 1062
1789 1069
1792 1069
1792 1093
1809 1093
1809 1090
1798 1090
1798 1070
1800 1070
1800 1058
1783 1058
1783 1067
1781 1067
1781 1105
1596 1105
1596 1133
1611 1133
1611 1167
1484 1167
1484 1169
1213 1169
1213 1163
1219 1163
1219 1161
1253 1161
1253 1157
1350 1157
1350 1146
1300 1146
1300 1147
1302 1147
1302 1156
1270 1156
1270 1151
1200 1151
1200 1150
1197 1150
1197 1158
1163 1158
1163 1160
1132 1160
1132 1223
1136 1223
1136 1168
1164 1168
1164 1264
1174 1264
1174 1235
1182 1235
1182 1210
1185 1210
1185 1183
1201 1183
1201 1164
1207 1164
1207 1162
1208 1162
1208 1196
1195 1196
1195 1357
1189 1357
1189 1374
1171 1374
1171 1386
1178 1386
1178 1466
1181 1466
1181 1478
1128 1478
1128 1476
1157 1476
1157 1471
1168 1471
1168 1372
1114 1372
1114 1376
1080 1376
1080 1368
1068 1368
1068 1379
1159 1379
1159 1465
1098 1465
1098 1459
1107 1459
1107 1445
1066 1445
1066 1458
1056 1458
1056 1464
1078 1464
1078 1469
1069 1469
1069 1486
1063 1486
1063 1495
1062 1495
1062 1506
1058 1506
1058 1522
1054 1522
1054 1570
1116 1570
1116 1578
1038 1578
1038 1594
1033 1594
1033 1577
1050 1577
1050 1572
1031 1572
1031 1600
1032 1600
1032 1680
1029 1680
1029 1563
1026 1563
1026 1692
1023 1692
1023 1685
1010 1685
1010 1715
1081 1715
1081 1726
1001 1726
1001 1666
1005 1666
1005 1632
1009 1632
1009 1593
1002 1593
1002 1498
996 1498
996 1641
994 1641
994 1542
983 1542
983 1494
968 1494
968 1493
967 1493
967 1432
963 1432
963 1415
973 1415
973 1380
964 1380
964 1378
961 1378
961 1460
947 1460
947 1468
965 1468
965 1481
933 1481
933 1558
935 1558
935 1567
946 1567
946 1566
950 1566
950 1584
951 1584
951 1517
943 1517
943 1550
939 1550
939 1482
952 1482
952 1592
909 1592
909 1463
893 1463
893 1449
764 1449
764 1455
768 1455
768 1461
744 1461
744 1456
746 1456
746 1407
722 1407
722 1410
654 1410
654 1419
650 1419
650 1424
694 1424
694 1422
671 1422
671 1414
720 1414
720 1454
700 1454
700 1475
798 1475
798 1484
815 1484
815 1480
881 1480
881 1492
884 1492
884 1508
880 1508
880 1554
900 1554
900 1501
906 1501
906 1595
953 1595
953 1488
966 1488
966 1744
1035 1744
1035 1741
1041 1741
1041 1753
1087 1753
1087 1769
1086 1769
1086 1924
1088 1924
1088 1735
972 1735
972 1682
969 1682
969 1649
998 1649
998 1725
984 1725
984 1730
1085 1730
1085 1693
1102 1693
1102 1699
1110 1699
1110 1634
1117 1634
1117 1812
1122 1812
1122 1832
1126 1832
1126 1984
1129 1984
1129 1789
1139 1789
1139 1822
1133 1822
1133 1945
1138 1945
1138 2002
1131 2002
1131 2004
1134 2004
1134 2005
974 2005
974 2006
1000 2006
1000 2027
949 2027
949 2049
956 2049
956 2089
908 2089
908 2055
903 2055
903 2138
901 2138
901 2149
874 2149
874 2133
784 2133
784 2137
828 2137
828 2139
738 2139
738 2127
692 2127
692 2154
718 2154
718 2141
704 2141
704 2140
857 2140
857 2155
820 2155
820 2161
831 2161
831 2167
786 2167
786 2176
770 2176
770 2205
748 2205
748 2210
754 2210
754 2226
837 2226
837 2211
842 2211
842 2241
772 2241
772 2237
639 2237
639 2240
675 2240
675 2247
898 2247
898 2246
779 2246
779 2245
849 2245
849 2217
844 2217
844 2208
800 2208
800 2207
808 2207
808 2174
846 2174
846 2191
859 2191
859 2198
869 2198
869 2212
870 2212
870 2156
917 2156
917 2201
920 2201
920 2135
922 2135
922 2098
940 2098
940 2114
954 2114
954 2254
976 2254
976 2274
986 2274
986 2258
1090 2258
1090 2266
1008 2266
1008 2268
1106 2268
1106 2301
1105 2301
1105 2324
1011 2324
1011 2333
1092 2333
1092 2326
1108 2326
1108 2380
1101 2380
1101 2389
993 2389
993 2384
803 2384
803 2382
802 2382
802 2379
1096 2379
1096 2373
1100 2373
1100 2365
1084 2365
1084 2369
1021 2369
1021 2360
987 2360
987 2356
683 2356
683 2353
766 2353
766 2350
875 2350
875 2336
866 2336
866 2319
705 2319
705 2314
915 2314
915 2313
676 2313
676 2316
670 2316
670 2317
662 2317
662 2322
730 2322
730 2320
830 2320
830 2331
823 2331
823 2335
843 2335
843 2337
873 2337
873 2349
797 2349
797 2347
790 2347
790 2338
760 2338
760 2342
745 2342
745 2343
726 2343
726 2339
673 2339
673 2325
613 2325
613 2249
604 2249
604 2269
590 2269
590 2264
582 2264
582 2278
585 2278
585 2270
608 2270
608 2334
631 2334
631 2340
616 2340
616 2345
665 2345
665 2357
971 2357
971 2358
981 2358
981 2367
1012 2367
1012 2372
801 2372
801 2368
781 2368
781 2370
719 2370
719 2364
856 2364
856 2362
804 2362
804 2363
620 2363
620 2371
707 2371
707 2374
934 2374
934 2375
573 2375
573 2359
569 2359
569 2346
434 2346
434 2344
523 2344
523 2330
557 2330
557 2329
340 2329
340 2312
344 2312
344 2261
363 2261
363 2256
326 2256
326 1960
331 1960
331 2250
332 2250
332 2067
334 2067
334 1899
325 1899
325 1963
318 1963
318 1898
301 1898
301 1912
293 1912
293 1877
280 1877
280 1774
278 1774
278 1779
276 1779
276 1728
275 1728
275 1606
298 1606
298 1656
283 1656
283 1659
310 1659
310 1738
328 1738
328 1489
329 1489
329 1477
327 1477
327 1393
333 1393
333 1390
330 1390
330 1362
323 1362
323 1361
307 1361
307 1188
306 1188
306 1504
312 1504
312 1580
313 1580
313 1540
321 1540
321 1684
314 1684
314 1616
317 1616
317 1597
295 1597
295 1596
274 1596
274 1916
302 1916
302 1940
315 1940
315 1985
285 1985
285 1976
304 1976
304 1959
262 1959
262 1894
263 1894
263 1863
271 1863
271 1757
255 1757
255 1667
269 1667
269 1740
273 1740
273 1545
270 1545
270 1555
267 1555
267 1398
266 1398
266 1590
264 1590
264 1658
258 1658
258 1623
261 1623
261 1579
252 1579
252 1541
254 1541
254 1370
286 1370
286 1367
243 1367
243 1377
231 1377
231 1339
229 1339
229 1330
211 1330
211 1313
162 1313
162 1080
220 1080
220 1182
289 1182
289 1181
300 1181
300 1176
272 1176
272 1177
246 1177
246 1175
336 1175
336 1174
245 1174
245 1178
238 1178
238 1180
227 1180
227 1148
242 1148
242 1141
236 1141
236 1087
239 1087
239 1076
226 1076
226 1071
235 1071
235 1061
339 1061
339 1077
311 1077
311 1136
296 1136
296 1137
338 1137
338 1082
362 1082
362 1099
364 1099
364 1084
365 1084
365 1051
366 1051
366 828
357 828
357 694
361 694
361 752
369 752
369 686
359 686
359 671
353 671
353 625
389 625
389 645
392 645
392 1159
391 1159
391 869
390 869
390 1038
388 1038
388 792
385 792
385 1039
384 1039
384 1079
383 1079
383 839
381 839
381 676
380 676
380 1145
382 1145
382 1247
379 1247
379 777
371 777
371 1032
374 1032
374 820
377 820
377 887
376 887
376 1294
378 1294
378 1281
394 1281
394 1257
395 1257
395 1253
386 1253
386 1229
387 1229
387 1173
399 1173
399 1155
401 1155
401 948
398 948
398 896
396 896
396 1014
393 1014
393 740
407 740
407 692
421 692
421 714
450 714
450 827
415 827
415 799
422 799
422 790
418 790
418 794
416 794
416 793
404 793
404 956
405 956
405 1047
423 1047
423 1140
420 1140
420 1152
414 1152
414 1292
437 1292
437 1381
447 1381
447 1387
436 1387
436 1521
433 1521
433 1615
461 1615
461 1637
475 1637
475 1701
477 1701
477 1749
473 1749
473 1758
480 1758
480 1762
474 1762
474 1828
488 1828
488 1861
497 1861
497 1846
540 1846
540 1858
541 1858
541 1968
530 1968
530 1893
526 1893
526 2008
520 2008
520 2058
521 2058
521 2054
522 2054
522 2059
545 2059
545 2065
518 2065
518 2090
524 2090
524 2128
494 2128
494 2136
457 2136
457 2142
452 2142
452 2163
438 2163
438 2184
439 2184
439 2179
454 2179
454 2204
460 2204
460 2147
511 2147
511 2145
513 2145
513 2144
537 2144
537 2100
525 2100
525 2097
538 2097
538 2070
548 2070
548 1689
550 1689
550 1808
564 1808
564 1763
553 1763
553 1718
554 1718
554 1642
555 1642
555 1681
574 1681
574 1732
578 1732
578 1690
581 1690
581 1841
587 1841
587 1694
594 1694
594 1662
586 1662
586 1627
579 1627
579 1622
576 1622
576 1670
571 1670
571 1617
598 1617
598 1695
595 1695
595 1834
596 1834
596 1712
600 1712
600 1755
599 1755
599 1756
609 1756
609 1674
601 1674
601 1611
614 1611
614 1602
531 1602
531 1601
496 1601
496 1613
528 1613
528 1614
560 1614
560 1621
566 1621
566 1628
549 1628
549 1686
547 1686
547 1746
542 1746
542 1787
539 1787
539 1833
492 1833
492 1795
482 1795
482 1678
491 1678
491 1587
495 1587
495 1529
490 1529
490 1605
487 1605
487 1612
489 1612
489 1624
476 1624
476 1446
499 1446
499 1442
507 1442
507 1586
527 1586
527 1582
575 1582
575 1576
546 1576
546 1574
536 1574
536 1573
593 1573
593 1585
603 1585
603 1588
610 1588
610 1571
583 1571
583 1557
519 1557
519 1462
516 1462
516 1383
517 1383
517 1331
505 1331
505 1360
501 1360
501 1364
502 1364
502 1385
509 1385
509 1358
515 1358
515 1438
503 1438
503 1439
472 1439
472 1560
469 1560
469 1575
443 1575
443 1457
445 1457
445 1428
456 1428
456 1413
465 1413
465 1437
466 1437
466 1527
467 1527
467 1338
471 1338
471 1296
462 1296
462 1298
463 1298
463 1352
451 1352
451 1295
453 1295
453 1291
419 1291
419 1285
431 1285
431 1279
486 1279
486 1280
533 1280
533 1277
558 1277
558 1271
512 1271
512 1072
514 1072
514 978
532 978
532 1098
535 1098
535 988
534 988
534 954
504 954
504 958
508 958
508 1201
506 1201
506 1275
510 1275
510 1278
432 1278
432 1248
470 1248
470 1241
481 1241
481 1276
485 1276
485 1221
468 1221
468 1204
464 1204
464 1185
459 1185
459 1198
435 1198
435 1236
449 1236
449 1246
430 1246
430 1166
429 1166
429 1091
442 1091
442 1044
444 1044
444 1036
411 1036
411 1021
425 1021
425 1028
441 1028
441 1011
484 1011
484 961
483 961
483 955
479 955
479 1006
417 1006
417 1009
408 1009
408 802
412 802
412 831
440 831
440 834
458 834
458 695
562 695
562 698
565 698
565 665
591 665
591 673
592 673
592 663
602 663
602 677
589 677
589 679
717 679
717 680
733 680
733 683
699 683
699 718
698 718
698 747
661 747
661 785
617 785
617 856
612 856
612 825
611 825
611 862
561 862
561 884
570 884
570 873
597 873
597 863
618 863
618 809
655 809
655 815
691 815
691 816
712 816
712 817
735 817
735 855
732 855
732 901
725 901
725 874
706 874
706 864
668 864
668 868
630 868
630 861
625 861
625 857
624 857
624 872
688 872
688 879
702 879
702 912
682 912
682 951
708 951
708 881
716 881
716 943
749 943
749 877
771 877
771 915
773 915
773 908
782 908
782 870
742 870
742 823
740 823
740 796
736 796
736 806
622 806
622 797
646 797
646 791
685 791
685 795
686 795
686 767
667 767
667 748
672 748
672 755
728 755
728 763
776 763
776 765
799 765
799 749
731 749
731 716
734 716
734 722
747 722
747 745
753 745
753 708
713 708
713 700
756 700
756 690
739 690
739 674
641 674
641 662
556 662
556 661
529 661
529 693
448 693
448 702
446 702
446 681
428 681
428 707
427 707
427 678
424 678
424 689
402 689
402 664
426 664
426 658
403 658
403 639
544 639
544 631
653 631
653 633
795 633
795 640
818 640
818 648
752 648
752 650
584 650
584 653
679 653
679 660
711 660
711 655
805 655
805 789
806 789
806 725
827 725
827 741
829 741
829 805
809 805
809 947
833 947
833 865
840 865
840 934
941 934
941 938
851 938
851 940
937 940
937 944
905 944
905 952
945 952
945 939
944 939
944 932
936 932
936 909
931 909
931 906
928 906
928 891
914 891
914 773
916 773
916 889
925 889
925 824
918 824
918 756
927 756
927 760
990 760
990 743
985 743
985 731
1103 731
1103 732
1184 732
1184 734
1115 734
1115 738
1125 738
1125 735
1228 735
1228 744
1250 744
1250 766
1284 766
1284 757
1293 757
1293 705
1278 705
1278 630
1276 630
1276 567
1298 567
1298 564
1398 564
1398 478
1409 478
1409 464
1397 464
1397 440
1402 440
1402 394
1408 394
1408 412
1410 412
1410 446
1412 446
1412 438
1416 438
1416 429
1436 429
1436 544
1432 544
1432 549
1441 549
1441 526
1453 526
1453 508
1451 508
1451 525
1438 525
1438 427
1430 427
1430 428
1418 428
1418 397
1427 397
1427 372
1351 372
1351 349
1374 349
1374 335
1354 335
1354 252
1341 252
1341 243
1235 243
1235 289
1229 289
1229 322
1237 322
1237 436
1205 436
1205 414
1179 414
1179 423
1176 423
1176 425
1169 425
1169 488
1166 488
1166 340
1155 340
1155 439
1160 439
1160 497
1190 497
1190 505
1142 505
1142 496
1042 496
1042 493
1156 493
1156 458
1019 458
1019 449
1030 449
1030 443
997 443
997 420
1017 420
1017 416
1024 416
1024 413
1076 413
1076 432
1079 432
1079 395
975 395
975 434
989 434
989 460
1015 460
1015 467
1148 467
1148 487
1036 487
1036 500
1140 500
1140 501
1053 501
1053 502
1083 502
1083 510
1196 510
1196 492
1203 492
1203 470
1204 470
1204 452
1243 452
1243 389
1242 389
1242 370
1246 370
1246 316
1240 316
1240 271
1288 271
1288 268
1249 268
1249 244
1294 244
1294 267
1327 267
1327 283
1301 283
1301 296
1339 296
1339 297
1345 297
1345 362
1306 362
1306 381
1303 381
1303 403
1313 403
1313 543
1319 543
1319 365
1324 365
1324 380
1320 380
1320 400
1380 400
1380 479
1382 479
1382 562
1274 562
1274 733
1245 733
1245 730
932 730
932 751
904 751
904 772
902 772
902 893
886 893
886 895
910 895
910 931
883 931
883 921
855 921
855 886
854 886
854 882
891 882
891 841
894 841
894 814
845 814
845 812
810 812
810 807
834 807
834 786
832 786
832 688
813 688
813 675
826 675
826 672
824 672
824 628
741 628
741 620
345 620
345 737
356 737
356 746
347 746
347 770
349 770
349 833
352 833
352 819
354 819
354 782
355 782
355 858
360 858
360 986
348 986
348 989
337 989
337 1004
341 1004
341 1056
346 1056
346 1060
221 1060
221 1078
168 1078
168 1075
217 1075
217 1059
189 1059
189 970
193 970
193 964
188 964
188 905
197 905
197 759
194 759
194 601
182 601
182 583
196 583
196 541
210 541
210 530
205 530
205 473
169 473
169 457
153 457
153 276
166 276
166 256
172 256
172 231
147 231
147 186
154 186
154 174
175 174
175 138
177 138
177 136
144 136
144 134
208 134
208 132
206 132
206 130
207 130
207 124
148 124
148 114
136 114
136 110
164 110
164 108
228 108
228 95
119 95
119 84
143 84
143 70
89 70
89 58
170 58
170 57
30 57
30 53
27 53
27 49
244 49
244 48
69 48
69 46
174 46
174 45
259 45
259 44
455 44
455 31
500 31
500 16
373 16
373 14
287 14
287 12
11 12
11 8
322 8
322 6
