164
3 6
3 51
1 51
1 54
4 54
4 7
5 7
5 62
6 62
6 35
9 35
9 18
90 18
90 17
81 17
81 15
49 15
49 13
233 13
233 19
413 19
413 20
140 20
140 24
167 24
167 25
171 25
171 26
342 26
342 27
232 27
232 28
253 28
253 33
319 33
319 30
309 30
309 29
397 29
397 23
163 23
163 22
268 22
268 21
409 21
409 37
277 37
277 39
400 39
400 43
123 43
123 40
203 40
203 42
257 42
257 38
73 38
73 36
83 36
83 34
54 34
54 41
10 41
10 50
15 50
15 52
13 52
13 60
34 60
34 59
85 59
85 71
45 71
45 221
50 221
50 258
51 258
51 107
72 107
72 202
74 202
74 377
62 377
62 459
55 459
55 614
53 614
53 712
52 712
52 775
56 775
56 553
58 553
58 774
61 774
61 483
57 483
57 481
66 481
66 787
64 787
64 922
67 922
67 843
65 843
65 808
78 808
78 605
77 605
77 632
71 632
71 399
75 399
75 272
80 272
80 187
79 187
79 104
94 104
94 75
118 75
118 101
204 101
204 106
156 106
156 109
86 109
86 110
164 110
164 108
228 108
228 95
119 95
119 84
143 84
143 70
89 70
89 58
170 58
170 57
30 57
30 53
27 53
27 49
244 49
244 48
69 48
69 46
174 46
174 45
259 45
259 44
455 44
455 31
500 31
500 16
373 16
373 14
287 14
287 12
11 12
11 8
322 8
322 6
