328
3 6
3 51
1 51
1 54
4 54
4 7
5 7
5 62
6 62
6 35
9 35
9 18
90 18
90 17
81 17
81 15
49 15
49 13
233 13
233 19
413 19
413 20
140 20
140 24
167 24
167 25
171 25
171 26
342 26
342 27
232 27
232 28
253 28
253 33
319 33
319 30
309 30
309 29
397 29
397 23
163 23
163 22
268 22
268 21
409 21
409 37
277 37
277 39
400 39
400 43
123 43
123 40
203 40
203 42
257 42
257 38
73 38
73 36
83 36
83 34
54 34
54 41
10 41
10 50
15 50
15 52
13 52
13 60
34 60
34 59
85 59
85 71
45 71
45 221
50 221
50 258
51 258
51 107
72 107
72 202
74 202
74 377
62 377
62 459
55 459
55 614
53 614
53 712
52 712
52 775
56 775
56 553
58 553
58 774
61 774
61 483
57 483
57 481
66 481
66 787
64 787
64 922
67 922
67 843
65 843
65 808
78 808
78 605
77 605
77 632
71 632
71 399
75 399
75 272
80 272
80 187
79 187
79 104
94 104
94 75
118 75
118 101
204 101
204 106
156 106
156 109
86 109
86 133
95 133
95 143
87 143
87 225
98 225
98 482
104 482
104 498
91 498
91 739
92 739
92 960
108 960
108 965
110 965
110 975
112 975
112 907
121 907
121 603
124 603
124 615
125 615
125 844
135 844
135 666
137 666
137 853
131 853
131 900
129 900
129 984
139 984
139 586
138 586
138 521
133 521
133 570
128 570
128 528
111 528
111 726
107 726
107 758
100 758
100 762
109 762
109 781
116 781
116 875
96 875
96 880
93 880
93 512
105 512
105 509
122 509
122 506
114 506
114 451
99 451
99 426
117 426
117 242
115 242
115 422
102 422
102 307
103 307
103 163
126 163
126 405
127 405
127 128
141 128
141 151
146 151
146 536
165 536
165 503
161 503
161 499
149 499
149 474
159 474
159 475
191 475
191 550
180 550
180 595
181 595
181 643
184 643
184 607
187 607
187 742
190 742
190 769
186 769
186 883
183 883
183 894
192 894
192 898
185 898
185 1008
178 1008
178 1055
47 1055
47 1052
36 1052
36 1063
120 1063
120 1064
82 1064
82 1066
217 1066
217 1059
189 1059
189 970
193 970
193 964
188 964
188 905
197 905
197 759
194 759
194 601
182 601
182 583
196 583
196 541
210 541
210 530
205 530
205 473
169 473
169 457
153 457
153 276
166 276
166 256
172 256
172 231
147 231
147 186
154 186
154 174
175 174
175 138
177 138
177 136
144 136
144 134
208 134
208 132
206 132
206 130
207 130
207 124
148 124
148 114
136 114
136 110
164 110
164 108
228 108
228 95
119 95
119 84
143 84
143 70
89 70
89 58
170 58
170 57
30 57
30 53
27 53
27 49
244 49
244 48
69 48
69 46
174 46
174 45
259 45
259 44
455 44
455 31
500 31
500 16
373 16
373 14
287 14
287 12
11 12
11 8
322 8
322 6
