98
3 2
3 14
2 14
2 25
1 25
1 28
7 28
7 19
8 19
8 50
10 50
10 37
9 37
9 20
15 20
15 21
23 21
23 22
11 22
11 39
13 39
13 47
14 47
14 49
35 49
35 43
33 43
33 48
30 48
30 45
26 45
26 42
20 42
20 46
19 46
19 41
18 41
18 35
21 35
21 40
48 40
48 44
49 44
49 38
29 38
29 36
28 36
28 34
12 34
12 29
16 29
16 33
17 33
17 24
37 24
37 9
38 9
38 27
41 27
41 26
43 26
43 30
32 30
32 31
27 31
27 32
44 32
44 23
46 23
46 18
45 18
45 13
50 13
50 3
47 3
47 8
42 8
42 10
40 10
40 16
39 16
39 4
24 4
24 5
6 5
6 6
22 6
22 7
36 7
36 11
34 11
34 12
31 12
31 17
25 17
25 15
5 15
5 2
