98
8 2
8 11
7 11
7 10
2 10
2 4
1 4
1 13
6 13
6 14
10 14
10 12
14 12
14 16
21 16
21 21
30 21
30 19
36 19
36 22
26 22
26 30
27 30
27 40
49 40
49 44
45 44
45 45
15 45
15 43
24 43
24 24
23 24
23 41
19 41
19 26
18 26
18 29
3 29
3 32
17 32
17 35
11 35
11 46
9 46
9 42
5 42
5 49
4 49
4 50
13 50
13 47
38 47
38 48
50 48
50 39
37 39
37 37
35 37
35 34
32 34
32 33
31 33
31 36
34 36
34 38
28 38
28 23
40 23
40 20
39 20
39 6
41 6
41 18
42 18
42 31
48 31
48 28
47 28
47 25
46 25
46 27
44 27
44 9
43 9
43 3
20 3
20 7
22 7
22 5
33 5
33 17
29 17
29 8
25 8
25 15
16 15
16 2
