548
3 141
3 236
2 236
2 233
1 233
1 240
4 240
4 142
201 142
201 146
202 146
202 148
117 148
117 173
100 173
100 166
92 166
92 171
99 171
99 189
90 189
90 161
78 161
78 164
77 164
77 184
89 184
89 192
107 192
107 187
110 187
110 180
114 180
114 191
128 191
128 181
141 181
141 160
143 160
143 197
111 197
111 203
84 203
84 205
83 205
83 208
157 208
157 193
147 193
147 185
144 185
144 163
163 163
163 169
169 169
169 170
192 170
192 201
177 201
177 204
171 204
171 210
190 210
190 226
377 226
377 289
385 289
385 292
375 292
375 227
364 227
364 228
334 228
334 242
343 242
343 238
353 238
353 230
374 230
374 272
365 272
365 275
356 275
356 268
346 268
346 273
354 273
354 283
366 283
366 282
368 282
368 291
342 291
342 294
330 294
330 262
307 262
307 293
303 293
303 307
301 307
301 261
289 261
289 281
286 281
286 286
293 286
293 301
292 301
292 318
308 318
308 319
297 319
297 324
280 324
280 326
295 326
295 328
267 328
267 333
178 333
178 325
146 325
146 305
180 305
180 277
191 277
191 297
187 297
187 312
200 312
200 264
204 264
204 323
222 323
222 320
216 320
216 313
220 313
220 295
226 295
226 308
235 308
235 300
249 300
249 303
256 303
256 296
254 296
254 290
213 290
213 256
243 256
243 285
251 285
251 254
160 254
160 251
151 251
151 255
198 255
198 269
172 269
172 271
170 271
170 279
158 279
158 298
142 298
142 336
159 336
159 334
317 334
317 335
319 335
319 332
274 332
274 329
323 329
323 327
338 327
338 322
347 322
347 350
320 350
320 351
305 351
305 352
283 352
283 355
273 355
273 354
266 354
266 356
115 356
115 388
118 388
118 358
119 358
119 427
112 427
112 420
105 420
105 362
94 362
94 404
96 404
96 369
103 369
103 444
91 444
91 415
101 415
101 414
80 414
80 411
87 411
87 343
129 343
129 339
86 339
86 338
67 338
67 337
60 337
60 345
38 345
38 331
37 331
37 263
26 263
26 265
13 265
13 310
9 310
9 344
15 344
15 276
23 276
23 288
30 288
30 349
25 349
25 360
34 360
34 330
36 330
36 348
56 348
56 347
63 347
63 341
81 341
81 346
85 346
85 410
61 410
61 416
57 416
57 394
51 394
51 382
49 382
49 418
43 418
43 408
29 408
29 429
24 429
24 406
35 406
35 399
39 399
39 398
18 398
18 407
16 407
16 409
20 409
20 430
52 430
52 426
82 426
82 431
55 431
55 454
62 454
62 481
45 481
45 486
74 486
74 478
133 478
133 480
135 480
135 470
175 470
175 489
231 489
231 484
228 484
228 476
244 476
244 487
246 487
246 482
248 482
248 412
258 412
258 417
250 417
250 483
252 483
252 438
257 438
257 491
265 491
265 465
260 465
260 377
261 377
261 364
270 364
270 373
269 373
269 375
285 375
285 368
314 368
314 365
357 365
357 374
361 374
361 383
370 383
370 366
371 366
371 393
362 393
362 390
299 390
299 392
298 392
298 384
309 384
309 379
355 379
355 376
271 376
271 385
272 385
272 425
279 425
279 435
281 435
281 439
300 439
300 437
367 437
367 449
369 449
369 468
382 468
382 460
379 460
379 450
392 450
392 479
383 479
383 497
384 497
384 500
465 500
465 499
484 499
484 498
494 498
494 495
424 495
424 493
451 493
451 492
476 492
476 494
487 494
487 467
488 467
488 455
464 455
464 461
472 461
472 463
478 463
478 475
483 475
483 490
480 490
480 488
418 488
418 496
394 496
394 447
372 447
372 445
398 445
398 434
408 434
408 433
282 433
282 423
337 423
337 422
294 422
294 421
277 421
277 419
284 419
284 402
276 402
276 381
278 381
278 397
399 397
399 405
421 405
421 403
425 403
425 401
420 401
420 400
423 400
423 389
422 389
422 378
419 378
419 372
415 372
415 391
417 391
417 396
352 396
352 395
381 395
381 380
386 380
386 371
416 371
416 361
411 361
411 363
217 363
217 387
218 387
218 386
236 386
236 367
240 367
240 370
247 370
247 464
199 464
199 472
221 472
221 485
176 485
176 469
134 469
134 473
125 473
125 474
97 474
97 477
70 477
70 471
72 471
72 466
65 466
65 459
73 459
73 448
95 448
95 446
121 446
121 436
113 436
113 428
132 428
132 424
123 424
123 357
332 357
332 353
348 353
348 340
360 340
360 321
322 321
322 317
310 317
310 278
327 278
327 280
325 280
325 287
329 287
329 299
390 299
390 267
378 267
378 239
431 239
431 237
404 237
404 232
380 232
380 231
393 231
393 229
387 229
387 225
232 225
232 224
359 224
359 223
194 223
194 213
211 213
211 212
230 212
230 207
196 207
196 188
206 188
206 172
223 172
223 168
166 168
166 158
140 158
140 167
131 167
131 149
262 149
262 147
238 147
238 143
203 143
203 141
