70
3 141
3 236
2 236
2 233
1 233
1 240
4 240
4 142
201 142
201 146
202 146
202 148
117 148
117 173
100 173
100 166
92 166
92 171
99 171
99 189
90 189
90 161
78 161
78 164
77 164
77 184
89 184
89 192
107 192
107 187
110 187
110 180
114 180
114 191
128 191
128 181
141 181
141 160
143 160
143 197
111 197
111 203
84 203
84 205
83 205
83 208
157 208
157 193
147 193
147 185
144 185
144 163
163 163
163 169
169 169
169 170
223 170
223 168
166 168
166 158
140 158
140 167
131 167
131 149
262 149
262 147
238 147
238 143
203 143
203 141
