140
4 33
4 30
19 30
19 29
9 29
9 19
1 19
1 65
3 65
3 85
8 85
8 92
11 92
11 90
10 90
10 77
13 77
13 86
20 86
20 99
21 99
21 94
32 94
32 76
33 76
33 17
34 17
34 7
39 7
39 27
35 27
35 46
37 46
37 75
47 75
47 63
48 63
48 95
49 95
49 52
44 52
44 38
46 38
46 12
45 12
45 9
99 9
99 15
80 15
80 10
79 10
79 16
102 16
102 23
75 23
75 24
64 24
64 39
58 39
58 55
57 55
57 64
51 64
51 69
52 69
52 70
61 70
61 102
65 102
65 120
94 120
94 121
89 121
89 122
77 122
77 135
97 135
97 144
98 144
98 130
100 130
100 138
108 138
108 137
101 137
101 119
110 119
110 118
68 118
68 112
76 112
76 109
69 109
69 107
82 107
82 104
70 104
70 100
66 100
66 81
73 81
73 80
72 80
72 79
62 79
62 60
59 60
59 45
74 45
74 42
83 42
83 32
96 32
96 31
109 31
109 8
42 8
42 21
41 21
41 11
40 11
40 2
29 2
29 26
27 26
27 37
31 37
31 40
28 40
28 93
23 93
23 82
18 82
18 74
14 74
14 47
5 47
5 34
26 34
26 33
