384
4 33
4 30
19 30
19 29
9 29
9 19
1 19
1 65
3 65
3 85
8 85
8 92
11 92
11 90
10 90
10 77
13 77
13 86
20 86
20 99
21 99
21 94
32 94
32 76
33 76
33 17
34 17
34 7
39 7
39 27
35 27
35 46
37 46
37 75
47 75
47 63
48 63
48 95
49 95
49 52
44 52
44 38
46 38
46 12
45 12
45 9
99 9
99 15
80 15
80 10
79 10
79 16
102 16
102 23
75 23
75 24
64 24
64 39
58 39
58 55
57 55
57 64
51 64
51 69
52 69
52 70
61 70
61 102
65 102
65 120
94 120
94 121
89 121
89 122
77 122
77 135
97 135
97 144
98 144
98 130
100 130
100 143
104 143
104 138
108 138
108 136
136 136
136 132
166 132
166 133
178 133
178 139
177 139
177 140
179 140
179 147
103 147
103 149
92 149
92 152
118 152
118 151
153 151
153 154
145 154
145 156
63 156
63 155
43 155
43 148
56 148
56 146
55 146
55 145
36 145
36 153
30 153
30 157
78 157
78 158
38 158
38 160
54 160
54 159
162 159
162 150
169 150
169 161
157 161
157 162
180 162
180 131
181 131
181 172
183 172
183 188
191 188
191 193
176 193
176 189
167 189
167 192
172 192
172 195
150 195
150 186
147 186
147 175
151 175
151 173
149 173
149 166
137 166
137 164
112 164
112 168
142 168
142 174
132 174
132 170
115 170
115 185
84 185
84 184
113 184
113 182
90 182
90 181
88 181
88 178
50 178
50 183
60 183
60 190
114 190
114 194
111 194
111 199
117 199
117 171
119 171
119 176
139 176
139 198
124 198
124 200
190 200
190 196
195 196
195 197
198 197
198 191
199 191
199 165
197 165
197 163
194 163
194 180
193 180
193 167
192 167
192 142
196 142
196 125
200 125
200 115
174 115
174 108
170 108
170 106
168 106
168 105
161 105
161 98
165 98
165 56
164 56
164 48
133 48
133 41
131 41
131 28
130 28
130 25
125 25
125 18
120 18
120 49
160 49
160 53
156 53
156 51
123 51
123 58
134 58
134 59
126 59
126 61
121 61
121 71
116 71
116 72
122 72
122 67
129 67
129 68
163 68
163 91
148 91
148 73
144 73
144 78
127 78
127 83
141 83
141 84
128 84
128 101
138 101
138 88
140 88
140 114
143 114
143 97
146 97
146 103
155 103
155 96
158 96
158 110
171 110
171 111
159 111
159 113
173 113
173 124
175 124
175 123
189 123
189 141
187 141
187 179
188 179
188 187
185 187
185 177
186 177
186 169
184 169
184 127
154 127
154 126
152 126
152 128
182 128
182 129
135 129
135 134
105 134
105 137
101 137
101 119
110 119
110 117
87 117
87 116
85 116
85 118
68 118
68 112
76 112
76 109
69 109
69 107
82 107
82 104
70 104
70 89
71 89
71 87
67 87
67 100
66 100
66 81
73 81
73 80
72 80
72 79
62 79
62 60
59 60
59 45
74 45
74 42
81 42
81 43
83 43
83 32
86 32
86 35
95 35
95 50
91 50
91 66
93 66
93 54
96 54
96 31
106 31
106 44
109 44
109 3
107 3
107 6
53 6
53 8
42 8
42 21
41 21
41 11
40 11
40 2
29 2
29 26
27 26
27 37
31 37
31 40
28 40
28 93
23 93
23 82
18 82
18 57
17 57
17 62
15 62
15 74
14 74
14 47
5 47
5 34
26 34
26 33
