194
97 900
97 888
103 888
103 632
112 632
112 627
109 627
109 616
105 616
105 448
108 448
108 424
117 424
117 406
134 406
134 388
127 388
127 387
107 387
107 368
133 368
133 300
137 300
137 295
140 295
140 240
74 240
74 245
67 245
67 253
79 253
79 244
87 244
87 255
75 255
75 516
83 516
83 576
84 576
84 826
76 826
76 823
62 823
62 774
63 774
63 752
24 752
24 682
29 682
29 673
26 673
26 579
31 579
31 568
14 568
14 469
11 469
11 133
17 133
17 74
21 74
21 38
125 38
125 34
156 34
156 27
187 27
187 26
192 26
192 24
207 24
207 23
160 23
160 22
30 22
30 21
1 21
1 50
2 50
2 25
69 25
69 30
42 30
42 36
72 36
72 37
9 37
9 214
10 214
10 542
13 542
13 597
23 597
23 759
25 759
25 785
7 785
7 617
5 617
5 661
4 661
4 697
3 697
3 865
6 865
6 805
8 805
8 858
27 858
27 824
15 824
15 804
32 804
32 760
33 760
33 756
51 756
51 758
39 758
39 769
40 769
40 766
48 766
48 811
50 811
50 827
53 827
53 832
88 832
88 772
91 772
91 656
89 656
89 593
92 593
92 507
77 507
77 326
82 326
82 381
86 381
86 303
81 303
81 257
94 257
94 242
123 242
123 330
106 330
106 333
102 333
102 879
93 879
93 896
73 896
73 891
71 891
71 899
36 899
36 1149
186 1149
186 1139
115 1139
115 1130
191 1130
191 1127
138 1127
138 1112
158 1112
158 1103
162 1103
162 1092
189 1092
189 1076
175 1076
175 1055
193 1055
193 1088
204 1088
204 1070
194 1070
194 1054
174 1054
174 1084
136 1084
136 1121
113 1121
113 1135
111 1135
111 1134
38 1134
38 1074
37 1074
37 900
