422
418 137
418 124
298 124
298 229
297 229
297 238
307 238
307 426
311 426
311 534
304 534
304 596
312 596
312 668
316 668
316 780
315 780
315 803
294 803
294 831
286 831
286 889
285 889
285 935
283 935
283 821
275 821
275 807
259 807
259 698
261 698
261 707
266 707
266 704
267 704
267 677
256 677
256 637
263 637
263 580
247 580
247 649
248 649
248 592
251 592
251 624
250 624
250 710
252 710
252 874
258 874
258 853
253 853
253 817
262 817
262 906
257 906
257 926
238 926
238 898
225 898
225 911
228 911
228 927
254 927
254 938
66 938
66 932
57 932
57 905
97 905
97 888
103 888
103 632
112 632
112 627
109 627
109 616
105 616
105 448
108 448
108 424
117 424
117 406
134 406
134 388
127 388
127 387
107 387
107 368
133 368
133 300
137 300
137 295
140 295
140 240
74 240
74 245
67 245
67 253
79 253
79 244
87 244
87 255
75 255
75 516
83 516
83 576
84 576
84 826
76 826
76 823
62 823
62 774
63 774
63 752
24 752
24 682
29 682
29 673
26 673
26 579
31 579
31 568
14 568
14 469
11 469
11 133
17 133
17 74
21 74
21 38
125 38
125 34
156 34
156 27
187 27
187 26
192 26
192 24
207 24
207 23
160 23
160 22
30 22
30 21
1 21
1 50
2 50
2 25
69 25
69 30
42 30
42 36
72 36
72 37
9 37
9 214
10 214
10 542
13 542
13 597
23 597
23 759
25 759
25 785
7 785
7 617
5 617
5 661
4 661
4 697
3 697
3 865
6 865
6 805
8 805
8 858
27 858
27 824
15 824
15 804
32 804
32 760
33 760
33 756
51 756
51 758
39 758
39 769
40 769
40 766
48 766
48 811
50 811
50 827
53 827
53 832
88 832
88 772
91 772
91 656
89 656
89 593
92 593
92 507
77 507
77 326
82 326
82 381
86 381
86 303
81 303
81 257
94 257
94 242
123 242
123 330
106 330
106 333
102 333
102 879
93 879
93 896
73 896
73 891
71 891
71 899
36 899
36 1149
186 1149
186 1139
115 1139
115 1130
191 1130
191 1127
138 1127
138 1112
158 1112
158 1103
162 1103
162 1092
189 1092
189 1076
175 1076
175 1055
193 1055
193 1107
200 1107
200 1088
203 1088
203 1114
204 1114
204 1059
202 1059
202 1048
210 1048
210 1053
208 1053
208 1086
209 1086
209 1204
211 1204
211 1185
212 1185
212 1049
215 1049
215 1087
213 1087
213 1116
216 1116
216 1118
217 1118
217 1147
224 1147
224 1150
222 1150
222 1174
233 1174
233 1140
240 1140
240 1137
236 1137
236 1115
231 1115
231 1051
226 1051
226 1099
218 1099
218 1040
214 1040
214 1031
205 1031
205 1045
199 1045
199 1070
194 1070
194 1054
179 1054
179 1018
155 1018
155 1025
174 1025
174 1084
171 1084
171 1046
170 1046
170 1079
136 1079
136 1121
120 1121
120 1019
124 1019
124 1007
220 1007
220 1001
195 1001
195 1005
119 1005
119 1080
113 1080
113 1135
111 1135
111 1134
38 1134
38 1074
37 1074
37 900
46 900
46 916
45 916
45 920
47 920
47 910
54 910
54 922
55 922
55 928
56 928
56 939
116 939
116 946
126 946
126 941
146 941
146 944
152 944
152 940
184 940
184 947
243 947
243 957
241 957
241 971
260 971
260 909
264 909
264 816
273 816
273 877
277 877
277 856
282 856
282 917
279 917
279 979
287 979
287 974
281 974
281 970
288 970
288 904
289 904
289 993
295 993
295 972
291 972
291 967
290 967
290 841
306 841
306 808
318 808
318 764
317 764
317 660
313 660
313 417
314 417
314 411
308 411
308 265
309 265
309 173
328 173
328 168
303 168
303 162
300 162
300 130
341 130
341 126
404 126
404 134
357 134
357 131
348 131
348 234
350 234
350 320
365 320
365 268
364 268
364 262
380 262
380 230
358 230
358 316
351 316
351 192
355 192
355 137
