152
100 10
100 18
66 18
66 28
26 28
26 71
15 71
15 78
14 78
14 66
10 66
10 77
6 77
6 80
7 80
7 86
9 86
9 90
16 90
16 100
17 100
17 122
12 122
12 140
13 140
13 141
2 141
2 142
1 142
1 150
3 150
3 148
4 148
4 144
5 144
5 149
8 149
8 147
25 147
25 146
11 146
11 143
20 143
20 138
35 138
35 136
34 136
34 127
31 127
31 137
19 137
19 116
18 116
18 103
21 103
21 132
23 132
23 134
28 134
28 117
22 117
22 96
24 96
24 73
27 73
27 75
30 75
30 108
32 108
32 115
33 115
33 74
29 74
29 31
67 31
67 29
73 29
73 30
75 30
75 33
82 33
82 32
88 32
88 27
79 27
79 20
74 20
74 19
108 19
108 17
112 17
112 13
133 13
133 21
134 21
134 25
136 25
136 70
135 70
135 94
139 94
139 87
144 87
144 69
145 69
145 76
146 76
146 105
132 105
132 92
131 92
131 95
127 95
127 88
118 88
118 82
110 82
110 93
102 93
102 97
92 97
92 102
91 102
91 107
109 107
109 99
115 99
115 89
125 89
125 98
122 98
122 106
149 106
149 91
147 91
147 72
148 72
148 37
143 37
143 79
142 79
142 85
137 85
137 67
138 67
138 26
140 26
140 24
141 24
141 14
150 14
150 10
