204
34 6
34 40
38 40
38 45
22 45
22 44
21 44
21 43
31 43
31 39
26 39
26 15
29 15
29 18
30 18
30 10
28 10
28 4
12 4
12 14
13 14
13 13
17 13
17 21
14 21
14 16
9 16
9 25
11 25
11 30
15 30
15 22
20 22
20 50
16 50
16 58
25 58
25 46
47 46
47 36
60 36
60 32
39 32
39 7
61 7
61 8
58 8
58 12
92 12
92 20
114 20
114 23
98 23
98 24
118 24
118 27
109 27
109 48
112 48
112 61
115 61
115 35
111 35
111 31
123 31
123 69
107 69
107 76
102 76
102 90
113 90
113 96
88 96
88 85
85 85
85 119
89 119
89 98
91 98
91 118
94 118
94 105
93 105
93 103
95 103
95 100
99 100
99 108
116 108
116 111
106 111
106 112
103 112
103 121
75 121
75 92
76 92
76 67
83 67
83 57
80 57
80 65
79 65
79 60
78 60
78 62
64 62
64 68
67 68
67 71
73 71
73 74
55 74
55 72
63 72
63 66
57 66
57 70
54 70
54 75
48 75
48 81
49 81
49 80
50 80
50 84
46 84
46 93
33 93
33 104
35 104
35 107
40 107
40 99
51 99
51 116
56 116
56 94
62 94
62 87
65 87
65 86
66 86
66 78
74 78
74 122
82 122
82 123
84 123
84 124
96 124
96 125
128 125
128 135
53 135
53 136
3 136
3 147
1 147
1 148
2 148
2 150
4 150
4 137
101 137
101 138
108 138
108 139
71 139
71 142
52 142
52 140
7 140
7 143
44 143
44 146
70 146
70 144
120 144
120 141
132 141
132 120
119 120
119 106
104 106
104 101
110 101
110 97
117 97
117 82
121 82
121 89
124 89
124 88
125 88
125 64
126 64
126 26
127 26
127 19
97 19
97 11
68 11
68 6
