496
210 1
210 13
188 13
188 11
138 11
138 12
143 12
143 20
144 20
144 14
187 14
187 32
158 32
158 127
160 127
160 142
163 142
163 145
145 145
145 140
109 140
109 138
117 138
117 137
136 137
136 136
119 136
119 134
130 134
130 130
111 130
111 129
104 129
104 119
133 119
133 118
137 118
137 36
120 36
120 39
134 39
134 67
80 67
80 64
72 64
72 66
67 66
67 63
51 63
51 61
42 61
42 62
27 62
27 41
55 41
55 51
49 51
49 55
115 55
115 43
108 43
108 42
101 42
101 47
95 47
95 50
83 50
83 49
82 49
82 53
70 53
70 54
56 54
56 25
48 25
48 26
53 26
53 34
28 34
28 27
18 27
18 89
3 89
3 114
4 114
4 99
6 99
6 133
8 133
8 166
11 166
11 132
10 132
10 124
13 124
13 123
15 123
15 95
14 95
14 94
5 94
5 90
24 90
24 56
23 56
23 37
25 37
25 68
29 68
29 80
35 80
35 101
36 101
36 122
37 122
37 139
16 139
16 143
43 143
43 112
40 112
40 102
41 102
41 108
64 108
64 100
63 100
63 97
54 97
54 96
44 96
44 65
45 65
45 74
74 74
74 71
77 71
77 81
85 81
85 73
89 73
89 69
135 69
135 86
103 86
103 84
65 84
65 88
132 88
132 110
129 110
129 113
110 113
110 98
114 98
114 91
107 91
107 104
106 104
106 109
102 109
102 135
100 135
100 131
98 131
98 146
171 146
171 120
172 120
172 85
166 85
166 105
162 105
162 83
170 83
170 76
191 76
191 128
183 128
183 144
174 144
174 92
178 92
178 115
179 115
179 87
182 87
182 79
185 79
185 78
173 78
173 150
177 150
177 152
203 152
203 126
211 126
211 149
215 149
215 125
207 125
207 121
209 121
209 111
204 111
204 116
200 116
200 148
186 148
186 141
196 141
196 106
194 106
194 70
168 70
168 72
165 72
165 48
161 48
161 77
159 77
159 38
175 38
175 40
181 40
181 57
169 57
169 59
167 59
167 60
195 60
195 58
192 58
192 46
184 46
184 45
193 45
193 18
201 18
201 30
208 30
208 29
202 29
202 15
225 15
225 10
238 10
238 6
241 6
241 22
240 22
240 24
245 24
245 17
247 17
247 33
236 33
236 31
218 31
218 52
224 52
224 75
221 75
221 103
231 103
231 117
230 117
230 147
219 147
219 170
198 170
198 165
214 165
214 153
190 153
190 155
141 155
141 157
91 157
91 154
47 154
47 158
94 158
94 159
139 159
139 160
154 160
154 156
213 156
213 161
205 161
205 162
206 162
206 163
164 163
164 164
197 164
197 167
128 167
128 168
131 168
131 169
157 169
157 171
216 171
216 172
232 172
232 107
233 107
233 190
220 190
220 195
180 195
180 184
199 184
199 173
155 173
155 175
84 175
84 177
57 177
57 183
33 183
33 191
34 191
34 194
38 194
38 222
32 222
32 217
20 217
20 216
1 216
1 227
9 227
9 229
2 229
2 235
7 235
7 233
19 233
19 237
26 237
26 234
22 234
22 228
21 228
21 225
17 225
17 223
12 223
12 218
30 218
30 239
31 239
31 224
39 224
39 188
46 188
46 192
52 192
52 186
59 186
59 182
66 182
66 189
112 189
112 187
123 187
123 215
121 215
121 207
118 207
118 212
116 212
116 193
99 193
99 203
97 203
97 209
87 209
87 221
88 221
88 213
93 213
93 230
71 230
71 232
68 232
68 243
73 243
73 246
69 246
69 247
62 247
62 236
60 236
60 242
50 242
50 245
58 245
58 248
75 248
75 244
76 244
76 250
78 250
78 241
86 241
86 238
79 238
79 231
90 231
90 249
96 249
96 226
105 226
105 201
113 201
113 220
124 220
124 240
125 240
125 219
127 219
127 198
126 198
126 185
122 185
122 181
61 181
61 179
81 179
81 180
92 180
92 176
150 176
150 196
140 196
140 199
142 199
142 206
146 206
146 210
147 210
147 208
148 208
148 211
149 211
149 197
151 197
151 214
152 214
152 200
153 200
153 178
156 178
156 174
176 174
176 205
189 205
189 202
217 202
217 204
234 204
234 151
235 151
235 93
229 93
229 82
227 82
227 44
226 44
226 35
249 35
249 28
250 28
250 23
248 23
248 5
246 5
246 9
244 9
244 16
243 16
243 4
242 4
242 3
239 3
239 2
222 2
222 7
228 7
228 8
212 8
212 1
