116
17 60
17 109
9 109
9 318
8 318
8 324
7 324
7 221
3 221
3 196
1 196
1 230
2 230
2 252
5 252
5 288
4 288
4 354
11 354
11 364
6 364
6 390
43 390
43 372
49 372
49 357
12 357
12 301
13 301
13 165
14 165
14 270
28 270
28 300
29 300
29 302
34 302
34 272
36 272
36 322
39 322
39 316
45 316
45 274
61 274
61 273
37 273
37 271
38 271
38 265
41 265
41 262
62 262
62 240
51 240
51 233
44 233
44 225
54 225
54 222
30 222
30 248
35 248
35 254
15 254
15 191
16 191
16 161
18 161
18 133
19 133
19 62
21 62
21 70
23 70
23 67
25 67
25 74
27 74
27 63
50 63
50 71
32 71
32 136
31 136
31 182
33 182
33 89
42 89
42 76
46 76
46 184
40 184
40 188
57 188
57 187
73 187
73 186
82 186
82 185
121 185
121 180
66 180
66 178
59 178
59 166
48 166
48 147
47 147
47 126
52 126
52 88
56 88
56 79
67 79
67 60
