690
380 425
380 416
379 416
379 420
378 420
378 404
375 404
375 349
377 349
377 326
370 326
370 253
371 253
371 231
372 231
372 115
365 115
365 114
373 114
373 120
388 120
388 268
384 268
384 363
383 363
383 401
389 401
389 130
390 130
390 117
392 117
392 156
395 156
395 164
405 164
405 40
407 40
407 303
406 303
406 280
391 280
391 281
396 281
396 311
412 311
412 211
408 211
408 30
400 30
400 50
401 50
401 52
382 52
382 55
399 55
399 61
404 61
404 99
394 99
394 113
359 113
359 118
360 118
360 169
357 169
357 139
353 139
353 175
354 175
354 352
355 352
355 353
356 353
356 226
362 226
362 121
363 121
363 209
366 209
366 172
364 172
364 119
369 119
369 313
367 313
367 379
374 379
374 431
413 431
413 466
387 466
387 469
245 469
245 471
201 471
201 460
183 460
183 457
168 457
168 455
310 455
310 441
313 441
313 417
314 417
314 355
351 355
351 347
344 347
344 58
339 58
339 35
327 35
327 49
326 49
326 90
328 90
328 122
320 122
320 112
319 112
319 171
284 171
284 160
301 160
301 149
300 149
300 141
291 141
291 105
290 105
290 19
216 19
216 22
288 22
288 158
282 158
282 144
279 144
279 111
285 111
285 106
281 106
281 110
271 110
271 87
269 87
269 78
265 78
265 108
261 108
261 127
278 127
278 145
280 145
280 179
321 179
321 154
323 154
323 128
324 128
324 195
318 195
318 193
304 193
304 200
305 200
305 247
295 247
295 269
283 269
283 279
266 279
266 286
264 286
264 292
184 292
184 45
161 45
161 65
159 65
159 16
119 16
119 32
112 32
112 53
24 53
24 60
17 60
17 109
9 109
9 318
8 318
8 324
7 324
7 221
3 221
3 196
1 196
1 230
2 230
2 252
5 252
5 288
4 288
4 354
11 354
11 364
6 364
6 390
43 390
43 372
49 372
49 357
12 357
12 301
13 301
13 165
14 165
14 270
28 270
28 300
29 300
29 302
34 302
34 272
36 272
36 322
39 322
39 316
45 316
45 274
61 274
61 273
37 273
37 271
38 271
38 265
41 265
41 262
62 262
62 240
51 240
51 233
44 233
44 225
54 225
54 222
30 222
30 248
35 248
35 254
15 254
15 191
16 191
16 161
18 161
18 133
19 133
19 62
21 62
21 70
23 70
23 67
25 67
25 74
27 74
27 63
50 63
50 71
32 71
32 136
31 136
31 182
33 182
33 89
42 89
42 76
46 76
46 184
40 184
40 188
22 188
22 190
57 190
57 187
73 187
73 186
82 186
82 185
121 185
121 150
124 150
124 219
125 219
125 224
114 224
114 235
99 235
99 213
102 213
102 202
97 202
97 234
69 234
69 238
75 238
75 263
80 263
80 245
77 245
77 236
126 236
126 151
130 151
130 327
128 327
128 276
127 276
127 310
123 310
123 312
117 312
117 335
133 335
133 334
131 334
131 287
132 287
132 75
92 75
92 81
107 81
107 91
110 91
110 102
109 102
109 96
104 96
104 103
87 103
87 116
83 116
83 148
84 148
84 129
89 129
89 107
106 107
106 125
113 125
113 80
129 80
129 135
115 135
115 180
66 180
66 162
74 162
74 159
60 159
60 178
59 178
59 166
48 166
48 147
47 147
47 126
52 126
52 88
56 88
56 79
58 79
58 84
67 84
67 57
71 57
71 56
116 56
116 66
98 66
98 72
90 72
90 73
134 73
134 68
122 68
122 17
154 17
154 38
144 38
144 183
143 183
143 155
141 155
141 146
139 146
139 157
136 157
136 181
138 181
138 198
145 198
145 100
149 100
149 43
151 43
151 77
163 77
163 92
170 92
170 83
165 83
165 69
172 69
172 131
178 131
178 85
173 85
173 82
174 82
174 64
166 64
166 54
181 54
181 295
179 295
179 306
148 306
148 331
158 331
158 329
150 329
150 308
221 308
221 299
258 299
258 305
255 305
255 309
294 309
294 319
276 319
276 320
231 320
231 315
180 315
180 323
207 323
207 321
299 321
299 291
296 291
296 298
274 298
274 284
297 284
297 285
298 285
298 278
306 278
306 194
315 194
315 201
325 201
325 163
329 163
329 173
330 173
330 48
338 48
338 132
343 132
343 346
334 346
334 345
239 345
239 344
262 344
262 339
248 339
248 342
224 342
224 348
316 348
316 350
322 350
322 351
311 351
311 356
312 356
312 399
287 399
287 407
277 407
277 409
250 409
250 380
251 380
251 403
263 403
263 398
254 398
254 393
303 393
303 386
259 386
259 382
289 382
289 378
260 378
260 376
234 376
234 383
241 383
241 400
242 400
242 394
243 394
243 410
225 410
225 405
218 405
218 387
212 387
212 389
202 389
202 384
206 384
206 370
199 370
199 368
198 368
198 366
182 366
182 367
176 367
176 369
101 369
101 434
103 434
103 440
76 440
76 439
93 439
93 413
96 413
96 396
85 396
85 419
81 419
81 426
91 426
91 438
72 438
72 436
70 436
70 458
64 458
64 432
63 432
63 465
68 465
68 473
65 473
65 476
88 476
88 456
94 456
94 454
86 454
86 462
78 462
78 443
100 443
100 459
105 459
105 371
160 371
160 373
200 373
200 397
211 397
211 411
177 411
177 421
219 421
219 427
223 427
223 418
213 418
213 414
222 414
222 412
309 412
309 452
196 452
196 451
275 451
275 424
273 424
273 415
229 415
229 430
270 430
270 433
152 433
152 445
157 445
157 444
197 444
197 437
226 437
226 442
237 442
237 435
268 435
268 446
272 446
272 450
238 450
238 448
185 448
185 449
195 449
195 453
164 453
164 486
156 486
156 467
155 467
155 477
147 477
147 484
146 484
146 488
140 488
140 472
120 472
120 475
111 475
111 485
135 485
135 489
215 489
215 490
228 490
228 491
208 491
208 493
307 493
307 492
358 492
358 495
302 495
302 497
317 497
317 499
169 499
169 500
381 500
381 498
411 498
411 496
419 496
419 494
386 494
386 480
385 480
385 478
286 478
286 482
361 482
361 487
194 487
194 483
167 483
167 479
175 479
175 481
186 481
186 474
257 474
257 470
416 470
416 464
422 464
422 429
425 429
425 425
