242
35 8
35 7
25 7
25 6
1 6
1 9
2 9
2 10
8 10
8 12
9 12
9 15
15 15
15 16
24 16
24 23
7 23
7 31
5 31
5 44
3 44
3 45
4 45
4 63
11 63
11 120
37 120
37 131
40 131
40 118
49 118
49 98
58 98
58 103
55 103
55 105
60 105
60 104
64 104
64 166
63 166
63 117
53 117
53 124
62 124
62 134
54 134
54 163
59 163
59 160
61 160
61 187
57 187
57 180
52 180
52 138
44 138
44 167
26 167
26 168
45 168
45 169
46 169
46 170
47 170
47 148
51 148
51 191
73 191
73 190
102 190
102 196
107 196
107 197
161 197
161 199
166 199
166 200
188 200
188 198
165 198
165 195
113 195
113 194
196 194
196 188
182 188
182 181
184 181
184 184
185 184
185 177
173 177
173 179
175 179
175 185
158 185
158 139
157 139
157 86
159 86
159 141
176 141
176 147
163 147
163 155
171 155
171 150
174 150
174 176
198 176
198 175
181 175
181 174
200 174
200 164
180 164
180 153
183 153
183 137
167 137
167 136
193 136
193 121
191 121
191 88
178 88
178 71
197 71
197 67
195 67
195 70
179 70
179 66
177 66
177 91
190 91
190 110
187 110
187 109
169 109
169 123
170 123
170 133
162 133
162 113
160 113
160 51
199 51
199 40
194 40
194 30
124 30
124 27
111 27
111 28
105 28
105 25
121 25
121 26
146 26
146 20
147 20
147 19
133 19
133 22
103 22
103 47
96 47
96 57
99 57
99 97
98 97
98 111
108 111
108 34
110 34
110 52
114 52
114 37
145 37
145 36
131 36
131 32
189 32
189 33
172 33
172 42
168 42
168 41
164 41
164 43
192 43
192 48
186 48
186 50
150 50
150 54
156 54
156 61
155 61
155 146
151 146
151 171
152 171
152 152
153 152
153 193
126 193
126 192
135 192
135 189
66 189
66 107
67 107
67 99
71 99
71 96
48 96
48 116
14 116
14 119
12 119
12 53
6 53
6 46
13 46
13 35
10 35
10 24
28 24
28 18
43 18
43 17
33 17
33 14
30 14
30 13
34 13
34 11
42 11
42 8
