84
35 8
35 7
25 7
25 6
1 6
1 9
2 9
2 10
8 10
8 12
9 12
9 15
15 15
15 16
24 16
24 23
7 23
7 31
5 31
5 44
3 44
3 45
4 45
4 63
11 63
11 120
37 120
37 131
40 131
40 118
49 118
49 98
58 98
58 103
55 103
55 105
60 105
60 104
64 104
64 166
63 166
63 117
53 117
53 124
62 124
62 134
54 134
54 163
59 163
59 160
61 160
61 187
51 187
51 189
66 189
66 107
67 107
67 99
71 99
71 96
48 96
48 116
14 116
14 119
12 119
12 53
6 53
6 46
13 46
13 35
10 35
10 24
28 24
28 18
43 18
43 17
33 17
33 14
30 14
30 13
34 13
34 11
42 11
42 8
