154
20 34
20 32
19 32
19 28
11 28
11 20
10 20
10 29
12 29
12 38
24 38
24 47
18 47
18 52
57 52
57 50
59 50
59 49
70 49
70 61
66 61
66 64
56 64
56 66
52 66
52 65
7 65
7 37
6 37
6 18
3 18
3 11
1 11
1 39
2 39
2 35
4 35
4 24
5 24
5 68
8 68
8 69
48 69
48 72
53 72
53 73
38 73
38 74
61 74
61 71
64 71
64 67
77 67
77 88
76 88
76 91
43 91
43 90
46 90
46 79
55 79
55 89
62 89
62 77
36 77
36 76
21 76
21 82
9 82
9 83
22 83
22 80
44 80
44 81
37 81
37 86
41 86
41 94
45 94
45 99
50 99
50 97
58 97
58 95
63 95
63 98
67 98
67 96
68 96
68 100
72 100
72 92
74 92
74 93
79 93
79 87
82 87
82 85
85 85
85 75
84 75
84 70
83 70
83 84
78 84
78 78
80 78
80 59
81 59
81 58
88 58
88 57
87 57
87 54
95 54
95 33
96 33
96 41
98 41
98 27
97 27
97 12
99 12
99 10
94 10
94 7
100 7
100 6
92 6
92 16
89 16
89 25
90 25
90 17
93 17
93 36
91 36
91 53
86 53
86 56
75 56
75 42
73 42
73 60
71 60
71 48
32 48
32 51
25 51
25 43
27 43
27 45
33 45
33 34
