Removal 0: 
Solution 0: 
1 11
10 18
13 5
18 20
5 14
6 6
7 1

Solution 1: 
10 18
13 5
18 20
2 10
5 14
6 6
7 1

Solution 2: 
10 18
13 5
18 20
3 11
5 14
6 6
7 1

Solution 3: 
1 10
10 18
13 5
18 20
5 14
6 6
7 1

Solution 4: 
1 10
10 18
12 2
13 5
18 20
5 14
6 6

Solution 5: 
1 11
10 18
12 2
13 5
18 20
5 14
6 6

Solution 6: 
10 18
12 2
13 5
18 20
2 10
5 14
6 6

Solution 7: 
10 18
12 2
13 5
18 20
3 11
5 14
6 6

Solution 8: 
10 18
12 2
13 5
19 16
3 11
5 14
6 6

Solution 9: 
10 18
13 5
19 16
3 11
5 14
6 6
7 1

Solution 10: 
10 18
13 5
19 16
2 10
5 14
6 6
7 1

Solution 11: 
1 11
10 18
13 5
19 16
5 14
6 6
7 1

Solution 12: 
1 10
10 18
13 5
19 16
5 14
6 6
7 1

Solution 13: 
1 10
10 18
12 2
13 5
19 16
5 14
6 6

Solution 14: 
1 11
10 18
12 2
13 5
19 16
5 14
6 6

Solution 15: 
10 18
12 2
13 5
19 16
2 10
5 14
6 6

Solution 16: 
12 2
13 5
17 17
19 16
2 10
5 14
6 6

Solution 17: 
12 2
13 5
17 17
18 20
2 10
5 14
6 6

Solution 18: 
13 5
17 17
18 20
2 10
5 14
6 6
7 1

Solution 19: 
13 5
17 17
19 16
2 10
5 14
6 6
7 1

Solution 20: 
11 7
17 17
19 16
2 10
5 14
6 6
7 1

Solution 21: 
11 7
17 17
18 20
2 10
5 14
6 6
7 1

Solution 22: 
10 18
11 7
18 20
2 10
5 14
6 6
7 1

Solution 23: 
10 18
11 7
19 16
2 10
5 14
6 6
7 1

Solution 24: 
10 18
11 7
12 2
19 16
2 10
5 14
6 6

Solution 25: 
10 18
12 2
15 8
19 16
2 10
5 14
6 6

Solution 26: 
12 2
15 8
17 17
19 16
2 10
5 14
6 6

Solution 27: 
11 7
12 2
17 17
19 16
2 10
5 14
6 6

Solution 28: 
11 7
12 2
17 17
18 20
2 10
5 14
6 6

Solution 29: 
10 18
11 7
12 2
18 20
2 10
5 14
6 6

Solution 30: 
10 18
12 2
15 8
18 20
2 10
5 14
6 6

Solution 31: 
12 2
15 8
17 17
18 20
2 10
5 14
6 6

Solution 32: 
1 11
12 2
15 8
17 17
18 20
5 14
6 6

Solution 33: 
12 2
15 8
17 17
18 20
3 11
5 14
6 6

Solution 34: 
1 10
12 2
15 8
17 17
18 20
5 14
6 6

Solution 35: 
1 10
10 18
12 2
15 8
18 20
5 14
6 6

Solution 36: 
1 11
10 18
12 2
15 8
18 20
5 14
6 6

Solution 37: 
10 18
12 2
15 8
18 20
3 11
5 14
6 6

Solution 38: 
10 18
11 7
12 2
18 20
3 11
5 14
6 6

Solution 39: 
1 10
10 18
11 7
12 2
18 20
5 14
6 6

Solution 40: 
1 11
10 18
11 7
12 2
18 20
5 14
6 6

Solution 41: 
1 11
11 7
12 2
17 17
18 20
5 14
6 6

Solution 42: 
11 7
12 2
17 17
18 20
3 11
5 14
6 6

Solution 43: 
1 10
11 7
12 2
17 17
18 20
5 14
6 6

Solution 44: 
1 10
12 2
13 5
17 17
18 20
5 14
6 6

Solution 45: 
12 2
13 5
17 17
18 20
3 11
5 14
6 6

Solution 46: 
1 11
12 2
13 5
17 17
18 20
5 14
6 6

Solution 47: 
1 11
13 5
17 17
18 20
5 14
6 6
7 1

Solution 48: 
1 11
11 7
17 17
18 20
5 14
6 6
7 1

Solution 49: 
1 10
11 7
17 17
18 20
5 14
6 6
7 1

Solution 50: 
11 7
17 17
18 20
3 11
5 14
6 6
7 1

Solution 51: 
13 5
17 17
18 20
3 11
5 14
6 6
7 1

Solution 52: 
1 10
13 5
17 17
18 20
5 14
6 6
7 1

Solution 53: 
1 10
10 18
11 7
18 20
5 14
6 6
7 1

Solution 54: 
1 11
10 18
11 7
18 20
5 14
6 6
7 1

Solution 55: 
10 18
11 7
18 20
3 11
5 14
6 6
7 1

Solution 56: 
10 18
11 7
19 16
3 11
5 14
6 6
7 1

Solution 57: 
10 18
11 7
12 2
19 16
3 11
5 14
6 6

Solution 58: 
11 7
12 2
17 17
19 16
3 11
5 14
6 6

Solution 59: 
11 7
17 17
19 16
3 11
5 14
6 6
7 1

Solution 60: 
13 5
17 17
19 16
3 11
5 14
6 6
7 1

Solution 61: 
1 11
13 5
17 17
19 16
5 14
6 6
7 1

Solution 62: 
1 10
13 5
17 17
19 16
5 14
6 6
7 1

Solution 63: 
1 10
11 7
17 17
19 16
5 14
6 6
7 1

Solution 64: 
1 11
11 7
17 17
19 16
5 14
6 6
7 1

Solution 65: 
1 11
10 18
11 7
19 16
5 14
6 6
7 1

Solution 66: 
1 10
10 18
11 7
19 16
5 14
6 6
7 1

Solution 67: 
1 10
10 18
11 7
12 2
19 16
5 14
6 6

Solution 68: 
1 11
10 18
11 7
12 2
19 16
5 14
6 6

Solution 69: 
1 11
11 7
12 2
17 17
19 16
5 14
6 6

Solution 70: 
1 10
11 7
12 2
17 17
19 16
5 14
6 6

Solution 71: 
1 10
12 2
13 5
17 17
19 16
5 14
6 6

Solution 72: 
1 10
12 2
15 8
17 17
19 16
5 14
6 6

Solution 73: 
1 11
12 2
15 8
17 17
19 16
5 14
6 6

Solution 74: 
1 11
12 2
13 5
17 17
19 16
5 14
6 6

Solution 75: 
12 2
13 5
17 17
19 16
3 11
5 14
6 6

Solution 76: 
12 2
15 8
17 17
19 16
3 11
5 14
6 6

Solution 77: 
10 18
12 2
15 8
19 16
3 11
5 14
6 6

Solution 78: 
1 10
10 18
12 2
15 8
19 16
5 14
6 6

Solution 79: 
1 11
10 18
12 2
15 8
19 16
5 14
6 6

Number of solutions found: 80

Changes at vertices: 
7 2 -> 7 1
Change visibility: 12 2
----------------------------------
Removal 1: 
Solution 0: 
1 11
10 18
13 5
18 20
5 14
6 6
7 3

Solution 1: 
10 18
13 5
18 20
2 10
5 14
6 6
7 3

Solution 2: 
10 18
13 5
18 20
3 11
5 14
6 6
7 3

Solution 3: 
10 18
13 5
18 20
3 11
5 14
6 6
9 6

Solution 4: 
1 11
10 18
13 5
18 20
5 14
6 6
9 6

Solution 5: 
10 18
13 5
18 20
2 10
5 14
6 6
9 6

Solution 6: 
10 18
12 4
13 5
18 20
2 10
5 14
6 6

Solution 7: 
10 18
13 5
18 20
2 10
5 14
6 6
7 2

Solution 8: 
10 18
12 2
13 5
18 20
2 10
5 14
6 6

Solution 9: 
10 18
13 5
18 20
2 10
4 12
5 14
9 6

Solution 10: 
10 18
13 5
18 20
2 10
4 12
5 14
7 3

Solution 11: 
10 18
12 4
13 5
18 20
2 10
4 12
5 14

Solution 12: 
12 4
13 5
17 17
18 20
2 10
4 12
5 14

Solution 13: 
12 4
13 5
17 17
18 20
3 11
4 12
5 14

Solution 14: 
12 4
13 5
17 17
18 20
3 11
5 14
6 13

Solution 15: 
12 4
13 5
17 17
18 20
3 11
5 13
5 14

Solution 16: 
12 4
13 5
17 17
18 20
3 11
5 14
6 6

Solution 17: 
13 5
17 17
18 20
3 11
5 14
6 6
7 3

Solution 18: 
13 5
17 17
18 20
3 11
5 14
6 6
9 6

Solution 19: 
13 5
17 17
18 20
3 11
5 14
6 6
7 2

Solution 20: 
12 2
13 5
17 17
18 20
3 11
5 14
6 6

Solution 21: 
13 5
17 17
18 20
3 11
5 14
6 13
7 3

Solution 22: 
13 5
17 17
18 20
3 11
5 13
5 14
7 3

Solution 23: 
13 5
17 17
18 20
3 11
4 12
5 14
7 3

Solution 24: 
13 5
17 17
18 20
3 11
4 12
5 14
9 6

Solution 25: 
13 5
17 17
18 20
3 11
5 14
6 13
9 6

Solution 26: 
13 5
17 17
18 20
3 11
5 13
5 14
9 6

Solution 27: 
10 18
13 5
18 20
3 11
5 13
5 14
9 6

Solution 28: 
10 18
13 5
18 20
3 11
5 14
6 13
9 6

Solution 29: 
10 18
13 5
18 20
3 11
4 12
5 14
9 6

Solution 30: 
10 18
13 5
18 20
3 11
4 12
5 14
7 3

Solution 31: 
10 18
12 4
13 5
18 20
3 11
4 12
5 14

Solution 32: 
10 18
12 4
13 5
18 20
3 11
5 13
5 14

Solution 33: 
10 18
12 4
13 5
18 20
3 11
5 14
6 13

Solution 34: 
10 18
13 5
18 20
3 11
5 14
6 13
7 3

Solution 35: 
10 18
13 5
18 20
3 11
5 13
5 14
7 3

Solution 36: 
10 18
13 5
18 20
3 11
5 14
6 6
7 2

Solution 37: 
10 18
12 2
13 5
18 20
3 11
5 14
6 6

Solution 38: 
10 18
12 4
13 5
18 20
3 11
5 14
6 6

Solution 39: 
1 11
10 18
12 4
13 5
18 20
5 14
6 6

Solution 40: 
1 10
10 18
12 4
13 5
18 20
5 14
6 6

Solution 41: 
1 10
10 18
13 5
18 20
5 14
6 6
9 6

Solution 42: 
1 10
10 18
13 5
18 20
5 14
6 6
7 2

Solution 43: 
1 11
10 18
13 5
18 20
5 14
6 6
7 2

Solution 44: 
1 11
10 18
12 2
13 5
18 20
5 14
6 6

Solution 45: 
1 10
10 18
12 2
13 5
18 20
5 14
6 6

Solution 46: 
1 10
10 18
13 5
18 20
5 14
6 6
7 3

Solution 47: 
1 10
13 5
17 17
18 20
5 14
6 6
7 3

Solution 48: 
13 5
17 17
18 20
2 10
5 14
6 6
7 3

Solution 49: 
1 11
13 5
17 17
18 20
5 14
6 6
7 3

Solution 50: 
1 11
13 5
17 17
18 20
5 14
6 6
9 6

Solution 51: 
1 11
13 5
17 17
18 20
5 14
6 6
7 2

Solution 52: 
1 11
12 4
13 5
17 17
18 20
5 14
6 6

Solution 53: 
1 11
12 2
13 5
17 17
18 20
5 14
6 6

Solution 54: 
1 10
12 2
13 5
17 17
18 20
5 14
6 6

Solution 55: 
12 2
13 5
17 17
18 20
2 10
5 14
6 6

Solution 56: 
13 5
17 17
18 20
2 10
5 14
6 6
7 2

Solution 57: 
13 5
17 17
18 20
2 10
5 14
6 6
9 6

Solution 58: 
12 4
13 5
17 17
18 20
2 10
5 14
6 6

Solution 59: 
1 10
12 4
13 5
17 17
18 20
5 14
6 6

Solution 60: 
1 10
13 5
17 17
18 20
5 14
6 6
7 2

Solution 61: 
1 10
13 5
17 17
18 20
5 14
6 6
9 6

Solution 62: 
13 5
17 17
18 20
2 10
4 12
5 14
9 6

Solution 63: 
13 5
17 17
18 20
2 10
4 12
5 14
7 3

Solution 64: 
13 5
17 17
19 16
2 10
4 12
5 14
7 3

Solution 65: 
12 4
13 5
17 17
19 16
2 10
4 12
5 14

Solution 66: 
13 5
17 17
19 16
2 10
4 12
5 14
9 6

Solution 67: 
10 18
13 5
19 16
2 10
4 12
5 14
9 6

Solution 68: 
10 18
12 4
13 5
19 16
2 10
4 12
5 14

Solution 69: 
10 18
13 5
19 16
2 10
4 12
5 14
7 3

Solution 70: 
10 18
13 5
19 16
2 10
5 14
6 6
7 3

Solution 71: 
13 5
17 17
19 16
2 10
5 14
6 6
7 3

Solution 72: 
13 5
17 17
19 16
2 10
5 14
6 6
7 2

Solution 73: 
12 2
13 5
17 17
19 16
2 10
5 14
6 6

Solution 74: 
13 5
17 17
19 16
2 10
5 14
6 6
9 6

Solution 75: 
12 4
13 5
17 17
19 16
2 10
5 14
6 6

Solution 76: 
10 18
12 4
13 5
19 16
2 10
5 14
6 6

Solution 77: 
10 18
12 2
13 5
19 16
2 10
5 14
6 6

Solution 78: 
10 18
13 5
19 16
2 10
5 14
6 6
7 2

Solution 79: 
10 18
13 5
19 16
2 10
5 14
6 6
9 6

Solution 80: 
1 11
10 18
13 5
19 16
5 14
6 6
9 6

Solution 81: 
1 11
10 18
15 8
19 16
5 14
6 6
9 6

Solution 82: 
1 11
10 18
11 7
19 16
5 14
6 6
9 6

Solution 83: 
10 18
11 7
19 16
2 10
5 14
6 6
9 6

Solution 84: 
10 18
15 8
19 16
2 10
5 14
6 6
9 6

Solution 85: 
10 18
15 8
19 16
3 11
5 14
6 6
9 6

Solution 86: 
10 18
11 7
19 16
3 11
5 14
6 6
9 6

Solution 87: 
10 18
13 5
19 16
3 11
5 14
6 6
9 6

Solution 88: 
1 10
10 18
13 5
19 16
5 14
6 6
9 6

Solution 89: 
1 10
10 18
11 7
19 16
5 14
6 6
9 6

Solution 90: 
1 10
10 18
15 8
19 16
5 14
6 6
9 6

Solution 91: 
1 10
15 8
17 17
19 16
5 14
6 6
9 6

Solution 92: 
1 11
15 8
17 17
19 16
5 14
6 6
9 6

Solution 93: 
15 8
17 17
19 16
2 10
5 14
6 6
9 6

Solution 94: 
15 8
17 17
19 16
3 11
5 14
6 6
9 6

Solution 95: 
11 7
17 17
19 16
3 11
5 14
6 6
9 6

Solution 96: 
13 5
17 17
19 16
3 11
5 14
6 6
9 6

Solution 97: 
1 11
13 5
17 17
19 16
5 14
6 6
9 6

Solution 98: 
1 10
13 5
17 17
19 16
5 14
6 6
9 6

Solution 99: 
1 10
11 7
17 17
19 16
5 14
6 6
9 6

Solution 100: 
11 7
17 17
19 16
2 10
5 14
6 6
9 6

Solution 101: 
1 11
11 7
17 17
19 16
5 14
6 6
9 6

Solution 102: 
1 11
11 7
12 2
17 17
19 16
5 14
6 6

Solution 103: 
1 11
11 7
17 17
19 16
5 14
6 6
7 2

Solution 104: 
1 11
11 7
17 17
19 16
5 14
6 6
7 3

Solution 105: 
1 11
11 7
12 4
17 17
19 16
5 14
6 6

Solution 106: 
11 7
12 4
17 17
19 16
3 11
5 14
6 6

Solution 107: 
1 10
11 7
12 4
17 17
19 16
5 14
6 6

Solution 108: 
11 7
12 4
17 17
19 16
2 10
5 14
6 6

Solution 109: 
11 7
17 17
19 16
2 10
5 14
6 6
7 3

Solution 110: 
11 7
17 17
19 16
2 10
5 14
6 6
7 2

Solution 111: 
11 7
12 2
17 17
19 16
2 10
5 14
6 6

Solution 112: 
1 10
11 7
12 2
17 17
19 16
5 14
6 6

Solution 113: 
11 7
12 2
17 17
19 16
3 11
5 14
6 6

Solution 114: 
11 7
17 17
19 16
3 11
5 14
6 6
7 3

Solution 115: 
11 7
17 17
19 16
3 11
5 14
6 6
7 2

Solution 116: 
1 10
11 7
17 17
19 16
5 14
6 6
7 2

Solution 117: 
1 10
11 7
17 17
19 16
5 14
6 6
7 3

Solution 118: 
1 10
13 5
17 17
19 16
5 14
6 6
7 3

Solution 119: 
1 10
13 5
17 17
19 16
5 14
6 6
7 2

Solution 120: 
1 10
12 2
13 5
17 17
19 16
5 14
6 6

Solution 121: 
1 10
12 2
15 8
17 17
19 16
5 14
6 6

Solution 122: 
1 10
12 4
15 8
17 17
19 16
5 14
6 6

Solution 123: 
1 10
12 4
13 5
17 17
19 16
5 14
6 6

Solution 124: 
1 11
12 4
13 5
17 17
19 16
5 14
6 6

Solution 125: 
12 4
13 5
17 17
19 16
3 11
5 14
6 6

Solution 126: 
13 5
17 17
19 16
3 11
5 14
6 6
7 2

Solution 127: 
13 5
17 17
19 16
3 11
5 14
6 6
7 3

Solution 128: 
1 11
13 5
17 17
19 16
5 14
6 6
7 3

Solution 129: 
1 11
13 5
17 17
19 16
5 14
6 6
7 2

Solution 130: 
1 11
12 2
13 5
17 17
19 16
5 14
6 6

Solution 131: 
12 2
13 5
17 17
19 16
3 11
5 14
6 6

Solution 132: 
12 2
15 8
17 17
19 16
3 11
5 14
6 6

Solution 133: 
12 2
15 8
17 17
19 16
2 10
5 14
6 6

Solution 134: 
1 11
12 2
15 8
17 17
19 16
5 14
6 6

Solution 135: 
1 11
12 4
15 8
17 17
19 16
5 14
6 6

Solution 136: 
12 4
15 8
17 17
19 16
3 11
5 14
6 6

Solution 137: 
12 4
15 8
17 17
19 16
2 10
5 14
6 6

Solution 138: 
10 18
12 4
15 8
19 16
2 10
5 14
6 6

Solution 139: 
1 10
10 18
12 4
15 8
19 16
5 14
6 6

Solution 140: 
10 18
12 4
15 8
19 16
3 11
5 14
6 6

Solution 141: 
1 11
10 18
12 4
15 8
19 16
5 14
6 6

Solution 142: 
1 11
10 18
12 2
15 8
19 16
5 14
6 6

Solution 143: 
10 18
12 2
15 8
19 16
3 11
5 14
6 6

Solution 144: 
1 10
10 18
12 2
15 8
19 16
5 14
6 6

Solution 145: 
10 18
12 2
15 8
19 16
2 10
5 14
6 6

Solution 146: 
10 18
11 7
12 2
19 16
2 10
5 14
6 6

Solution 147: 
10 18
11 7
12 4
19 16
2 10
5 14
6 6

Solution 148: 
10 18
11 7
19 16
2 10
5 14
6 6
7 2

Solution 149: 
10 18
11 7
19 16
2 10
5 14
6 6
7 3

Solution 150: 
10 18
11 7
19 16
3 11
5 14
6 6
7 3

Solution 151: 
1 11
10 18
11 7
19 16
5 14
6 6
7 3

Solution 152: 
1 10
10 18
11 7
19 16
5 14
6 6
7 3

Solution 153: 
1 10
10 18
13 5
19 16
5 14
6 6
7 3

Solution 154: 
1 11
10 18
13 5
19 16
5 14
6 6
7 3

Solution 155: 
10 18
13 5
19 16
3 11
5 14
6 6
7 3

Solution 156: 
10 18
13 5
19 16
3 11
5 14
6 6
7 2

Solution 157: 
1 11
10 18
13 5
19 16
5 14
6 6
7 2

Solution 158: 
1 11
10 18
12 4
13 5
19 16
5 14
6 6

Solution 159: 
1 11
10 18
12 2
13 5
19 16
5 14
6 6

Solution 160: 
10 18
12 2
13 5
19 16
3 11
5 14
6 6

Solution 161: 
10 18
12 4
13 5
19 16
3 11
5 14
6 6

Solution 162: 
10 18
11 7
12 4
19 16
3 11
5 14
6 6

Solution 163: 
1 11
10 18
11 7
12 4
19 16
5 14
6 6

Solution 164: 
1 10
10 18
11 7
12 4
19 16
5 14
6 6

Solution 165: 
1 10
10 18
11 7
19 16
5 14
6 6
7 2

Solution 166: 
1 11
10 18
11 7
19 16
5 14
6 6
7 2

Solution 167: 
10 18
11 7
19 16
3 11
5 14
6 6
7 2

Solution 168: 
10 18
11 7
12 2
19 16
3 11
5 14
6 6

Solution 169: 
1 11
10 18
11 7
12 2
19 16
5 14
6 6

Solution 170: 
1 10
10 18
11 7
12 2
19 16
5 14
6 6

Solution 171: 
1 10
10 18
12 2
13 5
19 16
5 14
6 6

Solution 172: 
1 10
10 18
13 5
19 16
5 14
6 6
7 2

Solution 173: 
1 10
10 18
12 4
13 5
19 16
5 14
6 6

Solution 174: 
10 18
12 4
15 8
19 16
2 10
4 12
5 14

Solution 175: 
10 18
11 7
12 4
19 16
2 10
4 12
5 14

Solution 176: 
10 18
11 7
19 16
2 10
4 12
5 14
7 3

Solution 177: 
10 18
11 7
19 16
2 10
4 12
5 14
9 6

Solution 178: 
10 18
15 8
19 16
2 10
4 12
5 14
9 6

Solution 179: 
10 18
15 8
19 16
3 11
4 12
5 14
9 6

Solution 180: 
10 18
13 5
19 16
3 11
4 12
5 14
9 6

Solution 181: 
10 18
11 7
19 16
3 11
4 12
5 14
9 6

Solution 182: 
10 18
11 7
19 16
3 11
4 12
5 14
7 3

Solution 183: 
10 18
11 7
12 4
19 16
3 11
4 12
5 14

Solution 184: 
10 18
12 4
15 8
19 16
3 11
4 12
5 14

Solution 185: 
10 18
12 4
13 5
19 16
3 11
4 12
5 14

Solution 186: 
10 18
13 5
19 16
3 11
4 12
5 14
7 3

Solution 187: 
10 18
13 5
19 16
3 11
5 13
5 14
7 3

Solution 188: 
10 18
13 5
19 16
3 11
5 14
6 13
7 3

Solution 189: 
10 18
12 4
13 5
19 16
3 11
5 14
6 13

Solution 190: 
10 18
13 5
19 16
3 11
5 14
6 13
9 6

Solution 191: 
10 18
13 5
19 16
3 11
5 13
5 14
9 6

Solution 192: 
10 18
12 4
13 5
19 16
3 11
5 13
5 14

Solution 193: 
10 18
12 4
15 8
19 16
3 11
5 13
5 14

Solution 194: 
10 18
11 7
12 4
19 16
3 11
5 13
5 14

Solution 195: 
10 18
11 7
19 16
3 11
5 13
5 14
9 6

Solution 196: 
10 18
11 7
19 16
3 11
5 13
5 14
7 3

Solution 197: 
10 18
15 8
19 16
3 11
5 13
5 14
9 6

Solution 198: 
10 18
15 8
19 16
3 11
5 14
6 13
9 6

Solution 199: 
10 18
11 7
19 16
3 11
5 14
6 13
9 6

Solution 200: 
10 18
11 7
12 4
19 16
3 11
5 14
6 13

Solution 201: 
10 18
11 7
19 16
3 11
5 14
6 13
7 3

Solution 202: 
10 18
12 4
15 8
19 16
3 11
5 14
6 13

Solution 203: 
10 18
12 4
15 8
19 16
3 11
4 12
8 15

Solution 204: 
10 18
12 4
13 5
19 16
3 11
4 12
8 15

Solution 205: 
10 18
12 4
13 5
19 16
3 11
5 13
8 15

Solution 206: 
10 18
12 4
15 8
19 16
3 11
5 13
8 15

Solution 207: 
10 18
15 8
19 16
3 11
5 13
8 15
9 6

Solution 208: 
10 18
13 5
19 16
3 11
5 13
8 15
9 6

Solution 209: 
10 18
13 5
19 16
3 11
5 13
7 3
8 15

Solution 210: 
10 18
11 7
19 16
3 11
5 13
7 3
8 15

Solution 211: 
10 18
11 7
12 4
19 16
3 11
5 13
8 15

Solution 212: 
10 18
11 7
19 16
3 11
5 13
8 15
9 6

Solution 213: 
10 18
11 7
19 16
3 11
4 12
8 15
9 6

Solution 214: 
10 18
11 7
19 16
3 11
4 12
7 3
8 15

Solution 215: 
10 18
11 7
12 4
19 16
3 11
4 12
8 15

Solution 216: 
10 18
13 5
19 16
3 11
4 12
7 3
8 15

Solution 217: 
10 18
13 5
19 16
3 11
4 12
8 15
9 6

Solution 218: 
10 18
15 8
19 16
3 11
4 12
8 15
9 6

Solution 219: 
10 18
15 8
19 16
2 10
4 12
8 15
9 6

Solution 220: 
10 18
13 5
19 16
2 10
4 12
8 15
9 6

Solution 221: 
10 18
13 5
19 16
2 10
4 12
7 3
8 15

Solution 222: 
10 18
12 4
13 5
19 16
2 10
4 12
8 15

Solution 223: 
10 18
12 4
15 8
19 16
2 10
4 12
8 15

Solution 224: 
10 18
11 7
12 4
19 16
2 10
4 12
8 15

Solution 225: 
10 18
11 7
19 16
2 10
4 12
7 3
8 15

Solution 226: 
10 18
11 7
19 16
2 10
4 12
8 15
9 6

Solution 227: 
11 7
17 17
19 16
2 10
4 12
8 15
9 6

Solution 228: 
11 7
17 17
19 16
2 10
4 12
7 3
8 15

Solution 229: 
11 7
12 4
17 17
19 16
2 10
4 12
8 15

Solution 230: 
11 7
12 4
17 17
19 16
2 10
4 12
5 14

Solution 231: 
11 7
17 17
19 16
2 10
4 12
5 14
7 3

Solution 232: 
11 7
17 17
19 16
2 10
4 12
5 14
9 6

Solution 233: 
15 8
17 17
19 16
2 10
4 12
5 14
9 6

Solution 234: 
15 8
17 17
19 16
2 10
4 12
8 15
9 6

Solution 235: 
13 5
17 17
19 16
2 10
4 12
8 15
9 6

Solution 236: 
13 5
17 17
19 16
2 10
4 12
7 3
8 15

Solution 237: 
12 4
13 5
17 17
19 16
2 10
4 12
8 15

Solution 238: 
12 4
15 8
17 17
19 16
2 10
4 12
8 15

Solution 239: 
12 4
15 8
17 17
19 16
2 10
4 12
5 14

Solution 240: 
12 4
15 8
17 17
18 20
2 10
4 12
5 14

Solution 241: 
10 18
12 4
15 8
18 20
2 10
4 12
5 14

Solution 242: 
10 18
11 7
12 4
18 20
2 10
4 12
5 14

Solution 243: 
11 7
12 4
17 17
18 20
2 10
4 12
5 14

Solution 244: 
11 7
12 4
17 17
18 20
2 10
4 12
8 15

Solution 245: 
12 4
13 5
17 17
18 20
2 10
4 12
8 15

Solution 246: 
10 18
12 4
13 5
18 20
2 10
4 12
8 15

Solution 247: 
10 18
11 7
12 4
18 20
2 10
4 12
8 15

Solution 248: 
10 18
12 4
15 8
18 20
2 10
4 12
8 15

Solution 249: 
12 4
15 8
17 17
18 20
2 10
4 12
8 15

Solution 250: 
12 4
15 8
17 17
18 20
3 11
4 12
8 15

Solution 251: 
11 7
12 4
17 17
18 20
3 11
4 12
8 15

Solution 252: 
12 4
13 5
17 17
18 20
3 11
4 12
8 15

Solution 253: 
11 7
12 4
17 17
18 20
3 11
4 12
5 14

Solution 254: 
12 4
15 8
17 17
18 20
3 11
4 12
5 14

Solution 255: 
10 18
12 4
15 8
18 20
3 11
4 12
5 14

Solution 256: 
10 18
12 4
15 8
18 20
3 11
4 12
8 15

Solution 257: 
10 18
12 4
13 5
18 20
3 11
4 12
8 15

Solution 258: 
10 18
11 7
12 4
18 20
3 11
4 12
8 15

Solution 259: 
10 18
11 7
12 4
18 20
3 11
4 12
5 14

Solution 260: 
11 7
12 4
17 17
19 16
3 11
4 12
5 14

Solution 261: 
12 4
13 5
17 17
19 16
3 11
4 12
5 14

Solution 262: 
12 4
15 8
17 17
19 16
3 11
4 12
5 14

Solution 263: 
12 4
15 8
17 17
19 16
3 11
4 12
8 15

Solution 264: 
12 4
13 5
17 17
19 16
3 11
4 12
8 15

Solution 265: 
11 7
12 4
17 17
19 16
3 11
4 12
8 15

Solution 266: 
11 7
12 4
17 17
19 16
3 11
5 13
8 15

Solution 267: 
11 7
12 4
17 17
18 20
3 11
5 13
8 15

Solution 268: 
11 7
12 4
17 17
18 20
3 11
5 13
5 14

Solution 269: 
11 7
12 4
17 17
18 20
3 11
5 14
6 13

Solution 270: 
11 7
12 4
17 17
18 20
3 11
5 14
6 6

Solution 271: 
11 7
12 4
17 17
19 16
3 11
5 14
6 13

Solution 272: 
11 7
12 4
17 17
19 16
3 11
5 13
5 14

Solution 273: 
12 4
15 8
17 17
19 16
3 11
5 13
5 14

Solution 274: 
12 4
13 5
17 17
19 16
3 11
5 13
5 14

Solution 275: 
12 4
13 5
17 17
19 16
3 11
5 13
8 15

Solution 276: 
12 4
15 8
17 17
19 16
3 11
5 13
8 15

Solution 277: 
12 4
15 8
17 17
19 16
3 11
5 14
6 13

Solution 278: 
12 4
13 5
17 17
19 16
3 11
5 14
6 13

Solution 279: 
12 4
13 5
17 17
18 20
3 11
5 13
8 15

Solution 280: 
12 4
15 8
17 17
18 20
3 11
5 13
8 15

Solution 281: 
12 4
15 8
17 17
18 20
3 11
5 13
5 14

Solution 282: 
12 4
15 8
17 17
18 20
3 11
5 14
6 6

Solution 283: 
12 4
15 8
17 17
18 20
3 11
5 14
6 13

Solution 284: 
1 11
12 4
15 8
17 17
18 20
5 14
6 6

Solution 285: 
1 10
12 4
15 8
17 17
18 20
5 14
6 6

Solution 286: 
1 10
11 7
12 4
17 17
18 20
5 14
6 6

Solution 287: 
1 11
11 7
12 4
17 17
18 20
5 14
6 6

Solution 288: 
11 7
12 4
17 17
18 20
2 10
5 14
6 6

Solution 289: 
12 4
15 8
17 17
18 20
2 10
5 14
6 6

Solution 290: 
10 18
12 4
15 8
18 20
2 10
5 14
6 6

Solution 291: 
10 18
11 7
12 4
18 20
2 10
5 14
6 6

Solution 292: 
1 11
10 18
11 7
12 4
18 20
5 14
6 6

Solution 293: 
1 10
10 18
11 7
12 4
18 20
5 14
6 6

Solution 294: 
1 10
10 18
12 4
15 8
18 20
5 14
6 6

Solution 295: 
1 11
10 18
12 4
15 8
18 20
5 14
6 6

Solution 296: 
10 18
12 4
15 8
18 20
3 11
5 14
6 6

Solution 297: 
10 18
11 7
12 4
18 20
3 11
5 14
6 6

Solution 298: 
10 18
11 7
18 20
3 11
5 14
6 6
7 2

Solution 299: 
10 18
11 7
12 2
18 20
3 11
5 14
6 6

Solution 300: 
10 18
11 7
18 20
3 11
5 14
6 6
7 3

Solution 301: 
10 18
11 7
18 20
3 11
5 14
6 6
9 6

Solution 302: 
10 18
15 8
18 20
3 11
5 14
6 6
9 6

Solution 303: 
10 18
12 2
15 8
18 20
3 11
5 14
6 6

Solution 304: 
10 18
12 2
15 8
18 20
2 10
5 14
6 6

Solution 305: 
1 11
10 18
12 2
15 8
18 20
5 14
6 6

Solution 306: 
1 10
10 18
12 2
15 8
18 20
5 14
6 6

Solution 307: 
1 10
10 18
15 8
18 20
5 14
6 6
9 6

Solution 308: 
10 18
15 8
18 20
2 10
5 14
6 6
9 6

Solution 309: 
1 11
10 18
15 8
18 20
5 14
6 6
9 6

Solution 310: 
1 11
10 18
11 7
18 20
5 14
6 6
9 6

Solution 311: 
10 18
11 7
18 20
2 10
5 14
6 6
9 6

Solution 312: 
1 10
10 18
11 7
18 20
5 14
6 6
9 6

Solution 313: 
1 10
10 18
11 7
18 20
5 14
6 6
7 2

Solution 314: 
1 10
10 18
11 7
12 2
18 20
5 14
6 6

Solution 315: 
1 10
10 18
11 7
18 20
5 14
6 6
7 3

Solution 316: 
1 11
10 18
11 7
18 20
5 14
6 6
7 3

Solution 317: 
1 11
10 18
11 7
12 2
18 20
5 14
6 6

Solution 318: 
1 11
10 18
11 7
18 20
5 14
6 6
7 2

Solution 319: 
10 18
11 7
18 20
2 10
5 14
6 6
7 2

Solution 320: 
10 18
11 7
12 2
18 20
2 10
5 14
6 6

Solution 321: 
10 18
11 7
18 20
2 10
5 14
6 6
7 3

Solution 322: 
11 7
17 17
18 20
2 10
5 14
6 6
7 3

Solution 323: 
11 7
17 17
18 20
2 10
5 14
6 6
9 6

Solution 324: 
11 7
12 2
17 17
18 20
2 10
5 14
6 6

Solution 325: 
11 7
17 17
18 20
2 10
5 14
6 6
7 2

Solution 326: 
12 2
15 8
17 17
18 20
2 10
5 14
6 6

Solution 327: 
15 8
17 17
18 20
2 10
5 14
6 6
9 6

Solution 328: 
15 8
17 17
18 20
3 11
5 14
6 6
9 6

Solution 329: 
1 10
15 8
17 17
18 20
5 14
6 6
9 6

Solution 330: 
1 11
15 8
17 17
18 20
5 14
6 6
9 6

Solution 331: 
1 11
11 7
17 17
18 20
5 14
6 6
9 6

Solution 332: 
1 10
11 7
17 17
18 20
5 14
6 6
9 6

Solution 333: 
11 7
17 17
18 20
3 11
5 14
6 6
9 6

Solution 334: 
11 7
17 17
18 20
3 11
5 14
6 6
7 2

Solution 335: 
11 7
17 17
18 20
3 11
5 14
6 6
7 3

Solution 336: 
11 7
12 2
17 17
18 20
3 11
5 14
6 6

Solution 337: 
12 2
15 8
17 17
18 20
3 11
5 14
6 6

Solution 338: 
1 10
12 2
15 8
17 17
18 20
5 14
6 6

Solution 339: 
1 11
12 2
15 8
17 17
18 20
5 14
6 6

Solution 340: 
1 11
11 7
12 2
17 17
18 20
5 14
6 6

Solution 341: 
1 10
11 7
12 2
17 17
18 20
5 14
6 6

Solution 342: 
1 10
11 7
17 17
18 20
5 14
6 6
7 3

Solution 343: 
1 10
11 7
17 17
18 20
5 14
6 6
7 2

Solution 344: 
1 11
11 7
17 17
18 20
5 14
6 6
7 2

Solution 345: 
1 11
11 7
17 17
18 20
5 14
6 6
7 3

Solution 346: 
11 7
17 17
18 20
3 11
5 14
6 13
7 3

Solution 347: 
11 7
17 17
18 20
3 11
5 14
6 13
9 6

Solution 348: 
11 7
17 17
18 20
3 11
5 13
5 14
9 6

Solution 349: 
11 7
17 17
18 20
3 11
5 13
5 14
7 3

Solution 350: 
11 7
17 17
18 20
3 11
4 12
5 14
7 3

Solution 351: 
11 7
17 17
18 20
3 11
4 12
5 14
9 6

Solution 352: 
11 7
17 17
18 20
2 10
4 12
5 14
9 6

Solution 353: 
11 7
17 17
18 20
2 10
4 12
5 14
7 3

Solution 354: 
11 7
17 17
19 16
3 11
4 12
5 14
7 3

Solution 355: 
11 7
17 17
19 16
3 11
4 12
5 14
9 6

Solution 356: 
11 7
17 17
19 16
3 11
5 14
6 13
9 6

Solution 357: 
11 7
17 17
19 16
3 11
5 13
5 14
9 6

Solution 358: 
11 7
17 17
19 16
3 11
5 13
5 14
7 3

Solution 359: 
11 7
17 17
19 16
3 11
5 14
6 13
7 3

Solution 360: 
13 5
17 17
19 16
3 11
5 14
6 13
7 3

Solution 361: 
13 5
17 17
19 16
3 11
5 13
5 14
7 3

Solution 362: 
13 5
17 17
19 16
3 11
4 12
5 14
7 3

Solution 363: 
13 5
17 17
19 16
3 11
4 12
5 14
9 6

Solution 364: 
13 5
17 17
19 16
3 11
5 14
6 13
9 6

Solution 365: 
13 5
17 17
19 16
3 11
5 13
5 14
9 6

Solution 366: 
15 8
17 17
19 16
3 11
5 13
5 14
9 6

Solution 367: 
15 8
17 17
19 16
3 11
5 14
6 13
9 6

Solution 368: 
15 8
17 17
19 16
3 11
4 12
5 14
9 6

Solution 369: 
15 8
17 17
18 20
3 11
4 12
5 14
9 6

Solution 370: 
15 8
17 17
18 20
3 11
5 14
6 13
9 6

Solution 371: 
15 8
17 17
18 20
3 11
5 13
5 14
9 6

Solution 372: 
15 8
17 17
18 20
2 10
4 12
5 14
9 6

Solution 373: 
10 18
15 8
18 20
2 10
4 12
5 14
9 6

Solution 374: 
10 18
11 7
18 20
2 10
4 12
5 14
9 6

Solution 375: 
10 18
11 7
18 20
2 10
4 12
5 14
7 3

Solution 376: 
10 18
11 7
18 20
3 11
4 12
5 14
7 3

Solution 377: 
10 18
11 7
18 20
3 11
4 12
5 14
9 6

Solution 378: 
10 18
15 8
18 20
3 11
4 12
5 14
9 6

Solution 379: 
10 18
15 8
18 20
3 11
5 14
6 13
9 6

Solution 380: 
10 18
15 8
18 20
3 11
5 13
5 14
9 6

Solution 381: 
10 18
11 7
18 20
3 11
5 13
5 14
9 6

Solution 382: 
10 18
11 7
18 20
3 11
5 14
6 13
9 6

Solution 383: 
10 18
11 7
12 4
18 20
3 11
5 14
6 13

Solution 384: 
10 18
11 7
18 20
3 11
5 14
6 13
7 3

Solution 385: 
10 18
12 4
15 8
18 20
3 11
5 14
6 13

Solution 386: 
10 18
12 4
15 8
18 20
3 11
5 13
5 14

Solution 387: 
10 18
11 7
12 4
18 20
3 11
5 13
5 14

Solution 388: 
10 18
11 7
18 20
3 11
5 13
5 14
7 3

Solution 389: 
10 18
11 7
18 20
3 11
5 13
7 3
8 15

Solution 390: 
10 18
13 5
18 20
3 11
5 13
7 3
8 15

Solution 391: 
10 18
13 5
18 20
3 11
4 12
7 3
8 15

Solution 392: 
10 18
11 7
18 20
3 11
4 12
7 3
8 15

Solution 393: 
10 18
11 7
18 20
2 10
4 12
7 3
8 15

Solution 394: 
10 18
13 5
18 20
2 10
4 12
7 3
8 15

Solution 395: 
10 18
12 4
13 5
18 20
3 11
5 13
8 15

Solution 396: 
10 18
12 4
15 8
18 20
3 11
5 13
8 15

Solution 397: 
10 18
11 7
12 4
18 20
3 11
5 13
8 15

Solution 398: 
10 18
11 7
18 20
3 11
5 13
8 15
9 6

Solution 399: 
10 18
15 8
18 20
3 11
5 13
8 15
9 6

Solution 400: 
10 18
15 8
18 20
3 11
4 12
8 15
9 6

Solution 401: 
10 18
11 7
18 20
3 11
4 12
8 15
9 6

Solution 402: 
10 18
13 5
18 20
3 11
4 12
8 15
9 6

Solution 403: 
10 18
13 5
18 20
3 11
5 13
8 15
9 6

Solution 404: 
10 18
13 5
18 20
2 10
4 12
8 15
9 6

Solution 405: 
10 18
15 8
18 20
2 10
4 12
8 15
9 6

Solution 406: 
10 18
11 7
18 20
2 10
4 12
8 15
9 6

Solution 407: 
11 7
17 17
18 20
2 10
4 12
8 15
9 6

Solution 408: 
11 7
17 17
18 20
2 10
4 12
7 3
8 15

Solution 409: 
11 7
17 17
18 20
3 11
4 12
7 3
8 15

Solution 410: 
11 7
17 17
18 20
3 11
5 13
7 3
8 15

Solution 411: 
11 7
17 17
18 20
3 11
5 13
8 15
9 6

Solution 412: 
11 7
17 17
18 20
3 11
4 12
8 15
9 6

Solution 413: 
11 7
17 17
19 16
3 11
4 12
8 15
9 6

Solution 414: 
11 7
17 17
19 16
3 11
5 13
8 15
9 6

Solution 415: 
11 7
17 17
19 16
3 11
5 13
7 3
8 15

Solution 416: 
11 7
17 17
19 16
3 11
4 12
7 3
8 15

Solution 417: 
13 5
17 17
19 16
3 11
4 12
7 3
8 15

Solution 418: 
13 5
17 17
19 16
3 11
4 12
8 15
9 6

Solution 419: 
15 8
17 17
19 16
3 11
4 12
8 15
9 6

Solution 420: 
15 8
17 17
19 16
3 11
5 13
8 15
9 6

Solution 421: 
13 5
17 17
19 16
3 11
5 13
8 15
9 6

Solution 422: 
13 5
17 17
19 16
3 11
5 13
7 3
8 15

Solution 423: 
13 5
17 17
18 20
3 11
5 13
7 3
8 15

Solution 424: 
13 5
17 17
18 20
3 11
4 12
7 3
8 15

Solution 425: 
13 5
17 17
18 20
2 10
4 12
7 3
8 15

Solution 426: 
13 5
17 17
18 20
2 10
4 12
8 15
9 6

Solution 427: 
13 5
17 17
18 20
3 11
4 12
8 15
9 6

Solution 428: 
13 5
17 17
18 20
3 11
5 13
8 15
9 6

Solution 429: 
15 8
17 17
18 20
3 11
5 13
8 15
9 6

Solution 430: 
15 8
17 17
18 20
3 11
4 12
8 15
9 6

Solution 431: 
15 8
17 17
18 20
2 10
4 12
8 15
9 6

Number of solutions found: 432

Changes at vertices: 
New Vertex: 7 3
12 3 -> 12 2
----------------------------------
Removal 2: 
Solution 0: 
1 11
10 18
13 5
18 20
5 14
6 6

Solution 1: 
10 18
13 5
18 20
2 10
5 14
6 6

Solution 2: 
10 18
13 5
18 20
3 11
5 14
6 6

Solution 3: 
1 10
10 18
13 5
18 20
5 14
6 6

Solution 4: 
1 10
10 18
13 5
19 16
5 14
6 6

Solution 5: 
1 11
10 18
13 5
19 16
5 14
6 6

Solution 6: 
10 18
13 5
19 16
2 10
5 14
6 6

Solution 7: 
10 18
13 5
19 16
3 11
5 14
6 6

Solution 8: 
13 5
17 17
19 16
3 11
5 14
6 6

Solution 9: 
13 5
17 17
18 20
3 11
5 14
6 6

Solution 10: 
1 11
13 5
17 17
18 20
5 14
6 6

Solution 11: 
13 5
17 17
18 20
2 10
5 14
6 6

Solution 12: 
1 10
13 5
17 17
18 20
5 14
6 6

Solution 13: 
1 10
13 5
17 17
19 16
5 14
6 6

Solution 14: 
1 11
13 5
17 17
19 16
5 14
6 6

Solution 15: 
13 5
17 17
19 16
2 10
5 14
6 6

Solution 16: 
11 7
17 17
19 16
2 10
5 14
6 6

Solution 17: 
11 7
17 17
18 20
2 10
5 14
6 6

Solution 18: 
1 11
11 7
17 17
18 20
5 14
6 6

Solution 19: 
11 7
17 17
18 20
3 11
5 14
6 6

Solution 20: 
1 10
11 7
17 17
18 20
5 14
6 6

Solution 21: 
1 10
11 7
17 17
19 16
5 14
6 6

Solution 22: 
1 11
11 7
17 17
19 16
5 14
6 6

Solution 23: 
11 7
17 17
19 16
3 11
5 14
6 6

Solution 24: 
10 18
11 7
19 16
3 11
5 14
6 6

Solution 25: 
10 18
11 7
19 16
2 10
5 14
6 6

Solution 26: 
1 11
10 18
11 7
19 16
5 14
6 6

Solution 27: 
1 10
10 18
11 7
19 16
5 14
6 6

Solution 28: 
1 10
10 18
11 7
18 20
5 14
6 6

Solution 29: 
10 18
11 7
18 20
2 10
5 14
6 6

Solution 30: 
1 11
10 18
11 7
18 20
5 14
6 6

Solution 31: 
10 18
11 7
18 20
3 11
5 14
6 6

Number of solutions found: 32

Changes at vertices: 
2 4 -> 2 3
New Vertex: 12 4
----------------------------------
Removal 3: 
Solution 0: 
1 11
10 18
13 5
18 20
5 14
6 6

Solution 1: 
10 18
13 5
18 20
2 10
5 14
6 6

Solution 2: 
10 18
13 5
18 20
3 11
5 14
6 6

Solution 3: 
10 18
13 5
18 20
3 11
4 12
5 14

Solution 4: 
10 18
13 5
18 20
3 11
5 13
5 14

Solution 5: 
10 18
13 5
18 20
3 11
5 14
6 13

Solution 6: 
10 18
13 5
18 20
2 10
4 12
5 14

Solution 7: 
1 10
10 18
13 5
18 20
5 14
6 6

Solution 8: 
1 10
10 18
13 5
19 16
5 14
6 6

Solution 9: 
1 11
10 18
13 5
19 16
5 14
6 6

Solution 10: 
10 18
13 5
19 16
2 10
5 14
6 6

Solution 11: 
10 18
13 5
19 16
3 11
5 14
6 6

Solution 12: 
10 18
13 5
19 16
3 11
5 13
5 14

Solution 13: 
10 18
13 5
19 16
3 11
5 14
6 13

Solution 14: 
10 18
13 5
19 16
3 11
4 12
5 14

Solution 15: 
10 18
13 5
19 16
2 10
4 12
5 14

Solution 16: 
10 18
11 7
19 16
2 10
5 14
6 6

Solution 17: 
10 18
11 7
18 20
2 10
5 14
6 6

Solution 18: 
1 11
10 18
11 7
18 20
5 14
6 6

Solution 19: 
1 11
10 18
11 7
19 16
5 14
6 6

Solution 20: 
1 10
10 18
11 7
19 16
5 14
6 6

Solution 21: 
10 18
11 7
19 16
3 11
5 14
6 6

Solution 22: 
10 18
11 7
18 20
3 11
5 14
6 6

Solution 23: 
1 10
10 18
11 7
18 20
5 14
6 6

Solution 24: 
10 18
13 5
18 20
2 10
4 12
8 15

Solution 25: 
10 18
13 5
18 20
3 11
4 12
8 15

Solution 26: 
10 18
13 5
18 20
3 11
5 13
8 15

Solution 27: 
10 18
13 5
19 16
3 11
5 13
8 15

Solution 28: 
10 18
13 5
19 16
3 11
4 12
8 15

Solution 29: 
13 5
17 17
19 16
3 11
4 12
8 15

Solution 30: 
13 5
17 17
18 20
3 11
4 12
8 15

Solution 31: 
13 5
17 17
18 20
3 11
5 13
8 15

Solution 32: 
13 5
17 17
19 16
3 11
5 13
8 15

Solution 33: 
13 5
17 17
19 16
2 10
4 12
8 15

Solution 34: 
10 18
13 5
19 16
2 10
4 12
8 15

Solution 35: 
13 5
17 17
18 20
2 10
4 12
8 15

Solution 36: 
13 5
17 17
18 20
2 10
4 12
5 14

Solution 37: 
13 5
17 17
19 16
2 10
4 12
5 14

Solution 38: 
13 5
17 17
19 16
3 11
4 12
5 14

Solution 39: 
13 5
17 17
18 20
3 11
4 12
5 14

Solution 40: 
13 5
17 17
18 20
3 11
5 14
6 13

Solution 41: 
13 5
17 17
18 20
3 11
5 13
5 14

Solution 42: 
13 5
17 17
18 20
3 11
5 14
6 6

Solution 43: 
11 7
17 17
18 20
3 11
5 14
6 6

Solution 44: 
1 11
11 7
17 17
18 20
5 14
6 6

Solution 45: 
11 7
17 17
18 20
2 10
5 14
6 6

Solution 46: 
1 10
11 7
17 17
18 20
5 14
6 6

Solution 47: 
1 10
13 5
17 17
18 20
5 14
6 6

Solution 48: 
1 11
13 5
17 17
18 20
5 14
6 6

Solution 49: 
13 5
17 17
18 20
2 10
5 14
6 6

Solution 50: 
13 5
17 17
19 16
2 10
5 14
6 6

Solution 51: 
11 7
17 17
19 16
2 10
5 14
6 6

Solution 52: 
1 11
11 7
17 17
19 16
5 14
6 6

Solution 53: 
1 10
11 7
17 17
19 16
5 14
6 6

Solution 54: 
11 7
17 17
19 16
3 11
5 14
6 6

Solution 55: 
13 5
17 17
19 16
3 11
5 14
6 6

Solution 56: 
1 11
13 5
17 17
19 16
5 14
6 6

Solution 57: 
1 10
13 5
17 17
19 16
5 14
6 6

Solution 58: 
13 5
17 17
19 16
3 11
5 14
6 13

Solution 59: 
13 5
17 17
19 16
3 11
5 13
5 14

Number of solutions found: 60

Changes at vertices: 
2 5 -> 2 4
New Vertex: 13 5
----------------------------------
Removal 4: 
Solution 0: 
1 11
10 18
11 7
18 20
5 14
6 6

Solution 1: 
10 18
11 7
18 20
2 10
5 14
6 6

Solution 2: 
10 18
11 7
18 20
3 11
5 14
6 6

Solution 3: 
10 18
11 7
19 16
3 11
5 14
6 6

Solution 4: 
10 18
11 7
19 16
2 10
5 14
6 6

Solution 5: 
1 11
10 18
11 7
19 16
5 14
6 6

Solution 6: 
1 10
10 18
11 7
19 16
5 14
6 6

Solution 7: 
1 10
10 18
11 7
18 20
5 14
6 6

Solution 8: 
1 10
11 7
17 17
18 20
5 14
6 6

Solution 9: 
1 11
11 7
17 17
18 20
5 14
6 6

Solution 10: 
11 7
17 17
18 20
2 10
5 14
6 6

Solution 11: 
11 7
17 17
18 20
3 11
5 14
6 6

Solution 12: 
11 7
17 17
19 16
3 11
5 14
6 6

Solution 13: 
1 11
11 7
17 17
19 16
5 14
6 6

Solution 14: 
1 10
11 7
17 17
19 16
5 14
6 6

Solution 15: 
11 7
17 17
19 16
2 10
5 14
6 6

Number of solutions found: 16

Changes at vertices: 
New Vertex: 15 8
11 8 -> 11 9
----------------------------------
Removal 5: 
Solution 0: 
1 11
10 18
16 5
18 20
5 14
6 6

Solution 1: 
10 18
16 5
18 20
2 10
5 14
6 6

Solution 2: 
10 18
16 5
18 20
3 11
5 14
6 6

Solution 3: 
10 18
16 5
18 20
3 11
4 12
5 14

Solution 4: 
10 18
16 5
18 20
3 11
5 13
5 14

Solution 5: 
10 18
16 5
18 20
3 11
5 14
6 13

Solution 6: 
10 18
16 5
19 16
3 11
5 14
6 13

Solution 7: 
10 18
16 5
19 16
3 11
4 12
5 14

Solution 8: 
10 18
16 5
19 16
3 11
5 13
5 14

Solution 9: 
10 18
16 5
19 16
3 11
5 14
6 6

Solution 10: 
10 18
16 5
19 16
3 11
4 12
8 15

Solution 11: 
10 18
16 5
19 16
2 10
4 12
8 15

Solution 12: 
10 18
16 5
19 16
3 11
5 13
8 15

Solution 13: 
1 10
10 18
16 5
19 16
5 14
6 6

Solution 14: 
1 11
10 18
16 5
19 16
5 14
6 6

Solution 15: 
10 18
16 5
19 16
2 10
5 14
6 6

Solution 16: 
10 18
16 5
19 16
2 10
4 12
5 14

Solution 17: 
10 18
16 5
18 20
2 10
4 12
5 14

Solution 18: 
1 10
10 18
16 5
18 20
5 14
6 6

Solution 19: 
10 18
16 5
18 20
3 11
5 13
8 15

Solution 20: 
10 18
16 5
18 20
3 11
4 12
8 15

Solution 21: 
10 18
16 5
18 20
2 10
4 12
8 15

Solution 22: 
10 18
11 7
18 20
2 10
5 14
6 6

Solution 23: 
1 11
10 18
11 7
18 20
5 14
6 6

Solution 24: 
1 10
10 18
11 7
18 20
5 14
6 6

Solution 25: 
10 18
11 7
18 20
3 11
5 14
6 6

Solution 26: 
10 18
11 7
19 16
3 11
5 14
6 6

Solution 27: 
10 18
11 7
19 16
2 10
5 14
6 6

Solution 28: 
1 10
10 18
11 7
19 16
5 14
6 6

Solution 29: 
1 11
10 18
11 7
19 16
5 14
6 6

Solution 30: 
1 11
11 7
17 17
19 16
5 14
6 6

Solution 31: 
1 11
11 7
17 17
18 20
5 14
6 6

Solution 32: 
1 10
11 7
17 17
18 20
5 14
6 6

Solution 33: 
11 7
17 17
18 20
2 10
5 14
6 6

Solution 34: 
11 7
17 17
19 16
2 10
5 14
6 6

Solution 35: 
1 10
11 7
17 17
19 16
5 14
6 6

Solution 36: 
11 7
17 17
19 16
3 11
5 14
6 6

Solution 37: 
11 7
17 17
18 20
3 11
5 14
6 6

Solution 38: 
16 5
17 17
18 20
3 11
5 14
6 6

Solution 39: 
16 5
17 17
19 16
3 11
5 14
6 6

Solution 40: 
1 11
16 5
17 17
19 16
5 14
6 6

Solution 41: 
16 5
17 17
19 16
2 10
5 14
6 6

Solution 42: 
1 10
16 5
17 17
19 16
5 14
6 6

Solution 43: 
1 10
16 5
17 17
18 20
5 14
6 6

Solution 44: 
16 5
17 17
18 20
2 10
5 14
6 6

Solution 45: 
1 11
16 5
17 17
18 20
5 14
6 6

Solution 46: 
16 5
17 17
18 20
3 11
5 14
6 13

Solution 47: 
16 5
17 17
18 20
3 11
5 13
5 14

Solution 48: 
16 5
17 17
18 20
3 11
4 12
5 14

Solution 49: 
16 5
17 17
19 16
3 11
4 12
5 14

Solution 50: 
16 5
17 17
19 16
3 11
5 14
6 13

Solution 51: 
16 5
17 17
19 16
3 11
5 13
5 14

Solution 52: 
16 5
17 17
19 16
2 10
4 12
5 14

Solution 53: 
16 5
17 17
18 20
2 10
4 12
5 14

Solution 54: 
16 5
17 17
18 20
2 10
4 12
8 15

Solution 55: 
16 5
17 17
19 16
2 10
4 12
8 15

Solution 56: 
16 5
17 17
19 16
3 11
4 12
8 15

Solution 57: 
16 5
17 17
18 20
3 11
4 12
8 15

Solution 58: 
16 5
17 17
18 20
3 11
5 13
8 15

Solution 59: 
16 5
17 17
19 16
3 11
5 13
8 15

Number of solutions found: 60

Changes at vertices: 
16 7 -> 16 8
New Vertex: 11 7
----------------------------------
Removal 6: 
Solution 0: 
1 11
10 18
18 20
5 14
6 6
9 6

Solution 1: 
10 18
18 20
2 10
5 14
6 6
9 6

Solution 2: 
10 18
18 20
3 11
5 14
6 6
9 6

Solution 3: 
10 18
16 5
18 20
3 11
5 14
6 6

Solution 4: 
1 11
10 18
16 5
18 20
5 14
6 6

Solution 5: 
10 18
16 5
18 20
2 10
5 14
6 6

Solution 6: 
10 18
16 5
18 20
2 10
4 12
5 14

Solution 7: 
10 18
16 5
19 16
2 10
4 12
5 14

Solution 8: 
10 18
16 5
19 16
2 10
5 14
6 6

Solution 9: 
10 18
16 5
19 16
3 11
5 14
6 6

Solution 10: 
1 11
10 18
16 5
19 16
5 14
6 6

Solution 11: 
1 10
10 18
16 5
19 16
5 14
6 6

Solution 12: 
1 10
10 18
19 16
5 14
6 6
9 6

Solution 13: 
1 10
10 18
19 16
5 14
6 6
9 7

Solution 14: 
1 10
10 18
16 7
19 16
5 14
6 6

Solution 15: 
10 18
16 7
19 16
2 10
5 14
6 6

Solution 16: 
10 18
16 7
19 16
3 11
5 14
6 6

Solution 17: 
1 11
10 18
16 7
19 16
5 14
6 6

Solution 18: 
1 11
10 18
19 16
5 14
6 6
9 7

Solution 19: 
10 18
19 16
2 10
5 14
6 6
9 7

Solution 20: 
10 18
19 16
3 11
5 14
6 6
9 7

Solution 21: 
10 18
19 16
3 11
5 14
6 6
9 6

Solution 22: 
10 18
19 16
2 10
5 14
6 6
9 6

Solution 23: 
1 11
10 18
19 16
5 14
6 6
9 6

Solution 24: 
1 11
10 18
16 7
18 20
5 14
6 6

Solution 25: 
1 11
10 18
18 20
5 14
6 6
9 7

Solution 26: 
10 18
18 20
2 10
5 14
6 6
9 7

Solution 27: 
10 18
18 20
3 11
5 14
6 6
9 7

Solution 28: 
10 18
16 7
18 20
3 11
5 14
6 6

Solution 29: 
10 18
16 7
18 20
2 10
5 14
6 6

Solution 30: 
1 10
10 18
16 7
18 20
5 14
6 6

Solution 31: 
1 10
10 18
18 20
5 14
6 6
9 6

Solution 32: 
1 10
10 18
18 20
5 14
6 6
9 7

Solution 33: 
1 10
10 18
16 5
18 20
5 14
6 6

Solution 34: 
10 18
16 5
18 20
3 11
5 14
6 13

Solution 35: 
10 18
16 5
18 20
3 11
5 13
5 14

Solution 36: 
10 18
16 5
19 16
3 11
5 13
5 14

Solution 37: 
10 18
16 5
19 16
3 11
5 14
6 13

Solution 38: 
10 18
16 5
19 16
3 11
4 12
5 14

Solution 39: 
10 18
16 5
18 20
3 11
4 12
5 14

Solution 40: 
10 18
18 20
3 11
4 12
5 14
9 6

Solution 41: 
10 18
18 20
3 11
5 14
6 13
9 6

Solution 42: 
10 18
18 20
3 11
5 13
5 14
9 6

Solution 43: 
10 18
19 16
3 11
5 13
5 14
9 6

Solution 44: 
10 18
19 16
3 11
5 14
6 13
9 6

Solution 45: 
10 18
19 16
3 11
4 12
5 14
9 6

Solution 46: 
10 18
19 16
2 10
4 12
5 14
9 6

Solution 47: 
10 18
18 20
2 10
4 12
5 14
9 6

Solution 48: 
10 18
18 20
2 10
4 12
8 15
9 6

Solution 49: 
10 18
16 5
18 20
2 10
4 12
8 15

Solution 50: 
10 18
16 5
19 16
2 10
4 12
8 15

Solution 51: 
10 18
19 16
2 10
4 12
8 15
9 6

Solution 52: 
10 18
19 16
3 11
4 12
8 15
9 6

Solution 53: 
10 18
16 5
19 16
3 11
4 12
8 15

Solution 54: 
10 18
16 5
18 20
3 11
4 12
8 15

Solution 55: 
10 18
18 20
3 11
4 12
8 15
9 6

Solution 56: 
10 18
18 20
3 11
5 13
8 15
9 6

Solution 57: 
10 18
19 16
3 11
5 13
8 15
9 6

Solution 58: 
10 18
16 5
19 16
3 11
5 13
8 15

Solution 59: 
10 18
16 5
18 20
3 11
5 13
8 15

Solution 60: 
16 5
17 17
18 20
3 11
5 13
8 15

Solution 61: 
16 5
17 17
19 16
3 11
5 13
8 15

Solution 62: 
17 17
19 16
3 11
5 13
8 15
9 6

Solution 63: 
17 17
18 20
3 11
5 13
8 15
9 6

Solution 64: 
17 17
18 20
3 11
4 12
8 15
9 6

Solution 65: 
17 17
19 16
3 11
4 12
8 15
9 6

Solution 66: 
16 5
17 17
19 16
3 11
4 12
8 15

Solution 67: 
16 5
17 17
18 20
3 11
4 12
8 15

Solution 68: 
16 5
17 17
18 20
3 11
4 12
5 14

Solution 69: 
16 5
17 17
19 16
3 11
4 12
5 14

Solution 70: 
17 17
19 16
3 11
4 12
5 14
9 6

Solution 71: 
17 17
18 20
3 11
4 12
5 14
9 6

Solution 72: 
17 17
18 20
3 11
5 13
5 14
9 6

Solution 73: 
17 17
18 20
3 11
5 14
6 13
9 6

Solution 74: 
17 17
19 16
3 11
5 14
6 13
9 6

Solution 75: 
17 17
19 16
3 11
5 13
5 14
9 6

Solution 76: 
17 17
19 16
3 11
5 14
6 6
9 6

Solution 77: 
17 17
18 20
3 11
5 14
6 6
9 6

Solution 78: 
16 7
17 17
18 20
3 11
5 14
6 6

Solution 79: 
16 5
17 17
18 20
3 11
5 14
6 6

Solution 80: 
17 17
18 20
3 11
5 14
6 6
9 7

Solution 81: 
16 5
17 17
18 20
3 11
5 14
6 13

Solution 82: 
16 5
17 17
18 20
3 11
5 13
5 14

Solution 83: 
16 5
17 17
19 16
3 11
5 13
5 14

Solution 84: 
16 5
17 17
19 16
3 11
5 14
6 13

Solution 85: 
16 5
17 17
19 16
3 11
5 14
6 6

Solution 86: 
17 17
19 16
3 11
5 14
6 6
9 7

Solution 87: 
16 7
17 17
19 16
3 11
5 14
6 6

Solution 88: 
1 11
16 7
17 17
19 16
5 14
6 6

Solution 89: 
16 7
17 17
19 16
2 10
5 14
6 6

Solution 90: 
1 10
16 7
17 17
19 16
5 14
6 6

Solution 91: 
1 10
17 17
19 16
5 14
6 6
9 6

Solution 92: 
1 10
17 17
19 16
5 14
6 6
9 7

Solution 93: 
1 10
16 5
17 17
19 16
5 14
6 6

Solution 94: 
16 5
17 17
19 16
2 10
5 14
6 6

Solution 95: 
17 17
19 16
2 10
5 14
6 6
9 6

Solution 96: 
17 17
19 16
2 10
5 14
6 6
9 7

Solution 97: 
1 11
17 17
19 16
5 14
6 6
9 7

Solution 98: 
1 11
17 17
19 16
5 14
6 6
9 6

Solution 99: 
1 11
16 5
17 17
19 16
5 14
6 6

Solution 100: 
16 5
17 17
19 16
2 10
4 12
5 14

Solution 101: 
17 17
19 16
2 10
4 12
5 14
9 6

Solution 102: 
17 17
19 16
2 10
4 12
8 15
9 6

Solution 103: 
16 5
17 17
19 16
2 10
4 12
8 15

Solution 104: 
16 5
17 17
18 20
2 10
4 12
8 15

Solution 105: 
17 17
18 20
2 10
4 12
8 15
9 6

Solution 106: 
17 17
18 20
2 10
4 12
5 14
9 6

Solution 107: 
16 5
17 17
18 20
2 10
4 12
5 14

Solution 108: 
16 5
17 17
18 20
2 10
5 14
6 6

Solution 109: 
17 17
18 20
2 10
5 14
6 6
9 7

Solution 110: 
16 7
17 17
18 20
2 10
5 14
6 6

Solution 111: 
17 17
18 20
2 10
5 14
6 6
9 6

Solution 112: 
1 11
17 17
18 20
5 14
6 6
9 6

Solution 113: 
1 10
17 17
18 20
5 14
6 6
9 6

Solution 114: 
1 10
16 7
17 17
18 20
5 14
6 6

Solution 115: 
1 10
16 5
17 17
18 20
5 14
6 6

Solution 116: 
1 10
17 17
18 20
5 14
6 6
9 7

Solution 117: 
1 11
17 17
18 20
5 14
6 6
9 7

Solution 118: 
1 11
16 7
17 17
18 20
5 14
6 6

Solution 119: 
1 11
16 5
17 17
18 20
5 14
6 6

Number of solutions found: 120

Changes at vertices: 
16 6 -> 16 7
New Vertex: 9 6
----------------------------------
Removal 7: 
Solution 0: 
1 11
10 18
18 20
5 14
6 6

Solution 1: 
10 18
18 20
2 10
5 14
6 6

Solution 2: 
10 18
18 20
3 11
5 14
6 6

Solution 3: 
1 10
10 18
18 20
5 14
6 6

Solution 4: 
1 10
10 18
19 16
5 14
6 6

Solution 5: 
1 11
10 18
19 16
5 14
6 6

Solution 6: 
10 18
19 16
2 10
5 14
6 6

Solution 7: 
10 18
19 16
3 11
5 14
6 6

Solution 8: 
17 17
19 16
3 11
5 14
6 6

Solution 9: 
17 17
18 20
3 11
5 14
6 6

Solution 10: 
1 11
17 17
18 20
5 14
6 6

Solution 11: 
1 10
17 17
18 20
5 14
6 6

Solution 12: 
17 17
18 20
2 10
5 14
6 6

Solution 13: 
17 17
19 16
2 10
5 14
6 6

Solution 14: 
1 10
17 17
19 16
5 14
6 6

Solution 15: 
1 11
17 17
19 16
5 14
6 6

Number of solutions found: 16

Changes at vertices: 
2 6 -> 2 5
Change visibility: 6 6
----------------------------------
Removal 8: 
Solution 0: 
1 11
10 18
18 20
5 14
6 6

Solution 1: 
10 18
18 20
2 10
5 14
6 6

Solution 2: 
10 18
18 20
3 11
5 14
6 6

Solution 3: 
10 18
18 20
3 11
4 12
5 14

Solution 4: 
10 18
18 20
3 11
5 13
5 14

Solution 5: 
10 18
18 20
3 11
5 14
6 13

Solution 6: 
10 18
19 16
3 11
5 14
6 13

Solution 7: 
10 18
19 16
3 11
5 13
5 14

Solution 8: 
10 18
19 16
3 11
4 12
5 14

Solution 9: 
10 18
19 16
3 11
5 14
6 6

Solution 10: 
17 17
19 16
3 11
5 14
6 6

Solution 11: 
17 17
19 16
2 10
5 14
6 6

Solution 12: 
1 11
17 17
19 16
5 14
6 6

Solution 13: 
1 10
17 17
19 16
5 14
6 6

Solution 14: 
1 10
10 18
19 16
5 14
6 6

Solution 15: 
10 18
19 16
2 10
5 14
6 6

Solution 16: 
1 11
10 18
19 16
5 14
6 6

Solution 17: 
1 10
10 18
18 20
5 14
6 6

Solution 18: 
1 10
17 17
18 20
5 14
6 6

Solution 19: 
17 17
18 20
3 11
5 14
6 6

Solution 20: 
17 17
18 20
2 10
5 14
6 6

Solution 21: 
1 11
17 17
18 20
5 14
6 6

Solution 22: 
17 17
18 20
3 11
5 13
5 14

Solution 23: 
17 17
18 20
3 11
5 14
6 13

Solution 24: 
17 17
18 20
3 11
4 12
5 14

Solution 25: 
17 17
19 16
3 11
4 12
5 14

Solution 26: 
17 17
19 16
3 11
5 14
6 13

Solution 27: 
17 17
19 16
3 11
5 13
5 14

Solution 28: 
17 17
19 16
2 10
4 12
5 14

Solution 29: 
17 17
18 20
2 10
4 12
5 14

Solution 30: 
10 18
18 20
2 10
4 12
5 14

Solution 31: 
10 18
19 16
2 10
4 12
5 14

Solution 32: 
10 18
19 16
2 10
4 12
8 15

Solution 33: 
10 18
18 20
2 10
4 12
8 15

Solution 34: 
17 17
18 20
2 10
4 12
8 15

Solution 35: 
17 17
19 16
2 10
4 12
8 15

Solution 36: 
17 17
19 16
3 11
4 12
8 15

Solution 37: 
17 17
18 20
3 11
4 12
8 15

Solution 38: 
10 18
18 20
3 11
4 12
8 15

Solution 39: 
10 18
19 16
3 11
4 12
8 15

Solution 40: 
10 18
19 16
3 11
5 13
8 15

Solution 41: 
10 18
18 20
3 11
5 13
8 15

Solution 42: 
17 17
18 20
3 11
5 13
8 15

Solution 43: 
17 17
19 16
3 11
5 13
8 15

Number of solutions found: 44

Changes at vertices: 
New Vertex: 2 10
6 10 -> 6 6
----------------------------------
Removal 9: 
Solution 0: 
10 18
18 20
5 14
6 10

Solution 1: 
17 17
18 20
5 14
6 10

Solution 2: 
17 17
19 16
5 14
6 10

Solution 3: 
10 18
19 16
5 14
6 10

Number of solutions found: 4

Changes at vertices: 
Change visibility: 19 16
18 16 -> 18 20
----------------------------------
Removal 10: 
Solution 0: 
10 18
18 15
4 18
6 10

Solution 1: 
10 18
18 15
5 14
6 10

Solution 2: 
17 17
18 15
5 14
6 10

Solution 3: 
17 17
18 15
4 18
6 10

Solution 4: 
10 19
18 15
4 18
6 10

Solution 5: 
17 19
18 15
4 18
6 10

Solution 6: 
17 19
19 14
4 18
6 10

Solution 7: 
10 19
19 14
4 18
6 10

Solution 8: 
17 17
19 14
4 18
6 10

Solution 9: 
10 18
19 14
4 18
6 10

Solution 10: 
10 18
19 14
5 14
6 10

Solution 11: 
17 17
19 14
5 14
6 10

Solution 12: 
17 17
18 16
5 14
6 10

Solution 13: 
17 17
19 16
5 14
6 10

Solution 14: 
10 18
19 16
5 14
6 10

Solution 15: 
10 18
18 16
5 14
6 10

Number of solutions found: 16

Changes at vertices: 
19 15 -> 19 16
New Vertex: 18 15
----------------------------------
Removal 11: 
Solution 0: 
10 18
5 14
6 10

Solution 1: 
17 17
5 14
6 10

Number of solutions found: 2

Changes at vertices: 
17 18 -> 17 19
New Vertex: 10 18
----------------------------------
Removal 12: 
Solution 0: 
4 18
5 14
6 10

Solution 1: 
4 18
6 10
8 15

Solution 2: 
19 15
4 18
6 10

Solution 3: 
19 14
4 18
6 10

Solution 4: 
17 17
5 14
6 10

Solution 5: 
5 14
6 10
8 17

Solution 6: 
17 18
5 14
6 10

Number of solutions found: 7

Changes at vertices: 
Change visibility: 8 17
4 17 -> 4 18
----------------------------------
Removal 13: 
Solution 0: 
5 14
6 10

Number of solutions found: 1

Changes at vertices: 
New Vertex: 8 15
4 15 -> 4 17
----------------------------------
Removal 14: 
Solution 0: 
4 15
6 10

Solution 1: 
5 14
6 10

Number of solutions found: 2

Changes at vertices: 
Change visibility: 5 14
4 14 -> 4 15
----------------------------------
Removal 15: 
Solution 0: 
1 11
4 12

Solution 1: 
3 11
4 12

Solution 2: 
4 12
6 10

Solution 3: 
4 14
6 10

Solution 4: 
5 13
6 10

Solution 5: 
5 14
6 10

Solution 6: 
3 11
5 13

Solution 7: 
1 10
4 12

Number of solutions found: 8

Changes at vertices: 
New Vertex: 5 13
4 13 -> 4 14
----------------------------------
Removal 16: 
Solution 0: 
6 10

Number of solutions found: 1

Changes at vertices: 
6 12 -> 6 13
New Vertex: 4 12
----------------------------------
Removal 17: 
Solution 0: 
6 10

Solution 1: 
3 11

Number of solutions found: 2

Changes at vertices: 
6 11 -> 6 12
New Vertex: 3 11
----------------------------------
Removal 18: 
Solution 0: 
1 11

Solution 1: 
6 10

Solution 2: 
6 11

Solution 3: 
1 10

Number of solutions found: 4

