394
322 833
322 576
313 576
313 455
319 455
319 408
316 408
316 364
301 364
301 439
308 439
308 581
318 581
318 741
309 741
309 900
317 900
317 838
324 838
324 951
328 951
328 968
327 968
327 1026
325 1026
325 1041
305 1041
305 1047
274 1047
274 1042
290 1042
290 1037
234 1037
234 925
238 925
238 898
231 898
231 625
227 625
227 743
214 743
214 716
206 716
206 725
184 725
184 709
182 709
182 706
209 706
209 693
123 693
123 694
166 694
166 696
110 696
110 703
108 703
108 695
92 695
92 691
210 691
210 682
215 682
215 679
185 679
185 686
146 686
146 660
145 660
145 669
125 669
125 690
124 690
124 654
113 654
113 675
112 675
112 667
79 667
79 697
101 697
101 705
104 705
104 732
33 732
33 574
38 574
38 715
40 715
40 573
24 573
24 530
22 530
22 577
19 577
19 635
17 635
17 572
12 572
12 537
10 537
10 385
69 385
69 378
46 378
46 383
34 383
34 369
176 369
176 370
135 370
135 372
140 372
140 377
164 377
164 376
178 376
178 375
158 375
158 371
179 371
179 358
195 358
195 356
152 356
152 363
132 363
132 368
9 368
9 500
7 500
7 598
11 598
11 658
20 658
20 588
31 588
31 587
32 587
32 688
23 688
23 721
27 721
27 739
29 739
29 733
121 733
121 729
134 729
134 720
136 720
136 727
138 727
138 700
161 700
161 744
162 744
162 711
177 711
177 745
157 745
157 748
217 748
217 836
127 836
127 840
149 840
149 846
55 846
55 864
44 864
44 851
1 851
1 894
18 894
18 889
25 889
25 871
61 871
61 910
93 910
93 913
56 913
56 916
15 916
15 915
13 915
13 917
75 917
75 923
96 923
96 945
120 945
120 953
126 953
126 927
115 927
115 920
117 920
117 908
84 908
84 909
66 909
66 867
72 867
72 858
64 858
64 872
63 872
63 847
203 847
203 841
219 841
219 831
221 831
221 828
218 828
218 783
223 783
223 804
224 804
224 810
228 810
228 726
230 726
230 1038
283 1038
283 1040
220 1040
220 1021
207 1021
207 974
192 974
192 987
193 987
193 1004
202 1004
202 1027
194 1027
194 1028
111 1028
111 1061
130 1061
130 1060
131 1060
131 1044
128 1044
128 1036
150 1036
150 1030
201 1030
201 1039
200 1039
200 1032
159 1032
159 1076
170 1076
170 1140
153 1140
153 1139
116 1139
116 1144
65 1144
65 1137
51 1137
51 1135
30 1135
30 1132
35 1132
35 1122
41 1122
41 1113
106 1113
106 1092
76 1092
76 1079
59 1079
59 1075
105 1075
105 1051
100 1051
100 1048
85 1048
85 1014
81 1014
81 1013
80 1013
80 962
78 962
78 1022
74 1022
74 1058
82 1058
82 1067
67 1067
67 1033
53 1033
53 1018
50 1018
50 983
45 983
45 957
37 957
37 976
36 976
36 1025
42 1025
42 1024
43 1024
43 1020
49 1020
49 1043
52 1043
52 1084
6 1084
6 975
3 975
3 1015
2 1015
2 1163
4 1163
4 1116
5 1116
5 1086
8 1086
8 1091
62 1091
62 1095
86 1095
86 1101
103 1101
103 1105
70 1105
70 1102
58 1102
58 1107
57 1107
57 1111
39 1111
39 1120
16 1120
16 1130
21 1130
21 1134
28 1134
28 1142
26 1142
26 1164
48 1164
48 1151
54 1151
54 1159
60 1159
60 1199
73 1199
73 1174
98 1174
98 1148
107 1148
107 1147
68 1147
68 1150
47 1150
47 1145
143 1145
143 1146
171 1146
171 1082
174 1082
174 1104
186 1104
186 1090
191 1090
191 1071
172 1071
172 1064
265 1064
265 1065
293 1065
293 1066
297 1066
297 1068
298 1068
298 1062
165 1062
165 1046
187 1046
187 1049
329 1049
329 845
333 845
333 834
347 834
347 833
