68
214 743
214 725
177 725
177 745
157 745
157 748
217 748
217 836
127 836
127 840
149 840
149 846
55 846
55 864
44 864
44 851
1 851
1 894
18 894
18 889
25 889
25 871
61 871
61 910
93 910
93 913
56 913
56 916
15 916
15 915
13 915
13 917
75 917
75 923
96 923
96 945
120 945
120 953
126 953
126 927
115 927
115 920
117 920
117 908
84 908
84 909
66 909
66 867
72 867
72 858
64 858
64 872
63 872
63 847
203 847
203 841
219 841
219 831
221 831
221 828
218 828
218 783
223 783
223 804
224 804
224 810
228 810
228 743
