1160
985 193
985 216
938 216
938 217
845 217
845 222
749 222
749 205
364 205
364 381
363 381
363 209
339 209
339 266
341 266
341 360
336 360
336 415
335 415
335 663
337 663
337 731
340 731
340 754
331 754
331 833
322 833
322 498
315 498
315 576
313 576
313 455
319 455
319 408
316 408
316 234
312 234
312 289
311 289
311 312
314 312
314 364
303 364
303 352
310 352
310 253
306 253
306 258
307 258
307 329
301 329
301 439
308 439
308 581
318 581
318 741
309 741
309 900
317 900
317 838
324 838
324 951
328 951
328 968
327 968
327 1026
325 1026
325 1041
305 1041
305 1047
274 1047
274 1042
290 1042
290 1037
234 1037
234 925
238 925
238 898
231 898
231 625
227 625
227 743
214 743
214 716
206 716
206 725
184 725
184 709
182 709
182 706
209 706
209 693
123 693
123 694
166 694
166 696
110 696
110 703
108 703
108 695
92 695
92 691
210 691
210 682
215 682
215 679
185 679
185 686
146 686
146 660
145 660
145 669
125 669
125 690
124 690
124 654
113 654
113 675
112 675
112 667
79 667
79 697
101 697
101 705
104 705
104 732
33 732
33 574
38 574
38 715
40 715
40 573
24 573
24 530
22 530
22 577
19 577
19 635
17 635
17 572
12 572
12 537
10 537
10 385
69 385
69 378
46 378
46 383
34 383
34 369
176 369
176 370
135 370
135 372
140 372
140 377
164 377
164 376
178 376
178 375
158 375
158 371
179 371
179 358
195 358
195 356
152 356
152 363
132 363
132 368
9 368
9 500
7 500
7 598
11 598
11 658
20 658
20 588
31 588
31 587
32 587
32 688
23 688
23 721
27 721
27 739
29 739
29 733
121 733
121 729
134 729
134 720
136 720
136 727
138 727
138 700
161 700
161 744
162 744
162 711
177 711
177 745
157 745
157 748
217 748
217 836
127 836
127 840
149 840
149 846
55 846
55 864
44 864
44 851
1 851
1 894
18 894
18 889
25 889
25 871
61 871
61 910
93 910
93 913
56 913
56 916
15 916
15 915
13 915
13 917
75 917
75 923
96 923
96 945
120 945
120 953
126 953
126 927
115 927
115 920
117 920
117 908
84 908
84 909
66 909
66 867
72 867
72 858
64 858
64 872
63 872
63 847
203 847
203 841
219 841
219 831
221 831
221 828
218 828
218 783
223 783
223 804
224 804
224 810
228 810
228 726
230 726
230 1038
283 1038
283 1040
220 1040
220 1021
207 1021
207 974
192 974
192 987
193 987
193 1004
202 1004
202 1027
194 1027
194 1028
111 1028
111 1061
130 1061
130 1060
131 1060
131 1044
128 1044
128 1036
150 1036
150 1030
201 1030
201 1039
200 1039
200 1032
159 1032
159 1076
170 1076
170 1140
153 1140
153 1139
116 1139
116 1144
65 1144
65 1137
51 1137
51 1135
30 1135
30 1132
35 1132
35 1122
41 1122
41 1113
106 1113
106 1092
76 1092
76 1079
59 1079
59 1075
105 1075
105 1051
100 1051
100 1048
85 1048
85 1014
81 1014
81 1013
80 1013
80 962
78 962
78 1022
74 1022
74 1058
82 1058
82 1067
67 1067
67 1033
53 1033
53 1018
50 1018
50 983
45 983
45 957
37 957
37 976
36 976
36 1025
42 1025
42 1024
43 1024
43 1020
49 1020
49 1043
52 1043
52 1084
6 1084
6 975
3 975
3 1015
2 1015
2 1163
4 1163
4 1116
5 1116
5 1086
8 1086
8 1091
62 1091
62 1095
86 1095
86 1101
103 1101
103 1105
70 1105
70 1102
58 1102
58 1107
57 1107
57 1111
39 1111
39 1120
16 1120
16 1130
21 1130
21 1134
28 1134
28 1142
26 1142
26 1164
48 1164
48 1151
54 1151
54 1159
60 1159
60 1199
73 1199
73 1174
98 1174
98 1148
107 1148
107 1147
68 1147
68 1150
47 1150
47 1145
143 1145
143 1146
171 1146
171 1082
174 1082
174 1104
186 1104
186 1090
191 1090
191 1071
172 1071
172 1064
265 1064
265 1065
293 1065
293 1066
297 1066
297 1068
298 1068
298 1062
165 1062
165 1046
187 1046
187 1049
329 1049
329 845
333 845
333 834
347 834
347 758
352 758
352 640
348 640
348 737
346 737
346 611
342 611
342 590
344 590
344 544
345 544
345 543
353 543
353 772
354 772
354 653
358 653
358 522
360 522
360 519
343 519
343 514
355 514
355 361
356 361
356 334
349 334
349 296
350 296
350 256
359 256
359 229
361 229
361 261
362 261
362 399
365 399
365 242
367 242
367 610
368 610
368 582
369 582
369 591
371 591
371 616
379 616
379 766
373 766
373 903
375 903
375 932
380 932
380 937
398 937
398 963
399 963
399 944
401 944
401 973
411 973
411 972
409 972
409 906
417 906
417 921
416 921
416 926
418 926
418 989
412 989
412 1157
304 1157
304 1154
299 1154
299 1125
323 1125
323 1124
321 1124
321 1093
251 1093
251 1096
243 1096
243 1115
286 1115
286 1121
276 1121
276 1123
295 1123
295 1161
302 1161
302 1180
320 1180
320 1185
294 1185
294 1181
259 1181
259 1183
291 1183
291 1193
261 1193
261 1201
260 1201
260 1205
272 1205
272 1204
289 1204
289 1194
334 1194
334 1200
366 1200
366 1197
372 1197
372 1187
326 1187
326 1160
414 1160
414 1179
413 1179
413 1207
415 1207
415 1222
454 1222
454 1232
463 1232
463 1216
460 1216
460 1217
419 1217
419 1073
421 1073
421 1085
422 1085
422 1109
428 1109
428 1118
449 1118
449 1099
451 1099
451 1012
462 1012
462 1143
459 1143
459 1215
461 1215
461 1155
466 1155
466 1149
465 1149
465 1011
464 1011
464 1007
453 1007
453 1010
445 1010
445 1117
441 1117
441 1088
431 1088
431 1089
429 1089
429 1019
423 1019
423 943
446 943
446 942
456 942
456 934
448 934
448 613
437 613
437 379
438 379
438 340
440 340
440 339
443 339
443 276
452 276
452 263
457 263
457 288
468 288
468 410
467 410
467 526
469 526
469 274
470 274
470 300
475 300
475 545
480 545
480 525
482 525
482 524
483 524
483 547
522 547
522 575
485 575
485 592
497 592
497 594
486 594
486 609
525 609
525 620
519 620
519 794
524 794
524 799
514 799
514 790
501 790
501 924
493 924
493 848
500 848
500 843
484 843
484 905
488 905
488 952
491 952
491 971
511 971
511 969
502 969
502 958
505 958
505 940
504 940
504 875
506 875
506 859
533 859
533 874
530 874
530 880
513 880
513 896
518 896
518 960
542 960
542 990
487 990
487 1031
490 1031
490 1050
495 1050
495 1053
492 1053
492 1153
494 1153
494 1177
531 1177
531 1188
532 1188
532 1170
538 1170
538 1094
545 1094
545 1083
540 1083
540 1080
528 1080
528 1108
517 1108
517 1070
520 1070
520 1056
534 1056
534 1054
555 1054
555 1052
516 1052
516 1097
503 1097
503 1110
537 1110
537 1169
510 1169
510 1175
498 1175
498 1078
499 1078
499 996
521 996
521 991
546 991
546 999
553 999
553 956
539 956
539 939
527 939
527 936
523 936
523 902
544 902
544 781
543 781
543 854
507 854
507 837
509 837
509 819
529 819
529 647
526 647
526 615
536 615
536 571
541 571
541 619
554 619
554 567
535 567
535 531
489 531
489 520
478 520
478 313
477 313
477 262
450 262
450 252
439 252
439 311
442 311
442 321
436 321
436 327
434 327
434 548
433 548
433 469
430 469
430 652
424 652
424 826
425 826
425 827
426 827
426 664
432 664
432 622
444 622
444 702
447 702
447 928
420 928
420 842
410 842
410 809
404 809
404 853
397 853
397 911
400 911
400 907
403 907
403 856
408 856
408 938
407 938
407 954
405 954
405 933
394 933
394 931
389 931
389 835
391 835
391 782
386 782
386 623
382 623
382 446
388 446
388 481
393 481
393 487
396 487
396 405
385 405
385 380
390 380
390 350
384 350
384 353
378 353
378 332
383 332
383 337
387 337
387 330
377 330
377 466
381 466
381 541
370 541
370 237
392 237
392 249
427 249
427 243
402 243
402 232
406 232
406 230
455 230
455 221
435 221
435 207
549 207
549 210
550 210
550 227
548 227
548 245
551 245
551 208
625 208
625 219
626 219
626 214
633 214
633 212
696 212
696 206
717 206
717 225
723 225
723 224
934 224
934 223
973 223
973 226
993 226
993 235
756 235
756 238
791 238
791 236
996 236
996 213
1005 213
1005 247
936 247
936 248
958 248
958 254
1003 254
1003 277
860 277
860 284
815 284
815 294
827 294
827 292
832 292
832 318
771 318
771 273
787 273
787 287
782 287
782 317
800 317
800 270
833 270
833 265
830 265
830 259
739 259
739 260
743 260
743 264
778 264
778 268
809 268
809 269
766 269
766 315
757 315
757 278
746 278
746 283
744 283
744 297
742 297
742 295
705 295
705 323
728 323
728 328
727 328
727 336
729 336
729 316
750 316
750 338
693 338
693 331
672 331
672 322
653 322
653 320
640 320
640 343
650 343
650 355
691 355
691 362
662 362
662 365
651 365
651 374
674 374
674 471
667 471
667 489
649 489
649 488
645 488
645 499
671 499
671 502
704 502
704 492
713 492
713 494
722 494
722 493
719 493
719 491
826 491
826 495
731 495
731 497
824 497
824 560
822 560
822 539
821 539
821 585
828 585
828 602
812 602
812 580
802 580
802 630
813 630
813 618
805 618
805 608
834 608
834 603
843 603
843 568
848 568
848 536
846 536
846 563
829 563
829 483
781 483
781 490
769 490
769 486
708 486
708 485
741 485
741 476
699 476
699 478
730 478
730 480
692 480
692 496
682 496
682 467
675 467
675 456
707 456
707 454
758 454
758 452
788 452
788 460
814 460
814 445
764 445
764 449
807 449
807 450
735 450
735 451
725 451
725 435
868 435
868 436
738 436
738 438
1024 438
1024 448
937 448
937 444
928 444
928 441
869 441
869 447
856 447
856 459
851 459
851 461
1017 461
1017 468
983 468
983 473
991 473
991 479
1008 479
1008 477
1022 477
1022 474
1107 474
1107 462
1087 462
1087 472
1046 472
1046 458
883 458
883 457
924 457
924 453
1037 453
1037 437
940 437
940 427
1013 427
1013 423
984 423
984 417
1118 417
1118 418
1070 418
1070 429
1130 429
1130 419
1143 419
1143 391
1004 391
1004 394
959 394
959 389
988 389
988 386
950 386
950 392
906 392
906 395
1055 395
1055 396
1066 396
1066 398
1007 398
1007 400
1009 400
1009 404
1077 404
1077 401
1141 401
1141 412
971 412
971 411
849 411
849 413
917 413
917 426
840 426
840 425
761 425
761 428
913 428
913 430
900 430
900 432
818 432
818 434
710 434
710 443
687 443
687 440
685 440
685 397
677 397
677 373
701 373
701 354
663 354
663 351
655 351
655 344
661 344
661 341
751 341
751 280
752 280
752 319
837 319
837 314
850 314
850 298
862 298
862 282
892 282
892 281
1018 281
1018 275
1006 275
1006 193
