94
71 54
71 53
52 53
52 44
70 44
70 37
56 37
56 32
58 32
58 14
21 14
21 16
11 16
11 20
15 20
15 19
23 19
23 17
29 17
29 21
1 21
1 50
2 50
2 22
36 22
36 15
53 15
53 27
49 27
49 24
47 24
47 28
46 28
46 36
54 36
54 39
69 39
69 43
41 43
41 42
22 42
22 48
40 48
40 46
45 46
45 45
51 45
51 58
99 58
99 59
120 59
120 60
128 60
128 71
119 71
119 94
114 94
114 78
104 78
104 70
101 70
101 69
96 69
96 62
82 62
82 83
97 83
97 74
102 74
102 96
100 96
100 88
86 88
86 93
93 93
93 92
95 92
95 102
109 102
109 84
111 84
111 87
113 87
113 95
138 95
138 81
136 81
136 57
60 57
60 56
134 56
134 55
108 55
108 54
