256
110 34
110 35
83 35
83 38
87 38
87 41
105 41
105 40
107 40
107 54
71 54
71 53
52 53
52 44
70 44
70 37
56 37
56 32
58 32
58 14
21 14
21 16
11 16
11 20
15 20
15 19
23 19
23 17
29 17
29 21
1 21
1 50
2 50
2 22
36 22
36 15
53 15
53 27
49 27
49 24
47 24
47 28
46 28
46 36
54 36
54 39
69 39
69 43
41 43
41 42
22 42
22 48
40 48
40 46
45 46
45 45
51 45
51 58
99 58
99 59
120 59
120 60
128 60
128 71
119 71
119 94
114 94
114 78
104 78
104 70
101 70
101 69
96 69
96 62
82 62
82 83
97 83
97 74
102 74
102 96
100 96
100 85
80 85
80 73
26 73
26 89
18 89
18 90
14 90
14 86
6 86
6 72
8 72
8 65
13 65
13 67
20 67
20 68
48 68
48 66
75 66
75 64
76 64
76 61
10 61
10 63
7 63
7 51
5 51
5 101
16 101
16 121
3 121
3 149
4 149
4 122
27 122
27 123
12 123
12 125
30 125
30 128
25 128
25 130
17 130
17 135
9 135
9 141
24 141
24 137
28 137
28 147
73 147
73 150
74 150
74 146
55 146
55 145
44 145
44 143
50 143
50 142
77 142
77 144
81 144
81 132
94 132
94 134
121 134
121 148
139 148
139 140
137 140
137 108
118 108
118 110
115 110
115 111
92 111
92 115
124 115
124 118
130 118
130 116
133 116
133 133
126 133
126 139
125 139
125 131
112 131
112 126
89 126
89 129
79 129
79 136
65 136
65 127
72 127
72 114
64 114
64 117
57 117
57 119
67 119
67 120
59 120
59 138
34 138
34 124
33 124
33 113
61 113
61 112
43 112
43 106
42 106
42 107
39 107
39 79
38 79
38 109
19 109
19 99
31 99
31 91
37 91
37 82
32 82
32 77
35 77
35 75
78 75
78 88
86 88
86 93
90 93
90 97
93 97
93 92
95 92
95 102
109 102
109 84
111 84
111 87
113 87
113 104
127 104
127 100
123 100
123 98
131 98
131 105
141 105
141 103
148 103
148 76
145 76
145 80
146 80
146 95
138 95
138 81
136 81
136 57
60 57
60 56
134 56
134 55
108 55
108 47
116 47
116 49
117 49
117 34
