436
240 1
240 5
236 5
236 7
151 7
151 14
131 14
131 16
136 16
136 18
166 18
166 13
177 13
177 10
178 10
178 19
180 19
180 15
209 15
209 20
212 20
212 21
229 21
229 25
210 25
210 26
66 26
66 33
65 33
65 24
61 24
61 3
60 3
60 36
103 36
103 37
59 37
59 39
142 39
142 45
143 45
143 49
152 49
152 50
94 50
94 46
71 46
71 51
125 51
125 53
112 53
112 54
162 54
162 44
181 44
181 43
159 43
159 42
149 42
149 41
202 41
202 40
165 40
165 38
170 38
170 32
148 32
148 35
119 35
119 34
75 34
75 29
77 29
77 27
190 27
190 31
197 31
197 30
204 30
204 28
235 28
235 23
232 23
232 17
237 17
237 55
104 55
104 57
102 57
102 59
191 59
191 60
139 60
139 69
132 69
132 68
48 68
48 111
42 111
42 118
47 118
47 139
160 139
160 140
99 140
99 141
194 141
194 132
214 132
214 128
189 128
189 122
215 122
215 120
217 120
217 154
206 154
206 155
201 155
201 146
200 146
200 150
192 150
192 152
167 152
167 149
161 149
161 147
156 147
156 153
171 153
171 158
174 158
174 159
164 159
164 160
155 160
155 174
154 174
154 169
146 169
146 157
135 157
135 163
129 163
129 161
124 161
124 166
118 166
118 142
109 142
109 172
113 172
113 184
115 184
115 248
89 248
89 199
74 199
74 196
30 196
30 162
28 162
28 151
33 151
33 108
32 108
32 104
36 104
36 76
39 76
39 52
38 52
38 47
37 47
37 22
35 22
35 48
34 48
34 75
26 75
26 87
29 87
29 145
31 145
31 148
27 148
27 197
43 197
43 204
45 204
45 225
54 225
54 219
55 219
55 229
44 229
44 230
25 230
25 224
24 224
24 226
23 226
23 228
21 228
21 233
22 233
22 234
40 234
40 231
56 231
56 227
57 227
57 218
46 218
46 207
52 207
52 201
53 201
53 212
84 212
84 211
82 211
82 205
64 205
64 200
88 200
88 244
78 244
78 242
20 242
20 239
69 239
69 238
70 238
70 237
15 237
15 222
11 222
11 187
5 187
5 143
1 143
1 156
2 156
2 192
6 192
6 220
9 220
9 243
68 243
68 245
86 245
86 249
105 249
105 250
127 250
127 247
117 247
117 241
126 241
126 206
122 206
122 193
130 193
130 190
120 190
120 182
123 182
123 170
133 170
133 165
134 165
134 177
144 177
144 183
169 183
169 188
185 188
185 176
183 176
183 185
175 185
175 175
158 175
158 168
176 168
176 167
207 167
207 164
208 164
208 171
199 171
199 179
216 179
216 180
195 180
195 191
198 191
198 181
211 181
211 202
221 202
221 96
213 96
213 99
218 99
218 103
219 103
219 97
220 97
220 119
193 119
193 115
205 115
205 113
203 113
203 105
186 105
186 100
145 100
145 102
116 102
116 94
128 94
128 93
137 93
137 89
140 89
140 81
224 81
224 80
121 80
121 92
110 92
110 90
111 90
111 85
106 85
106 107
196 107
196 112
168 112
168 116
141 116
141 117
173 117
173 114
187 114
187 130
182 130
182 136
114 136
114 127
107 127
107 131
72 131
72 125
85 125
85 126
150 126
150 121
95 121
95 123
108 123
108 124
67 124
67 137
49 137
49 135
51 135
51 82
50 82
50 70
157 70
157 63
147 63
147 61
172 61
172 66
184 66
184 64
222 64
222 77
163 77
163 73
153 73
153 74
138 74
138 78
225 78
225 79
228 79
228 86
227 86
227 144
233 144
233 138
244 138
244 109
243 109
243 134
234 134
234 133
239 133
239 129
230 129
230 72
241 72
241 71
248 71
248 67
223 67
223 65
226 65
226 62
231 62
231 58
188 58
188 56
238 56
238 12
179 12
179 9
242 9
242 11
246 11
246 8
250 8
250 4
249 4
249 2
247 2
247 6
245 6
245 1
