82
120 27
120 25
117 25
117 17
25 17
25 117
23 117
23 144
24 144
24 142
27 142
27 146
17 146
17 145
20 145
20 112
18 112
18 109
12 109
12 85
8 85
8 80
11 80
11 72
6 72
6 70
3 70
3 68
7 68
7 58
9 58
9 55
10 55
10 54
1 54
1 92
2 92
2 76
4 76
4 114
5 114
5 115
19 115
19 126
13 126
13 127
15 127
15 141
16 141
16 147
14 147
14 149
21 149
21 150
22 150
22 148
30 148
30 132
31 132
31 101
39 101
39 100
26 100
26 98
28 98
28 35
29 35
29 20
63 20
63 18
85 18
85 19
110 19
110 24
107 24
107 22
68 22
68 29
77 29
77 28
150 28
150 27
