342
180 106
180 123
177 123
177 101
179 101
179 94
175 94
175 92
185 92
185 88
27 88
27 86
17 86
17 85
19 85
19 84
142 84
142 80
169 80
169 77
140 77
140 73
139 73
139 68
22 68
22 66
31 66
31 65
1 65
1 119
2 119
2 99
5 99
5 122
3 122
3 146
4 146
4 179
8 179
8 171
10 171
10 154
9 154
9 126
6 126
6 78
7 78
7 70
32 70
32 69
137 69
137 71
134 71
134 79
124 79
124 83
77 83
77 72
38 72
38 81
39 81
39 82
15 82
15 115
11 115
11 197
21 197
21 196
25 196
25 186
29 186
29 199
34 199
34 207
36 207
36 211
30 211
30 212
28 212
28 214
55 214
55 198
49 198
49 201
42 201
42 194
40 194
40 193
101 193
101 210
97 210
97 221
90 221
90 223
83 223
83 225
86 225
86 237
70 237
70 240
65 240
65 243
94 243
94 246
95 246
95 241
105 241
105 245
96 245
96 248
106 248
106 242
125 242
125 244
109 244
109 247
129 247
129 234
121 234
121 232
127 232
127 220
112 220
112 215
131 215
131 229
138 229
138 224
146 224
146 222
151 222
151 204
136 204
136 189
120 189
120 182
130 182
130 181
153 181
153 206
159 206
159 202
165 202
165 177
166 177
166 162
164 162
164 200
162 200
162 188
158 188
158 203
157 203
157 178
145 178
145 174
135 174
135 167
53 167
53 165
52 165
52 163
76 163
76 138
75 138
75 150
72 150
72 149
69 149
69 143
60 143
60 145
61 145
61 152
68 152
68 155
62 155
62 160
50 160
50 158
54 158
54 140
58 140
58 132
59 132
59 134
80 134
80 125
73 125
73 127
74 127
74 129
71 129
71 121
63 121
63 124
56 124
56 139
44 139
44 141
45 141
45 144
33 144
33 151
26 151
26 153
46 153
46 176
66 176
66 170
84 170
84 169
119 169
119 213
111 213
111 217
108 217
108 228
115 228
115 236
92 236
92 230
100 230
100 227
104 227
104 180
82 180
82 191
57 191
57 190
64 190
64 183
18 183
18 173
20 173
20 168
24 168
24 142
23 142
23 166
14 166
14 185
13 185
13 147
12 147
12 135
16 135
16 90
35 90
35 111
48 111
48 113
51 113
51 105
47 105
47 107
43 107
43 89
113 89
113 93
81 93
81 91
67 91
67 95
87 95
87 96
126 96
126 97
174 97
174 136
172 136
172 205
173 205
173 208
176 208
176 137
181 137
181 116
186 116
186 130
190 130
190 131
191 131
191 133
193 133
193 159
187 159
187 192
195 192
195 184
196 184
196 233
167 233
167 235
170 235
170 239
192 239
192 250
198 250
198 172
201 172
201 175
199 175
199 218
204 218
204 226
205 226
205 195
206 195
206 187
207 187
207 164
214 164
214 231
208 231
208 249
221 249
221 238
215 238
215 219
222 219
222 216
219 216
219 209
218 209
218 157
213 157
213 156
211 156
211 148
203 148
203 161
194 161
194 128
188 128
188 114
189 114
189 109
183 109
183 108
227 108
227 106
