158
185 89
185 88
27 88
27 86
17 86
17 85
19 85
19 84
142 84
142 80
169 80
169 77
140 77
140 73
139 73
139 68
22 68
22 66
31 66
31 65
1 65
1 119
2 119
2 99
5 99
5 122
3 122
3 146
4 146
4 179
8 179
8 171
10 171
10 154
9 154
9 126
6 126
6 78
7 78
7 70
32 70
32 69
137 69
137 71
134 71
134 79
124 79
124 83
77 83
77 72
38 72
38 81
39 81
39 82
15 82
15 115
11 115
11 197
21 197
21 196
25 196
25 186
29 186
29 199
34 199
34 207
36 207
36 211
30 211
30 212
28 212
28 214
55 214
55 198
49 198
49 201
42 201
42 194
40 194
40 193
101 193
101 210
97 210
97 221
90 221
90 223
83 223
83 225
86 225
86 237
70 237
70 240
65 240
65 243
94 243
94 246
95 246
95 241
105 241
105 245
96 245
96 248
106 248
106 242
125 242
125 244
109 244
109 247
129 247
129 234
121 234
121 232
127 232
127 220
112 220
112 215
131 215
131 229
138 229
138 224
146 224
146 222
151 222
151 204
136 204
136 189
120 189
120 182
130 182
130 181
157 181
157 178
119 178
119 213
111 213
111 217
108 217
108 228
115 228
115 236
92 236
92 230
100 230
100 227
104 227
104 191
57 191
57 190
64 190
64 185
13 185
13 147
12 147
12 135
16 135
16 90
43 90
43 89
