278
136 10
136 27
137 27
137 62
135 62
135 69
149 69
149 70
145 70
145 81
144 81
144 88
146 88
146 99
148 99
148 86
168 86
168 89
173 89
173 93
153 93
153 97
156 97
156 96
165 96
165 98
169 98
169 108
102 108
102 116
89 116
89 124
94 124
94 130
76 130
76 128
53 128
53 110
57 110
57 102
61 102
61 48
50 48
50 63
21 63
21 65
20 65
20 84
19 84
19 42
18 42
18 25
3 25
3 49
2 49
2 11
1 11
1 59
6 59
6 40
4 40
4 32
11 32
11 33
12 33
12 57
17 57
17 58
13 58
13 73
7 73
7 90
8 90
8 91
27 91
27 79
28 79
28 72
23 72
23 64
34 64
34 66
38 66
38 67
58 67
58 50
59 50
59 71
52 71
52 75
51 75
51 135
56 135
56 137
49 137
49 138
69 138
69 136
82 136
82 134
63 134
63 133
97 133
97 144
98 144
98 141
100 141
100 126
96 126
96 123
90 123
90 121
103 121
103 113
105 113
105 125
109 125
109 158
78 158
78 157
71 157
71 151
62 151
62 159
92 159
92 162
42 162
42 152
37 152
37 153
31 153
31 154
15 154
15 178
10 178
10 192
9 192
9 196
55 196
55 191
32 191
32 189
66 189
66 183
65 183
65 187
36 187
36 185
44 185
44 180
64 180
64 175
33 175
33 176
22 176
22 155
26 155
26 156
41 156
41 163
68 163
68 168
93 168
93 164
110 164
110 120
107 120
107 109
157 109
157 111
167 111
167 118
159 118
159 112
158 112
158 170
155 170
155 148
154 148
154 171
161 171
161 174
160 174
160 179
152 179
152 188
132 188
132 186
128 186
128 177
99 177
99 199
101 199
101 200
104 200
104 181
119 181
119 182
120 182
120 190
124 190
124 193
164 193
164 184
166 184
166 169
180 169
180 146
178 146
178 142
181 142
181 145
183 145
183 115
182 115
182 132
179 132
179 139
175 139
175 131
177 131
177 127
171 127
171 140
172 140
172 147
163 147
163 149
162 149
162 119
170 119
170 101
188 101
188 150
185 150
185 167
186 167
186 173
194 173
194 195
187 195
187 197
184 197
184 198
198 198
198 194
197 194
197 172
200 172
200 165
192 165
192 161
199 161
199 129
196 129
196 160
195 160
195 76
193 76
193 114
191 114
191 166
190 166
190 143
189 143
189 94
176 94
176 95
174 95
174 68
138 68
138 53
139 53
139 38
141 38
141 17
150 17
150 10
