274
70 1914
70 1856
57 1856
57 1925
10 1925
10 2139
8 2139
8 2060
1 2060
1 2088
7 2088
7 2150
60 2150
60 2191
25 2191
25 2174
19 2174
19 2194
62 2194
62 2163
77 2163
77 2161
88 2161
88 2149
54 2149
54 2137
37 2137
37 2127
71 2127
71 2045
81 2045
81 2027
79 2027
79 2037
67 2037
67 2038
56 2038
56 2022
34 2022
34 2041
52 2041
52 2081
27 2081
27 2102
18 2102
18 2119
14 2119
14 2091
11 2091
11 2002
13 2002
13 1949
32 1949
32 1933
42 1933
42 1935
58 1935
58 1870
66 1870
66 1937
98 1937
98 2018
97 2018
97 2067
96 2067
96 2164
131 2164
131 2227
141 2227
141 2253
157 2253
157 2259
281 2259
281 2260
401 2260
401 2276
413 2276
413 2275
864 2275
864 2271
1531 2271
1531 2274
1591 2274
1591 2283
1533 2283
1533 2301
1517 2301
1517 2297
1413 2297
1413 2289
598 2289
598 2352
597 2352
597 2364
592 2364
592 2366
575 2366
575 2392
564 2392
564 2394
561 2394
561 2391
553 2391
553 2368
544 2368
544 2337
533 2337
533 2323
497 2323
497 2319
470 2319
470 2351
439 2351
439 2360
422 2360
422 2348
460 2348
460 2339
369 2339
369 2333
420 2333
420 2322
409 2322
409 2315
405 2315
405 2328
113 2328
113 2326
327 2326
327 2318
276 2318
276 2316
169 2316
169 2324
122 2324
122 2306
17 2306
17 2285
270 2285
270 2286
538 2286
538 2277
367 2277
367 2281
353 2281
353 2284
3 2284
3 2305
9 2305
9 2317
114 2317
114 2325
90 2325
90 2332
36 2332
36 2344
403 2344
403 2371
493 2371
493 2327
530 2327
530 2362
543 2362
543 2373
358 2373
358 2377
331 2377
331 2381
384 2381
384 2379
368 2379
368 2378
390 2378
390 2376
548 2376
548 2396
520 2396
520 2382
388 2382
388 2388
12 2388
12 2389
351 2389
351 2403
326 2403
326 2395
117 2395
117 2399
115 2399
115 2412
107 2412
107 2471
108 2471
108 2460
112 2460
112 2485
216 2485
216 2499
228 2499
228 2467
255 2467
255 2472
389 2472
389 2490
417 2490
417 2494
446 2494
446 2456
778 2456
778 2461
637 2461
637 2464
1572 2464
1572 2448
1475 2448
1475 2462
1071 2462
1071 2455
183 2455
183 2473
187 2473
187 2477
128 2477
128 2417
155 2417
155 2413
143 2413
143 2402
176 2402
176 2398
301 2398
301 2404
442 2404
442 2397
599 2397
599 2385
614 2385
614 2375
602 2375
602 2334
622 2334
622 2293
792 2293
792 2291
1132 2291
1132 2292
1255 2292
1255 2298
1498 2298
1498 2299
1421 2299
1421 2302
1655 2302
1655 2290
1608 2290
1608 2278
1687 2278
1687 2270
596 2270
596 2272
492 2272
492 2273
440 2273
440 2251
421 2251
421 2250
151 2250
151 2189
163 2189
163 2162
171 2162
171 2155
100 2155
100 1914
