108
202 448
202 450
190 450
190 432
149 432
149 406
156 406
156 398
86 398
86 401
43 401
43 431
77 431
77 454
63 454
63 468
67 468
67 469
78 469
78 477
30 477
30 478
16 478
16 356
25 356
25 345
13 345
13 340
10 340
10 293
1 293
1 304
2 304
2 343
3 343
3 299
4 299
4 312
6 312
6 329
8 329
8 335
7 335
7 362
14 362
14 388
15 388
15 481
79 481
79 483
80 483
80 471
82 471
82 427
57 427
57 422
44 422
44 409
56 409
56 415
84 415
84 435
90 435
90 433
95 433
95 442
100 442
100 458
97 458
97 461
101 461
101 484
119 484
119 473
113 473
113 443
106 443
106 424
123 424
123 423
104 423
104 404
89 404
89 400
148 400
148 434
157 434
157 437
158 437
158 466
173 466
173 474
196 474
196 465
175 465
175 462
246 462
246 457
244 457
244 459
161 459
161 445
167 445
167 456
185 456
185 453
217 453
217 448
