546
446 99
446 96
340 96
340 104
388 104
388 108
363 108
363 112
364 112
364 124
357 124
357 128
362 128
362 137
343 137
343 160
333 160
333 163
342 163
342 175
335 175
335 180
347 180
347 156
345 156
345 147
351 147
351 164
378 164
378 214
367 214
367 219
355 219
355 220
328 220
328 223
320 223
320 224
322 224
322 234
331 234
331 238
337 238
337 239
319 239
319 228
93 228
93 231
35 231
35 233
105 233
105 236
198 236
198 242
195 242
195 240
65 240
65 243
205 243
205 245
213 245
213 244
291 244
291 246
245 246
245 248
181 248
181 252
240 252
240 256
203 256
203 262
146 262
146 255
144 255
144 263
76 263
76 261
68 261
68 265
62 265
62 267
99 267
99 272
108 272
108 273
111 273
111 270
179 270
179 269
189 269
189 264
216 264
216 258
237 258
237 266
232 266
232 268
254 268
254 260
247 260
247 257
248 257
248 259
249 259
249 254
272 254
272 251
281 251
281 271
280 271
280 275
262 275
262 287
259 287
259 297
242 297
242 291
241 291
241 292
210 292
210 296
193 296
193 282
191 282
191 301
238 301
238 308
274 308
274 315
277 315
277 333
224 333
224 342
251 342
251 337
270 337
270 344
250 344
250 346
282 346
282 310
287 310
287 318
289 318
289 307
258 307
258 306
265 306
265 305
260 305
260 294
266 294
266 281
268 281
268 276
297 276
297 313
294 313
294 325
293 325
293 338
309 338
309 347
301 347
301 373
303 373
303 412
299 412
299 444
202 444
202 450
190 450
190 432
149 432
149 406
156 406
156 398
86 398
86 401
43 401
43 431
77 431
77 454
63 454
63 468
67 468
67 469
78 469
78 477
30 477
30 478
16 478
16 356
25 356
25 345
13 345
13 340
10 340
10 293
1 293
1 304
2 304
2 343
3 343
3 299
4 299
4 312
6 312
6 329
8 329
8 335
7 335
7 362
14 362
14 388
15 388
15 481
79 481
79 483
80 483
80 471
82 471
82 427
57 427
57 422
44 422
44 409
56 409
56 415
84 415
84 435
90 435
90 433
95 433
95 442
100 442
100 458
97 458
97 461
101 461
101 484
119 484
119 473
113 473
113 443
106 443
106 424
123 424
123 423
104 423
104 404
89 404
89 400
148 400
148 434
157 434
157 437
158 437
158 466
173 466
173 474
196 474
196 465
175 465
175 462
246 462
246 457
244 457
244 459
161 459
161 445
167 445
167 456
185 456
185 453
217 453
217 448
207 448
207 446
286 446
286 449
285 449
285 455
292 455
292 464
295 464
295 463
300 463
300 414
307 414
307 378
314 378
314 339
317 339
317 332
302 332
302 328
325 328
325 290
329 290
329 289
324 289
324 295
323 295
323 288
318 288
318 316
298 316
298 277
344 277
344 280
391 280
391 279
392 279
392 285
386 285
386 286
396 286
396 314
395 314
395 302
394 302
394 323
398 323
398 326
406 326
406 322
408 322
408 330
425 330
425 331
487 331
487 351
485 351
485 359
476 359
476 364
475 364
475 354
427 354
427 350
414 350
414 353
415 353
415 376
433 376
433 417
429 417
429 392
426 392
426 407
420 407
420 416
421 416
421 421
435 421
435 438
418 438
418 452
444 452
444 395
438 395
438 390
450 390
450 397
453 397
453 447
459 447
459 482
454 482
454 479
448 479
448 476
424 476
424 486
271 486
271 485
231 485
231 494
230 494
230 491
226 491
226 492
208 492
208 500
403 500
403 499
222 499
222 498
346 498
346 495
405 495
405 493
334 493
334 497
227 497
227 496
267 496
267 489
276 489
276 490
305 490
305 488
312 488
312 487
460 487
460 381
437 381
437 425
436 425
436 411
434 411
434 374
432 374
432 366
457 366
457 367
464 367
464 365
422 365
422 370
416 370
416 358
467 358
467 355
469 355
469 371
468 371
468 391
473 391
473 402
472 402
472 403
471 403
471 405
479 405
479 393
478 393
478 385
480 385
480 369
483 369
483 419
482 419
482 428
484 428
484 472
486 472
486 480
491 480
491 467
488 467
488 341
489 341
489 413
490 413
490 334
493 334
493 357
492 357
492 389
494 389
494 439
496 439
496 386
499 386
499 352
500 352
500 348
497 348
497 368
495 368
495 336
498 336
498 320
481 320
481 321
449 321
449 319
443 319
443 327
431 327
431 324
442 324
442 317
397 317
397 283
393 283
393 278
400 278
400 298
404 298
404 284
401 284
401 274
283 274
283 253
310 253
310 241
206 241
206 232
132 232
132 229
304 229
304 230
311 230
311 250
315 250
315 249
327 249
327 247
338 247
338 235
339 235
339 221
373 221
373 226
381 226
381 168
383 168
383 162
372 162
372 154
368 154
368 127
360 127
360 126
382 126
382 123
374 123
374 122
384 122
384 109
402 109
402 103
387 103
387 98
352 98
352 97
412 97
412 101
439 101
439 100
462 100
462 99
