96
95 341
95 348
82 348
82 338
80 338
80 328
83 328
83 309
94 309
94 308
68 308
68 305
127 305
127 303
124 303
124 301
102 301
102 299
84 299
84 298
93 298
93 286
86 286
86 283
4 283
4 285
1 285
1 345
3 345
3 322
2 322
2 315
6 315
6 290
7 290
7 295
19 295
19 284
56 284
56 291
45 291
45 297
47 297
47 300
69 300
69 304
32 304
32 306
12 306
12 335
13 335
13 307
62 307
62 310
20 310
20 318
21 318
21 334
27 334
27 314
28 314
28 313
71 313
71 316
64 316
64 317
76 317
76 325
75 325
75 346
78 346
78 350
37 350
37 351
46 351
46 353
59 353
59 361
60 361
60 388
61 388
61 354
66 354
66 356
81 356
81 352
99 352
99 342
114 342
114 343
120 343
120 347
143 347
143 344
186 344
186 341
