830
151 1
151 3
31 3
31 9
26 9
26 10
58 10
58 13
49 13
49 68
9 68
9 74
8 74
8 78
15 78
15 79
11 79
11 88
17 88
17 94
23 94
23 76
10 76
10 69
30 69
30 95
22 95
22 129
24 129
24 156
41 156
41 154
29 154
29 103
33 103
33 91
48 91
48 89
50 89
50 124
52 124
52 105
55 105
55 100
73 100
73 109
53 109
53 126
74 126
74 96
70 96
70 82
44 82
44 75
63 75
63 73
54 73
54 29
57 29
57 23
65 23
65 26
67 26
67 32
79 32
79 15
85 15
85 33
88 33
88 14
77 14
77 16
72 16
72 11
96 11
96 27
100 27
100 36
109 36
109 35
133 35
133 28
104 28
104 17
98 17
98 7
43 7
43 6
38 6
38 4
152 4
152 2
159 2
159 5
155 5
155 92
154 92
154 102
160 102
160 104
187 104
187 101
169 101
169 98
202 98
202 151
211 151
211 150
207 150
207 146
283 146
283 153
286 153
286 144
259 144
259 145
224 145
224 128
225 128
225 139
303 139
303 131
308 131
308 141
341 141
341 115
353 115
353 119
395 119
395 121
416 121
416 133
417 133
417 147
419 147
419 160
400 160
400 164
383 164
383 165
274 165
274 166
284 166
284 171
299 171
299 172
270 172
270 176
243 176
243 188
258 188
258 185
262 185
262 181
267 181
267 189
271 189
271 193
247 193
247 195
249 195
249 227
214 227
214 230
177 230
177 234
201 234
201 235
174 235
174 294
181 294
181 311
173 311
173 321
171 321
171 326
180 326
180 319
184 319
184 341
95 341
95 348
82 348
82 338
80 338
80 328
83 328
83 309
94 309
94 308
68 308
68 305
127 305
127 303
124 303
124 301
102 301
102 299
84 299
84 298
93 298
93 286
86 286
86 283
4 283
4 285
1 285
1 345
3 345
3 322
2 322
2 315
6 315
6 290
7 290
7 295
19 295
19 284
56 284
56 291
45 291
45 297
47 297
47 300
69 300
69 304
32 304
32 306
12 306
12 335
13 335
13 307
62 307
62 310
20 310
20 318
21 318
21 334
27 334
27 314
28 314
28 313
71 313
71 316
64 316
64 317
76 317
76 325
75 325
75 346
78 346
78 350
37 350
37 351
46 351
46 353
59 353
59 361
60 361
60 388
61 388
61 354
66 354
66 356
81 356
81 352
99 352
99 342
114 342
114 343
120 343
120 450
118 450
118 365
113 365
113 367
106 367
106 371
103 371
103 375
111 375
111 392
112 392
112 420
116 420
116 451
144 451
144 447
131 447
131 410
137 410
137 425
134 425
134 439
136 439
136 443
277 443
277 444
372 444
372 446
457 446
457 480
418 480
418 475
393 475
393 456
411 456
411 452
380 452
380 454
343 454
343 458
337 458
337 453
289 453
289 455
336 455
336 460
294 460
294 457
256 457
256 459
175 459
175 467
200 467
200 473
213 473
213 474
237 474
237 476
265 476
265 471
221 471
221 464
266 464
266 484
293 484
293 463
319 463
319 477
321 477
321 478
350 478
350 468
334 468
334 465
369 465
369 469
376 469
376 479
409 479
409 483
413 483
413 491
382 491
382 486
328 486
328 490
280 490
280 497
298 497
298 500
301 500
301 496
406 496
406 495
408 495
408 494
455 494
455 493
390 493
390 492
479 492
479 482
486 482
486 487
490 487
490 498
494 498
494 499
495 499
495 481
493 481
493 485
492 485
492 472
473 472
473 489
420 489
420 488
459 488
459 461
461 461
461 445
470 445
470 448
475 448
475 470
481 470
481 466
496 466
496 462
488 462
488 442
220 442
220 441
287 441
287 440
269 440
269 438
260 438
260 435
251 435
251 428
279 428
279 433
282 433
282 427
323 427
323 406
371 406
371 413
499 413
499 377
500 377
500 357
491 357
491 358
498 358
498 391
497 391
497 412
440 412
440 411
447 411
447 409
394 409
394 408
401 408
401 403
429 403
429 404
445 404
445 402
384 402
384 399
375 399
375 395
275 395
275 396
199 396
199 398
145 398
145 401
153 401
153 400
278 400
278 397
363 397
363 405
291 405
291 407
317 407
317 414
281 414
281 417
261 417
261 415
248 415
248 419
161 419
161 421
253 421
253 418
315 418
315 424
312 424
312 422
302 422
302 423
300 423
300 426
246 426
246 430
235 430
235 429
234 429
234 434
233 434
233 431
185 431
185 436
142 436
142 394
141 394
141 382
150 382
150 387
208 387
208 386
215 386
215 385
219 385
219 389
229 389
229 390
263 390
263 378
268 378
268 383
272 383
272 379
288 379
288 369
242 369
242 374
255 374
255 384
179 384
179 381
193 381
193 368
204 368
204 373
205 373
205 370
222 370
222 366
172 366
172 372
182 372
182 380
178 380
178 376
139 376
139 437
138 437
138 393
130 393
130 416
129 416
129 449
126 449
126 432
121 432
121 349
122 349
122 355
135 355
135 359
146 359
146 360
147 360
147 362
140 362
140 363
148 363
148 364
149 364
149 347
143 347
143 344
186 344
186 288
183 288
183 239
192 239
192 245
188 245
188 269
189 269
189 289
190 289
190 323
191 323
191 330
195 330
195 287
197 287
197 267
196 267
196 249
194 249
194 236
244 236
244 240
203 240
203 340
231 340
231 339
230 339
230 327
206 327
206 266
212 266
212 280
240 280
240 271
228 271
228 260
218 260
218 273
216 273
216 251
209 251
209 242
254 242
254 228
250 228
250 204
257 204
257 203
273 203
273 173
304 173
304 177
276 177
276 179
305 179
305 169
309 169
309 167
392 167
392 184
373 184
373 191
386 191
386 207
378 207
378 253
368 253
368 237
351 237
351 232
354 232
354 231
358 231
358 216
331 216
331 217
338 217
338 219
310 219
310 225
306 225
306 281
313 281
313 274
314 274
314 268
318 268
318 282
322 282
322 261
325 261
325 243
311 243
311 229
320 229
320 226
326 226
326 233
340 233
340 222
344 222
344 247
330 247
330 255
377 255
377 256
342 256
342 336
346 336
346 329
347 329
347 257
367 257
367 262
348 262
348 270
349 270
349 279
352 279
352 272
355 272
355 277
370 277
370 276
359 276
359 265
381 265
381 259
387 259
387 197
446 197
446 202
422 202
422 241
421 241
421 332
435 332
435 312
436 312
436 221
437 221
437 337
451 337
451 333
454 333
454 331
441 331
441 238
443 238
443 258
450 258
450 220
433 220
433 263
431 263
431 275
434 275
434 320
432 320
432 324
427 324
427 215
428 215
428 218
444 218
444 210
449 210
449 190
442 190
442 186
453 186
453 182
465 182
465 183
462 183
462 198
464 198
464 206
468 206
468 180
402 180
402 194
399 194
399 175
448 175
448 170
403 170
403 163
412 163
412 168
426 168
426 162
430 162
430 149
452 149
452 148
438 148
438 125
423 125
423 120
456 120
456 134
467 134
467 118
364 118
364 117
397 117
397 107
339 107
339 137
324 137
324 130
297 130
297 113
292 113
292 122
285 122
285 135
290 135
290 136
236 136
236 123
226 123
226 84
227 84
227 106
238 106
238 93
241 93
241 90
245 90
245 85
232 85
232 77
252 77
252 71
223 71
223 108
217 108
217 112
210 112
210 70
198 70
198 97
158 97
158 87
162 87
162 86
157 86
157 72
156 72
156 43
164 43
164 25
168 25
168 50
163 50
163 81
166 81
166 83
167 83
167 53
170 53
170 12
165 12
165 1
