122
129 764
129 725
60 725
60 714
71 714
71 706
145 706
145 704
179 704
179 705
241 705
241 712
249 712
249 767
256 767
256 771
244 771
244 782
312 782
312 770
291 770
291 768
309 768
309 766
307 766
307 699
278 699
278 668
275 668
275 644
68 644
68 646
10 646
10 638
16 638
16 634
43 634
43 623
29 623
29 588
3 588
3 189
42 189
42 179
27 179
27 178
19 178
19 157
1 157
1 228
2 228
2 648
146 648
146 647
232 647
232 645
269 645
269 726
284 726
284 748
289 748
289 733
306 733
306 755
283 755
283 727
280 727
280 741
277 741
277 778
273 778
273 779
255 779
255 776
258 776
258 731
261 731
261 703
124 703
124 701
54 701
54 692
103 692
103 693
224 693
224 689
132 689
132 683
162 683
162 687
177 687
177 670
172 670
172 676
119 676
119 686
99 686
99 666
136 666
136 665
96 665
96 688
50 688
50 729
128 729
128 763
112 763
112 753
49 753
49 761
31 761
31 760
40 760
40 752
37 752
37 758
23 758
23 769
72 769
72 754
110 754
110 764
