220
200 25
200 32
197 32
197 35
214 35
214 154
215 154
215 165
208 165
208 152
160 152
160 162
118 162
118 192
131 192
131 198
133 198
133 205
98 205
98 206
95 206
95 188
69 188
69 187
57 187
57 184
43 184
43 51
27 51
27 163
8 163
8 195
21 195
21 201
13 201
13 213
4 213
4 83
1 83
1 88
2 88
2 203
3 203
3 215
5 215
5 221
25 221
25 229
22 229
22 235
31 235
31 236
19 236
19 242
35 242
35 193
16 193
16 185
11 185
11 166
26 166
26 169
37 169
37 168
36 168
36 159
29 159
29 157
28 157
28 53
41 53
41 70
40 70
40 79
42 79
42 233
49 233
49 246
53 246
53 238
51 238
51 223
48 223
48 194
50 194
50 214
60 214
60 199
61 199
61 196
65 196
65 208
73 208
73 204
77 204
77 191
82 191
82 189
91 189
91 209
111 209
111 212
104 212
104 225
102 225
102 217
97 217
97 226
105 226
105 230
96 230
96 243
99 243
99 245
107 245
107 248
80 248
80 249
124 249
124 219
126 219
126 231
129 231
129 250
132 250
132 234
134 234
134 222
136 222
136 220
179 220
179 227
149 227
149 224
148 224
148 240
156 240
156 232
171 232
171 237
166 237
166 239
170 239
170 241
174 241
174 244
189 244
189 207
192 207
192 202
182 202
182 216
181 216
181 218
117 218
117 228
114 228
114 247
113 247
113 211
146 211
146 210
163 210
163 200
159 200
159 190
119 190
119 186
155 186
155 176
167 176
167 181
175 181
175 171
168 171
168 174
164 174
164 172
152 172
152 173
151 173
151 177
120 177
120 170
137 170
137 164
203 164
203 156
206 156
206 175
198 175
198 179
183 179
183 180
205 180
205 178
216 178
216 52
217 52
217 55
219 55
219 62
222 62
222 39
225 39
225 26
227 26
227 97
224 97
224 96
220 96
220 95
218 95
218 103
221 103
221 118
228 118
228 116
229 116
229 25
