156
19 14
19 22
20 22
20 27
22 27
22 45
35 45
35 51
63 51
63 57
68 57
68 61
91 61
91 182
70 182
70 184
72 184
72 190
29 190
29 197
14 197
14 196
9 196
9 179
10 179
10 137
8 137
8 68
1 68
1 104
2 104
2 166
3 166
3 96
4 96
4 140
5 140
5 169
6 169
6 152
7 152
7 198
11 198
11 199
42 199
42 194
59 194
59 193
39 193
39 191
102 191
102 183
101 183
101 151
107 151
107 123
108 123
108 131
109 131
109 117
106 117
106 88
105 88
105 135
104 135
104 102
103 102
103 130
97 130
97 156
96 156
96 161
98 161
98 142
99 142
99 186
95 186
95 178
93 178
93 185
92 185
92 60
84 60
84 55
111 55
111 42
110 42
110 54
94 54
94 43
76 43
76 46
66 46
66 47
83 47
83 59
75 59
75 52
65 52
65 44
33 44
33 39
38 39
38 41
112 41
112 36
80 36
80 37
79 37
79 40
73 40
73 38
36 38
36 35
28 35
28 31
67 31
67 33
113 33
113 28
24 28
24 26
21 26
21 18
60 18
60 16
124 16
124 17
129 17
129 15
194 15
194 19
179 19
179 20
150 20
150 21
188 21
188 23
195 23
195 24
197 24
197 29
199 29
199 66
190 66
190 82
181 82
181 93
184 93
184 128
185 128
185 85
192 85
192 70
200 70
200 14
