86
1 3
1 4
56 4
56 7
9 7
9 21
12 21
12 12
39 12
39 10
61 10
61 37
59 37
59 40
58 40
58 42
50 42
50 18
46 18
46 22
43 22
43 23
44 23
44 29
45 29
45 32
36 32
36 35
19 35
19 59
16 59
16 57
15 57
15 56
11 56
11 64
8 64
8 58
7 58
7 81
4 81
4 106
5 106
5 110
3 110
3 82
2 82
2 130
165 130
165 126
192 126
192 129
193 129
193 132
188 132
188 133
199 133
199 125
134 125
134 128
114 128
114 127
6 127
6 115
10 115
10 65
32 65
32 53
47 53
47 52
24 52
24 51
28 51
28 47
35 47
35 44
69 44
69 39
62 39
62 9
41 9
41 8
57 8
57 5
71 5
71 3
