94
32 60
32 75
10 75
10 85
2 85
2 93
1 93
1 94
5 94
5 98
4 98
4 100
28 100
28 95
27 95
27 99
8 99
8 97
9 97
9 96
6 96
6 92
7 92
7 86
24 86
24 87
19 87
19 89
54 89
54 91
63 91
63 90
55 90
55 88
69 88
69 79
81 79
81 78
60 78
60 80
59 80
59 82
62 82
62 83
34 83
34 84
16 84
16 76
36 76
36 70
38 70
38 77
52 77
52 74
84 74
84 69
53 69
53 68
58 68
58 67
47 67
47 71
43 71
43 62
48 62
48 64
92 64
92 66
94 66
94 72
99 72
99 40
98 40
98 65
95 65
95 57
91 57
91 56
97 56
97 48
93 48
93 44
90 44
90 50
88 50
88 46
61 46
61 47
87 47
87 61
73 61
73 63
56 63
56 60
