164
41 3
41 5
33 5
33 11
29 11
29 29
39 29
39 30
35 30
35 49
44 49
44 54
32 54
32 75
10 75
10 85
2 85
2 93
1 93
1 94
5 94
5 98
4 98
4 100
28 100
28 95
27 95
27 99
8 99
8 97
9 97
9 96
6 96
6 92
7 92
7 86
24 86
24 87
19 87
19 89
54 89
54 91
63 91
63 90
55 90
55 88
69 88
69 79
81 79
81 78
60 78
60 80
59 80
59 82
62 82
62 83
34 83
34 84
16 84
16 76
36 76
36 70
38 70
38 77
52 77
52 74
84 74
84 69
53 69
53 68
58 68
58 67
47 67
47 71
43 71
43 62
48 62
48 64
92 64
92 66
94 66
94 72
99 72
99 40
98 40
98 65
95 65
95 57
91 57
91 56
97 56
97 48
93 48
93 44
90 44
90 50
88 50
88 45
72 45
72 43
74 43
74 42
80 42
80 39
70 39
70 46
67 46
67 21
79 21
79 38
82 38
82 24
89 24
89 18
85 18
85 16
76 16
76 19
68 19
68 20
66 20
66 36
61 36
61 47
87 47
87 61
78 61
78 53
65 53
65 52
64 52
64 58
73 58
73 63
56 63
56 51
50 51
50 55
51 55
51 60
49 60
49 27
40 27
40 22
37 22
37 10
46 10
46 14
57 14
57 9
42 9
42 6
45 6
45 4
71 4
71 8
83 8
83 12
75 12
75 13
86 13
86 7
96 7
96 3
