88
24 5
24 6
42 6
42 7
25 7
25 8
39 8
39 13
19 13
19 10
6 10
6 14
17 14
17 15
40 15
40 9
43 9
43 30
41 30
41 31
16 31
16 25
31 25
31 23
15 23
15 22
30 22
30 18
3 18
3 12
1 12
1 17
2 17
2 49
5 49
5 47
4 47
4 19
10 19
10 21
13 21
13 26
8 26
8 35
9 35
9 37
7 37
7 45
20 45
20 48
23 48
23 46
29 46
29 50
36 50
36 40
35 40
35 39
22 39
22 41
33 41
33 43
34 43
34 44
14 44
14 42
11 42
11 34
12 34
12 36
18 36
18 32
44 32
44 33
32 33
32 38
50 38
50 20
48 20
48 24
49 24
49 29
47 29
47 28
45 28
45 11
46 11
46 5
