104
87 34
87 43
73 43
73 44
86 44
86 61
61 61
61 68
53 68
53 71
50 71
50 72
56 72
56 73
28 73
28 70
29 70
29 69
22 69
22 67
16 67
16 66
18 66
18 63
10 63
10 60
8 60
8 53
19 53
19 51
7 51
7 47
13 47
13 41
27 41
27 39
1 39
1 40
2 40
2 46
6 46
6 57
3 57
3 78
4 78
4 98
5 98
5 64
15 64
15 75
58 75
58 76
14 76
14 82
26 82
26 77
64 77
64 74
79 74
79 80
52 80
52 81
48 81
48 83
36 83
36 96
35 96
35 97
31 97
31 100
41 100
41 99
45 99
45 95
51 95
51 94
39 94
39 92
43 92
43 89
60 89
60 88
62 88
62 93
100 93
100 91
81 91
81 90
68 90
68 87
77 87
77 86
82 86
82 84
85 84
85 85
88 85
88 54
90 54
90 42
89 42
89 37
97 37
97 34
