92
23 18
23 23
24 23
24 34
1 34
1 40
11 40
11 37
28 37
28 32
26 32
26 29
25 29
25 21
44 21
44 25
41 25
41 26
42 26
42 39
38 39
38 44
46 44
46 45
54 45
54 43
76 43
76 46
77 46
77 60
20 60
20 51
4 51
4 53
16 53
16 56
2 56
2 65
13 65
13 66
45 66
45 78
36 78
36 85
35 85
35 97
39 97
39 79
59 79
59 94
64 94
64 103
62 103
62 101
63 101
63 98
37 98
37 100
21 100
21 99
8 99
8 102
5 102
5 111
7 111
7 107
70 107
70 106
52 106
52 104
67 104
67 95
75 95
75 93
65 93
65 77
84 77
84 76
50 76
50 64
95 64
95 58
79 58
79 42
55 42
55 41
56 41
56 36
51 36
51 22
49 22
49 18
