210
19 10
19 22
24 22
24 25
18 25
18 27
42 27
42 35
29 35
29 44
26 44
26 40
15 40
15 36
1 36
1 67
2 67
2 75
3 75
3 112
4 112
4 126
6 126
6 137
8 137
8 124
11 124
11 98
12 98
12 135
13 135
13 68
10 68
10 94
9 94
9 114
5 114
5 47
7 47
7 42
21 42
21 41
22 41
22 49
14 49
14 89
17 89
17 86
16 86
16 51
27 51
27 58
30 58
30 73
23 73
23 76
20 76
20 80
35 80
35 74
40 74
40 91
41 91
41 90
48 90
48 125
38 125
38 95
37 95
37 120
36 120
36 122
32 122
32 134
49 134
49 131
53 131
53 128
51 128
51 81
45 81
45 78
54 78
54 72
33 72
33 65
31 65
31 37
43 37
43 55
39 55
39 64
46 64
46 38
44 38
44 29
50 29
50 24
25 24
25 13
34 13
34 11
52 11
52 15
58 15
58 12
120 12
120 17
86 17
86 19
84 19
84 16
56 16
56 21
95 21
95 28
91 28
91 39
78 39
78 43
99 43
99 32
101 32
101 48
83 48
83 45
64 45
64 53
73 53
73 50
82 50
82 69
88 69
88 63
98 63
98 77
96 77
96 83
77 83
77 82
68 82
68 79
74 79
74 66
65 66
65 102
60 102
60 116
92 116
92 118
59 118
59 127
113 127
113 130
76 130
76 136
109 136
109 139
105 139
105 143
111 143
111 144
121 144
121 148
125 148
125 147
129 147
129 146
130 146
130 149
131 149
131 145
127 145
127 142
144 142
144 141
112 141
112 133
115 133
115 123
61 123
61 121
100 121
100 117
132 117
132 115
75 115
75 113
79 113
79 111
62 111
62 107
66 107
66 71
67 71
67 84
107 84
107 70
104 70
104 61
87 61
87 52
102 52
102 20
119 20
119 18
137 18
137 14
122 14
122 10
