700
834 1070
834 1068
908 1068
908 1064
957 1064
957 1053
1002 1053
1002 1049
992 1049
992 1047
737 1047
737 1040
822 1040
822 1031
800 1031
800 1030
745 1030
745 1033
805 1033
805 1036
729 1036
729 1020
744 1020
744 1029
850 1029
850 1028
808 1028
808 1019
714 1019
714 1026
719 1026
719 1041
722 1041
722 1052
641 1052
641 1039
643 1039
643 1034
612 1034
612 1024
619 1024
619 1018
689 1018
689 1015
670 1015
670 1013
647 1013
647 980
646 980
646 998
637 998
637 994
600 994
600 913
563 913
563 895
565 895
565 891
564 891
564 885
519 885
519 813
514 813
514 755
521 755
521 719
513 719
513 803
503 803
503 831
506 831
506 855
516 855
516 878
465 878
465 876
454 876
454 854
382 854
382 863
343 863
343 850
350 850
350 821
406 821
406 812
397 812
397 818
347 818
347 829
326 829
326 808
333 808
333 814
335 814
335 792
337 792
337 809
338 809
338 777
349 777
349 771
409 771
409 772
410 772
410 788
451 788
451 786
472 786
472 778
432 778
432 775
427 775
427 761
405 761
405 431
424 431
424 396
452 396
452 429
444 429
444 446
433 446
433 503
431 503
431 597
430 597
430 632
435 632
435 661
448 661
448 656
464 656
464 649
460 649
460 576
459 576
459 607
456 607
456 536
470 536
470 546
471 546
471 518
490 518
490 475
483 475
483 422
488 422
488 386
487 386
487 405
485 405
485 370
494 370
494 432
496 432
496 380
505 380
505 410
512 410
512 388
543 388
543 319
552 319
552 329
596 329
596 321
676 321
676 312
511 312
511 304
479 304
479 306
461 306
461 308
434 308
434 318
446 318
446 313
484 313
484 314
535 314
535 348
504 348
504 354
481 354
481 463
482 463
482 481
467 481
467 479
478 479
478 465
453 465
453 531
450 531
450 651
436 651
436 610
439 610
439 451
462 451
462 440
457 440
457 355
414 355
414 373
419 373
419 411
421 411
421 416
411 416
411 417
422 417
422 418
423 418
423 430
404 430
404 770
319 770
319 790
306 790
306 810
308 810
308 836
340 836
340 848
331 848
331 839
329 839
329 847
307 847
307 851
321 851
321 865
233 865
233 861
176 861
176 763
132 763
132 796
112 796
112 765
127 765
127 782
131 782
131 724
43 724
43 723
46 723
46 665
40 665
40 581
44 581
44 599
58 599
58 641
62 641
62 595
70 595
70 582
73 582
73 549
75 549
75 527
61 527
61 515
90 515
90 511
111 511
111 501
74 501
74 510
56 510
56 552
48 552
48 571
35 571
35 579
34 579
34 696
39 696
39 728
103 728
103 747
99 747
99 832
133 832
133 781
162 781
162 806
165 806
165 866
339 866
339 864
387 864
387 859
384 859
384 858
415 858
415 856
443 856
443 862
438 862
438 867
425 867
425 886
548 886
548 915
566 915
566 917
556 917
556 921
509 921
509 928
508 928
508 930
510 930
510 922
554 922
554 924
569 924
569 923
590 923
590 1004
586 1004
586 1012
605 1012
605 1035
620 1035
620 1054
817 1054
817 1048
912 1048
912 1061
773 1061
773 1063
795 1063
795 1076
933 1076
933 1077
1059 1077
1059 1075
1074 1075
1074 1081
693 1081
693 1062
684 1062
684 1067
640 1067
640 1079
678 1079
678 1089
663 1089
663 1102
499 1102
499 1101
562 1101
562 1093
626 1093
626 1087
585 1087
585 932
583 932
583 1086
498 1086
498 1084
489 1084
489 1046
525 1046
525 1025
529 1025
529 1043
542 1043
542 1014
530 1014
530 1008
526 1008
526 1016
523 1016
523 1022
493 1022
493 1027
473 1027
473 1080
477 1080
477 1111
492 1111
492 1106
615 1106
615 1105
682 1105
682 1099
701 1099
701 1115
660 1115
660 1118
734 1118
734 1129
624 1129
624 1131
517 1131
517 1132
327 1132
327 1085
323 1085
323 1021
322 1021
322 997
104 997
104 1002
109 1002
109 1065
110 1065
110 1166
102 1166
102 1112
106 1112
106 1042
88 1042
88 1051
79 1051
79 1060
85 1060
85 1122
93 1122
93 1157
86 1157
86 1163
71 1163
71 1152
14 1152
14 1137
9 1137
9 1160
37 1160
37 1162
22 1162
22 1168
122 1168
122 1174
116 1174
116 1187
83 1187
83 1188
21 1188
21 1197
7 1197
7 1196
6 1196
6 1189
1 1189
1 1198
10 1198
10 1222
19 1222
19 1223
3 1223
3 1224
25 1224
25 1210
31 1210
31 1212
80 1212
80 1213
143 1213
143 1203
32 1203
32 1201
49 1201
49 1194
76 1194
76 1190
128 1190
128 1195
235 1195
235 1179
239 1179
239 1173
214 1173
214 1183
212 1183
212 1180
196 1180
196 1181
147 1181
147 1178
209 1178
209 1177
202 1177
202 1175
198 1175
198 1156
240 1156
240 1154
203 1154
203 1150
146 1150
146 1191
154 1191
154 1193
137 1193
137 1159
115 1159
115 1127
124 1127
124 1000
304 1000
304 1023
299 1023
299 1005
297 1005
297 1037
310 1037
310 1057
313 1057
313 1145
546 1145
546 1165
532 1165
532 1161
522 1161
522 1169
520 1169
520 1172
515 1172
515 1209
608 1209
608 1217
550 1217
550 1219
574 1219
574 1220
581 1220
581 1221
702 1221
702 1218
724 1218
724 1225
718 1225
718 1229
681 1229
681 1226
649 1226
649 1228
636 1228
636 1231
541 1231
541 1227
388 1227
388 1233
370 1233
370 1234
345 1234
345 1235
8 1235
8 1250
11 1250
11 1236
348 1236
348 1238
255 1238
255 1237
27 1237
27 1241
113 1241
113 1242
159 1242
159 1239
193 1239
193 1243
144 1243
144 1245
280 1245
280 1244
247 1244
247 1240
371 1240
371 1246
309 1246
309 1247
392 1247
392 1249
408 1249
408 1248
412 1248
412 1230
518 1230
518 1232
738 1232
738 1215
657 1215
657 1214
759 1214
759 1199
733 1199
733 1205
740 1205
740 1211
654 1211
654 1216
629 1216
629 1208
610 1208
610 1207
567 1207
567 1206
534 1206
534 1202
628 1202
628 1200
533 1200
533 1185
578 1185
578 1186
645 1186
645 1155
666 1155
666 1192
665 1192
665 1204
674 1204
674 1176
675 1176
675 1164
707 1164
707 1151
587 1151
587 1158
592 1158
592 1170
595 1170
595 1153
632 1153
632 1184
528 1184
528 1182
536 1182
536 1167
547 1167
547 1148
758 1148
758 1149
760 1149
760 1147
752 1147
752 1138
751 1138
751 1142
642 1142
642 1143
497 1143
497 1141
560 1141
560 1139
420 1139
420 1140
317 1140
317 1038
318 1038
318 1133
748 1133
748 1114
704 1114
704 1097
754 1097
754 1092
713 1092
713 1082
948 1082
948 1088
932 1088
932 1091
915 1091
915 1096
952 1096
952 1117
1035 1117
1035 1109
1052 1109
1052 1135
1018 1135
1018 1136
1063 1136
1063 1130
1073 1130
1073 1094
1117 1094
1117 1100
1101 1100
1101 1121
1135 1121
1135 1108
1120 1108
1120 1090
1136 1090
1136 1074
1121 1074
1121 1070
