128
323 1038
323 1021
322 1021
322 997
104 997
104 1002
109 1002
109 1065
110 1065
110 1166
102 1166
102 1112
106 1112
106 1042
88 1042
88 1051
79 1051
79 1060
85 1060
85 1122
93 1122
93 1157
86 1157
86 1163
71 1163
71 1152
14 1152
14 1137
9 1137
9 1160
37 1160
37 1162
22 1162
22 1168
122 1168
122 1174
116 1174
116 1187
83 1187
83 1188
21 1188
21 1197
7 1197
7 1196
6 1196
6 1189
1 1189
1 1198
10 1198
10 1222
19 1222
19 1223
3 1223
3 1224
25 1224
25 1210
31 1210
31 1212
80 1212
80 1213
143 1213
143 1203
32 1203
32 1201
49 1201
49 1194
76 1194
76 1190
128 1190
128 1195
235 1195
235 1179
239 1179
239 1173
214 1173
214 1183
212 1183
212 1180
196 1180
196 1181
147 1181
147 1178
209 1178
209 1177
202 1177
202 1175
198 1175
198 1156
240 1156
240 1154
203 1154
203 1150
146 1150
146 1191
154 1191
154 1193
137 1193
137 1159
115 1159
115 1127
124 1127
124 1000
304 1000
304 1023
299 1023
299 1005
297 1005
297 1037
310 1037
310 1057
313 1057
313 1145
546 1145
546 1165
522 1165
522 1167
547 1167
547 1148
760 1148
760 1147
752 1147
752 1143
497 1143
497 1141
560 1141
560 1140
317 1140
317 1038
