136
11 23
11 40
7 40
7 41
6 41
6 43
1 43
1 49
2 49
2 50
3 50
3 45
8 45
8 62
4 62
4 68
5 68
5 72
12 72
12 67
17 67
17 56
13 56
13 32
15 32
15 30
16 30
16 26
14 26
14 24
40 24
40 29
46 29
46 33
25 33
25 31
20 31
20 38
29 38
29 39
37 39
37 34
61 34
61 35
63 35
63 25
68 25
68 36
60 36
60 42
32 42
32 44
62 44
62 46
67 46
67 52
64 52
64 74
76 74
76 76
77 76
77 73
66 73
66 54
69 54
69 71
84 71
84 75
85 75
85 87
87 87
87 90
92 90
92 94
47 94
47 91
34 91
34 89
35 89
35 86
27 86
27 85
30 85
30 82
41 82
41 79
36 79
36 78
43 78
43 77
26 77
26 88
28 88
28 97
23 97
23 93
22 93
22 83
19 83
19 92
18 92
18 98
21 98
21 100
24 100
24 99
31 99
31 95
94 95
94 96
97 96
97 84
96 84
96 81
100 81
100 80
90 80
90 66
98 66
98 65
81 65
81 55
79 55
79 59
80 59
80 69
89 69
89 70
73 70
73 58
72 58
72 51
70 51
70 37
74 37
74 23
