126
44 55
44 51
1 51
1 53
2 53
2 52
12 52
12 59
10 59
10 78
79 78
79 77
100 77
100 80
9 80
9 82
91 82
91 86
114 86
114 74
120 74
120 89
112 89
112 98
118 98
118 102
108 102
108 110
98 110
98 114
96 114
96 106
71 106
71 115
31 115
31 107
21 107
21 109
20 109
20 125
23 125
23 143
22 143
22 139
17 139
17 157
7 157
7 135
6 135
6 167
11 167
11 177
4 177
4 190
3 190
3 202
5 202
5 178
8 178
8 185
15 185
15 187
18 187
18 166
19 166
19 168
33 168
33 171
46 171
46 174
28 174
28 209
39 209
39 203
35 203
35 193
47 193
47 154
60 154
60 160
54 160
54 161
56 161
56 188
57 188
57 204
58 204
58 198
68 198
68 165
65 165
65 153
26 153
26 140
24 140
24 131
25 131
25 116
73 116
73 113
75 113
75 112
82 112
82 117
115 117
115 104
121 104
121 101
128 101
128 96
139 96
139 95
129 95
129 87
133 87
133 81
138 81
138 79
141 79
141 73
38 73
38 75
27 75
27 76
13 76
13 55
