396
182 19
182 23
77 23
77 13
69 13
69 25
161 25
161 24
181 24
181 26
160 26
160 28
59 28
59 56
44 56
44 51
1 51
1 53
2 53
2 52
12 52
12 59
10 59
10 78
79 78
79 77
100 77
100 80
9 80
9 82
91 82
91 86
114 86
114 74
120 74
120 89
112 89
112 98
118 98
118 102
108 102
108 110
98 110
98 114
96 114
96 106
71 106
71 115
31 115
31 107
21 107
21 109
20 109
20 125
23 125
23 143
22 143
22 139
17 139
17 157
7 157
7 135
6 135
6 167
11 167
11 177
4 177
4 190
3 190
3 202
5 202
5 178
8 178
8 185
15 185
15 187
18 187
18 166
19 166
19 168
33 168
33 171
46 171
46 174
28 174
28 209
39 209
39 203
35 203
35 193
47 193
47 154
60 154
60 160
54 160
54 161
56 161
56 188
57 188
57 204
53 204
53 226
51 226
51 227
36 227
36 229
29 229
29 241
99 241
99 246
105 246
105 245
116 245
116 249
145 249
145 248
147 248
147 243
150 243
150 240
151 240
151 235
131 235
131 242
102 242
102 233
148 233
148 222
132 222
132 211
126 211
126 213
110 213
110 214
83 214
83 228
90 228
90 221
93 221
93 216
122 216
122 217
127 217
127 219
130 219
130 231
78 231
78 232
86 232
86 237
87 237
87 239
43 239
43 234
55 234
55 230
67 230
67 223
72 223
72 212
70 212
70 220
58 220
58 198
66 198
66 205
80 205
80 210
81 210
81 201
92 201
92 206
106 206
106 199
68 199
68 165
65 165
65 153
26 153
26 140
24 140
24 131
25 131
25 116
30 116
30 123
49 123
49 118
73 118
73 113
75 113
75 112
82 112
82 117
84 117
84 137
107 137
107 138
119 138
119 136
88 136
88 130
97 130
97 126
85 126
85 119
115 119
115 104
117 104
117 124
121 124
121 101
128 101
128 96
139 96
139 95
129 95
129 87
133 87
133 81
134 81
134 92
153 92
153 84
149 84
149 83
138 83
138 79
141 79
141 70
143 70
143 71
144 71
144 69
125 69
125 62
109 62
109 66
124 66
124 72
95 72
95 65
94 65
94 68
74 68
74 67
62 67
62 73
52 73
52 60
48 60
48 64
38 64
38 75
32 75
32 61
27 61
27 76
13 76
13 55
14 55
14 58
16 58
16 57
89 57
89 49
111 49
111 47
123 47
123 44
137 44
137 43
142 43
142 40
146 40
146 39
136 39
136 42
104 42
104 45
103 45
103 48
64 48
64 30
152 30
152 31
154 31
154 32
165 32
165 29
166 29
166 33
174 33
174 36
186 36
186 34
190 34
190 22
206 22
206 21
242 21
242 120
222 120
222 122
199 122
199 127
198 127
198 105
212 105
212 111
217 111
217 100
238 100
238 85
241 85
241 46
240 46
240 54
239 54
239 63
234 63
234 93
223 93
223 90
226 90
226 88
208 88
208 94
207 94
207 103
205 103
205 91
202 91
202 99
191 99
191 134
220 134
220 132
195 132
195 129
209 129
209 128
224 128
224 141
200 141
200 144
213 144
213 142
229 142
229 133
230 133
230 146
159 146
159 145
156 145
156 148
162 148
162 150
169 150
169 149
197 149
197 152
218 152
218 151
235 151
235 158
219 158
219 155
203 155
203 156
196 156
196 164
201 164
201 163
231 163
231 169
175 169
175 175
211 175
211 173
245 173
245 172
250 172
250 170
247 170
247 162
244 162
244 147
233 147
233 121
246 121
246 108
249 108
249 97
243 97
243 19
