226
44 55
44 51
1 51
1 53
2 53
2 52
12 52
12 59
10 59
10 78
79 78
79 77
100 77
100 80
9 80
9 82
91 82
91 86
114 86
114 74
120 74
120 89
112 89
112 98
118 98
118 102
108 102
108 110
98 110
98 114
96 114
96 106
71 106
71 115
31 115
31 107
21 107
21 109
20 109
20 125
23 125
23 143
22 143
22 139
17 139
17 157
7 157
7 135
6 135
6 167
11 167
11 177
4 177
4 190
3 190
3 202
5 202
5 178
8 178
8 185
15 185
15 187
18 187
18 166
19 166
19 168
33 168
33 171
46 171
46 174
28 174
28 209
39 209
39 203
35 203
35 193
47 193
47 154
60 154
60 160
54 160
54 161
56 161
56 188
57 188
57 204
53 204
53 226
51 226
51 227
36 227
36 229
29 229
29 241
99 241
99 246
105 246
105 245
116 245
116 249
145 249
145 248
147 248
147 243
150 243
150 240
151 240
151 235
131 235
131 242
102 242
102 233
148 233
148 222
132 222
132 211
126 211
126 213
110 213
110 214
83 214
83 228
90 228
90 221
93 221
93 216
122 216
122 217
127 217
127 219
130 219
130 231
78 231
78 232
86 232
86 237
87 237
87 239
43 239
43 234
55 234
55 230
67 230
67 223
72 223
72 212
70 212
70 220
58 220
58 198
66 198
66 205
80 205
80 210
81 210
81 201
92 201
92 206
106 206
106 199
68 199
68 165
65 165
65 153
26 153
26 140
24 140
24 131
25 131
25 116
30 116
30 123
49 123
49 118
73 118
73 113
75 113
75 112
82 112
82 117
84 117
84 137
107 137
107 138
119 138
119 136
88 136
88 130
97 130
97 126
85 126
85 119
115 119
115 104
117 104
117 124
121 124
121 101
128 101
128 96
139 96
139 95
129 95
129 87
133 87
133 81
134 81
134 92
153 92
153 84
149 84
149 83
138 83
138 79
141 79
141 70
124 70
124 72
62 72
62 73
38 73
38 75
27 75
27 76
13 76
13 55
