68
113 587
113 592
117 592
117 595
81 595
81 597
37 597
37 596
7 596
7 579
23 579
23 571
20 571
20 530
9 530
9 461
8 461
8 438
1 438
1 474
5 474
5 519
4 519
4 549
19 549
19 556
2 556
2 610
22 610
22 607
11 607
11 600
14 600
14 599
119 599
119 588
126 588
126 594
133 594
133 591
143 591
143 652
140 652
140 672
147 672
147 726
132 726
132 759
125 759
125 723
127 723
127 717
106 717
106 714
109 714
109 707
96 707
96 728
120 728
120 736
123 736
123 766
149 766
149 684
151 684
151 598
157 598
157 587
