396
47 1
47 14
51 14
51 29
56 29
56 44
54 44
54 174
53 174
53 79
52 79
52 237
63 237
63 268
58 268
58 574
85 574
85 570
91 570
91 576
71 576
71 582
112 582
112 586
113 586
113 592
117 592
117 595
81 595
81 597
37 597
37 596
7 596
7 579
23 579
23 571
20 571
20 530
9 530
9 461
8 461
8 438
1 438
1 474
5 474
5 519
4 519
4 549
19 549
19 556
2 556
2 610
22 610
22 607
11 607
11 600
14 600
14 599
119 599
119 588
126 588
126 594
133 594
133 591
143 591
143 652
140 652
140 672
147 672
147 726
132 726
132 759
125 759
125 723
127 723
127 717
106 717
106 714
109 714
109 707
96 707
96 728
120 728
120 736
123 736
123 769
122 769
122 764
111 764
111 777
86 777
86 752
76 752
76 762
82 762
82 772
69 772
69 706
72 706
72 740
74 740
74 735
73 735
73 678
70 678
70 705
67 705
67 767
66 767
66 797
83 797
83 799
68 799
68 806
87 806
87 789
108 789
108 812
114 812
114 814
121 814
121 815
131 815
131 788
135 788
135 770
136 770
136 766
149 766
149 684
151 684
151 598
157 598
157 587
150 587
150 581
130 581
130 577
129 577
129 585
128 585
128 575
98 575
98 568
169 568
169 563
77 563
77 481
84 481
84 526
78 526
78 557
115 557
115 525
94 525
94 470
328 470
328 478
313 478
313 498
265 498
265 494
288 494
288 491
181 491
181 503
229 503
229 495
240 495
240 500
350 500
350 497
374 497
374 499
487 499
487 489
330 489
330 462
339 462
339 486
532 486
532 488
528 488
528 490
518 490
518 504
548 504
548 515
563 515
563 512
556 512
556 509
609 509
609 539
595 539
595 540
602 540
602 546
716 546
716 547
759 547
759 545
760 545
760 553
761 553
761 560
872 560
872 561
895 561
895 522
896 522
896 567
886 567
886 573
912 573
912 578
919 578
919 580
949 580
949 533
988 533
988 532
982 532
982 523
956 523
956 477
955 477
955 471
950 471
950 439
944 439
944 403
947 403
947 372
946 372
946 259
952 259
952 275
959 275
959 269
976 269
976 263
998 263
998 264
1009 264
1009 289
999 289
999 343
1001 343
1001 346
1011 346
1011 430
1003 430
1003 443
1006 443
1006 703
1033 703
1033 691
1047 691
1047 685
1020 685
1020 682
1019 682
1019 680
1021 680
1021 650
1027 650
1027 640
1072 640
1072 569
1077 569
1077 612
1081 612
1081 562
1068 562
1068 633
1031 633
1031 621
1028 621
1028 614
1051 614
1051 608
1057 608
1057 559
1046 559
1046 552
1088 552
1088 544
1050 544
1050 529
1065 529
1065 527
1045 527
1045 550
1042 550
1042 511
1059 511
1059 508
1064 508
1064 458
1052 458
1052 469
1048 469
1048 442
1041 442
1041 476
1040 476
1040 601
1024 601
1024 627
1023 627
1023 487
1022 487
1022 445
1014 445
1014 688
1010 688
1010 564
1012 564
1012 257
975 257
975 265
961 265
961 261
969 261
969 236
980 236
980 234
1043 234
1043 238
981 238
981 240
1062 240
1062 231
966 231
966 254
928 254
928 262
942 262
942 493
922 493
922 565
902 565
902 518
874 518
874 554
855 554
855 555
779 555
779 558
763 558
763 543
717 543
717 542
773 542
773 541
701 541
701 537
804 537
804 536
755 536
755 531
642 531
642 521
631 521
631 506
550 506
550 485
367 485
367 483
353 483
353 457
318 457
318 466
105 466
105 467
80 467
80 473
75 473
75 572
59 572
59 283
60 283
60 379
61 379
61 415
65 415
65 413
64 413
64 219
55 219
55 187
57 187
57 41
62 41
62 1
