118
112 585
112 586
113 586
113 592
117 592
117 595
81 595
81 597
37 597
37 596
7 596
7 579
23 579
23 571
20 571
20 530
9 530
9 461
8 461
8 438
1 438
1 474
5 474
5 519
4 519
4 549
19 549
19 556
2 556
2 610
22 610
22 607
11 607
11 600
14 600
14 599
119 599
119 588
126 588
126 594
133 594
133 591
143 591
143 652
140 652
140 672
147 672
147 726
132 726
132 759
125 759
125 723
127 723
127 717
106 717
106 714
109 714
109 707
96 707
96 728
120 728
120 736
123 736
123 769
122 769
122 764
111 764
111 777
86 777
86 752
76 752
76 762
82 762
82 772
69 772
69 706
72 706
72 740
74 740
74 735
73 735
73 678
70 678
70 705
67 705
67 767
66 767
66 797
83 797
83 799
68 799
68 806
87 806
87 789
108 789
108 812
114 812
114 814
121 814
121 815
131 815
131 788
135 788
135 770
136 770
136 766
149 766
149 684
151 684
151 598
157 598
157 587
150 587
150 581
130 581
130 577
129 577
129 585
