122
1 1
1 6
3 6
3 5
57 5
57 7
51 7
51 17
45 17
45 10
27 10
27 9
13 9
13 11
5 11
5 18
16 18
16 19
10 19
10 20
30 20
30 26
37 26
37 25
39 25
39 13
42 13
42 22
64 22
64 28
22 28
22 30
4 30
4 31
47 31
47 33
9 33
9 44
6 44
6 74
7 74
7 77
8 77
8 50
11 50
11 36
15 36
15 186
12 186
12 191
14 191
14 218
23 218
23 209
24 209
24 236
26 236
26 223
29 223
29 224
32 224
32 227
33 227
33 148
35 148
35 110
31 110
31 163
21 163
21 175
25 175
25 177
20 177
20 102
17 102
17 49
18 49
18 75
36 75
36 69
34 69
34 70
28 70
28 48
19 48
19 34
40 34
40 38
44 38
44 40
43 40
43 45
38 45
38 53
41 53
41 87
49 87
49 115
50 115
50 82
52 82
52 79
46 79
46 52
48 52
48 32
55 32
55 29
84 29
84 27
68 27
68 16
76 16
76 14
54 14
54 12
62 12
62 4
59 4
59 2
2 2
2 1
