354
1 1
1 6
3 6
3 5
57 5
57 7
51 7
51 17
45 17
45 10
27 10
27 9
13 9
13 11
5 11
5 18
16 18
16 19
10 19
10 20
30 20
30 26
37 26
37 25
39 25
39 13
42 13
42 22
64 22
64 28
22 28
22 30
4 30
4 31
47 31
47 33
9 33
9 44
6 44
6 74
7 74
7 77
8 77
8 50
11 50
11 36
15 36
15 186
12 186
12 191
14 191
14 218
23 218
23 209
24 209
24 236
26 236
26 223
29 223
29 224
32 224
32 227
33 227
33 148
35 148
35 110
31 110
31 163
21 163
21 175
25 175
25 177
20 177
20 102
17 102
17 49
18 49
18 75
36 75
36 69
34 69
34 70
28 70
28 48
19 48
19 34
40 34
40 38
44 38
44 40
43 40
43 45
38 45
38 53
41 53
41 87
49 87
49 115
50 115
50 82
52 82
52 79
46 79
46 52
48 52
48 32
53 32
53 47
63 47
63 51
109 51
109 46
115 46
115 43
186 43
186 66
161 66
161 59
181 59
181 56
144 56
144 57
127 57
127 54
94 54
94 55
92 55
92 61
93 61
93 64
98 64
98 60
116 60
116 58
160 58
160 78
159 78
159 62
131 62
131 68
112 68
112 83
113 83
113 84
117 84
117 73
130 73
130 76
145 76
145 72
139 72
139 63
157 63
157 71
156 71
156 118
155 118
155 65
154 65
154 106
153 106
153 117
149 117
149 114
137 114
137 153
129 153
129 126
119 126
119 149
118 149
118 193
123 193
123 217
128 217
128 190
133 190
133 220
126 220
126 222
125 222
125 228
120 228
120 211
114 211
114 226
111 226
111 234
110 234
110 235
105 235
105 213
108 213
108 108
91 108
91 105
96 105
96 99
95 99
95 94
89 94
89 100
88 100
88 90
77 90
77 89
87 89
87 88
83 88
83 85
56 85
56 91
79 91
79 92
85 92
85 107
86 107
86 112
100 112
100 159
101 159
101 116
107 116
107 210
106 210
106 206
73 206
73 221
69 221
69 208
70 208
70 201
72 201
72 141
78 141
78 128
80 128
80 123
65 123
65 131
71 131
71 140
67 140
67 139
66 139
66 203
60 203
60 229
74 229
74 246
75 246
75 225
82 225
82 214
103 214
103 233
90 233
90 241
99 241
99 248
104 248
104 240
102 240
102 238
135 238
135 232
122 232
122 231
138 231
138 207
134 207
134 205
148 205
148 196
147 196
147 176
132 176
132 162
124 162
124 184
121 184
121 158
136 158
136 172
143 172
143 156
146 156
146 164
162 164
162 134
165 134
165 143
167 143
167 154
164 154
164 157
168 157
168 150
178 150
178 135
180 135
180 165
166 165
166 181
172 181
172 166
183 166
183 155
185 155
185 144
187 144
187 142
184 142
184 130
151 130
151 137
150 137
150 152
141 152
141 171
140 171
140 124
142 124
142 122
152 122
152 120
158 120
158 86
170 86
170 81
174 81
174 80
171 80
171 67
188 67
188 42
58 42
58 41
55 41
55 29
84 29
84 27
68 27
68 16
76 16
76 14
54 14
54 12
62 12
62 4
59 4
59 2
2 2
2 1
