356
6 1
6 10
7 10
7 12
39 12
39 19
79 19
79 21
88 21
88 11
82 11
82 13
81 13
81 18
47 18
47 7
103 7
103 20
102 20
102 28
93 28
93 23
1 23
1 26
3 26
3 24
5 24
5 32
9 32
9 36
10 36
10 34
21 34
21 33
57 33
57 29
62 29
62 31
114 31
114 16
130 16
130 6
139 6
139 42
133 42
133 41
128 41
128 43
104 43
104 45
131 45
131 46
137 46
137 50
138 50
138 48
155 48
155 44
192 44
192 47
177 47
177 52
167 52
167 55
92 55
92 82
94 82
94 87
90 87
90 83
89 83
89 73
76 73
76 79
73 79
73 104
80 104
80 94
85 94
85 108
60 108
60 90
65 90
65 75
51 75
51 74
43 74
43 84
42 84
42 91
41 91
41 105
44 105
44 78
49 78
49 118
45 118
45 115
38 115
38 109
31 109
31 93
37 93
37 66
16 66
16 110
11 110
11 167
15 167
15 158
14 158
14 133
19 133
19 153
25 153
25 150
28 150
28 180
22 180
22 178
12 178
12 179
2 179
2 181
4 181
4 184
29 184
29 141
36 141
36 149
50 149
50 151
97 151
97 147
86 147
86 146
40 146
40 131
70 131
70 132
67 132
67 145
68 145
68 136
178 136
178 138
151 138
151 137
100 137
100 142
118 142
118 144
105 144
105 148
124 148
124 139
173 139
173 143
175 143
175 140
189 140
189 157
193 157
193 160
184 160
184 156
164 156
164 154
121 154
121 162
75 162
75 164
64 164
64 163
54 163
54 166
53 166
53 171
59 171
59 183
66 183
66 172
69 172
69 182
71 182
71 170
91 170
91 173
132 173
132 175
146 175
146 176
182 176
182 193
135 193
135 192
176 192
176 189
181 189
181 185
129 185
129 186
98 186
98 187
74 187
74 196
83 196
83 188
84 188
84 190
117 190
117 191
112 191
112 199
115 199
115 198
125 198
125 200
142 200
142 195
161 195
161 197
168 197
168 194
186 194
186 177
200 177
200 174
134 174
134 169
99 169
99 168
56 168
56 165
122 165
122 155
159 155
159 161
196 161
196 159
194 159
194 152
190 152
190 135
166 135
166 129
157 129
157 134
72 134
72 130
61 130
61 126
48 126
48 124
78 124
78 128
107 128
107 127
191 127
191 119
179 119
179 125
111 125
111 122
160 122
160 99
162 99
162 88
163 88
163 92
170 92
170 97
185 97
185 86
165 86
165 81
149 81
149 85
143 85
143 113
147 113
147 102
152 102
152 107
154 107
154 100
158 100
158 120
109 120
109 123
17 123
17 68
32 68
32 70
35 70
35 72
33 72
33 80
24 80
24 69
20 69
20 98
27 98
27 103
26 103
26 121
55 121
55 76
58 76
58 111
87 111
87 96
108 96
108 95
96 95
96 77
101 77
101 67
113 67
113 62
156 62
156 60
110 60
110 58
195 58
195 56
199 56
199 49
197 49
197 40
148 40
148 39
171 39
171 37
140 37
140 35
145 35
145 30
153 30
153 17
150 17
150 15
180 15
180 14
172 14
172 9
141 9
141 5
77 5
77 3
46 3
46 8
13 8
13 2
52 2
52 1
