284
76 1
76 3
109 3
109 16
92 16
92 12
91 12
91 7
102 7
102 6
84 6
84 4
80 4
80 17
72 17
72 22
75 22
75 46
77 46
77 29
81 29
81 19
82 19
82 33
83 33
83 37
85 37
85 11
88 11
88 18
89 18
89 26
90 26
90 82
87 82
87 36
86 36
86 87
79 87
79 64
74 64
74 92
71 92
71 62
73 62
73 51
68 51
68 79
65 79
65 73
58 73
58 24
61 24
61 21
53 21
53 14
34 14
34 86
33 86
33 101
7 101
7 108
4 108
4 117
2 117
2 102
1 102
1 122
3 122
3 125
5 125
5 109
6 109
6 112
12 112
12 143
11 143
11 124
10 124
10 145
20 145
20 136
21 136
21 140
36 140
36 147
28 147
28 150
50 150
50 149
48 149
48 144
49 144
49 142
62 142
62 148
66 148
66 146
63 146
63 141
45 141
45 139
59 139
59 135
47 135
47 138
27 138
27 137
31 137
31 134
32 134
32 130
30 130
30 128
26 128
26 126
25 126
25 133
24 133
24 131
22 131
22 129
23 129
23 118
29 118
29 116
19 116
19 121
18 121
18 114
17 114
17 132
16 132
16 113
14 113
14 127
13 127
13 111
8 111
8 110
9 110
9 105
15 105
15 104
39 104
39 88
40 88
40 54
44 54
44 50
42 50
42 49
43 49
43 44
38 44
38 95
35 95
35 70
37 70
37 20
51 20
51 40
57 40
57 61
55 61
55 78
54 78
54 81
56 81
56 94
78 94
78 96
94 96
94 59
96 59
96 52
97 52
97 60
98 60
98 90
99 90
99 63
100 63
100 80
113 80
113 85
115 85
115 84
119 84
119 89
128 89
128 68
136 68
136 75
131 75
131 76
134 76
134 77
133 77
133 99
135 99
135 98
142 98
142 107
144 107
144 120
143 120
143 123
150 123
150 106
149 106
149 103
148 103
148 115
147 115
147 119
145 119
145 100
146 100
146 97
141 97
141 91
139 91
139 93
138 93
138 69
137 69
137 66
127 66
127 65
126 65
126 74
121 74
121 45
120 45
120 39
129 39
129 32
140 32
140 31
132 31
132 30
130 30
130 25
125 25
125 28
123 28
123 35
116 35
116 83
114 83
114 53
112 53
112 56
111 56
111 67
110 67
110 43
108 43
108 42
107 42
107 71
106 71
106 72
104 72
104 55
105 55
105 41
103 41
103 58
101 58
101 48
93 48
93 27
95 27
95 23
124 23
124 15
117 15
117 13
122 13
122 2
118 2
118 1
