90
33 95
33 101
7 101
7 108
4 108
4 117
2 117
2 102
1 102
1 122
3 122
3 125
5 125
5 109
6 109
6 112
12 112
12 143
11 143
11 124
10 124
10 145
20 145
20 136
21 136
21 140
36 140
36 147
28 147
28 150
50 150
50 149
48 149
48 144
49 144
49 142
62 142
62 148
66 148
66 146
63 146
63 141
45 141
45 139
59 139
59 135
47 135
47 138
27 138
27 137
31 137
31 134
32 134
32 130
30 130
30 128
26 128
26 126
25 126
25 133
24 133
24 131
22 131
22 129
23 129
23 118
29 118
29 116
19 116
19 121
18 121
18 114
17 114
17 132
16 132
16 113
14 113
14 127
13 127
13 111
8 111
8 110
9 110
9 105
15 105
15 104
39 104
39 88
38 88
38 95
