274
1 31
1 40
13 40
13 39
23 39
23 42
26 42
26 46
90 46
90 45
92 45
92 37
122 37
122 65
113 65
113 83
112 83
112 107
117 107
117 181
116 181
116 124
114 124
114 175
110 175
110 109
109 109
109 150
108 150
108 97
107 97
107 87
105 87
105 54
39 54
39 59
21 59
21 58
38 58
38 55
18 55
18 61
47 61
47 63
60 63
60 60
80 60
80 57
48 57
48 56
81 56
81 64
87 64
87 70
82 70
82 79
83 79
83 80
93 80
93 86
104 86
104 173
103 173
103 125
102 125
102 182
106 182
106 185
97 185
97 166
91 166
91 192
124 192
124 211
121 211
121 218
77 218
77 195
75 195
75 172
68 172
68 144
67 144
67 113
66 113
66 177
71 177
71 179
69 179
69 200
76 200
76 212
65 212
65 89
62 89
62 92
63 92
63 106
64 106
64 217
72 217
72 225
61 225
61 184
42 184
42 171
30 171
30 160
55 160
55 152
37 152
37 129
34 129
34 126
33 126
33 121
41 121
41 103
32 103
32 117
25 117
25 131
20 131
20 134
36 134
36 149
31 149
31 136
29 136
29 156
22 156
22 157
15 157
15 188
12 188
12 204
27 204
27 199
19 199
19 180
16 180
16 174
35 174
35 193
40 193
40 191
49 191
49 213
51 213
51 196
58 196
58 214
52 214
52 221
46 221
46 228
43 228
43 233
44 233
44 232
56 232
56 231
78 231
78 230
73 230
73 219
96 219
96 224
101 224
101 227
115 227
115 229
94 229
94 239
89 239
89 245
129 245
129 249
98 249
98 246
86 246
86 248
88 248
88 250
130 250
130 247
144 247
144 236
142 236
142 240
141 240
141 244
138 244
138 139
136 139
136 88
140 88
140 85
145 85
145 164
146 164
146 94
148 94
148 72
150 72
150 23
149 23
149 22
178 22
178 24
180 24
180 53
181 53
181 62
179 62
179 115
183 115
183 123
171 123
171 96
175 96
175 95
170 95
170 116
166 116
166 130
188 130
188 112
185 112
185 75
190 75
190 21
147 21
147 77
134 77
134 90
132 90
132 215
137 215
137 237
131 237
131 242
135 242
135 243
100 243
100 241
111 241
111 238
95 238
95 235
119 235
119 222
127 222
127 187
118 187
118 161
125 161
125 132
120 132
120 108
123 108
123 35
70 35
70 38
79 38
79 41
84 41
84 44
28 44
28 43
57 43
57 36
9 36
9 31
