404
1 31
1 40
13 40
13 39
23 39
23 42
26 42
26 46
90 46
90 45
92 45
92 37
122 37
122 65
113 65
113 83
112 83
112 107
117 107
117 181
116 181
116 124
114 124
114 175
110 175
110 109
109 109
109 150
108 150
108 97
107 97
107 87
105 87
105 54
39 54
39 59
21 59
21 58
38 58
38 55
18 55
18 61
47 61
47 63
60 63
60 60
80 60
80 57
48 57
48 56
81 56
81 64
87 64
87 70
82 70
82 79
83 79
83 80
93 80
93 86
104 86
104 173
103 173
103 125
102 125
102 182
106 182
106 185
97 185
97 166
91 166
91 192
124 192
124 211
121 211
121 218
77 218
77 195
75 195
75 172
68 172
68 144
67 144
67 113
66 113
66 177
71 177
71 179
69 179
69 200
76 200
76 212
65 212
65 89
62 89
62 92
63 92
63 106
64 106
64 217
72 217
72 225
61 225
61 184
42 184
42 171
30 171
30 160
55 160
55 152
37 152
37 129
34 129
34 126
33 126
33 121
41 121
41 103
32 103
32 117
25 117
25 131
20 131
20 134
36 134
36 149
31 149
31 136
29 136
29 156
22 156
22 157
15 157
15 188
12 188
12 204
27 204
27 199
19 199
19 180
16 180
16 174
35 174
35 193
40 193
40 191
49 191
49 213
51 213
51 196
58 196
58 214
52 214
52 221
46 221
46 228
43 228
43 233
44 233
44 232
56 232
56 231
78 231
78 230
73 230
73 219
96 219
96 224
101 224
101 227
115 227
115 229
94 229
94 239
89 239
89 245
129 245
129 249
98 249
98 246
86 246
86 248
88 248
88 250
130 250
130 247
144 247
144 236
142 236
142 240
141 240
141 244
138 244
138 139
136 139
136 88
140 88
140 85
145 85
145 164
146 164
146 94
148 94
148 72
150 72
150 23
149 23
149 22
178 22
178 24
180 24
180 53
181 53
181 62
179 62
179 115
183 115
183 123
171 123
171 96
175 96
175 95
170 95
170 116
168 116
168 84
166 84
166 133
164 133
164 141
169 141
169 142
163 142
163 98
161 98
161 76
153 76
153 99
152 99
152 81
151 81
151 148
154 148
154 140
158 140
158 93
159 93
159 104
160 104
160 111
162 111
162 163
155 163
155 206
157 206
157 210
212 210
212 220
213 220
213 226
214 226
214 234
216 234
216 223
217 223
217 216
221 216
221 209
249 209
249 153
250 153
250 128
245 128
245 118
231 118
231 119
223 119
223 138
228 138
228 145
232 145
232 147
229 147
229 154
242 154
242 158
243 158
243 151
247 151
247 208
206 208
206 205
239 205
239 189
227 189
227 170
209 170
209 162
204 162
204 165
192 165
192 120
196 120
196 110
201 110
201 101
200 101
200 78
199 78
199 102
197 102
197 52
234 52
234 33
233 33
233 29
244 29
244 50
246 50
246 25
240 25
240 10
222 10
222 27
230 27
230 51
215 51
215 47
198 47
198 48
195 48
195 49
193 49
193 82
191 82
191 168
207 168
207 178
220 178
220 190
219 190
219 194
226 194
226 202
238 202
238 203
176 203
176 207
165 207
165 201
167 201
167 176
173 176
173 143
174 143
174 130
188 130
188 112
185 112
185 75
190 75
190 21
147 21
147 77
134 77
134 90
132 90
132 215
137 215
137 237
131 237
131 242
135 242
135 243
100 243
100 241
111 241
111 238
95 238
95 235
119 235
119 222
127 222
127 187
118 187
118 161
125 161
125 132
120 132
120 108
123 108
123 35
70 35
70 38
79 38
79 41
84 41
84 44
28 44
28 43
57 43
57 36
9 36
9 31
