Removal 0: 
Solution 0: 
11 12
14 13
17 9
19 5
2 6
6 7
8 18

Solution 1: 
11 12
14 13
17 9
19 5
3 10
6 7
8 18

Solution 2: 
11 12
14 13
17 9
19 5
2 1
6 7
8 18

Solution 3: 
11 12
14 13
17 9
19 5
5 1
6 7
8 18

Solution 4: 
11 12
14 13
17 9
19 5
5 1
6 7
9 15

Solution 5: 
11 12
14 13
18 17
19 5
5 1
6 7
9 15

Solution 6: 
11 12
14 13
18 17
19 5
3 10
6 7
9 15

Solution 7: 
11 12
14 13
18 17
19 5
2 1
6 7
9 15

Solution 8: 
11 12
14 13
17 9
19 5
2 1
6 7
9 15

Solution 9: 
11 12
14 13
17 9
19 5
2 6
6 7
9 15

Solution 10: 
11 12
14 13
17 9
19 5
5 3
6 7
9 15

Solution 11: 
11 12
14 13
18 17
19 5
5 3
6 7
9 15

Solution 12: 
11 12
14 13
18 17
19 5
2 6
6 7
9 15

Solution 13: 
11 12
14 13
17 9
19 5
3 10
6 7
9 15

Solution 14: 
11 12
14 13
18 17
19 5
3 10
6 7
8 18

Solution 15: 
11 12
14 13
18 17
19 5
5 1
6 7
8 18

Solution 16: 
11 12
14 13
18 17
19 5
2 1
6 7
8 18

Solution 17: 
11 12
14 13
18 17
19 5
2 6
6 7
8 18

Solution 18: 
11 12
14 13
18 17
19 5
5 3
6 7
8 18

Solution 19: 
11 12
14 13
17 9
19 5
5 3
6 7
8 18

Solution 20: 
11 12
14 13
17 9
20 4
5 3
6 7
8 18

Solution 21: 
11 12
14 13
17 9
20 4
3 10
6 7
8 18

Solution 22: 
11 12
14 13
17 9
20 4
5 1
6 7
8 18

Solution 23: 
11 12
14 13
17 9
2 1
20 4
6 7
8 18

Solution 24: 
11 12
14 13
17 9
2 6
20 4
6 7
8 18

Solution 25: 
11 12
14 13
18 17
2 6
20 4
6 7
8 18

Solution 26: 
11 12
14 13
18 17
20 4
3 10
6 7
8 18

Solution 27: 
11 12
14 13
18 17
20 4
5 1
6 7
8 18

Solution 28: 
11 12
14 13
18 17
2 1
20 4
6 7
8 18

Solution 29: 
11 12
14 13
18 17
20 4
5 3
6 7
8 18

Solution 30: 
11 12
14 13
18 17
20 4
5 3
6 7
9 15

Solution 31: 
11 12
14 13
18 17
2 6
20 4
6 7
9 15

Solution 32: 
11 12
14 13
18 17
20 4
5 1
6 7
9 15

Solution 33: 
11 12
14 13
18 17
2 1
20 4
6 7
9 15

Solution 34: 
11 12
14 13
18 17
20 4
3 10
6 7
9 15

Solution 35: 
11 12
14 13
17 9
20 4
3 10
6 7
9 15

Solution 36: 
11 12
14 13
17 9
2 1
20 4
6 7
9 15

Solution 37: 
11 12
14 13
17 9
2 6
20 4
6 7
9 15

Solution 38: 
11 12
14 13
17 9
20 4
5 3
6 7
9 15

Solution 39: 
11 12
14 13
17 9
20 4
5 1
6 7
9 15

Solution 40: 
11 12
15 20
17 9
20 4
5 1
6 7
9 15

Solution 41: 
11 12
15 16
17 9
20 4
5 1
6 7
9 15

Solution 42: 
11 12
14 20
17 9
20 4
5 1
6 7
9 15

Solution 43: 
11 12
14 20
17 9
2 1
20 4
6 7
9 15

Solution 44: 
11 12
14 20
17 9
20 4
3 10
6 7
9 15

Solution 45: 
11 12
14 20
17 9
20 4
5 3
6 7
9 15

Solution 46: 
11 12
14 20
17 9
2 6
20 4
6 7
9 15

Solution 47: 
11 12
15 16
17 9
2 6
20 4
6 7
9 15

Solution 48: 
11 12
15 20
17 9
2 6
20 4
6 7
9 15

Solution 49: 
11 12
15 20
17 9
20 4
5 3
6 7
9 15

Solution 50: 
11 12
15 20
17 9
2 1
20 4
6 7
9 15

Solution 51: 
11 12
15 20
17 9
20 4
3 10
6 7
9 15

Solution 52: 
11 12
15 16
17 9
20 4
3 10
6 7
9 15

Solution 53: 
11 12
15 16
17 9
20 4
5 3
6 7
9 15

Solution 54: 
11 12
15 16
17 9
2 1
20 4
6 7
9 15

Solution 55: 
11 12
15 16
17 9
19 5
2 1
6 7
9 15

Solution 56: 
11 12
15 16
17 9
19 5
5 3
6 7
9 15

Solution 57: 
11 12
15 16
17 9
19 5
3 10
6 7
9 15

Solution 58: 
11 12
15 16
17 9
19 5
2 6
6 7
9 15

Solution 59: 
11 12
15 16
17 9
19 5
5 1
6 7
9 15

Solution 60: 
11 12
14 20
17 9
19 5
5 1
6 7
9 15

Solution 61: 
11 12
15 20
17 9
19 5
5 1
6 7
9 15

Solution 62: 
11 12
15 20
17 9
19 5
2 6
6 7
9 15

Solution 63: 
11 12
15 20
17 9
19 5
3 10
6 7
9 15

Solution 64: 
11 12
15 20
17 9
19 5
5 3
6 7
9 15

Solution 65: 
11 12
15 20
17 9
19 5
2 1
6 7
9 15

Solution 66: 
11 12
14 20
17 9
19 5
2 1
6 7
9 15

Solution 67: 
11 12
14 20
17 9
19 5
2 6
6 7
9 15

Solution 68: 
11 12
14 20
17 9
19 5
3 10
6 7
9 15

Solution 69: 
11 12
14 20
17 9
19 5
5 3
6 7
9 15

Solution 70: 
11 12
14 20
17 9
19 5
5 3
6 7
8 18

Solution 71: 
11 12
15 16
17 9
19 5
5 3
6 7
8 18

Solution 72: 
11 12
15 20
17 9
19 5
5 3
6 7
8 18

Solution 73: 
11 12
15 20
17 9
20 4
5 3
6 7
8 18

Solution 74: 
11 12
14 20
17 9
20 4
5 3
6 7
8 18

Solution 75: 
11 12
15 16
17 9
20 4
5 3
6 7
8 18

Solution 76: 
11 12
15 16
17 9
2 6
20 4
6 7
8 18

Solution 77: 
11 12
15 16
17 9
20 4
3 10
6 7
8 18

Solution 78: 
11 12
15 16
17 9
2 1
20 4
6 7
8 18

Solution 79: 
11 12
15 16
17 9
20 4
5 1
6 7
8 18

Solution 80: 
11 12
14 20
17 9
20 4
5 1
6 7
8 18

Solution 81: 
11 12
15 20
17 9
20 4
5 1
6 7
8 18

Solution 82: 
11 12
15 20
17 9
2 1
20 4
6 7
8 18

Solution 83: 
11 12
15 20
17 9
2 6
20 4
6 7
8 18

Solution 84: 
11 12
15 20
17 9
20 4
3 10
6 7
8 18

Solution 85: 
11 12
14 20
17 9
20 4
3 10
6 7
8 18

Solution 86: 
11 12
14 20
17 9
2 6
20 4
6 7
8 18

Solution 87: 
11 12
14 20
17 9
2 1
20 4
6 7
8 18

Solution 88: 
11 12
14 20
17 9
19 5
2 1
6 7
8 18

Solution 89: 
11 12
14 20
17 9
19 5
2 6
6 7
8 18

Solution 90: 
11 12
14 20
17 9
19 5
5 1
6 7
8 18

Solution 91: 
11 12
14 20
17 9
19 5
3 10
6 7
8 18

Solution 92: 
11 12
15 16
17 9
19 5
3 10
6 7
8 18

Solution 93: 
11 12
15 20
17 9
19 5
3 10
6 7
8 18

Solution 94: 
11 12
15 20
17 9
19 5
2 6
6 7
8 18

Solution 95: 
11 12
15 20
17 9
19 5
5 1
6 7
8 18

Solution 96: 
11 12
15 20
17 9
19 5
2 1
6 7
8 18

Solution 97: 
11 12
15 16
17 9
19 5
2 1
6 7
8 18

Solution 98: 
11 12
15 16
17 9
19 5
5 1
6 7
8 18

Solution 99: 
11 12
15 16
17 9
19 5
2 6
6 7
8 18

Solution 100: 
11 12
15 16
18 17
19 5
2 6
6 7
8 18

Solution 101: 
11 12
15 16
18 17
2 6
20 4
6 7
8 18

Solution 102: 
11 12
15 16
18 17
2 1
20 4
6 7
8 18

Solution 103: 
11 12
15 16
18 17
20 4
3 10
6 7
8 18

Solution 104: 
11 12
15 16
18 17
20 4
5 1
6 7
8 18

Solution 105: 
11 12
15 16
18 17
19 5
5 1
6 7
8 18

Solution 106: 
11 12
15 16
18 17
19 5
2 1
6 7
8 18

Solution 107: 
11 12
15 16
18 17
19 5
3 10
6 7
8 18

Solution 108: 
11 12
15 16
18 17
19 5
5 3
6 7
8 18

Solution 109: 
11 12
15 16
18 17
20 4
5 3
6 7
8 18

Solution 110: 
11 12
15 16
18 17
20 4
5 3
6 7
9 15

Solution 111: 
11 12
15 16
18 17
19 5
5 3
6 7
9 15

Solution 112: 
11 12
15 16
18 17
19 5
2 6
6 7
9 15

Solution 113: 
11 12
15 16
18 17
19 5
5 1
6 7
9 15

Solution 114: 
11 12
15 16
18 17
19 5
2 1
6 7
9 15

Solution 115: 
11 12
15 16
18 17
19 5
3 10
6 7
9 15

Solution 116: 
11 12
15 16
18 17
20 4
3 10
6 7
9 15

Solution 117: 
11 12
15 16
18 17
20 4
5 1
6 7
9 15

Solution 118: 
11 12
15 16
18 17
2 6
20 4
6 7
9 15

Solution 119: 
11 12
15 16
18 17
2 1
20 4
6 7
9 15

Solution 120: 
11 12
15 16
18 17
20 4
3 10
9 13
9 15

Solution 121: 
11 12
15 16
18 17
19 5
3 10
9 13
9 15

Solution 122: 
13 9
15 16
18 17
19 5
3 10
9 13
9 15

Solution 123: 
13 9
15 16
18 17
20 4
3 10
9 13
9 15

Solution 124: 
11 12
15 16
18 17
20 4
3 10
4 11
9 15

Solution 125: 
11 12
15 16
18 17
19 5
3 10
4 11
9 15

Solution 126: 
11 12
15 16
18 17
19 5
2 6
4 11
9 15

Solution 127: 
11 12
15 16
18 17
2 6
20 4
4 11
9 15

Solution 128: 
11 12
14 13
18 17
2 6
20 4
4 11
9 15

Solution 129: 
11 12
14 13
18 17
19 5
2 6
4 11
9 15

Solution 130: 
13 2
14 13
18 17
19 5
2 6
4 11
9 15

Solution 131: 
13 9
14 13
18 17
19 5
2 6
4 11
9 15

Solution 132: 
11 2
14 13
18 17
19 5
2 6
4 11
9 15

Solution 133: 
11 2
14 13
18 17
2 6
20 4
4 11
9 15

Solution 134: 
13 2
14 13
18 17
2 6
20 4
4 11
9 15

Solution 135: 
13 9
14 13
18 17
2 6
20 4
4 11
9 15

Solution 136: 
13 9
14 13
18 17
20 4
3 10
4 11
9 15

Solution 137: 
13 9
14 13
18 17
19 5
3 10
4 11
9 15

Solution 138: 
13 2
14 13
18 17
19 5
3 10
4 11
9 15

Solution 139: 
11 12
14 13
18 17
19 5
3 10
4 11
9 15

Solution 140: 
11 2
14 13
18 17
19 5
3 10
4 11
9 15

Solution 141: 
11 2
14 13
18 17
20 4
3 10
4 11
9 15

Solution 142: 
11 12
14 13
18 17
20 4
3 10
4 11
9 15

Solution 143: 
13 2
14 13
18 17
20 4
3 10
4 11
9 15

Solution 144: 
13 2
14 13
18 17
20 4
3 10
9 13
9 15

Solution 145: 
13 2
14 13
18 17
19 5
3 10
9 13
9 15

Solution 146: 
13 2
14 13
18 17
19 5
3 10
6 7
9 15

Solution 147: 
13 2
14 13
18 17
20 4
3 10
6 7
9 15

Solution 148: 
13 9
14 13
18 17
20 4
3 10
6 7
9 15

Solution 149: 
11 2
14 13
18 17
20 4
3 10
6 7
9 15

Solution 150: 
11 2
14 13
18 17
19 5
3 10
6 7
9 15

Solution 151: 
13 9
14 13
18 17
19 5
3 10
6 7
9 15

Solution 152: 
13 9
14 13
18 17
19 5
3 10
9 13
9 15

Solution 153: 
11 12
14 13
18 17
19 5
3 10
9 13
9 15

Solution 154: 
11 2
14 13
18 17
19 5
3 10
9 13
9 15

Solution 155: 
11 2
14 13
18 17
20 4
3 10
9 13
9 15

Solution 156: 
11 12
14 13
18 17
20 4
3 10
9 13
9 15

Solution 157: 
13 9
14 13
18 17
20 4
3 10
9 13
9 15

Solution 158: 
13 9
14 13
18 17
2 1
20 4
6 7
9 15

Solution 159: 
13 9
14 13
18 17
2 6
20 4
6 7
9 15

Solution 160: 
13 9
14 13
18 17
20 4
5 3
6 7
9 15

Solution 161: 
13 9
14 13
18 17
20 4
5 1
6 7
9 15

Solution 162: 
13 9
14 13
17 9
20 4
5 1
6 7
9 15

Solution 163: 
13 9
14 13
17 9
2 6
20 4
6 7
9 15

Solution 164: 
13 9
14 13
17 9
20 4
5 3
6 7
9 15

Solution 165: 
13 9
14 13
17 9
2 1
20 4
6 7
9 15

Solution 166: 
13 9
14 13
17 9
20 4
3 10
6 7
9 15

Solution 167: 
13 2
14 13
17 9
20 4
3 10
6 7
9 15

Solution 168: 
11 2
14 13
17 9
20 4
3 10
6 7
9 15

Solution 169: 
11 2
14 13
17 9
2 6
20 4
6 7
9 15

Solution 170: 
11 2
14 13
17 9
2 1
20 4
6 7
9 15

Solution 171: 
11 2
14 13
17 9
20 4
5 1
6 7
9 15

Solution 172: 
13 2
14 13
17 9
20 4
5 1
6 7
9 15

Solution 173: 
13 2
14 13
17 9
2 6
20 4
6 7
9 15

Solution 174: 
13 2
14 13
17 9
2 1
20 4
6 7
9 15

Solution 175: 
13 2
14 13
17 9
20 4
5 3
6 7
9 15

Solution 176: 
11 2
14 13
17 9
20 4
5 3
6 7
9 15

Solution 177: 
11 2
14 13
18 17
20 4
5 3
6 7
9 15

Solution 178: 
13 2
14 13
18 17
20 4
5 3
6 7
9 15

Solution 179: 
13 2
14 13
18 17
2 6
20 4
6 7
9 15

Solution 180: 
13 2
14 13
18 17
2 1
20 4
6 7
9 15

Solution 181: 
13 2
14 13
18 17
20 4
5 1
6 7
9 15

Solution 182: 
11 2
14 13
18 17
20 4
5 1
6 7
9 15

Solution 183: 
11 2
14 13
18 17
2 6
20 4
6 7
9 15

Solution 184: 
11 2
14 13
18 17
2 1
20 4
6 7
9 15

Solution 185: 
11 2
14 13
18 17
19 5
2 1
6 7
9 15

Solution 186: 
13 9
14 13
18 17
19 5
2 1
6 7
9 15

Solution 187: 
13 9
14 13
18 17
19 5
5 3
6 7
9 15

Solution 188: 
13 9
14 13
18 17
19 5
2 6
6 7
9 15

Solution 189: 
11 2
14 13
18 17
19 5
2 6
6 7
9 15

Solution 190: 
11 2
14 13
18 17
19 5
5 3
6 7
9 15

Solution 191: 
11 2
14 13
18 17
19 5
5 1
6 7
9 15

Solution 192: 
13 2
14 13
18 17
19 5
5 1
6 7
9 15

Solution 193: 
13 2
14 13
18 17
19 5
2 6
6 7
9 15

Solution 194: 
13 2
14 13
18 17
19 5
2 1
6 7
9 15

Solution 195: 
13 2
14 13
18 17
19 5
5 3
6 7
9 15

Solution 196: 
13 9
14 13
18 17
19 5
5 1
6 7
9 15

Solution 197: 
13 9
14 13
17 9
19 5
5 1
6 7
9 15

Solution 198: 
11 2
14 13
17 9
19 5
5 1
6 7
9 15

Solution 199: 
13 2
14 13
17 9
19 5
5 1
6 7
9 15

Solution 200: 
13 2
14 13
17 9
19 5
2 6
6 7
9 15

Solution 201: 
13 2
14 13
17 9
19 5
5 3
6 7
9 15

Solution 202: 
13 2
14 13
17 9
19 5
3 10
6 7
9 15

Solution 203: 
13 2
14 13
17 9
19 5
2 1
6 7
9 15

Solution 204: 
13 9
14 13
17 9
19 5
2 1
6 7
9 15

Solution 205: 
11 2
14 13
17 9
19 5
2 1
6 7
9 15

Solution 206: 
11 2
14 13
17 9
19 5
5 3
6 7
9 15

Solution 207: 
11 2
14 13
17 9
19 5
3 10
6 7
9 15

Solution 208: 
13 9
14 13
17 9
19 5
3 10
6 7
9 15

Solution 209: 
13 9
14 13
17 9
19 5
5 3
6 7
9 15

Solution 210: 
13 9
14 13
17 9
19 5
2 6
6 7
9 15

Solution 211: 
11 2
14 13
17 9
19 5
2 6
6 7
9 15

Solution 212: 
11 2
14 13
17 9
19 5
2 6
4 11
9 15

Solution 213: 
11 12
14 13
17 9
19 5
2 6
4 11
9 15

Solution 214: 
13 9
14 13
17 9
19 5
2 6
4 11
9 15

Solution 215: 
13 2
14 13
17 9
19 5
2 6
4 11
9 15

Solution 216: 
13 2
14 13
17 9
19 5
3 10
4 11
9 15

Solution 217: 
13 9
14 13
17 9
19 5
3 10
4 11
9 15

Solution 218: 
11 12
14 13
17 9
19 5
3 10
4 11
9 15

Solution 219: 
11 2
14 13
17 9
19 5
3 10
4 11
9 15

Solution 220: 
11 2
14 13
17 9
19 5
3 10
9 13
9 15

Solution 221: 
13 9
14 13
17 9
19 5
3 10
9 13
9 15

Solution 222: 
13 2
14 13
17 9
19 5
3 10
9 13
9 15

Solution 223: 
11 12
14 13
17 9
19 5
3 10
9 13
9 15

Solution 224: 
11 12
14 13
17 9
20 4
3 10
9 13
9 15

Solution 225: 
11 12
14 13
17 9
20 4
3 10
4 11
9 15

Solution 226: 
11 12
14 13
17 9
2 6
20 4
4 11
9 15

Solution 227: 
13 9
14 13
17 9
2 6
20 4
4 11
9 15

Solution 228: 
13 2
14 13
17 9
2 6
20 4
4 11
9 15

Solution 229: 
11 2
14 13
17 9
2 6
20 4
4 11
9 15

Solution 230: 
11 2
14 13
17 9
20 4
3 10
4 11
9 15

Solution 231: 
11 2
14 13
17 9
20 4
3 10
9 13
9 15

Solution 232: 
13 2
14 13
17 9
20 4
3 10
9 13
9 15

Solution 233: 
13 9
14 13
17 9
20 4
3 10
9 13
9 15

Solution 234: 
13 9
14 13
17 9
20 4
3 10
4 11
9 15

Solution 235: 
13 2
14 13
17 9
20 4
3 10
4 11
9 15

Solution 236: 
13 2
14 13
17 9
20 4
3 10
4 11
8 18

Solution 237: 
13 2
14 13
17 9
19 5
3 10
4 11
8 18

Solution 238: 
13 2
14 13
18 17
19 5
3 10
4 11
8 18

Solution 239: 
13 2
14 13
18 17
20 4
3 10
4 11
8 18

Solution 240: 
13 2
14 13
18 17
2 6
20 4
4 11
8 18

Solution 241: 
13 2
14 13
18 17
19 5
2 6
4 11
8 18

Solution 242: 
13 2
14 13
17 9
19 5
2 6
4 11
8 18

Solution 243: 
13 2
14 13
17 9
2 6
20 4
4 11
8 18

Solution 244: 
11 2
14 13
17 9
2 6
20 4
4 11
8 18

Solution 245: 
11 2
14 13
17 9
2 6
20 4
6 7
8 18

Solution 246: 
13 2
14 13
17 9
2 6
20 4
6 7
8 18

Solution 247: 
13 9
14 13
17 9
2 6
20 4
6 7
8 18

Solution 248: 
13 9
14 13
17 9
2 6
20 4
4 11
8 18

Solution 249: 
11 12
14 13
17 9
2 6
20 4
4 11
8 18

Solution 250: 
11 12
14 13
17 9
19 5
2 6
4 11
8 18

Solution 251: 
13 9
14 13
17 9
19 5
2 6
4 11
8 18

Solution 252: 
11 2
14 13
17 9
19 5
2 6
4 11
8 18

Solution 253: 
11 2
14 13
17 9
19 5
2 6
6 7
8 18

Solution 254: 
13 2
14 13
17 9
19 5
2 6
6 7
8 18

Solution 255: 
13 9
14 13
17 9
19 5
2 6
6 7
8 18

Solution 256: 
13 9
14 13
17 9
19 5
2 1
6 7
8 18

Solution 257: 
13 9
14 13
17 9
19 5
3 10
6 7
8 18

Solution 258: 
13 9
14 13
17 9
19 5
5 1
6 7
8 18

Solution 259: 
13 9
14 13
17 9
19 5
3 10
4 11
8 18

Solution 260: 
13 9
14 13
17 9
19 5
3 10
8 18
9 13

Solution 261: 
13 9
14 13
17 9
19 5
5 3
6 7
8 18

Solution 262: 
13 2
14 13
17 9
19 5
5 3
6 7
8 18

Solution 263: 
11 2
14 13
17 9
19 5
5 3
6 7
8 18

Solution 264: 
11 2
14 13
17 9
19 5
2 1
6 7
8 18

Solution 265: 
11 2
14 13
17 9
19 5
3 10
6 7
8 18

Solution 266: 
13 2
14 13
17 9
19 5
3 10
6 7
8 18

Solution 267: 
13 2
14 13
17 9
19 5
2 1
6 7
8 18

Solution 268: 
13 2
14 13
17 9
19 5
5 1
6 7
8 18

Solution 269: 
11 2
14 13
17 9
19 5
5 1
6 7
8 18

Solution 270: 
11 2
14 13
17 9
19 5
3 10
8 18
9 13

Solution 271: 
13 2
14 13
17 9
19 5
3 10
8 18
9 13

Solution 272: 
11 12
14 13
17 9
19 5
3 10
8 18
9 13

Solution 273: 
11 12
14 13
17 9
19 5
3 10
4 11
8 18

Solution 274: 
11 2
14 13
17 9
19 5
3 10
4 11
8 18

Solution 275: 
11 2
14 13
17 9
19 5
3 10
8 19
9 13

Solution 276: 
11 2
12 15
14 13
17 9
19 5
3 10
9 13

Solution 277: 
11 2
12 19
14 13
17 9
19 5
3 10
9 13

Solution 278: 
12 19
13 9
14 13
17 9
19 5
3 10
9 13

Solution 279: 
12 19
13 2
14 13
17 9
19 5
3 10
9 13

Solution 280: 
11 12
12 19
14 13
17 9
19 5
3 10
9 13

Solution 281: 
11 12
14 13
17 9
19 5
3 10
8 19
9 13

Solution 282: 
11 12
12 15
14 13
17 9
19 5
3 10
9 13

Solution 283: 
12 15
13 2
14 13
17 9
19 5
3 10
9 13

Solution 284: 
13 2
14 13
17 9
19 5
3 10
8 19
9 13

Solution 285: 
13 9
14 13
17 9
19 5
3 10
8 19
9 13

Solution 286: 
12 15
13 9
14 13
17 9
19 5
3 10
9 13

Solution 287: 
12 15
13 9
14 13
18 17
19 5
3 10
9 13

Solution 288: 
13 9
14 13
18 17
19 5
3 10
8 19
9 13

Solution 289: 
13 9
14 13
18 17
19 5
3 10
8 18
9 13

Solution 290: 
12 19
13 9
14 13
18 17
19 5
3 10
9 13

Solution 291: 
13 9
14 13
18 17
19 5
3 10
4 11
8 18

Solution 292: 
13 9
14 13
18 17
19 5
3 10
6 7
8 18

Solution 293: 
13 9
14 13
18 17
19 5
5 1
6 7
8 18

Solution 294: 
13 9
14 13
18 17
19 5
2 1
6 7
8 18

Solution 295: 
13 9
14 13
18 17
19 5
5 3
6 7
8 18

Solution 296: 
13 9
14 13
18 17
19 5
2 6
6 7
8 18

Solution 297: 
13 9
14 13
18 17
19 5
2 6
4 11
8 18

Solution 298: 
11 12
14 13
18 17
19 5
2 6
4 11
8 18

Solution 299: 
11 2
14 13
18 17
19 5
2 6
4 11
8 18

Solution 300: 
11 2
14 13
18 17
19 5
2 6
6 7
8 18

Solution 301: 
13 2
14 13
18 17
19 5
2 6
6 7
8 18

Solution 302: 
13 2
14 13
18 17
19 5
2 1
6 7
8 18

Solution 303: 
11 2
14 13
18 17
19 5
2 1
6 7
8 18

Solution 304: 
11 2
14 13
18 17
19 5
5 1
6 7
8 18

Solution 305: 
11 2
14 13
18 17
19 5
5 3
6 7
8 18

Solution 306: 
13 2
14 13
18 17
19 5
5 3
6 7
8 18

Solution 307: 
13 2
14 13
18 17
19 5
5 1
6 7
8 18

Solution 308: 
13 2
14 13
18 17
19 5
3 10
6 7
8 18

Solution 309: 
11 2
14 13
18 17
19 5
3 10
6 7
8 18

Solution 310: 
11 2
14 13
18 17
19 5
3 10
8 18
9 13

Solution 311: 
11 2
14 13
18 17
19 5
3 10
4 11
8 18

Solution 312: 
11 12
14 13
18 17
19 5
3 10
4 11
8 18

Solution 313: 
11 12
14 13
18 17
19 5
3 10
8 18
9 13

Solution 314: 
13 2
14 13
18 17
19 5
3 10
8 18
9 13

Solution 315: 
12 15
13 2
14 13
18 17
19 5
3 10
9 13

Solution 316: 
13 2
14 13
18 17
19 5
3 10
8 19
9 13

Solution 317: 
12 19
13 2
14 13
18 17
19 5
3 10
9 13

Solution 318: 
11 2
12 19
14 13
18 17
19 5
3 10
9 13

Solution 319: 
11 12
12 19
14 13
18 17
19 5
3 10
9 13

Solution 320: 
11 12
12 15
14 13
18 17
19 5
3 10
9 13

Solution 321: 
11 2
12 15
14 13
18 17
19 5
3 10
9 13

Solution 322: 
11 2
14 13
18 17
19 5
3 10
8 19
9 13

Solution 323: 
11 12
14 13
18 17
19 5
3 10
8 19
9 13

Solution 324: 
11 12
15 16
18 17
19 5
3 10
8 19
9 13

Solution 325: 
11 12
15 16
17 9
19 5
3 10
8 19
9 13

Solution 326: 
11 12
14 20
17 9
19 5
3 10
8 19
9 13

Solution 327: 
11 12
15 20
17 9
19 5
3 10
8 19
9 13

Solution 328: 
13 9
15 20
17 9
19 5
3 10
8 19
9 13

Solution 329: 
13 2
15 20
17 9
19 5
3 10
8 19
9 13

Solution 330: 
11 2
15 20
17 9
19 5
3 10
8 19
9 13

Solution 331: 
11 2
14 20
17 9
19 5
3 10
8 19
9 13

Solution 332: 
13 2
14 20
17 9
19 5
3 10
8 19
9 13

Solution 333: 
13 2
15 16
17 9
19 5
3 10
8 19
9 13

Solution 334: 
11 2
15 16
17 9
19 5
3 10
8 19
9 13

Solution 335: 
13 9
15 16
17 9
19 5
3 10
8 19
9 13

Solution 336: 
13 9
14 20
17 9
19 5
3 10
8 19
9 13

Solution 337: 
13 9
15 16
18 17
19 5
3 10
8 19
9 13

Solution 338: 
13 9
15 16
18 17
20 4
3 10
8 19
9 13

Solution 339: 
13 9
14 13
18 17
20 4
3 10
8 19
9 13

Solution 340: 
13 9
14 13
17 9
20 4
3 10
8 19
9 13

Solution 341: 
13 9
15 20
17 9
20 4
3 10
8 19
9 13

Solution 342: 
13 9
14 20
17 9
20 4
3 10
8 19
9 13

Solution 343: 
13 9
15 16
17 9
20 4
3 10
8 19
9 13

Solution 344: 
13 2
15 16
17 9
20 4
3 10
8 19
9 13

Solution 345: 
11 2
15 16
17 9
20 4
3 10
8 19
9 13

Solution 346: 
11 12
15 16
17 9
20 4
3 10
8 19
9 13

Solution 347: 
11 12
14 20
17 9
20 4
3 10
8 19
9 13

Solution 348: 
11 12
15 20
17 9
20 4
3 10
8 19
9 13

Solution 349: 
11 2
15 20
17 9
20 4
3 10
8 19
9 13

Solution 350: 
13 2
15 20
17 9
20 4
3 10
8 19
9 13

Solution 351: 
13 2
14 20
17 9
20 4
3 10
8 19
9 13

Solution 352: 
11 2
14 20
17 9
20 4
3 10
8 19
9 13

Solution 353: 
11 2
14 13
17 9
20 4
3 10
8 19
9 13

Solution 354: 
13 2
14 13
17 9
20 4
3 10
8 19
9 13

Solution 355: 
11 12
14 13
17 9
20 4
3 10
8 19
9 13

Solution 356: 
11 12
14 13
18 17
20 4
3 10
8 19
9 13

Solution 357: 
11 2
14 13
18 17
20 4
3 10
8 19
9 13

Solution 358: 
13 2
14 13
18 17
20 4
3 10
8 19
9 13

Solution 359: 
11 12
15 16
18 17
20 4
3 10
8 19
9 13

Solution 360: 
11 12
12 19
15 16
18 17
20 4
3 10
9 13

Solution 361: 
11 12
12 15
15 16
18 17
20 4
3 10
9 13

Solution 362: 
11 12
15 16
18 17
20 4
3 10
8 18
9 13

Solution 363: 
11 12
15 16
18 17
19 5
3 10
8 18
9 13

Solution 364: 
11 12
12 15
15 16
18 17
19 5
3 10
9 13

Solution 365: 
11 12
12 19
15 16
18 17
19 5
3 10
9 13

Solution 366: 
11 12
12 19
14 13
18 17
20 4
3 10
9 13

Solution 367: 
11 12
12 15
14 13
18 17
20 4
3 10
9 13

Solution 368: 
11 12
14 13
18 17
20 4
3 10
8 18
9 13

Solution 369: 
11 12
14 13
17 9
20 4
3 10
8 18
9 13

Solution 370: 
11 12
12 15
14 13
17 9
20 4
3 10
9 13

Solution 371: 
11 12
12 19
14 13
17 9
20 4
3 10
9 13

Solution 372: 
11 12
12 19
14 20
17 9
20 4
3 10
9 13

Solution 373: 
11 12
12 19
15 16
17 9
20 4
3 10
9 13

Solution 374: 
11 12
12 19
15 20
17 9
20 4
3 10
9 13

Solution 375: 
11 12
15 20
17 9
20 4
3 10
8 18
9 13

Solution 376: 
11 12
15 20
17 9
20 4
3 10
9 13
9 15

Solution 377: 
11 12
12 15
15 20
17 9
20 4
3 10
9 13

Solution 378: 
11 12
12 15
15 16
17 9
20 4
3 10
9 13

Solution 379: 
11 12
12 15
14 20
17 9
20 4
3 10
9 13

Solution 380: 
11 12
14 20
17 9
20 4
3 10
8 18
9 13

Solution 381: 
11 12
14 20
17 9
20 4
3 10
9 13
9 15

Solution 382: 
11 12
15 16
17 9
20 4
3 10
9 13
9 15

Solution 383: 
11 12
15 16
17 9
20 4
3 10
8 18
9 13

Solution 384: 
11 12
15 16
17 9
19 5
3 10
8 18
9 13

Solution 385: 
11 12
15 16
17 9
19 5
3 10
9 13
9 15

Solution 386: 
11 12
12 15
15 16
17 9
19 5
3 10
9 13

Solution 387: 
11 12
12 19
15 16
17 9
19 5
3 10
9 13

Solution 388: 
11 12
12 19
14 20
17 9
19 5
3 10
9 13

Solution 389: 
11 12
12 19
15 20
17 9
19 5
3 10
9 13

Solution 390: 
11 12
12 15
15 20
17 9
19 5
3 10
9 13

Solution 391: 
11 12
15 20
17 9
19 5
3 10
8 18
9 13

Solution 392: 
11 12
15 20
17 9
19 5
3 10
9 13
9 15

Solution 393: 
11 12
14 20
17 9
19 5
3 10
9 13
9 15

Solution 394: 
11 12
12 15
14 20
17 9
19 5
3 10
9 13

Solution 395: 
11 12
14 20
17 9
19 5
3 10
8 18
9 13

Solution 396: 
11 12
14 20
17 9
19 5
3 10
4 11
8 18

Solution 397: 
11 12
14 20
17 9
20 4
3 10
4 11
8 18

Solution 398: 
11 12
14 20
17 9
20 4
3 10
4 11
9 15

Solution 399: 
11 12
14 20
17 9
19 5
3 10
4 11
9 15

Solution 400: 
11 12
15 20
17 9
19 5
3 10
4 11
9 15

Solution 401: 
11 12
15 20
17 9
20 4
3 10
4 11
9 15

Solution 402: 
11 12
15 16
17 9
20 4
3 10
4 11
9 15

Solution 403: 
11 12
15 16
17 9
19 5
3 10
4 11
9 15

Solution 404: 
11 12
15 16
17 9
19 5
3 10
4 11
8 18

Solution 405: 
11 12
15 16
17 9
20 4
3 10
4 11
8 18

Solution 406: 
11 12
15 16
18 17
20 4
3 10
4 11
8 18

Solution 407: 
11 12
15 16
18 17
19 5
3 10
4 11
8 18

Solution 408: 
11 12
14 13
18 17
20 4
3 10
4 11
8 18

Solution 409: 
11 12
14 13
17 9
20 4
3 10
4 11
8 18

Solution 410: 
11 12
15 20
17 9
20 4
3 10
4 11
8 18

Solution 411: 
11 12
15 20
17 9
19 5
3 10
4 11
8 18

Solution 412: 
11 2
15 20
17 9
19 5
3 10
8 18
9 13

Solution 413: 
13 2
15 20
17 9
19 5
3 10
8 18
9 13

Solution 414: 
13 9
15 20
17 9
19 5
3 10
8 18
9 13

Solution 415: 
13 9
15 20
17 9
20 4
3 10
8 18
9 13

Solution 416: 
13 2
15 20
17 9
20 4
3 10
8 18
9 13

Solution 417: 
11 2
15 20
17 9
20 4
3 10
8 18
9 13

Solution 418: 
11 2
14 20
17 9
20 4
3 10
8 18
9 13

Solution 419: 
13 2
14 20
17 9
20 4
3 10
8 18
9 13

Solution 420: 
13 2
15 16
17 9
20 4
3 10
8 18
9 13

Solution 421: 
11 2
15 16
17 9
20 4
3 10
8 18
9 13

Solution 422: 
11 2
15 16
17 9
19 5
3 10
8 18
9 13

Solution 423: 
13 2
15 16
17 9
19 5
3 10
8 18
9 13

Solution 424: 
13 2
14 20
17 9
19 5
3 10
8 18
9 13

Solution 425: 
11 2
14 20
17 9
19 5
3 10
8 18
9 13

Solution 426: 
13 9
14 20
17 9
19 5
3 10
8 18
9 13

Solution 427: 
13 9
15 16
17 9
19 5
3 10
8 18
9 13

Solution 428: 
13 9
15 16
17 9
20 4
3 10
8 18
9 13

Solution 429: 
13 9
14 13
17 9
20 4
3 10
8 18
9 13

Solution 430: 
13 9
14 20
17 9
20 4
3 10
8 18
9 13

Solution 431: 
13 2
14 13
17 9
20 4
3 10
8 18
9 13

Solution 432: 
11 2
14 13
17 9
20 4
3 10
8 18
9 13

Solution 433: 
11 2
14 13
17 9
20 4
3 10
6 7
8 18

Solution 434: 
11 2
14 13
17 9
20 4
3 10
4 11
8 18

Solution 435: 
13 9
14 13
17 9
20 4
3 10
4 11
8 18

Solution 436: 
13 9
14 13
17 9
20 4
3 10
6 7
8 18

Solution 437: 
13 2
14 13
17 9
20 4
3 10
6 7
8 18

Solution 438: 
13 2
14 13
18 17
20 4
3 10
6 7
8 18

Solution 439: 
13 2
14 13
18 17
20 4
3 10
8 18
9 13

Solution 440: 
13 9
14 13
18 17
20 4
3 10
8 18
9 13

Solution 441: 
11 2
14 13
18 17
20 4
3 10
8 18
9 13

Solution 442: 
11 2
14 13
18 17
20 4
3 10
4 11
8 18

Solution 443: 
13 9
14 13
18 17
20 4
3 10
4 11
8 18

Solution 444: 
13 9
14 13
18 17
20 4
3 10
6 7
8 18

Solution 445: 
11 2
14 13
18 17
20 4
3 10
6 7
8 18

Solution 446: 
13 9
15 16
18 17
20 4
3 10
8 18
9 13

Solution 447: 
13 9
15 16
18 17
19 5
3 10
8 18
9 13

Solution 448: 
12 19
13 9
15 16
18 17
19 5
3 10
9 13

Solution 449: 
12 15
13 9
15 16
18 17
19 5
3 10
9 13

Solution 450: 
12 15
13 9
15 16
17 9
19 5
3 10
9 13

Solution 451: 
12 19
13 9
15 16
17 9
19 5
3 10
9 13

Solution 452: 
13 9
15 16
17 9
19 5
3 10
9 13
9 15

Solution 453: 
13 9
15 20
17 9
19 5
3 10
9 13
9 15

Solution 454: 
13 9
14 20
17 9
19 5
3 10
9 13
9 15

Solution 455: 
12 15
13 9
14 20
17 9
19 5
3 10
9 13

Solution 456: 
12 19
13 9
14 20
17 9
19 5
3 10
9 13

Solution 457: 
12 19
13 9
15 20
17 9
19 5
3 10
9 13

Solution 458: 
12 15
13 9
15 20
17 9
19 5
3 10
9 13

Solution 459: 
12 15
13 9
15 20
17 9
20 4
3 10
9 13

Solution 460: 
12 19
13 9
15 20
17 9
20 4
3 10
9 13

Solution 461: 
13 9
15 20
17 9
20 4
3 10
9 13
9 15

Solution 462: 
13 9
15 16
17 9
20 4
3 10
9 13
9 15

Solution 463: 
13 9
14 20
17 9
20 4
3 10
9 13
9 15

Solution 464: 
12 19
13 9
14 20
17 9
20 4
3 10
9 13

Solution 465: 
12 19
13 9
14 13
17 9
20 4
3 10
9 13

Solution 466: 
12 19
13 9
15 16
17 9
20 4
3 10
9 13

Solution 467: 
12 15
13 9
15 16
17 9
20 4
3 10
9 13

Solution 468: 
12 15
13 9
14 13
17 9
20 4
3 10
9 13

Solution 469: 
12 15
13 9
14 20
17 9
20 4
3 10
9 13

Solution 470: 
12 15
13 9
15 16
18 17
20 4
3 10
9 13

Solution 471: 
12 15
13 9
14 13
18 17
20 4
3 10
9 13

Solution 472: 
12 19
13 9
14 13
18 17
20 4
3 10
9 13

Solution 473: 
12 19
13 9
15 16
18 17
20 4
3 10
9 13

Solution 474: 
11 2
12 19
15 16
17 9
20 4
3 10
9 13

Solution 475: 
11 2
12 19
15 16
17 9
19 5
3 10
9 13

Solution 476: 
12 19
13 2
15 16
17 9
19 5
3 10
9 13

Solution 477: 
12 19
13 2
15 16
17 9
20 4
3 10
9 13

Solution 478: 
13 2
15 16
17 9
20 4
3 10
9 13
9 15

Solution 479: 
12 15
13 2
15 16
17 9
20 4
3 10
9 13

Solution 480: 
12 15
13 2
15 16
17 9
19 5
3 10
9 13

Solution 481: 
13 2
15 16
17 9
19 5
3 10
9 13
9 15

Solution 482: 
11 2
15 16
17 9
19 5
3 10
9 13
9 15

Solution 483: 
11 2
12 15
15 16
17 9
19 5
3 10
9 13

Solution 484: 
11 2
12 15
15 16
17 9
20 4
3 10
9 13

Solution 485: 
11 2
15 16
17 9
20 4
3 10
9 13
9 15

Solution 486: 
11 2
15 20
17 9
20 4
3 10
9 13
9 15

Solution 487: 
11 2
14 20
17 9
20 4
3 10
9 13
9 15

Solution 488: 
11 2
14 20
17 9
19 5
3 10
9 13
9 15

Solution 489: 
11 2
15 20
17 9
19 5
3 10
9 13
9 15

Solution 490: 
13 2
15 20
17 9
19 5
3 10
9 13
9 15

Solution 491: 
13 2
14 20
17 9
19 5
3 10
9 13
9 15

Solution 492: 
13 2
14 20
17 9
20 4
3 10
9 13
9 15

Solution 493: 
13 2
15 20
17 9
20 4
3 10
9 13
9 15

Solution 494: 
12 15
13 2
15 20
17 9
20 4
3 10
9 13

Solution 495: 
12 19
13 2
15 20
17 9
20 4
3 10
9 13

Solution 496: 
12 19
13 2
14 13
17 9
20 4
3 10
9 13

Solution 497: 
12 19
13 2
14 20
17 9
20 4
3 10
9 13

Solution 498: 
12 15
13 2
14 20
17 9
20 4
3 10
9 13

Solution 499: 
12 15
13 2
14 13
17 9
20 4
3 10
9 13

Solution 500: 
12 15
13 2
14 20
17 9
19 5
3 10
9 13

Solution 501: 
12 15
13 2
15 20
17 9
19 5
3 10
9 13

Solution 502: 
12 19
13 2
15 20
17 9
19 5
3 10
9 13

Solution 503: 
12 19
13 2
14 20
17 9
19 5
3 10
9 13

Solution 504: 
11 2
12 19
14 20
17 9
19 5
3 10
9 13

Solution 505: 
11 2
12 15
14 20
17 9
19 5
3 10
9 13

Solution 506: 
11 2
12 15
14 20
17 9
20 4
3 10
9 13

Solution 507: 
11 2
12 15
14 13
17 9
20 4
3 10
9 13

Solution 508: 
11 2
12 15
15 20
17 9
20 4
3 10
9 13

Solution 509: 
11 2
12 15
15 20
17 9
19 5
3 10
9 13

Solution 510: 
11 2
12 19
15 20
17 9
19 5
3 10
9 13

Solution 511: 
11 2
12 19
15 20
17 9
20 4
3 10
9 13

Solution 512: 
11 2
12 19
14 13
17 9
20 4
3 10
9 13

Solution 513: 
11 2
12 19
14 20
17 9
20 4
3 10
9 13

Solution 514: 
11 2
12 19
14 13
18 17
20 4
3 10
9 13

Solution 515: 
12 19
13 2
14 13
18 17
20 4
3 10
9 13

Solution 516: 
12 15
13 2
14 13
18 17
20 4
3 10
9 13

Solution 517: 
11 2
12 15
14 13
18 17
20 4
3 10
9 13

Solution 518: 
11 2
14 13
18 17
2 6
20 4
4 11
8 18

Solution 519: 
11 2
14 13
18 17
2 6
20 4
6 7
8 18

Solution 520: 
11 2
14 13
18 17
20 4
5 3
6 7
8 18

Solution 521: 
11 2
14 13
18 17
2 1
20 4
6 7
8 18

Solution 522: 
11 2
14 13
18 17
20 4
5 1
6 7
8 18

Solution 523: 
13 9
14 13
18 17
20 4
5 1
6 7
8 18

Solution 524: 
13 2
14 13
18 17
20 4
5 1
6 7
8 18

Solution 525: 
13 2
14 13
18 17
2 1
20 4
6 7
8 18

Solution 526: 
13 9
14 13
18 17
2 1
20 4
6 7
8 18

Solution 527: 
13 9
14 13
18 17
2 6
20 4
6 7
8 18

Solution 528: 
13 2
14 13
18 17
2 6
20 4
6 7
8 18

Solution 529: 
13 2
14 13
18 17
20 4
5 3
6 7
8 18

Solution 530: 
13 9
14 13
18 17
20 4
5 3
6 7
8 18

Solution 531: 
13 9
14 13
18 17
2 6
20 4
4 11
8 18

Solution 532: 
11 12
14 13
18 17
2 6
20 4
4 11
8 18

Solution 533: 
13 2
14 13
17 9
20 4
5 1
6 7
8 18

Solution 534: 
13 2
14 13
17 9
2 1
20 4
6 7
8 18

Solution 535: 
11 2
14 13
17 9
2 1
20 4
6 7
8 18

Solution 536: 
13 9
14 13
17 9
2 1
20 4
6 7
8 18

Solution 537: 
13 9
14 13
17 9
20 4
5 1
6 7
8 18

Solution 538: 
11 2
14 13
17 9
20 4
5 1
6 7
8 18

Solution 539: 
11 2
14 13
17 9
20 4
5 3
6 7
8 18

Solution 540: 
13 2
14 13
17 9
20 4
5 3
6 7
8 18

Solution 541: 
13 9
14 13
17 9
20 4
5 3
6 7
8 18

Solution 542: 
11 12
15 20
17 9
2 6
20 4
4 11
8 18

Solution 543: 
11 12
15 20
17 9
19 5
2 6
4 11
8 18

Solution 544: 
11 12
14 20
17 9
19 5
2 6
4 11
8 18

Solution 545: 
11 12
15 16
17 9
19 5
2 6
4 11
8 18

Solution 546: 
11 12
15 16
17 9
2 6
20 4
4 11
8 18

Solution 547: 
11 12
14 20
17 9
2 6
20 4
4 11
8 18

Solution 548: 
11 12
15 16
18 17
2 6
20 4
4 11
8 18

Solution 549: 
11 12
15 16
18 17
19 5
2 6
4 11
8 18

Solution 550: 
11 12
15 16
17 9
19 5
2 6
4 11
9 15

Solution 551: 
11 12
15 16
17 9
2 6
20 4
4 11
9 15

Solution 552: 
11 12
14 20
17 9
2 6
20 4
4 11
9 15

Solution 553: 
11 12
15 20
17 9
2 6
20 4
4 11
9 15

Solution 554: 
11 12
15 20
17 9
19 5
2 6
4 11
9 15

Solution 555: 
11 12
14 20
17 9
19 5
2 6
4 11
9 15

Number of solutions found: 556

Changes at vertices: 
2 3 -> 2 1
New Vertex: 5 3
----------------------------------
Removal 1: 
Solution 0: 
11 12
14 13
17 9
19 5
6 7
8 18

Solution 1: 
11 12
14 13
17 9
19 5
6 7
9 15

Solution 2: 
11 12
15 20
17 9
19 5
6 7
9 15

Solution 3: 
11 12
14 20
17 9
19 5
6 7
9 15

Solution 4: 
11 12
15 16
17 9
19 5
6 7
9 15

Solution 5: 
11 12
15 16
17 9
19 5
6 7
8 18

Solution 6: 
11 12
15 20
17 9
19 5
6 7
8 18

Solution 7: 
11 12
14 20
17 9
19 5
6 7
8 18

Solution 8: 
13 2
14 13
17 9
19 5
6 7
8 18

Solution 9: 
13 9
14 13
17 9
19 5
6 7
8 18

Solution 10: 
11 2
14 13
17 9
19 5
6 7
8 18

Solution 11: 
11 2
14 13
17 9
19 5
6 7
9 15

Solution 12: 
13 2
14 13
17 9
19 5
6 7
9 15

Solution 13: 
13 9
14 13
17 9
19 5
6 7
9 15

Solution 14: 
13 9
14 13
17 9
20 4
6 7
9 15

Solution 15: 
13 9
14 13
17 9
20 4
6 7
8 18

Solution 16: 
11 12
14 13
17 9
20 4
6 7
8 18

Solution 17: 
13 2
14 13
17 9
20 4
6 7
8 18

Solution 18: 
11 2
14 13
17 9
20 4
6 7
8 18

Solution 19: 
11 2
14 13
17 9
20 4
6 7
9 15

Solution 20: 
11 12
14 13
17 9
20 4
6 7
9 15

Solution 21: 
13 2
14 13
17 9
20 4
6 7
9 15

Solution 22: 
11 12
14 20
17 9
20 4
6 7
9 15

Solution 23: 
11 12
15 20
17 9
20 4
6 7
9 15

Solution 24: 
11 12
15 16
17 9
20 4
6 7
9 15

Solution 25: 
11 12
15 16
17 9
20 4
6 7
8 18

Solution 26: 
11 12
14 20
17 9
20 4
6 7
8 18

Solution 27: 
11 12
15 20
17 9
20 4
6 7
8 18

Solution 28: 
11 12
14 13
18 17
20 4
6 7
8 18

Solution 29: 
11 12
14 13
18 17
19 5
6 7
8 18

Solution 30: 
11 2
14 13
18 17
19 5
6 7
8 18

Solution 31: 
13 9
14 13
18 17
19 5
6 7
8 18

Solution 32: 
13 9
14 13
18 17
20 4
6 7
8 18

Solution 33: 
11 2
14 13
18 17
20 4
6 7
8 18

Solution 34: 
13 2
14 13
18 17
20 4
6 7
8 18

Solution 35: 
13 2
14 13
18 17
19 5
6 7
8 18

Solution 36: 
13 2
14 13
18 17
19 5
6 7
9 15

Solution 37: 
13 2
14 13
18 17
20 4
6 7
9 15

Solution 38: 
11 12
14 13
18 17
20 4
6 7
9 15

Solution 39: 
11 2
14 13
18 17
20 4
6 7
9 15

Solution 40: 
13 9
14 13
18 17
20 4
6 7
9 15

Solution 41: 
13 9
14 13
18 17
19 5
6 7
9 15

Solution 42: 
11 2
14 13
18 17
19 5
6 7
9 15

Solution 43: 
11 12
14 13
18 17
19 5
6 7
9 15

Solution 44: 
11 12
15 16
18 17
19 5
6 7
9 15

Solution 45: 
11 12
15 16
18 17
20 4
6 7
9 15

Solution 46: 
11 12
15 16
18 17
20 4
6 7
8 18

Solution 47: 
11 12
15 16
18 17
19 5
6 7
8 18

Number of solutions found: 48

Changes at vertices: 
New Vertex: 2 6
6 6 -> 6 3
----------------------------------
Removal 2: 
Solution 0: 
11 12
14 13
17 9
19 5
6 7
8 18

Solution 1: 
11 12
14 13
17 9
19 5
6 7
9 15

Solution 2: 
11 12
14 20
17 9
19 5
6 7
9 15

Solution 3: 
11 12
15 20
17 9
19 5
6 7
9 15

Solution 4: 
11 12
15 16
17 9
19 5
6 7
9 15

Solution 5: 
11 12
15 16
17 9
19 5
6 7
8 18

Solution 6: 
11 12
14 20
17 9
19 5
6 7
8 18

Solution 7: 
11 12
15 20
17 9
19 5
6 7
8 18

Solution 8: 
11 12
15 20
17 9
20 4
6 7
8 18

Solution 9: 
11 12
15 16
17 9
20 4
6 7
8 18

Solution 10: 
11 12
14 20
17 9
20 4
6 7
8 18

Solution 11: 
11 12
14 13
17 9
20 4
6 7
8 18

Solution 12: 
11 12
14 13
17 9
20 4
6 7
9 15

Solution 13: 
11 12
15 16
17 9
20 4
6 7
9 15

Solution 14: 
11 12
14 20
17 9
20 4
6 7
9 15

Solution 15: 
11 12
15 20
17 9
20 4
6 7
9 15

Solution 16: 
11 2
14 13
17 9
20 4
6 7
9 15

Solution 17: 
13 2
14 13
17 9
20 4
6 7
9 15

Solution 18: 
13 9
14 13
17 9
20 4
6 7
9 15

Solution 19: 
13 9
14 13
17 9
19 5
6 7
9 15

Solution 20: 
13 2
14 13
17 9
19 5
6 7
9 15

Solution 21: 
11 2
14 13
17 9
19 5
6 7
9 15

Solution 22: 
11 2
14 13
17 9
19 5
6 7
8 18

Solution 23: 
11 2
14 13
17 9
20 4
6 7
8 18

Solution 24: 
13 2
14 13
17 9
20 4
6 7
8 18

Solution 25: 
13 9
14 13
17 9
20 4
6 7
8 18

Solution 26: 
13 9
14 13
17 9
19 5
6 7
8 18

Solution 27: 
13 2
14 13
17 9
19 5
6 7
8 18

Solution 28: 
13 2
14 13
18 17
19 5
6 7
8 18

Solution 29: 
11 2
14 13
18 17
19 5
6 7
8 18

Solution 30: 
11 12
14 13
18 17
19 5
6 7
8 18

Solution 31: 
11 12
15 16
18 17
19 5
6 7
8 18

Solution 32: 
13 9
14 13
18 17
19 5
6 7
8 18

Solution 33: 
13 9
14 13
18 17
19 5
6 7
9 15

Solution 34: 
13 2
14 13
18 17
19 5
6 7
9 15

Solution 35: 
11 2
14 13
18 17
19 5
6 7
9 15

Solution 36: 
11 12
14 13
18 17
19 5
6 7
9 15

Solution 37: 
11 12
15 16
18 17
19 5
6 7
9 15

Solution 38: 
11 12
15 16
18 17
20 4
6 7
9 15

Solution 39: 
11 12
15 16
18 17
20 4
6 7
8 18

Solution 40: 
11 12
14 13
18 17
20 4
6 7
8 18

Solution 41: 
11 12
14 13
18 17
20 4
6 7
9 15

Solution 42: 
13 2
14 13
18 17
20 4
6 7
9 15

Solution 43: 
11 2
14 13
18 17
20 4
6 7
9 15

Solution 44: 
13 9
14 13
18 17
20 4
6 7
9 15

Solution 45: 
13 9
14 13
18 17
20 4
6 7
8 18

Solution 46: 
11 2
14 13
18 17
20 4
6 7
8 18

Solution 47: 
13 2
14 13
18 17
20 4
6 7
8 18

Number of solutions found: 48

Changes at vertices: 
11 9 -> 11 2
New Vertex: 13 9
----------------------------------
Removal 3: 
Solution 0: 
14 13
17 9
19 5
6 7
8 18

Solution 1: 
14 13
17 9
19 5
6 7
9 15

Solution 2: 
14 13
17 9
20 4
6 7
9 15

Solution 3: 
14 13
17 9
20 4
6 7
8 18

Solution 4: 
14 13
18 17
20 4
6 7
8 18

Solution 5: 
14 13
18 17
19 5
6 7
8 18

Solution 6: 
14 13
18 17
19 5
6 7
9 15

Solution 7: 
14 13
18 17
20 4
6 7
9 15

Number of solutions found: 8

Changes at vertices: 
20 5 -> 20 8
New Vertex: 19 5
----------------------------------
Removal 4: 
Solution 0: 
14 13
17 4
17 9
6 7
8 18

Solution 1: 
14 13
17 4
17 9
6 7
9 15

Solution 2: 
14 13
17 9
20 4
6 7
9 15

Solution 3: 
14 13
17 9
18 5
6 7
9 15

Solution 4: 
14 13
17 9
20 5
6 7
9 15

Solution 5: 
14 13
17 9
20 5
6 7
8 18

Solution 6: 
14 13
17 9
20 4
6 7
8 18

Solution 7: 
14 13
17 9
18 5
6 7
8 18

Solution 8: 
14 13
16 16
18 5
6 7
8 18

Solution 9: 
14 13
16 17
18 5
6 7
8 18

Solution 10: 
14 13
18 17
18 5
6 7
8 18

Solution 11: 
14 13
17 4
18 17
6 7
8 18

Solution 12: 
14 13
18 17
20 5
6 7
8 18

Solution 13: 
14 13
18 17
20 4
6 7
8 18

Solution 14: 
14 13
16 17
17 4
6 7
8 18

Solution 15: 
14 13
16 16
17 4
6 7
8 18

Solution 16: 
14 13
16 16
17 4
6 7
9 15

Solution 17: 
14 13
16 16
18 5
6 7
9 15

Solution 18: 
14 13
16 17
18 5
6 7
9 15

Solution 19: 
14 13
18 17
18 5
6 7
9 15

Solution 20: 
14 13
18 17
20 4
6 7
9 15

Solution 21: 
14 13
18 17
20 5
6 7
9 15

Solution 22: 
14 13
17 4
18 17
6 7
9 15

Solution 23: 
14 13
16 17
17 4
6 7
9 15

Number of solutions found: 24

Changes at vertices: 
17 5 -> 17 4
Change visibility: 18 5
----------------------------------
Removal 5: 
Solution 0: 
14 13
17 9
6 7
8 18

Solution 1: 
14 13
17 9
6 7
9 15

Solution 2: 
14 13
18 17
6 7
9 15

Solution 3: 
14 13
18 17
6 7
8 18

Number of solutions found: 4

Changes at vertices: 
New Vertex: 17 9
18 9 -> 18 5
----------------------------------
Removal 6: 
Solution 0: 
14 13
18 9
6 7
8 18

Solution 1: 
14 13
18 9
6 7
9 15

Solution 2: 
14 13
18 17
6 7
9 15

Solution 3: 
14 13
16 16
6 7
9 15

Solution 4: 
14 13
16 17
6 7
9 15

Solution 5: 
14 13
16 17
6 7
8 18

Solution 6: 
14 13
18 17
6 7
8 18

Solution 7: 
14 13
16 16
6 7
8 18

Number of solutions found: 8

Changes at vertices: 
New Vertex: 11 12
18 12 -> 18 9
----------------------------------
Removal 7: 
Solution 0: 
14 13
18 12
6 7
8 18

Solution 1: 
14 13
18 12
6 7
9 15

Solution 2: 
14 13
16 17
6 7
9 15

Solution 3: 
14 13
18 17
6 7
9 15

Solution 4: 
14 13
16 16
6 7
9 15

Solution 5: 
14 13
16 16
6 7
8 18

Solution 6: 
14 13
18 17
6 7
8 18

Solution 7: 
14 13
16 17
6 7
8 18

Solution 8: 
14 20
18 12
6 7
8 18

Solution 9: 
15 20
18 12
6 7
8 18

Solution 10: 
15 20
18 12
6 7
9 15

Solution 11: 
14 20
18 12
6 7
9 15

Solution 12: 
15 16
18 12
6 7
9 15

Solution 13: 
15 16
18 12
6 7
8 18

Number of solutions found: 14

Changes at vertices: 
18 16 -> 18 17
New Vertex: 16 16
----------------------------------
Removal 8: 
Solution 0: 
14 13
6 7
8 18

Solution 1: 
14 13
6 7
9 15

Number of solutions found: 2

Changes at vertices: 
New Vertex: 15 16
14 16 -> 14 20
----------------------------------
Removal 9: 
Solution 0: 
14 13
6 7
8 18

Solution 1: 
18 12
6 7
8 18

Solution 2: 
18 12
6 7
9 15

Solution 3: 
14 13
6 7
9 15

Number of solutions found: 4

Changes at vertices: 
18 13 -> 18 16
New Vertex: 14 13
----------------------------------
Removal 10: 
Solution 0: 
3 10
8 18
9 13

Solution 1: 
6 6
8 18
9 13

Solution 2: 
6 7
8 18
9 13

Solution 3: 
10 12
6 7
8 18

Solution 4: 
18 12
6 7
8 18

Solution 5: 
18 13
6 7
8 18

Solution 6: 
18 13
6 7
9 15

Solution 7: 
18 12
6 7
9 15

Solution 8: 
10 12
6 7
9 15

Solution 9: 
6 7
9 13
9 15

Solution 10: 
12 15
6 7
9 13

Solution 11: 
12 19
6 7
9 13

Solution 12: 
6 7
8 19
9 13

Solution 13: 
3 10
8 19
9 13

Solution 14: 
6 6
8 19
9 13

Solution 15: 
12 15
6 6
9 13

Solution 16: 
12 19
6 6
9 13

Solution 17: 
6 6
9 13
9 15

Solution 18: 
3 10
9 13
9 15

Solution 19: 
12 15
3 10
9 13

Solution 20: 
12 19
3 10
9 13

Number of solutions found: 21

Changes at vertices: 
12 18 -> 12 19
New Vertex: 8 18
----------------------------------
Removal 11: 
Solution 0: 
3 10
7 18
9 13

Solution 1: 
6 6
7 18
9 13

Solution 2: 
6 7
7 18
9 13

Solution 3: 
10 12
6 7
7 18

Solution 4: 
18 12
6 7
7 18

Solution 5: 
18 13
6 7
7 18

Solution 6: 
18 13
6 7
9 15

Solution 7: 
18 12
6 7
9 15

Solution 8: 
10 12
6 7
9 15

Solution 9: 
6 7
9 13
9 15

Solution 10: 
12 15
6 7
9 13

Solution 11: 
12 18
6 7
9 13

Solution 12: 
12 18
3 10
9 13

Solution 13: 
12 18
6 6
9 13

Solution 14: 
12 15
6 6
9 13

Solution 15: 
6 6
9 13
9 15

Solution 16: 
3 10
9 13
9 15

Solution 17: 
12 15
3 10
9 13

Number of solutions found: 18

Changes at vertices: 
Change visibility: 9 15
7 15 -> 7 18
----------------------------------
Removal 12: 
Solution 0: 
3 10
9 13

Solution 1: 
6 6
9 13

Solution 2: 
6 7
9 13

Number of solutions found: 3

Changes at vertices: 
9 14 -> 9 15
New Vertex: 7 14
----------------------------------
Removal 13: 
Solution 0: 
3 10
9 13

Solution 1: 
6 6
9 13

Solution 2: 
6 7
9 13

Solution 3: 
10 12
6 7

Solution 4: 
18 13
6 7

Solution 5: 
18 12
6 7

Number of solutions found: 6

Changes at vertices: 
New Vertex: 9 13
4 13 -> 4 14
----------------------------------
Removal 14: 
Solution 0: 
3 10
4 13

Solution 1: 
4 13
6 6

Solution 2: 
4 13
6 7

Solution 3: 
10 12
6 7

Solution 4: 
18 12
6 7

Solution 5: 
18 13
6 7

Solution 6: 
10 12
3 10

Solution 7: 
10 12
6 6

Number of solutions found: 8

Changes at vertices: 
Change visibility: 10 12
4 12 -> 4 13
----------------------------------
Removal 15: 
Solution 0: 
6 7

Number of solutions found: 1

Changes at vertices: 
10 11 -> 10 12
New Vertex: 4 11
----------------------------------
Removal 16: 
Solution 0: 
6 7

Solution 1: 
3 10

Number of solutions found: 2

Changes at vertices: 
10 10 -> 10 11
New Vertex: 3 10
----------------------------------
Removal 17: 
Solution 0: 
6 7

Solution 1: 
1 10

Number of solutions found: 2

Changes at vertices: 
Change visibility: 6 7
1 7 -> 1 10
----------------------------------
Removal 18: 
Solution 0: 
1 7

Solution 1: 
6 6

Solution 2: 
6 7

Solution 3: 
1 6

Number of solutions found: 4

