292
163 1
163 2
164 2
164 7
165 7
165 9
156 9
156 18
166 18
166 26
167 26
167 50
171 50
171 54
148 54
148 105
144 105
144 103
48 103
48 102
94 102
94 99
143 99
143 98
93 98
93 101
52 101
52 96
127 96
127 94
106 94
106 61
107 61
107 46
105 46
105 93
102 93
102 92
80 92
80 91
73 91
73 90
96 90
96 89
83 89
83 87
62 87
62 64
3 64
3 72
1 72
1 88
2 88
2 126
4 126
4 123
10 123
10 124
23 124
23 83
21 83
21 74
18 74
18 108
12 108
12 73
17 73
17 65
59 65
59 82
58 82
58 69
57 69
57 81
50 81
50 100
47 100
47 77
46 77
46 115
86 115
86 116
97 116
97 113
85 113
85 109
103 109
103 104
110 104
110 106
104 106
104 110
132 110
132 111
139 111
139 117
151 117
151 119
160 119
160 118
152 118
152 114
149 114
149 67
150 67
150 78
162 78
162 79
176 79
176 86
179 86
179 97
181 97
181 85
191 85
191 95
187 95
187 131
186 131
186 143
185 143
185 152
180 152
180 128
184 128
184 125
173 125
173 130
175 130
175 129
177 129
177 136
168 136
168 135
158 135
158 132
154 132
154 133
133 133
133 134
124 134
124 140
112 140
112 155
111 155
111 180
91 180
91 182
90 182
90 185
82 185
82 186
75 186
75 172
68 172
68 177
60 177
60 163
65 163
65 160
39 160
39 156
28 156
28 149
70 149
70 145
56 145
56 142
53 142
53 139
8 139
8 141
15 141
15 146
19 146
19 151
20 151
20 144
25 144
25 153
6 153
6 169
7 169
7 194
9 194
9 195
11 195
11 164
24 164
24 165
27 165
27 176
26 176
26 189
30 189
30 159
36 159
36 162
55 162
55 183
49 183
49 170
44 170
44 197
51 197
51 187
89 187
89 198
92 198
92 190
101 190
101 196
108 196
108 200
114 200
114 191
113 191
113 158
120 158
120 166
134 166
134 168
118 168
118 178
119 178
119 193
122 193
122 171
130 171
130 199
138 199
138 173
145 173
145 192
146 192
146 167
141 167
141 157
126 157
126 150
153 150
153 148
128 148
128 147
137 147
137 138
155 138
155 137
178 137
178 154
188 154
188 174
174 174
174 184
182 184
182 188
183 188
183 181
195 181
195 179
190 179
190 175
189 175
189 127
197 127
197 161
199 161
199 122
193 122
193 121
200 121
200 107
198 107
198 84
194 84
194 112
196 112
196 120
192 120
192 75
161 75
161 68
159 68
159 66
157 66
157 57
172 57
172 45
170 45
170 20
169 20
169 1
