150
148 66
148 105
144 105
144 103
48 103
48 102
94 102
94 101
52 101
52 96
127 96
127 94
106 94
106 93
102 93
102 92
80 92
80 91
73 91
73 90
96 90
96 89
83 89
83 87
62 87
62 64
3 64
3 72
1 72
1 88
2 88
2 126
4 126
4 123
10 123
10 124
23 124
23 83
21 83
21 74
18 74
18 108
12 108
12 73
17 73
17 65
59 65
59 82
58 82
58 69
57 69
57 81
50 81
50 100
47 100
47 77
46 77
46 115
86 115
86 116
97 116
97 113
85 113
85 109
103 109
103 104
110 104
110 106
104 106
104 110
132 110
132 111
139 111
139 117
151 117
151 119
160 119
160 118
152 118
152 114
149 114
149 67
150 67
150 78
162 78
162 79
176 79
176 86
179 86
179 97
181 97
181 85
191 85
191 95
187 95
187 131
186 131
186 143
185 143
185 152
180 152
180 136
168 136
168 135
158 135
158 132
154 132
154 133
133 133
133 134
124 134
124 140
112 140
112 155
111 155
111 180
91 180
91 182
90 182
90 185
113 185
113 158
141 158
141 157
126 157
126 150
153 150
153 148
128 148
128 147
137 147
137 138
155 138
155 137
178 137
178 154
189 154
189 127
199 127
199 122
193 122
193 121
200 121
200 120
192 120
192 75
161 75
161 68
159 68
159 66
