126
119 36
119 45
120 45
120 63
123 63
123 117
116 117
116 132
100 132
100 115
96 115
96 114
91 114
91 108
105 108
105 100
80 100
80 110
83 110
83 120
40 120
40 122
44 122
44 129
31 129
31 128
19 128
19 121
6 121
6 79
8 79
8 61
39 61
39 58
23 58
23 57
17 57
17 56
13 56
13 44
1 44
1 81
5 81
5 109
4 109
4 138
9 138
9 146
20 146
20 145
11 145
11 143
32 143
32 139
33 139
33 140
34 140
34 150
69 150
69 148
51 148
51 147
52 147
52 142
47 142
47 135
29 135
29 141
26 141
26 131
7 131
7 126
18 126
18 130
78 130
78 125
71 125
71 127
55 127
55 123
85 123
85 119
87 119
87 116
88 116
88 106
89 106
89 113
90 113
90 118
97 118
97 124
93 124
93 137
103 137
103 144
111 144
111 149
113 149
113 136
95 136
95 134
121 134
121 133
126 133
126 93
124 93
124 84
125 84
125 37
129 37
129 53
130 53
130 50
132 50
132 48
133 48
133 54
139 54
139 52
148 52
148 47
138 47
138 38
143 38
143 36
