392
70 1
70 3
67 3
67 86
64 86
64 98
66 98
66 116
68 116
68 117
65 117
65 136
72 136
72 37
74 37
74 14
79 14
79 34
75 34
75 131
77 131
77 156
82 156
82 166
88 166
88 185
63 185
63 176
32 176
32 141
37 141
37 146
48 146
48 174
61 174
61 171
49 171
49 160
56 160
56 144
51 144
51 154
50 154
50 138
28 138
28 129
33 129
33 123
45 123
45 118
23 118
23 148
20 148
20 115
22 115
22 112
38 112
38 113
41 113
41 110
53 110
53 106
55 106
55 69
54 69
54 59
47 59
47 29
58 29
58 23
40 23
40 78
34 78
34 101
35 101
35 90
36 90
36 97
39 97
39 88
42 88
42 28
46 28
46 44
44 44
44 57
43 57
43 67
52 67
52 107
17 107
17 104
8 104
8 122
9 122
9 140
7 140
7 128
2 128
2 114
1 114
1 139
4 139
4 151
5 151
5 162
3 162
3 169
10 169
10 178
11 178
11 119
12 119
12 111
18 111
18 155
16 155
16 184
19 184
19 170
21 170
21 165
24 165
24 181
25 181
25 126
26 126
26 134
27 134
27 149
30 149
30 158
31 158
31 168
29 168
29 179
57 179
57 180
59 180
59 187
60 187
60 182
62 182
62 199
73 199
73 195
69 195
69 188
76 188
76 198
119 198
119 200
122 200
122 196
130 196
130 193
161 193
161 192
134 192
134 189
131 189
131 190
114 190
114 183
108 183
108 191
124 191
124 194
85 194
85 197
81 197
81 186
97 186
97 175
91 175
91 150
78 150
78 109
80 109
80 19
83 19
83 73
84 73
84 9
71 9
71 6
86 6
86 92
92 92
92 61
89 61
89 35
93 35
93 89
100 89
100 105
102 105
102 102
110 102
110 103
121 103
121 95
116 95
116 99
104 99
104 94
101 94
101 87
132 87
132 93
133 93
133 74
139 74
139 72
129 72
129 71
136 71
136 64
147 64
147 70
149 70
149 51
163 51
163 39
162 39
162 33
172 33
172 68
174 68
174 100
173 100
173 77
164 77
164 82
166 82
166 125
154 125
154 121
155 121
155 76
153 76
153 130
152 130
152 83
144 83
144 96
150 96
150 132
158 132
158 127
167 127
167 143
165 143
165 152
135 152
135 153
141 153
141 157
137 157
137 164
196 164
196 172
197 172
197 167
198 167
198 173
199 173
199 177
200 177
200 163
181 163
181 161
157 161
157 159
169 159
169 108
168 108
168 85
171 85
171 120
170 120
170 145
177 145
177 147
190 147
190 142
195 142
195 137
187 137
187 135
186 135
186 133
175 133
175 32
176 32
176 30
156 30
156 21
180 21
180 24
178 24
178 27
179 27
179 36
182 36
182 42
183 42
183 47
184 47
184 65
192 65
192 63
188 63
188 22
189 22
189 55
191 55
191 46
193 46
193 81
194 81
194 18
151 18
151 38
148 38
148 25
140 25
140 48
142 48
142 49
143 49
143 41
160 41
160 50
138 50
138 56
145 56
145 60
125 60
125 66
123 66
123 53
120 53
120 75
112 75
112 79
109 79
109 45
111 45
111 43
107 43
107 62
105 62
105 80
99 80
99 84
98 84
98 54
94 54
94 31
95 31
95 40
103 40
103 26
96 26
96 20
90 20
90 16
87 16
87 8
106 8
106 7
113 7
113 10
115 10
115 17
185 17
185 12
159 12
159 15
117 15
117 13
146 13
146 11
127 11
127 5
128 5
128 4
126 4
126 2
118 2
118 1
