176
67 5
67 14
79 14
79 34
75 34
75 131
77 131
77 156
82 156
82 166
88 166
88 185
63 185
63 176
32 176
32 141
50 141
50 138
28 138
28 129
33 129
33 123
23 123
23 148
20 148
20 115
22 115
22 112
41 112
41 110
8 110
8 122
9 122
9 140
7 140
7 128
2 128
2 114
1 114
1 139
4 139
4 151
5 151
5 162
3 162
3 169
10 169
10 178
11 178
11 119
12 119
12 111
18 111
18 155
16 155
16 184
19 184
19 170
21 170
21 165
24 165
24 181
25 181
25 126
26 126
26 134
27 134
27 149
30 149
30 158
31 158
31 168
29 168
29 179
57 179
57 180
59 180
59 187
60 187
60 182
62 182
62 199
73 199
73 195
69 195
69 188
76 188
76 198
119 198
119 200
122 200
122 196
130 196
130 193
161 193
161 192
134 192
134 189
131 189
131 190
114 190
114 183
108 183
108 191
124 191
124 194
85 194
85 197
81 197
81 186
97 186
97 175
91 175
91 150
78 150
78 109
80 109
80 19
83 19
83 73
84 73
84 9
71 9
71 6
86 6
86 92
92 92
92 61
89 61
89 35
93 35
93 89
100 89
100 105
102 105
102 102
110 102
110 103
121 103
121 95
116 95
116 99
104 99
104 94
101 94
101 87
132 87
132 93
133 93
133 74
139 74
139 72
120 72
120 75
112 75
112 79
105 79
105 80
99 80
99 84
98 84
98 54
94 54
94 31
103 31
103 26
96 26
96 20
90 20
90 16
87 16
87 8
106 8
106 7
127 7
127 5
