774
820 407
820 412
780 412
780 422
731 422
731 442
729 442
729 454
762 454
762 473
783 473
783 499
730 499
730 547
775 547
775 650
844 650
844 651
808 651
808 703
821 703
821 687
809 687
809 652
810 652
810 653
840 653
840 663
876 663
876 691
899 691
899 713
896 713
896 717
697 717
697 793
700 793
700 844
699 844
699 930
701 930
701 766
702 766
702 1017
657 1017
657 1047
708 1047
708 1019
710 1019
710 1015
748 1015
748 1042
738 1042
738 1062
752 1062
752 1016
754 1016
754 1024
791 1024
791 1100
834 1100
834 1131
831 1131
831 1132
771 1132
771 1090
764 1090
764 1085
728 1085
728 1075
571 1075
571 1087
22 1087
22 1109
570 1109
570 1111
283 1111
283 1114
253 1114
253 1126
18 1126
18 1135
16 1135
16 1138
12 1138
12 1134
7 1134
7 1139
3 1139
3 1140
24 1140
24 1142
1 1142
1 1150
4 1150
4 1195
2 1195
2 1223
14 1223
14 1235
9 1235
9 1229
8 1229
8 1237
13 1237
13 1249
25 1249
25 1248
21 1248
21 1243
17 1243
17 1241
15 1241
15 1206
11 1206
11 1205
10 1205
10 1165
27 1165
27 1239
126 1239
126 1238
300 1238
300 1233
188 1233
188 1236
144 1236
144 1232
222 1232
222 1227
94 1227
94 1234
35 1234
35 1228
32 1228
32 1160
6 1160
6 1155
5 1155
5 1144
28 1144
28 1143
67 1143
67 1213
193 1213
193 1217
428 1217
428 1216
484 1216
484 1215
440 1215
440 1200
430 1200
430 1197
444 1197
444 1214
478 1214
478 1202
450 1202
450 1184
514 1184
514 1194
492 1194
492 1189
456 1189
456 1199
620 1199
620 1207
633 1207
633 1190
619 1190
619 1183
667 1183
667 1218
555 1218
555 1225
574 1225
574 1221
557 1221
557 1220
601 1220
601 1219
712 1219
712 1179
677 1179
677 1181
610 1181
610 1196
554 1196
554 1176
397 1176
397 1174
481 1174
481 1173
590 1173
590 1171
617 1171
617 1169
551 1169
551 1166
726 1166
726 1161
715 1161
715 1163
560 1163
560 1162
485 1162
485 1168
445 1168
445 1164
382 1164
382 1167
406 1167
406 1172
381 1172
381 1178
380 1178
380 1175
279 1175
279 1180
302 1180
302 1182
337 1182
337 1185
277 1185
277 1186
371 1186
371 1187
331 1187
331 1193
357 1193
357 1198
389 1198
389 1188
412 1188
412 1208
421 1208
421 1211
226 1211
226 1209
84 1209
84 1210
74 1210
74 1152
86 1152
86 1149
71 1149
71 1145
83 1145
83 1141
30 1141
30 1136
19 1136
19 1127
398 1127
398 1125
419 1125
419 1124
435 1124
435 1115
341 1115
341 1113
443 1113
443 1117
509 1117
509 1123
563 1123
563 1118
670 1118
670 1093
636 1093
636 1101
637 1101
637 1112
616 1112
616 1110
609 1110
609 1108
242 1108
242 1107
289 1107
289 1106
502 1106
502 1104
386 1104
386 1095
66 1095
66 1094
26 1094
26 1099
240 1099
240 1098
374 1098
374 1102
49 1102
49 1103
233 1103
233 1105
23 1105
23 1089
643 1089
643 1084
635 1084
635 1076
725 1076
725 1091
759 1091
759 1128
723 1128
723 1129
672 1129
672 1130
679 1130
679 1133
850 1133
850 1097
793 1097
793 1027
826 1027
826 1039
833 1039
833 1054
886 1054
886 1038
890 1038
890 1065
908 1065
908 1037
836 1037
836 1029
871 1029
871 1030
921 1030
921 1040
925 1040
925 919
923 919
923 848
916 848
916 828
914 828
914 928
919 928
919 959
910 959
910 808
909 808
909 947
907 947
907 986
917 986
917 1010
906 1010
906 980
903 980
903 784
881 784
881 807
882 807
882 788
893 788
893 812
897 812
897 877
901 877
901 891
898 891
898 1009
867 1009
867 1004
891 1004
891 978
865 978
865 976
885 976
885 922
873 922
873 851
843 851
843 852
838 852
838 873
839 873
839 906
863 906
863 934
859 934
859 950
860 950
860 987
851 987
851 1000
875 1000
875 1001
857 1001
857 1025
832 1025
832 999
822 999
822 993
811 993
811 1003
828 1003
828 1026
806 1026
806 1021
770 1021
770 1014
743 1014
743 1013
711 1013
711 962
706 962
706 821
705 821
705 1046
703 1046
703 736
773 736
773 735
741 735
741 729
772 729
772 728
735 728
735 719
918 719
918 718
911 718
911 679
877 679
877 649
779 649
779 559
837 559
837 569
800 569
800 635
801 635
801 583
807 583
807 581
814 581
814 578
874 578
874 570
929 570
929 586
935 586
935 588
938 588
938 640
930 640
930 646
933 646
933 658
937 658
937 827
936 827
936 1066
932 1066
932 1071
944 1071
944 997
1021 997
1021 1043
1005 1043
1005 1031
1001 1031
1001 1068
1025 1068
1025 1053
1026 1053
1026 1060
1028 1060
1028 935
1019 935
1019 847
1017 847
1017 835
1012 835
1012 834
998 834
998 973
1004 973
1004 876
1016 876
1016 954
1018 954
1018 990
979 990
979 983
976 983
976 982
942 982
942 1048
939 1048
939 759
945 759
945 926
951 926
951 661
954 661
954 660
950 660
950 695
943 695
943 645
956 645
956 712
958 712
958 858
974 858
974 702
981 702
981 689
988 689
988 710
977 710
977 751
975 751
975 794
978 794
978 731
1035 731
1035 754
1042 754
1042 778
1050 778
1050 733
1061 733
1061 684
1051 684
1051 720
1045 720
1045 727
1002 727
1002 704
1032 704
1032 671
1034 671
1034 670
1041 670
1041 662
1027 662
1027 680
1023 680
1023 678
1006 678
1006 608
1011 608
1011 589
1003 589
1003 669
999 669
999 540
996 540
996 514
995 514
995 462
989 462
989 461
986 461
986 455
1000 455
1000 449
957 449
957 423
1020 423
1020 424
1038 424
1038 417
1015 417
1015 421
952 421
952 429
940 429
940 444
949 444
949 459
982 459
982 464
955 464
955 490
960 490
960 488
992 488
992 531
993 531
993 528
994 528
994 674
991 674
991 685
990 685
990 657
972 657
972 787
971 787
971 739
969 739
969 760
964 760
964 781
966 781
966 843
959 843
959 664
961 664
961 599
953 599
953 567
922 567
922 564
879 564
879 563
880 563
880 549
861 549
861 548
856 548
856 550
846 550
846 568
845 568
845 544
734 544
734 511
739 511
739 500
744 500
744 502
854 502
854 507
894 507
894 498
915 498
915 458
902 458
902 451
888 451
888 468
904 468
904 493
816 493
816 495
812 495
812 491
796 491
796 494
790 494
790 483
784 483
784 446
799 446
799 469
815 469
815 465
819 465
819 463
817 463
817 439
757 439
757 428
763 428
763 425
803 425
803 413
849 413
849 414
864 414
864 408
913 408
913 409
1236 409
1236 416
1191 416
1191 543
1190 543
1190 642
1185 642
1185 626
1184 626
1184 644
1198 644
1198 683
1188 683
1188 743
1195 743
1195 775
1199 775
1199 734
1217 734
1217 816
1225 816
1225 783
1232 783
1232 791
1233 791
1233 970
1228 970
1228 885
1220 885
1220 871
1202 871
1202 868
1183 868
1183 853
1169 853
1169 936
1168 936
1168 940
1167 940
1167 830
1138 830
1138 850
1145 850
1145 841
1159 841
1159 956
1156 956
1156 952
1154 952
1154 951
1153 951
1153 957
1160 957
1160 1034
1152 1034
1152 1061
1163 1061
1163 992
1166 992
1166 989
1170 989
1170 862
1180 862
1180 872
1187 872
1187 874
1172 874
1172 910
1192 910
1192 915
1211 915
1211 924
1221 924
1221 937
1201 937
1201 945
1203 945
1203 971
1212 971
1212 967
1227 967
1227 1033
1235 1033
1235 920
1234 920
1234 724
1210 724
1210 723
1207 723
1207 698
1200 698
1200 555
1194 555
1194 509
1193 509
1193 426
1250 426
1250 419
1241 419
1241 407
