108
1 1142
1 1150
4 1150
4 1195
2 1195
2 1223
14 1223
14 1235
9 1235
9 1229
8 1229
8 1237
13 1237
13 1249
25 1249
25 1248
21 1248
21 1243
17 1243
17 1241
15 1241
15 1206
11 1206
11 1205
10 1205
10 1165
27 1165
27 1239
126 1239
126 1238
300 1238
300 1233
188 1233
188 1236
144 1236
144 1232
222 1232
222 1227
94 1227
94 1234
35 1234
35 1228
32 1228
32 1160
6 1160
6 1155
5 1155
5 1144
28 1144
28 1143
67 1143
67 1213
193 1213
193 1217
428 1217
428 1216
484 1216
484 1215
440 1215
440 1200
430 1200
430 1197
444 1197
444 1214
478 1214
478 1202
450 1202
450 1184
514 1184
514 1194
492 1194
492 1189
456 1189
456 1199
620 1199
620 1207
633 1207
633 1190
610 1190
610 1196
554 1196
554 1182
337 1182
337 1185
277 1185
277 1186
371 1186
371 1187
331 1187
331 1193
357 1193
357 1198
389 1198
389 1188
412 1188
412 1208
421 1208
421 1211
226 1211
226 1210
74 1210
74 1152
86 1152
86 1149
71 1149
71 1145
83 1145
83 1142
