186
10 5
10 2
1 2
1 3
6 3
6 4
2 4
2 27
3 27
3 20
4 20
4 6
12 6
12 7
5 7
5 8
9 8
9 24
16 24
16 25
15 25
15 31
14 31
14 29
7 29
7 34
19 34
19 35
8 35
8 38
40 38
40 42
47 42
47 43
54 43
54 44
60 44
60 32
59 32
59 36
48 36
48 37
20 37
20 21
24 21
24 22
23 22
23 28
26 28
26 30
34 30
34 26
28 26
28 19
31 19
31 15
65 15
65 16
58 16
58 18
87 18
87 40
86 40
86 41
88 41
88 55
72 55
72 45
68 45
68 46
66 46
66 85
64 85
64 51
63 51
63 72
56 72
56 73
62 73
62 76
55 76
55 71
53 71
53 56
52 56
52 64
51 64
51 66
49 66
49 74
50 74
50 77
35 77
35 67
38 67
38 54
41 54
41 63
42 63
42 50
45 50
45 49
27 49
27 48
43 48
43 47
25 47
25 52
30 52
30 53
32 53
32 69
33 69
33 88
37 88
37 93
44 93
44 99
57 99
57 95
46 95
46 87
36 87
36 78
61 78
61 89
70 89
70 82
71 82
71 98
82 98
82 100
85 100
85 97
94 97
94 92
95 92
95 96
100 96
100 61
99 61
99 75
98 75
98 91
93 91
93 94
81 94
81 90
76 90
76 86
80 86
80 84
73 84
73 83
75 83
75 81
74 81
74 80
69 80
69 68
77 68
77 79
78 79
78 62
67 62
67 59
83 59
83 60
91 60
91 58
79 58
79 57
96 57
96 39
97 39
97 33
90 33
90 14
13 14
13 17
17 17
17 23
11 23
11 9
22 9
22 5
