104
9 65
9 69
20 69
20 83
11 83
11 109
22 109
22 132
17 132
17 141
16 141
16 149
1 149
1 160
2 160
2 200
3 200
3 158
13 158
13 155
24 155
24 134
25 134
25 104
23 104
23 67
28 67
28 103
29 103
29 115
26 115
26 143
33 143
33 153
44 153
44 175
40 175
40 168
27 168
27 162
5 162
5 164
4 164
4 173
18 173
18 181
15 181
15 182
6 182
6 198
97 198
97 199
105 199
105 194
174 194
174 189
142 189
142 191
122 191
122 187
114 187
114 183
156 183
156 166
149 166
149 179
141 179
141 159
136 159
136 163
134 163
134 170
138 170
138 174
118 174
118 178
104 178
104 196
12 196
12 197
7 197
7 190
8 190
8 184
39 184
39 180
60 180
60 177
52 177
52 161
47 161
47 152
37 152
37 144
35 144
35 131
59 131
59 130
32 130
32 110
42 110
42 106
31 106
31 65
