352
89 43
89 47
84 47
84 48
30 48
30 54
21 54
21 53
9 53
9 69
20 69
20 83
11 83
11 109
22 109
22 132
17 132
17 141
16 141
16 149
1 149
1 160
2 160
2 200
3 200
3 158
13 158
13 155
24 155
24 134
25 134
25 104
23 104
23 67
28 67
28 103
29 103
29 115
26 115
26 143
33 143
33 153
44 153
44 175
40 175
40 168
27 168
27 162
5 162
5 164
4 164
4 173
18 173
18 181
15 181
15 182
6 182
6 198
97 198
97 199
105 199
105 194
174 194
174 189
142 189
142 191
122 191
122 187
114 187
114 183
156 183
156 166
149 166
149 179
141 179
141 159
143 159
143 156
170 156
170 176
168 176
168 185
175 185
175 172
176 172
176 154
159 154
159 151
166 151
166 150
154 150
154 148
139 148
139 145
144 145
144 139
140 139
140 138
136 138
136 163
134 163
134 170
138 170
138 174
118 174
118 178
106 178
106 169
111 169
111 165
81 165
81 167
78 167
78 171
104 171
104 196
12 196
12 197
7 197
7 190
8 190
8 184
14 184
14 192
10 192
10 193
19 193
19 195
43 195
43 188
39 188
39 180
41 180
41 186
60 186
60 146
56 146
56 140
54 140
54 177
52 177
52 157
48 157
48 161
47 161
47 142
38 142
38 152
37 152
37 144
35 144
35 131
55 131
55 137
87 137
87 135
92 135
92 128
95 128
95 129
109 129
109 126
99 126
99 124
116 124
116 121
83 121
83 136
75 136
75 120
73 120
73 117
164 117
164 118
119 118
119 119
137 119
137 123
145 123
145 122
186 122
186 108
189 108
189 105
190 105
190 90
193 90
193 80
196 80
196 74
198 74
198 84
197 84
197 147
199 147
199 46
195 46
195 71
194 71
194 24
185 24
185 8
200 8
200 6
183 6
183 3
177 3
177 4
180 4
180 7
182 7
182 11
181 11
181 36
191 36
191 39
192 39
192 86
167 86
167 87
162 87
162 73
179 73
179 75
163 75
163 85
184 85
184 68
188 68
188 66
172 66
172 62
161 62
161 56
158 56
158 93
155 93
155 88
152 88
152 52
157 52
157 50
150 50
150 60
148 60
148 70
151 70
151 82
146 82
146 92
147 92
147 99
153 99
153 102
165 102
165 94
169 94
169 91
160 91
160 89
173 89
173 98
187 98
187 107
178 107
178 111
171 111
171 113
135 113
135 114
123 114
123 116
62 116
62 125
61 125
61 127
67 127
67 133
59 133
59 130
32 130
32 110
42 110
42 101
49 101
49 81
34 81
34 106
31 106
31 65
45 65
45 64
36 64
36 57
66 57
66 59
72 59
72 72
63 72
63 63
58 63
58 76
53 76
53 78
74 78
74 58
76 58
76 79
82 79
82 96
71 96
71 100
80 100
80 112
88 112
88 97
91 97
91 61
86 61
86 95
85 95
85 77
77 77
77 55
51 55
51 51
46 51
46 49
113 49
113 34
120 34
120 33
117 33
117 31
112 31
112 29
129 29
129 25
132 25
132 26
131 26
131 44
130 44
130 45
133 45
133 18
124 18
124 20
127 20
127 22
108 22
108 43
