156
14 1
14 3
18 3
18 5
22 5
22 6
15 6
15 10
30 10
30 18
4 18
4 21
6 21
6 26
46 26
46 12
54 12
54 13
55 13
55 16
68 16
68 19
71 19
71 30
48 30
48 27
41 27
41 29
43 29
43 28
44 28
44 31
49 31
49 32
80 32
80 20
82 20
82 15
86 15
86 17
93 17
93 14
96 14
96 90
95 90
95 42
91 42
91 52
92 52
92 57
89 57
89 34
88 34
88 63
83 63
83 58
75 58
75 56
78 56
78 46
77 46
77 55
74 55
74 59
81 59
81 66
79 66
79 68
94 68
94 70
85 70
85 83
87 83
87 74
90 74
90 88
66 88
66 87
76 87
76 86
50 86
50 91
36 91
36 92
45 92
45 93
11 93
11 85
10 85
10 95
3 95
3 82
70 82
70 81
8 81
8 80
63 80
63 43
73 43
73 40
61 40
61 72
57 72
57 75
39 75
39 76
62 76
62 79
27 79
27 78
7 78
7 77
5 77
5 73
1 73
1 99
2 99
2 100
16 100
16 94
17 94
17 97
28 97
28 96
65 96
65 89
84 89
84 98
97 98
97 84
99 84
99 71
100 71
100 38
98 38
98 11
42 11
42 24
35 24
35 23
29 23
29 25
26 25
26 22
31 22
31 9
67 9
67 7
34 7
34 4
33 4
33 8
32 8
32 2
25 2
25 1
