170
384 4
384 8
459 8
459 22
432 22
432 25
428 25
428 14
93 14
93 36
86 36
86 56
1 56
1 57
9 57
9 58
131 58
131 86
65 86
65 76
19 76
19 80
58 80
58 93
37 93
37 96
33 96
33 81
14 81
14 75
16 75
16 73
22 73
22 61
13 61
13 85
23 85
23 98
74 98
74 88
140 88
140 54
112 54
112 16
135 16
135 24
155 24
155 23
188 23
188 15
287 15
287 20
296 20
296 19
424 19
424 26
451 26
451 31
420 31
420 30
327 30
327 52
319 52
319 51
314 51
314 59
330 59
330 62
303 62
303 63
278 63
278 65
274 65
274 66
215 66
215 67
157 67
157 69
302 69
302 72
311 72
311 68
348 68
348 78
463 78
463 82
280 82
280 79
206 79
206 102
211 102
211 103
312 103
312 101
332 101
332 97
321 97
321 92
295 92
295 99
256 99
256 91
338 91
338 95
419 95
419 94
360 94
360 90
315 90
315 87
313 87
313 89
225 89
225 83
266 83
266 84
476 84
476 77
368 77
368 74
356 74
356 39
366 39
366 43
357 43
357 50
450 50
450 44
378 44
378 40
465 40
465 37
343 37
343 42
335 42
335 32
336 32
336 33
341 33
341 35
477 35
477 5
486 5
486 38
488 38
488 60
491 60
491 70
490 70
490 100
493 100
493 113
494 113
494 114
492 114
492 136
495 136
495 137
514 137
514 121
511 121
511 132
496 132
496 130
497 130
497 64
498 64
498 29
501 29
501 4
