112
89 113
89 111
53 111
53 93
117 93
117 90
130 90
130 87
119 87
119 82
115 82
115 81
108 81
108 78
99 78
99 56
113 56
113 49
110 49
110 28
40 28
40 36
59 36
59 37
22 37
22 10
30 10
30 9
31 9
31 7
8 7
8 5
39 5
39 3
1 3
1 6
4 6
4 33
7 33
7 13
9 13
9 34
13 34
13 41
15 41
15 12
21 12
21 48
26 48
26 38
27 38
27 55
32 55
32 40
36 40
36 59
33 59
33 60
37 60
37 63
29 63
29 65
38 65
38 57
45 57
45 53
46 53
46 46
54 46
54 62
61 62
61 67
56 67
56 68
69 68
69 44
42 44
42 43
60 43
60 35
88 35
88 45
90 45
90 32
94 32
94 31
43 31
43 30
107 30
107 52
95 52
95 80
102 80
102 88
103 88
103 83
105 83
105 92
51 92
51 107
50 107
50 112
55 112
55 124
58 124
58 117
66 117
66 122
111 122
111 120
106 120
106 113
