88
163 155
163 157
152 157
152 154
145 154
145 149
116 149
116 162
106 162
106 170
57 170
57 180
55 180
55 156
52 156
52 165
37 165
37 166
34 166
34 169
42 169
42 177
18 177
18 179
3 179
3 182
9 182
9 183
17 183
17 181
96 181
96 184
56 184
56 186
15 186
15 187
4 187
4 194
1 194
1 200
2 200
2 199
7 199
7 197
8 197
8 196
5 196
5 195
6 195
6 193
11 193
11 192
110 192
110 191
10 191
10 190
105 190
105 189
85 189
85 185
113 185
113 178
64 178
64 173
84 173
84 174
125 174
125 172
115 172
115 171
120 171
120 168
119 168
119 167
117 167
117 159
136 159
136 150
144 150
144 160
149 160
149 158
172 158
172 161
181 161
181 151
180 151
180 155
