392
97 1
97 3
19 3
19 27
20 27
20 33
38 33
38 31
53 31
53 38
47 38
47 39
49 39
49 42
12 42
12 56
30 56
30 57
33 57
33 59
36 59
36 62
44 62
44 71
29 71
29 80
43 80
43 97
13 97
13 100
25 100
25 113
26 113
26 116
16 116
16 124
32 124
32 122
68 122
68 130
75 130
75 141
72 141
72 137
74 137
74 136
65 136
65 142
77 142
77 134
81 134
81 121
41 121
41 120
24 120
24 118
76 118
76 112
27 112
27 109
50 109
50 105
35 105
35 102
45 102
45 69
48 69
48 77
67 77
67 82
78 82
78 115
87 115
87 123
88 123
88 119
90 119
90 138
109 138
109 133
118 133
118 132
124 132
124 131
126 131
126 140
127 140
127 144
131 144
131 129
174 129
174 147
169 147
169 152
163 152
163 157
152 157
152 154
145 154
145 149
122 149
122 148
162 148
162 146
116 146
116 162
106 162
106 170
57 170
57 180
55 180
55 156
52 156
52 165
37 165
37 166
34 166
34 169
42 169
42 177
18 177
18 179
3 179
3 182
9 182
9 183
17 183
17 181
96 181
96 184
56 184
56 186
15 186
15 187
4 187
4 194
1 194
1 200
2 200
2 199
7 199
7 197
8 197
8 196
5 196
5 195
6 195
6 193
11 193
11 192
110 192
110 191
10 191
10 190
105 190
105 189
85 189
85 185
113 185
113 178
64 178
64 173
84 173
84 174
125 174
125 172
115 172
115 171
120 171
120 168
119 168
119 167
117 167
117 159
136 159
136 150
144 150
144 160
149 160
149 158
172 158
172 161
181 161
181 143
178 143
178 125
177 125
177 151
180 151
180 155
175 155
175 135
176 135
176 126
141 126
141 128
104 128
104 117
100 117
100 127
91 127
91 108
92 108
92 106
89 106
89 96
82 96
82 91
80 91
80 81
94 81
94 83
103 83
103 79
107 79
107 101
111 101
111 92
154 92
154 98
151 98
151 103
146 103
146 104
123 104
123 107
164 107
164 95
183 95
183 114
184 114
184 110
191 110
191 99
194 99
194 139
193 139
193 188
192 188
192 198
197 198
197 164
198 164
198 163
196 163
196 111
195 111
195 94
155 94
155 89
156 89
156 93
179 93
179 87
158 87
158 88
133 88
133 90
108 90
108 76
59 76
59 75
51 75
51 67
63 67
63 74
70 74
70 65
46 65
46 61
40 61
40 55
23 55
23 50
58 50
58 48
130 48
130 63
129 63
129 66
128 66
128 72
165 72
165 86
199 86
199 70
190 70
190 52
188 52
188 32
187 32
187 44
182 44
182 54
186 54
186 78
189 78
189 85
185 85
185 84
173 84
173 68
171 68
171 73
168 73
168 51
166 51
166 64
161 64
161 26
159 26
159 19
132 19
132 22
134 22
134 21
135 21
135 41
139 41
139 24
147 24
147 20
150 20
150 29
160 29
160 58
153 58
153 60
138 60
138 53
142 53
142 49
143 49
143 47
157 47
157 45
137 45
137 46
14 46
14 43
60 43
60 40
61 40
61 34
62 34
62 36
66 36
66 37
79 37
79 35
86 35
86 28
71 28
71 25
39 25
39 23
31 23
31 30
21 30
21 5
22 5
22 18
73 18
73 17
28 17
28 9
54 9
54 6
69 6
69 4
93 4
93 14
98 14
98 15
99 15
99 13
167 13
167 12
121 12
121 11
170 11
170 16
200 16
200 8
140 8
140 7
114 7
114 10
112 10
112 2
102 2
102 1
