2384
672 1
672 4
709 4
709 5
573 5
573 7
345 7
345 14
463 14
463 19
389 19
389 21
407 21
407 23
390 23
390 22
225 22
225 85
227 85
227 96
202 96
202 104
207 104
207 105
16 105
16 109
51 109
51 108
221 108
221 174
265 174
265 184
216 184
216 143
193 143
193 131
189 131
189 128
144 128
144 133
141 133
141 111
79 111
79 115
32 115
32 121
72 121
72 125
103 125
103 120
135 120
135 151
149 151
149 148
167 148
167 146
208 146
208 152
206 152
206 168
201 168
201 189
435 189
435 188
408 188
408 137
445 137
445 158
539 158
539 163
497 163
497 165
605 165
605 160
647 160
647 190
281 190
281 201
384 201
384 199
289 199
289 191
504 191
504 194
427 194
427 196
651 196
651 154
613 154
613 134
594 134
594 156
554 156
554 130
502 130
502 141
538 141
538 149
453 149
453 138
498 138
498 136
380 136
380 153
373 153
373 145
335 145
335 147
333 147
333 166
379 166
379 167
365 167
365 177
360 177
360 170
342 170
342 180
394 180
394 182
315 182
315 186
268 186
268 171
228 171
228 39
284 39
284 49
251 49
251 51
266 51
266 69
278 69
278 86
294 86
294 95
300 95
300 78
285 78
285 26
331 26
331 27
316 27
316 36
356 36
356 65
359 65
359 74
431 74
431 77
432 77
432 81
600 81
600 76
724 76
724 88
712 88
712 98
718 98
718 93
741 93
741 60
744 60
744 94
746 94
746 66
787 66
787 56
801 56
801 38
909 38
909 42
959 42
959 43
823 43
823 55
888 55
888 79
839 79
839 63
817 63
817 71
813 71
813 87
873 87
873 101
874 101
874 80
891 80
891 54
848 54
848 53
825 53
825 46
912 46
912 44
1054 44
1054 64
1049 64
1049 75
1038 75
1038 83
1055 83
1055 47
1056 47
1056 68
1058 68
1058 102
1019 102
1019 110
981 110
981 172
969 172
969 162
967 162
967 132
961 132
961 150
946 150
946 193
964 193
964 178
965 178
965 197
947 197
947 202
939 202
939 222
1003 222
1003 195
980 195
980 187
995 187
995 185
983 185
983 114
997 114
997 155
1005 155
1005 207
1015 207
1015 215
1053 215
1053 212
1082 212
1082 224
783 224
783 221
691 221
691 227
666 227
666 239
476 239
476 228
481 228
481 218
449 218
449 223
444 223
444 209
530 209
530 206
685 206
685 203
668 203
668 205
438 205
438 214
421 214
421 235
436 235
436 238
465 238
465 240
506 240
506 241
547 241
547 244
702 244
702 234
715 234
715 231
750 231
750 232
736 232
736 237
829 237
829 236
833 236
833 243
877 243
877 230
716 230
716 226
822 226
822 225
908 225
908 233
925 233
925 229
1090 229
1090 217
1138 217
1138 220
1154 220
1154 211
1168 211
1168 192
1169 192
1169 144
1180 144
1180 129
1164 129
1164 173
1159 173
1159 181
1153 181
1153 142
1148 142
1148 157
1133 157
1133 159
1141 159
1141 161
1122 161
1122 127
1117 127
1117 176
1140 176
1140 210
1044 210
1044 208
1018 208
1018 204
1020 204
1020 183
1029 183
1029 169
1031 169
1031 198
1047 198
1047 200
1078 200
1078 164
1077 164
1077 126
1050 126
1050 139
1039 139
1039 140
1033 140
1033 123
1028 123
1028 179
1007 179
1007 112
1042 112
1042 113
1062 113
1062 99
1083 99
1083 100
1089 100
1089 82
1096 82
1096 107
1085 107
1085 116
1108 116
1108 106
1097 106
1097 97
1112 97
1112 103
1119 103
1119 91
1130 91
1130 17
1207 17
1207 28
1222 28
1222 119
1220 119
1220 122
1236 122
1236 124
1237 124
1237 175
1243 175
1243 216
1228 216
1228 213
1225 213
1225 219
1232 219
1232 242
1233 242
1233 246
1234 246
1234 247
1235 247
1235 245
1239 245
1239 261
1240 261
1240 262
1241 262
1241 303
1238 303
1238 307
1201 307
1201 298
1209 298
1209 290
1218 290
1218 297
1227 297
1227 282
1208 282
1208 284
1185 284
1185 257
1216 257
1216 249
1165 249
1165 248
1144 248
1144 266
1183 266
1183 286
1210 286
1210 285
1211 285
1211 289
1205 289
1205 291
1186 291
1186 318
1167 318
1167 296
1157 296
1157 319
1172 319
1172 328
1204 328
1204 330
1224 330
1224 333
1179 333
1179 347
1174 347
1174 367
1181 367
1181 400
1178 400
1178 425
1194 425
1194 430
1187 430
1187 456
1160 456
1160 458
1175 458
1175 475
1170 475
1170 480
1195 480
1195 483
1196 483
1196 477
1197 477
1197 488
1146 488
1146 882
1143 882
1143 891
1145 891
1145 896
1137 896
1137 889
1136 889
1136 881
1135 881
1135 848
1132 848
1132 878
1021 878
1021 868
1022 868
1022 874
1024 874
1024 851
1041 851
1041 853
1046 853
1046 846
1057 846
1057 859
1063 859
1063 852
1073 852
1073 844
1068 844
1068 826
859 826
859 855
797 855
797 830
793 830
793 820
779 820
779 809
843 809
843 805
846 805
846 814
885 814
885 810
935 810
935 801
933 801
933 806
862 806
862 776
827 776
827 778
856 778
856 803
826 803
826 797
824 797
824 798
820 798
820 799
812 799
812 802
811 802
811 800
764 800
764 807
707 807
707 813
703 813
703 823
704 823
704 849
708 849
708 892
576 892
576 890
561 890
561 895
532 895
532 900
525 900
525 875
534 875
534 864
563 864
563 865
564 865
564 886
567 886
567 840
590 840
590 871
617 871
617 872
620 872
620 861
640 861
640 824
610 824
610 850
602 850
602 832
568 832
568 796
565 796
565 842
537 842
537 792
482 792
482 791
501 791
501 790
458 790
458 780
425 780
425 779
283 779
283 788
275 788
275 774
240 774
240 770
392 770
392 772
542 772
542 767
517 767
517 763
263 763
263 764
474 764
474 768
107 768
107 761
123 761
123 759
133 759
133 760
326 760
326 757
49 757
49 758
46 758
46 755
131 755
131 754
38 754
38 753
30 753
30 771
29 771
29 749
34 749
34 744
75 744
75 747
124 747
124 723
132 723
132 740
247 740
247 752
253 752
253 750
261 750
261 742
280 742
280 733
256 733
256 730
184 730
184 737
156 737
156 735
166 735
166 734
143 734
143 718
154 718
154 715
158 715
158 710
159 710
159 719
203 719
203 721
270 721
270 716
249 716
249 717
231 717
231 711
211 711
211 712
173 712
173 706
185 706
185 707
243 707
243 705
137 705
137 693
291 693
291 697
314 697
314 701
297 701
297 709
318 709
318 696
424 696
424 720
454 720
454 703
493 703
493 699
430 699
430 695
603 695
603 691
807 691
807 698
771 698
771 708
1017 708
1017 704
775 704
775 702
784 702
784 700
864 700
864 694
1106 694
1106 660
1107 660
1107 589
1105 589
1105 551
1113 551
1113 655
1115 655
1115 523
1109 523
1109 512
1102 512
1102 535
1101 535
1101 567
1094 567
1094 559
1091 559
1091 509
1123 509
1123 506
1103 506
1103 486
1092 486
1092 492
1086 492
1086 424
1087 424
1087 445
1088 445
1088 473
1104 473
1104 422
1079 422
1079 361
1075 361
1075 397
1074 397
1074 537
1065 537
1065 510
1060 510
1060 507
1059 507
1059 474
1064 474
1064 465
1043 465
1043 356
1032 356
1032 359
1026 359
1026 350
989 350
989 428
945 428
945 427
880 427
880 423
836 423
836 462
857 462
857 513
871 513
871 546
866 546
866 583
884 583
884 570
878 570
878 530
895 530
895 581
894 581
894 624
795 624
795 623
614 623
614 617
660 617
660 610
694 610
694 622
892 622
892 620
742 620
742 621
714 621
714 606
633 606
633 608
689 608
689 609
555 609
555 625
550 625
550 614
233 614
233 613
230 613
230 612
226 612
226 603
295 603
295 611
446 611
446 607
402 607
402 604
371 604
371 601
393 601
393 600
533 600
533 599
733 599
733 597
645 597
645 595
529 595
529 596
500 596
500 598
274 598
274 532
277 532
277 571
303 571
303 548
327 548
327 549
400 549
400 555
309 555
309 566
344 566
344 565
385 565
385 582
459 582
459 585
604 585
604 586
765 586
765 573
760 573
760 560
738 560
738 568
757 568
757 578
732 578
732 552
572 552
572 556
560 556
560 561
479 561
479 554
477 554
477 563
574 563
574 557
730 557
730 572
661 572
661 574
680 574
680 579
395 579
395 564
411 564
411 544
383 544
383 542
358 542
358 547
352 547
352 527
404 527
404 518
349 518
349 529
348 529
348 524
338 524
338 504
329 504
329 500
328 500
328 499
320 499
320 496
293 496
293 515
313 515
313 521
292 521
292 541
286 541
286 533
279 533
279 514
287 514
287 487
223 487
223 485
267 485
267 479
255 479
255 476
183 476
183 471
214 471
214 467
310 467
310 468
464 468
464 461
473 461
473 453
447 453
447 466
343 466
343 437
391 437
391 435
405 435
405 439
417 439
417 447
556 447
556 442
452 442
452 433
387 433
387 434
302 434
302 457
272 457
272 451
259 451
259 463
178 463
178 449
181 449
181 426
190 426
190 398
192 398
192 409
298 409
298 417
246 417
246 418
346 418
346 406
403 406
403 411
442 411
442 414
616 414
616 420
655 420
655 416
673 416
673 412
589 412
589 410
577 410
577 408
518 408
518 405
200 405
200 407
195 407
195 399
196 399
196 402
197 402
197 393
176 393
176 391
210 391
210 392
236 392
236 370
241 370
241 372
264 372
264 374
257 374
257 396
296 396
296 394
397 394
397 390
451 390
451 395
558 395
558 386
419 386
419 384
367 384
367 387
423 387
423 389
325 389
325 381
363 381
363 382
467 382
467 383
639 383
639 380
301 380
301 378
683 378
683 353
675 353
675 352
667 352
667 345
662 345
662 348
659 348
659 320
706 320
706 316
753 316
753 315
791 315
791 304
786 304
786 312
711 312
711 302
695 302
695 301
644 301
644 314
623 314
623 322
545 322
545 317
478 317
478 324
490 324
490 329
521 329
521 323
652 323
652 305
657 305
657 355
678 355
678 368
658 368
658 377
650 377
650 375
468 375
468 376
304 376
304 371
248 371
248 369
238 369
238 362
245 362
245 357
232 357
232 349
337 349
337 351
354 351
354 338
434 338
434 336
374 336
374 332
350 332
350 346
222 346
222 388
186 388
186 379
199 379
199 373
172 373
172 446
171 446
171 584
177 584
177 539
175 539
175 526
174 526
174 489
219 489
219 495
179 495
179 528
235 528
235 508
262 508
262 602
188 602
188 647
260 647
260 651
336 651
336 650
364 650
364 649
322 649
322 642
317 642
317 643
308 643
308 646
306 646
306 641
271 641
271 633
198 633
198 618
215 618
215 615
288 615
288 619
456 619
456 628
426 628
426 631
461 631
461 627
483 627
483 616
540 616
540 626
562 626
562 630
832 630
832 629
887 629
887 639
844 639
844 645
899 645
899 669
841 669
841 674
800 674
800 670
790 670
790 671
782 671
782 668
758 668
758 673
592 673
592 682
677 682
677 679
734 679
734 685
759 685
759 672
785 672
785 676
794 676
794 681
821 681
821 675
915 675
915 658
920 658
920 575
913 575
913 538
907 538
907 543
906 543
906 632
898 632
898 569
896 569
896 525
897 525
897 491
869 491
869 484
905 484
905 482
903 482
903 454
872 454
872 452
904 452
904 432
949 432
949 436
929 436
929 444
951 444
951 478
958 478
958 441
960 441
960 440
962 440
962 438
971 438
971 493
954 493
954 511
952 511
952 550
956 550
956 522
979 522
979 580
978 580
978 591
972 591
972 594
975 594
975 634
943 634
943 588
942 588
942 636
963 636
963 657
1004 657
1004 662
985 662
985 663
994 663
994 665
1013 665
1013 656
984 656
984 652
982 652
982 481
977 481
977 450
988 450
988 431
900 431
900 443
890 443
890 429
993 429
993 413
996 413
996 365
1000 365
1000 364
1037 364
1037 401
1036 401
1036 472
1052 472
1052 545
1076 545
1076 590
1081 590
1081 587
1095 587
1095 680
1084 680
1084 678
1080 678
1080 687
1030 687
1030 689
410 689
410 690
205 690
205 692
125 692
125 644
127 644
127 638
142 638
142 640
168 640
168 637
155 637
155 558
151 558
151 536
150 536
150 519
153 519
153 517
148 517
148 503
163 503
163 502
164 502
164 501
147 501
147 562
139 562
139 605
119 605
119 576
130 576
130 553
128 553
128 498
117 498
117 534
114 534
114 648
122 648
122 677
116 677
116 683
113 683
113 654
91 654
91 531
88 531
88 593
84 593
84 385
83 385
83 344
87 344
87 343
95 343
95 295
136 295
136 283
170 283
170 287
209 287
209 281
121 281
121 277
448 277
448 278
455 278
455 280
669 280
669 275
571 275
571 272
361 272
361 270
520 270
520 271
629 271
629 263
692 263
692 259
676 259
676 260
643 260
643 258
635 258
635 254
642 254
642 256
674 256
674 251
664 251
664 253
579 253
579 255
609 255
609 269
536 269
536 267
372 267
372 268
204 268
204 273
273 273
273 274
414 274
414 276
94 276
94 339
80 339
80 342
78 342
78 313
76 313
76 358
81 358
81 686
89 686
89 732
93 732
93 713
100 713
100 684
82 684
82 667
86 667
86 664
105 664
105 725
112 725
112 724
115 724
115 739
85 739
85 741
22 741
22 727
20 727
20 722
37 722
37 635
36 635
36 520
28 520
28 469
62 469
62 494
66 494
66 460
65 460
65 306
67 306
67 448
68 448
68 300
71 300
71 292
69 292
69 279
63 279
63 293
50 293
50 265
48 265
48 252
41 252
41 288
40 288
40 299
42 299
42 311
47 311
47 321
52 321
52 309
44 309
44 264
45 264
45 308
61 308
61 363
60 363
60 415
56 415
56 421
39 421
39 354
43 354
43 337
35 337
35 325
23 325
23 360
18 360
18 366
26 366
26 540
33 540
33 688
25 688
25 714
21 714
21 653
17 653
17 661
19 661
19 746
24 746
24 766
27 766
27 784
57 784
57 787
55 787
55 877
53 877
53 888
101 888
101 866
108 866
108 867
120 867
120 879
162 879
162 876
138 876
138 863
140 863
140 860
70 860
70 835
90 835
90 834
98 834
98 817
97 817
97 822
73 822
73 827
58 827
58 786
64 786
64 785
74 785
74 777
59 777
59 781
54 781
54 762
92 762
92 769
220 769
220 773
191 773
191 775
229 775
229 828
237 828
237 821
234 821
234 794
340 794
340 818
341 818
341 782
428 782
428 783
416 783
416 804
351 804
351 899
375 899
375 862
399 862
399 857
370 857
370 836
418 836
418 808
433 808
433 811
441 811
441 795
429 795
429 793
535 793
535 839
531 839
531 873
522 873
522 894
513 894
513 929
516 929
516 918
559 918
559 898
584 898
584 927
607 927
607 935
693 935
693 946
503 946
503 950
587 950
587 949
621 949
621 971
484 971
484 994
480 994
480 1009
495 1009
495 1012
472 1012
472 1007
466 1007
466 1001
450 1001
450 1017
494 1017
494 1031
323 1031
323 1034
396 1034
396 1039
218 1039
218 1041
487 1041
487 1045
217 1045
217 1047
420 1047
420 1048
485 1048
485 1051
269 1051
269 1056
239 1056
239 1055
212 1055
212 1057
330 1057
330 1059
165 1059
165 1064
157 1064
157 1050
145 1050
145 1058
118 1058
118 1013
106 1013
106 1029
111 1029
111 1053
99 1053
99 1004
104 1004
104 982
109 982
109 989
126 989
126 991
129 991
129 981
160 981
160 987
194 987
194 979
110 979
110 953
134 953
134 962
161 962
161 961
339 961
339 960
152 960
152 951
102 951
102 957
96 957
96 1063
146 1063
146 1075
180 1075
180 1065
169 1065
169 1060
182 1060
182 1061
213 1061
213 1062
332 1062
332 1052
514 1052
514 1042
515 1042
515 1049
748 1049
748 999
755 999
755 997
816 997
816 1003
940 1003
940 1067
917 1067
917 1077
921 1077
921 1084
834 1084
834 1086
881 1086
881 1088
725 1088
725 1089
585 1089
585 1090
631 1090
631 1100
934 1100
934 1101
1045 1101
1045 1102
1048 1102
1048 1107
1067 1107
1067 1155
1061 1155
1061 1160
1025 1160
1025 1154
937 1154
937 1178
902 1178
902 1151
932 1151
932 1146
931 1146
931 1140
919 1140
919 1144
911 1144
911 1143
910 1143
910 1147
751 1147
751 1141
688 1141
688 1142
726 1142
726 1145
681 1145
681 1128
670 1128
670 1132
663 1132
663 1136
648 1136
648 1106
591 1106
591 1116
581 1116
581 1112
566 1112
566 1109
544 1109
544 1122
496 1122
496 1126
413 1126
413 1115
488 1115
488 1110
357 1110
357 1111
388 1111
388 1118
258 1118
258 1119
324 1119
324 1120
311 1120
311 1121
319 1121
319 1124
252 1124
252 1117
242 1117
242 1137
276 1137
276 1135
528 1135
528 1134
492 1134
492 1133
244 1133
244 1130
254 1130
254 1125
305 1125
305 1127
437 1127
437 1131
527 1131
527 1129
575 1129
575 1123
599 1123
599 1108
646 1108
646 1114
624 1114
624 1138
654 1138
654 1149
665 1149
665 1148
854 1148
854 1150
815 1150
815 1161
858 1161
858 1164
868 1164
868 1173
754 1173
754 1183
845 1183
845 1177
849 1177
849 1186
852 1186
852 1216
850 1216
850 1196
735 1196
735 1188
619 1188
619 1187
615 1187
615 1192
347 1192
347 1184
398 1184
398 1182
381 1182
381 1181
369 1181
369 1176
511 1176
511 1175
489 1175
489 1174
557 1174
557 1167
656 1167
656 1172
687 1172
687 1166
628 1166
628 1153
627 1153
627 1159
580 1159
580 1158
570 1158
570 1152
552 1152
552 1168
543 1168
543 1163
512 1163
512 1165
541 1165
541 1170
409 1170
409 1169
334 1169
334 1208
282 1208
282 1195
307 1195
307 1190
290 1190
290 1191
224 1191
224 1212
499 1212
499 1213
597 1213
597 1202
598 1202
598 1207
622 1207
622 1205
671 1205
671 1200
551 1200
551 1206
440 1206
440 1211
368 1211
368 1194
462 1194
462 1199
471 1199
471 1193
593 1193
593 1197
773 1197
773 1198
830 1198
830 1201
776 1201
776 1209
802 1209
802 1217
803 1217
803 1204
837 1204
837 1210
819 1210
819 1219
855 1219
855 1203
876 1203
876 1189
870 1189
870 1157
882 1157
882 1179
930 1179
930 1223
865 1223
865 1225
788 1225
788 1233
13 1233
13 1238
12 1238
12 1215
7 1215
7 1139
8 1139
8 1079
1 1079
1 1080
6 1080
6 1113
4 1113
4 1214
3 1214
3 1224
9 1224
9 1246
11 1246
11 1247
14 1247
14 1249
15 1249
15 1235
469 1235
469 1236
299 1236
299 1248
312 1248
312 1250
486 1250
486 1245
507 1245
507 1244
546 1244
546 1243
362 1243
362 1241
412 1241
412 1240
457 1240
457 1237
842 1237
842 1242
923 1242
923 1239
853 1239
853 1234
792 1234
792 1227
1072 1227
1072 1226
1040 1226
1040 1222
1114 1222
1114 1221
992 1221
992 1220
936 1220
936 1185
938 1185
938 1156
957 1156
957 1162
1016 1162
1016 1171
1027 1171
1027 1180
1066 1180
1066 1218
1069 1218
1069 1105
1093 1105
1093 1104
1120 1104
1120 1103
1070 1103
1070 1099
893 1099
893 1098
883 1098
883 1096
727 1096
727 1093
739 1093
739 1092
761 1092
761 1091
926 1091
926 1085
924 1085
924 1068
927 1068
927 1074
928 1074
928 1071
941 1071
941 1002
818 1002
818 996
745 996
745 1021
649 1021
649 1020
721 1020
721 1016
700 1016
700 1019
601 1019
601 1023
638 1023
638 1022
679 1022
679 1025
699 1025
699 1024
729 1024
729 1046
682 1046
682 1043
653 1043
653 1040
508 1040
508 1030
523 1030
523 1010
524 1010
524 1000
509 1000
509 977
548 977
548 978
595 978
595 986
637 986
637 985
728 985
728 983
713 983
713 984
626 984
626 975
510 975
510 972
625 972
625 947
690 947
690 974
696 974
696 980
722 980
722 958
737 958
737 952
717 952
717 954
701 954
701 948
698 948
698 973
697 973
697 931
618 931
618 933
611 933
611 914
974 914
974 909
990 909
990 916
986 916
986 925
976 925
976 976
955 976
955 944
953 944
953 988
950 988
950 1027
948 1027
948 1032
966 1032
966 990
1002 990
1002 959
1001 959
1001 956
1010 956
1010 963
1008 963
1008 969
1035 969
1035 968
1023 968
1023 966
1034 966
1034 955
987 955
987 934
991 934
991 908
1012 908
1012 904
1009 904
1009 902
867 902
867 903
810 903
810 905
970 905
970 907
863 907
863 906
806 906
806 910
723 910
723 913
636 913
636 911
612 911
612 897
578 897
578 893
710 893
710 841
720 841
720 815
743 815
743 816
762 816
762 825
778 825
778 845
777 845
777 854
780 854
780 856
861 856
861 847
922 847
922 843
918 843
918 837
914 837
914 829
973 829
973 831
999 831
999 838
1011 838
1011 884
998 884
998 887
1100 887
1100 880
1118 880
1118 885
1126 885
1126 1036
1124 1036
1124 1069
1125 1069
1125 1070
1116 1070
1116 1073
1142 1073
1142 1066
1127 1066
1127 922
1128 922
1128 912
1139 912
1139 901
1156 901
1156 883
1158 883
1158 858
1162 858
1162 870
1166 870
1166 869
1171 869
1171 833
1163 833
1163 812
1173 812
1173 789
1155 789
1155 819
1151 819
1151 765
1147 765
1147 751
1189 751
1189 736
1190 736
1190 756
1246 756
1246 745
1245 745
1245 731
1230 731
1230 728
1219 728
1219 726
1214 726
1214 743
1202 743
1202 729
1176 729
1176 748
1150 748
1150 738
1149 738
1149 516
1161 516
1161 497
1192 497
1192 505
1188 505
1188 577
1191 577
1191 659
1152 659
1152 666
1199 666
1199 592
1193 592
1193 490
1200 490
1200 470
1184 470
1184 464
1177 464
1177 459
1198 459
1198 404
1212 404
1212 455
1213 455
1213 419
1215 419
1215 403
1182 403
1182 340
1206 340
1206 341
1221 341
1221 335
1226 335
1226 334
1229 334
1229 331
1249 331
1249 326
1217 326
1217 327
1203 327
1203 310
1250 310
1250 294
1248 294
1248 250
1247 250
1247 117
1244 117
1244 135
1242 135
1242 118
1223 118
1223 52
1231 52
1231 16
1134 16
1134 15
1131 15
1131 6
1129 6
1129 84
1110 84
1110 89
1099 89
1099 90
1111 90
1111 92
1098 92
1098 40
1014 40
1014 33
968 33
968 30
944 30
944 31
796 31
796 35
756 35
756 45
752 45
752 59
588 59
588 70
586 70
586 67
526 67
526 61
505 61
505 62
491 62
491 37
401 37
401 48
475 48
475 72
569 72
569 73
376 73
376 41
377 41
377 58
443 58
443 57
386 57
386 50
382 50
382 34
378 34
378 32
366 32
366 29
406 29
406 25
321 25
321 24
439 24
439 20
519 20
519 18
583 18
583 13
470 13
470 12
353 12
353 10
772 10
772 9
847 9
847 11
879 11
879 8
860 8
860 3
763 3
763 2
719 2
719 1
