88
902 1178
902 1151
815 1151
815 1161
858 1161
858 1164
868 1164
868 1173
754 1173
754 1183
845 1183
845 1177
849 1177
849 1186
852 1186
852 1189
870 1189
870 1157
882 1157
882 1179
930 1179
930 1223
865 1223
865 1225
788 1225
788 1233
13 1233
13 1238
12 1238
12 1215
7 1215
7 1139
8 1139
8 1079
1 1079
1 1080
6 1080
6 1113
4 1113
4 1214
3 1214
3 1224
9 1224
9 1246
11 1246
11 1247
14 1247
14 1249
15 1249
15 1235
469 1235
469 1236
299 1236
299 1248
312 1248
312 1250
486 1250
486 1245
507 1245
507 1244
546 1244
546 1243
362 1243
362 1241
412 1241
412 1240
457 1240
457 1237
842 1237
842 1242
923 1242
923 1239
853 1239
853 1234
792 1234
792 1227
1072 1227
1072 1226
1040 1226
1040 1222
1114 1222
1114 1221
992 1221
992 1220
936 1220
936 1185
938 1185
938 1178
