90
3 1
3 15
5 15
5 14
7 14
7 30
9 30
9 9
10 9
10 6
11 6
11 16
15 16
15 11
18 11
18 17
19 17
19 22
20 22
20 12
21 12
21 40
8 40
8 41
1 41
1 42
2 42
2 50
4 50
4 49
17 49
17 48
6 48
6 45
13 45
13 46
16 46
16 43
22 43
22 7
23 7
23 2
35 2
35 10
37 10
37 19
36 19
36 23
33 23
33 21
31 21
31 18
29 18
29 3
28 3
28 25
30 25
30 26
25 26
25 24
24 24
24 34
26 34
26 32
45 32
45 33
49 33
49 36
32 36
32 44
38 44
38 37
50 37
50 31
44 31
44 29
27 29
27 27
41 27
41 20
46 20
46 13
43 13
43 8
40 8
40 5
39 5
39 4
42 4
42 1
