206
59 79
59 77
29 77
29 76
16 76
16 78
9 78
9 85
81 85
81 83
112 83
112 82
74 82
74 80
168 80
168 105
132 105
132 102
167 102
167 96
164 96
164 100
152 100
152 97
149 97
149 98
148 98
148 101
126 101
126 107
120 107
120 104
119 104
119 110
129 110
129 122
4 122
4 121
45 121
45 120
83 120
83 119
18 119
18 118
22 118
22 116
37 116
37 115
79 115
79 108
80 108
80 99
75 99
75 114
6 114
6 113
31 113
31 112
2 112
2 123
134 123
134 109
144 109
144 106
162 106
162 111
158 111
158 148
157 148
157 144
156 144
156 143
143 143
143 138
137 138
137 136
147 136
147 132
124 132
124 128
27 128
27 127
32 127
32 125
7 125
7 137
5 137
5 139
3 139
3 141
1 141
1 147
10 147
10 183
17 183
17 168
23 168
23 186
24 186
24 194
19 194
19 190
11 190
11 197
14 197
14 199
36 199
36 196
50 196
50 193
35 193
35 192
34 192
34 179
30 179
30 165
53 165
53 173
54 173
54 178
61 178
61 185
58 185
58 198
52 198
52 182
51 182
51 200
64 200
64 184
63 184
63 177
55 177
55 174
66 174
66 164
15 164
15 161
13 161
13 140
8 140
8 126
12 126
12 130
20 130
20 156
21 156
21 129
115 129
115 131
47 131
47 133
135 133
135 134
117 134
117 157
111 157
111 159
101 159
101 162
86 162
86 158
84 158
84 149
82 149
82 170
77 170
77 188
72 188
72 195
92 195
92 181
87 181
87 176
95 176
95 191
97 191
97 189
104 189
104 163
122 163
122 135
133 135
133 153
130 153
130 160
127 160
127 166
121 166
121 172
151 172
151 171
140 171
140 155
139 155
139 154
160 154
160 117
172 117
172 103
171 103
171 72
170 72
170 86
169 86
169 79
