180
108 59
108 39
98 39
98 58
94 58
94 108
91 108
91 88
31 88
31 237
32 237
32 93
37 93
37 110
43 110
43 143
45 143
45 181
46 181
46 243
36 243
36 262
39 262
39 267
40 267
40 255
50 255
50 264
53 264
53 236
51 236
51 162
49 162
49 144
56 144
56 193
57 193
57 154
61 154
61 240
58 240
58 322
34 322
34 334
24 334
24 347
20 347
20 379
18 379
18 406
16 406
16 432
17 432
17 444
10 444
10 468
5 468
5 483
8 483
8 489
7 489
7 498
2 498
2 499
1 499
1 500
11 500
11 494
14 494
14 493
30 493
30 492
9 492
9 491
88 491
88 488
33 488
33 487
41 487
41 482
52 482
52 481
6 481
6 473
12 473
12 469
15 469
15 454
13 454
13 450
23 450
23 419
25 419
25 397
19 397
19 383
26 383
26 394
29 394
29 390
38 390
38 374
28 374
28 341
59 341
59 372
60 372
60 378
82 378
82 376
93 376
93 362
90 362
90 366
86 366
86 359
84 359
84 367
92 367
92 368
80 368
80 375
64 375
64 333
42 333
42 324
70 324
70 320
77 320
77 284
74 284
74 268
75 268
75 282
78 282
78 169
76 169
76 157
79 157
79 119
72 119
72 191
73 191
73 215
65 215
65 223
66 223
66 261
62 261
62 118
55 118
55 105
63 105
63 111
68 111
68 97
69 97
69 91
87 91
87 113
95 113
95 68
96 68
96 83
100 83
100 46
101 46
101 82
102 82
102 79
103 79
103 87
105 87
105 95
158 95
158 89
106 89
106 66
118 66
118 59
