78
24 334
24 347
20 347
20 379
18 379
18 406
16 406
16 432
17 432
17 444
10 444
10 468
5 468
5 483
8 483
8 489
7 489
7 498
2 498
2 499
1 499
1 500
11 500
11 494
14 494
14 493
30 493
30 492
9 492
9 491
88 491
88 488
33 488
33 487
41 487
41 482
52 482
52 481
6 481
6 473
12 473
12 469
15 469
15 454
13 454
13 450
23 450
23 419
25 419
25 397
19 397
19 383
26 383
26 394
29 394
29 390
38 390
38 374
28 374
28 341
59 341
59 372
60 372
60 378
82 378
82 376
93 376
93 366
86 366
86 359
84 359
84 367
92 367
92 368
80 368
80 375
64 375
64 334
