96
1 39
1 79
4 79
4 56
3 56
3 52
2 52
2 43
5 43
5 44
13 44
13 47
12 47
12 48
7 48
7 66
11 66
11 68
10 68
10 71
15 71
15 81
17 81
17 76
16 76
16 59
8 59
8 58
18 58
18 55
14 55
14 42
24 42
24 57
31 57
31 64
19 64
19 80
20 80
20 82
21 82
21 93
35 93
35 94
23 94
23 96
61 96
61 92
30 92
30 91
44 91
44 90
65 90
65 97
70 97
70 98
69 98
69 99
71 99
71 100
73 100
73 95
68 95
68 89
72 89
72 83
64 83
64 84
59 84
59 85
57 85
57 87
52 87
52 86
27 86
27 88
26 88
26 78
22 78
22 70
29 70
29 72
36 72
36 63
38 63
38 77
39 77
39 53
25 53
25 41
28 41
28 40
32 40
32 45
40 45
40 39
