260
1 7
1 15
2 15
2 13
3 13
3 12
8 12
8 24
6 24
6 34
7 34
7 82
12 82
12 198
42 198
42 206
34 206
34 210
44 210
44 195
46 195
46 188
45 188
45 172
49 172
49 162
50 162
50 154
54 154
54 133
74 133
74 122
77 122
77 148
65 148
65 158
61 158
61 163
55 163
55 199
57 199
57 180
58 180
58 197
59 197
59 203
51 203
51 207
68 207
68 214
73 214
73 215
67 215
67 213
47 213
47 216
90 216
90 211
70 211
70 204
76 204
76 209
139 209
139 193
151 193
151 177
148 177
148 157
141 157
141 126
164 126
164 134
165 134
165 115
167 115
167 137
166 137
166 146
168 146
168 152
175 152
175 186
169 186
169 187
178 187
178 229
227 229
227 227
231 227
231 242
188 242
188 243
174 243
174 241
150 241
150 240
226 240
226 238
147 238
147 246
80 246
80 235
41 235
41 236
78 236
78 250
124 250
124 247
161 247
161 249
163 249
163 248
197 248
197 244
246 244
246 237
247 237
247 245
249 245
249 239
248 239
248 233
233 233
233 234
232 234
232 230
245 230
245 226
202 226
202 228
193 228
193 223
182 223
182 212
180 212
180 205
181 205
181 192
185 192
185 142
173 142
173 127
170 127
170 125
172 125
172 113
162 113
162 117
152 117
152 120
115 120
115 106
116 106
116 105
126 105
126 103
99 103
99 96
133 96
133 104
145 104
145 97
153 97
153 98
207 98
207 94
189 94
189 93
196 93
196 89
183 89
183 88
110 88
110 83
87 83
87 85
98 85
98 86
103 86
103 91
171 91
171 95
93 95
93 101
96 101
96 116
105 116
105 169
106 169
106 145
109 145
109 124
123 124
123 138
129 138
129 156
135 156
135 167
143 167
143 184
120 184
120 181
114 181
114 179
132 179
132 176
118 176
118 171
107 171
107 174
102 174
102 178
92 178
92 182
101 182
101 194
125 194
125 190
137 190
137 208
83 208
83 202
72 202
72 196
62 196
62 168
60 168
60 166
79 166
79 119
48 119
48 135
53 135
53 140
39 140
39 149
43 149
43 191
40 191
40 189
16 189
16 185
27 185
27 175
13 175
13 143
17 143
17 132
19 132
19 108
22 108
22 100
26 100
26 92
36 92
36 90
20 90
20 81
9 81
9 7
