Removal 0: 
Solution 0: 
15 23
17 3
21 15
23 24
3 4
4 11
6 8
9 14

Solution 1: 
15 23
17 3
2 2
21 15
23 24
4 11
6 8
9 14

Solution 2: 
16 22
17 3
2 2
21 15
23 24
4 11
6 8
9 14

Solution 3: 
16 22
17 3
21 15
23 24
3 4
4 11
6 8
9 14

Solution 4: 
16 22
17 3
22 19
23 24
3 4
4 11
6 8
9 14

Solution 5: 
16 22
17 3
2 2
22 19
23 24
4 11
6 8
9 14

Solution 6: 
15 23
17 3
2 2
22 19
23 24
4 11
6 8
9 14

Solution 7: 
15 23
17 3
22 19
23 24
3 4
4 11
6 8
9 14

Solution 8: 
15 23
18 6
22 19
23 24
3 4
4 11
6 8
9 14

Solution 9: 
15 23
18 6
21 15
23 24
3 4
4 11
6 8
9 14

Solution 10: 
16 22
18 6
21 15
23 24
3 4
4 11
6 8
9 14

Solution 11: 
16 22
18 6
22 19
23 24
3 4
4 11
6 8
9 14

Solution 12: 
16 22
18 6
2 2
22 19
23 24
4 11
6 8
9 14

Solution 13: 
15 23
18 6
2 2
22 19
23 24
4 11
6 8
9 14

Solution 14: 
15 23
18 6
2 2
21 15
23 24
4 11
6 8
9 14

Solution 15: 
16 22
18 6
2 2
21 15
23 24
4 11
6 8
9 14

Solution 16: 
16 22
18 6
2 2
21 15
24 20
4 11
6 8
9 14

Solution 17: 
15 23
18 6
2 2
21 15
24 20
4 11
6 8
9 14

Solution 18: 
15 23
18 6
21 15
24 20
3 4
4 11
6 8
9 14

Solution 19: 
16 22
18 6
21 15
24 20
3 4
4 11
6 8
9 14

Solution 20: 
16 22
18 6
22 19
24 20
3 4
4 11
6 8
9 14

Solution 21: 
16 22
18 6
2 2
22 19
24 20
4 11
6 8
9 14

Solution 22: 
15 23
18 6
2 2
22 19
24 20
4 11
6 8
9 14

Solution 23: 
15 23
18 6
22 19
24 20
3 4
4 11
6 8
9 14

Solution 24: 
15 23
17 3
22 19
24 20
3 4
4 11
6 8
9 14

Solution 25: 
15 23
17 3
21 15
24 20
3 4
4 11
6 8
9 14

Solution 26: 
16 22
17 3
21 15
24 20
3 4
4 11
6 8
9 14

Solution 27: 
16 22
17 3
22 19
24 20
3 4
4 11
6 8
9 14

Solution 28: 
16 22
17 3
2 2
22 19
24 20
4 11
6 8
9 14

Solution 29: 
16 22
17 3
2 2
21 15
24 20
4 11
6 8
9 14

Solution 30: 
15 23
17 3
2 2
21 15
24 20
4 11
6 8
9 14

Solution 31: 
15 23
17 3
2 2
22 19
24 20
4 11
6 8
9 14

Number of solutions found: 32

Changes at vertices: 
New Vertex: 2 2
7 2 -> 7 1
----------------------------------
Removal 1: 
Solution 0: 
1 2
15 23
17 3
21 15
23 24
4 11
6 8
9 14

Solution 1: 
1 2
16 22
17 3
21 15
23 24
4 11
6 8
9 14

Solution 2: 
16 22
17 3
21 15
23 24
3 4
4 11
6 8
9 14

Solution 3: 
15 23
17 3
21 15
23 24
3 4
4 11
6 8
9 14

Solution 4: 
15 23
18 6
21 15
23 24
3 4
4 11
6 8
9 14

Solution 5: 
16 22
18 6
21 15
23 24
3 4
4 11
6 8
9 14

Solution 6: 
1 2
16 22
18 6
21 15
23 24
4 11
6 8
9 14

Solution 7: 
1 2
15 23
18 6
21 15
23 24
4 11
6 8
9 14

Solution 8: 
1 2
15 23
18 6
21 15
24 20
4 11
6 8
9 14

Solution 9: 
15 23
18 6
21 15
24 20
3 4
4 11
6 8
9 14

Solution 10: 
15 23
17 3
21 15
24 20
3 4
4 11
6 8
9 14

Solution 11: 
1 2
15 23
17 3
21 15
24 20
4 11
6 8
9 14

Solution 12: 
1 2
15 23
17 3
22 19
24 20
4 11
6 8
9 14

Solution 13: 
15 23
17 3
22 19
24 20
3 4
4 11
6 8
9 14

Solution 14: 
15 23
18 6
22 19
24 20
3 4
4 11
6 8
9 14

Solution 15: 
1 2
15 23
18 6
22 19
24 20
4 11
6 8
9 14

Solution 16: 
1 2
15 23
18 6
22 19
23 24
4 11
6 8
9 14

Solution 17: 
15 23
18 6
22 19
23 24
3 4
4 11
6 8
9 14

Solution 18: 
15 23
17 3
22 19
23 24
3 4
4 11
6 8
9 14

Solution 19: 
1 2
15 23
17 3
22 19
23 24
4 11
6 8
9 14

Solution 20: 
1 2
16 22
17 3
22 19
23 24
4 11
6 8
9 14

Solution 21: 
1 2
16 22
17 3
22 19
24 20
4 11
6 8
9 14

Solution 22: 
16 22
17 3
22 19
24 20
3 4
4 11
6 8
9 14

Solution 23: 
16 22
17 3
22 19
23 24
3 4
4 11
6 8
9 14

Solution 24: 
16 22
18 6
22 19
23 24
3 4
4 11
6 8
9 14

Solution 25: 
16 22
18 6
22 19
24 20
3 4
4 11
6 8
9 14

Solution 26: 
1 2
16 22
18 6
22 19
24 20
4 11
6 8
9 14

Solution 27: 
1 2
16 22
18 6
22 19
23 24
4 11
6 8
9 14

Solution 28: 
1 2
16 22
18 6
21 15
24 20
4 11
6 8
9 14

Solution 29: 
16 22
18 6
21 15
24 20
3 4
4 11
6 8
9 14

Solution 30: 
16 22
17 3
21 15
24 20
3 4
4 11
6 8
9 14

Solution 31: 
1 2
16 22
17 3
21 15
24 20
4 11
6 8
9 14

Number of solutions found: 32

Changes at vertices: 
6 7 -> 6 5
New Vertex: 13 7
----------------------------------
Removal 2: 
Solution 0: 
16 22
18 6
21 15
24 20
3 4
4 11
6 8
9 14

Solution 1: 
16 22
18 6
22 19
24 20
3 4
4 11
6 8
9 14

Solution 2: 
16 22
18 6
22 19
23 24
3 4
4 11
6 8
9 14

Solution 3: 
16 22
18 6
21 15
23 24
3 4
4 11
6 8
9 14

Solution 4: 
15 23
18 6
21 15
23 24
3 4
4 11
6 8
9 14

Solution 5: 
15 23
18 6
22 19
23 24
3 4
4 11
6 8
9 14

Solution 6: 
15 23
18 6
22 19
24 20
3 4
4 11
6 8
9 14

Solution 7: 
15 23
18 6
21 15
24 20
3 4
4 11
6 8
9 14

Solution 8: 
15 23
18 6
18 9
21 15
24 20
3 4
4 11
9 14

Solution 9: 
15 23
18 6
18 9
21 15
23 24
3 4
4 11
9 14

Solution 10: 
16 22
18 6
18 9
21 15
23 24
3 4
4 11
9 14

Solution 11: 
16 22
18 6
18 9
21 15
24 20
3 4
4 11
9 14

Solution 12: 
16 22
18 6
18 9
22 19
24 20
3 4
4 11
9 14

Solution 13: 
16 22
18 6
18 9
22 19
23 24
3 4
4 11
9 14

Solution 14: 
15 23
18 6
18 9
22 19
23 24
3 4
4 11
9 14

Solution 15: 
15 23
18 6
18 9
22 19
24 20
3 4
4 11
9 14

Solution 16: 
1 2
15 23
18 6
18 9
22 19
24 20
4 11
9 14

Solution 17: 
1 2
15 23
18 6
18 9
21 15
24 20
4 11
9 14

Solution 18: 
1 2
15 23
18 6
18 9
21 15
23 24
4 11
9 14

Solution 19: 
1 2
15 23
18 6
18 9
22 19
23 24
4 11
9 14

Solution 20: 
1 2
16 22
18 6
18 9
22 19
23 24
4 11
9 14

Solution 21: 
1 2
16 22
18 6
18 9
22 19
24 20
4 11
9 14

Solution 22: 
1 2
16 22
18 6
18 9
21 15
24 20
4 11
9 14

Solution 23: 
1 2
16 22
18 6
18 9
21 15
23 24
4 11
9 14

Solution 24: 
1 2
16 22
18 6
21 15
23 24
4 11
6 8
9 14

Solution 25: 
1 2
16 22
18 6
22 19
23 24
4 11
6 8
9 14

Solution 26: 
1 2
16 22
18 6
22 19
24 20
4 11
6 8
9 14

Solution 27: 
1 2
16 22
18 6
21 15
24 20
4 11
6 8
9 14

Solution 28: 
1 2
15 23
18 6
21 15
24 20
4 11
6 8
9 14

Solution 29: 
1 2
15 23
18 6
21 15
23 24
4 11
6 8
9 14

Solution 30: 
1 2
15 23
18 6
22 19
23 24
4 11
6 8
9 14

Solution 31: 
1 2
15 23
18 6
22 19
24 20
4 11
6 8
9 14

Solution 32: 
1 2
15 23
17 3
22 19
24 20
4 11
6 8
9 14

Solution 33: 
1 2
15 23
17 3
18 9
22 19
24 20
4 11
9 14

Solution 34: 
1 2
15 23
18 9
19 6
22 19
24 20
4 11
9 14

Solution 35: 
1 2
15 23
18 9
19 3
22 19
24 20
4 11
9 14

Solution 36: 
1 2
16 22
18 9
19 3
22 19
24 20
4 11
9 14

Solution 37: 
1 2
16 22
18 9
19 6
22 19
24 20
4 11
9 14

Solution 38: 
1 2
16 22
17 3
18 9
22 19
24 20
4 11
9 14

Solution 39: 
1 2
16 22
17 3
22 19
24 20
4 11
6 8
9 14

Solution 40: 
16 22
17 3
22 19
24 20
3 4
4 11
6 8
9 14

Solution 41: 
16 22
17 3
18 9
22 19
24 20
3 4
4 11
9 14

Solution 42: 
16 22
18 9
19 3
22 19
24 20
3 4
4 11
9 14

Solution 43: 
16 22
18 9
19 6
22 19
24 20
3 4
4 11
9 14

Solution 44: 
15 23
18 9
19 6
22 19
24 20
3 4
4 11
9 14

Solution 45: 
15 23
18 9
19 3
22 19
24 20
3 4
4 11
9 14

Solution 46: 
15 23
17 3
18 9
22 19
24 20
3 4
4 11
9 14

Solution 47: 
15 23
17 3
22 19
24 20
3 4
4 11
6 8
9 14

Solution 48: 
15 23
17 3
21 15
24 20
3 4
4 11
6 8
9 14

Solution 49: 
16 22
17 3
21 15
24 20
3 4
4 11
6 8
9 14

Solution 50: 
16 22
17 3
18 9
21 15
24 20
3 4
4 11
9 14

Solution 51: 
15 23
17 3
18 9
21 15
24 20
3 4
4 11
9 14

Solution 52: 
1 2
15 23
17 3
18 9
21 15
24 20
4 11
9 14

Solution 53: 
1 2
15 23
17 3
21 15
24 20
4 11
6 8
9 14

Solution 54: 
1 2
16 22
17 3
21 15
24 20
4 11
6 8
9 14

Solution 55: 
1 2
16 22
17 3
18 9
21 15
24 20
4 11
9 14

Solution 56: 
1 2
16 22
17 3
18 9
21 15
23 24
4 11
9 14

Solution 57: 
1 2
16 22
17 3
18 9
22 19
23 24
4 11
9 14

Solution 58: 
16 22
17 3
18 9
22 19
23 24
3 4
4 11
9 14

Solution 59: 
16 22
17 3
18 9
21 15
23 24
3 4
4 11
9 14

Solution 60: 
15 23
17 3
18 9
21 15
23 24
3 4
4 11
9 14

Solution 61: 
1 2
15 23
17 3
18 9
21 15
23 24
4 11
9 14

Solution 62: 
1 2
15 23
17 3
18 9
22 19
23 24
4 11
9 14

Solution 63: 
15 23
17 3
18 9
22 19
23 24
3 4
4 11
9 14

Solution 64: 
15 23
17 3
22 19
23 24
3 4
4 11
6 8
9 14

Solution 65: 
15 23
17 3
21 15
23 24
3 4
4 11
6 8
9 14

Solution 66: 
1 2
15 23
17 3
21 15
23 24
4 11
6 8
9 14

Solution 67: 
1 2
15 23
17 3
22 19
23 24
4 11
6 8
9 14

Solution 68: 
1 2
16 22
17 3
22 19
23 24
4 11
6 8
9 14

Solution 69: 
1 2
16 22
17 3
21 15
23 24
4 11
6 8
9 14

Solution 70: 
16 22
17 3
21 15
23 24
3 4
4 11
6 8
9 14

Solution 71: 
16 22
17 3
22 19
23 24
3 4
4 11
6 8
9 14

Solution 72: 
16 22
18 9
19 6
22 19
23 24
3 4
4 11
9 14

Solution 73: 
16 22
18 9
19 3
22 19
23 24
3 4
4 11
9 14

Solution 74: 
1 2
16 22
18 9
19 3
22 19
23 24
4 11
9 14

Solution 75: 
1 2
16 22
18 9
19 6
22 19
23 24
4 11
9 14

Solution 76: 
1 2
16 22
18 9
19 6
21 15
23 24
4 11
9 14

Solution 77: 
1 2
16 22
18 9
19 3
21 15
23 24
4 11
9 14

Solution 78: 
1 2
16 22
18 9
19 3
21 15
24 20
4 11
9 14

Solution 79: 
1 2
16 22
18 9
19 6
21 15
24 20
4 11
9 14

Solution 80: 
16 22
18 9
19 6
21 15
24 20
3 4
4 11
9 14

Solution 81: 
16 22
18 9
19 3
21 15
24 20
3 4
4 11
9 14

Solution 82: 
16 22
18 9
19 3
21 15
23 24
3 4
4 11
9 14

Solution 83: 
16 22
18 9
19 6
21 15
23 24
3 4
4 11
9 14

Solution 84: 
15 23
18 9
19 6
21 15
23 24
3 4
4 11
9 14

Solution 85: 
15 23
18 9
19 6
22 19
23 24
3 4
4 11
9 14

Solution 86: 
1 2
15 23
18 9
19 6
22 19
23 24
4 11
9 14

Solution 87: 
1 2
15 23
18 9
19 6
21 15
23 24
4 11
9 14

Solution 88: 
1 2
15 23
18 9
19 6
21 15
24 20
4 11
9 14

Solution 89: 
15 23
18 9
19 6
21 15
24 20
3 4
4 11
9 14

Solution 90: 
15 23
18 9
19 3
21 15
24 20
3 4
4 11
9 14

Solution 91: 
15 23
18 9
19 3
21 15
23 24
3 4
4 11
9 14

Solution 92: 
15 23
18 9
19 3
22 19
23 24
3 4
4 11
9 14

Solution 93: 
1 2
15 23
18 9
19 3
22 19
23 24
4 11
9 14

Solution 94: 
1 2
15 23
18 9
19 3
21 15
23 24
4 11
9 14

Solution 95: 
1 2
15 23
18 9
19 3
21 15
24 20
4 11
9 14

Number of solutions found: 96

Changes at vertices: 
17 6 -> 17 3
Change visibility: 18 6
----------------------------------
Removal 3: 
Solution 0: 
16 22
18 9
21 15
23 24
3 4
4 11
9 14

Solution 1: 
15 23
18 9
21 15
23 24
3 4
4 11
9 14

Solution 2: 
1 2
15 23
18 9
21 15
23 24
4 11
9 14

Solution 3: 
1 2
16 22
18 9
21 15
23 24
4 11
9 14

Solution 4: 
1 2
16 22
18 9
21 15
24 20
4 11
9 14

Solution 5: 
1 2
15 23
18 9
21 15
24 20
4 11
9 14

Solution 6: 
1 2
15 23
18 9
22 19
24 20
4 11
9 14

Solution 7: 
1 2
16 22
18 9
22 19
24 20
4 11
9 14

Solution 8: 
1 2
16 22
18 9
22 19
23 24
4 11
9 14

Solution 9: 
1 2
15 23
18 9
22 19
23 24
4 11
9 14

Solution 10: 
15 23
18 9
22 19
23 24
3 4
4 11
9 14

Solution 11: 
15 23
18 9
22 19
24 20
3 4
4 11
9 14

Solution 12: 
16 22
18 9
22 19
24 20
3 4
4 11
9 14

Solution 13: 
16 22
18 9
22 19
23 24
3 4
4 11
9 14

Solution 14: 
16 22
18 9
21 15
24 20
3 4
4 11
9 14

Solution 15: 
15 23
18 9
21 15
24 20
3 4
4 11
9 14

Number of solutions found: 16

Changes at vertices: 
New Vertex: 17 7
18 7 -> 18 6
----------------------------------
Removal 4: 
Solution 0: 
16 22
18 9
21 15
23 24
3 4
4 11
9 14

Solution 1: 
16 22
18 9
21 15
24 20
3 4
4 11
9 14

Solution 2: 
16 22
18 9
22 19
24 20
3 4
4 11
9 14

Solution 3: 
16 22
18 9
22 19
23 24
3 4
4 11
9 14

Solution 4: 
1 2
16 22
18 9
22 19
23 24
4 11
9 14

Solution 5: 
1 2
16 22
18 9
21 15
23 24
4 11
9 14

Solution 6: 
1 2
16 22
18 9
21 15
24 20
4 11
9 14

Solution 7: 
1 2
16 22
18 9
22 19
24 20
4 11
9 14

Solution 8: 
1 2
16 22
22 19
24 20
4 11
6 8
9 14

Solution 9: 
1 2
16 22
22 19
23 24
4 11
6 8
9 14

Solution 10: 
1 2
16 22
21 15
23 24
4 11
6 8
9 14

Solution 11: 
1 2
16 22
21 15
24 20
4 11
6 8
9 14

Solution 12: 
16 22
21 15
24 20
3 4
4 11
6 8
9 14

Solution 13: 
16 22
21 15
23 24
3 4
4 11
6 8
9 14

Solution 14: 
16 22
22 19
23 24
3 4
4 11
6 8
9 14

Solution 15: 
16 22
22 19
24 20
3 4
4 11
6 8
9 14

Solution 16: 
15 23
22 19
24 20
3 4
4 11
6 8
9 14

Solution 17: 
15 23
22 19
23 24
3 4
4 11
6 8
9 14

Solution 18: 
1 2
15 23
22 19
23 24
4 11
6 8
9 14

Solution 19: 
1 2
15 23
22 19
24 20
4 11
6 8
9 14

Solution 20: 
1 2
15 23
18 9
22 19
24 20
4 11
9 14

Solution 21: 
1 2
15 23
18 9
22 19
23 24
4 11
9 14

Solution 22: 
15 23
18 9
22 19
23 24
3 4
4 11
9 14

Solution 23: 
15 23
18 9
22 19
24 20
3 4
4 11
9 14

Solution 24: 
15 23
18 9
21 15
24 20
3 4
4 11
9 14

Solution 25: 
15 23
18 9
21 15
23 24
3 4
4 11
9 14

Solution 26: 
1 2
15 23
18 9
21 15
23 24
4 11
9 14

Solution 27: 
1 2
15 23
18 9
21 15
24 20
4 11
9 14

Solution 28: 
1 2
15 23
21 15
24 20
4 11
6 8
9 14

Solution 29: 
1 2
15 23
21 15
23 24
4 11
6 8
9 14

Solution 30: 
15 23
21 15
23 24
3 4
4 11
6 8
9 14

Solution 31: 
15 23
21 15
24 20
3 4
4 11
6 8
9 14

Number of solutions found: 32

Changes at vertices: 
New Vertex: 6 8
18 8 -> 18 7
----------------------------------
Removal 5: 
Solution 0: 
16 22
22 19
24 20
3 8
4 11
7 4
9 14

Solution 1: 
16 22
22 19
24 20
3 4
3 8
4 11
9 14

Solution 2: 
16 22
22 19
24 20
3 8
4 11
7 2
9 14

Solution 3: 
1 2
16 22
22 19
24 20
3 8
4 11
9 14

Solution 4: 
1 2
16 22
22 19
23 24
3 8
4 11
9 14

Solution 5: 
16 22
22 19
23 24
3 4
3 8
4 11
9 14

Solution 6: 
16 22
22 19
23 24
3 8
4 11
7 4
9 14

Solution 7: 
16 22
22 19
23 24
3 8
4 11
7 2
9 14

Solution 8: 
15 23
22 19
23 24
3 8
4 11
7 2
9 14

Solution 9: 
15 23
22 19
23 24
3 8
4 11
7 4
9 14

Solution 10: 
15 23
22 19
23 24
3 4
3 8
4 11
9 14

Solution 11: 
15 23
22 19
24 20
3 4
3 8
4 11
9 14

Solution 12: 
15 23
22 19
24 20
3 8
4 11
7 2
9 14

Solution 13: 
15 23
22 19
24 20
3 8
4 11
7 4
9 14

Solution 14: 
1 2
15 23
22 19
24 20
3 8
4 11
9 14

Solution 15: 
1 2
15 23
22 19
23 24
3 8
4 11
9 14

Solution 16: 
1 2
15 23
21 15
23 24
3 8
4 11
9 14

Solution 17: 
1 2
15 23
21 15
24 20
3 8
4 11
9 14

Solution 18: 
15 23
21 15
24 20
3 8
4 11
7 2
9 14

Solution 19: 
15 23
21 15
24 20
3 4
3 8
4 11
9 14

Solution 20: 
15 23
21 15
24 20
3 8
4 11
7 4
9 14

Solution 21: 
15 23
21 15
23 24
3 8
4 11
7 4
9 14

Solution 22: 
15 23
21 15
23 24
3 8
4 11
7 2
9 14

Solution 23: 
15 23
21 15
23 24
3 4
3 8
4 11
9 14

Solution 24: 
16 22
21 15
23 24
3 4
3 8
4 11
9 14

Solution 25: 
1 2
16 22
21 15
23 24
3 8
4 11
9 14

Solution 26: 
16 22
21 15
23 24
3 8
4 11
7 2
9 14

Solution 27: 
16 22
21 15
23 24
3 8
4 11
7 4
9 14

Solution 28: 
16 22
21 15
24 20
3 8
4 11
7 4
9 14

Solution 29: 
1 2
16 22
21 15
24 20
3 8
4 11
9 14

Solution 30: 
16 22
21 15
24 20
3 4
3 8
4 11
9 14

Solution 31: 
16 22
21 15
24 20
3 8
4 11
7 2
9 14

Solution 32: 
12 10
16 22
21 15
24 20
3 8
7 2
9 14

Solution 33: 
12 11
16 22
21 15
24 20
3 8
7 2
9 14

Solution 34: 
16 22
21 15
24 20
3 8
5 10
7 2
9 14

Solution 35: 
1 2
16 22
21 15
24 20
3 8
5 10
9 14

Solution 36: 
16 22
21 15
24 20
3 4
3 8
5 10
9 14

Solution 37: 
16 22
21 15
24 20
3 8
5 10
7 4
9 14

Solution 38: 
12 10
16 22
21 15
24 20
3 8
7 4
9 14

Solution 39: 
12 11
16 22
21 15
24 20
3 8
7 4
9 14

Solution 40: 
1 2
12 11
16 22
21 15
24 20
3 8
9 14

Solution 41: 
12 11
16 22
21 15
24 20
3 4
3 8
9 14

Solution 42: 
12 10
16 22
21 15
24 20
3 4
3 8
9 14

Solution 43: 
1 2
12 10
16 22
21 15
24 20
3 8
9 14

Solution 44: 
1 2
12 10
16 22
21 15
23 24
3 8
9 14

Solution 45: 
12 10
16 22
21 15
23 24
3 4
3 8
9 14

Solution 46: 
12 11
16 22
21 15
23 24
3 4
3 8
9 14

Solution 47: 
1 2
12 11
16 22
21 15
23 24
3 8
9 14

Solution 48: 
1 2
16 22
21 15
23 24
3 8
5 10
9 14

Solution 49: 
16 22
21 15
23 24
3 4
3 8
5 10
9 14

Solution 50: 
16 22
21 15
23 24
3 8
5 10
7 2
9 14

Solution 51: 
12 10
16 22
21 15
23 24
3 8
7 2
9 14

Solution 52: 
12 10
16 22
21 15
23 24
3 8
7 4
9 14

Solution 53: 
16 22
21 15
23 24
3 8
5 10
7 4
9 14

Solution 54: 
12 11
16 22
21 15
23 24
3 8
7 4
9 14

Solution 55: 
12 11
16 22
21 15
23 24
3 8
7 2
9 14

Solution 56: 
12 11
16 22
22 19
23 24
3 8
7 2
9 14

Solution 57: 
12 10
16 22
22 19
23 24
3 8
7 2
9 14

Solution 58: 
16 22
22 19
23 24
3 8
5 10
7 2
9 14

Solution 59: 
16 22
22 19
24 20
3 8
5 10
7 2
9 14

Solution 60: 
12 10
16 22
22 19
24 20
3 8
7 2
9 14

Solution 61: 
12 11
16 22
22 19
24 20
3 8
7 2
9 14

Solution 62: 
12 11
16 22
22 19
24 20
3 4
3 8
9 14

Solution 63: 
1 2
12 11
16 22
22 19
24 20
3 8
9 14

Solution 64: 
12 11
16 22
22 19
24 20
3 8
7 4
9 14

Solution 65: 
12 11
16 22
22 19
23 24
3 8
7 4
9 14

Solution 66: 
12 11
16 22
22 19
23 24
3 4
3 8
9 14

Solution 67: 
1 2
12 11
16 22
22 19
23 24
3 8
9 14

Solution 68: 
1 2
12 10
16 22
22 19
23 24
3 8
9 14

Solution 69: 
1 2
16 22
22 19
23 24
3 8
5 10
9 14

Solution 70: 
16 22
22 19
23 24
3 4
3 8
5 10
9 14

Solution 71: 
16 22
22 19
23 24
3 8
5 10
7 4
9 14

Solution 72: 
12 10
16 22
22 19
23 24
3 8
7 4
9 14

Solution 73: 
12 10
16 22
22 19
23 24
3 4
3 8
9 14

Solution 74: 
12 10
16 22
22 19
24 20
3 4
3 8
9 14

Solution 75: 
12 10
16 22
22 19
24 20
3 8
7 4
9 14

Solution 76: 
1 2
12 10
16 22
22 19
24 20
3 8
9 14

Solution 77: 
1 2
16 22
22 19
24 20
3 8
5 10
9 14

Solution 78: 
16 22
22 19
24 20
3 4
3 8
5 10
9 14

Solution 79: 
16 22
22 19
24 20
3 8
5 10
7 4
9 14

Solution 80: 
15 23
22 19
24 20
3 8
5 10
7 4
9 14

Solution 81: 
12 11
15 23
22 19
24 20
3 8
7 4
9 14

Solution 82: 
12 10
15 23
22 19
24 20
3 8
7 4
9 14

Solution 83: 
12 10
15 23
22 19
23 24
3 8
7 4
9 14

Solution 84: 
15 23
22 19
23 24
3 8
5 10
7 4
9 14

Solution 85: 
12 11
15 23
22 19
23 24
3 8
7 4
9 14

Solution 86: 
12 11
15 23
21 15
23 24
3 8
7 4
9 14

Solution 87: 
12 11
15 23
21 15
24 20
3 8
7 4
9 14

Solution 88: 
12 10
15 23
21 15
24 20
3 8
7 4
9 14

Solution 89: 
15 23
21 15
24 20
3 8
5 10
7 4
9 14

Solution 90: 
15 23
21 15
23 24
3 8
5 10
7 4
9 14

Solution 91: 
12 10
15 23
21 15
23 24
3 8
7 4
9 14

Solution 92: 
12 10
15 23
21 15
23 24
3 8
7 2
9 14

Solution 93: 
12 10
15 23
21 15
23 24
3 4
3 8
9 14

Solution 94: 
1 2
12 10
15 23
21 15
23 24
3 8
9 14

Solution 95: 
1 2
12 10
15 23
21 15
24 20
3 8
9 14

Solution 96: 
12 10
15 23
21 15
24 20
3 8
7 2
9 14

Solution 97: 
12 10
15 23
21 15
24 20
3 4
3 8
9 14

Solution 98: 
12 11
15 23
21 15
24 20
3 4
3 8
9 14

Solution 99: 
15 23
21 15
24 20
3 4
3 8
5 10
9 14

Solution 100: 
15 23
21 15
23 24
3 4
3 8
5 10
9 14

Solution 101: 
12 11
15 23
21 15
23 24
3 4
3 8
9 14

Solution 102: 
12 11
15 23
21 15
23 24
3 8
7 2
9 14

Solution 103: 
1 2
12 11
15 23
21 15
23 24
3 8
9 14

Solution 104: 
1 2
12 11
15 23
21 15
24 20
3 8
9 14

Solution 105: 
12 11
15 23
21 15
24 20
3 8
7 2
9 14

Solution 106: 
15 23
21 15
24 20
3 8
5 10
7 2
9 14

Solution 107: 
1 2
15 23
21 15
24 20
3 8
5 10
9 14

Solution 108: 
1 2
15 23
21 15
23 24
3 8
5 10
9 14

Solution 109: 
15 23
21 15
23 24
3 8
5 10
7 2
9 14

Solution 110: 
15 23
22 19
23 24
3 8
5 10
7 2
9 14

Solution 111: 
12 10
15 23
22 19
23 24
3 8
7 2
9 14

Solution 112: 
12 11
15 23
22 19
23 24
3 8
7 2
9 14

Solution 113: 
12 11
15 23
22 19
24 20
3 8
7 2
9 14

Solution 114: 
12 10
15 23
22 19
24 20
3 8
7 2
9 14

Solution 115: 
15 23
22 19
24 20
3 8
5 10
7 2
9 14

Solution 116: 
15 23
22 19
24 20
3 4
3 8
5 10
9 14

Solution 117: 
1 2
15 23
22 19
24 20
3 8
5 10
9 14

Solution 118: 
1 2
15 23
22 19
23 24
3 8
5 10
9 14

Solution 119: 
15 23
22 19
23 24
3 4
3 8
5 10
9 14

Solution 120: 
12 11
15 23
22 19
23 24
3 4
3 8
9 14

Solution 121: 
12 10
15 23
22 19
23 24
3 4
3 8
9 14

Solution 122: 
12 10
15 23
22 19
24 20
3 4
3 8
9 14

Solution 123: 
12 11
15 23
22 19
24 20
3 4
3 8
9 14

Solution 124: 
1 2
12 11
15 23
22 19
24 20
3 8
9 14

Solution 125: 
1 2
12 10
15 23
22 19
24 20
3 8
9 14

Solution 126: 
1 2
12 10
15 23
22 19
23 24
3 8
9 14

Solution 127: 
1 2
12 11
15 23
22 19
23 24
3 8
9 14

Solution 128: 
1 2
15 23
22 19
23 24
4 11
5 9
9 14

Solution 129: 
1 2
15 23
18 8
22 19
23 24
4 11
9 14

Solution 130: 
1 2
15 23
18 9
22 19
23 24
4 11
9 14

Solution 131: 
1 2
15 23
18 9
21 15
23 24
4 11
9 14

Solution 132: 
1 2
15 23
18 8
21 15
23 24
4 11
9 14

Solution 133: 
1 2
15 23
21 15
23 24
4 11
5 9
9 14

Solution 134: 
1 2
15 23
21 15
24 20
4 11
5 9
9 14

Solution 135: 
1 2
15 23
22 19
24 20
4 11
5 9
9 14

Solution 136: 
1 2
15 23
18 9
22 19
24 20
4 11
9 14

Solution 137: 
1 2
15 23
18 8
22 19
24 20
4 11
9 14

Solution 138: 
1 2
15 23
18 8
21 15
24 20
4 11
9 14

Solution 139: 
1 2
15 23
18 9
21 15
24 20
4 11
9 14

Solution 140: 
15 23
18 9
21 15
24 20
3 4
4 11
9 14

Solution 141: 
15 23
18 9
21 15
23 24
3 4
4 11
9 14

Solution 142: 
15 23
18 8
21 15
23 24
3 4
4 11
9 14

Solution 143: 
15 23
18 8
21 15
24 20
3 4
4 11
9 14

Solution 144: 
15 23
21 15
24 20
3 4
4 11
5 9
9 14

Solution 145: 
15 23
21 15
23 24
3 4
4 11
5 9
9 14

Solution 146: 
15 23
22 19
23 24
3 4
4 11
5 9
9 14

Solution 147: 
15 23
22 19
24 20
3 4
4 11
5 9
9 14

Solution 148: 
15 23
18 8
22 19
24 20
3 4
4 11
9 14

Solution 149: 
15 23
18 9
22 19
24 20
3 4
4 11
9 14

Solution 150: 
15 23
18 9
22 19
23 24
3 4
4 11
9 14

Solution 151: 
15 23
18 8
22 19
23 24
3 4
4 11
9 14

Solution 152: 
16 22
18 8
22 19
23 24
3 4
4 11
9 14

Solution 153: 
16 22
18 9
22 19
23 24
3 4
4 11
9 14

Solution 154: 
16 22
18 9
22 19
24 20
3 4
4 11
9 14

Solution 155: 
16 22
18 8
22 19
24 20
3 4
4 11
9 14

Solution 156: 
16 22
22 19
24 20
3 4
4 11
5 9
9 14

Solution 157: 
16 22
22 19
23 24
3 4
4 11
5 9
9 14

Solution 158: 
16 22
21 15
23 24
3 4
4 11
5 9
9 14

Solution 159: 
16 22
21 15
24 20
3 4
4 11
5 9
9 14

Solution 160: 
16 22
18 9
21 15
24 20
3 4
4 11
9 14

Solution 161: 
16 22
18 8
21 15
24 20
3 4
4 11
9 14

Solution 162: 
16 22
18 8
21 15
23 24
3 4
4 11
9 14

Solution 163: 
16 22
18 9
21 15
23 24
3 4
4 11
9 14

Solution 164: 
1 2
16 22
18 9
21 15
23 24
4 11
9 14

Solution 165: 
1 2
16 22
18 9
21 15
24 20
4 11
9 14

Solution 166: 
1 2
16 22
18 9
22 19
24 20
4 11
9 14

Solution 167: 
1 2
16 22
18 9
22 19
23 24
4 11
9 14

Solution 168: 
1 2
16 22
18 8
22 19
23 24
4 11
9 14

Solution 169: 
1 2
16 22
22 19
23 24
4 11
5 9
9 14

Solution 170: 
1 2
16 22
22 19
24 20
4 11
5 9
9 14

Solution 171: 
1 2
16 22
18 8
22 19
24 20
4 11
9 14

Solution 172: 
1 2
16 22
18 8
21 15
24 20
4 11
9 14

Solution 173: 
1 2
16 22
21 15
24 20
4 11
5 9
9 14

Solution 174: 
1 2
16 22
21 15
23 24
4 11
5 9
9 14

Solution 175: 
1 2
16 22
18 8
21 15
23 24
4 11
9 14

Number of solutions found: 176

Changes at vertices: 
New Vertex: 21 15
25 15 -> 25 13
----------------------------------
Removal 6: 
Solution 0: 
1 2
15 23
22 19
23 24
3 8
5 10
9 14

Solution 1: 
1 2
15 23
20 15
23 24
3 8
5 10
9 14

Solution 2: 
15 23
20 15
23 24
3 4
3 8
5 10
9 14

Solution 3: 
15 23
20 15
23 24
3 8
5 10
7 4
9 14

Solution 4: 
15 23
20 15
23 24
3 8
5 10
7 2
9 14

Solution 5: 
15 23
22 19
23 24
3 8
5 10
7 2
9 14

Solution 6: 
15 23
22 19
23 24
3 4
3 8
5 10
9 14

Solution 7: 
15 23
22 19
23 24
3 8
5 10
7 4
9 14

Solution 8: 
16 22
22 19
23 24
3 8
5 10
7 4
9 14

Solution 9: 
16 22
22 19
23 24
3 4
3 8
5 10
9 14

Solution 10: 
1 2
16 22
22 19
23 24
3 8
5 10
9 14

Solution 11: 
16 22
22 19
23 24
3 8
5 10
7 2
9 14

Solution 12: 
16 22
20 15
23 24
3 8
5 10
7 2
9 14

Solution 13: 
16 22
20 15
23 24
3 4
3 8
5 10
9 14

Solution 14: 
1 2
16 22
20 15
23 24
3 8
5 10
9 14

Solution 15: 
16 22
20 15
23 24
3 8
5 10
7 4
9 14

Solution 16: 
12 11
16 22
20 15
23 24
3 8
7 4
9 14

Solution 17: 
12 10
16 22
20 15
23 24
3 8
7 4
9 14

Solution 18: 
16 22
20 15
23 24
3 8
4 11
7 4
9 14

Solution 19: 
16 22
22 19
23 24
3 8
4 11
7 4
9 14

Solution 20: 
12 10
16 22
22 19
23 24
3 8
7 4
9 14

Solution 21: 
12 11
16 22
22 19
23 24
3 8
7 4
9 14

Solution 22: 
12 11
15 23
22 19
23 24
3 8
7 4
9 14

Solution 23: 
12 11
15 23
20 15
23 24
3 8
7 4
9 14

Solution 24: 
12 10
15 23
20 15
23 24
3 8
7 4
9 14

Solution 25: 
15 23
20 15
23 24
3 8
4 11
7 4
9 14

Solution 26: 
15 23
22 19
23 24
3 8
4 11
7 4
9 14

Solution 27: 
12 10
15 23
22 19
23 24
3 8
7 4
9 14

Solution 28: 
12 10
15 23
22 19
23 24
3 8
7 2
9 14

Solution 29: 
1 2
12 10
15 23
22 19
23 24
3 8
9 14

Solution 30: 
12 10
15 23
22 19
23 24
3 4
3 8
9 14

Solution 31: 
12 10
15 23
20 15
23 24
3 4
3 8
9 14

Solution 32: 
1 2
12 10
15 23
20 15
23 24
3 8
9 14

Solution 33: 
12 10
15 23
20 15
23 24
3 8
7 2
9 14

Solution 34: 
12 10
16 22
20 15
23 24
3 8
7 2
9 14

Solution 35: 
12 10
16 22
22 19
23 24
3 8
7 2
9 14

Solution 36: 
1 2
12 10
16 22
22 19
23 24
3 8
9 14

Solution 37: 
12 10
16 22
22 19
23 24
3 4
3 8
9 14

Solution 38: 
12 10
16 22
20 15
23 24
3 4
3 8
9 14

Solution 39: 
1 2
12 10
16 22
20 15
23 24
3 8
9 14

Solution 40: 
1 2
12 11
16 22
20 15
23 24
3 8
9 14

Solution 41: 
1 2
16 22
20 15
23 24
3 8
4 11
9 14

Solution 42: 
16 22
20 15
23 24
3 8
4 11
7 2
9 14

Solution 43: 
12 11
16 22
20 15
23 24
3 8
7 2
9 14

Solution 44: 
12 11
16 22
20 15
23 24
3 4
3 8
9 14

Solution 45: 
16 22
20 15
23 24
3 4
3 8
4 11
9 14

Solution 46: 
16 22
22 19
23 24
3 4
3 8
4 11
9 14

Solution 47: 
16 22
22 19
23 24
3 8
4 11
7 2
9 14

Solution 48: 
1 2
16 22
22 19
23 24
3 8
4 11
9 14

Solution 49: 
1 2
15 23
22 19
23 24
3 8
4 11
9 14

Solution 50: 
1 2
15 23
20 15
23 24
3 8
4 11
9 14

Solution 51: 
15 23
20 15
23 24
3 8
4 11
7 2
9 14

Solution 52: 
15 23
20 15
23 24
3 4
3 8
4 11
9 14

Solution 53: 
15 23
22 19
23 24
3 4
3 8
4 11
9 14

Solution 54: 
15 23
22 19
23 24
3 8
4 11
7 2
9 14

Solution 55: 
12 11
15 23
22 19
23 24
3 8
7 2
9 14

Solution 56: 
12 11
15 23
20 15
23 24
3 8
7 2
9 14

Solution 57: 
12 11
16 22
22 19
23 24
3 8
7 2
9 14

Solution 58: 
1 2
12 11
16 22
22 19
23 24
3 8
9 14

Solution 59: 
12 11
16 22
22 19
23 24
3 4
3 8
9 14

Solution 60: 
12 11
15 23
22 19
23 24
3 4
3 8
9 14

Solution 61: 
1 2
12 11
15 23
22 19
23 24
3 8
9 14

Solution 62: 
1 2
12 11
15 23
20 15
23 24
3 8
9 14

Solution 63: 
12 11
15 23
20 15
23 24
3 4
3 8
9 14

Solution 64: 
15 23
18 9
20 15
23 24
3 4
4 11
9 14

Solution 65: 
15 23
18 8
20 15
23 24
3 4
4 11
9 14

Solution 66: 
15 23
18 8
22 19
23 24
3 4
4 11
9 14

Solution 67: 
15 23
18 9
22 19
23 24
3 4
4 11
9 14

Solution 68: 
15 23
22 19
23 24
3 4
4 11
5 9
9 14

Solution 69: 
1 2
15 23
22 19
23 24
4 11
5 9
9 14

Solution 70: 
1 2
15 23
18 9
22 19
23 24
4 11
9 14

Solution 71: 
1 2
15 23
18 8
22 19
23 24
4 11
9 14

Solution 72: 
1 2
15 23
18 8
20 15
23 24
4 11
9 14

Solution 73: 
1 2
15 23
18 9
20 15
23 24
4 11
9 14

Solution 74: 
1 2
15 23
20 15
23 24
4 11
5 9
9 14

Solution 75: 
15 23
20 15
23 24
3 4
4 11
5 9
9 14

Solution 76: 
16 22
20 15
23 24
3 4
4 11
5 9
9 14

Solution 77: 
16 22
22 19
23 24
3 4
4 11
5 9
9 14

Solution 78: 
1 2
16 22
22 19
23 24
4 11
5 9
9 14

Solution 79: 
1 2
16 22
20 15
23 24
4 11
5 9
9 14

Solution 80: 
1 2
16 22
18 9
20 15
23 24
4 11
9 14

Solution 81: 
1 2
16 22
18 8
20 15
23 24
4 11
9 14

Solution 82: 
1 2
16 22
18 8
22 19
23 24
4 11
9 14

Solution 83: 
1 2
16 22
18 9
22 19
23 24
4 11
9 14

Solution 84: 
16 22
18 9
22 19
23 24
3 4
4 11
9 14

Solution 85: 
16 22
18 9
20 15
23 24
3 4
4 11
9 14

Solution 86: 
16 22
18 8
20 15
23 24
3 4
4 11
9 14

Solution 87: 
16 22
18 8
22 19
23 24
3 4
4 11
9 14

Solution 88: 
16 22
18 8
22 19
24 20
3 4
4 11
9 14

Solution 89: 
16 22
18 8
20 15
24 20
3 4
4 11
9 14

Solution 90: 
15 23
18 8
20 15
24 20
3 4
4 11
9 14

Solution 91: 
15 23
18 8
22 19
24 20
3 4
4 11
9 14

Solution 92: 
15 23
18 9
22 19
24 20
3 4
4 11
9 14

Solution 93: 
15 23
22 19
24 20
3 4
4 11
5 9
9 14

Solution 94: 
15 23
22 19
24 20
3 4
3 8
4 11
9 14

Solution 95: 
16 22
22 19
24 20
3 4
3 8
4 11
9 14

Solution 96: 
16 22
18 9
22 19
24 20
3 4
4 11
9 14

Solution 97: 
16 22
22 19
24 20
3 4
4 11
5 9
9 14

Solution 98: 
16 22
20 15
24 20
3 4
4 11
5 9
9 14

Solution 99: 
16 22
18 9
20 15
24 20
3 4
4 11
9 14

Solution 100: 
16 22
20 15
24 20
3 4
3 8
4 11
9 14

Solution 101: 
15 23
20 15
24 20
3 4
3 8
4 11
9 14

Solution 102: 
15 23
20 15
24 20
3 4
4 11
5 9
9 14

Solution 103: 
15 23
18 9
20 15
24 20
3 4
4 11
9 14

Solution 104: 
12 10
15 23
20 15
24 20
3 4
3 8
9 14

Solution 105: 
12 11
15 23
20 15
24 20
3 4
3 8
9 14

Solution 106: 
15 23
20 15
24 20
3 4
3 8
5 10
9 14

Solution 107: 
16 22
20 15
24 20
3 4
3 8
5 10
9 14

Solution 108: 
12 10
16 22
20 15
24 20
3 4
3 8
9 14

Solution 109: 
12 11
16 22
20 15
24 20
3 4
3 8
9 14

Solution 110: 
12 11
16 22
20 15
24 20
3 8
7 4
9 14

Solution 111: 
12 11
16 22
20 15
24 20
3 8
7 2
9 14

Solution 112: 
1 2
12 11
16 22
20 15
24 20
3 8
9 14

Solution 113: 
1 2
12 11
15 23
20 15
24 20
3 8
9 14

Solution 114: 
12 11
15 23
20 15
24 20
3 8
7 2
9 14

Solution 115: 
12 11
15 23
20 15
24 20
3 8
7 4
9 14

Solution 116: 
12 10
15 23
20 15
24 20
3 8
7 4
9 14

Solution 117: 
15 23
20 15
24 20
3 8
5 10
7 4
9 14

Solution 118: 
15 23
20 15
24 20
3 8
4 11
7 4
9 14

Solution 119: 
1 2
15 23
20 15
24 20
3 8
4 11
9 14

Solution 120: 
15 23
20 15
24 20
3 8
4 11
7 2
9 14

Solution 121: 
12 10
15 23
20 15
24 20
3 8
7 2
9 14

Solution 122: 
15 23
20 15
24 20
3 8
5 10
7 2
9 14

Solution 123: 
1 2
15 23
20 15
24 20
3 8
5 10
9 14

Solution 124: 
1 2
12 10
15 23
20 15
24 20
3 8
9 14

Solution 125: 
1 2
15 23
18 9
20 15
24 20
4 11
9 14

Solution 126: 
1 2
15 23
18 8
20 15
24 20
4 11
9 14

Solution 127: 
1 2
15 23
20 15
24 20
4 11
5 9
9 14

Solution 128: 
1 2
15 23
22 19
24 20
4 11
5 9
9 14

Solution 129: 
1 2
15 23
18 9
22 19
24 20
4 11
9 14

Solution 130: 
1 2
15 23
22 19
24 20
3 8
4 11
9 14

Solution 131: 
1 2
15 23
18 8
22 19
24 20
4 11
9 14

Solution 132: 
15 23
22 19
24 20
3 8
4 11
7 4
9 14

Solution 133: 
15 23
22 19
24 20
3 8
4 11
7 2
9 14

Solution 134: 
12 11
15 23
22 19
24 20
3 8
7 2
9 14

Solution 135: 
12 10
15 23
22 19
24 20
3 8
7 2
9 14

Solution 136: 
15 23
22 19
24 20
3 8
5 10
7 2
9 14

Solution 137: 
15 23
22 19
24 20
3 8
5 10
7 4
9 14

Solution 138: 
15 23
22 19
24 20
3 4
3 8
5 10
9 14

Solution 139: 
1 2
15 23
22 19
24 20
3 8
5 10
9 14

Solution 140: 
1 2
12 11
15 23
22 19
24 20
3 8
9 14

Solution 141: 
1 2
12 10
15 23
22 19
24 20
3 8
9 14

Solution 142: 
12 10
15 23
22 19
24 20
3 8
7 4
9 14

Solution 143: 
12 10
15 23
22 19
24 20
3 4
3 8
9 14

Solution 144: 
12 11
15 23
22 19
24 20
3 4
3 8
9 14

Solution 145: 
12 11
15 23
22 19
24 20
3 8
7 4
9 14

Solution 146: 
12 11
16 22
22 19
24 20
3 8
7 4
9 14

Solution 147: 
16 22
22 19
24 20
3 8
4 11
7 4
9 14

Solution 148: 
12 10
16 22
22 19
24 20
3 8
7 4
9 14

Solution 149: 
16 22
22 19
24 20
3 8
5 10
7 4
9 14

Solution 150: 
16 22
22 19
24 20
3 8
5 10
7 2
9 14

Solution 151: 
16 22
22 19
24 20
3 4
3 8
5 10
9 14

Solution 152: 
1 2
16 22
22 19
24 20
3 8
5 10
9 14

Solution 153: 
1 2
12 10
16 22
22 19
24 20
3 8
9 14

Solution 154: 
1 2
12 11
16 22
22 19
24 20
3 8
9 14

Solution 155: 
12 11
16 22
22 19
24 20
3 4
3 8
9 14

Solution 156: 
12 11
16 22
22 19
24 20
3 8
7 2
9 14

Solution 157: 
12 10
16 22
22 19
24 20
3 8
7 2
9 14

Solution 158: 
12 10
16 22
22 19
24 20
3 4
3 8
9 14

Solution 159: 
16 22
22 19
24 20
3 8
4 11
7 2
9 14

Solution 160: 
1 2
16 22
22 19
24 20
3 8
4 11
9 14

Solution 161: 
1 2
16 22
18 9
22 19
24 20
4 11
9 14

Solution 162: 
1 2
16 22
18 8
22 19
24 20
4 11
9 14

Solution 163: 
1 2
16 22
22 19
24 20
4 11
5 9
9 14

Solution 164: 
1 2
16 22
20 15
24 20
4 11
5 9
9 14

Solution 165: 
1 2
16 22
18 8
20 15
24 20
4 11
9 14

Solution 166: 
1 2
16 22
18 9
20 15
24 20
4 11
9 14

Solution 167: 
1 2
16 22
20 15
24 20
3 8
4 11
9 14

Solution 168: 
1 2
12 10
16 22
20 15
24 20
3 8
9 14

Solution 169: 
1 2
16 22
20 15
24 20
3 8
5 10
9 14

Solution 170: 
16 22
20 15
24 20
3 8
5 10
7 4
9 14

Solution 171: 
16 22
20 15
24 20
3 8
5 10
7 2
9 14

Solution 172: 
12 10
16 22
20 15
24 20
3 8
7 2
9 14

Solution 173: 
16 22
20 15
24 20
3 8
4 11
7 2
9 14

Solution 174: 
16 22
20 15
24 20
3 8
4 11
7 4
9 14

Solution 175: 
12 10
16 22
20 15
24 20
3 8
7 4
9 14

Number of solutions found: 176

Changes at vertices: 
20 19 -> 20 15
Change visibility: 22 19
----------------------------------
Removal 7: 
Solution 0: 
16 22
20 22
24 20
3 4
3 8
5 10
9 14

Solution 1: 
16 22
22 19
24 20
3 4
3 8
5 10
9 14

Solution 2: 
16 22
22 20
24 20
3 4
3 8
5 10
9 14

Solution 3: 
16 22
20 19
24 20
3 4
3 8
5 10
9 14

Solution 4: 
16 22
20 19
23 24
3 4
3 8
5 10
9 14

Solution 5: 
16 22
22 19
23 24
3 4
3 8
5 10
9 14

Solution 6: 
16 22
22 20
23 24
3 4
3 8
5 10
9 14

Solution 7: 
16 22
22 20
23 25
3 4
3 8
5 10
9 14

Solution 8: 
16 22
22 20
24 25
3 4
3 8
5 10
9 14

Solution 9: 
16 22
20 22
24 25
3 4
3 8
5 10
9 14

Solution 10: 
16 22
20 22
23 25
3 4
3 8
5 10
9 14

Solution 11: 
16 22
20 22
23 24
3 4
3 8
5 10
9 14

Solution 12: 
12 11
16 22
20 22
23 24
3 4
3 8
9 14

Solution 13: 
12 10
16 22
20 22
23 24
3 4
3 8
9 14

Solution 14: 
16 22
20 22
23 24
3 4
3 8
4 11
9 14

Solution 15: 
16 22
20 22
23 24
3 4
4 11
5 9
9 14

Solution 16: 
16 22
18 9
20 22
23 24
3 4
4 11
9 14

Solution 17: 
16 22
18 8
20 22
23 24
3 4
4 11
9 14

Solution 18: 
16 22
18 8
20 19
23 24
3 4
4 11
9 14

Solution 19: 
16 22
18 8
22 19
23 24
3 4
4 11
9 14

Solution 20: 
16 22
18 8
22 20
23 24
3 4
4 11
9 14

Solution 21: 
16 22
18 9
22 20
23 24
3 4
4 11
9 14

Solution 22: 
16 22
22 20
23 24
3 4
4 11
5 9
9 14

Solution 23: 
16 22
22 20
23 24
3 4
3 8
4 11
9 14

Solution 24: 
16 22
22 19
23 24
3 4
3 8
4 11
9 14

Solution 25: 
16 22
18 9
22 19
23 24
3 4
4 11
9 14

Solution 26: 
16 22
22 19
23 24
3 4
4 11
5 9
9 14

Solution 27: 
16 22
20 19
23 24
3 4
4 11
5 9
9 14

Solution 28: 
16 22
18 9
20 19
23 24
3 4
4 11
9 14

Solution 29: 
16 22
20 19
23 24
3 4
3 8
4 11
9 14

Solution 30: 
12 11
16 22
20 19
23 24
3 4
3 8
9 14

Solution 31: 
12 10
16 22
20 19
23 24
3 4
3 8
9 14

Solution 32: 
12 10
16 22
22 20
23 24
3 4
3 8
9 14

Solution 33: 
12 10
16 22
22 19
23 24
3 4
3 8
9 14

Solution 34: 
12 11
16 22
22 19
23 24
3 4
3 8
9 14

Solution 35: 
12 11
16 22
22 20
23 24
3 4
3 8
9 14

Solution 36: 
12 11
16 22
22 20
24 20
3 4
3 8
9 14

Solution 37: 
12 11
16 22
22 20
23 25
3 4
3 8
9 14

Solution 38: 
12 11
16 22
22 20
24 25
3 4
3 8
9 14

Solution 39: 
12 11
16 22
20 22
24 25
3 4
3 8
9 14

Solution 40: 
12 11
16 22
20 22
23 25
3 4
3 8
9 14

Solution 41: 
12 11
16 22
20 22
24 20
3 4
3 8
9 14

Solution 42: 
12 11
16 22
22 19
24 20
3 4
3 8
9 14

Solution 43: 
12 11
16 22
20 19
24 20
3 4
3 8
9 14

Solution 44: 
12 10
16 22
20 19
24 20
3 4
3 8
9 14

Solution 45: 
16 22
20 19
24 20
3 4
3 8
4 11
9 14

Solution 46: 
16 22
22 19
24 20
3 4
3 8
4 11
9 14

Solution 47: 
16 22
20 22
24 20
3 4
3 8
4 11
9 14

Solution 48: 
16 22
22 20
24 20
3 4
3 8
4 11
9 14

Solution 49: 
12 10
16 22
22 20
24 20
3 4
3 8
9 14

Solution 50: 
12 10
16 22
22 19
24 20
3 4
3 8
9 14

Solution 51: 
12 10
16 22
20 22
24 20
3 4
3 8
9 14

Solution 52: 
12 10
16 22
20 22
24 25
3 4
3 8
9 14

Solution 53: 
12 10
16 22
20 22
23 25
3 4
3 8
9 14

Solution 54: 
12 10
16 22
22 20
23 25
3 4
3 8
9 14

Solution 55: 
12 10
16 22
22 20
24 25
3 4
3 8
9 14

Solution 56: 
16 22
22 20
24 25
3 4
3 8
4 11
9 14

Solution 57: 
16 22
22 20
23 25
3 4
3 8
4 11
9 14

Solution 58: 
16 22
20 22
23 25
3 4
3 8
4 11
9 14

Solution 59: 
16 22
20 22
24 25
3 4
3 8
4 11
9 14

Solution 60: 
16 22
18 9
20 22
24 25
3 4
4 11
9 14

Solution 61: 
16 22
18 8
20 22
24 25
3 4
4 11
9 14

Solution 62: 
16 22
20 22
24 25
3 4
4 11
5 9
9 14

Solution 63: 
16 22
20 22
23 25
3 4
4 11
5 9
9 14

Solution 64: 
16 22
20 22
24 20
3 4
4 11
5 9
9 14

Solution 65: 
16 22
18 9
20 22
24 20
3 4
4 11
9 14

Solution 66: 
16 22
18 8
20 22
24 20
3 4
4 11
9 14

Solution 67: 
16 22
18 8
20 22
23 25
3 4
4 11
9 14

Solution 68: 
16 22
18 9
20 22
23 25
3 4
4 11
9 14

Solution 69: 
16 22
18 9
22 20
23 25
3 4
4 11
9 14

Solution 70: 
16 22
18 8
22 20
23 25
3 4
4 11
9 14

Solution 71: 
16 22
18 8
22 20
24 25
3 4
4 11
9 14

Solution 72: 
16 22
18 9
22 20
24 25
3 4
4 11
9 14

Solution 73: 
16 22
18 9
22 20
24 20
3 4
4 11
9 14

Solution 74: 
16 22
18 9
22 19
24 20
3 4
4 11
9 14

Solution 75: 
16 22
18 9
20 19
24 20
3 4
4 11
9 14

Solution 76: 
16 22
18 8
20 19
24 20
3 4
4 11
9 14

Solution 77: 
16 22
18 8
22 19
24 20
3 4
4 11
9 14

Solution 78: 
16 22
18 8
22 20
24 20
3 4
4 11
9 14

Solution 79: 
16 22
22 20
24 20
3 4
4 11
5 9
9 14

Solution 80: 
16 22
22 19
24 20
3 4
4 11
5 9
9 14

Solution 81: 
16 22
20 19
24 20
3 4
4 11
5 9
9 14

Solution 82: 
16 22
22 20
23 25
3 4
4 11
5 9
9 14

Solution 83: 
16 22
22 20
24 25
3 4
4 11
5 9
9 14

Solution 84: 
15 23
22 20
24 25
3 4
4 11
5 9
9 14

Solution 85: 
15 23
22 20
23 24
3 4
4 11
5 9
9 14

Solution 86: 
15 23
22 20
23 25
3 4
4 11
5 9
9 14

Solution 87: 
15 23
18 9
22 20
23 25
3 4
4 11
9 14

Solution 88: 
15 23
18 8
22 20
23 25
3 4
4 11
9 14

Solution 89: 
15 23
22 20
23 25
3 4
3 8
4 11
9 14

Solution 90: 
15 23
22 20
24 25
3 4
3 8
4 11
9 14

Solution 91: 
15 23
22 20
24 20
3 4
3 8
4 11
9 14

Solution 92: 
15 23
22 20
23 24
3 4
3 8
4 11
9 14

Solution 93: 
15 23
18 8
22 20
23 24
3 4
4 11
9 14

Solution 94: 
15 23
18 9
22 20
23 24
3 4
4 11
9 14

Solution 95: 
15 23
18 9
22 20
24 25
3 4
4 11
9 14

Solution 96: 
15 23
18 9
22 20
24 20
3 4
4 11
9 14

Solution 97: 
15 23
18 8
22 20
24 20
3 4
4 11
9 14

Solution 98: 
15 23
18 8
22 20
24 25
3 4
4 11
9 14

Solution 99: 
15 23
22 20
24 20
3 4
4 11
5 9
9 14

Solution 100: 
12 11
15 23
22 20
24 20
3 4
3 8
9 14

Solution 101: 
12 10
15 23
22 20
24 20
3 4
3 8
9 14

Solution 102: 
12 10
15 23
22 20
24 25
3 4
3 8
9 14

Solution 103: 
12 11
15 23
22 20
24 25
3 4
3 8
9 14

Solution 104: 
12 11
15 23
22 20
23 25
3 4
3 8
9 14

Solution 105: 
12 10
15 23
22 20
23 25
3 4
3 8
9 14

Solution 106: 
15 23
22 20
23 25
3 4
3 8
5 10
9 14

Solution 107: 
15 23
22 20
24 25
3 4
3 8
5 10
9 14

Solution 108: 
15 23
22 20
24 20
3 4
3 8
5 10
9 14

Solution 109: 
15 23
22 20
23 24
3 4
3 8
5 10
9 14

Solution 110: 
12 11
15 23
22 20
23 24
3 4
3 8
9 14

Solution 111: 
12 10
15 23
22 20
23 24
3 4
3 8
9 14

Solution 112: 
12 10
15 23
20 19
23 24
3 4
3 8
9 14

Solution 113: 
12 10
15 23
22 19
23 24
3 4
3 8
9 14

Solution 114: 
12 11
15 23
22 19
23 24
3 4
3 8
9 14

Solution 115: 
15 23
22 19
23 24
3 4
3 8
4 11
9 14

Solution 116: 
15 23
20 19
23 24
3 4
3 8
4 11
9 14

Solution 117: 
15 23
20 22
23 24
3 4
3 8
4 11
9 14

Solution 118: 
12 11
15 23
20 22
23 24
3 4
3 8
9 14

Solution 119: 
12 10
15 23
20 22
23 24
3 4
3 8
9 14

Solution 120: 
15 23
20 22
23 24
3 4
3 8
5 10
9 14

Solution 121: 
15 23
20 19
23 24
3 4
3 8
5 10
9 14

Solution 122: 
12 11
15 23
20 19
23 24
3 4
3 8
9 14

Solution 123: 
15 23
22 19
23 24
3 4
3 8
5 10
9 14

Solution 124: 
15 23
18 9
22 19
23 24
3 4
4 11
9 14

Solution 125: 
15 23
18 8
22 19
23 24
3 4
4 11
9 14

Solution 126: 
15 23
18 8
20 22
23 24
3 4
4 11
9 14

Solution 127: 
15 23
18 9
20 22
23 24
3 4
4 11
9 14

Solution 128: 
15 23
18 9
20 19
23 24
3 4
4 11
9 14

Solution 129: 
15 23
18 8
20 19
23 24
3 4
4 11
9 14

Solution 130: 
15 23
20 19
23 24
3 4
4 11
5 9
9 14

Solution 131: 
15 23
22 19
23 24
3 4
4 11
5 9
9 14

Solution 132: 
15 23
20 22
23 24
3 4
4 11
5 9
9 14

Solution 133: 
15 23
20 22
24 20
3 4
4 11
5 9
9 14

Solution 134: 
15 23
20 22
24 25
3 4
4 11
5 9
9 14

Solution 135: 
15 23
20 22
23 25
3 4
4 11
5 9
9 14

Solution 136: 
15 23
22 19
24 20
3 4
4 11
5 9
9 14

Solution 137: 
15 23
20 19
24 20
3 4
4 11
5 9
9 14

Solution 138: 
15 23
18 8
20 19
24 20
3 4
4 11
9 14

Solution 139: 
15 23
18 9
20 19
24 20
3 4
4 11
9 14

Solution 140: 
15 23
18 9
22 19
24 20
3 4
4 11
9 14

Solution 141: 
15 23
18 8
22 19
24 20
3 4
4 11
9 14

Solution 142: 
15 23
18 8
20 22
24 20
3 4
4 11
9 14

Solution 143: 
15 23
18 9
20 22
24 20
3 4
4 11
9 14

Solution 144: 
15 23
18 9
20 22
23 25
3 4
4 11
9 14

Solution 145: 
15 23
18 9
20 22
24 25
3 4
4 11
9 14

Solution 146: 
15 23
18 8
20 22
24 25
3 4
4 11
9 14

Solution 147: 
15 23
18 8
20 22
23 25
3 4
4 11
9 14

Solution 148: 
15 23
20 22
23 25
3 4
3 8
4 11
9 14

Solution 149: 
15 23
20 22
24 25
3 4
3 8
4 11
9 14

Solution 150: 
15 23
20 22
24 20
3 4
3 8
4 11
9 14

Solution 151: 
15 23
20 19
24 20
3 4
3 8
4 11
9 14

Solution 152: 
15 23
22 19
24 20
3 4
3 8
4 11
9 14

Solution 153: 
12 10
15 23
22 19
24 20
3 4
3 8
9 14

Solution 154: 
15 23
22 19
24 20
3 4
3 8
5 10
9 14

Solution 155: 
12 11
15 23
22 19
24 20
3 4
3 8
9 14

Solution 156: 
12 11
15 23
20 19
24 20
3 4
3 8
9 14

Solution 157: 
12 11
15 23
20 22
24 20
3 4
3 8
9 14

Solution 158: 
12 10
15 23
20 22
24 20
3 4
3 8
9 14

Solution 159: 
15 23
20 22
24 20
3 4
3 8
5 10
9 14

Solution 160: 
15 23
20 19
24 20
3 4
3 8
5 10
9 14

Solution 161: 
12 10
15 23
20 19
24 20
3 4
3 8
9 14

Solution 162: 
12 10
15 23
20 22
24 25
3 4
3 8
9 14

Solution 163: 
12 10
15 23
20 22
23 25
3 4
3 8
9 14

Solution 164: 
12 11
15 23
20 22
23 25
3 4
3 8
9 14

Solution 165: 
12 11
15 23
20 22
24 25
3 4
3 8
9 14

Solution 166: 
15 23
20 22
24 25
3 4
3 8
5 10
9 14

Solution 167: 
15 23
20 22
23 25
3 4
3 8
5 10
9 14

Solution 168: 
15 23
20 22
23 25
3 8
5 10
7 4
9 14

Solution 169: 
1 2
15 23
20 22
23 25
3 8
5 10
9 14

Solution 170: 
15 23
20 22
23 25
3 8
5 10
7 2
9 14

Solution 171: 
15 23
20 22
24 25
3 8
5 10
7 2
9 14

Solution 172: 
15 23
20 22
23 24
3 8
5 10
7 2
9 14

Solution 173: 
15 23
20 22
24 20
3 8
5 10
7 2
9 14

Solution 174: 
1 2
15 23
20 22
24 20
3 8
5 10
9 14

Solution 175: 
15 23
20 22
24 20
3 8
5 10
7 4
9 14

Solution 176: 
15 23
20 22
24 25
3 8
5 10
7 4
9 14

Solution 177: 
15 23
20 22
23 24
3 8
5 10
7 4
9 14

Solution 178: 
1 2
15 23
20 22
23 24
3 8
5 10
9 14

Solution 179: 
1 2
15 23
20 22
24 25
3 8
5 10
9 14

Solution 180: 
1 2
12 11
15 23
20 22
24 25
3 8
9 14

Solution 181: 
1 2
15 23
20 22
24 25
3 8
4 11
9 14

Solution 182: 
1 2
12 10
15 23
20 22
24 25
3 8
9 14

Solution 183: 
1 2
12 10
15 23
20 22
23 24
3 8
9 14

Solution 184: 
1 2
12 10
15 23
20 22
24 20
3 8
9 14

Solution 185: 
1 2
12 10
15 23
20 22
23 25
3 8
9 14

Solution 186: 
1 2
15 23
20 22
23 25
3 8
4 11
9 14

Solution 187: 
1 2
15 23
20 22
23 24
3 8
4 11
9 14

Solution 188: 
1 2
15 23
20 22
24 20
3 8
4 11
9 14

Solution 189: 
1 2
12 11
15 23
20 22
24 20
3 8
9 14

Solution 190: 
1 2
12 11
15 23
20 22
23 24
3 8
9 14

Solution 191: 
1 2
12 11
15 23
20 22
23 25
3 8
9 14

Solution 192: 
12 11
15 23
20 22
23 25
3 8
7 2
9 14

Solution 193: 
12 11
15 23
20 22
23 25
3 8
7 4
9 14

Solution 194: 
12 11
15 23
20 22
23 24
3 8
7 4
9 14

Solution 195: 
12 11
15 23
20 22
23 24
3 8
7 2
9 14

Solution 196: 
12 11
15 23
20 22
24 20
3 8
7 2
9 14

Solution 197: 
12 11
15 23
20 22
24 20
3 8
7 4
9 14

Solution 198: 
12 11
15 23
20 22
24 25
3 8
7 4
9 14

Solution 199: 
12 11
15 23
20 22
24 25
3 8
7 2
9 14

Solution 200: 
15 23
20 22
24 25
3 8
4 11
7 2
9 14

Solution 201: 
12 10
15 23
20 22
24 25
3 8
7 2
9 14

Solution 202: 
12 10
15 23
20 22
24 25
3 8
7 4
9 14

Solution 203: 
15 23
20 22
24 25
3 8
4 11
7 4
9 14

Solution 204: 
15 23
20 22
23 24
3 8
4 11
7 4
9 14

Solution 205: 
15 23
20 22
23 25
3 8
4 11
7 4
9 14

Solution 206: 
15 23
20 22
24 20
3 8
4 11
7 4
9 14

Solution 207: 
15 23
20 22
24 20
3 8
4 11
7 2
9 14

Solution 208: 
15 23
20 22
23 24
3 8
4 11
7 2
9 14

Solution 209: 
15 23
20 22
23 25
3 8
4 11
7 2
9 14

Solution 210: 
12 10
15 23
20 22
23 25
3 8
7 2
9 14

Solution 211: 
12 10
15 23
20 22
23 24
3 8
7 2
9 14

Solution 212: 
12 10
15 23
20 22
24 20
3 8
7 2
9 14

Solution 213: 
12 10
15 23
20 22
24 20
3 8
7 4
9 14

Solution 214: 
12 10
15 23
20 22
23 24
3 8
7 4
9 14

Solution 215: 
12 10
15 23
20 22
23 25
3 8
7 4
9 14

Solution 216: 
1 2
15 23
18 9
20 22
23 25
4 11
9 14

Solution 217: 
1 2
15 23
18 8
20 22
23 25
4 11
9 14

Solution 218: 
1 2
15 23
20 22
23 25
4 11
5 9
9 14

Solution 219: 
1 2
15 23
20 22
23 24
4 11
5 9
9 14

Solution 220: 
1 2
15 23
20 22
24 20
4 11
5 9
9 14

Solution 221: 
1 2
15 23
20 22
24 25
4 11
5 9
9 14

Solution 222: 
1 2
15 23
18 8
20 22
24 25
4 11
9 14

Solution 223: 
1 2
15 23
18 9
20 22
24 25
4 11
9 14

Solution 224: 
1 2
15 23
18 9
20 22
23 24
4 11
9 14

Solution 225: 
1 2
15 23
18 9
20 22
24 20
4 11
9 14

Solution 226: 
1 2
15 23
18 8
20 22
24 20
4 11
9 14

Solution 227: 
1 2
15 23
18 8
20 22
23 24
4 11
9 14

Solution 228: 
1 2
15 23
18 8
20 19
23 24
4 11
9 14

Solution 229: 
1 2
15 23
18 8
22 20
23 24
4 11
9 14

Solution 230: 
1 2
15 23
18 8
22 19
23 24
4 11
9 14

Solution 231: 
1 2
15 23
22 19
23 24
4 11
5 9
9 14

Solution 232: 
1 2
15 23
18 9
22 19
23 24
4 11
9 14

Solution 233: 
1 2
15 23
18 9
22 20
23 24
4 11
9 14

Solution 234: 
1 2
15 23
18 9
20 19
23 24
4 11
9 14

Solution 235: 
1 2
15 23
20 19
23 24
4 11
5 9
9 14

Solution 236: 
1 2
15 23
22 20
23 24
4 11
5 9
9 14

Solution 237: 
1 2
15 23
22 20
23 24
3 8
4 11
9 14

Solution 238: 
1 2
15 23
20 19
23 24
3 8
4 11
9 14

Solution 239: 
1 2
15 23
22 19
23 24
3 8
4 11
9 14

Solution 240: 
1 2
15 23
22 19
24 20
3 8
4 11
9 14

Solution 241: 
1 2
15 23
18 8
22 19
24 20
4 11
9 14

Solution 242: 
1 2
15 23
22 19
24 20
4 11
5 9
9 14

Solution 243: 
1 2
15 23
18 9
22 19
24 20
4 11
9 14

Solution 244: 
1 2
15 23
18 9
20 19
24 20
4 11
9 14

Solution 245: 
1 2
15 23
18 8
20 19
24 20
4 11
9 14

Solution 246: 
1 2
15 23
20 19
24 20
4 11
5 9
9 14

Solution 247: 
1 2
15 23
20 19
24 20
3 8
4 11
9 14

Solution 248: 
1 2
15 23
22 20
24 20
3 8
4 11
9 14

Solution 249: 
1 2
15 23
22 20
23 25
3 8
4 11
9 14

Solution 250: 
1 2
15 23
22 20
24 25
3 8
4 11
9 14

Solution 251: 
1 2
15 23
22 20
24 25
4 11
5 9
9 14

Solution 252: 
1 2
15 23
18 8
22 20
24 25
4 11
9 14

Solution 253: 
1 2
15 23
18 9
22 20
24 25
4 11
9 14

Solution 254: 
1 2
15 23
18 9
22 20
23 25
4 11
9 14

Solution 255: 
1 2
15 23
22 20
23 25
4 11
5 9
9 14

Solution 256: 
1 2
15 23
18 8
22 20
23 25
4 11
9 14

Solution 257: 
1 2
15 23
18 8
22 20
24 20
4 11
9 14

Solution 258: 
1 2
15 23
22 20
24 20
4 11
5 9
9 14

Solution 259: 
1 2
15 23
18 9
22 20
24 20
4 11
9 14

Solution 260: 
1 2
12 11
15 23
22 20
24 20
3 8
9 14

Solution 261: 
1 2
12 10
15 23
22 20
24 20
3 8
9 14

Solution 262: 
1 2
12 10
15 23
22 20
23 24
3 8
9 14

Solution 263: 
1 2
12 10
15 23
22 20
24 25
3 8
9 14

Solution 264: 
1 2
12 10
15 23
22 20
23 25
3 8
9 14

Solution 265: 
1 2
12 11
15 23
22 20
23 25
3 8
9 14

Solution 266: 
1 2
12 11
15 23
22 20
23 24
3 8
9 14

Solution 267: 
1 2
12 11
15 23
22 20
24 25
3 8
9 14

Solution 268: 
1 2
15 23
22 20
24 25
3 8
5 10
9 14

Solution 269: 
1 2
15 23
22 20
23 24
3 8
5 10
9 14

Solution 270: 
1 2
15 23
22 20
23 25
3 8
5 10
9 14

Solution 271: 
1 2
15 23
22 20
24 20
3 8
5 10
9 14

Solution 272: 
1 2
15 23
20 19
24 20
3 8
5 10
9 14

Solution 273: 
1 2
15 23
22 19
24 20
3 8
5 10
9 14

Solution 274: 
1 2
12 10
15 23
22 19
24 20
3 8
9 14

Solution 275: 
1 2
12 11
15 23
22 19
24 20
3 8
9 14

Solution 276: 
1 2
12 11
15 23
20 19
24 20
3 8
9 14

Solution 277: 
1 2
12 10
15 23
20 19
24 20
3 8
9 14

Solution 278: 
1 2
12 10
15 23
20 19
23 24
3 8
9 14

Solution 279: 
1 2
12 11
15 23
20 19
23 24
3 8
9 14

Solution 280: 
1 2
12 11
15 23
22 19
23 24
3 8
9 14

Solution 281: 
1 2
12 10
15 23
22 19
23 24
3 8
9 14

Solution 282: 
1 2
15 23
22 19
23 24
3 8
5 10
9 14

Solution 283: 
1 2
15 23
20 19
23 24
3 8
5 10
9 14

Solution 284: 
15 23
20 19
23 24
3 8
5 10
7 2
9 14

Solution 285: 
15 23
20 19
23 24
3 8
5 10
7 4
9 14

Solution 286: 
15 23
22 20
23 24
3 8
5 10
7 4
9 14

Solution 287: 
15 23
22 19
23 24
3 8
5 10
7 4
9 14

Solution 288: 
15 23
22 19
23 24
3 8
5 10
7 2
9 14

Solution 289: 
15 23
22 20
23 24
3 8
5 10
7 2
9 14

Solution 290: 
15 23
22 20
24 25
3 8
5 10
7 2
9 14

Solution 291: 
15 23
22 20
23 25
3 8
5 10
7 2
9 14

Solution 292: 
15 23
22 20
24 20
3 8
5 10
7 2
9 14

Solution 293: 
15 23
22 19
24 20
3 8
5 10
7 2
9 14

Solution 294: 
15 23
20 19
24 20
3 8
5 10
7 2
9 14

Solution 295: 
15 23
20 19
24 20
3 8
5 10
7 4
9 14

Solution 296: 
15 23
22 19
24 20
3 8
5 10
7 4
9 14

Solution 297: 
15 23
22 20
24 20
3 8
5 10
7 4
9 14

Solution 298: 
15 23
22 20
23 25
3 8
5 10
7 4
9 14

Solution 299: 
15 23
22 20
24 25
3 8
5 10
7 4
9 14

Solution 300: 
12 10
15 23
22 20
24 25
3 8
7 4
9 14

Solution 301: 
12 11
15 23
22 20
24 25
3 8
7 4
9 14

Solution 302: 
15 23
22 20
24 25
3 8
4 11
7 4
9 14

Solution 303: 
15 23
22 20
24 20
3 8
4 11
7 4
9 14

Solution 304: 
15 23
22 20
23 24
3 8
4 11
7 4
9 14

Solution 305: 
12 11
15 23
22 20
23 24
3 8
7 4
9 14

Solution 306: 
12 11
15 23
22 20
24 20
3 8
7 4
9 14

Solution 307: 
12 10
15 23
22 20
24 20
3 8
7 4
9 14

Solution 308: 
12 10
15 23
22 20
23 24
3 8
7 4
9 14

Solution 309: 
12 10
15 23
22 20
23 25
3 8
7 4
9 14

Solution 310: 
12 11
15 23
22 20
23 25
3 8
7 4
9 14

Solution 311: 
15 23
22 20
23 25
3 8
4 11
7 4
9 14

Solution 312: 
15 23
22 20
23 25
3 8
4 11
7 2
9 14

Solution 313: 
15 23
22 20
24 20
3 8
4 11
7 2
9 14

Solution 314: 
15 23
22 20
23 24
3 8
4 11
7 2
9 14

Solution 315: 
12 11
15 23
22 20
23 24
3 8
7 2
9 14

Solution 316: 
12 11
15 23
22 20
24 20
3 8
7 2
9 14

Solution 317: 
12 11
15 23
22 20
23 25
3 8
7 2
9 14

Solution 318: 
12 10
15 23
22 20
23 25
3 8
7 2
9 14

Solution 319: 
12 10
15 23
22 20
24 20
3 8
7 2
9 14

Solution 320: 
12 10
15 23
22 20
23 24
3 8
7 2
9 14

Solution 321: 
12 10
15 23
22 20
24 25
3 8
7 2
9 14

Solution 322: 
12 11
15 23
22 20
24 25
3 8
7 2
9 14

Solution 323: 
15 23
22 20
24 25
3 8
4 11
7 2
9 14

Solution 324: 
15 23
22 19
24 20
3 8
4 11
7 2
9 14

Solution 325: 
15 23
22 19
23 24
3 8
4 11
7 2
9 14

Solution 326: 
15 23
22 19
23 24
3 8
4 11
7 4
9 14

Solution 327: 
15 23
22 19
24 20
3 8
4 11
7 4
9 14

Solution 328: 
15 23
20 19
24 20
3 8
4 11
7 4
9 14

Solution 329: 
15 23
20 19
24 20
3 8
4 11
7 2
9 14

Solution 330: 
15 23
20 19
23 24
3 8
4 11
7 2
9 14

Solution 331: 
15 23
20 19
23 24
3 8
4 11
7 4
9 14

Solution 332: 
12 10
15 23
20 19
23 24
3 8
7 4
9 14

Solution 333: 
12 11
15 23
20 19
23 24
3 8
7 4
9 14

Solution 334: 
12 11
15 23
20 19
23 24
3 8
7 2
9 14

Solution 335: 
12 10
15 23
20 19
23 24
3 8
7 2
9 14

Solution 336: 
12 10
15 23
22 19
23 24
3 8
7 2
9 14

Solution 337: 
12 11
15 23
22 19
23 24
3 8
7 2
9 14

Solution 338: 
12 11
15 23
22 19
23 24
3 8
7 4
9 14

Solution 339: 
12 10
15 23
22 19
23 24
3 8
7 4
9 14

Solution 340: 
12 10
15 23
22 19
24 20
3 8
7 4
9 14

Solution 341: 
12 11
15 23
22 19
24 20
3 8
7 4
9 14

Solution 342: 
12 11
15 23
22 19
24 20
3 8
7 2
9 14

Solution 343: 
12 10
15 23
22 19
24 20
3 8
7 2
9 14

Solution 344: 
12 10
15 23
20 19
24 20
3 8
7 2
9 14

Solution 345: 
12 11
15 23
20 19
24 20
3 8
7 2
9 14

Solution 346: 
12 11
15 23
20 19
24 20
3 8
7 4
9 14

Solution 347: 
12 10
15 23
20 19
24 20
3 8
7 4
9 14

Solution 348: 
12 10
16 22
20 19
24 20
3 8
7 4
9 14

Solution 349: 
12 11
16 22
20 19
24 20
3 8
7 4
9 14

Solution 350: 
16 22
20 19
24 20
3 8
5 10
7 4
9 14

Solution 351: 
16 22
20 19
24 20
3 8
4 11
7 4
9 14

Solution 352: 
16 22
20 19
23 24
3 8
4 11
7 4
9 14

Solution 353: 
12 10
16 22
20 19
23 24
3 8
7 4
9 14

Solution 354: 
16 22
20 19
23 24
3 8
5 10
7 4
9 14

Solution 355: 
12 11
16 22
20 19
23 24
3 8
7 4
9 14

Solution 356: 
12 11
16 22
20 19
23 24
3 8
7 2
9 14

Solution 357: 
1 2
12 11
16 22
20 19
23 24
3 8
9 14

Solution 358: 
1 2
12 11
16 22
20 19
24 20
3 8
9 14

Solution 359: 
12 11
16 22
20 19
24 20
3 8
7 2
9 14

Solution 360: 
12 10
16 22
20 19
24 20
3 8
7 2
9 14

Solution 361: 
16 22
20 19
24 20
3 8
5 10
7 2
9 14

Solution 362: 
16 22
20 19
24 20
3 8
4 11
7 2
9 14

Solution 363: 
1 2
16 22
20 19
24 20
3 8
4 11
9 14

Solution 364: 
1 2
12 10
16 22
20 19
24 20
3 8
9 14

Solution 365: 
1 2
16 22
20 19
24 20
3 8
5 10
9 14

Solution 366: 
1 2
16 22
20 19
23 24
3 8
5 10
9 14

Solution 367: 
16 22
20 19
23 24
3 8
5 10
7 2
9 14

Solution 368: 
12 10
16 22
20 19
23 24
3 8
7 2
9 14

Solution 369: 
16 22
20 19
23 24
3 8
4 11
7 2
9 14

Solution 370: 
1 2
16 22
20 19
23 24
3 8
4 11
9 14

Solution 371: 
1 2
12 10
16 22
20 19
23 24
3 8
9 14

Solution 372: 
1 2
16 22
18 8
20 19
23 24
4 11
9 14

Solution 373: 
1 2
16 22
18 9
20 19
23 24
4 11
9 14

Solution 374: 
1 2
16 22
20 19
23 24
4 11
5 9
9 14

Solution 375: 
1 2
16 22
20 19
24 20
4 11
5 9
9 14

Solution 376: 
1 2
16 22
18 8
20 19
24 20
4 11
9 14

Solution 377: 
1 2
16 22
18 9
20 19
24 20
4 11
9 14

Solution 378: 
1 2
16 22
18 9
22 19
24 20
4 11
9 14

Solution 379: 
1 2
16 22
18 8
22 19
24 20
4 11
9 14

Solution 380: 
1 2
16 22
22 19
24 20
4 11
5 9
9 14

Solution 381: 
1 2
16 22
20 22
24 20
4 11
5 9
9 14

Solution 382: 
1 2
16 22
18 9
20 22
24 20
4 11
9 14

Solution 383: 
1 2
16 22
18 8
20 22
24 20
4 11
9 14

Solution 384: 
1 2
16 22
20 22
24 20
3 8
4 11
9 14

Solution 385: 
16 22
20 22
24 20
3 8
4 11
7 2
9 14

Solution 386: 
16 22
20 22
24 20
3 8
4 11
7 4
9 14

Solution 387: 
16 22
22 19
24 20
3 8
4 11
7 4
9 14

Solution 388: 
16 22
22 20
24 20
3 8
4 11
7 4
9 14

Solution 389: 
16 22
22 20
24 20
3 8
4 11
7 2
9 14

Solution 390: 
1 2
16 22
22 20
24 20
3 8
4 11
9 14

Solution 391: 
1 2
16 22
22 19
24 20
3 8
4 11
9 14

Solution 392: 
16 22
22 19
24 20
3 8
4 11
7 2
9 14

Solution 393: 
1 2
16 22
18 9
22 20
24 20
4 11
9 14

Solution 394: 
1 2
16 22
22 20
24 20
4 11
5 9
9 14

Solution 395: 
1 2
16 22
18 8
22 20
24 20
4 11
9 14

Solution 396: 
1 2
12 11
16 22
22 20
24 20
3 8
9 14

Solution 397: 
1 2
12 11
16 22
22 19
24 20
3 8
9 14

Solution 398: 
1 2
12 11
16 22
20 22
24 20
3 8
9 14

Solution 399: 
1 2
12 10
16 22
20 22
24 20
3 8
9 14

Solution 400: 
1 2
12 10
16 22
22 20
24 20
3 8
9 14

Solution 401: 
1 2
16 22
22 20
24 20
3 8
5 10
9 14

Solution 402: 
1 2
16 22
20 22
24 20
3 8
5 10
9 14

Solution 403: 
1 2
16 22
22 19
24 20
3 8
5 10
9 14

Solution 404: 
1 2
12 10
16 22
22 19
24 20
3 8
9 14

Solution 405: 
12 10
16 22
22 19
24 20
3 8
7 2
9 14

Solution 406: 
12 10
16 22
22 19
24 20
3 8
7 4
9 14

Solution 407: 
12 11
16 22
22 19
24 20
3 8
7 4
9 14

Solution 408: 
16 22
22 19
24 20
3 8
5 10
7 4
9 14

Solution 409: 
16 22
22 19
24 20
3 8
5 10
7 2
9 14

Solution 410: 
12 11
16 22
22 19
24 20
3 8
7 2
9 14

Solution 411: 
12 11
16 22
20 22
24 20
3 8
7 2
9 14

Solution 412: 
16 22
20 22
24 20
3 8
5 10
7 2
9 14

Solution 413: 
16 22
22 20
24 20
3 8
5 10
7 2
9 14

Solution 414: 
12 11
16 22
22 20
24 20
3 8
7 2
9 14

Solution 415: 
12 11
16 22
22 20
24 20
3 8
7 4
9 14

Solution 416: 
16 22
22 20
24 20
3 8
5 10
7 4
9 14

Solution 417: 
16 22
20 22
24 20
3 8
5 10
7 4
9 14

Solution 418: 
12 11
16 22
20 22
24 20
3 8
7 4
9 14

Solution 419: 
12 10
16 22
20 22
24 20
3 8
7 4
9 14

Solution 420: 
12 10
16 22
22 20
24 20
3 8
7 4
9 14

Solution 421: 
12 10
16 22
22 20
24 20
3 8
7 2
9 14

Solution 422: 
12 10
16 22
20 22
24 20
3 8
7 2
9 14

Solution 423: 
12 10
16 22
20 22
24 25
3 8
7 2
9 14

Solution 424: 
12 10
16 22
20 22
23 25
3 8
7 2
9 14

Solution 425: 
12 10
16 22
20 22
23 24
3 8
7 2
9 14

Solution 426: 
1 2
12 10
16 22
20 22
23 24
3 8
9 14

Solution 427: 
1 2
12 10
16 22
20 22
24 25
3 8
9 14

Solution 428: 
1 2
12 10
16 22
20 22
23 25
3 8
9 14

Solution 429: 
12 10
16 22
20 22
23 25
3 8
7 4
9 14

Solution 430: 
12 10
16 22
20 22
24 25
3 8
7 4
9 14

Solution 431: 
12 10
16 22
20 22
23 24
3 8
7 4
9 14

Solution 432: 
12 10
16 22
22 20
23 24
3 8
7 4
9 14

Solution 433: 
12 10
16 22
22 19
23 24
3 8
7 4
9 14

Solution 434: 
12 10
16 22
22 19
23 24
3 8
7 2
9 14

Solution 435: 
1 2
12 10
16 22
22 19
23 24
3 8
9 14

Solution 436: 
1 2
12 10
16 22
22 20
23 24
3 8
9 14

Solution 437: 
12 10
16 22
22 20
23 24
3 8
7 2
9 14

Solution 438: 
12 10
16 22
22 20
24 25
3 8
7 2
9 14

Solution 439: 
12 10
16 22
22 20
23 25
3 8
7 2
9 14

Solution 440: 
1 2
12 10
16 22
22 20
23 25
3 8
9 14

Solution 441: 
1 2
12 10
16 22
22 20
24 25
3 8
9 14

Solution 442: 
12 10
16 22
22 20
24 25
3 8
7 4
9 14

Solution 443: 
12 10
16 22
22 20
23 25
3 8
7 4
9 14

Solution 444: 
16 22
22 20
23 25
3 8
4 11
7 4
9 14

Solution 445: 
12 11
16 22
22 20
23 25
3 8
7 4
9 14

Solution 446: 
16 22
22 20
23 25
3 8
5 10
7 4
9 14

Solution 447: 
16 22
20 22
23 25
3 8
5 10
7 4
9 14

Solution 448: 
12 11
16 22
20 22
23 25
3 8
7 4
9 14

Solution 449: 
16 22
20 22
23 25
3 8
4 11
7 4
9 14

Solution 450: 
16 22
20 22
24 25
3 8
4 11
7 4
9 14

Solution 451: 
16 22
20 22
23 24
3 8
4 11
7 4
9 14

Solution 452: 
12 11
16 22
20 22
23 24
3 8
7 4
9 14

Solution 453: 
12 11
16 22
20 22
24 25
3 8
7 4
9 14

Solution 454: 
16 22
20 22
24 25
3 8
5 10
7 4
9 14

Solution 455: 
16 22
20 22
23 24
3 8
5 10
7 4
9 14

Solution 456: 
1 2
16 22
20 22
23 24
3 8
5 10
9 14

Solution 457: 
16 22
20 22
23 24
3 8
5 10
7 2
9 14

Solution 458: 
12 11
16 22
20 22
23 24
3 8
7 2
9 14

Solution 459: 
1 2
12 11
16 22
20 22
23 24
3 8
9 14

Solution 460: 
1 2
16 22
20 22
23 24
3 8
4 11
9 14

Solution 461: 
16 22
20 22
23 24
3 8
4 11
7 2
9 14

Solution 462: 
16 22
20 22
23 25
3 8
4 11
7 2
9 14

Solution 463: 
1 2
16 22
20 22
23 25
3 8
4 11
9 14

Solution 464: 
1 2
12 11
16 22
20 22
23 25
3 8
9 14

Solution 465: 
1 2
16 22
20 22
23 25
3 8
5 10
9 14

Solution 466: 
16 22
20 22
23 25
3 8
5 10
7 2
9 14

Solution 467: 
12 11
16 22
20 22
23 25
3 8
7 2
9 14

Solution 468: 
12 11
16 22
20 22
24 25
3 8
7 2
9 14

Solution 469: 
16 22
20 22
24 25
3 8
5 10
7 2
9 14

Solution 470: 
1 2
16 22
20 22
24 25
3 8
5 10
9 14

Solution 471: 
1 2
12 11
16 22
20 22
24 25
3 8
9 14

Solution 472: 
1 2
16 22
20 22
24 25
3 8
4 11
9 14

Solution 473: 
16 22
20 22
24 25
3 8
4 11
7 2
9 14

Solution 474: 
16 22
22 20
24 25
3 8
4 11
7 2
9 14

Solution 475: 
16 22
22 20
23 25
3 8
4 11
7 2
9 14

Solution 476: 
16 22
22 20
23 24
3 8
4 11
7 2
9 14

Solution 477: 
16 22
22 19
23 24
3 8
4 11
7 2
9 14

Solution 478: 
16 22
22 19
23 24
3 8
4 11
7 4
9 14

Solution 479: 
1 2
16 22
22 19
23 24
3 8
4 11
9 14

Solution 480: 
1 2
16 22
22 20
23 24
3 8
4 11
9 14

Solution 481: 
16 22
22 20
23 24
3 8
4 11
7 4
9 14

Solution 482: 
1 2
16 22
22 20
23 25
3 8
4 11
9 14

Solution 483: 
1 2
16 22
22 20
24 25
3 8
4 11
9 14

Solution 484: 
16 22
22 20
24 25
3 8
4 11
7 4
9 14

Solution 485: 
12 11
16 22
22 20
24 25
3 8
7 4
9 14

Solution 486: 
16 22
22 20
24 25
3 8
5 10
7 4
9 14

Solution 487: 
1 2
16 22
22 20
24 25
3 8
5 10
9 14

Solution 488: 
1 2
12 11
16 22
22 20
24 25
3 8
9 14

Solution 489: 
12 11
16 22
22 20
24 25
3 8
7 2
9 14

Solution 490: 
16 22
22 20
24 25
3 8
5 10
7 2
9 14

Solution 491: 
16 22
22 20
23 25
3 8
5 10
7 2
9 14

Solution 492: 
12 11
16 22
22 20
23 25
3 8
7 2
9 14

Solution 493: 
1 2
12 11
16 22
22 20
23 25
3 8
9 14

Solution 494: 
1 2
16 22
22 20
23 25
3 8
5 10
9 14

Solution 495: 
1 2
16 22
22 20
23 24
3 8
5 10
9 14

Solution 496: 
1 2
16 22
22 19
23 24
3 8
5 10
9 14

Solution 497: 
16 22
22 19
23 24
3 8
5 10
7 4
9 14

Solution 498: 
16 22
22 20
23 24
3 8
5 10
7 4
9 14

Solution 499: 
12 11
16 22
22 20
23 24
3 8
7 4
9 14

Solution 500: 
12 11
16 22
22 19
23 24
3 8
7 4
9 14

Solution 501: 
1 2
12 11
16 22
22 19
23 24
3 8
9 14

Solution 502: 
1 2
12 11
16 22
22 20
23 24
3 8
9 14

Solution 503: 
12 11
16 22
22 20
23 24
3 8
7 2
9 14

Solution 504: 
16 22
22 20
23 24
3 8
5 10
7 2
9 14

Solution 505: 
16 22
22 19
23 24
3 8
5 10
7 2
9 14

Solution 506: 
12 11
16 22
22 19
23 24
3 8
7 2
9 14

Solution 507: 
1 2
16 22
18 8
22 19
23 24
4 11
9 14

Solution 508: 
1 2
16 22
18 9
22 19
23 24
4 11
9 14

Solution 509: 
1 2
16 22
18 9
20 22
23 24
4 11
9 14

Solution 510: 
1 2
16 22
18 8
20 22
23 24
4 11
9 14

Solution 511: 
1 2
16 22
18 8
22 20
23 24
4 11
9 14

Solution 512: 
1 2
16 22
18 9
22 20
23 24
4 11
9 14

Solution 513: 
1 2
16 22
22 20
23 24
4 11
5 9
9 14

Solution 514: 
1 2
16 22
20 22
23 24
4 11
5 9
9 14

Solution 515: 
1 2
16 22
22 19
23 24
4 11
5 9
9 14

Solution 516: 
1 2
16 22
20 22
23 25
4 11
5 9
9 14

Solution 517: 
1 2
16 22
20 22
24 25
4 11
5 9
9 14

Solution 518: 
1 2
16 22
22 20
24 25
4 11
5 9
9 14

Solution 519: 
1 2
16 22
22 20
23 25
4 11
5 9
9 14

Solution 520: 
1 2
16 22
18 8
22 20
23 25
4 11
9 14

Solution 521: 
1 2
16 22
18 9
22 20
23 25
4 11
9 14

Solution 522: 
1 2
16 22
18 9
22 20
24 25
4 11
9 14

Solution 523: 
1 2
16 22
18 8
22 20
24 25
4 11
9 14

Solution 524: 
1 2
16 22
18 8
20 22
24 25
4 11
9 14

Solution 525: 
1 2
16 22
18 9
20 22
24 25
4 11
9 14

Solution 526: 
1 2
16 22
18 9
20 22
23 25
4 11
9 14

Solution 527: 
1 2
16 22
18 8
20 22
23 25
4 11
9 14

Number of solutions found: 528

Changes at vertices: 
20 20 -> 20 19
New Vertex: 22 20
----------------------------------
Removal 8: 
Solution 0: 
16 22
23 24
3 4
3 8
5 10
9 14

Solution 1: 
16 22
24 20
3 4
3 8
5 10
9 14

Solution 2: 
12 10
16 22
24 20
3 4
3 8
9 14

Solution 3: 
12 11
16 22
24 20
3 4
3 8
9 14

Solution 4: 
16 22
24 20
3 4
3 8
4 11
9 14

Solution 5: 
16 22
23 24
3 4
3 8
4 11
9 14

Solution 6: 
12 10
16 22
23 24
3 4
3 8
9 14

Solution 7: 
12 11
16 22
23 24
3 4
3 8
9 14

Solution 8: 
16 22
18 8
23 24
3 4
4 11
9 14

Solution 9: 
16 22
23 24
3 4
4 11
5 9
9 14

Solution 10: 
16 22
18 9
23 24
3 4
4 11
9 14

Solution 11: 
16 22
18 9
24 20
3 4
4 11
9 14

Solution 12: 
16 22
18 8
24 20
3 4
4 11
9 14

Solution 13: 
16 22
24 20
3 4
4 11
5 9
9 14

Solution 14: 
15 23
24 20
3 4
4 11
5 9
9 14

Solution 15: 
15 23
23 24
3 4
4 11
5 9
9 14

Solution 16: 
15 23
18 8
23 24
3 4
4 11
9 14

Solution 17: 
15 23
18 9
23 24
3 4
4 11
9 14

Solution 18: 
15 23
18 9
24 20
3 4
4 11
9 14

Solution 19: 
15 23
18 8
24 20
3 4
4 11
9 14

Solution 20: 
15 23
24 20
3 4
3 8
4 11
9 14

Solution 21: 
15 23
23 24
3 4
3 8
4 11
9 14

Solution 22: 
12 11
15 23
23 24
3 4
3 8
9 14

Solution 23: 
12 10
15 23
23 24
3 4
3 8
9 14

Solution 24: 
15 23
23 24
3 4
3 8
5 10
9 14

Solution 25: 
15 23
24 20
3 4
3 8
5 10
9 14

Solution 26: 
12 10
15 23
24 20
3 4
3 8
9 14

Solution 27: 
12 11
15 23
24 20
3 4
3 8
9 14

Solution 28: 
1 2
12 11
15 23
24 20
3 8
9 14

Solution 29: 
12 11
15 23
24 20
3 8
7 4
9 14

Solution 30: 
12 11
15 23
24 20
3 8
7 2
9 14

Solution 31: 
12 11
15 23
23 24
3 8
7 2
9 14

Solution 32: 
12 11
15 23
23 24
3 8
7 4
9 14

Solution 33: 
1 2
12 11
15 23
23 24
3 8
9 14

Solution 34: 
1 2
12 10
15 23
23 24
3 8
9 14

Solution 35: 
1 2
15 23
23 24
3 8
5 10
9 14

Solution 36: 
1 2
15 23
23 24
3 8
4 11
9 14

Solution 37: 
15 23
23 24
3 8
4 11
7 2
9 14

Solution 38: 
15 23
23 24
3 8
4 11
7 4
9 14

Solution 39: 
12 10
15 23
23 24
3 8
7 4
9 14

Solution 40: 
15 23
23 24
3 8
5 10
7 4
9 14

Solution 41: 
15 23
23 24
3 8
5 10
7 2
9 14

Solution 42: 
12 10
15 23
23 24
3 8
7 2
9 14

Solution 43: 
12 10
15 23
24 20
3 8
7 2
9 14

Solution 44: 
12 10
15 23
24 20
3 8
7 4
9 14

Solution 45: 
1 2
12 10
15 23
24 20
3 8
9 14

Solution 46: 
1 2
15 23
24 20
3 8
4 11
9 14

Solution 47: 
1 2
15 23
24 20
3 8
5 10
9 14

Solution 48: 
15 23
24 20
3 8
5 10
7 4
9 14

Solution 49: 
15 23
24 20
3 8
4 11
7 4
9 14

Solution 50: 
15 23
24 20
3 8
4 11
7 2
9 14

Solution 51: 
15 23
24 20
3 8
5 10
7 2
9 14

Solution 52: 
1 2
15 23
18 8
24 20
4 11
9 14

Solution 53: 
1 2
15 23
18 9
24 20
4 11
9 14

Solution 54: 
1 2
15 23
24 20
4 11
5 9
9 14

Solution 55: 
1 2
15 23
23 24
4 11
5 9
9 14

Solution 56: 
1 2
15 23
18 9
23 24
4 11
9 14

Solution 57: 
1 2
15 23
18 8
23 24
4 11
9 14

Solution 58: 
1 2
16 22
18 8
23 24
4 11
9 14

Solution 59: 
1 2
16 22
23 24
3 8
4 11
9 14

Solution 60: 
1 2
16 22
18 9
23 24
4 11
9 14

Solution 61: 
1 2
16 22
23 24
4 11
5 9
9 14

Solution 62: 
1 2
12 10
16 22
23 24
3 8
9 14

Solution 63: 
1 2
12 11
16 22
23 24
3 8
9 14

Solution 64: 
1 2
16 22
23 24
3 8
5 10
9 14

Solution 65: 
1 2
16 22
24 20
3 8
5 10
9 14

Solution 66: 
1 2
12 10
16 22
24 20
3 8
9 14

Solution 67: 
1 2
12 11
16 22
24 20
3 8
9 14

Solution 68: 
1 2
16 22
24 20
3 8
4 11
9 14

Solution 69: 
1 2
16 22
18 8
24 20
4 11
9 14

Solution 70: 
1 2
16 22
18 9
24 20
4 11
9 14

Solution 71: 
1 2
16 22
24 20
4 11
5 9
9 14

Solution 72: 
16 22
24 20
3 8
4 11
7 4
9 14

Solution 73: 
12 10
16 22
24 20
3 8
7 4
9 14

Solution 74: 
12 11
16 22
24 20
3 8
7 4
9 14

Solution 75: 
16 22
24 20
3 8
5 10
7 4
9 14

Solution 76: 
16 22
24 20
3 8
5 10
7 2
9 14

Solution 77: 
12 10
16 22
24 20
3 8
7 2
9 14

Solution 78: 
16 22
24 20
3 8
4 11
7 2
9 14

Solution 79: 
12 11
16 22
24 20
3 8
7 2
9 14

Solution 80: 
12 11
16 22
23 24
3 8
7 2
9 14

Solution 81: 
12 10
16 22
23 24
3 8
7 2
9 14

Solution 82: 
16 22
23 24
3 8
5 10
7 2
9 14

Solution 83: 
16 22
23 24
3 8
4 11
7 2
9 14

Solution 84: 
16 22
23 24
3 8
4 11
7 4
9 14

Solution 85: 
12 10
16 22
23 24
3 8
7 4
9 14

Solution 86: 
12 11
16 22
23 24
3 8
7 4
9 14

Solution 87: 
16 22
23 24
3 8
5 10
7 4
9 14

Number of solutions found: 88

Changes at vertices: 
New Vertex: 20 22
24 22 -> 24 20
----------------------------------
Removal 9: 
Solution 0: 
1 2
16 22
23 25
4 11
5 9
9 14

Solution 1: 
1 2
16 22
24 25
4 11
5 9
9 14

Solution 2: 
1 2
16 22
24 22
4 11
5 9
9 14

Solution 3: 
1 2
16 22
23 24
4 11
5 9
9 14

Solution 4: 
1 2
15 23
23 24
4 11
5 9
9 14

Solution 5: 
1 2
15 23
23 25
4 11
5 9
9 14

Solution 6: 
1 2
15 23
24 25
4 11
5 9
9 14

Solution 7: 
1 2
15 23
24 22
4 11
5 9
9 14

Solution 8: 
15 23
24 22
3 4
4 11
5 9
9 14

Solution 9: 
15 23
23 25
3 4
4 11
5 9
9 14

Solution 10: 
15 23
24 25
3 4
4 11
5 9
9 14

Solution 11: 
15 23
23 24
3 4
4 11
5 9
9 14

Solution 12: 
16 22
23 24
3 4
4 11
5 9
9 14

Solution 13: 
16 22
23 25
3 4
4 11
5 9
9 14

Solution 14: 
16 22
24 25
3 4
4 11
5 9
9 14

Solution 15: 
16 22
24 22
3 4
4 11
5 9
9 14

Solution 16: 
16 22
18 9
24 22
3 4
4 11
9 14

Solution 17: 
16 22
18 8
24 22
3 4
4 11
9 14

Solution 18: 
16 22
24 22
3 4
3 8
4 11
9 14

Solution 19: 
16 22
24 22
3 8
4 11
7 4
9 14

Solution 20: 
16 22
24 22
3 8
4 11
7 2
9 14

Solution 21: 
1 2
16 22
24 22
3 8
4 11
9 14

Solution 22: 
1 2
16 22
18 9
24 22
4 11
9 14

Solution 23: 
1 2
16 22
18 8
24 22
4 11
9 14

Solution 24: 
1 2
15 23
18 8
24 22
4 11
9 14

Solution 25: 
1 2
15 23
18 9
24 22
4 11
9 14

Solution 26: 
1 2
15 23
24 22
3 8
4 11
9 14

Solution 27: 
15 23
24 22
3 8
4 11
7 4
9 14

Solution 28: 
15 23
24 22
3 8
4 11
7 2
9 14

Solution 29: 
15 23
24 22
3 4
3 8
4 11
9 14

Solution 30: 
15 23
18 9
24 22
3 4
4 11
9 14

Solution 31: 
15 23
18 8
24 22
3 4
4 11
9 14

Solution 32: 
12 10
15 23
24 22
3 4
3 8
9 14

Solution 33: 
12 11
15 23
24 22
3 4
3 8
9 14

Solution 34: 
12 11
16 22
24 22
3 4
3 8
9 14

Solution 35: 
12 10
16 22
24 22
3 4
3 8
9 14

Solution 36: 
16 22
24 22
3 4
3 8
5 10
9 14

Solution 37: 
15 23
24 22
3 4
3 8
5 10
9 14

Solution 38: 
15 23
24 22
3 8
5 10
7 2
9 14

Solution 39: 
15 23
24 22
3 8
5 10
7 4
9 14

Solution 40: 
1 2
15 23
24 22
3 8
5 10
9 14

Solution 41: 
1 2
16 22
24 22
3 8
5 10
9 14

Solution 42: 
16 22
24 22
3 8
5 10
7 2
9 14

Solution 43: 
16 22
24 22
3 8
5 10
7 4
9 14

Solution 44: 
12 10
16 22
24 22
3 8
7 4
9 14

Solution 45: 
12 11
16 22
24 22
3 8
7 4
9 14

Solution 46: 
12 11
16 22
24 22
3 8
7 2
9 14

Solution 47: 
12 10
16 22
24 22
3 8
7 2
9 14

Solution 48: 
1 2
12 10
16 22
24 22
3 8
9 14

Solution 49: 
1 2
12 11
16 22
24 22
3 8
9 14

Solution 50: 
1 2
12 11
15 23
24 22
3 8
9 14

Solution 51: 
1 2
12 10
15 23
24 22
3 8
9 14

Solution 52: 
12 10
15 23
24 22
3 8
7 2
9 14

Solution 53: 
12 10
15 23
24 22
3 8
7 4
9 14

Solution 54: 
12 11
15 23
24 22
3 8
7 4
9 14

Solution 55: 
12 11
15 23
24 22
3 8
7 2
9 14

Solution 56: 
12 11
15 23
24 25
3 8
7 2
9 14

Solution 57: 
12 11
15 23
23 25
3 8
7 2
9 14

Solution 58: 
12 11
15 23
23 24
3 8
7 2
9 14

Solution 59: 
12 10
15 23
23 24
3 8
7 2
9 14

Solution 60: 
12 10
15 23
24 25
3 8
7 2
9 14

Solution 61: 
12 10
15 23
23 25
3 8
7 2
9 14

Solution 62: 
15 23
23 25
3 8
5 10
7 2
9 14

Solution 63: 
15 23
23 25
3 8
4 11
7 2
9 14

Solution 64: 
15 23
23 24
3 8
4 11
7 2
9 14

Solution 65: 
15 23
23 24
3 8
5 10
7 2
9 14

Solution 66: 
15 23
24 25
3 8
5 10
7 2
9 14

Solution 67: 
15 23
24 25
3 8
4 11
7 2
9 14

Solution 68: 
15 23
24 25
3 4
3 8
4 11
9 14

Solution 69: 
1 2
15 23
24 25
3 8
4 11
9 14

Solution 70: 
15 23
24 25
3 8
4 11
7 4
9 14

Solution 71: 
15 23
23 24
3 8
4 11
7 4
9 14

Solution 72: 
15 23
23 25
3 8
4 11
7 4
9 14

Solution 73: 
15 23
23 25
3 4
3 8
4 11
9 14

Solution 74: 
1 2
15 23
23 25
3 8
4 11
9 14

Solution 75: 
1 2
15 23
23 24
3 8
4 11
9 14

Solution 76: 
15 23
23 24
3 4
3 8
4 11
9 14

Solution 77: 
12 10
15 23
23 24
3 4
3 8
9 14

Solution 78: 
12 11
15 23
23 24
3 4
3 8
9 14

Solution 79: 
15 23
23 24
3 4
3 8
5 10
9 14

Solution 80: 
1 2
15 23
23 24
3 8
5 10
9 14

Solution 81: 
15 23
23 24
3 8
5 10
7 4
9 14

Solution 82: 
12 11
15 23
23 24
3 8
7 4
9 14

Solution 83: 
1 2
12 11
15 23
23 24
3 8
9 14

Solution 84: 
1 2
12 10
15 23
23 24
3 8
9 14

Solution 85: 
12 10
15 23
23 24
3 8
7 4
9 14

Solution 86: 
12 10
15 23
23 25
3 8
7 4
9 14

Solution 87: 
12 10
15 23
24 25
3 8
7 4
9 14

Solution 88: 
1 2
12 10
15 23
24 25
3 8
9 14

Solution 89: 
12 10
15 23
24 25
3 4
3 8
9 14

Solution 90: 
12 10
15 23
23 25
3 4
3 8
9 14

Solution 91: 
1 2
12 10
15 23
23 25
3 8
9 14

Solution 92: 
1 2
15 23
23 25
3 8
5 10
9 14

Solution 93: 
1 2
15 23
24 25
3 8
5 10
9 14

Solution 94: 
15 23
24 25
3 4
3 8
5 10
9 14

Solution 95: 
15 23
23 25
3 4
3 8
5 10
9 14

Solution 96: 
12 11
15 23
23 25
3 4
3 8
9 14

Solution 97: 
12 11
15 23
24 25
3 4
3 8
9 14

Solution 98: 
1 2
12 11
15 23
24 25
3 8
9 14

Solution 99: 
1 2
12 11
15 23
23 25
3 8
9 14

Solution 100: 
12 11
15 23
23 25
3 8
7 4
9 14

Solution 101: 
12 11
15 23
24 25
3 8
7 4
9 14

Solution 102: 
15 23
24 25
3 8
5 10
7 4
9 14

Solution 103: 
15 23
23 25
3 8
5 10
7 4
9 14

Solution 104: 
16 22
23 25
3 8
5 10
7 4
9 14

Solution 105: 
16 22
23 25
3 8
4 11
7 4
9 14

Solution 106: 
12 10
16 22
23 25
3 8
7 4
9 14

Solution 107: 
12 11
16 22
23 25
3 8
7 4
9 14

Solution 108: 
12 11
16 22
24 25
3 8
7 4
9 14

Solution 109: 
16 22
24 25
3 8
4 11
7 4
9 14

Solution 110: 
12 10
16 22
24 25
3 8
7 4
9 14

Solution 111: 
16 22
24 25
3 8
5 10
7 4
9 14

Solution 112: 
16 22
23 24
3 8
5 10
7 4
9 14

Solution 113: 
16 22
23 24
3 8
4 11
7 4
9 14

Solution 114: 
12 10
16 22
23 24
3 8
7 4
9 14

Solution 115: 
12 11
16 22
23 24
3 8
7 4
9 14

Solution 116: 
12 11
16 22
23 24
3 8
7 2
9 14

Solution 117: 
1 2
12 11
16 22
23 24
3 8
9 14

Solution 118: 
12 11
16 22
23 24
3 4
3 8
9 14

Solution 119: 
16 22
23 24
3 4
3 8
4 11
9 14

Solution 120: 
12 10
16 22
23 24
3 4
3 8
9 14

Solution 121: 
16 22
23 24
3 4
3 8
5 10
9 14

Solution 122: 
1 2
16 22
23 24
3 8
5 10
9 14

Solution 123: 
1 2
16 22
23 24
3 8
4 11
9 14

Solution 124: 
1 2
12 10
16 22
23 24
3 8
9 14

Solution 125: 
12 10
16 22
23 24
3 8
7 2
9 14

Solution 126: 
16 22
23 24
3 8
4 11
7 2
9 14

Solution 127: 
16 22
23 24
3 8
5 10
7 2
9 14

Solution 128: 
16 22
24 25
3 8
5 10
7 2
9 14

Solution 129: 
16 22
23 25
3 8
5 10
7 2
9 14

Solution 130: 
12 10
16 22
23 25
3 8
7 2
9 14

Solution 131: 
16 22
23 25
3 8
4 11
7 2
9 14

Solution 132: 
16 22
24 25
3 8
4 11
7 2
9 14

Solution 133: 
12 10
16 22
24 25
3 8
7 2
9 14

Solution 134: 
12 11
16 22
24 25
3 8
7 2
9 14

Solution 135: 
12 11
16 22
23 25
3 8
7 2
9 14

Solution 136: 
12 11
16 22
23 25
3 4
3 8
9 14

Solution 137: 
1 2
12 11
16 22
23 25
3 8
9 14

Solution 138: 
1 2
12 11
16 22
24 25
3 8
9 14

Solution 139: 
12 11
16 22
24 25
3 4
3 8
9 14

Solution 140: 
12 10
16 22
24 25
3 4
3 8
9 14

Solution 141: 
16 22
24 25
3 4
3 8
4 11
9 14

Solution 142: 
16 22
24 25
3 4
3 8
5 10
9 14

Solution 143: 
16 22
23 25
3 4
3 8
5 10
9 14

Solution 144: 
12 10
16 22
23 25
3 4
3 8
9 14

Solution 145: 
16 22
23 25
3 4
3 8
4 11
9 14

Solution 146: 
1 2
16 22
23 25
3 8
4 11
9 14

Solution 147: 
1 2
12 10
16 22
23 25
3 8
9 14

Solution 148: 
1 2
12 10
16 22
24 25
3 8
9 14

Solution 149: 
1 2
16 22
24 25
3 8
4 11
9 14

Solution 150: 
1 2
16 22
24 25
3 8
5 10
9 14

Solution 151: 
1 2
16 22
23 25
3 8
5 10
9 14

Solution 152: 
1 2
16 22
18 9
23 25
4 11
9 14

Solution 153: 
1 2
16 22
18 9
24 25
4 11
9 14

Solution 154: 
1 2
16 22
18 9
23 24
4 11
9 14

Solution 155: 
1 2
15 23
18 9
23 24
4 11
9 14

Solution 156: 
1 2
15 23
18 9
24 25
4 11
9 14

Solution 157: 
1 2
15 23
18 9
23 25
4 11
9 14

Solution 158: 
15 23
18 9
23 25
3 4
4 11
9 14

Solution 159: 
15 23
18 9
24 25
3 4
4 11
9 14

Solution 160: 
16 22
18 9
24 25
3 4
4 11
9 14

Solution 161: 
16 22
18 9
23 25
3 4
4 11
9 14

Solution 162: 
16 22
18 9
23 24
3 4
4 11
9 14

Solution 163: 
15 23
18 9
23 24
3 4
4 11
9 14

Solution 164: 
15 23
18 8
23 24
3 4
4 11
9 14

Solution 165: 
15 23
18 8
24 25
3 4
4 11
9 14

Solution 166: 
15 23
18 8
23 25
3 4
4 11
9 14

Solution 167: 
1 2
15 23
18 8
23 25
4 11
9 14

Solution 168: 
1 2
15 23
18 8
23 24
4 11
9 14

Solution 169: 
1 2
15 23
18 8
24 25
4 11
9 14

Solution 170: 
1 2
16 22
18 8
24 25
4 11
9 14

Solution 171: 
16 22
18 8
24 25
3 4
4 11
9 14

Solution 172: 
16 22
18 8
23 24
3 4
4 11
9 14

Solution 173: 
16 22
18 8
23 25
3 4
4 11
9 14

Solution 174: 
1 2
16 22
18 8
23 25
4 11
9 14

Solution 175: 
1 2
16 22
18 8
23 24
4 11
9 14

Number of solutions found: 176

Changes at vertices: 
24 24 -> 24 25
New Vertex: 23 24
----------------------------------
Removal 10: 
Solution 0: 
12 10
15 23
3 8
7 2
9 14

Solution 1: 
12 10
15 23
3 8
7 4
9 14

Solution 2: 
1 2
12 10
15 23
3 8
9 14

Solution 3: 
12 10
15 23
3 4
3 8
9 14

Solution 4: 
12 11
15 23
3 4
3 8
9 14

Solution 5: 
15 23
3 4
3 8
5 10
9 14

Solution 6: 
15 23
3 4
3 8
4 11
9 14

Solution 7: 
15 23
3 8
4 11
7 4
9 14

Solution 8: 
15 23
3 8
4 11
7 2
9 14

Solution 9: 
1 2
15 23
3 8
4 11
9 14

Solution 10: 
1 2
12 11
15 23
3 8
9 14

Solution 11: 
1 2
15 23
3 8
5 10
9 14

Solution 12: 
15 23
3 8
5 10
7 2
9 14

Solution 13: 
15 23
3 8
5 10
7 4
9 14

Solution 14: 
12 11
15 23
3 8
7 4
9 14

Solution 15: 
12 11
15 23
3 8
7 2
9 14

Solution 16: 
15 23
18 8
3 4
4 11
9 14

Solution 17: 
1 2
15 23
18 8
4 11
9 14

Solution 18: 
1 2
15 23
18 9
4 11
9 14

Solution 19: 
15 23
18 9
3 4
4 11
9 14

Solution 20: 
15 23
3 4
4 11
5 9
9 14

Solution 21: 
1 2
15 23
4 11
5 9
9 14

Solution 22: 
1 2
16 22
4 11
5 9
9 14

Solution 23: 
16 22
3 4
4 11
5 9
9 14

Solution 24: 
16 22
18 8
3 4
4 11
9 14

Solution 25: 
16 22
18 9
3 4
4 11
9 14

Solution 26: 
1 2
16 22
18 9
4 11
9 14

Solution 27: 
1 2
16 22
18 8
4 11
9 14

Solution 28: 
1 2
16 22
3 8
4 11
9 14

Solution 29: 
16 22
3 8
4 11
7 2
9 14

Solution 30: 
16 22
3 4
3 8
4 11
9 14

Solution 31: 
16 22
3 8
4 11
7 4
9 14

Solution 32: 
12 11
16 22
3 8
7 4
9 14

Solution 33: 
12 10
16 22
3 8
7 4
9 14

Solution 34: 
16 22
3 8
5 10
7 4
9 14

Solution 35: 
16 22
3 8
5 10
7 2
9 14

Solution 36: 
1 2
16 22
3 8
5 10
9 14

Solution 37: 
16 22
3 4
3 8
5 10
9 14

Solution 38: 
12 11
16 22
3 4
3 8
9 14

Solution 39: 
12 10
16 22
3 4
3 8
9 14

Solution 40: 
12 10
16 22
3 8
7 2
9 14

Solution 41: 
12 11
16 22
3 8
7 2
9 14

Solution 42: 
1 2
12 11
16 22
3 8
9 14

Solution 43: 
1 2
12 10
16 22
3 8
9 14

Number of solutions found: 44

Changes at vertices: 
24 23 -> 24 24
New Vertex: 15 23
----------------------------------
Removal 11: 
Solution 0: 
16 22
3 4
3 8
5 10
9 14

Solution 1: 
12 11
16 22
3 4
3 8
9 14

Solution 2: 
12 10
16 22
3 4
3 8
9 14

Solution 3: 
16 22
3 4
3 8
4 11
9 14

Solution 4: 
16 22
18 9
3 4
4 11
9 14

Solution 5: 
16 22
18 8
3 4
4 11
9 14

Solution 6: 
16 22
3 4
4 11
5 9
9 14

Solution 7: 
1 2
16 22
4 11
5 9
9 14

Solution 8: 
1 2
16 22
18 8
4 11
9 14

Solution 9: 
1 2
16 22
18 9
4 11
9 14

Solution 10: 
1 2
16 22
3 8
4 11
9 14

Solution 11: 
16 22
3 8
4 11
7 4
9 14

Solution 12: 
16 22
3 8
4 11
7 2
9 14

Solution 13: 
12 10
16 22
3 8
7 2
9 14

Solution 14: 
12 11
16 22
3 8
7 2
9 14

Solution 15: 
16 22
3 8
5 10
7 2
9 14

Solution 16: 
1 2
16 22
3 8
5 10
9 14

Solution 17: 
16 22
3 8
5 10
7 4
9 14

Solution 18: 
12 11
16 22
3 8
7 4
9 14

Solution 19: 
12 10
16 22
3 8
7 4
9 14

Solution 20: 
1 2
12 10
16 22
3 8
9 14

Solution 21: 
1 2
12 11
16 22
3 8
9 14

Number of solutions found: 22

Changes at vertices: 
Change visibility: 16 22
10 22 -> 10 23
----------------------------------
Removal 12: 
Solution 0: 
1 2
12 10
16 22
3 8
9 14

Solution 1: 
12 10
16 22
3 8
7 2
9 14

Solution 2: 
12 10
16 22
3 4
3 8
9 14

Solution 3: 
12 10
16 22
3 8
7 4
9 14

Solution 4: 
16 22
3 8
5 10
7 4
9 14

Solution 5: 
16 22
3 8
4 11
7 4
9 14

Solution 6: 
12 11
16 22
3 8
7 4
9 14

Solution 7: 
12 11
16 22
3 8
7 2
9 14

Solution 8: 
1 2
12 11
16 22
3 8
9 14

Solution 9: 
12 11
16 22
3 4
3 8
9 14

Solution 10: 
16 22
3 4
3 8
4 11
9 14

Solution 11: 
16 22
3 4
3 8
5 10
9 14

Solution 12: 
16 22
3 8
5 10
7 2
9 14

Solution 13: 
16 22
3 8
4 11
7 2
9 14

Solution 14: 
1 2
16 22
3 8
4 11
9 14

Solution 15: 
1 2
16 22
3 8
5 10
9 14

Solution 16: 
1 2
16 22
4 11
5 9
9 14

Solution 17: 
1 2
16 22
18 8
4 11
9 14

Solution 18: 
1 2
16 22
18 9
4 11
9 14

Solution 19: 
16 22
18 9
3 4
4 11
9 14

Solution 20: 
16 22
3 4
4 11
5 9
9 14

Solution 21: 
16 22
18 8
3 4
4 11
9 14

Number of solutions found: 22

Changes at vertices: 
16 17 -> 16 22
Change visibility: 11 17
----------------------------------
Removal 13: 
Solution 0: 
1 2
12 10
14 16
3 8
9 14

Solution 1: 
1 2
12 10
16 17
3 8
9 14

Solution 2: 
12 10
16 17
3 8
7 2
9 14

Solution 3: 
12 10
16 17
3 4
3 8
9 14

Solution 4: 
12 10
16 17
3 8
7 4
9 14

Solution 5: 
12 10
14 16
3 8
7 4
9 14

Solution 6: 
12 10
14 16
3 8
7 2
9 14

Solution 7: 
12 10
14 16
3 4
3 8
9 14

Solution 8: 
14 16
3 4
3 8
5 10
9 14

Solution 9: 
14 16
3 4
3 8
4 11
9 14

Solution 10: 
12 11
14 16
3 4
3 8
9 14

Solution 11: 
1 2
12 11
14 16
3 8
9 14

Solution 12: 
12 11
14 16
3 8
7 4
9 14

Solution 13: 
12 11
14 16
3 8
7 2
9 14

Solution 14: 
14 16
3 8
4 11
7 2
9 14

Solution 15: 
14 16
3 8
5 10
7 2
9 14

Solution 16: 
14 16
3 8
5 10
7 4
9 14

Solution 17: 
14 16
3 8
4 11
7 4
9 14

Solution 18: 
1 2
14 16
3 8
4 11
9 14

Solution 19: 
1 2
14 16
3 8
5 10
9 14

Solution 20: 
1 2
16 17
3 8
5 10
9 14

Solution 21: 
16 17
3 4
3 8
5 10
9 14

Solution 22: 
16 17
3 8
5 10
7 2
9 14

Solution 23: 
16 17
3 8
5 10
7 4
9 14

Solution 24: 
16 17
3 8
4 11
7 4
9 14

Solution 25: 
12 11
16 17
3 8
7 4
9 14

Solution 26: 
12 11
16 17
3 8
7 2
9 14

Solution 27: 
12 11
16 17
3 4
3 8
9 14

Solution 28: 
16 17
3 4
3 8
4 11
9 14

Solution 29: 
16 17
3 8
4 11
7 2
9 14

Solution 30: 
1 2
16 17
3 8
4 11
9 14

Solution 31: 
1 2
12 11
16 17
3 8
9 14

Solution 32: 
1 2
16 17
18 8
4 11
9 14

Solution 33: 
1 2
16 17
18 9
4 11
9 14

Solution 34: 
1 2
16 17
4 11
5 9
9 14

Solution 35: 
1 2
14 16
4 11
5 9
9 14

Solution 36: 
1 2
14 16
18 8
4 11
9 14

Solution 37: 
1 2
14 16
18 9
4 11
9 14

Solution 38: 
14 16
18 9
3 4
4 11
9 14

Solution 39: 
16 17
18 9
3 4
4 11
9 14

Solution 40: 
16 17
18 8
3 4
4 11
9 14

Solution 41: 
16 17
3 4
4 11
5 9
9 14

Solution 42: 
14 16
3 4
4 11
5 9
9 14

Solution 43: 
14 16
18 8
3 4
4 11
9 14

Number of solutions found: 44

Changes at vertices: 
16 16 -> 16 17
Change visibility: 14 16
----------------------------------
Removal 14: 
Solution 0: 
14 14
3 4
3 8
4 11
8 18

Solution 1: 
14 14
3 8
4 11
7 2
8 18

Solution 2: 
14 14
3 8
4 11
7 4
8 18

Solution 3: 
14 14
3 4
4 11
5 9
8 18

Solution 4: 
14 14
3 4
4 11
5 9
9 14

Solution 5: 
14 16
3 4
4 11
5 9
9 14

Solution 6: 
16 12
3 4
4 11
5 9
9 14

Solution 7: 
16 16
3 4
4 11
5 9
9 14

Solution 8: 
16 12
3 4
4 11
5 9
8 18

Solution 9: 
16 12
18 8
3 4
4 11
8 18

Solution 10: 
16 12
18 9
3 4
4 11
8 18

Solution 11: 
16 12
3 4
3 8
4 11
8 18

Solution 12: 
16 12
3 4
3 8
4 11
9 14

Solution 13: 
16 12
18 8
3 4
4 11
9 14

Solution 14: 
16 12
18 9
3 4
4 11
9 14

Solution 15: 
14 14
18 9
3 4
4 11
9 14

Solution 16: 
14 16
18 9
3 4
4 11
9 14

Solution 17: 
16 16
18 9
3 4
4 11
9 14

Solution 18: 
14 14
18 9
3 4
4 11
8 18

Solution 19: 
14 14
18 8
3 4
4 11
8 18

Solution 20: 
14 14
18 8
3 4
4 11
9 14

Solution 21: 
14 14
3 4
3 8
4 11
9 14

Solution 22: 
14 16
3 4
3 8
4 11
9 14

Solution 23: 
16 16
3 4
3 8
4 11
9 14

Solution 24: 
16 16
18 8
3 4
4 11
9 14

Solution 25: 
14 16
18 8
3 4
4 11
9 14

Solution 26: 
12 10
14 16
3 4
3 8
9 14

Solution 27: 
12 11
14 16
3 4
3 8
9 14

Solution 28: 
14 16
3 4
3 8
5 10
9 14

Solution 29: 
14 14
3 4
3 8
5 10
9 14

Solution 30: 
16 16
3 4
3 8
5 10
9 14

Solution 31: 
16 12
3 4
3 8
5 10
9 14

Solution 32: 
12 10
16 12
3 4
3 8
9 14

Solution 33: 
12 11
16 12
3 4
3 8
9 14

Solution 34: 
12 11
16 16
3 4
3 8
9 14

Solution 35: 
12 10
16 16
3 4
3 8
9 14

Solution 36: 
12 10
14 14
3 4
3 8
9 14

Solution 37: 
12 11
14 14
3 4
3 8
9 14

Solution 38: 
12 11
14 14
3 4
3 8
8 18

Solution 39: 
12 10
14 14
3 4
3 8
8 18

Solution 40: 
12 10
16 12
3 4
3 8
8 18

Solution 41: 
12 11
16 12
3 4
3 8
8 18

Solution 42: 
16 12
3 4
3 8
5 10
8 18

Solution 43: 
14 14
3 4
3 8
5 10
8 18

Solution 44: 
14 14
3 8
5 10
7 2
8 18

Solution 45: 
14 14
3 8
5 10
7 4
8 18

Solution 46: 
1 2
14 14
3 8
5 10
8 18

Solution 47: 
1 2
16 12
3 8
5 10
8 18

Solution 48: 
16 12
3 8
5 10
7 2
8 18

Solution 49: 
16 12
3 8
5 10
7 4
8 18

Solution 50: 
16 12
3 8
5 10
7 4
9 14

Solution 51: 
16 16
3 8
5 10
7 4
9 14

Solution 52: 
14 16
3 8
5 10
7 4
9 14

Solution 53: 
14 16
3 8
5 10
7 2
9 14

Solution 54: 
1 2
14 16
3 8
5 10
9 14

Solution 55: 
1 2
16 16
3 8
5 10
9 14

Solution 56: 
1 2
16 12
3 8
5 10
9 14

Solution 57: 
16 12
3 8
5 10
7 2
9 14

Solution 58: 
16 16
3 8
5 10
7 2
9 14

Solution 59: 
14 14
3 8
5 10
7 2
9 14

Solution 60: 
14 14
3 8
5 10
7 4
9 14

Solution 61: 
1 2
14 14
3 8
5 10
9 14

Solution 62: 
1 2
12 11
14 14
3 8
9 14

Solution 63: 
1 2
12 10
14 14
3 8
9 14

Solution 64: 
1 2
14 14
3 8
4 11
9 14

Solution 65: 
1 2
14 14
18 9
4 11
9 14

Solution 66: 
1 2
14 14
4 11
5 9
9 14

Solution 67: 
1 2
14 14
18 8
4 11
9 14

Solution 68: 
1 2
14 14
18 8
4 11
8 18

Solution 69: 
1 2
14 14
18 9
4 11
8 18

Solution 70: 
1 2
14 14
3 8
4 11
8 18

Solution 71: 
1 2
14 14
4 11
5 9
8 18

Solution 72: 
1 2
12 11
14 14
3 8
8 18

Solution 73: 
1 2
12 10
14 14
3 8
8 18

Solution 74: 
12 10
14 14
3 8
7 2
8 18

Solution 75: 
12 10
14 14
3 8
7 4
8 18

Solution 76: 
12 10
14 14
3 8
7 4
9 14

Solution 77: 
12 10
14 14
3 8
7 2
9 14

Solution 78: 
12 11
14 14
3 8
7 2
9 14

Solution 79: 
14 14
3 8
4 11
7 2
9 14

Solution 80: 
12 11
14 14
3 8
7 2
8 18

Solution 81: 
12 11
14 14
3 8
7 4
8 18

Solution 82: 
12 11
14 14
3 8
7 4
9 14

Solution 83: 
14 14
3 8
4 11
7 4
9 14

Solution 84: 
14 16
3 8
4 11
7 4
9 14

Solution 85: 
16 12
3 8
4 11
7 4
9 14

Solution 86: 
16 16
3 8
4 11
7 4
9 14

Solution 87: 
12 10
16 16
3 8
7 4
9 14

Solution 88: 
12 11
16 16
3 8
7 4
9 14

Solution 89: 
12 11
14 16
3 8
7 4
9 14

Solution 90: 
12 11
16 12
3 8
7 4
9 14

Solution 91: 
12 10
16 12
3 8
7 4
9 14

Solution 92: 
12 10
14 16
3 8
7 4
9 14

Solution 93: 
12 10
16 12
3 8
7 4
8 18

Solution 94: 
12 11
16 12
3 8
7 4
8 18

Solution 95: 
16 12
3 8
4 11
7 4
8 18

Solution 96: 
16 12
3 8
4 11
7 2
8 18

Solution 97: 
1 2
16 12
3 8
4 11
8 18

Solution 98: 
1 2
16 12
18 8
4 11
8 18

Solution 99: 
1 2
16 12
18 9
4 11
8 18

Solution 100: 
1 2
12 10
16 12
3 8
8 18

Solution 101: 
12 10
16 12
3 8
7 2
8 18

Solution 102: 
12 11
16 12
3 8
7 2
8 18

Solution 103: 
1 2
12 11
16 12
3 8
8 18

Solution 104: 
1 2
12 11
16 12
3 8
9 14

Solution 105: 
1 2
12 10
16 12
3 8
9 14

Solution 106: 
1 2
16 12
3 8
4 11
9 14

Solution 107: 
16 12
3 8
4 11
7 2
9 14

Solution 108: 
12 10
16 12
3 8
7 2
9 14

Solution 109: 
12 11
16 12
3 8
7 2
9 14

Solution 110: 
1 2
16 12
18 9
4 11
9 14

Solution 111: 
1 2
16 12
18 8
4 11
9 14

Solution 112: 
1 2
16 12
4 11
5 9
9 14

Solution 113: 
1 2
16 12
4 11
5 9
8 18

Solution 114: 
1 2
16 16
4 11
5 9
9 14

Solution 115: 
1 2
14 16
4 11
5 9
9 14

Solution 116: 
1 2
14 16
18 9
4 11
9 14

Solution 117: 
1 2
14 16
18 8
4 11
9 14

Solution 118: 
1 2
14 16
3 8
4 11
9 14

Solution 119: 
14 16
3 8
4 11
7 2
9 14

Solution 120: 
12 10
14 16
3 8
7 2
9 14

Solution 121: 
12 11
14 16
3 8
7 2
9 14

Solution 122: 
1 2
12 11
14 16
3 8
9 14

Solution 123: 
1 2
12 10
14 16
3 8
9 14

Solution 124: 
1 2
12 10
16 16
3 8
9 14

Solution 125: 
1 2
12 11
16 16
3 8
9 14

Solution 126: 
1 2
16 16
3 8
4 11
9 14

Solution 127: 
16 16
3 8
4 11
7 2
9 14

Solution 128: 
12 11
16 16
3 8
7 2
9 14

Solution 129: 
12 10
16 16
3 8
7 2
9 14

Solution 130: 
1 2
16 16
18 9
4 11
9 14

Solution 131: 
1 2
16 16
18 8
4 11
9 14

Number of solutions found: 132

Changes at vertices: 
16 14 -> 16 16
New Vertex: 14 14
----------------------------------
Removal 15: 
Solution 0: 
12 10
3 8
7 2
9 14

Solution 1: 
12 10
3 8
7 4
9 14

Solution 2: 
1 2
12 10
3 8
9 14

Solution 3: 
12 10
3 4
3 8
9 14

Solution 4: 
12 11
3 4
3 8
9 14

Solution 5: 
3 4
3 8
5 10
9 14

Solution 6: 
3 4
3 8
4 11
9 14

Solution 7: 
3 8
4 11
7 4
9 14

Solution 8: 
3 8
4 11
7 2
9 14

Solution 9: 
1 2
3 8
4 11
9 14

Solution 10: 
1 2
12 11
3 8
9 14

Solution 11: 
1 2
3 8
5 10
9 14

Solution 12: 
3 8
5 10
7 2
9 14

Solution 13: 
3 8
5 10
7 4
9 14

Solution 14: 
12 11
3 8
7 4
9 14

Solution 15: 
12 11
3 8
7 2
9 14

Solution 16: 
18 9
3 4
4 11
9 14

Solution 17: 
18 8
3 4
4 11
9 14

Solution 18: 
1 2
18 8
4 11
9 14

Solution 19: 
1 2
18 9
4 11
9 14

Solution 20: 
1 2
4 11
5 9
9 14

Solution 21: 
3 4
4 11
5 9
9 14

Number of solutions found: 22

Changes at vertices: 
9 18 -> 9 21
New Vertex: 8 18
----------------------------------
Removal 16: 
Solution 0: 
3 4
3 8
4 11
4 12

Solution 1: 
3 8
4 11
4 12
7 2

Solution 2: 
3 8
4 11
4 12
7 4

Solution 3: 
3 4
4 11
4 12
5 9

Solution 4: 
12 10
3 4
4 12
5 9

Solution 5: 
12 11
3 4
4 12
5 9

Solution 6: 
3 4
4 12
5 10
5 9

Solution 7: 
18 9
3 4
4 12
5 10

Solution 8: 
18 8
3 4
4 12
5 10

Solution 9: 
3 4
3 8
4 12
5 10

Solution 10: 
12 11
3 4
3 8
4 12

Solution 11: 
12 10
3 4
3 8
4 12

Solution 12: 
12 10
3 8
4 12
7 2

Solution 13: 
12 10
3 8
4 12
7 4

Solution 14: 
1 2
12 10
3 8
4 12

Solution 15: 
1 2
12 10
4 12
5 9

Solution 16: 
1 2
12 11
4 12
5 9

Solution 17: 
1 2
4 12
5 10
5 9

Solution 18: 
1 2
18 9
4 12
5 10

Solution 19: 
1 2
18 8
4 12
5 10

Solution 20: 
1 2
18 8
4 11
4 12

Solution 21: 
1 2
18 9
4 11
4 12

Solution 22: 
1 2
4 11
4 12
5 9

Solution 23: 
18 8
3 4
4 11
4 12

Solution 24: 
18 9
3 4
4 11
4 12

Solution 25: 
1 2
3 8
4 11
4 12

Solution 26: 
1 2
12 11
3 8
4 12

Solution 27: 
1 2
3 8
4 12
5 10

Solution 28: 
3 8
4 12
5 10
7 4

Solution 29: 
3 8
4 12
5 10
7 2

Solution 30: 
12 11
3 8
4 12
7 2

Solution 31: 
12 11
3 8
4 12
7 4

Solution 32: 
12 11
3 8
7 4
9 14

Solution 33: 
12 10
3 8
7 4
9 14

Solution 34: 
3 8
4 11
7 4
9 14

Solution 35: 
3 8
5 10
7 4
9 14

Solution 36: 
3 8
5 10
7 2
9 14

Solution 37: 
3 4
3 8
5 10
9 14

Solution 38: 
1 2
3 8
5 10
9 14

Solution 39: 
1 2
12 11
3 8
9 14

Solution 40: 
12 11
3 8
7 2
9 14

Solution 41: 
12 11
3 4
3 8
9 14

Solution 42: 
12 10
3 4
3 8
9 14

Solution 43: 
12 10
3 8
7 2
9 14

Solution 44: 
1 2
12 10
3 8
9 14

Solution 45: 
1 2
3 8
4 11
9 14

Solution 46: 
3 4
3 8
4 11
9 14

Solution 47: 
3 8
4 11
7 2
9 14

Solution 48: 
1 2
18 8
4 11
9 14

Solution 49: 
1 2
4 11
5 9
9 14

Solution 50: 
3 4
4 11
5 9
9 14

Solution 51: 
18 8
3 4
4 11
9 14

Solution 52: 
18 9
3 4
4 11
9 14

Solution 53: 
1 2
18 9
4 11
9 14

Number of solutions found: 54

Changes at vertices: 
New Vertex: 9 14
1 14 -> 1 18
----------------------------------
Removal 17: 
Solution 0: 
1 14
3 4
3 8
4 11

Solution 1: 
1 14
3 8
4 11
7 2

Solution 2: 
1 14
3 8
4 11
7 4

Solution 3: 
3 8
4 11
4 12
7 4

Solution 4: 
3 4
3 8
4 11
4 12

Solution 5: 
3 8
4 11
4 12
7 2

Solution 6: 
3 4
4 11
4 12
5 9

Solution 7: 
12 10
3 4
4 12
5 9

Solution 8: 
3 4
4 12
5 10
5 9

Solution 9: 
12 11
3 4
4 12
5 9

Solution 10: 
12 11
3 4
3 8
4 12

Solution 11: 
1 2
12 11
3 8
4 12

Solution 12: 
1 2
12 10
3 8
4 12

Solution 13: 
1 2
3 8
4 12
5 10

Solution 14: 
1 2
18 9
4 12
5 10

Solution 15: 
1 2
18 8
4 12
5 10

Solution 16: 
1 2
4 12
5 10
5 9

Solution 17: 
1 2
12 10
4 12
5 9

Solution 18: 
1 2
4 11
4 12
5 9

Solution 19: 
1 2
18 9
4 11
4 12

Solution 20: 
1 2
18 8
4 11
4 12

Solution 21: 
1 2
3 8
4 11
4 12

Solution 22: 
1 2
12 11
4 12
5 9

Solution 23: 
18 9
3 4
4 12
5 10

Solution 24: 
18 8
3 4
4 12
5 10

Solution 25: 
18 8
3 4
4 11
4 12

Solution 26: 
18 9
3 4
4 11
4 12

Solution 27: 
12 10
3 4
3 8
4 12

Solution 28: 
3 4
3 8
4 12
5 10

Solution 29: 
3 8
4 12
5 10
7 4

Solution 30: 
3 8
4 12
5 10
7 2

Solution 31: 
12 10
3 8
4 12
7 2

Solution 32: 
12 11
3 8
4 12
7 2

Solution 33: 
12 11
3 8
4 12
7 4

Solution 34: 
12 10
3 8
4 12
7 4

Solution 35: 
1 14
12 10
3 8
7 4

Solution 36: 
12 10
16 14
3 8
7 4

Solution 37: 
12 10
16 12
3 8
7 4

Solution 38: 
12 10
16 12
3 4
3 8

Solution 39: 
1 2
12 10
16 12
3 8

Solution 40: 
12 10
16 12
3 8
7 2

Solution 41: 
1 14
12 10
3 8
7 2

Solution 42: 
12 10
16 14
3 8
7 2

Solution 43: 
1 2
12 10
16 14
3 8

Solution 44: 
12 10
16 14
3 4
3 8

Solution 45: 
1 14
12 10
3 4
3 8

Solution 46: 
1 14
1 2
12 10
3 8

Solution 47: 
1 14
1 2
12 11
3 8

Solution 48: 
1 14
1 2
3 8
4 11

Solution 49: 
1 14
1 2
3 8
5 10

Solution 50: 
1 14
3 4
3 8
5 10

Solution 51: 
1 14
12 11
3 4
3 8

Solution 52: 
1 14
12 11
3 8
7 4

Solution 53: 
1 14
12 11
3 8
7 2

Solution 54: 
1 14
3 8
5 10
7 2

Solution 55: 
1 14
3 8
5 10
7 4

Solution 56: 
16 12
3 8
5 10
7 4

Solution 57: 
1 2
16 12
3 8
5 10

Solution 58: 
16 12
3 4
3 8
5 10

Solution 59: 
16 14
3 4
3 8
5 10

Solution 60: 
1 2
16 14
3 8
5 10

Solution 61: 
16 14
3 8
5 10
7 4

Solution 62: 
16 14
3 8
5 10
7 2

Solution 63: 
16 12
3 8
5 10
7 2

Solution 64: 
16 12
3 8
4 11
7 2

Solution 65: 
12 11
16 12
3 8
7 2

Solution 66: 
12 11
16 14
3 8
7 2

Solution 67: 
16 14
3 8
4 11
7 2

Solution 68: 
16 14
3 4
3 8
4 11

Solution 69: 
16 14
3 8
4 11
7 4

Solution 70: 
16 12
3 8
4 11
7 4

Solution 71: 
16 12
3 4
3 8
4 11

Solution 72: 
12 11
16 12
3 4
3 8

Solution 73: 
12 11
16 14
3 4
3 8

Solution 74: 
12 11
16 14
3 8
7 4

Solution 75: 
12 11
16 12
3 8
7 4

Solution 76: 
1 2
12 11
16 12
3 8

Solution 77: 
1 2
12 11
16 14
3 8

Solution 78: 
1 2
16 14
3 8
4 11

Solution 79: 
1 2
16 12
3 8
4 11

Solution 80: 
1 2
16 12
18 9
4 11

Solution 81: 
1 2
16 12
4 11
5 9

Solution 82: 
1 2
16 12
18 8
4 11

Solution 83: 
1 14
1 2
18 8
4 11

Solution 84: 
1 2
16 14
18 8
4 11

Solution 85: 
1 2
16 14
4 11
5 9

Solution 86: 
1 14
1 2
4 11
5 9

Solution 87: 
1 14
1 2
18 9
4 11

Solution 88: 
1 2
16 14
18 9
4 11

Solution 89: 
1 14
1 2
18 9
5 10

Solution 90: 
1 14
1 2
18 8
5 10

Solution 91: 
1 14
1 2
5 10
5 9

Solution 92: 
1 14
1 2
12 10
5 9

Solution 93: 
1 14
1 2
12 11
5 9

Solution 94: 
1 14
12 11
3 4
5 9

Solution 95: 
1 14
12 11
5 9
7 2

Solution 96: 
1 14
12 11
5 9
7 4

Solution 97: 
1 14
12 10
5 9
7 4

Solution 98: 
1 14
5 10
5 9
7 4

Solution 99: 
1 14
4 11
5 9
7 4

Solution 100: 
1 14
3 4
4 11
5 9

Solution 101: 
1 14
4 11
5 9
7 2

Solution 102: 
1 14
12 10
5 9
7 2

Solution 103: 
1 14
5 10
5 9
7 2

Solution 104: 
1 14
3 4
5 10
5 9

Solution 105: 
1 14
12 10
3 4
5 9

Solution 106: 
1 14
18 9
3 4
5 10

Solution 107: 
1 14
18 9
5 10
7 4

Solution 108: 
1 14
18 9
5 10
7 2

Solution 109: 
1 14
18 8
5 10
7 2

Solution 110: 
1 14
18 8
5 10
7 4

Solution 111: 
1 14
18 8
3 4
5 10

Solution 112: 
1 14
18 8
3 4
4 11

Solution 113: 
1 14
18 8
4 11
7 4

Solution 114: 
1 14
18 8
4 11
7 2

Solution 115: 
1 14
18 9
4 11
7 2

Solution 116: 
1 14
18 9
4 11
7 4

Solution 117: 
1 14
18 9
3 4
4 11

Solution 118: 
16 14
18 9
3 4
4 11

Solution 119: 
16 12
18 9
3 4
4 11

Solution 120: 
16 12
3 4
4 11
5 9

Solution 121: 
16 14
3 4
4 11
5 9

Solution 122: 
16 14
18 8
3 4
4 11

Solution 123: 
16 12
18 8
3 4
4 11

Number of solutions found: 124

Changes at vertices: 
Change visibility: 4 12
1 12 -> 1 14
----------------------------------
Removal 18: 
Solution 0: 
3 4
3 8
4 11

Solution 1: 
3 8
4 11
7 2

Solution 2: 
3 8
4 11
7 4

Solution 3: 
3 4
4 11
5 9

Solution 4: 
18 8
3 4
4 11

Solution 5: 
18 9
3 4
4 11

Solution 6: 
12 10
3 4
3 8

Solution 7: 
12 11
3 4
3 8

Solution 8: 
3 4
3 8
5 10

Solution 9: 
3 8
5 10
7 2

Solution 10: 
3 8
5 10
7 4

Solution 11: 
12 10
3 8
7 4

Solution 12: 
12 11
3 8
7 4

Solution 13: 
12 11
3 8
7 2

Solution 14: 
12 10
3 8
7 2

Solution 15: 
1 2
12 10
3 8

Solution 16: 
1 2
12 11
3 8

Solution 17: 
1 2
3 8
4 11

Solution 18: 
1 2
4 11
5 9

Solution 19: 
1 2
18 9
4 11

Solution 20: 
1 2
18 8
4 11

Solution 21: 
1 2
3 8
5 10

Number of solutions found: 22

Changes at vertices: 
New Vertex: 4 11
1 11 -> 1 12
----------------------------------
Removal 19: 
Solution 0: 
1 11
3 4
3 8

Solution 1: 
1 11
3 8
7 2

Solution 2: 
1 11
3 8
7 4

Solution 3: 
1 11
5 9
7 4

Solution 4: 
1 11
3 4
5 9

Solution 5: 
1 11
5 9
7 2

Solution 6: 
3 4
5 10
5 9

Solution 7: 
18 8
3 4
5 10

Solution 8: 
18 9
3 4
5 10

Solution 9: 
3 4
3 8
5 10

Solution 10: 
3 8
5 10
7 2

Solution 11: 
1 2
3 8
5 10

Solution 12: 
3 8
5 10
7 4

Solution 13: 
1 2
5 10
5 9

Solution 14: 
1 2
18 9
5 10

Solution 15: 
1 2
18 8
5 10

Solution 16: 
1 11
1 2
18 8

Solution 17: 
1 11
18 8
7 4

Solution 18: 
1 11
18 8
3 4

Solution 19: 
1 11
18 8
7 2

Solution 20: 
1 11
18 9
7 2

Solution 21: 
1 11
18 9
3 4

Solution 22: 
1 11
18 9
7 4

Solution 23: 
1 11
1 2
18 9

Solution 24: 
1 11
1 2
5 9

Solution 25: 
1 11
1 2
3 8

Solution 26: 
1 2
12 10
3 8

Solution 27: 
1 2
12 11
3 8

Solution 28: 
12 11
3 4
3 8

Solution 29: 
12 11
3 8
7 2

Solution 30: 
12 10
3 8
7 2

Solution 31: 
12 10
3 4
3 8

Solution 32: 
12 10
3 8
7 4

Solution 33: 
12 11
3 8
7 4

Solution 34: 
12 11
3 4
5 9

Solution 35: 
1 2
12 11
5 9

Solution 36: 
1 2
12 10
5 9

Solution 37: 
12 10
3 4
5 9

Number of solutions found: 38

Changes at vertices: 
Change visibility: 5 10
1 10 -> 1 11
----------------------------------
Removal 20: 
Solution 0: 
3 4
3 8

Solution 1: 
3 8
7 2

Solution 2: 
3 8
7 4

Solution 3: 
3 4
5 9

Solution 4: 
1 2
5 9

Solution 5: 
1 2
3 8

Number of solutions found: 6

Changes at vertices: 
New Vertex: 5 9
1 9 -> 1 10
----------------------------------
Removal 21: 
Solution 0: 
1 9
3 4

Solution 1: 
3 4
3 8

Solution 2: 
3 8
7 2

Solution 3: 
1 9
7 2

Solution 4: 
1 9
7 4

Solution 5: 
1 2
1 9

Solution 6: 
1 2
18 9

Solution 7: 
1 2
3 8

Solution 8: 
18 9
3 4

Solution 9: 
18 8
3 4

Solution 10: 
1 2
18 8

Solution 11: 
3 8
7 4

Number of solutions found: 12

Changes at vertices: 
Change visibility: 3 8
1 8 -> 1 9
----------------------------------
Removal 22: 
Solution 0: 
3 4

Solution 1: 
1 2

Number of solutions found: 2

Changes at vertices: 
New Vertex: 3 4
1 4 -> 1 8
----------------------------------
Removal 23: 
Solution 0: 
1 4

Solution 1: 
7 2

Solution 2: 
7 4

Solution 3: 
1 2

Number of solutions found: 4

