1150
261 519
261 502
76 502
76 484
136 484
136 482
207 482
207 481
110 481
110 477
284 477
284 476
83 476
83 447
74 447
74 442
63 442
63 426
50 426
50 441
41 441
41 454
32 454
32 456
23 456
23 478
20 478
20 377
10 377
10 395
18 395
18 491
27 491
27 493
28 493
28 555
11 555
11 611
12 611
12 696
19 696
19 797
14 797
14 800
9 800
9 770
7 770
7 667
6 667
6 554
4 554
4 507
1 507
1 623
2 623
2 574
3 574
3 693
5 693
5 813
21 813
21 676
26 676
26 656
13 656
13 570
15 570
15 654
34 654
34 636
44 636
44 632
39 632
39 581
35 581
35 598
17 598
17 585
30 585
30 584
31 584
31 504
29 504
29 458
52 458
52 479
67 479
67 490
64 490
64 792
60 792
60 565
58 565
58 809
65 809
65 728
77 728
77 619
82 619
82 568
89 568
89 563
112 563
112 569
280 569
280 572
232 572
232 579
247 579
247 578
270 578
270 587
272 587
272 588
274 588
274 613
192 613
192 602
179 602
179 599
135 599
135 600
102 600
102 609
107 609
107 621
111 621
111 646
113 646
113 661
115 661
115 819
100 819
100 841
93 841
93 839
99 839
99 775
96 775
96 713
85 713
85 719
88 719
88 757
94 757
94 815
92 815
92 863
91 863
91 786
90 786
90 900
95 900
95 1240
155 1240
155 1241
182 1241
182 1242
154 1242
154 1248
200 1248
200 1244
203 1244
203 1249
303 1249
303 1246
243 1246
243 1243
509 1243
509 1245
310 1245
310 1247
485 1247
485 1250
529 1250
529 1239
441 1239
441 1237
143 1237
143 1228
148 1228
148 1236
546 1236
546 1232
532 1232
532 1231
493 1231
493 1235
326 1235
326 1234
333 1234
333 1233
248 1233
248 1229
161 1229
161 1227
266 1227
266 1219
285 1219
285 1215
262 1215
262 1223
264 1223
264 1226
259 1226
259 1216
223 1216
223 1177
209 1177
209 1217
217 1217
217 1225
142 1225
142 1221
134 1221
134 1238
97 1238
97 1037
98 1037
98 876
109 876
109 976
116 976
116 843
117 843
117 962
118 962
118 945
137 945
137 950
146 950
146 937
163 937
163 1012
108 1012
108 1038
174 1038
174 1055
177 1055
177 1080
199 1080
199 1045
219 1045
219 1120
242 1120
242 1147
230 1147
230 1150
257 1150
257 1141
253 1141
253 1091
256 1091
256 1011
277 1011
277 1025
278 1025
278 1095
287 1095
287 1090
298 1090
298 1092
301 1092
301 1088
306 1088
306 1139
308 1139
308 1149
633 1149
633 1142
596 1142
596 1136
484 1136
484 1108
488 1108
488 1110
490 1110
490 1112
540 1112
540 1119
559 1119
559 1109
566 1109
566 1121
535 1121
535 1127
519 1127
519 1135
663 1135
663 1134
570 1134
570 1114
586 1114
586 1116
715 1116
715 1118
742 1118
742 1099
732 1099
732 1106
645 1106
645 1098
588 1098
588 1097
527 1097
527 1071
534 1071
534 1076
661 1076
661 1066
652 1066
652 1062
793 1062
793 1073
802 1073
802 1130
817 1130
817 1096
820 1096
820 1117
823 1117
823 1132
831 1132
831 1131
867 1131
867 1133
868 1133
868 1140
928 1140
928 1151
804 1151
804 1167
814 1167
814 1154
830 1154
830 1170
835 1170
835 1159
863 1159
863 1156
899 1156
899 1171
759 1171
759 1173
585 1173
585 1160
489 1160
489 1165
322 1165
322 1166
346 1166
346 1169
538 1169
538 1168
502 1168
502 1163
583 1163
583 1175
836 1175
836 1176
944 1176
944 1162
962 1162
962 1172
945 1172
945 1194
941 1194
941 1195
855 1195
855 1199
946 1199
946 1197
954 1197
954 1204
704 1204
704 1198
626 1198
626 1196
743 1196
743 1193
760 1193
760 1183
750 1183
750 1184
703 1184
703 1188
646 1188
646 1180
602 1180
602 1185
601 1185
601 1206
620 1206
620 1200
660 1200
660 1201
699 1201
699 1202
664 1202
664 1210
575 1210
575 1182
567 1182
567 1181
558 1181
558 1189
536 1189
536 1192
515 1192
515 1191
445 1191
445 1203
560 1203
560 1190
564 1190
564 1208
498 1208
498 1212
659 1212
659 1211
717 1211
717 1205
957 1205
957 1218
979 1218
979 1207
990 1207
990 1224
986 1224
986 1230
1009 1230
1009 1222
995 1222
995 1220
996 1220
996 1155
999 1155
999 1186
1000 1186
1000 1214
1043 1214
1043 1179
1084 1179
1084 1164
1080 1164
1080 1178
1068 1178
1068 1174
1042 1174
1042 1213
1003 1213
1003 1124
1012 1124
1012 1101
1002 1101
1002 1060
1027 1060
1027 1050
1025 1050
1025 1036
1036 1036
1036 1081
1037 1081
1037 984
1005 984
1005 982
1061 982
1061 990
1074 990
1074 1032
1076 1032
1076 978
1135 978
1135 979
1108 979
1108 989
1079 989
1079 1021
1090 1021
1090 1039
1098 1039
1098 1044
1109 1044
1109 986
1125 986
1125 985
1202 985
1202 1111
1209 1111
1209 1072
1215 1072
1215 1051
1235 1051
1235 1046
1219 1046
1219 1047
1211 1047
1211 1042
1207 1042
1207 1006
1205 1006
1205 972
1194 972
1194 977
1204 977
1204 983
1187 983
1187 966
1186 966
1186 971
1160 971
1160 974
1099 974
1099 967
1066 967
1066 964
1048 964
1048 980
1040 980
1040 981
997 981
997 997
1022 997
1022 1008
1018 1008
1018 1054
993 1054
993 1152
992 1152
992 1143
991 1143
991 1187
970 1187
970 1209
968 1209
968 1161
935 1161
935 1158
934 1158
934 1157
910 1157
910 1153
939 1153
939 1129
925 1129
925 1126
929 1126
929 1125
838 1125
838 1123
839 1123
839 1083
845 1083
845 1064
907 1064
907 1070
853 1070
853 1079
911 1079
911 1077
872 1077
872 1075
927 1075
927 925
912 925
912 916
718 916
718 918
865 918
865 920
826 920
826 924
688 924
688 923
599 923
599 926
387 926
387 919
425 919
425 906
448 906
448 912
523 912
523 884
551 884
551 870
552 870
552 890
606 890
606 888
609 888
609 895
644 895
644 897
629 897
629 898
713 898
713 867
714 867
714 862
723 862
723 869
879 869
879 873
808 873
808 878
780 878
780 879
816 879
816 901
914 901
914 904
569 904
569 905
955 905
955 892
887 892
887 896
878 896
878 883
915 883
915 860
937 860
937 859
901 859
901 855
1145 855
1145 844
1193 844
1193 882
1191 882
1191 928
1189 928
1189 894
1173 894
1173 853
1166 853
1166 902
1147 902
1147 907
1110 907
1110 909
1140 909
1140 913
1149 913
1149 911
1152 911
1152 939
1155 939
1155 917
1162 917
1162 914
1167 914
1167 865
1169 865
1169 946
1159 946
1159 955
1139 955
1139 961
1174 961
1174 940
1196 940
1196 877
1200 877
1200 854
1208 854
1208 910
1220 910
1220 944
1212 944
1212 947
1222 947
1222 840
1107 840
1107 851
982 851
982 849
893 849
893 845
976 845
976 842
796 842
796 852
894 852
894 857
874 857
874 858
712 858
712 891
624 891
624 887
600 887
600 881
653 881
653 864
648 864
648 846
721 846
721 835
1101 835
1101 831
1103 831
1103 829
948 829
948 827
897 827
897 826
857 826
857 828
895 828
895 832
1095 832
1095 833
950 833
950 834
522 834
522 836
494 836
494 838
627 838
627 848
604 848
604 850
639 850
639 847
635 847
635 837
641 837
641 880
597 880
597 886
581 886
581 871
584 871
584 856
508 856
508 861
504 861
504 875
516 875
516 889
511 889
511 893
517 893
517 899
491 899
491 903
395 903
395 866
379 866
379 932
440 932
440 927
550 927
550 930
446 930
446 931
806 931
806 938
824 938
824 934
886 934
886 933
900 933
900 965
875 965
875 991
919 991
919 935
921 935
921 1015
926 1015
926 1068
922 1068
922 1049
877 1049
877 1053
903 1053
903 1063
856 1063
856 1056
849 1056
849 1048
844 1048
844 1020
841 1020
841 1069
840 1069
840 1001
744 1001
744 999
795 999
795 988
749 988
749 949
747 949
747 957
737 957
737 987
607 987
607 952
617 952
617 941
479 941
479 948
463 948
463 943
462 943
462 954
354 954
354 960
348 960
348 951
336 951
336 929
327 929
327 915
338 915
338 874
366 874
366 820
386 820
386 816
480 816
480 818
474 818
474 824
481 824
481 822
486 822
486 811
467 811
467 810
383 810
383 814
364 814
364 868
319 868
319 872
321 872
321 963
360 963
360 956
423 956
423 958
495 958
495 970
500 970
500 975
501 975
501 959
514 959
514 973
518 973
518 942
603 942
603 968
589 968
589 992
611 992
611 993
619 993
619 994
745 994
745 995
722 995
722 996
731 996
731 998
647 998
647 1000
740 1000
740 1004
634 1004
634 1003
592 1003
592 1002
562 1002
562 1005
829 1005
829 1034
832 1034
832 1009
837 1009
837 1089
828 1089
828 1084
825 1084
825 1059
657 1059
657 1058
649 1058
649 1057
571 1057
571 1061
615 1061
615 1065
503 1065
503 1067
520 1067
520 1086
524 1086
524 1102
547 1102
547 1107
477 1107
477 1113
472 1113
472 1137
594 1137
594 1144
563 1144
563 1138
544 1138
544 1148
496 1148
496 1145
389 1145
389 1103
341 1103
341 1105
367 1105
367 1122
361 1122
361 1128
362 1128
362 1146
315 1146
315 1104
328 1104
328 1094
337 1094
337 1093
368 1093
368 1085
382 1085
382 1078
329 1078
329 1087
320 1087
320 1100
307 1100
307 1074
313 1074
313 1041
304 1041
304 1043
311 1043
311 1052
283 1052
283 1082
281 1082
281 1013
291 1013
291 1030
487 1030
487 1029
507 1029
507 1023
356 1023
356 1022
330 1022
330 1028
324 1028
324 1019
404 1019
404 1014
394 1014
394 1017
380 1017
380 1016
334 1016
334 1010
279 1010
279 1007
251 1007
251 1018
249 1018
249 1033
250 1033
250 1115
244 1115
244 1040
206 1040
206 1035
193 1035
193 1031
131 1031
131 1027
168 1027
168 1026
141 1026
141 1024
173 1024
173 969
166 969
166 953
165 953
165 908
147 908
147 922
130 922
130 921
138 921
138 885
122 885
122 936
119 936
119 610
123 610
123 614
201 614
201 624
156 624
156 726
157 726
157 650
159 650
159 729
170 729
170 731
120 731
120 744
178 744
178 718
184 718
184 691
187 691
187 683
204 683
204 762
195 762
195 801
216 801
216 817
194 817
194 812
186 812
186 821
210 821
210 830
218 830
218 779
197 779
197 771
211 771
211 777
225 777
225 789
231 789
231 790
233 790
233 793
252 793
252 825
268 825
268 823
255 823
255 795
275 795
275 782
271 782
271 787
227 787
227 766
221 766
221 680
215 680
215 722
212 722
212 707
213 707
213 677
171 677
171 684
181 684
181 686
164 686
164 700
160 700
160 628
260 628
260 652
263 652
263 704
267 704
267 688
265 688
265 660
269 660
269 723
273 723
273 679
290 679
290 699
292 699
292 655
293 655
293 591
295 591
295 721
296 721
296 669
297 669
297 576
288 576
288 571
286 571
286 550
114 550
114 548
205 548
205 546
276 546
276 537
133 537
133 543
158 543
158 544
128 544
128 535
125 535
125 536
103 536
103 538
70 538
70 711
66 711
66 513
68 513
68 474
53 474
53 448
54 448
54 432
61 432
61 443
73 443
73 505
144 505
144 508
228 508
228 503
246 503
246 518
245 518
245 520
323 520
323 519
