224
23 456
23 478
20 478
20 377
10 377
10 395
18 395
18 491
27 491
27 493
28 493
28 555
11 555
11 611
12 611
12 696
19 696
19 797
14 797
14 800
9 800
9 770
7 770
7 667
6 667
6 554
4 554
4 507
1 507
1 623
2 623
2 574
3 574
3 693
5 693
5 813
21 813
21 676
26 676
26 656
13 656
13 570
15 570
15 654
34 654
34 636
44 636
44 632
39 632
39 581
35 581
35 598
17 598
17 585
30 585
30 584
31 584
31 504
29 504
29 458
52 458
52 479
67 479
67 490
64 490
64 792
60 792
60 565
58 565
58 809
65 809
65 728
77 728
77 619
82 619
82 568
89 568
89 563
112 563
112 569
280 569
280 572
232 572
232 579
247 579
247 578
270 578
270 587
272 587
272 588
274 588
274 613
192 613
192 609
107 609
107 621
111 621
111 646
113 646
113 661
115 661
115 819
100 819
100 841
93 841
93 839
99 839
99 775
96 775
96 713
85 713
85 719
88 719
88 757
94 757
94 815
92 815
92 863
91 863
91 786
90 786
90 900
95 900
95 1240
155 1240
155 1241
182 1241
182 1242
154 1242
154 1248
200 1248
200 1244
203 1244
203 1249
303 1249
303 1246
243 1246
243 1243
509 1243
509 1245
310 1245
310 1247
485 1247
485 1250
529 1250
529 1239
441 1239
441 1237
143 1237
143 1228
148 1228
148 1236
546 1236
546 1232
532 1232
532 1231
493 1231
493 1235
326 1235
326 1234
333 1234
333 1233
248 1233
248 1229
161 1229
161 1227
266 1227
266 1219
285 1219
285 1215
262 1215
262 1223
264 1223
264 1226
259 1226
259 1216
223 1216
223 1177
209 1177
209 1217
217 1217
217 1225
142 1225
142 1221
134 1221
134 1238
97 1238
97 1037
98 1037
98 876
109 876
109 976
116 976
116 843
117 843
117 962
118 962
118 945
137 945
137 950
146 950
146 937
165 937
165 936
119 936
119 610
123 610
123 614
293 614
293 591
297 591
297 576
288 576
288 571
286 571
286 550
70 550
70 711
66 711
66 513
68 513
68 474
53 474
53 456
