1870
1154 1
1154 30
1141 30
1141 74
1197 74
1197 76
1134 76
1134 234
1131 234
1131 211
1120 211
1120 279
1118 279
1118 294
1117 294
1117 304
1112 304
1112 311
1128 311
1128 324
1075 324
1075 308
1024 308
1024 303
1034 303
1034 297
988 297
988 286
1023 286
1023 280
1035 280
1035 278
1039 278
1039 254
1032 254
1032 230
1014 230
1014 227
1020 227
1020 226
1015 226
1015 220
1060 220
1060 155
1064 155
1064 61
1065 61
1065 244
1067 244
1067 20
1082 20
1082 12
1062 12
1062 82
1063 82
1063 139
1059 139
1059 168
1058 168
1058 175
1056 175
1056 180
1055 180
1055 213
1047 213
1047 214
1007 214
1007 232
1021 232
1021 243
994 243
994 261
985 261
985 316
1008 316
1008 318
1006 318
1006 326
1132 326
1132 321
1158 321
1158 317
1142 317
1142 315
1233 315
1233 330
1231 330
1231 320
1226 320
1226 331
1228 331
1228 359
1237 359
1237 364
1236 364
1236 392
1234 392
1234 417
1227 417
1227 428
1225 428
1225 415
1221 415
1221 412
1183 412
1183 386
1136 386
1136 381
1083 381
1083 430
1086 430
1086 420
1089 420
1089 419
1091 419
1091 437
1057 437
1057 457
1044 457
1044 453
1052 453
1052 446
1050 446
1050 390
854 390
854 396
850 396
850 388
799 388
799 370
790 370
790 368
729 368
729 325
728 325
728 310
726 310
726 209
751 209
751 196
748 196
748 190
772 190
772 125
776 125
776 101
779 101
779 69
781 69
781 48
753 48
753 21
666 21
666 31
561 31
561 40
526 40
526 41
510 41
510 43
608 43
608 36
598 36
598 32
667 32
667 118
632 118
632 133
650 133
650 149
643 149
643 203
651 203
651 265
654 265
654 287
656 287
656 160
655 160
655 134
677 134
677 140
693 140
693 156
687 156
687 163
681 163
681 170
700 170
700 179
692 179
692 224
696 224
696 335
694 335
694 374
686 374
686 333
669 333
669 344
658 344
658 348
675 348
675 380
685 380
685 401
682 401
682 403
702 403
702 438
706 438
706 485
662 485
662 488
671 488
671 498
761 498
761 494
766 494
766 559
454 559
454 626
450 626
450 664
444 664
444 682
357 682
357 675
359 675
359 663
358 663
358 637
353 637
353 516
349 516
349 501
309 501
309 519
261 519
261 502
76 502
76 484
136 484
136 482
207 482
207 481
110 481
110 477
284 477
284 476
83 476
83 447
74 447
74 442
63 442
63 426
50 426
50 441
41 441
41 454
32 454
32 456
23 456
23 478
20 478
20 377
10 377
10 395
18 395
18 491
27 491
27 493
28 493
28 555
11 555
11 611
12 611
12 696
19 696
19 797
14 797
14 800
9 800
9 770
7 770
7 667
6 667
6 554
4 554
4 507
1 507
1 623
2 623
2 574
3 574
3 693
5 693
5 813
21 813
21 676
26 676
26 656
13 656
13 570
15 570
15 654
34 654
34 636
44 636
44 632
39 632
39 581
35 581
35 598
17 598
17 585
30 585
30 584
31 584
31 504
29 504
29 458
52 458
52 479
67 479
67 490
64 490
64 792
60 792
60 565
58 565
58 809
65 809
65 728
77 728
77 619
82 619
82 568
89 568
89 563
112 563
112 569
280 569
280 572
232 572
232 579
247 579
247 578
270 578
270 587
272 587
272 588
274 588
274 613
192 613
192 602
179 602
179 599
135 599
135 600
102 600
102 609
107 609
107 621
111 621
111 646
113 646
113 661
115 661
115 819
100 819
100 841
93 841
93 839
99 839
99 775
96 775
96 713
85 713
85 719
88 719
88 757
94 757
94 815
92 815
92 863
91 863
91 786
90 786
90 900
95 900
95 1240
155 1240
155 1241
182 1241
182 1242
154 1242
154 1248
200 1248
200 1244
203 1244
203 1249
303 1249
303 1246
243 1246
243 1243
509 1243
509 1245
310 1245
310 1247
485 1247
485 1250
529 1250
529 1239
441 1239
441 1237
143 1237
143 1228
148 1228
148 1236
546 1236
546 1232
532 1232
532 1231
493 1231
493 1235
326 1235
326 1234
333 1234
333 1233
248 1233
248 1229
161 1229
161 1227
266 1227
266 1219
285 1219
285 1215
262 1215
262 1223
264 1223
264 1226
259 1226
259 1216
223 1216
223 1177
209 1177
209 1217
217 1217
217 1225
142 1225
142 1221
134 1221
134 1238
97 1238
97 1037
98 1037
98 876
109 876
109 976
116 976
116 843
117 843
117 962
118 962
118 945
137 945
137 950
146 950
146 937
163 937
163 1012
108 1012
108 1038
174 1038
174 1055
177 1055
177 1080
199 1080
199 1045
219 1045
219 1120
242 1120
242 1147
230 1147
230 1150
257 1150
257 1141
253 1141
253 1091
256 1091
256 1011
277 1011
277 1025
278 1025
278 1095
287 1095
287 1090
298 1090
298 1092
301 1092
301 1088
306 1088
306 1139
308 1139
308 1149
633 1149
633 1142
596 1142
596 1136
484 1136
484 1108
488 1108
488 1110
490 1110
490 1112
540 1112
540 1119
559 1119
559 1109
566 1109
566 1121
535 1121
535 1127
519 1127
519 1135
663 1135
663 1134
570 1134
570 1114
586 1114
586 1116
715 1116
715 1118
742 1118
742 1099
732 1099
732 1106
645 1106
645 1098
588 1098
588 1097
527 1097
527 1071
534 1071
534 1076
661 1076
661 1066
652 1066
652 1062
793 1062
793 1073
802 1073
802 1130
817 1130
817 1096
820 1096
820 1117
823 1117
823 1132
831 1132
831 1131
867 1131
867 1133
868 1133
868 1140
928 1140
928 1151
804 1151
804 1167
814 1167
814 1154
830 1154
830 1170
835 1170
835 1159
863 1159
863 1156
899 1156
899 1171
759 1171
759 1173
585 1173
585 1160
489 1160
489 1165
322 1165
322 1166
346 1166
346 1169
538 1169
538 1168
502 1168
502 1163
583 1163
583 1175
836 1175
836 1176
944 1176
944 1162
962 1162
962 1172
945 1172
945 1194
941 1194
941 1195
855 1195
855 1199
946 1199
946 1197
954 1197
954 1204
704 1204
704 1198
626 1198
626 1196
743 1196
743 1193
760 1193
760 1183
750 1183
750 1184
703 1184
703 1188
646 1188
646 1180
602 1180
602 1185
601 1185
601 1206
620 1206
620 1200
660 1200
660 1201
699 1201
699 1202
664 1202
664 1210
575 1210
575 1182
567 1182
567 1181
558 1181
558 1189
536 1189
536 1192
515 1192
515 1191
445 1191
445 1203
560 1203
560 1190
564 1190
564 1208
498 1208
498 1212
659 1212
659 1211
717 1211
717 1205
957 1205
957 1218
979 1218
979 1207
990 1207
990 1224
986 1224
986 1230
1009 1230
1009 1222
995 1222
995 1220
996 1220
996 1155
999 1155
999 1186
1000 1186
1000 1214
1043 1214
1043 1179
1084 1179
1084 1164
1080 1164
1080 1178
1068 1178
1068 1174
1042 1174
1042 1213
1003 1213
1003 1124
1012 1124
1012 1101
1002 1101
1002 1060
1027 1060
1027 1050
1025 1050
1025 1036
1036 1036
1036 1081
1037 1081
1037 984
1005 984
1005 982
1061 982
1061 990
1074 990
1074 1032
1076 1032
1076 978
1135 978
1135 979
1108 979
1108 989
1079 989
1079 1021
1090 1021
1090 1039
1098 1039
1098 1044
1109 1044
1109 986
1125 986
1125 985
1202 985
1202 1111
1209 1111
1209 1072
1215 1072
1215 1051
1235 1051
1235 1046
1219 1046
1219 1047
1211 1047
1211 1042
1207 1042
1207 1006
1205 1006
1205 972
1194 972
1194 977
1204 977
1204 983
1187 983
1187 966
1186 966
1186 971
1160 971
1160 974
1099 974
1099 967
1066 967
1066 964
1048 964
1048 980
1040 980
1040 981
997 981
997 997
1022 997
1022 1008
1018 1008
1018 1054
993 1054
993 1152
992 1152
992 1143
991 1143
991 1187
970 1187
970 1209
968 1209
968 1161
935 1161
935 1158
934 1158
934 1157
910 1157
910 1153
939 1153
939 1129
925 1129
925 1126
929 1126
929 1125
838 1125
838 1123
839 1123
839 1083
845 1083
845 1064
907 1064
907 1070
853 1070
853 1079
911 1079
911 1077
872 1077
872 1075
927 1075
927 925
912 925
912 916
718 916
718 918
865 918
865 920
826 920
826 924
688 924
688 923
599 923
599 926
387 926
387 919
425 919
425 906
448 906
448 912
523 912
523 884
551 884
551 870
552 870
552 890
606 890
606 888
609 888
609 895
644 895
644 897
629 897
629 898
713 898
713 867
714 867
714 862
723 862
723 869
879 869
879 873
808 873
808 878
780 878
780 879
816 879
816 901
914 901
914 904
569 904
569 905
955 905
955 892
887 892
887 896
878 896
878 883
915 883
915 860
937 860
937 859
901 859
901 855
1145 855
1145 844
1193 844
1193 882
1191 882
1191 928
1189 928
1189 894
1173 894
1173 853
1166 853
1166 902
1147 902
1147 907
1110 907
1110 909
1140 909
1140 913
1149 913
1149 911
1152 911
1152 939
1155 939
1155 917
1162 917
1162 914
1167 914
1167 865
1169 865
1169 946
1159 946
1159 955
1139 955
1139 961
1174 961
1174 940
1196 940
1196 877
1200 877
1200 854
1208 854
1208 910
1220 910
1220 944
1212 944
1212 947
1222 947
1222 840
1107 840
1107 851
982 851
982 849
893 849
893 845
976 845
976 842
796 842
796 852
894 852
894 857
874 857
874 858
712 858
712 891
624 891
624 887
600 887
600 881
653 881
653 864
648 864
648 846
721 846
721 835
1101 835
1101 831
1103 831
1103 829
948 829
948 827
897 827
897 826
857 826
857 828
895 828
895 832
1095 832
1095 833
950 833
950 834
522 834
522 836
494 836
494 838
627 838
627 848
604 848
604 850
639 850
639 847
635 847
635 837
641 837
641 880
597 880
597 886
581 886
581 871
584 871
584 856
508 856
508 861
504 861
504 875
516 875
516 889
511 889
511 893
517 893
517 899
491 899
491 903
395 903
395 866
379 866
379 932
440 932
440 927
550 927
550 930
446 930
446 931
806 931
806 938
824 938
824 934
886 934
886 933
900 933
900 965
875 965
875 991
919 991
919 935
921 935
921 1015
926 1015
926 1068
922 1068
922 1049
877 1049
877 1053
903 1053
903 1063
856 1063
856 1056
849 1056
849 1048
844 1048
844 1020
841 1020
841 1069
840 1069
840 1001
744 1001
744 999
795 999
795 988
749 988
749 949
747 949
747 957
737 957
737 987
607 987
607 952
617 952
617 941
479 941
479 948
463 948
463 943
462 943
462 954
354 954
354 960
348 960
348 951
336 951
336 929
327 929
327 915
338 915
338 874
366 874
366 820
386 820
386 816
480 816
480 818
474 818
474 824
481 824
481 822
486 822
486 811
467 811
467 810
383 810
383 814
364 814
364 868
319 868
319 872
321 872
321 963
360 963
360 956
423 956
423 958
495 958
495 970
500 970
500 975
501 975
501 959
514 959
514 973
518 973
518 942
603 942
603 968
589 968
589 992
611 992
611 993
619 993
619 994
745 994
745 995
722 995
722 996
731 996
731 998
647 998
647 1000
740 1000
740 1004
634 1004
634 1003
592 1003
592 1002
562 1002
562 1005
829 1005
829 1034
832 1034
832 1009
837 1009
837 1089
828 1089
828 1084
825 1084
825 1059
657 1059
657 1058
649 1058
649 1057
571 1057
571 1061
615 1061
615 1065
503 1065
503 1067
520 1067
520 1086
524 1086
524 1102
547 1102
547 1107
477 1107
477 1113
472 1113
472 1137
594 1137
594 1144
563 1144
563 1138
544 1138
544 1148
496 1148
496 1145
389 1145
389 1103
341 1103
341 1105
367 1105
367 1122
361 1122
361 1128
362 1128
362 1146
315 1146
315 1104
328 1104
328 1094
337 1094
337 1093
368 1093
368 1085
382 1085
382 1078
329 1078
329 1087
320 1087
320 1100
307 1100
307 1074
313 1074
313 1041
304 1041
304 1043
311 1043
311 1052
283 1052
283 1082
281 1082
281 1013
291 1013
291 1030
487 1030
487 1029
507 1029
507 1023
356 1023
356 1022
330 1022
330 1028
324 1028
324 1019
404 1019
404 1014
394 1014
394 1017
380 1017
380 1016
334 1016
334 1010
279 1010
279 1007
251 1007
251 1018
249 1018
249 1033
250 1033
250 1115
244 1115
244 1040
206 1040
206 1035
193 1035
193 1031
131 1031
131 1027
168 1027
168 1026
141 1026
141 1024
173 1024
173 969
166 969
166 953
165 953
165 908
147 908
147 922
130 922
130 921
138 921
138 885
122 885
122 936
119 936
119 610
123 610
123 614
201 614
201 624
156 624
156 726
157 726
157 650
159 650
159 729
170 729
170 731
120 731
120 744
178 744
178 718
184 718
184 691
187 691
187 683
204 683
204 762
195 762
195 801
216 801
216 817
194 817
194 812
186 812
186 821
210 821
210 830
218 830
218 779
197 779
197 771
211 771
211 777
225 777
225 789
231 789
231 790
233 790
233 793
252 793
252 825
268 825
268 823
255 823
255 795
275 795
275 782
271 782
271 787
227 787
227 766
221 766
221 680
215 680
215 722
212 722
212 707
213 707
213 677
171 677
171 684
181 684
181 686
164 686
164 700
160 700
160 628
260 628
260 652
263 652
263 704
267 704
267 688
265 688
265 660
269 660
269 723
273 723
273 679
290 679
290 699
292 699
292 655
293 655
293 591
295 591
295 721
296 721
296 669
297 669
297 576
288 576
288 571
286 571
286 550
114 550
114 548
205 548
205 546
276 546
276 537
133 537
133 543
158 543
158 544
128 544
128 535
125 535
125 536
103 536
103 538
70 538
70 711
66 711
66 513
68 513
68 474
53 474
53 448
54 448
54 432
61 432
61 443
73 443
73 505
144 505
144 508
228 508
228 503
246 503
246 518
245 518
245 520
323 520
323 506
347 506
347 512
331 512
331 522
335 522
335 526
314 526
314 527
340 527
340 564
345 564
345 577
350 577
350 612
344 612
344 653
342 653
342 651
332 651
332 673
351 673
351 551
352 551
352 702
458 702
458 703
497 703
497 706
533 706
533 701
461 701
461 698
513 698
513 694
437 694
437 697
433 697
433 692
388 692
388 689
549 689
549 695
568 695
568 716
556 716
556 709
492 709
492 708
438 708
438 714
554 714
554 720
574 720
574 715
587 715
587 705
582 705
582 690
834 690
834 665
842 665
842 725
847 725
847 657
848 657
848 796
827 796
827 724
818 724
818 739
810 739
810 732
807 732
807 752
815 752
815 803
716 803
716 798
637 798
637 799
621 799
621 802
548 802
548 804
676 804
676 806
739 806
739 805
862 805
862 774
852 774
852 710
851 710
851 666
947 666
947 643
943 643
943 649
924 649
924 640
892 640
892 647
843 647
843 638
859 638
859 631
951 631
951 629
904 629
904 625
864 625
864 616
858 616
858 597
1081 597
1081 596
1138 596
1138 601
1130 601
1130 606
1111 606
1111 603
958 603
958 735
975 735
975 741
964 741
964 743
1078 743
1078 747
1093 747
1093 746
1106 746
1106 748
1129 748
1129 751
1077 751
1077 750
1124 750
1124 749
1072 749
1072 755
1031 755
1031 753
952 753
952 759
956 759
956 778
971 778
971 781
973 781
973 785
960 785
960 788
965 788
965 807
966 807
966 791
981 791
981 776
983 776
983 769
977 769
977 764
989 764
989 760
1071 760
1071 761
998 761
998 773
984 773
984 783
1004 783
1004 794
1011 794
1011 767
1123 767
1123 754
1163 754
1163 756
1137 756
1137 763
1151 763
1151 768
1232 768
1232 772
1240 772
1240 765
1178 765
1178 758
1175 758
1175 745
1172 745
1172 742
1247 742
1247 784
1249 784
1249 808
1250 808
1250 740
1088 740
1088 738
1045 738
1045 737
1100 737
1100 736
1016 736
1016 734
967 734
967 727
978 727
978 712
959 712
959 674
961 674
961 605
972 605
972 608
1105 608
1105 607
1176 607
1176 645
1188 645
1188 620
1230 620
1230 639
1213 639
1213 642
1203 642
1203 658
1245 658
1245 582
1248 582
1248 500
1246 500
1246 573
1244 573
1244 529
1243 529
1243 561
1242 561
1242 618
1181 618
1181 593
1070 593
1070 592
1033 592
1033 583
1029 583
1029 594
987 594
987 586
898 586
898 589
861 589
861 590
870 590
870 595
846 595
846 630
809 630
809 633
819 633
819 644
833 644
833 687
614 687
614 685
565 685
565 681
767 681
767 678
466 678
466 672
610 672
610 670
618 670
618 659
553 659
553 634
572 634
572 641
576 641
576 635
579 635
579 617
577 617
577 627
573 627
573 622
557 622
557 615
539 615
539 604
531 604
531 580
530 580
530 662
590 662
590 668
469 668
469 671
452 671
452 648
455 648
455 567
542 567
542 575
580 575
580 560
689 560
689 562
690 562
690 566
770 566
770 475
733 475
733 497
683 497
683 495
709 495
709 338
708 338
708 267
711 267
711 123
670 123
670 108
684 108
684 96
680 96
680 92
674 92
674 65
673 65
673 37
691 37
691 29
741 29
741 53
769 53
769 50
777 50
777 78
775 78
775 88
778 88
778 93
763 93
763 176
765 176
765 185
734 185
734 202
725 202
725 257
724 257
724 369
782 369
782 371
783 371
783 405
787 405
787 394
812 394
812 406
1013 406
1013 418
1010 418
1010 425
1019 425
1019 404
940 404
940 397
913 397
913 398
876 398
876 393
1038 393
1038 435
1028 435
1028 427
1017 427
1017 450
969 450
969 451
1030 451
1030 463
949 463
949 465
963 465
963 467
1073 467
1073 470
1085 470
1085 460
1092 460
1092 407
1094 407
1094 411
1097 411
1097 402
1096 402
1096 385
1122 385
1122 399
1104 399
1104 410
1114 410
1114 431
1113 431
1113 462
1198 462
1198 461
1116 461
1116 408
1133 408
1133 422
1127 422
1127 424
1184 424
1184 439
1177 439
1177 449
1171 449
1171 452
1201 452
1201 455
1216 455
1216 440
1241 440
1241 429
1239 429
1239 366
1238 366
1238 314
1229 314
1229 309
1224 309
1224 306
1199 306
1199 299
1168 299
1168 301
1126 301
1126 241
1170 241
1170 206
1146 206
1146 184
1156 184
1156 106
1153 106
1153 157
1144 157
1144 79
1214 79
1214 64
1223 64
1223 42
1218 42
1218 26
1217 26
1217 62
1210 62
1210 73
1206 73
1206 59
1143 59
1143 54
1150 54
1150 38
1161 38
1161 28
1185 28
1185 35
1190 35
1190 24
1164 24
1164 23
1157 23
1157 1
