466
138 369
138 377
126 377
126 400
115 400
115 473
103 473
103 481
94 481
94 600
95 600
95 663
91 663
91 859
81 859
81 862
93 862
93 927
92 927
92 965
90 965
90 967
76 967
76 980
86 980
86 1044
69 1044
69 1051
56 1051
56 1061
46 1061
46 1063
43 1063
43 1060
17 1060
17 1054
2 1054
2 1180
3 1180
3 1249
1 1249
1 1250
4 1250
4 1189
5 1189
5 1183
6 1183
6 1097
7 1097
7 1163
8 1163
8 1059
15 1059
15 1066
105 1066
105 1117
49 1117
49 1119
44 1119
44 1101
36 1101
36 1089
31 1089
31 1107
16 1107
16 1161
13 1161
13 1192
12 1192
12 1160
10 1160
10 1223
11 1223
11 1243
14 1243
14 1196
18 1196
18 1236
37 1236
37 1235
19 1235
19 1229
20 1229
20 1219
22 1219
22 1218
30 1218
30 1179
109 1179
109 1217
113 1217
113 1227
89 1227
89 1234
84 1234
84 1238
55 1238
55 1240
80 1240
80 1242
111 1242
111 1244
47 1244
47 1246
75 1246
75 1247
147 1247
147 1248
173 1248
173 1233
169 1233
169 1231
170 1231
170 1224
177 1224
177 1226
178 1226
178 1225
207 1225
207 1230
209 1230
209 1222
197 1222
197 1221
234 1221
234 1220
139 1220
139 1194
141 1194
141 1209
168 1209
168 1199
334 1199
334 1202
512 1202
512 1201
667 1201
667 1197
711 1197
711 1204
549 1204
549 1205
521 1205
521 1203
516 1203
516 1206
708 1206
708 1212
543 1212
543 1210
482 1210
482 1207
301 1207
301 1211
320 1211
320 1208
417 1208
417 1213
358 1213
358 1214
462 1214
462 1216
655 1216
655 1215
715 1215
715 1190
649 1190
649 1186
652 1186
652 1187
705 1187
705 1181
716 1181
716 1178
653 1178
653 1182
645 1182
645 1191
662 1191
662 1200
486 1200
486 1198
399 1198
399 1195
316 1195
316 1193
119 1193
119 1228
123 1228
123 1232
130 1232
130 1239
150 1239
150 1245
112 1245
112 1241
108 1241
108 1237
114 1237
114 1176
78 1176
78 1170
669 1170
669 1171
702 1171
702 1174
717 1174
717 1162
709 1162
709 1166
575 1166
575 1168
526 1168
526 1169
257 1169
257 1165
159 1165
159 1167
125 1167
125 1164
116 1164
116 1159
57 1159
57 1172
34 1172
34 1175
28 1175
28 1188
26 1188
26 1184
25 1184
25 1173
23 1173
23 1177
24 1177
24 1185
21 1185
21 1116
32 1116
32 1136
227 1136
227 1138
473 1138
473 1140
127 1140
127 1141
235 1141
235 1147
187 1147
187 1148
271 1148
271 1142
519 1142
519 1139
551 1139
551 1146
554 1146
554 1144
600 1144
600 1145
610 1145
610 1143
642 1143
642 1151
527 1151
527 1149
393 1149
393 1155
309 1155
309 1156
48 1156
48 1152
33 1152
33 1158
386 1158
386 1157
421 1157
421 1154
419 1154
419 1153
644 1153
644 1150
727 1150
727 1073
728 1073
728 1068
595 1068
595 1071
471 1071
471 1076
481 1076
481 1072
615 1072
615 1070
634 1070
634 1075
646 1075
646 1077
204 1077
204 1078
181 1078
181 1079
160 1079
160 1074
153 1074
153 1067
152 1067
152 1065
137 1065
137 1080
659 1080
659 1069
720 1069
720 1082
515 1082
515 1081
202 1081
202 1083
262 1083
262 1086
307 1086
307 1088
288 1088
288 1091
292 1091
292 1095
185 1095
185 1096
217 1096
217 1100
190 1100
190 1108
167 1108
167 1111
247 1111
247 1105
192 1105
192 1102
253 1102
253 1103
267 1103
267 1106
408 1106
408 1104
336 1104
336 1087
357 1087
357 1090
449 1090
449 1093
522 1093
522 1099
574 1099
574 1098
567 1098
567 1092
571 1092
571 1085
343 1085
343 1084
721 1084
721 1094
725 1094
725 1127
650 1127
650 1126
719 1126
719 1125
647 1125
647 1109
616 1109
616 1110
620 1110
620 1128
713 1128
713 1137
556 1137
556 1135
255 1135
255 1134
42 1134
42 1132
146 1132
146 1133
491 1133
491 1129
475 1129
475 1131
155 1131
155 1118
176 1118
176 1115
233 1115
233 1124
264 1124
264 1123
302 1123
302 1122
286 1122
286 1114
165 1114
165 1113
212 1113
212 1112
122 1112
122 1121
120 1121
120 1039
118 1039
118 1130
53 1130
53 1120
106 1120
106 1064
110 1064
110 1062
83 1062
83 1058
85 1058
85 1048
104 1048
104 1045
88 1045
88 1009
101 1009
101 958
100 958
100 953
96 953
96 722
97 722
97 484
98 484
98 780
99 780
99 596
102 596
102 501
107 501
107 499
117 499
117 404
133 404
133 494
132 494
132 504
131 504
131 460
129 460
129 478
128 478
128 564
124 564
124 570
135 570
135 591
136 591
136 431
140 431
140 390
144 390
144 407
145 407
145 372
163 372
163 369
