70
43 1063
43 1060
17 1060
17 1054
2 1054
2 1180
3 1180
3 1249
1 1249
1 1250
4 1250
4 1189
5 1189
5 1183
6 1183
6 1097
7 1097
7 1163
8 1163
8 1059
15 1059
15 1066
105 1066
105 1117
49 1117
49 1119
44 1119
44 1107
16 1107
16 1161
13 1161
13 1192
12 1192
12 1160
10 1160
10 1223
11 1223
11 1243
14 1243
14 1196
18 1196
18 1236
37 1236
37 1235
19 1235
19 1229
20 1229
20 1219
22 1219
22 1218
30 1218
30 1179
109 1179
109 1217
113 1217
113 1227
114 1227
114 1176
28 1176
28 1188
26 1188
26 1185
21 1185
21 1116
32 1116
32 1120
106 1120
106 1064
110 1064
110 1063
