742
737 911
737 957
735 957
735 1010
730 1010
730 1007
710 1007
710 1003
698 1003
698 1000
648 1000
648 992
531 992
531 997
442 997
442 991
639 991
639 990
479 990
479 975
441 975
441 972
420 972
420 969
465 969
465 966
448 966
448 956
596 956
596 941
313 941
313 981
312 981
312 776
354 776
354 775
350 775
350 769
295 769
295 767
290 767
290 752
263 752
263 745
284 745
284 678
274 678
274 455
278 455
278 448
299 448
299 435
280 435
280 434
250 434
250 286
251 286
251 283
244 283
244 251
241 251
241 181
223 181
223 361
224 361
224 397
225 397
225 210
226 210
226 408
201 408
201 419
198 419
198 398
214 398
214 386
195 386
195 364
180 364
180 354
162 354
162 369
138 369
138 377
126 377
126 400
115 400
115 473
103 473
103 481
94 481
94 600
95 600
95 663
91 663
91 859
81 859
81 862
93 862
93 927
92 927
92 965
90 965
90 967
76 967
76 980
86 980
86 1044
69 1044
69 1051
56 1051
56 1061
46 1061
46 1063
43 1063
43 1060
17 1060
17 1054
2 1054
2 1180
3 1180
3 1249
1 1249
1 1250
4 1250
4 1189
5 1189
5 1183
6 1183
6 1097
7 1097
7 1163
8 1163
8 1059
15 1059
15 1066
105 1066
105 1117
49 1117
49 1119
44 1119
44 1101
36 1101
36 1089
31 1089
31 1107
16 1107
16 1161
13 1161
13 1192
12 1192
12 1160
10 1160
10 1223
11 1223
11 1243
14 1243
14 1196
18 1196
18 1236
37 1236
37 1235
19 1235
19 1229
20 1229
20 1219
22 1219
22 1218
30 1218
30 1179
109 1179
109 1217
113 1217
113 1227
89 1227
89 1234
84 1234
84 1238
55 1238
55 1240
80 1240
80 1242
111 1242
111 1244
47 1244
47 1246
75 1246
75 1247
147 1247
147 1248
173 1248
173 1233
169 1233
169 1231
170 1231
170 1224
177 1224
177 1226
178 1226
178 1225
207 1225
207 1230
209 1230
209 1222
197 1222
197 1221
234 1221
234 1220
139 1220
139 1194
141 1194
141 1209
168 1209
168 1199
334 1199
334 1202
512 1202
512 1201
667 1201
667 1197
711 1197
711 1204
549 1204
549 1205
521 1205
521 1203
516 1203
516 1206
708 1206
708 1212
543 1212
543 1210
482 1210
482 1207
301 1207
301 1211
320 1211
320 1208
417 1208
417 1213
358 1213
358 1214
462 1214
462 1216
655 1216
655 1215
715 1215
715 1190
649 1190
649 1186
652 1186
652 1187
705 1187
705 1181
716 1181
716 1178
653 1178
653 1182
645 1182
645 1191
662 1191
662 1200
486 1200
486 1198
399 1198
399 1195
316 1195
316 1193
119 1193
119 1228
123 1228
123 1232
130 1232
130 1239
150 1239
150 1245
112 1245
112 1241
108 1241
108 1237
114 1237
114 1176
78 1176
78 1170
669 1170
669 1171
702 1171
702 1174
717 1174
717 1162
709 1162
709 1166
575 1166
575 1168
526 1168
526 1169
257 1169
257 1165
159 1165
159 1167
125 1167
125 1164
116 1164
116 1159
57 1159
57 1172
34 1172
34 1175
28 1175
28 1188
26 1188
26 1184
25 1184
25 1173
23 1173
23 1177
24 1177
24 1185
21 1185
21 1116
32 1116
32 1136
227 1136
227 1138
473 1138
473 1140
127 1140
127 1141
235 1141
235 1147
187 1147
187 1148
271 1148
271 1142
519 1142
519 1139
551 1139
551 1146
554 1146
554 1144
600 1144
600 1145
610 1145
610 1143
642 1143
642 1151
527 1151
527 1149
393 1149
393 1155
309 1155
309 1156
48 1156
48 1152
33 1152
33 1158
386 1158
386 1157
421 1157
421 1154
419 1154
419 1153
644 1153
644 1150
727 1150
727 1073
728 1073
728 1068
595 1068
595 1071
471 1071
471 1076
481 1076
481 1072
615 1072
615 1070
634 1070
634 1075
646 1075
646 1077
204 1077
204 1078
181 1078
181 1079
160 1079
160 1074
153 1074
153 1067
152 1067
152 1065
137 1065
137 1080
659 1080
659 1069
720 1069
720 1082
515 1082
515 1081
202 1081
202 1083
262 1083
262 1086
307 1086
307 1088
288 1088
288 1091
292 1091
292 1095
185 1095
185 1096
217 1096
217 1100
190 1100
190 1108
167 1108
167 1111
247 1111
247 1105
192 1105
192 1102
253 1102
253 1103
267 1103
267 1106
408 1106
408 1104
336 1104
336 1087
357 1087
357 1090
449 1090
449 1093
522 1093
522 1099
574 1099
574 1098
567 1098
567 1092
571 1092
571 1085
343 1085
343 1084
721 1084
721 1094
725 1094
725 1127
650 1127
650 1126
719 1126
719 1125
647 1125
647 1109
616 1109
616 1110
620 1110
620 1128
713 1128
713 1137
556 1137
556 1135
255 1135
255 1134
42 1134
42 1132
146 1132
146 1133
491 1133
491 1129
475 1129
475 1131
155 1131
155 1118
176 1118
176 1115
233 1115
233 1124
264 1124
264 1123
302 1123
302 1122
286 1122
286 1114
165 1114
165 1113
212 1113
212 1112
122 1112
122 1121
120 1121
120 1039
118 1039
118 1130
53 1130
53 1120
106 1120
106 1064
110 1064
110 1062
83 1062
83 1058
85 1058
85 1048
104 1048
104 1045
88 1045
88 1009
101 1009
101 958
100 958
100 953
96 953
96 722
97 722
97 484
98 484
98 780
99 780
99 596
102 596
102 501
107 501
107 499
117 499
117 404
133 404
133 494
132 494
132 504
131 504
131 460
129 460
129 478
128 478
128 564
124 564
124 570
135 570
135 591
136 591
136 431
140 431
140 390
144 390
144 407
145 407
145 372
163 372
163 356
171 356
171 382
172 382
172 373
182 373
182 414
184 414
184 370
186 370
186 415
189 415
189 395
193 395
193 470
203 470
203 423
219 423
219 597
221 597
221 534
229 534
229 433
237 433
237 331
238 331
238 209
236 209
236 307
230 307
230 214
231 214
231 192
239 192
239 341
246 341
246 418
249 418
249 437
273 437
273 731
270 731
270 440
266 440
266 665
156 665
156 800
151 800
151 732
149 732
149 836
154 836
154 846
134 846
134 857
142 857
142 853
143 853
143 870
158 870
158 815
157 815
157 674
166 674
166 669
206 669
206 667
254 667
254 670
269 670
269 704
220 704
220 707
188 707
188 715
183 715
183 718
256 718
256 725
261 725
261 900
259 900
259 899
260 899
260 878
248 878
248 881
245 881
245 873
218 873
218 888
208 888
208 885
196 885
196 913
210 913
210 890
211 890
211 922
205 922
205 929
164 929
164 933
161 933
161 934
215 934
215 935
222 935
222 926
213 926
213 915
240 915
240 912
216 912
216 905
252 905
252 908
258 908
258 902
268 902
268 868
272 868
272 869
293 869
293 864
303 864
303 855
282 855
282 861
265 861
265 766
289 766
289 782
296 782
296 784
279 784
279 835
300 835
300 778
311 778
311 840
306 840
306 865
310 865
310 989
318 989
318 943
583 943
583 944
589 944
589 952
440 952
440 951
401 951
401 970
356 970
356 974
379 974
379 977
432 977
432 998
594 998
594 995
597 995
597 1006
565 1006
565 999
558 999
558 1012
555 1012
555 1001
514 1001
514 1013
517 1013
517 1014
560 1014
560 1008
585 1008
585 1011
633 1011
633 1004
640 1004
640 1023
641 1023
641 1019
718 1019
718 1020
742 1020
742 960
739 960
739 920
740 920
740 918
741 918
741 911
