262
438 77
438 68
49 68
49 74
45 74
45 71
42 71
42 56
1 56
1 60
12 60
12 62
22 62
22 63
37 63
37 66
3 66
3 122
21 122
21 133
29 133
29 140
136 140
136 136
120 136
120 139
66 139
66 137
36 137
36 131
34 131
34 120
4 120
4 70
8 70
8 107
60 107
60 100
98 100
98 111
30 111
30 116
129 116
129 115
167 115
167 118
208 118
208 123
257 123
257 127
283 127
283 126
319 126
319 125
337 125
337 128
292 128
292 130
281 130
281 135
299 135
299 132
316 132
316 129
329 129
329 141
346 141
346 138
360 138
360 124
358 124
358 121
354 121
354 134
341 134
341 117
233 117
233 109
314 109
314 112
301 112
301 114
326 114
326 105
215 105
215 110
204 110
204 113
164 113
164 104
198 104
198 99
376 99
376 101
386 101
386 102
398 102
398 103
394 103
394 108
420 108
420 119
440 119
440 106
425 106
425 98
315 98
315 97
274 97
274 96
222 96
222 94
212 94
212 95
11 95
11 84
28 84
28 82
63 82
63 80
65 80
65 69
115 69
115 73
158 73
158 76
161 76
161 78
145 78
145 81
135 81
135 83
304 83
304 75
364 75
364 87
286 87
286 89
232 89
232 91
127 91
127 92
309 92
309 90
340 90
340 88
366 88
366 72
379 72
379 85
403 85
403 86
429 86
429 79
443 79
443 158
437 158
437 156
432 156
432 152
419 152
419 160
350 160
350 143
404 143
404 151
409 151
409 142
344 142
344 176
363 176
363 183
391 183
391 177
448 177
448 329
447 329
447 337
446 337
446 283
439 283
439 297
445 297
445 355
418 355
418 351
297 351
297 346
271 346
271 308
273 308
273 326
313 326
313 327
342 327
342 335
343 335
343 336
345 336
345 324
338 324
338 322
361 322
361 321
370 321
370 323
408 323
408 330
414 330
414 320
305 320
305 314
317 314
317 313
298 313
298 309
288 309
288 301
256 301
256 315
269 315
269 317
227 317
227 316
225 316
225 318
243 318
243 332
265 332
265 339
255 339
255 345
249 345
249 347
277 347
277 350
290 350
290 353
359 353
359 356
450 356
450 274
452 274
452 234
461 234
461 225
460 225
460 198
454 198
454 175
349 175
349 168
347 168
347 162
430 162
430 161
458 161
458 155
459 155
459 154
444 154
444 77
