992
355 1
355 5
352 5
352 7
353 7
353 9
123 9
123 8
25 8
25 21
24 21
24 11
23 11
23 19
15 19
15 42
20 42
20 43
97 43
97 41
168 41
168 50
196 50
196 52
218 52
218 48
224 48
224 47
226 47
226 46
330 46
330 45
205 45
205 44
252 44
252 40
211 40
211 39
107 39
107 37
177 37
177 36
239 36
239 30
217 30
217 27
166 27
166 26
96 26
96 28
88 28
88 29
126 29
126 34
192 34
192 35
56 35
56 31
47 31
47 38
43 38
43 16
68 16
68 23
93 23
93 17
117 17
117 15
160 15
160 14
124 14
124 10
291 10
291 24
307 24
307 20
310 20
310 18
331 18
331 33
405 33
405 54
428 54
428 57
410 57
410 55
407 55
407 61
435 61
435 59
441 59
441 53
433 53
433 51
436 51
436 49
424 49
424 25
351 25
351 13
371 13
371 6
412 6
412 4
395 4
395 3
453 3
453 12
442 12
442 77
438 77
438 68
49 68
49 74
45 74
45 71
42 71
42 56
1 56
1 60
12 60
12 62
22 62
22 63
37 63
37 66
3 66
3 122
21 122
21 133
29 133
29 140
136 140
136 136
120 136
120 139
66 139
66 137
36 137
36 131
34 131
34 120
4 120
4 70
8 70
8 107
60 107
60 100
98 100
98 111
30 111
30 116
129 116
129 115
167 115
167 118
208 118
208 123
257 123
257 127
283 127
283 126
319 126
319 125
337 125
337 128
292 128
292 130
281 130
281 135
299 135
299 132
316 132
316 129
329 129
329 141
346 141
346 138
360 138
360 124
358 124
358 121
354 121
354 134
341 134
341 117
233 117
233 109
314 109
314 112
301 112
301 114
326 114
326 105
215 105
215 110
204 110
204 113
164 113
164 104
198 104
198 99
376 99
376 101
386 101
386 102
398 102
398 103
394 103
394 108
420 108
420 119
440 119
440 106
425 106
425 98
315 98
315 97
274 97
274 96
222 96
222 94
212 94
212 95
11 95
11 84
28 84
28 82
63 82
63 80
65 80
65 69
115 69
115 73
158 73
158 76
161 76
161 78
145 78
145 81
135 81
135 83
304 83
304 75
364 75
364 87
286 87
286 89
232 89
232 91
127 91
127 92
309 92
309 90
340 90
340 88
366 88
366 72
379 72
379 85
403 85
403 86
429 86
429 79
443 79
443 158
437 158
437 156
432 156
432 152
419 152
419 160
350 160
350 143
404 143
404 151
409 151
409 142
344 142
344 176
363 176
363 183
391 183
391 177
448 177
448 329
447 329
447 337
446 337
446 283
439 283
439 297
445 297
445 355
418 355
418 351
297 351
297 346
271 346
271 308
273 308
273 326
313 326
313 327
342 327
342 335
343 335
343 336
345 336
345 324
338 324
338 322
361 322
361 321
370 321
370 323
408 323
408 333
434 333
434 302
427 302
427 260
431 260
431 249
426 249
426 216
374 216
374 267
381 267
381 250
380 250
380 229
385 229
385 219
389 219
389 217
416 217
416 224
423 224
423 266
417 266
417 242
413 242
413 262
415 262
415 272
411 272
411 277
422 277
422 331
421 331
421 330
414 330
414 320
305 320
305 314
317 314
317 304
328 304
328 261
302 261
302 286
318 286
318 292
327 292
327 293
311 293
311 313
298 313
298 309
288 309
288 291
264 291
264 284
278 284
278 263
268 263
268 265
254 265
254 271
242 271
242 252
247 252
247 251
260 251
260 255
266 255
266 226
241 226
241 211
235 211
235 212
231 212
231 206
230 206
230 192
251 192
251 202
253 202
253 201
285 201
285 190
248 190
248 191
219 191
219 207
202 207
202 153
189 153
189 147
262 147
262 182
272 182
272 171
270 171
270 148
295 148
295 146
203 146
203 144
131 144
131 149
132 149
132 170
89 170
89 173
74 173
74 169
78 169
78 164
53 164
53 179
55 179
55 193
5 193
5 197
41 197
41 203
62 203
62 231
35 231
35 238
27 238
27 244
26 244
26 228
13 228
13 269
14 269
14 237
17 237
17 256
16 256
16 275
6 275
6 287
18 287
18 270
19 270
19 257
32 257
32 254
31 254
31 243
44 243
44 241
46 241
46 235
51 235
51 233
64 233
64 209
79 209
79 232
87 232
87 280
86 280
86 282
100 282
100 373
77 373
77 294
80 294
80 369
84 369
84 364
83 364
83 325
82 325
82 276
76 276
76 348
75 348
75 366
73 366
73 381
72 381
72 391
54 391
54 376
70 376
70 349
61 349
61 354
67 354
67 357
57 357
57 352
40 352
40 343
38 343
38 365
50 365
50 374
48 374
48 377
52 377
52 393
59 393
59 401
92 401
92 396
109 396
109 398
122 398
122 370
101 370
101 334
103 334
103 328
102 328
102 268
95 268
95 246
94 246
94 210
104 210
104 310
114 310
114 299
125 299
125 289
112 289
112 306
106 306
106 220
105 220
105 218
108 218
108 278
110 278
110 195
99 195
99 194
81 194
81 199
69 199
69 181
90 181
90 185
91 185
91 184
111 184
111 189
113 189
113 253
128 253
128 223
130 223
130 221
118 221
118 205
119 205
119 180
116 180
116 178
133 178
133 145
170 145
170 150
169 150
169 186
172 186
172 159
175 159
175 204
143 204
143 230
148 230
148 213
150 213
150 236
147 236
147 248
138 248
138 285
140 285
140 300
146 300
146 305
139 305
139 311
144 311
144 342
149 342
149 340
155 340
155 290
156 290
156 389
153 389
153 403
142 403
142 382
141 382
141 402
137 402
137 405
152 405
152 416
157 416
157 372
159 372
159 273
163 273
163 264
151 264
151 259
165 259
165 307
171 307
171 295
173 295
173 383
178 383
178 408
183 408
183 375
180 375
180 378
174 378
174 303
176 303
176 298
179 298
179 258
162 258
162 227
154 227
154 208
184 208
184 166
182 166
182 157
185 157
185 196
186 196
186 358
190 358
190 438
206 438
206 446
85 446
85 445
71 445
71 443
39 443
39 437
9 437
9 432
2 432
2 436
7 436
7 441
10 441
10 439
33 439
33 447
181 447
181 448
134 448
134 449
210 449
210 444
284 444
284 434
263 434
263 428
294 428
294 412
289 412
289 422
279 422
279 411
287 411
287 410
280 410
280 399
276 399
276 394
306 394
306 392
397 392
397 395
365 395
365 397
382 397
382 400
372 400
372 418
357 418
357 404
356 404
356 419
336 419
336 423
335 423
335 413
325 413
325 420
312 420
312 424
321 424
321 427
308 427
308 431
322 431
322 452
324 452
324 453
387 453
387 454
333 454
333 455
296 455
296 457
390 457
390 461
320 461
320 467
451 467
451 466
369 466
369 465
482 465
482 468
472 468
472 471
473 471
473 472
467 472
467 474
469 474
469 476
471 476
471 477
474 477
474 480
475 480
475 473
480 473
480 470
485 470
485 483
495 483
495 488
494 488
494 487
492 487
492 486
470 486
470 490
466 490
466 478
464 478
464 481
462 481
462 482
463 482
463 497
468 497
468 499
476 499
476 500
490 500
490 498
477 498
477 496
478 496
478 495
491 495
491 494
493 494
493 492
488 492
488 491
481 491
481 493
479 493
479 489
500 489
500 485
497 485
497 484
499 484
499 479
489 479
489 475
486 475
486 469
487 469
487 464
406 464
406 463
484 463
484 460
498 460
498 459
496 459
496 456
483 456
483 462
400 462
400 458
402 458
402 450
383 450
383 451
323 451
323 426
339 426
339 425
388 425
388 415
384 415
384 409
399 409
399 390
401 390
401 388
282 388
282 387
332 387
332 385
368 385
368 379
393 379
393 371
455 371
455 368
465 368
465 367
367 367
367 380
334 380
334 384
300 384
300 386
275 386
275 406
259 406
259 407
250 407
250 414
261 414
261 435
267 435
267 442
246 442
246 417
228 417
228 421
236 421
236 429
234 429
234 440
223 440
223 430
214 430
214 433
191 433
191 344
188 344
188 319
187 319
187 200
193 200
193 281
194 281
194 338
195 338
195 163
201 163
201 187
199 187
199 172
197 172
197 188
200 188
200 341
207 341
207 312
209 312
209 215
213 215
213 214
220 214
220 222
216 222
216 239
221 239
221 240
258 240
258 245
237 245
237 247
240 247
240 279
238 279
238 288
244 288
244 296
229 296
229 301
256 301
256 315
269 315
269 317
227 317
227 316
225 316
225 318
243 318
243 332
265 332
265 339
255 339
255 345
249 345
249 347
277 347
277 350
290 350
290 363
348 363
348 362
377 362
377 361
392 361
392 360
303 360
303 359
293 359
293 353
359 353
359 356
450 356
450 274
452 274
452 234
461 234
461 225
460 225
460 198
454 198
454 175
349 175
349 168
347 168
347 162
373 162
373 165
375 165
375 174
396 174
396 167
430 167
430 161
458 161
458 155
459 155
459 154
444 154
444 58
449 58
449 32
456 32
456 93
457 93
457 2
378 2
378 1
