98
79 520
79 522
110 522
110 525
108 525
108 528
107 528
107 582
102 582
102 571
100 571
100 563
98 563
98 549
70 549
70 535
28 535
28 533
1 533
1 547
2 547
2 537
8 537
8 566
9 566
9 578
11 578
11 636
4 636
4 612
6 612
6 573
5 573
5 610
3 610
3 699
7 699
7 713
21 713
21 710
23 710
23 720
24 720
24 705
14 705
14 675
15 675
15 663
12 663
12 630
16 630
16 536
19 536
19 542
18 542
18 593
22 593
22 568
20 568
20 546
27 546
27 552
33 552
33 544
44 544
44 551
77 551
77 564
76 564
76 650
83 650
83 683
72 683
72 696
69 696
69 702
38 702
38 718
41 718
41 703
54 703
54 704
85 704
85 557
78 557
78 553
87 553
87 556
97 556
97 567
94 567
94 569
95 569
95 583
111 583
111 576
113 576
113 520
