1108
1166 540
1166 539
1185 539
1185 494
986 494
986 491
985 491
985 482
1065 482
1065 472
649 472
649 480
544 480
544 474
359 474
359 459
103 459
103 507
114 507
114 513
74 513
74 516
79 516
79 522
110 522
110 525
108 525
108 528
107 528
107 582
102 582
102 571
100 571
100 563
98 563
98 549
70 549
70 535
28 535
28 533
1 533
1 547
2 547
2 537
8 537
8 566
9 566
9 578
11 578
11 636
4 636
4 612
6 612
6 573
5 573
5 610
3 610
3 699
7 699
7 713
21 713
21 710
23 710
23 720
24 720
24 705
14 705
14 675
15 675
15 663
12 663
12 630
16 630
16 536
19 536
19 542
18 542
18 593
22 593
22 568
20 568
20 546
27 546
27 552
33 552
33 544
44 544
44 551
77 551
77 564
76 564
76 650
83 650
83 683
72 683
72 696
69 696
69 702
38 702
38 718
41 718
41 703
54 703
54 704
85 704
85 557
78 557
78 553
87 553
87 556
97 556
97 567
94 567
94 569
95 569
95 583
111 583
111 576
113 576
113 520
89 520
89 517
119 517
119 478
120 478
120 460
202 460
202 481
279 481
279 488
229 488
229 497
282 497
282 475
258 475
258 461
300 461
300 479
287 479
287 486
298 486
298 483
311 483
311 496
424 496
424 499
451 499
451 503
475 503
475 492
465 492
465 490
377 490
377 493
321 493
321 468
328 468
328 487
543 487
543 485
727 485
727 505
847 505
847 506
852 506
852 504
730 504
730 476
817 476
817 477
870 477
870 473
954 473
954 484
983 484
983 502
1011 502
1011 510
1058 510
1058 509
1039 509
1039 501
1057 501
1057 500
1091 500
1091 495
1124 495
1124 498
1142 498
1142 508
1153 508
1153 514
1174 514
1174 526
1127 526
1127 529
1182 529
1182 530
1172 530
1172 531
1161 531
1161 572
1189 572
1189 574
1184 574
1184 577
1152 577
1152 580
1194 580
1194 581
1198 581
1198 585
1199 585
1199 639
830 639
830 632
798 632
798 625
807 625
807 607
832 607
832 634
968 634
968 638
1009 638
1009 631
920 631
920 633
908 633
908 628
903 628
903 629
838 629
838 575
840 575
840 570
826 570
826 588
819 588
819 589
831 589
831 592
795 592
795 649
797 649
797 647
890 647
890 655
857 655
857 665
822 665
822 670
850 670
850 671
834 671
834 690
848 690
848 698
948 698
948 694
1001 694
1001 700
1019 700
1019 697
1025 697
1025 712
1013 712
1013 724
1014 724
1014 719
1023 719
1023 861
994 861
994 858
976 858
976 862
894 862
894 859
900 859
900 848
862 848
862 792
861 792
861 748
864 748
864 740
888 740
888 738
897 738
897 737
956 737
956 752
955 752
955 761
906 761
906 770
952 770
952 795
957 795
957 739
972 739
972 735
973 735
973 734
1002 734
1002 733
998 733
998 730
884 730
884 729
846 729
846 732
724 732
724 731
818 731
818 728
728 728
728 709
765 709
765 714
785 714
785 673
781 673
781 624
780 624
780 686
779 686
779 662
774 662
774 623
773 623
773 597
756 597
756 591
715 591
715 584
592 584
592 586
516 586
516 596
486 596
486 614
422 614
422 595
430 595
430 545
415 545
415 550
413 550
413 554
165 554
165 555
297 555
297 560
343 560
343 559
318 559
318 558
407 558
407 561
428 561
428 579
421 579
421 602
414 602
414 608
420 608
420 620
459 620
459 621
478 621
478 618
447 618
447 617
423 617
423 616
492 616
492 605
502 605
502 601
515 601
515 598
522 598
522 587
622 587
622 590
607 590
607 604
655 604
655 613
619 613
619 622
694 622
694 619
666 619
666 615
703 615
703 600
684 600
684 609
677 609
677 603
651 603
651 599
653 599
653 594
746 594
746 606
749 606
749 611
764 611
764 656
753 656
753 660
725 660
725 646
657 646
657 648
624 648
624 653
601 653
601 701
599 701
599 678
584 678
584 684
575 684
575 711
644 711
644 707
625 707
625 706
604 706
604 682
632 682
632 659
610 659
610 667
630 667
630 681
609 681
609 657
611 657
611 658
658 658
658 669
660 669
660 651
708 651
708 679
669 679
669 674
645 674
645 691
650 691
650 695
680 695
680 692
688 692
688 693
709 693
709 652
718 652
718 687
772 687
772 708
707 708
707 725
617 725
617 723
698 723
698 722
679 722
679 715
600 715
600 716
590 716
590 717
555 717
555 726
629 726
629 727
717 727
717 755
752 755
752 756
640 756
640 758
748 758
748 766
693 766
693 771
743 771
743 774
593 774
593 768
687 768
687 767
541 767
541 765
561 765
561 763
567 763
567 762
523 762
523 775
662 775
662 776
692 776
692 777
627 777
627 787
686 787
686 791
659 791
659 794
714 794
714 796
716 796
716 803
661 803
661 810
734 810
734 809
726 809
726 786
689 786
689 785
814 785
814 788
769 788
769 797
768 797
768 802
804 802
804 808
816 808
816 800
828 800
828 784
789 784
789 780
667 780
667 779
775 779
775 764
777 764
777 753
784 753
784 745
808 745
808 744
758 744
758 750
762 750
762 751
740 751
740 742
842 742
842 754
858 754
858 783
855 783
855 811
854 811
854 860
891 860
891 864
929 864
929 866
993 866
993 868
945 868
945 877
974 877
974 878
1000 878
1000 872
1016 872
1016 873
1055 873
1055 874
1027 874
1027 875
1059 875
1059 870
1071 870
1071 885
1078 885
1078 853
1088 853
1088 886
1056 886
1056 890
1096 890
1096 904
1097 904
1097 888
1076 888
1076 887
1095 887
1095 869
1107 869
1107 889
1118 889
1118 891
1121 891
1121 920
978 920
978 917
958 917
958 930
910 930
910 925
642 925
642 905
639 905
639 903
631 903
631 911
597 911
597 908
586 908
586 902
572 902
572 900
790 900
790 895
636 895
636 893
594 893
594 898
571 898
571 892
553 892
553 897
549 897
549 906
551 906
551 919
548 919
548 916
530 916
530 921
500 921
500 918
441 918
441 896
443 896
443 883
446 883
446 880
490 880
490 821
497 821
497 813
496 813
496 818
483 818
483 772
481 772
481 793
340 793
340 782
393 782
393 769
382 769
382 778
350 778
350 746
326 746
326 747
348 747
348 749
325 749
325 757
333 757
333 789
292 789
292 781
296 781
296 760
299 760
299 736
310 736
310 721
267 721
267 743
270 743
270 759
278 759
278 741
284 741
284 790
313 790
313 798
281 798
281 814
309 814
309 825
291 825
291 838
331 838
331 840
322 840
322 843
221 843
221 839
227 839
227 841
245 841
245 773
234 773
234 832
241 832
241 836
213 836
213 828
216 828
216 827
226 827
226 822
218 822
218 816
190 816
190 820
183 820
183 833
177 833
177 834
172 834
172 817
167 817
167 829
164 829
164 846
185 846
185 842
181 842
181 835
195 835
195 824
209 824
209 852
204 852
204 854
210 854
210 847
257 847
257 845
243 845
243 844
327 844
327 851
317 851
317 855
288 855
288 871
289 871
289 856
337 856
337 849
341 849
341 807
339 807
339 806
355 806
355 830
361 830
361 823
372 823
372 805
312 805
312 801
463 801
463 804
384 804
384 857
385 857
385 819
408 819
408 812
444 812
444 826
471 826
471 799
479 799
479 831
487 831
487 837
484 837
484 876
440 876
440 952
439 952
439 894
432 894
432 948
436 948
436 950
416 950
416 941
332 941
332 980
352 980
352 985
429 985
429 994
419 994
419 988
399 988
399 998
470 998
470 995
520 995
520 993
1031 993
1031 1001
965 1001
965 997
885 997
885 996
690 996
690 1010
700 1010
700 1002
757 1002
757 1003
710 1003
710 1008
876 1008
876 1000
962 1000
962 1007
1117 1007
1117 1005
1079 1005
1079 1004
1186 1004
1186 1009
1183 1009
1183 1028
1149 1028
1149 1020
1115 1020
1115 1012
663 1012
663 1019
535 1019
535 1017
480 1017
480 1021
547 1021
547 1025
468 1025
468 1029
602 1029
602 1027
638 1027
638 1026
558 1026
558 1022
829 1022
829 1015
1012 1015
1012 1013
1094 1013
1094 1024
1026 1024
1026 1030
1034 1030
1034 1037
1042 1037
1042 1033
1093 1033
1093 1035
1187 1035
1187 1034
1101 1034
1101 1032
1217 1032
1217 1018
1222 1018
1222 1016
1213 1016
1213 1023
1195 1023
1195 1011
1232 1011
1232 1014
1239 1014
1239 1039
1145 1039
1145 1038
1130 1038
1130 1042
1100 1042
1100 1044
1052 1044
1052 1043
1051 1043
1051 1047
1086 1047
1086 1052
1138 1052
1138 1040
1233 1040
1233 1045
1200 1045
1200 1067
1105 1067
1105 1066
1103 1066
1103 1065
1173 1065
1173 1064
1090 1064
1090 1063
1188 1063
1188 1059
1120 1059
1120 1056
1077 1056
1077 1071
1092 1071
1092 1087
1080 1087
1080 1075
1074 1075
1074 1084
1075 1084
1075 1088
1192 1088
1192 1086
1104 1086
1104 1081
1109 1081
1109 1080
1102 1080
1102 1070
1156 1070
1156 1069
1209 1069
1209 1053
1229 1053
1229 1060
1224 1060
1224 1074
1234 1074
1234 1050
1242 1050
1242 1057
1237 1057
1237 1094
1220 1094
1220 1091
1203 1091
1203 1092
1204 1092
1204 1096
1177 1096
1177 1089
1082 1089
1082 1095
1024 1095
1024 1090
947 1090
947 1093
922 1093
922 1101
980 1101
980 1098
1008 1098
1008 1097
1126 1097
1126 1100
1144 1100
1144 1102
1193 1102
1193 1103
1143 1103
1143 1105
991 1105
991 1107
618 1107
618 1112
612 1112
612 1110
503 1110
503 1116
491 1116
491 1117
528 1117
528 1118
476 1118
476 1119
434 1119
434 1120
588 1120
588 1115
534 1115
534 1113
1110 1113
1110 1111
643 1111
643 1108
1162 1108
1162 1106
1238 1106
1238 1062
1243 1062
1243 1036
1241 1036
1241 1031
1246 1031
1246 1006
1197 1006
1197 999
1063 999
1063 992
506 992
506 989
433 989
433 983
392 983
392 979
379 979
379 960
1250 960
1250 959
336 959
336 956
704 956
704 955
376 955
376 949
386 949
386 951
387 951
387 953
498 953
498 947
510 947
510 926
557 926
557 927
589 927
589 945
878 945
878 943
979 943
979 942
927 942
927 940
791 940
791 944
702 944
702 932
706 932
706 928
731 928
731 931
1129 931
1129 929
1033 929
1033 922
1136 922
1136 912
1122 912
1122 881
1128 881
1128 879
1119 879
1119 850
1061 850
1061 863
1072 863
1072 865
1038 865
1038 867
1029 867
1029 815
1028 815
1028 689
839 689
839 680
868 680
868 677
869 677
869 666
899 666
899 643
887 643
887 642
895 642
895 640
1223 640
1223 637
1227 637
1227 635
1231 635
1231 627
1215 627
1215 565
1170 565
1170 541
1214 541
1214 540
