174
826 2249
826 2244
136 2244
136 2396
142 2396
142 2434
191 2434
191 2442
239 2442
239 2447
234 2447
234 2452
170 2452
170 2446
135 2446
135 2435
100 2435
100 2467
32 2467
32 2490
25 2490
25 2460
5 2460
5 2472
12 2472
12 2481
1 2481
1 2494
2 2494
2 2482
13 2482
13 2470
21 2470
21 2489
14 2489
14 2485
3 2485
3 2487
6 2487
6 2499
24 2499
24 2492
41 2492
41 2484
70 2484
70 2488
106 2488
106 2445
122 2445
122 2459
130 2459
130 2448
149 2448
149 2450
159 2450
159 2453
236 2453
236 2465
201 2465
201 2471
168 2471
168 2483
206 2483
206 2476
231 2476
231 2480
249 2480
249 2478
303 2478
303 2474
320 2474
320 2469
283 2469
283 2463
247 2463
247 2456
298 2456
298 2454
244 2454
244 2432
144 2432
144 2359
138 2359
138 2340
150 2340
150 2250
162 2250
162 2257
198 2257
198 2332
177 2332
177 2346
164 2346
164 2357
194 2357
194 2362
155 2362
155 2391
444 2391
444 2393
185 2393
185 2404
340 2404
340 2394
406 2394
406 2397
426 2397
426 2399
437 2399
437 2416
411 2416
411 2422
418 2422
418 2430
409 2430
409 2433
445 2433
445 2429
452 2429
452 2406
448 2406
448 2400
454 2400
454 2390
469 2390
469 2414
502 2414
502 2389
218 2389
218 2386
157 2386
157 2375
205 2375
205 2353
203 2353
203 2245
209 2245
209 2246
230 2246
230 2262
278 2262
278 2258
301 2258
301 2283
325 2283
325 2318
327 2318
327 2335
311 2335
311 2322
281 2322
281 2321
256 2321
256 2354
261 2354
261 2366
287 2366
287 2342
328 2342
328 2266
365 2266
365 2268
333 2268
333 2281
383 2281
383 2285
385 2285
385 2275
387 2275
387 2261
413 2261
413 2252
246 2252
246 2249
