356
742 2054
742 2059
745 2059
745 2069
814 2069
814 2068
801 2068
801 2055
830 2055
830 2144
870 2144
870 2162
864 2162
864 2197
853 2197
853 2213
865 2213
865 2256
860 2256
860 2260
826 2260
826 2244
136 2244
136 2396
142 2396
142 2434
191 2434
191 2442
239 2442
239 2447
234 2447
234 2452
170 2452
170 2446
135 2446
135 2435
100 2435
100 2467
32 2467
32 2490
25 2490
25 2460
5 2460
5 2472
12 2472
12 2481
1 2481
1 2494
2 2494
2 2482
13 2482
13 2470
21 2470
21 2489
14 2489
14 2485
3 2485
3 2487
6 2487
6 2499
24 2499
24 2492
41 2492
41 2484
70 2484
70 2488
106 2488
106 2445
122 2445
122 2459
130 2459
130 2448
149 2448
149 2450
159 2450
159 2453
236 2453
236 2465
201 2465
201 2471
168 2471
168 2483
206 2483
206 2476
231 2476
231 2480
249 2480
249 2478
303 2478
303 2474
320 2474
320 2469
283 2469
283 2463
247 2463
247 2456
298 2456
298 2454
244 2454
244 2432
144 2432
144 2359
138 2359
138 2340
150 2340
150 2250
162 2250
162 2257
198 2257
198 2332
177 2332
177 2346
164 2346
164 2357
194 2357
194 2362
155 2362
155 2391
444 2391
444 2393
185 2393
185 2404
340 2404
340 2394
406 2394
406 2397
426 2397
426 2399
437 2399
437 2416
411 2416
411 2422
418 2422
418 2430
409 2430
409 2433
445 2433
445 2429
452 2429
452 2406
448 2406
448 2400
454 2400
454 2390
469 2390
469 2414
502 2414
502 2389
218 2389
218 2386
157 2386
157 2375
205 2375
205 2353
203 2353
203 2245
209 2245
209 2246
230 2246
230 2262
278 2262
278 2258
301 2258
301 2283
325 2283
325 2318
327 2318
327 2335
311 2335
311 2322
281 2322
281 2321
256 2321
256 2354
261 2354
261 2366
287 2366
287 2342
328 2342
328 2266
365 2266
365 2268
333 2268
333 2281
383 2281
383 2286
384 2286
384 2289
443 2289
443 2290
412 2290
412 2293
415 2293
415 2300
388 2300
388 2301
568 2301
568 2274
594 2274
594 2269
540 2269
540 2298
476 2298
476 2285
385 2285
385 2275
387 2275
387 2261
413 2261
413 2252
246 2252
246 2249
404 2249
404 2251
563 2251
563 2255
809 2255
809 2355
665 2355
665 2343
646 2343
646 2295
637 2295
637 2313
638 2313
638 2372
645 2372
645 2369
730 2369
730 2380
692 2380
692 2384
731 2384
731 2373
744 2373
744 2363
777 2363
777 2370
820 2370
820 2296
816 2296
816 2278
841 2278
841 2272
850 2272
850 2264
871 2264
871 2129
859 2129
859 2004
863 2004
863 1961
855 1961
855 1708
867 1708
867 1773
872 1773
872 1940
873 1940
873 1855
874 1855
874 1623
854 1623
854 1963
851 1963
851 1982
849 1982
849 1712
842 1712
842 1896
839 1896
839 2018
836 2018
836 1904
837 1904
837 1577
805 1577
805 1554
800 1554
800 1514
808 1514
808 1518
819 1518
819 1468
838 1468
838 1427
832 1427
832 1389
845 1389
845 1322
866 1322
866 1264
869 1264
869 1162
843 1162
843 1091
811 1091
811 1128
797 1128
797 1191
796 1191
796 1235
815 1235
815 1186
823 1186
823 1179
857 1179
857 1205
861 1205
861 1268
858 1268
858 1308
840 1308
840 1379
831 1379
831 1460
795 1460
795 1417
804 1417
804 1361
794 1361
794 1513
799 1513
799 1588
825 1588
825 1704
818 1704
818 1635
803 1635
803 1761
812 1761
812 1944
798 1944
798 1946
790 1946
790 2024
807 2024
807 1960
813 1960
813 1828
821 1828
821 1727
829 1727
829 1794
834 1794
834 1983
824 1983
824 2015
827 2015
827 2019
856 2019
856 2118
846 2118
846 2126
844 2126
844 2054
