4580
2228 1
2228 6
2201 6
2201 39
2205 39
2205 87
2211 87
2211 54
2224 54
2224 45
2218 45
2218 20
2231 20
2231 4
2297 4
2297 80
2292 80
2292 84
2281 84
2281 93
2252 93
2252 388
2251 388
2251 537
2250 537
2250 409
2249 409
2249 339
2248 339
2248 271
2240 271
2240 231
2238 231
2238 103
2191 103
2191 102
2184 102
2184 264
2185 264
2185 276
2182 276
2182 161
2180 161
2180 348
2225 348
2225 342
2189 342
2189 315
2192 315
2192 299
2190 299
2190 279
2202 279
2202 262
2199 262
2199 263
2187 263
2187 132
2194 132
2194 112
2203 112
2203 120
2198 120
2198 153
2196 153
2196 159
2227 159
2227 155
2210 155
2210 129
2236 129
2236 257
2235 257
2235 314
2237 314
2237 371
2226 371
2226 384
2232 384
2232 582
2234 582
2234 499
2239 499
2239 333
2242 333
2242 291
2244 291
2244 617
2259 617
2259 632
2271 632
2271 657
2264 657
2264 866
2263 866
2263 982
2262 982
2262 1147
2258 1147
2258 1212
2261 1212
2261 1485
2241 1485
2241 1471
2200 1471
2200 1470
2219 1470
2219 1465
2195 1465
2195 1481
2212 1481
2212 1497
2253 1497
2253 1504
2178 1504
2178 296
2173 296
2173 185
2161 185
2161 199
2156 199
2156 105
2112 105
2112 179
2103 179
2103 44
2107 44
2107 88
2136 88
2136 42
2125 42
2125 28
2021 28
2021 27
1821 27
1821 24
1956 24
1956 22
1925 22
1925 7
1574 7
1574 8
1768 8
1768 9
1504 9
1504 14
1630 14
1630 17
1605 17
1605 26
1593 26
1593 31
1625 31
1625 32
1627 32
1627 41
1575 41
1575 52
1553 52
1553 64
1626 64
1626 60
1606 60
1606 46
1661 46
1661 35
1666 35
1666 53
1724 53
1724 55
1690 55
1690 58
1713 58
1713 74
1619 74
1619 71
1576 71
1576 67
1527 67
1527 73
1603 73
1603 75
1734 75
1734 63
1739 63
1739 51
1748 51
1748 57
1758 57
1758 50
1769 50
1769 40
1703 40
1703 49
1697 49
1697 21
1644 21
1644 13
1629 13
1629 10
1834 10
1834 11
1917 11
1917 23
1865 23
1865 15
1822 15
1822 16
1833 16
1833 18
1789 18
1789 25
1812 25
1812 29
2059 29
2059 34
2093 34
2093 36
1953 36
1953 47
1918 47
1918 43
1916 43
1916 70
1949 70
1949 62
1957 62
1957 37
2063 37
2063 38
1984 38
1984 134
2016 134
2016 121
2005 121
2005 106
2007 106
2007 96
2014 96
2014 94
2004 94
2004 126
1985 126
1985 59
1998 59
1998 56
2025 56
2025 65
1990 65
1990 69
2070 69
2070 48
2101 48
2101 181
2116 181
2116 266
2117 266
2117 496
2114 496
2114 424
2108 424
2108 854
2109 854
2109 454
2110 454
2110 428
2113 428
2113 585
2118 585
2118 206
2137 206
2137 210
2124 210
2124 301
2119 301
2119 1378
2096 1378
2096 1352
2087 1352
2087 1351
2091 1351
2091 914
2094 914
2094 1227
2102 1227
2102 1233
2104 1233
2104 1290
2105 1290
2105 1188
2095 1188
2095 1082
2100 1082
2100 1031
2099 1031
2099 895
2092 895
2092 720
2084 720
2084 553
2085 553
2085 421
2083 421
2083 447
2082 447
2082 377
2079 377
2079 367
2078 367
2078 389
2042 389
2042 399
2038 399
2038 401
2044 401
2044 413
1849 413
1849 407
1784 407
1784 453
1792 453
1792 452
1800 452
1800 445
1828 445
1828 435
1816 435
1816 431
1845 431
1845 420
1870 420
1870 419
2006 419
2006 429
2008 429
2008 416
2048 416
2048 430
2027 430
2027 432
2054 432
2054 441
2033 441
2033 436
1962 436
1962 449
1919 449
1919 448
1901 448
1901 451
1908 451
1908 455
1996 455
1996 450
2009 450
2009 443
2066 443
2066 396
2069 396
2069 495
2071 495
2071 427
2080 427
2080 606
2074 606
2074 630
2073 630
2073 634
2061 634
2061 707
2051 707
2051 690
2052 690
2052 672
2036 672
2036 699
2024 699
2024 754
2022 754
2022 848
2037 848
2037 823
2043 823
2043 817
2049 817
2049 822
2050 822
2050 1069
2031 1069
2031 1008
2030 1008
2030 1064
2028 1064
2028 1036
1989 1036
1989 1034
2023 1034
2023 1033
1994 1033
1994 1002
2003 1002
2003 959
1993 959
1993 975
1983 975
1983 981
1982 981
1982 706
1981 706
1981 692
1997 692
1997 729
2002 729
2002 612
1995 612
1995 687
1978 687
1978 680
1976 680
1976 791
1980 791
1980 1040
1967 1040
1967 1024
1975 1024
1975 593
1974 593
1974 565
1898 565
1898 531
1696 531
1696 529
1813 529
1813 517
1752 517
1752 512
1656 512
1656 513
1636 513
1636 492
1642 492
1642 440
1669 440
1669 437
1648 437
1648 434
1658 434
1658 423
1651 423
1651 422
1654 422
1654 417
1719 417
1719 393
1729 393
1729 390
1706 390
1706 387
1649 387
1649 343
1563 343
1563 253
1566 253
1566 229
1569 229
1569 140
1571 140
1571 143
1587 143
1587 150
1591 150
1591 235
1596 235
1596 286
1592 286
1592 294
1604 294
1604 216
1602 216
1602 149
1635 149
1635 145
1640 145
1640 130
1620 130
1620 101
1645 101
1645 91
1731 91
1731 90
1608 90
1608 133
1568 133
1568 191
1559 191
1559 297
1531 297
1531 303
1512 303
1512 285
1517 285
1517 113
1519 113
1519 77
1365 77
1365 89
1364 89
1364 92
1376 92
1376 117
1369 117
1369 154
1374 154
1374 128
1395 128
1395 78
1429 78
1429 79
1423 79
1423 100
1497 100
1497 97
1448 97
1448 99
1445 99
1445 82
1513 82
1513 85
1515 85
1515 280
1508 280
1508 320
1521 320
1521 312
1526 312
1526 304
1549 304
1549 318
1556 318
1556 337
1542 337
1542 317
1541 317
1541 338
1498 338
1498 332
1505 332
1505 295
1476 295
1476 165
1470 165
1470 246
1444 246
1444 174
1401 174
1401 202
1409 202
1409 214
1372 214
1372 346
1363 346
1363 310
1206 310
1206 311
1310 311
1310 313
1139 313
1139 292
1201 292
1201 309
1353 309
1353 308
1335 308
1335 307
1282 307
1282 274
1218 274
1218 288
1208 288
1208 290
1211 290
1211 298
1202 298
1202 282
1166 282
1166 283
1157 283
1157 259
1174 259
1174 230
1172 230
1172 225
1093 225
1093 215
1098 215
1098 224
1110 224
1110 178
1114 178
1114 175
1147 175
1147 173
989 173
989 182
946 182
946 172
1132 172
1132 168
1068 168
1068 167
1215 167
1215 166
1052 166
1052 171
895 171
895 187
966 187
966 190
848 190
848 197
600 197
600 195
528 195
528 194
700 194
700 176
582 176
582 188
574 188
574 170
484 170
484 209
463 209
463 183
441 183
441 207
417 207
417 186
433 186
433 169
420 169
420 180
354 180
354 196
410 196
410 203
284 203
284 201
226 201
226 184
227 184
227 137
358 137
358 127
366 127
366 123
439 123
439 138
450 138
450 162
280 162
280 148
232 148
232 164
248 164
248 151
252 151
252 152
275 152
275 163
482 163
482 144
489 144
489 158
530 158
530 131
511 131
511 111
575 111
575 110
382 110
382 115
343 115
343 114
273 114
273 116
269 116
269 104
141 104
141 107
251 107
251 119
171 119
171 118
61 118
61 122
124 122
124 124
254 124
254 125
342 125
342 136
310 136
310 135
126 135
126 157
112 157
112 219
109 219
109 218
103 218
103 223
127 223
127 160
132 160
132 142
161 142
161 141
219 141
219 147
222 147
222 208
403 208
403 213
559 213
559 211
495 211
495 200
630 200
630 204
602 204
602 205
751 205
751 198
941 198
941 212
1012 212
1012 193
1015 193
1015 192
995 192
995 177
1076 177
1076 233
1073 233
1073 232
395 232
395 226
344 226
344 245
331 245
331 284
337 284
337 357
341 357
341 321
351 321
351 272
371 272
371 347
396 347
396 351
399 351
399 349
419 349
419 336
379 336
379 305
422 305
422 278
389 278
389 261
421 261
421 238
499 238
499 241
595 241
595 252
613 252
613 258
887 258
887 260
899 260
899 270
732 270
732 269
728 269
728 273
900 273
900 329
894 329
894 345
953 345
953 324
903 324
903 300
908 300
908 255
747 255
747 251
612 251
612 248
791 248
791 237
648 237
648 236
544 236
544 234
999 234
999 239
901 239
901 250
913 250
913 254
1018 254
1018 244
1001 244
1001 240
1049 240
1049 243
1088 243
1088 249
1127 249
1127 228
1146 228
1146 275
1130 275
1130 289
1129 289
1129 302
1091 302
1091 316
1240 316
1240 322
1160 322
1160 334
1231 334
1231 331
1193 331
1193 330
1184 330
1184 326
1224 326
1224 327
1355 327
1355 350
1326 350
1326 352
1289 352
1289 360
1309 360
1309 362
1258 362
1258 370
1279 370
1279 381
1256 381
1256 373
1236 373
1236 383
957 383
957 374
735 374
735 375
282 375
282 368
96 368
96 369
85 369
85 414
131 414
131 433
115 433
115 444
147 444
147 462
334 462
334 476
292 476
292 468
166 468
166 464
128 464
128 477
81 477
81 519
60 519
60 520
38 520
38 527
37 527
37 618
35 618
35 540
33 540
33 682
31 682
31 694
36 694
36 708
42 708
42 844
76 844
76 871
62 871
62 851
48 851
48 860
50 860
50 867
53 867
53 903
30 903
30 905
73 905
73 990
71 990
71 1047
77 1047
77 1028
74 1028
74 882
80 882
80 859
95 859
95 880
88 880
88 898
91 898
91 920
125 920
125 917
140 917
140 926
179 926
179 918
240 918
240 913
300 913
300 907
233 907
233 897
347 897
347 912
346 912
346 924
348 924
348 1011
338 1011
338 1000
336 1000
336 1037
345 1037
345 1045
279 1045
279 1065
223 1065
223 1020
200 1020
200 1023
111 1023
111 1027
221 1027
221 1060
217 1060
217 1068
289 1068
289 1088
274 1088
274 1103
257 1103
257 1078
241 1078
241 1087
250 1087
250 1111
295 1111
295 1150
288 1150
288 1364
228 1364
228 1328
224 1328
224 1323
193 1323
193 1321
184 1321
184 1341
214 1341
214 1387
225 1387
225 1380
235 1380
235 1373
294 1373
294 1372
296 1372
296 1074
302 1074
302 1118
313 1118
313 1317
308 1317
308 1274
306 1274
306 1368
309 1368
309 1397
259 1397
259 1410
293 1410
293 1414
151 1414
151 1605
199 1605
199 1606
189 1606
189 1722
156 1722
156 1705
148 1705
148 1715
143 1715
143 1742
145 1742
145 1872
137 1872
137 1882
133 1882
133 2007
123 2007
123 2017
118 2017
118 1931
92 1931
92 1922
66 1922
66 1921
119 1921
119 1900
121 1900
121 1859
120 1859
120 1898
113 1898
113 1897
29 1897
29 1914
64 1914
64 1906
90 1906
90 1913
108 1913
108 1916
51 1916
51 1932
56 1932
56 1968
99 1968
99 1952
107 1952
107 2047
98 2047
98 2067
63 2067
63 2073
47 2073
47 2066
68 2066
68 2031
10 2031
10 2154
9 2154
9 2157
11 2157
11 2127
16 2127
16 2182
17 2182
17 2202
4 2202
4 2204
19 2204
19 2195
22 2195
22 2188
23 2188
23 2152
20 2152
20 2159
18 2159
18 2041
26 2041
26 2079
34 2079
34 2080
39 2080
39 2113
67 2113
67 2104
105 2104
105 2099
110 2099
110 1986
114 1986
114 1939
117 1939
117 2061
186 2061
186 2063
188 2063
188 2092
196 2092
196 2058
192 2058
192 2050
210 2050
210 2039
211 2039
211 2035
182 2035
182 1909
178 1909
178 1870
163 1870
163 1812
158 1812
158 1901
169 1901
169 1918
176 1918
176 1925
181 1925
181 1981
154 1981
154 2005
172 2005
172 2021
180 2021
180 2038
190 2038
190 2043
134 2043
134 1911
146 1911
146 1733
174 1733
174 1736
197 1736
197 1735
202 1735
202 1603
207 1603
207 1707
215 1707
215 1696
213 1696
213 1655
216 1655
216 1546
165 1546
165 1572
153 1572
153 1424
220 1424
220 1428
167 1428
167 1431
264 1431
264 1445
260 1445
260 1448
243 1448
243 1451
272 1451
272 1501
262 1501
262 1571
253 1571
253 1759
242 1759
242 1784
238 1784
238 1808
245 1808
245 1840
265 1840
265 1847
335 1847
335 1829
352 1829
352 1811
332 1811
332 1814
286 1814
286 1834
290 1834
290 1839
255 1839
255 1824
271 1824
271 1801
258 1801
258 1642
263 1642
263 1650
267 1650
267 1718
276 1718
276 1486
297 1486
297 1439
305 1439
305 1490
307 1490
307 1416
318 1416
318 1338
317 1338
317 1366
312 1366
312 1331
316 1331
316 1134
315 1134
315 1232
314 1232
314 1054
350 1054
350 928
356 928
356 896
370 896
370 979
373 979
373 925
380 925
380 1010
372 1010
372 1016
374 1016
374 1022
393 1022
393 1061
381 1061
381 1137
378 1137
378 1116
322 1116
322 1130
324 1130
324 1159
330 1159
330 1161
339 1161
339 1155
369 1155
369 1185
360 1185
360 1203
359 1203
359 1238
402 1238
402 1223
407 1223
407 1214
397 1214
397 1210
394 1210
394 1032
401 1032
401 894
212 894
212 911
94 911
94 892
104 892
104 850
97 850
97 819
101 819
101 805
59 805
59 799
45 799
45 794
49 794
49 777
54 777
54 751
43 751
43 684
40 684
40 659
46 659
46 658
89 658
89 654
44 654
44 524
83 524
83 490
208 490
208 479
175 479
175 471
285 471
285 491
738 491
738 515
736 515
736 521
717 521
717 533
636 533
636 572
660 572
660 596
654 596
654 601
670 601
670 602
720 602
720 573
729 573
729 587
740 587
740 598
877 598
877 958
882 958
882 965
847 965
847 937
806 937
806 929
783 929
783 1120
786 1120
786 1762
780 1762
780 1641
776 1641
776 1201
779 1201
779 945
782 945
782 901
781 901
781 872
753 872
753 873
757 873
757 1029
767 1029
767 1001
769 1001
769 922
773 922
773 1055
770 1055
770 1071
774 1071
774 1102
752 1102
752 1042
750 1042
750 1067
749 1067
749 1039
739 1039
739 1048
748 1048
748 1084
727 1084
727 1044
698 1044
698 1062
697 1062
697 1058
687 1058
687 1193
674 1193
674 1291
677 1291
677 1229
680 1229
680 1312
693 1312
693 1174
696 1174
696 1342
679 1342
679 1433
659 1433
659 1573
672 1573
672 1638
652 1638
652 1763
664 1763
664 1661
673 1661
673 1547
661 1547
661 1458
666 1458
666 1449
689 1449
689 1622
684 1622
684 1907
644 1907
644 1884
650 1884
650 1876
649 1876
649 1864
657 1864
657 1777
656 1777
656 1854
642 1854
642 1860
640 1860
640 1923
669 1923
669 1926
671 1926
671 1938
667 1938
667 2010
639 2010
639 2070
607 2070
607 1969
609 1969
609 1787
632 1787
632 1725
635 1725
635 1601
631 1601
631 1215
624 1215
624 1225
629 1225
629 1393
614 1393
614 1369
621 1369
621 1357
620 1357
620 1362
619 1362
619 1145
633 1145
633 1136
625 1136
625 1142
616 1142
616 1209
610 1209
610 1394
608 1394
608 1430
604 1430
604 1219
596 1219
596 2139
597 2139
597 1435
622 1435
622 1583
626 1583
626 1484
627 1484
627 1706
623 1706
623 1600
618 1600
618 1612
598 1612
598 1626
617 1626
617 1738
615 1738
615 1786
603 1786
603 1813
599 1813
599 1819
605 1819
605 1949
606 1949
606 2117
634 2117
634 2141
683 2141
683 2093
694 2093
694 2036
651 2036
651 2100
655 2100
655 2046
668 2046
668 2105
675 2105
675 2106
676 2106
676 2109
641 2109
641 2016
734 2016
734 1902
710 1902
710 1879
726 1879
726 1690
725 1690
725 1831
709 1831
709 1803
715 1803
715 1669
723 1669
723 1316
724 1316
724 1289
722 1289
722 1359
718 1359
718 1466
716 1466
716 1520
711 1520
711 1502
712 1502
712 1234
708 1234
708 1529
705 1529
705 1639
706 1639
706 1599
713 1599
713 1628
707 1628
707 1930
702 1930
702 1962
701 1962
701 1975
719 1975
719 1998
695 1998
695 2011
685 2011
685 1919
690 1919
690 1345
681 1345
681 1344
691 1344
691 1402
704 1402
704 1399
699 1399
699 1149
688 1149
688 1106
737 1106
737 1109
721 1109
721 1114
754 1114
754 1144
758 1144
758 1122
761 1122
761 1702
763 1702
763 1798
746 1798
746 1866
755 1866
755 1833
764 1833
764 1469
765 1469
765 1252
771 1252
771 1758
772 1758
772 1890
787 1890
787 2013
743 2013
743 2028
760 2028
760 2042
835 2042
835 2054
742 2054
742 2059
745 2059
745 2084
775 2084
775 2077
810 2077
810 2098
741 2098
741 2114
778 2114
778 2130
817 2130
817 2072
762 2072
762 2069
814 2069
814 2068
801 2068
801 2055
830 2055
830 2144
870 2144
870 2162
864 2162
864 2197
853 2197
853 2213
865 2213
865 2256
860 2256
860 2260
826 2260
826 2244
136 2244
136 2396
142 2396
142 2434
191 2434
191 2442
239 2442
239 2447
234 2447
234 2452
170 2452
170 2446
135 2446
135 2435
100 2435
100 2467
32 2467
32 2490
25 2490
25 2460
5 2460
5 2472
12 2472
12 2481
1 2481
1 2494
2 2494
2 2482
13 2482
13 2470
21 2470
21 2489
14 2489
14 2485
3 2485
3 2487
6 2487
6 2499
24 2499
24 2492
41 2492
41 2484
70 2484
70 2488
106 2488
106 2445
122 2445
122 2459
130 2459
130 2448
149 2448
149 2450
159 2450
159 2453
236 2453
236 2465
201 2465
201 2471
168 2471
168 2483
206 2483
206 2476
231 2476
231 2480
249 2480
249 2478
303 2478
303 2474
320 2474
320 2469
283 2469
283 2463
247 2463
247 2456
298 2456
298 2454
244 2454
244 2432
144 2432
144 2359
138 2359
138 2340
150 2340
150 2250
162 2250
162 2257
198 2257
198 2332
177 2332
177 2346
164 2346
164 2357
194 2357
194 2362
155 2362
155 2391
444 2391
444 2393
185 2393
185 2404
340 2404
340 2394
406 2394
406 2397
426 2397
426 2399
437 2399
437 2416
411 2416
411 2422
418 2422
418 2430
409 2430
409 2433
445 2433
445 2429
452 2429
452 2406
448 2406
448 2400
454 2400
454 2390
469 2390
469 2414
502 2414
502 2389
218 2389
218 2386
157 2386
157 2375
205 2375
205 2353
203 2353
203 2245
209 2245
209 2246
230 2246
230 2262
278 2262
278 2258
301 2258
301 2283
325 2283
325 2318
327 2318
327 2335
311 2335
311 2322
281 2322
281 2321
256 2321
256 2354
261 2354
261 2366
287 2366
287 2342
328 2342
328 2266
365 2266
365 2268
333 2268
333 2281
383 2281
383 2286
384 2286
384 2289
443 2289
443 2290
412 2290
412 2293
415 2293
415 2300
388 2300
388 2301
568 2301
568 2274
594 2274
594 2269
540 2269
540 2298
476 2298
476 2285
385 2285
385 2275
387 2275
387 2261
413 2261
413 2252
246 2252
246 2249
404 2249
404 2251
563 2251
563 2255
809 2255
809 2355
665 2355
665 2343
646 2343
646 2295
637 2295
637 2313
638 2313
638 2372
645 2372
645 2369
730 2369
730 2380
692 2380
692 2384
731 2384
731 2373
744 2373
744 2363
777 2363
777 2370
820 2370
820 2296
816 2296
816 2278
841 2278
841 2272
850 2272
850 2264
871 2264
871 2129
859 2129
859 2004
863 2004
863 1961
855 1961
855 1708
867 1708
867 1773
872 1773
872 1940
873 1940
873 1855
874 1855
874 1623
854 1623
854 1963
851 1963
851 1982
849 1982
849 1712
842 1712
842 1896
839 1896
839 2018
836 2018
836 1904
837 1904
837 1577
805 1577
805 1554
800 1554
800 1514
808 1514
808 1518
819 1518
819 1468
838 1468
838 1427
832 1427
832 1389
845 1389
845 1322
866 1322
866 1264
869 1264
869 1162
843 1162
843 1091
811 1091
811 1128
797 1128
797 1191
796 1191
796 1235
815 1235
815 1186
823 1186
823 1179
857 1179
857 1205
861 1205
861 1268
858 1268
858 1308
840 1308
840 1379
831 1379
831 1460
795 1460
795 1417
804 1417
804 1361
794 1361
794 1513
799 1513
799 1588
825 1588
825 1704
818 1704
818 1635
803 1635
803 1761
812 1761
812 1944
798 1944
798 1946
790 1946
790 2024
807 2024
807 1960
813 1960
813 1828
821 1828
821 1727
829 1727
829 1794
834 1794
834 1983
824 1983
824 2015
827 2015
827 2019
856 2019
856 2118
846 2118
846 2126
844 2126
844 2032
789 2032
789 1327
788 1327
788 1098
784 1098
784 932
792 932
792 963
828 963
828 972
884 972
884 1012
892 1012
892 970
906 970
906 1138
896 1138
896 1123
876 1123
876 1167
875 1167
875 1169
905 1169
905 1172
912 1172
912 1293
914 1293
914 1673
909 1673
909 1675
921 1675
921 1537
928 1537
928 1614
929 1614
929 1697
919 1697
919 1699
918 1699
918 1951
915 1951
915 2177
910 2177
910 2089
891 2089
891 1881
886 1881
886 1992
883 1992
883 2030
881 2030
881 2132
885 2132
885 2142
898 2142
898 2128
897 2128
897 2131
889 2131
889 1957
890 1957
890 2103
904 2103
904 2190
938 2190
938 2175
939 2175
939 2160
943 2160
943 2167
951 2167
951 2181
967 2181
967 2029
963 2029
963 2006
965 2006
965 1868
968 1868
968 1928
971 1928
971 1958
978 1958
978 2168
990 2168
990 2187
1032 2187
1032 2183
1005 2183
1005 2076
1014 2076
1014 2135
1038 2135
1038 2134
1055 2134
1055 2206
1058 2206
1058 2136
1061 2136
1061 2124
1063 2124
1063 2123
1066 2123
1066 2102
1069 2102
1069 1924
1075 1924
1075 2166
1071 2166
1071 2115
1070 2115
1070 2231
1078 2231
1078 2101
1079 2101
1079 1905
1080 1905
1080 2215
1105 2215
1105 2230
1123 2230
1123 2221
1119 2221
1119 2219
1152 2219
1152 2222
1229 2222
1229 2225
1216 2225
1216 2339
1217 2339
1217 2349
1220 2349
1220 2315
1221 2315
1221 2377
1198 2377
1198 2348
1212 2348
1212 2299
1203 2299
1203 2270
1167 2270
1167 2288
1183 2288
1183 2287
1191 2287
1191 2302
1189 2302
1189 2356
1190 2356
1190 2381
1223 2381
1223 2314
1227 2314
1227 2254
1222 2254
1222 2247
1233 2247
1233 2216
1301 2216
1301 2220
1303 2220
1303 2229
1316 2229
1316 2248
1317 2248
1317 2297
1304 2297
1304 2408
1334 2408
1334 2475
1349 2475
1349 2473
1360 2473
1360 2466
1338 2466
1338 2439
1339 2439
1339 2417
1354 2417
1354 2326
1392 2326
1392 2333
1375 2333
1375 2376
1382 2376
1382 2351
1393 2351
1393 2371
1418 2371
1418 2382
1412 2382
1412 2385
1420 2385
1420 2364
1400 2364
1400 2329
1534 2329
1534 2330
1545 2330
1545 2328
1561 2328
1561 2341
1528 2341
1528 2344
1529 2344
1529 2352
1634 2352
1634 2368
1610 2368
1610 2395
1637 2395
1637 2403
1582 2403
1582 2383
1579 2383
1579 2410
1520 2410
1520 2412
1717 2412
1717 2415
1702 2415
1702 2418
1716 2418
1716 2419
1728 2419
1728 2411
1753 2411
1753 2401
1710 2401
1710 2388
1683 2388
1683 2398
1643 2398
1643 2361
1646 2361
1646 2365
1684 2365
1684 2345
1564 2345
1564 2331
1595 2331
1595 2324
1535 2324
1535 2319
1652 2319
1652 2309
1695 2309
1695 2305
1722 2305
1722 2310
1723 2310
1723 2276
1733 2276
1733 2294
1754 2294
1754 2323
1725 2323
1725 2338
1762 2338
1762 2334
1765 2334
1765 2350
1763 2350
1763 2427
1764 2427
1764 2405
1770 2405
1770 2367
1774 2367
1774 2337
1773 2337
1773 2358
1767 2358
1767 2392
1766 2392
1766 2292
1746 2292
1746 2277
1745 2277
1745 2282
1743 2282
1743 2284
1744 2284
1744 2291
1738 2291
1738 2280
1735 2280
1735 2253
1730 2253
1730 2235
1711 2235
1711 2259
1687 2259
1687 2303
1691 2303
1691 2263
1699 2263
1699 2265
1692 2265
1692 2306
1624 2306
1624 2311
1425 2311
1425 2312
1524 2312
1524 2317
1473 2317
1473 2320
1406 2320
1406 2279
1378 2279
1378 2307
1390 2307
1390 2304
1394 2304
1394 2325
1359 2325
1359 2316
1352 2316
1352 2379
1343 2379
1343 2374
1314 2374
1314 2308
1318 2308
1318 2327
1330 2327
1330 2227
1324 2227
1324 2214
1084 2214
1084 2194
1097 2194
1097 2172
1096 2172
1096 2164
1086 2164
1086 2053
1083 2053
1083 1776
1072 1776
1072 1797
1064 1797
1064 1856
1062 1856
1062 1880
1077 1880
1077 1883
1065 1883
1065 2119
1041 2119
1041 2121
1023 2121
1023 2057
1037 2057
1037 1929
1036 1929
1036 1917
1035 1917
1035 2044
1021 2044
1021 2088
1017 2088
1017 2062
1016 2062
1016 2020
1008 2020
1008 1990
1003 1990
1003 2008
1002 2008
1002 2060
998 2060
998 2091
980 2091
980 2064
994 2064
994 1891
996 1891
996 1853
993 1853
993 1895
992 1895
992 1862
991 1862
991 1729
1133 1729
1133 1800
1226 1800
1226 1790
1145 1790
1145 1778
1143 1778
1143 1757
1135 1757
1135 1720
1137 1720
1137 1723
1149 1723
1149 1684
1268 1684
1268 1682
1312 1682
1312 1685
1299 1685
1299 1689
1341 1689
1341 1693
1370 1693
1370 1676
1416 1676
1416 1604
1413 1604
1413 1552
1442 1552
1442 1596
1441 1596
1441 1587
1434 1587
1434 1764
1439 1764
1439 1683
1435 1683
1435 1629
1447 1629
1447 1780
1449 1780
1449 1846
1450 1846
1450 1651
1452 1651
1452 1538
1446 1538
1446 1535
1477 1535
1477 1615
1462 1615
1462 1936
1458 1936
1458 1994
1432 1994
1432 2026
1430 2026
1430 1691
1421 1691
1421 1732
1428 1732
1428 2095
1431 2095
1431 2205
1493 2205
1493 2165
1499 2165
1499 1935
1495 1935
1495 1830
1490 1830
1490 2071
1494 2071
1494 2107
1484 2107
1484 1988
1482 1988
1482 2112
1481 2112
1481 2201
1467 2201
1467 2193
1436 2193
1436 2150
1454 2150
1454 2087
1468 2087
1468 1845
1464 1845
1464 1694
1475 1694
1475 1645
1478 1645
1478 1505
1479 1505
1479 1665
1486 1665
1486 1494
1443 1494
1443 1478
1433 1478
1433 1495
1426 1495
1426 1500
1465 1500
1465 1507
1407 1507
1407 1533
1405 1533
1405 1544
1408 1544
1408 1591
1411 1591
1411 1666
1379 1666
1379 1649
1348 1649
1348 1643
1345 1643
1345 1670
1351 1670
1351 1680
1347 1680
1347 1678
1298 1678
1298 1563
1300 1563
1300 1553
1291 1553
1291 1586
1234 1586
1234 1590
1181 1590
1181 1576
1275 1576
1275 1575
1274 1575
1274 1530
1336 1530
1336 1536
1342 1536
1342 1454
1346 1454
1346 1462
1356 1462
1356 1446
1340 1446
1340 1453
1331 1453
1331 1474
1333 1474
1333 1519
1328 1519
1328 1527
1290 1527
1290 1516
1270 1516
1270 1511
1261 1511
1261 1493
1281 1493
1281 1455
1273 1455
1273 1492
1266 1492
1266 1447
1278 1447
1278 1441
1269 1441
1269 1444
1260 1444
1260 1475
1253 1475
1253 1542
1262 1542
1262 1548
1257 1548
1257 1561
1168 1561
1168 1540
1106 1540
1106 1532
1120 1532
1120 1498
1155 1498
1155 1488
1196 1488
1196 1491
1213 1491
1213 1426
1150 1426
1150 1422
1141 1422
1141 1436
1117 1436
1117 1437
1111 1437
1111 1440
1067 1440
1067 1443
1197 1443
1197 1438
1199 1438
1199 1479
1138 1479
1138 1477
1103 1477
1103 1480
1115 1480
1115 1517
1081 1517
1081 1534
1104 1534
1104 1541
1154 1541
1154 1558
1140 1558
1140 1567
1171 1567
1171 1581
1148 1581
1148 1592
1249 1592
1249 1595
1296 1595
1296 1580
1297 1580
1297 1677
1165 1677
1165 1656
1209 1656
1209 1646
1192 1646
1192 1637
1188 1637
1188 1621
1185 1621
1185 1613
1182 1613
1182 1648
1151 1648
1151 1640
1177 1640
1177 1624
1144 1624
1144 1657
1142 1657
1142 1711
1122 1711
1122 1687
1095 1687
1095 1681
1102 1681
1102 1679
1118 1679
1118 1634
1074 1634
1074 1716
1112 1716
1112 1728
985 1728
985 1892
986 1892
986 1731
987 1731
987 2012
983 2012
983 1887
970 1887
970 1816
982 1816
982 1724
1050 1724
1050 1709
1042 1709
1042 1703
1057 1703
1057 1698
1034 1698
1034 1692
1019 1692
1019 1700
1022 1700
1022 1714
1039 1714
1039 1719
1011 1719
1011 1710
977 1710
977 1788
962 1788
962 2083
960 2083
960 2033
958 2033
958 2096
959 2096
959 2143
952 2143
952 2153
948 2153
948 2151
947 2151
947 2125
942 2125
942 2148
932 2148
932 2171
926 2171
926 2137
927 2137
927 2116
925 2116
925 2094
916 2094
916 2078
923 2078
923 1934
924 1934
924 1744
931 1744
931 1894
936 1894
936 1768
944 1768
944 1734
935 1734
935 1456
930 1456
930 1434
937 1434
937 1371
933 1371
933 1363
922 1363
922 1295
940 1295
940 1277
934 1277
934 1260
920 1260
920 1160
888 1160
888 1156
911 1156
911 1110
917 1110
917 1112
1082 1112
1082 1105
1099 1105
1099 1119
1089 1119
1089 1146
1092 1146
1092 1181
1028 1181
1028 1170
1010 1170
1010 1200
1009 1200
1009 1206
1029 1206
1029 1228
1013 1228
1013 1237
1033 1237
1033 1192
1131 1192
1131 1190
1264 1190
1264 1256
1214 1256
1214 1248
1239 1248
1239 1253
1248 1253
1248 1240
1161 1240
1161 1236
1158 1236
1158 1247
1156 1247
1156 1266
1153 1266
1153 1275
1159 1275
1159 1255
1162 1255
1162 1243
1187 1243
1187 1257
1170 1257
1170 1261
1245 1261
1245 1273
1272 1273
1272 1307
1235 1307
1235 1311
1205 1311
1205 1279
1204 1279
1204 1265
1176 1265
1176 1319
1243 1319
1243 1325
1271 1325
1271 1318
1219 1318
1219 1315
1288 1315
1288 1314
1194 1314
1194 1313
1332 1313
1332 1330
1179 1330
1179 1347
1459 1347
1459 1356
1389 1356
1389 1354
1327 1354
1327 1377
1398 1377
1398 1367
1455 1367
1455 1375
1456 1375
1456 1360
1503 1360
1503 1355
1487 1355
1487 1343
1295 1343
1295 1335
1377 1335
1377 1337
1492 1337
1492 1339
1489 1339
1489 1340
1500 1340
1500 1336
1501 1336
1501 1334
1362 1334
1362 1332
1350 1332
1350 1301
1302 1301
1302 1299
1308 1299
1308 1296
1337 1296
1337 1281
1322 1281
1322 1280
1344 1280
1344 1276
1361 1276
1361 1269
1313 1269
1313 1262
1329 1262
1329 1267
1371 1267
1371 1250
1366 1250
1366 1222
1357 1222
1357 1245
1305 1245
1305 1263
1307 1263
1307 1285
1277 1285
1277 1278
1276 1278
1276 1173
1254 1173
1254 1166
1247 1166
1247 1171
1242 1171
1242 1175
1228 1175
1228 1189
1186 1189
1186 1165
1175 1165
1175 1180
1173 1180
1173 1187
1085 1187
1085 1182
1126 1182
1126 1127
1125 1127
1125 1099
1116 1099
1116 1104
988 1104
988 1092
1051 1092
1051 1090
1054 1090
1054 1072
1056 1072
1056 1063
1053 1063
1053 987
1128 987
1128 985
1026 985
1026 984
1134 984
1134 983
1502 983
1502 978
1087 978
1087 973
1025 973
1025 988
1047 988
1047 1004
1048 1004
1048 1006
1046 1006
1046 1019
1040 1019
1040 999
1020 999
1020 993
976 993
976 1014
1031 1014
1031 1056
961 1056
961 884
974 884
974 820
975 820
975 829
1000 829
1000 831
1004 831
1004 812
973 812
973 826
972 826
972 772
981 772
981 759
1007 759
1007 755
1024 755
1024 735
1059 735
1059 723
1045 723
1045 714
1043 714
1043 713
1060 713
1060 607
1108 607
1108 639
1107 639
1107 740
1100 740
1100 702
1101 702
1101 650
1090 650
1090 833
1094 833
1094 749
1124 749
1124 728
1163 728
1163 745
1164 745
1164 809
1169 809
1169 781
1178 781
1178 786
1195 786
1195 739
1200 739
1200 736
1210 736
1210 733
1232 733
1232 780
1238 780
1238 899
1252 899
1252 890
1241 890
1241 789
1244 789
1244 792
1287 792
1287 798
1251 798
1251 852
1263 852
1263 881
1293 881
1293 863
1267 863
1267 856
1285 856
1285 849
1259 849
1259 825
1284 825
1284 836
1586 836
1586 862
1540 862
1540 868
1554 868
1554 923
1555 923
1555 1163
1543 1163
1543 1381
1538 1381
1538 921
1536 921
1536 1388
1523 1388
1523 1405
1532 1405
1532 1407
1677 1407
1677 1406
1539 1406
1539 1395
1548 1395
1548 1298
1547 1298
1547 1329
1546 1329
1546 1164
1558 1164
1558 916
1581 916
1581 941
1583 941
1583 870
1589 870
1589 902
1597 902
1597 1009
1598 1009
1598 861
1588 861
1588 835
1496 835
1496 832
1573 832
1573 834
1580 834
1580 828
1613 828
1613 845
1617 845
1617 944
1607 944
1607 930
1600 930
1600 1035
1655 1035
1655 1043
1704 1043
1704 1051
1694 1051
1694 1053
1760 1053
1760 1101
1747 1101
1747 1073
1742 1073
1742 1108
1709 1108
1709 1083
1707 1083
1707 1117
1718 1117
1718 1113
1755 1113
1755 1129
1741 1129
1741 1133
1705 1133
1705 1148
1720 1148
1720 1141
1714 1141
1714 1139
1757 1139
1757 1121
1761 1121
1761 1046
1759 1046
1759 951
1756 951
1756 1003
1751 1003
1751 1015
1749 1015
1749 1050
1740 1050
1740 1041
1667 1041
1667 1005
1668 1005
1668 986
1663 986
1663 956
1715 956
1715 936
1693 936
1693 942
1681 942
1681 919
1680 919
1680 838
1685 838
1685 839
1688 839
1688 915
1698 915
1698 887
1712 887
1712 846
1721 846
1721 906
1726 906
1726 842
1732 842
1732 865
1727 865
1727 940
1736 940
1736 837
1708 837
1708 883
1701 883
1701 847
1700 847
1700 876
1689 876
1689 779
1674 779
1674 769
1672 769
1672 691
1665 691
1665 610
1664 610
1664 775
1639 775
1639 686
1631 686
1631 651
1594 651
1594 637
1384 637
1384 631
1414 631
1414 622
1440 622
1440 629
1451 629
1451 628
1460 628
1460 613
1438 613
1438 597
1671 597
1671 591
1417 591
1417 621
1415 621
1415 619
1410 619
1410 608
1373 608
1373 641
1399 641
1399 642
1511 642
1511 645
1585 645
1585 655
1480 655
1480 675
1485 675
1485 674
1516 674
1516 681
1533 681
1533 677
1623 677
1623 761
1615 761
1615 712
1599 712
1599 717
1609 717
1609 721
1572 721
1572 718
1514 718
1514 722
1466 722
1466 724
1590 724
1590 768
1577 768
1577 734
1552 734
1552 731
1358 731
1358 738
1419 738
1419 742
1469 742
1469 753
1391 753
1391 747
1368 747
1368 752
1367 752
1367 758
1383 758
1383 760
1461 760
1461 771
1404 771
1404 762
1403 762
1403 788
1457 788
1457 787
1522 787
1522 756
1525 756
1525 750
1565 750
1565 815
1641 815
1641 814
1570 814
1570 795
1584 795
1584 784
1686 784
1686 802
1675 802
1675 796
1673 796
1673 808
1678 808
1678 878
1679 878
1679 949
1662 949
1662 943
1660 943
1660 995
1659 995
1659 1013
1628 1013
1628 960
1647 960
1647 991
1650 991
1650 869
1657 869
1657 858
1653 858
1653 827
1380 827
1380 824
1618 824
1618 818
1280 818
1280 801
1292 801
1292 800
1325 800
1325 671
1207 671
1207 673
1294 673
1294 698
1306 698
1306 701
1311 701
1311 716
1319 716
1319 732
1321 732
1321 785
1255 785
1255 770
1265 770
1265 765
1237 765
1237 727
1136 727
1136 709
1225 709
1225 704
1230 704
1230 700
1180 700
1180 697
1121 697
1121 737
1109 737
1109 661
1113 661
1113 590
1044 590
1044 668
1030 668
1030 710
1006 710
1006 656
997 656
997 757
964 757
964 746
984 746
984 648
969 648
969 663
956 663
956 695
954 695
954 977
949 977
949 1025
955 1025
955 1075
1027 1075
1027 1085
979 1085
979 1086
945 1086
945 1094
950 1094
950 1095
907 1095
907 954
893 954
893 939
902 939
902 938
878 938
878 581
802 581
802 580
880 580
880 574
879 574
879 525
862 525
862 571
822 571
822 575
868 575
868 579
733 579
733 569
647 569
647 538
662 538
662 550
703 550
703 534
756 534
756 523
793 523
793 489
361 489
361 481
364 481
364 463
353 463
353 461
229 461
229 446
195 446
195 458
183 458
183 404
173 404
173 425
139 425
139 412
87 412
87 392
86 392
86 378
663 378
663 380
658 380
658 379
319 379
319 382
398 382
398 385
1246 385
1246 376
1250 376
1250 386
1283 386
1283 364
1286 364
1286 363
1315 363
1315 365
1320 365
1320 366
1323 366
1323 354
1381 354
1381 293
1385 293
1385 227
1386 227
1386 353
1387 353
1387 287
1388 287
1388 268
1397 268
1397 220
1422 220
1422 265
1424 265
1424 256
1427 256
1427 247
1471 247
1471 189
1474 189
1474 325
1453 325
1453 340
1488 340
1488 344
1638 344
1638 394
1676 394
1676 408
1616 408
1616 398
1567 398
1567 400
1551 400
1551 397
1483 397
1483 406
1506 406
1506 415
1562 415
1562 403
1611 403
1611 426
1601 426
1601 460
1612 460
1612 466
1560 466
1560 456
1402 456
1402 457
1510 457
1510 459
1544 459
1544 474
1530 474
1530 487
1622 487
1622 485
1557 485
1557 480
1614 480
1614 438
1621 438
1621 484
1632 484
1632 439
1633 439
1633 518
1682 518
1682 532
1855 532
1855 535
1848 535
1848 543
1578 543
1578 536
1537 536
1537 509
1518 509
1518 522
1507 522
1507 542
1463 542
1463 528
1472 528
1472 526
1396 526
1396 545
1437 545
1437 556
1509 556
1509 555
1737 555
1737 559
1750 559
1750 557
1771 557
1771 568
1824 568
1824 560
1772 560
1772 554
1670 554
1670 551
1550 551
1550 549
1491 549
1491 546
1840 546
1840 547
1880 547
1880 570
1955 570
1955 578
1951 578
1951 586
1927 586
1927 609
1810 609
1810 611
1968 611
1968 615
1970 615
1970 633
1963 633
1963 638
1950 638
1950 614
1912 614
1912 616
1876 616
1876 644
1872 644
1872 640
1856 640
1856 647
1851 647
1851 670
1862 670
1862 703
1864 703
1864 810
1875 810
1875 843
1866 843
1866 877
1878 877
1878 946
1881 946
1881 971
1882 971
1882 888
1885 888
1885 665
1890 665
1890 719
1889 719
1889 811
1897 811
1897 1131
1904 1131
1904 1151
1913 1151
1913 996
1911 996
1911 934
1922 934
1922 962
1928 962
1928 935
1932 935
1932 966
1929 966
1929 1521
1954 1521
1954 1525
1958 1525
1958 1597
1931 1597
1931 1617
1853 1617
1853 1630
1846 1630
1846 1663
1879 1663
1879 1799
1860 1799
1860 1804
1886 1804
1886 1825
1859 1825
1859 1809
1850 1809
1850 1792
1877 1792
1877 1713
1869 1713
1869 1772
1820 1772
1820 1782
1827 1782
1827 1781
1835 1781
1835 1822
1831 1822
1831 1785
1819 1785
1819 1823
1804 1823
1804 1796
1806 1796
1806 1631
1811 1631
1811 1413
1843 1413
1843 1499
1829 1499
1829 1528
1839 1528
1839 1503
1844 1503
1844 1419
1854 1419
1854 1310
1894 1310
1894 1306
1868 1306
1868 1304
1873 1304
1873 1297
1861 1297
1861 1271
1883 1271
1883 1284
1892 1284
1892 1246
1842 1246
1842 1259
1837 1259
1837 1239
1847 1239
1847 1207
1867 1207
1867 1213
1899 1213
1899 1204
1838 1204
1838 1218
1814 1218
1814 1288
1805 1288
1805 1300
1809 1300
1809 1326
1818 1326
1818 1333
1815 1333
1815 1358
1817 1358
1817 1384
1825 1384
1825 1282
1826 1282
1826 1251
1830 1251
1830 1221
1836 1221
1836 1411
1807 1411
1807 1472
1803 1472
1803 1774
1791 1774
1791 1805
1786 1805
1786 1767
1787 1767
1787 1748
1788 1748
1788 1740
1783 1740
1783 1598
1781 1598
1781 1574
1780 1574
1780 1220
1782 1220
1782 1096
1779 1096
1779 1081
1776 1081
1776 605
1775 605
1775 1226
1777 1226
1777 1531
1778 1531
1778 1779
1785 1779
1785 1810
1797 1810
1797 1827
1858 1827
1858 1849
1888 1849
1888 1674
1887 1674
1887 1695
1884 1695
1884 1659
1863 1659
1863 1647
1874 1647
1874 1625
1915 1625
1915 1747
1920 1747
1920 1730
1921 1730
1921 1756
1977 1756
1977 1760
1988 1760
1988 1766
2017 1766
2017 1765
2019 1765
2019 1753
2134 1753
2134 1755
2188 1755
2188 1754
2247 1754
2247 1791
2221 1791
2221 1795
2213 1795
2213 1841
2208 1841
2208 1848
2282 1848
2282 1972
2230 1972
2230 1980
2204 1980
2204 1978
2186 1978
2186 1956
2179 1956
2179 2014
2181 2014
2181 2002
2207 2002
2207 2108
2183 2108
2183 2110
2193 2110
2193 2120
2197 2120
2197 2122
2209 2122
2209 2001
2206 2001
2206 1995
2216 1995
2216 2052
2220 2052
2220 2082
2291 2082
2291 2086
2246 2086
2246 2090
2319 2090
2319 2081
2280 2081
2280 2075
2286 2075
2286 2051
2322 2051
2322 2049
2323 2049
2323 2111
2334 2111
2334 2045
2256 2045
2256 2074
2223 2074
2223 2027
2222 2027
2222 2025
2229 2025
2229 1984
2324 1984
2324 1987
2288 1987
2288 2023
2299 2023
2299 2034
2325 2034
2325 2022
2294 2022
2294 1989
2335 1989
2335 1973
2317 1973
2317 1908
2314 1908
2314 1771
2318 1771
2318 1770
2311 1770
2311 1977
2304 1977
2304 1837
2303 1837
2303 1964
2293 1964
2293 1959
2290 1959
2290 1943
2283 1943
2283 1844
2243 1844
2243 1832
2217 1832
2217 1842
2214 1842
2214 1817
2276 1817
2276 1746
2111 1746
2111 1745
2115 1745
2115 1741
2064 1741
2064 1751
2215 1751
2215 1752
1946 1752
1946 1717
1938 1717
1938 1743
1937 1743
1937 1750
1923 1750
1923 1686
1940 1686
1940 1609
1979 1609
1979 1667
1948 1667
1948 1672
2000 1672
2000 1652
2011 1652
2011 1593
2012 1593
2012 1616
2013 1616
2013 1653
2015 1653
2015 1607
2046 1607
2046 1584
2018 1584
2018 1569
2047 1569
2047 1566
2032 1566
2032 1549
2041 1549
2041 1459
2034 1459
2034 1425
2055 1425
2055 1423
2029 1423
2029 1565
2001 1565
2001 1415
2020 1415
2020 1409
1992 1409
1992 1594
1991 1594
1991 1662
1986 1662
1986 1556
1965 1556
1965 1555
1969 1555
1969 1506
1933 1506
1933 1007
1930 1007
1930 989
1934 989
1934 976
1935 976
1935 900
1926 900
1926 885
1924 885
1924 927
1910 927
1910 1026
1906 1026
1906 804
1902 804
1902 893
1903 893
1903 969
1900 969
1900 797
1893 797
1893 730
1896 730
1896 664
1895 664
1895 635
1905 635
1905 636
1939 636
1939 649
1936 649
1936 666
1941 666
1941 696
1942 696
1942 646
1973 646
1973 864
1972 864
1972 773
1971 773
1971 992
1959 992
1959 1018
1961 1018
1961 1070
2053 1070
2053 855
2056 855
2056 952
2057 952
2057 980
2076 980
2076 947
2058 947
2058 933
2060 933
2060 783
2040 783
2040 778
2067 778
2067 857
2068 857
2068 764
2035 764
2035 790
2045 790
2045 813
2026 813
2026 743
2065 743
2065 705
2062 705
2062 676
2075 676
2075 652
2081 652
2081 711
2072 711
2072 715
2077 715
2077 726
2088 726
2088 776
2089 776
2089 1057
2090 1057
2090 1183
2086 1183
2086 1385
2097 1385
2097 1383
2106 1383
2106 1382
2120 1382
2120 1076
2121 1076
2121 660
2122 660
2122 478
2123 478
2123 620
2128 620
2128 410
2130 410
2130 323
2129 323
2129 341
2126 341
2126 267
2131 267
2131 493
2133 493
2133 669
2135 669
2135 483
2132 483
2132 355
2138 355
2138 139
2143 139
2143 222
2147 222
2147 217
2172 217
2172 356
2170 356
2170 391
2165 391
2165 577
2141 577
2141 583
2166 583
2166 603
2164 603
2164 693
2152 693
2152 600
2149 600
2149 643
2140 643
2140 774
2142 774
2142 953
2145 953
2145 968
2144 968
2144 1080
2154 1080
2154 1176
2158 1176
2158 1184
2146 1184
2146 1292
2148 1292
2148 1302
2157 1302
2157 1283
2153 1283
2153 1195
2159 1195
2159 1202
2163 1202
2163 1115
2167 1115
2167 1089
2162 1089
2162 1077
2150 1077
2150 1017
2160 1017
2160 964
2155 964
2155 974
2151 974
2151 725
2168 725
2168 544
2169 544
2169 1030
2174 1030
2174 961
2176 961
2176 853
2175 853
2175 957
2171 957
2171 561
2177 561
2177 1522
2257 1522
2257 1523
2266 1523
2266 1550
2260 1550
2260 1564
2298 1564
2298 1557
2321 1557
2321 1551
2450 1551
2450 1560
2422 1560
2422 1562
2402 1562
2402 1559
2375 1559
2375 1664
2378 1664
2378 1721
2386 1721
2386 1775
2379 1775
2379 1886
2382 1886
2382 2009
2383 2009
2383 2003
2388 2003
2388 1654
2389 1654
2389 1802
2392 1802
2392 1871
2395 1871
2395 2000
2391 2000
2391 2037
2396 2037
2396 2085
2399 2085
2399 2169
1871 2169
1871 2156
1891 2156
1891 2146
1852 2146
1852 2140
1796 2140
1796 2223
1795 2223
1795 2347
1790 2347
1790 2407
1793 2407
1793 2426
1794 2426
1794 2420
1798 2420
1798 2360
1799 2360
1799 2232
1801 2232
1801 2336
1808 2336
1808 2226
1802 2226
1802 2145
1823 2145
1823 2163
1841 2163
1841 2170
1907 2170
1907 2180
1832 2180
1832 2191
1857 2191
1857 2192
1909 2192
1909 2189
1914 2189
1914 2185
1943 2185
1943 2203
1966 2203
1966 2208
1999 2208
1999 2209
1952 2209
1952 2217
1945 2217
1945 2218
1960 2218
1960 2212
2139 2212
2139 2207
2039 2207
2039 2210
2010 2210
2010 2199
1947 2199
1947 2186
1944 2186
1944 2176
1964 2176
1964 2174
1987 2174
1987 2179
2127 2179
2127 2178
2098 2178
2098 2173
2400 2173
2400 2065
2401 2065
2401 1985
2403 1985
2403 1976
2417 1976
2417 2056
2423 2056
2423 1991
2424 1991
2424 1955
2426 1955
2426 1950
2410 1950
2410 1910
2421 1910
2421 1806
2427 1806
2427 1726
2420 1726
2420 1903
2416 1903
2416 1889
2415 1889
2415 1878
2406 1878
2406 1863
2411 1863
2411 1850
2397 1850
2397 1857
2393 1857
2393 1632
2384 1632
2384 1608
2404 1608
2404 1585
2387 1585
2387 1579
2394 1579
2394 1578
2453 1578
2453 1611
2428 1611
2428 1627
2462 1627
2462 1668
2432 1668
2432 1671
2492 1671
2492 1737
2489 1737
2489 1769
2491 1769
2491 1843
2490 1843
2490 1820
2483 1820
2483 1789
2438 1789
2438 1793
2460 1793
2460 1807
2447 1807
2447 1835
2433 1835
2433 1942
2429 1942
2429 1945
2434 1945
2434 1948
2439 1948
2439 1920
2443 1920
2443 1937
2445 1937
2445 1954
2430 1954
2430 2097
2435 2097
2435 2147
2436 2147
2436 2040
2442 2040
2442 1996
2455 1996
2455 1888
2452 1888
2452 1851
2449 1851
2449 1836
2456 1836
2456 2138
2444 2138
2444 2198
2457 2198
2457 2228
2466 2228
2466 2233
2493 2233
2493 2431
2486 2431
2486 2425
2474 2425
2474 2413
2478 2413
2478 2402
2487 2402
2487 2387
2448 2387
2448 2477
2418 2477
2418 2468
2440 2468
2440 2457
2431 2457
2431 2464
2412 2464
2412 2479
2409 2479
2409 2461
2405 2461
2405 2458
2408 2458
2408 2455
2413 2455
2413 2451
2398 2451
2398 2500
2485 2500
2485 2498
2500 2498
2500 2497
2472 2497
2472 2495
2414 2495
2414 2496
2407 2496
2407 2493
2454 2493
2454 2491
2419 2491
2419 2486
2475 2486
2475 2443
2473 2443
2473 2436
2494 2436
2494 2378
2495 2378
2495 2234
2499 2234
2499 2224
2476 2224
2476 2211
2470 2211
2470 2200
2479 2200
2479 2133
2467 2133
2467 2158
2451 2158
2451 2161
2461 2161
2461 2184
2464 2184
2464 2196
2446 2196
2446 2149
2458 2149
2458 1818
2463 1818
2463 1826
2465 1826
2465 1858
2469 1858
2469 1838
2477 1838
2477 1815
2482 1815
2482 1821
2488 1821
2488 1852
2480 1852
2480 1873
2484 1873
2484 1874
2497 1874
2497 1783
2498 1783
2498 1749
2496 1749
2496 1658
2481 1658
2481 1620
2459 1620
2459 1619
2471 1619
2471 1610
2468 1610
2468 1467
2441 1467
2441 1483
2425 1483
2425 1508
2437 1508
2437 1543
2274 1543
2274 1515
2278 1515
2278 1464
2302 1464
2302 1463
2287 1463
2287 1403
2295 1403
2295 1400
2305 1400
2305 1420
2296 1420
2296 1432
2320 1432
2320 1401
2312 1401
2312 1391
2316 1391
2316 1198
2327 1198
2327 1242
2338 1242
2338 1224
2344 1224
2344 1153
2366 1153
2366 1177
2369 1177
2369 688
2370 688
2370 679
2357 679
2357 678
2354 678
2354 662
2350 662
2350 667
2346 667
2346 685
2341 685
2341 624
2342 624
2342 411
2352 411
2352 418
2358 418
2358 501
2374 501
2374 497
2361 497
2361 405
2343 405
2343 395
2348 395
2348 402
2367 402
2367 361
2359 361
2359 359
2377 359
2377 335
2380 335
2380 277
2372 277
2372 221
2385 221
2385 156
2390 156
2390 146
2365 146
2365 242
2364 242
2364 72
2363 72
2363 76
2356 76
2356 281
2376 281
2376 328
2371 328
2371 358
2353 358
2353 372
2351 372
2351 306
2329 306
2329 86
2349 86
2349 81
2333 81
2333 83
2326 83
2326 319
2340 319
2340 530
2339 530
2339 741
2355 741
2355 744
2360 744
2360 748
2362 748
2362 766
2368 766
2368 1143
2337 1143
2337 1135
2336 1135
2336 998
2332 998
2332 1152
2308 1152
2308 1168
2310 1168
2310 1157
2331 1157
2331 1158
2315 1158
2315 1178
2313 1178
2313 1350
2285 1350
2285 1429
2279 1429
2279 1374
2277 1374
2277 1140
2275 1140
2275 1126
2273 1126
2273 1390
2265 1390
2265 1258
2267 1258
2267 1154
2270 1154
2270 840
2269 840
2269 806
2272 806
2272 588
2268 588
2268 592
2245 592
2245 566
2254 566
2254 563
2255 563
2255 95
2284 95
2284 98
2289 98
2289 109
2307 109
2307 108
2301 108
2301 68
2306 68
2306 61
2300 61
2300 19
2309 19
2309 12
2330 12
2330 33
2328 33
2328 66
2345 66
2345 3
2233 3
2233 2
2347 2
2347 30
2381 30
2381 5
2373 5
2373 1
