1686
847 965
847 937
806 937
806 929
783 929
783 1120
786 1120
786 1762
780 1762
780 1641
776 1641
776 1201
779 1201
779 945
782 945
782 901
781 901
781 872
753 872
753 873
757 873
757 1029
767 1029
767 1001
769 1001
769 922
773 922
773 1055
770 1055
770 1071
774 1071
774 1102
752 1102
752 1042
750 1042
750 1067
749 1067
749 1039
739 1039
739 1048
748 1048
748 1084
727 1084
727 1044
698 1044
698 1062
697 1062
697 1058
687 1058
687 1193
674 1193
674 1291
677 1291
677 1229
680 1229
680 1312
693 1312
693 1174
696 1174
696 1342
679 1342
679 1433
659 1433
659 1573
672 1573
672 1638
652 1638
652 1763
664 1763
664 1661
673 1661
673 1547
661 1547
661 1458
666 1458
666 1449
689 1449
689 1622
684 1622
684 1907
644 1907
644 1884
650 1884
650 1876
649 1876
649 1864
657 1864
657 1777
656 1777
656 1854
642 1854
642 1860
640 1860
640 1923
669 1923
669 1926
671 1926
671 1938
667 1938
667 2010
639 2010
639 2070
607 2070
607 1969
609 1969
609 1787
632 1787
632 1725
635 1725
635 1601
631 1601
631 1215
624 1215
624 1225
629 1225
629 1393
614 1393
614 1369
621 1369
621 1357
620 1357
620 1362
619 1362
619 1145
633 1145
633 1136
625 1136
625 1142
616 1142
616 1209
610 1209
610 1394
608 1394
608 1430
604 1430
604 1219
596 1219
596 2139
597 2139
597 1435
622 1435
622 1583
626 1583
626 1484
627 1484
627 1706
623 1706
623 1600
618 1600
618 1612
598 1612
598 1626
617 1626
617 1738
615 1738
615 1786
603 1786
603 1813
599 1813
599 1819
605 1819
605 1949
606 1949
606 2117
634 2117
634 2141
683 2141
683 2093
694 2093
694 2036
651 2036
651 2100
655 2100
655 2046
668 2046
668 2105
675 2105
675 2106
676 2106
676 2109
641 2109
641 2016
734 2016
734 1902
710 1902
710 1879
726 1879
726 1690
725 1690
725 1831
709 1831
709 1803
715 1803
715 1669
723 1669
723 1316
724 1316
724 1289
722 1289
722 1359
718 1359
718 1466
716 1466
716 1520
711 1520
711 1502
712 1502
712 1234
708 1234
708 1529
705 1529
705 1639
706 1639
706 1599
713 1599
713 1628
707 1628
707 1930
702 1930
702 1962
701 1962
701 1975
719 1975
719 1998
695 1998
695 2011
685 2011
685 1919
690 1919
690 1345
681 1345
681 1344
691 1344
691 1402
704 1402
704 1399
699 1399
699 1149
688 1149
688 1106
737 1106
737 1109
721 1109
721 1114
754 1114
754 1144
758 1144
758 1122
761 1122
761 1702
763 1702
763 1798
746 1798
746 1866
755 1866
755 1833
764 1833
764 1469
765 1469
765 1252
771 1252
771 1758
772 1758
772 1890
787 1890
787 2013
743 2013
743 2028
760 2028
760 2042
835 2042
835 2054
742 2054
742 2059
745 2059
745 2084
775 2084
775 2077
810 2077
810 2098
741 2098
741 2114
778 2114
778 2130
817 2130
817 2072
762 2072
762 2069
814 2069
814 2068
801 2068
801 2055
830 2055
830 2144
870 2144
870 2162
864 2162
864 2197
853 2197
853 2213
865 2213
865 2256
860 2256
860 2260
826 2260
826 2244
136 2244
136 2396
142 2396
142 2434
191 2434
191 2442
239 2442
239 2447
234 2447
234 2452
170 2452
170 2446
135 2446
135 2435
100 2435
100 2467
32 2467
32 2490
25 2490
25 2460
5 2460
5 2472
12 2472
12 2481
1 2481
1 2494
2 2494
2 2482
13 2482
13 2470
21 2470
21 2489
14 2489
14 2485
3 2485
3 2487
6 2487
6 2499
24 2499
24 2492
41 2492
41 2484
70 2484
70 2488
106 2488
106 2445
122 2445
122 2459
130 2459
130 2448
149 2448
149 2450
159 2450
159 2453
236 2453
236 2465
201 2465
201 2471
168 2471
168 2483
206 2483
206 2476
231 2476
231 2480
249 2480
249 2478
303 2478
303 2474
320 2474
320 2469
283 2469
283 2463
247 2463
247 2456
298 2456
298 2454
244 2454
244 2432
144 2432
144 2359
138 2359
138 2340
150 2340
150 2250
162 2250
162 2257
198 2257
198 2332
177 2332
177 2346
164 2346
164 2357
194 2357
194 2362
155 2362
155 2391
444 2391
444 2393
185 2393
185 2404
340 2404
340 2394
406 2394
406 2397
426 2397
426 2399
437 2399
437 2416
411 2416
411 2422
418 2422
418 2430
409 2430
409 2433
445 2433
445 2429
452 2429
452 2406
448 2406
448 2400
454 2400
454 2390
469 2390
469 2414
502 2414
502 2389
218 2389
218 2386
157 2386
157 2375
205 2375
205 2353
203 2353
203 2245
209 2245
209 2246
230 2246
230 2262
278 2262
278 2258
301 2258
301 2283
325 2283
325 2318
327 2318
327 2335
311 2335
311 2322
281 2322
281 2321
256 2321
256 2354
261 2354
261 2366
287 2366
287 2342
328 2342
328 2266
365 2266
365 2268
333 2268
333 2281
383 2281
383 2286
384 2286
384 2289
443 2289
443 2290
412 2290
412 2293
415 2293
415 2300
388 2300
388 2301
568 2301
568 2274
594 2274
594 2269
540 2269
540 2298
476 2298
476 2285
385 2285
385 2275
387 2275
387 2261
413 2261
413 2252
246 2252
246 2249
404 2249
404 2251
563 2251
563 2255
809 2255
809 2355
665 2355
665 2343
646 2343
646 2295
637 2295
637 2313
638 2313
638 2372
645 2372
645 2369
730 2369
730 2380
692 2380
692 2384
731 2384
731 2373
744 2373
744 2363
777 2363
777 2370
820 2370
820 2296
816 2296
816 2278
841 2278
841 2272
850 2272
850 2264
871 2264
871 2129
859 2129
859 2004
863 2004
863 1961
855 1961
855 1708
867 1708
867 1773
872 1773
872 1940
873 1940
873 1855
874 1855
874 1623
854 1623
854 1963
851 1963
851 1982
849 1982
849 1712
842 1712
842 1896
839 1896
839 2018
836 2018
836 1904
837 1904
837 1577
805 1577
805 1554
800 1554
800 1514
808 1514
808 1518
819 1518
819 1468
838 1468
838 1427
832 1427
832 1389
845 1389
845 1322
866 1322
866 1264
869 1264
869 1162
843 1162
843 1091
811 1091
811 1128
797 1128
797 1191
796 1191
796 1235
815 1235
815 1186
823 1186
823 1179
857 1179
857 1205
861 1205
861 1268
858 1268
858 1308
840 1308
840 1379
831 1379
831 1460
795 1460
795 1417
804 1417
804 1361
794 1361
794 1513
799 1513
799 1588
825 1588
825 1704
818 1704
818 1635
803 1635
803 1761
812 1761
812 1944
798 1944
798 1946
790 1946
790 2024
807 2024
807 1960
813 1960
813 1828
821 1828
821 1727
829 1727
829 1794
834 1794
834 1983
824 1983
824 2015
827 2015
827 2019
856 2019
856 2118
846 2118
846 2126
844 2126
844 2032
789 2032
789 1327
788 1327
788 1098
784 1098
784 932
792 932
792 963
828 963
828 972
884 972
884 1012
892 1012
892 970
906 970
906 1138
896 1138
896 1123
876 1123
876 1167
875 1167
875 1169
905 1169
905 1172
912 1172
912 1293
914 1293
914 1673
909 1673
909 1675
921 1675
921 1537
928 1537
928 1614
929 1614
929 1697
919 1697
919 1699
918 1699
918 1951
915 1951
915 2177
910 2177
910 2089
891 2089
891 1881
886 1881
886 1992
883 1992
883 2030
881 2030
881 2132
885 2132
885 2142
898 2142
898 2128
897 2128
897 2131
889 2131
889 1957
890 1957
890 2103
904 2103
904 2190
938 2190
938 2175
939 2175
939 2160
943 2160
943 2167
951 2167
951 2181
967 2181
967 2029
963 2029
963 2006
965 2006
965 1868
968 1868
968 1928
971 1928
971 1958
978 1958
978 2168
990 2168
990 2187
1032 2187
1032 2183
1005 2183
1005 2076
1014 2076
1014 2135
1038 2135
1038 2134
1055 2134
1055 2206
1058 2206
1058 2136
1061 2136
1061 2124
1063 2124
1063 2123
1066 2123
1066 2102
1069 2102
1069 1924
1075 1924
1075 2166
1071 2166
1071 2115
1070 2115
1070 2231
1078 2231
1078 2101
1079 2101
1079 1905
1080 1905
1080 2215
1105 2215
1105 2230
1123 2230
1123 2221
1119 2221
1119 2219
1152 2219
1152 2222
1229 2222
1229 2225
1216 2225
1216 2339
1217 2339
1217 2349
1220 2349
1220 2315
1221 2315
1221 2377
1198 2377
1198 2348
1212 2348
1212 2299
1203 2299
1203 2270
1167 2270
1167 2288
1183 2288
1183 2287
1191 2287
1191 2302
1189 2302
1189 2356
1190 2356
1190 2381
1223 2381
1223 2314
1227 2314
1227 2254
1222 2254
1222 2247
1233 2247
1233 2216
1301 2216
1301 2220
1303 2220
1303 2229
1316 2229
1316 2248
1317 2248
1317 2297
1304 2297
1304 2408
1334 2408
1334 2475
1349 2475
1349 2473
1360 2473
1360 2466
1338 2466
1338 2439
1339 2439
1339 2417
1354 2417
1354 2326
1392 2326
1392 2333
1375 2333
1375 2376
1382 2376
1382 2351
1393 2351
1393 2371
1418 2371
1418 2382
1412 2382
1412 2385
1420 2385
1420 2364
1400 2364
1400 2329
1534 2329
1534 2330
1545 2330
1545 2328
1561 2328
1561 2341
1528 2341
1528 2344
1529 2344
1529 2352
1634 2352
1634 2368
1610 2368
1610 2395
1637 2395
1637 2403
1582 2403
1582 2383
1579 2383
1579 2410
1520 2410
1520 2412
1717 2412
1717 2415
1702 2415
1702 2418
1716 2418
1716 2419
1728 2419
1728 2411
1753 2411
1753 2401
1710 2401
1710 2388
1683 2388
1683 2398
1643 2398
1643 2361
1646 2361
1646 2365
1684 2365
1684 2345
1564 2345
1564 2331
1595 2331
1595 2324
1535 2324
1535 2319
1652 2319
1652 2309
1695 2309
1695 2305
1722 2305
1722 2310
1723 2310
1723 2276
1733 2276
1733 2294
1754 2294
1754 2323
1725 2323
1725 2338
1762 2338
1762 2334
1765 2334
1765 2350
1763 2350
1763 2427
1764 2427
1764 2405
1770 2405
1770 2367
1774 2367
1774 2337
1773 2337
1773 2358
1767 2358
1767 2392
1766 2392
1766 2292
1746 2292
1746 2277
1745 2277
1745 2282
1743 2282
1743 2284
1744 2284
1744 2291
1738 2291
1738 2280
1735 2280
1735 2253
1730 2253
1730 2235
1711 2235
1711 2259
1687 2259
1687 2303
1691 2303
1691 2263
1699 2263
1699 2265
1692 2265
1692 2306
1624 2306
1624 2311
1425 2311
1425 2312
1524 2312
1524 2317
1473 2317
1473 2320
1406 2320
1406 2279
1378 2279
1378 2307
1390 2307
1390 2304
1394 2304
1394 2325
1359 2325
1359 2316
1352 2316
1352 2379
1343 2379
1343 2374
1314 2374
1314 2308
1318 2308
1318 2327
1330 2327
1330 2227
1324 2227
1324 2214
1084 2214
1084 2194
1097 2194
1097 2172
1096 2172
1096 2164
1086 2164
1086 2053
1083 2053
1083 1776
1072 1776
1072 1797
1064 1797
1064 1856
1062 1856
1062 1880
1077 1880
1077 1883
1065 1883
1065 2119
1041 2119
1041 2121
1023 2121
1023 2057
1037 2057
1037 1929
1036 1929
1036 1917
1035 1917
1035 2044
1021 2044
1021 2088
1017 2088
1017 2062
1016 2062
1016 2020
1008 2020
1008 1990
1003 1990
1003 2008
1002 2008
1002 2060
998 2060
998 2091
980 2091
980 2064
994 2064
994 1891
996 1891
996 1853
993 1853
993 1895
992 1895
992 1862
991 1862
991 1729
1133 1729
1133 1800
1226 1800
1226 1790
1145 1790
1145 1778
1143 1778
1143 1757
1135 1757
1135 1720
1137 1720
1137 1723
1149 1723
1149 1684
1268 1684
1268 1682
1312 1682
1312 1685
1299 1685
1299 1689
1341 1689
1341 1693
1370 1693
1370 1676
1416 1676
1416 1604
1413 1604
1413 1552
1442 1552
1442 1596
1441 1596
1441 1587
1434 1587
1434 1764
1439 1764
1439 1683
1435 1683
1435 1629
1447 1629
1447 1780
1449 1780
1449 1846
1450 1846
1450 1651
1452 1651
1452 1538
1446 1538
1446 1535
1477 1535
1477 1615
1462 1615
1462 1936
1458 1936
1458 1994
1432 1994
1432 2026
1430 2026
1430 1691
1421 1691
1421 1732
1428 1732
1428 2095
1431 2095
1431 2205
1493 2205
1493 2165
1499 2165
1499 1935
1495 1935
1495 1830
1490 1830
1490 2071
1494 2071
1494 2107
1484 2107
1484 1988
1482 1988
1482 2112
1481 2112
1481 2201
1467 2201
1467 2193
1436 2193
1436 2150
1454 2150
1454 2087
1468 2087
1468 1845
1464 1845
1464 1694
1475 1694
1475 1645
1478 1645
1478 1505
1479 1505
1479 1665
1486 1665
1486 1494
1443 1494
1443 1478
1433 1478
1433 1495
1426 1495
1426 1500
1465 1500
1465 1507
1407 1507
1407 1533
1405 1533
1405 1544
1408 1544
1408 1591
1411 1591
1411 1666
1379 1666
1379 1649
1348 1649
1348 1643
1345 1643
1345 1670
1351 1670
1351 1680
1347 1680
1347 1678
1298 1678
1298 1563
1300 1563
1300 1553
1291 1553
1291 1586
1234 1586
1234 1590
1181 1590
1181 1576
1275 1576
1275 1575
1274 1575
1274 1530
1336 1530
1336 1536
1342 1536
1342 1454
1346 1454
1346 1462
1356 1462
1356 1446
1340 1446
1340 1453
1331 1453
1331 1474
1333 1474
1333 1519
1328 1519
1328 1527
1290 1527
1290 1516
1270 1516
1270 1511
1261 1511
1261 1493
1281 1493
1281 1455
1273 1455
1273 1492
1266 1492
1266 1447
1278 1447
1278 1441
1269 1441
1269 1444
1260 1444
1260 1475
1253 1475
1253 1542
1262 1542
1262 1548
1257 1548
1257 1561
1168 1561
1168 1540
1106 1540
1106 1532
1120 1532
1120 1498
1155 1498
1155 1488
1196 1488
1196 1491
1213 1491
1213 1426
1150 1426
1150 1422
1141 1422
1141 1436
1117 1436
1117 1437
1111 1437
1111 1440
1067 1440
1067 1443
1197 1443
1197 1438
1199 1438
1199 1479
1138 1479
1138 1477
1103 1477
1103 1480
1115 1480
1115 1517
1081 1517
1081 1534
1104 1534
1104 1541
1154 1541
1154 1558
1140 1558
1140 1567
1171 1567
1171 1581
1148 1581
1148 1592
1249 1592
1249 1595
1296 1595
1296 1580
1297 1580
1297 1677
1165 1677
1165 1656
1209 1656
1209 1646
1192 1646
1192 1637
1188 1637
1188 1621
1185 1621
1185 1613
1182 1613
1182 1648
1151 1648
1151 1640
1177 1640
1177 1624
1144 1624
1144 1657
1142 1657
1142 1711
1122 1711
1122 1687
1095 1687
1095 1681
1102 1681
1102 1679
1118 1679
1118 1634
1074 1634
1074 1716
1112 1716
1112 1728
985 1728
985 1892
986 1892
986 1731
987 1731
987 2012
983 2012
983 1887
970 1887
970 1816
982 1816
982 1724
1050 1724
1050 1709
1042 1709
1042 1703
1057 1703
1057 1698
1034 1698
1034 1692
1019 1692
1019 1700
1022 1700
1022 1714
1039 1714
1039 1719
1011 1719
1011 1710
977 1710
977 1788
962 1788
962 2083
960 2083
960 2033
958 2033
958 2096
959 2096
959 2143
952 2143
952 2153
948 2153
948 2151
947 2151
947 2125
942 2125
942 2148
932 2148
932 2171
926 2171
926 2137
927 2137
927 2116
925 2116
925 2094
916 2094
916 2078
923 2078
923 1934
924 1934
924 1744
931 1744
931 1894
936 1894
936 1768
944 1768
944 1734
935 1734
935 1456
930 1456
930 1434
937 1434
937 1371
933 1371
933 1363
922 1363
922 1295
940 1295
940 1277
934 1277
934 1260
920 1260
920 1160
888 1160
888 1156
911 1156
911 1110
917 1110
917 1112
1082 1112
1082 1105
1099 1105
1099 1119
1089 1119
1089 1146
1092 1146
1092 1181
1028 1181
1028 1170
1010 1170
1010 1200
1009 1200
1009 1206
1029 1206
1029 1228
1013 1228
1013 1237
1033 1237
1033 1192
1131 1192
1131 1190
1264 1190
1264 1256
1214 1256
1214 1248
1239 1248
1239 1253
1248 1253
1248 1240
1161 1240
1161 1236
1158 1236
1158 1247
1156 1247
1156 1266
1153 1266
1153 1275
1159 1275
1159 1255
1162 1255
1162 1243
1187 1243
1187 1257
1170 1257
1170 1261
1245 1261
1245 1273
1272 1273
1272 1307
1235 1307
1235 1311
1205 1311
1205 1279
1204 1279
1204 1265
1176 1265
1176 1319
1243 1319
1243 1325
1271 1325
1271 1318
1219 1318
1219 1315
1288 1315
1288 1314
1194 1314
1194 1313
1332 1313
1332 1330
1179 1330
1179 1347
1459 1347
1459 1356
1389 1356
1389 1354
1327 1354
1327 1377
1398 1377
1398 1367
1455 1367
1455 1375
1456 1375
1456 1360
1503 1360
1503 1355
1487 1355
1487 1343
1295 1343
1295 1335
1377 1335
1377 1337
1492 1337
1492 1339
1489 1339
1489 1340
1500 1340
1500 1336
1501 1336
1501 1334
1362 1334
1362 1332
1350 1332
1350 1301
1302 1301
1302 1299
1308 1299
1308 1296
1337 1296
1337 1281
1322 1281
1322 1280
1344 1280
1344 1276
1361 1276
1361 1269
1313 1269
1313 1262
1329 1262
1329 1267
1371 1267
1371 1250
1366 1250
1366 1222
1357 1222
1357 1245
1305 1245
1305 1263
1307 1263
1307 1285
1277 1285
1277 1278
1276 1278
1276 1173
1254 1173
1254 1166
1247 1166
1247 1171
1242 1171
1242 1175
1228 1175
1228 1189
1186 1189
1186 1165
1175 1165
1175 1180
1173 1180
1173 1187
1085 1187
1085 1182
1126 1182
1126 1127
1125 1127
1125 1099
1116 1099
1116 1104
988 1104
988 1092
1051 1092
1051 1090
1054 1090
1054 1072
1056 1072
1056 1063
1053 1063
1053 1056
961 1056
961 884
974 884
974 820
975 820
975 829
1000 829
1000 831
1004 831
1004 812
973 812
973 826
972 826
972 772
981 772
981 759
1007 759
1007 755
1024 755
1024 735
1059 735
1059 723
1045 723
1045 714
1043 714
1043 713
1060 713
1060 607
1108 607
1108 639
1107 639
1107 740
1100 740
1100 702
1101 702
1101 650
1090 650
1090 833
1094 833
1094 749
1124 749
1124 728
1163 728
1163 745
1164 745
1164 809
1169 809
1169 781
1178 781
1178 786
1195 786
1195 739
1200 739
1200 736
1210 736
1210 733
1232 733
1232 780
1238 780
1238 899
1252 899
1252 890
1241 890
1241 789
1244 789
1244 792
1287 792
1287 798
1251 798
1251 852
1263 852
1263 881
1293 881
1293 863
1267 863
1267 856
1285 856
1285 849
1259 849
1259 825
1284 825
1284 836
1586 836
1586 862
1540 862
1540 868
1554 868
1554 916
1583 916
1583 870
1598 870
1598 861
1588 861
1588 835
1496 835
1496 832
1580 832
1580 828
1653 828
1653 827
1380 827
1380 824
1618 824
1618 818
1280 818
1280 801
1292 801
1292 800
1325 800
1325 785
1255 785
1255 770
1265 770
1265 765
1237 765
1237 727
1121 727
1121 737
1109 737
1109 661
1113 661
1113 590
1044 590
1044 668
1030 668
1030 710
997 710
997 757
954 757
954 977
949 977
949 1025
955 1025
955 1075
1027 1075
1027 1085
979 1085
979 1086
945 1086
945 1094
950 1094
950 1095
907 1095
907 965
