216
146 2
146 19
145 19
145 42
135 42
135 38
124 38
124 31
127 31
127 22
134 22
134 18
122 18
122 16
111 16
111 20
125 20
125 30
123 30
123 34
107 34
107 37
114 37
114 45
137 45
137 49
131 49
131 55
117 55
117 54
112 54
112 52
106 52
106 64
108 64
108 93
113 93
113 66
116 66
116 67
132 67
132 65
133 65
133 58
138 58
138 70
136 70
136 78
139 78
139 131
130 131
130 136
109 136
109 139
100 139
100 117
104 117
104 114
103 114
103 111
90 111
90 94
96 94
96 86
66 86
66 85
36 85
36 69
77 69
77 62
43 62
43 51
40 51
40 46
38 46
38 44
70 44
70 39
59 39
59 36
57 36
57 33
2 33
2 32
10 32
10 27
1 27
1 35
18 35
18 43
23 43
23 47
16 47
16 50
25 50
25 41
28 41
28 40
32 40
32 48
33 48
33 57
30 57
30 61
7 61
7 68
3 68
3 76
6 76
6 77
26 77
26 79
31 79
31 80
20 80
20 92
48 92
48 91
51 91
51 90
87 90
87 89
58 89
58 88
75 88
75 87
88 87
88 145
82 145
82 143
83 143
83 140
84 140
84 97
76 97
76 100
22 100
22 103
17 103
17 96
13 96
13 99
8 99
8 105
14 105
14 104
29 104
29 112
35 112
35 127
37 127
37 137
24 137
24 138
50 138
50 126
56 126
56 124
47 124
47 123
72 123
72 120
62 120
62 119
39 119
39 106
44 106
44 102
52 102
52 108
63 108
63 101
80 101
80 121
79 121
79 129
78 129
78 150
81 150
81 149
92 149
92 148
91 148
91 147
89 147
89 128
97 128
97 122
99 122
99 132
98 132
98 135
94 135
94 144
101 144
101 146
102 146
102 142
95 142
95 141
140 141
140 84
142 84
142 125
143 125
143 115
147 115
147 118
148 118
148 72
141 72
141 63
144 63
144 59
149 59
149 2
