796
609 870
609 919
680 919
680 924
694 924
694 1077
699 1077
699 1107
585 1107
585 1110
544 1110
544 1123
571 1123
571 1128
684 1128
684 1129
623 1129
623 1138
687 1138
687 1169
547 1169
547 1158
522 1158
522 1071
520 1071
520 997
519 997
519 891
521 891
521 845
523 845
523 789
517 789
517 624
515 624
515 498
540 498
540 478
549 478
549 474
553 474
553 430
554 430
554 503
572 503
572 435
576 435
576 433
574 433
574 412
541 412
541 410
533 410
533 390
531 390
531 299
507 299
507 270
506 270
506 178
497 178
497 166
509 166
509 137
511 137
511 131
439 131
439 192
434 192
434 228
435 228
435 371
429 371
429 385
425 385
425 397
403 397
403 394
406 394
406 372
402 372
402 298
371 298
371 317
367 317
367 421
369 421
369 598
378 598
378 886
366 886
366 846
352 846
352 818
363 818
363 673
365 673
365 628
362 628
362 534
364 534
364 243
377 243
377 241
368 241
368 201
398 201
398 204
397 204
397 238
399 238
399 226
424 226
424 163
417 163
417 160
358 160
358 248
357 248
357 213
353 213
353 218
335 218
335 223
347 223
347 296
338 296
338 363
342 363
342 335
341 335
341 320
346 320
346 671
348 671
348 441
359 441
359 535
360 535
360 629
356 629
356 634
361 634
361 799
355 799
355 748
351 748
351 813
350 813
350 811
343 811
343 856
345 856
345 1048
340 1048
340 1072
344 1072
344 1136
339 1136
339 1177
336 1177
336 1181
354 1181
354 1132
349 1132
349 889
380 889
380 1163
421 1163
421 1118
418 1118
418 1068
423 1068
423 1051
419 1051
419 1018
420 1018
420 942
452 942
452 958
475 958
475 1063
472 1063
472 1172
473 1172
473 1112
478 1112
478 1076
480 1076
480 1221
485 1221
485 1236
258 1236
258 1238
464 1238
464 1241
214 1241
214 1246
43 1246
43 1242
1 1242
1 1247
56 1247
56 1249
221 1249
221 1244
263 1244
263 1243
487 1243
487 1235
490 1235
490 1204
482 1204
482 999
479 999
479 954
474 954
474 945
484 945
484 941
427 941
427 937
413 937
413 943
411 943
411 1052
409 1052
409 1064
412 1064
412 1062
414 1062
414 1126
415 1126
415 1153
408 1153
408 1156
407 1156
407 1143
401 1143
401 1139
393 1139
393 1085
404 1085
404 1066
385 1066
385 1034
384 1034
384 963
390 963
390 878
379 878
379 497
374 497
374 426
388 426
388 342
386 342
386 370
383 370
383 346
373 346
373 312
382 312
382 313
395 313
395 338
400 338
400 403
410 403
410 422
422 422
422 494
426 494
426 409
431 409
431 381
432 381
432 387
436 387
436 383
443 383
443 294
437 294
437 234
440 234
440 133
505 133
505 143
504 143
504 140
493 140
493 144
494 144
494 188
499 188
499 222
498 222
498 280
496 280
496 266
495 266
495 364
500 364
500 227
503 227
503 287
501 287
501 377
502 377
502 341
510 341
510 350
529 350
529 414
567 414
567 493
565 493
565 471
560 471
560 428
548 428
548 446
528 446
528 450
546 450
546 461
551 461
551 468
526 468
526 479
514 479
514 720
516 720
516 1083
518 1083
518 1146
513 1146
513 1101
512 1101
512 1159
530 1159
530 1171
626 1171
626 1170
697 1170
697 1125
714 1125
714 1119
562 1119
562 1114
721 1114
721 1113
707 1113
707 994
710 994
710 922
722 922
722 949
755 949
755 918
621 918
621 847
622 847
622 807
803 807
803 841
805 841
805 805
653 805
653 806
620 806
620 746
681 746
681 728
712 728
712 751
729 751
729 762
741 762
741 747
758 747
758 767
822 767
822 765
777 765
777 745
753 745
753 738
750 738
750 732
747 732
747 716
808 716
808 735
812 735
812 724
873 724
873 750
875 750
875 760
887 760
887 764
869 764
869 770
888 770
888 778
858 778
858 755
844 755
844 753
824 753
824 786
823 786
823 793
825 793
825 772
847 772
847 780
885 780
885 784
827 784
827 796
826 796
826 1061
828 1061
828 1200
833 1200
833 1208
845 1208
845 1192
837 1192
837 1134
832 1134
832 959
834 959
834 913
836 913
836 1029
840 1029
840 1024
842 1024
842 978
856 978
856 982
859 982
859 1000
870 1000
870 900
897 900
897 926
871 926
871 951
878 951
878 969
877 969
877 1033
872 1033
872 1047
882 1047
882 988
894 988
894 1042
890 1042
890 1097
883 1097
883 1120
884 1120
884 1154
893 1154
893 1149
886 1149
886 1100
891 1100
891 1069
895 1069
895 1131
900 1131
900 953
902 953
902 987
904 987
904 890
901 890
901 844
852 844
852 948
851 948
851 972
854 972
854 974
839 974
839 936
838 936
838 859
831 859
831 1137
835 1137
835 1184
829 1184
829 961
830 961
830 790
909 790
909 766
907 766
907 763
920 763
920 749
896 749
896 775
889 775
889 729
881 729
881 711
880 711
880 701
849 701
849 715
746 715
746 726
700 726
700 723
737 723
737 713
776 713
776 702
692 702
692 703
691 703
691 694
686 694
686 709
678 709
678 690
670 690
670 712
651 712
651 743
648 743
648 685
657 685
657 679
656 679
656 672
695 672
695 656
688 656
688 611
715 611
715 623
754 623
754 622
740 622
740 617
752 617
752 610
756 610
756 578
770 578
770 577
807 577
807 596
800 596
800 583
779 583
779 648
781 648
781 652
782 652
782 601
790 601
790 609
787 609
787 661
788 661
788 631
794 631
794 618
801 618
801 637
816 637
816 655
921 655
921 660
924 660
924 649
933 649
933 644
922 644
922 641
913 641
913 642
892 642
892 646
819 646
819 600
820 600
820 569
841 569
841 575
855 575
855 605
863 605
863 553
864 553
864 561
874 561
874 522
916 522
916 518
867 518
867 517
923 517
923 552
940 552
940 557
978 557
978 576
972 576
972 675
957 675
957 687
980 687
980 638
974 638
974 612
979 612
979 546
990 546
990 469
1020 469
1020 466
1029 466
1029 556
1031 556
1031 595
1041 595
1041 521
1040 521
1040 536
1039 536
1039 509
1044 509
1044 506
1084 506
1084 523
1071 523
1071 526
1083 526
1083 590
1072 590
1072 591
1088 591
1088 515
1128 515
1128 532
1124 532
1124 542
1120 542
1120 543
1133 543
1133 549
1216 549
1216 696
1209 696
1209 721
1150 721
1150 719
1117 719
1117 700
1086 700
1086 706
1104 706
1104 704
1105 704
1105 722
1217 722
1217 689
1227 689
1227 626
1225 626
1225 579
1247 579
1247 551
1221 551
1221 547
1197 547
1197 537
1161 537
1161 527
1201 527
1201 524
1130 524
1130 505
1075 505
1075 500
1198 500
1198 496
1219 496
1219 492
1074 492
1074 488
1032 488
1032 475
1079 475
1079 465
971 465
971 541
930 541
930 529
938 529
938 512
846 512
846 449
811 449
811 434
810 434
810 442
802 442
802 472
821 472
821 456
818 456
818 451
843 451
843 567
850 567
850 519
866 519
866 545
861 545
861 568
705 568
705 486
711 486
711 538
726 538
726 476
764 476
764 455
761 455
761 452
731 452
731 444
702 444
702 448
728 448
728 454
690 454
690 511
689 511
689 544
698 544
698 564
676 564
676 477
668 477
668 440
665 440
665 504
661 504
661 548
673 548
673 570
708 570
708 580
659 580
659 586
658 586
658 597
719 597
719 574
720 574
720 571
736 571
736 572
730 572
730 620
717 620
717 607
671 607
671 651
672 651
672 662
644 662
644 708
643 708
643 740
616 740
616 744
615 744
615 777
619 777
619 832
613 832
613 870
