2258
706 1
706 6
791 6
791 11
899 11
899 12
903 12
903 15
908 15
908 35
950 35
950 34
942 34
942 32
910 32
910 14
987 14
987 18
1013 18
1013 23
981 23
981 33
1094 33
1094 31
1151 31
1151 30
1204 30
1204 36
1211 36
1211 70
1192 70
1192 79
1189 79
1189 69
1087 69
1087 57
982 57
982 58
966 58
966 61
936 61
936 56
946 56
946 53
944 53
944 42
915 42
915 40
947 40
947 55
1034 55
1034 52
1030 52
1030 47
1026 47
1026 41
1009 41
1009 46
1015 46
1015 49
994 49
994 45
963 45
963 54
949 54
949 38
943 38
943 37
911 37
911 63
905 63
905 98
912 98
912 50
929 50
929 59
925 59
925 68
918 68
918 80
926 80
926 146
898 146
898 142
857 142
857 148
876 148
876 154
865 154
865 151
860 151
860 152
853 152
853 153
814 153
814 123
813 123
813 162
806 162
806 211
804 211
804 198
786 198
786 251
778 251
778 264
789 264
789 271
796 271
796 309
784 309
784 301
772 301
772 307
769 307
769 290
774 290
774 263
760 263
760 272
759 272
759 182
767 182
767 176
701 176
701 180
667 180
667 184
660 184
660 186
639 186
639 161
652 161
652 141
693 141
693 139
633 139
633 121
631 121
631 181
628 181
628 190
624 190
624 300
638 300
638 316
645 316
645 304
642 304
642 292
629 292
629 284
632 284
632 247
637 247
637 260
647 260
647 249
663 249
663 282
646 282
646 392
630 392
630 404
606 404
606 507
600 507
600 396
598 396
598 643
604 643
604 668
602 668
602 851
609 851
609 976
597 976
597 984
596 984
596 1025
601 1025
601 1046
603 1046
603 1021
610 1021
610 933
617 933
617 919
680 919
680 924
694 924
694 1077
699 1077
699 1107
614 1107
614 1104
635 1104
635 1098
612 1098
612 1091
593 1091
593 1092
585 1092
585 1110
559 1110
559 1081
544 1081
544 1123
571 1123
571 1128
684 1128
684 1129
623 1129
623 1138
687 1138
687 1169
547 1169
547 1158
522 1158
522 1071
520 1071
520 997
519 997
519 891
521 891
521 845
523 845
523 789
517 789
517 624
515 624
515 498
540 498
540 478
549 478
549 474
553 474
553 430
554 430
554 503
555 503
555 525
543 525
543 559
542 559
542 530
524 530
524 759
525 759
525 558
527 558
527 563
558 563
558 520
578 520
578 676
586 676
586 691
561 691
561 692
590 692
590 621
591 621
591 837
592 837
592 602
588 602
588 480
595 480
595 437
594 437
594 425
587 425
587 639
589 639
589 659
584 659
584 657
581 657
581 443
580 443
580 633
579 633
579 514
572 514
572 435
576 435
576 433
574 433
574 374
583 374
583 286
582 286
582 373
577 373
577 277
573 277
573 302
569 302
569 285
556 285
556 319
563 319
563 311
557 311
557 291
566 291
566 315
575 315
575 343
570 343
570 332
564 332
564 345
568 345
568 395
550 395
550 412
541 412
541 384
539 384
539 382
545 382
545 348
538 348
538 231
537 231
537 391
535 391
535 242
536 242
536 215
532 215
532 257
534 257
534 410
533 410
533 390
531 390
531 299
507 299
507 270
506 270
506 178
497 178
497 166
509 166
509 137
511 137
511 125
477 125
477 105
492 105
492 92
476 92
476 89
469 89
469 126
508 126
508 131
467 131
467 107
461 107
461 115
449 115
449 117
439 117
439 192
438 192
438 108
433 108
433 104
442 104
442 94
444 94
444 90
430 90
430 127
434 127
434 228
435 228
435 371
429 371
429 385
425 385
425 397
403 397
403 394
406 394
406 279
405 279
405 372
402 372
402 252
391 252
391 256
396 256
396 298
371 298
371 317
367 317
367 421
369 421
369 684
375 684
375 779
376 779
376 635
372 635
372 654
370 654
370 598
378 598
378 886
366 886
366 846
352 846
352 818
363 818
363 673
365 673
365 628
362 628
362 534
364 534
364 243
377 243
377 241
368 241
368 201
398 201
398 204
397 204
397 238
399 238
399 226
424 226
424 163
417 163
417 160
358 160
358 248
357 248
357 213
353 213
353 218
335 218
335 223
347 223
347 296
338 296
338 363
342 363
342 335
341 335
341 320
346 320
346 671
348 671
348 441
359 441
359 535
360 535
360 629
356 629
356 634
361 634
361 799
355 799
355 748
351 748
351 813
350 813
350 811
343 811
343 856
345 856
345 1048
340 1048
340 1072
344 1072
344 1136
339 1136
339 1177
336 1177
336 1181
354 1181
354 1132
349 1132
349 889
380 889
380 1167
392 1167
392 1174
394 1174
394 1166
445 1166
445 1163
421 1163
421 1118
418 1118
418 1068
423 1068
423 1051
419 1051
419 1018
420 1018
420 942
452 942
452 985
456 985
456 996
441 996
441 1017
447 1017
447 1041
446 1041
446 1054
453 1054
453 1089
448 1089
448 1188
450 1188
450 1121
451 1121
451 1176
454 1176
454 1088
455 1088
455 1220
460 1220
460 1225
428 1225
428 1219
381 1219
381 1216
416 1216
416 1209
337 1209
337 1222
321 1222
321 1226
306 1226
306 1160
319 1160
319 1201
314 1201
314 1207
320 1207
320 1148
318 1148
318 962
316 962
316 754
317 754
317 768
325 768
325 883
329 883
329 802
330 802
330 798
333 798
333 788
327 788
327 761
331 761
331 606
328 606
328 380
326 380
326 647
323 647
323 705
311 705
311 730
315 730
315 865
310 865
310 887
312 887
312 1151
286 1151
286 1150
302 1150
302 1124
282 1124
282 852
287 852
287 810
294 810
294 717
301 717
301 714
308 714
308 682
304 682
304 630
270 630
270 625
289 625
289 608
284 608
284 619
266 619
266 594
261 594
261 613
255 613
255 554
256 554
256 145
251 145
251 109
260 109
260 183
265 183
265 357
259 357
259 379
305 379
305 378
309 378
309 360
277 360
277 318
274 318
274 339
267 339
267 101
272 101
272 100
275 100
275 174
288 174
288 255
278 255
278 275
285 275
285 283
292 283
292 196
293 196
293 150
297 150
297 130
313 130
313 165
324 165
324 147
334 147
334 135
322 135
322 110
307 110
307 113
296 113
296 119
300 119
300 128
303 128
303 129
291 129
291 132
280 132
280 93
250 93
250 88
248 88
248 245
246 245
246 216
245 216
245 200
241 200
241 95
243 95
243 85
238 85
238 138
240 138
240 230
239 230
239 262
242 262
242 265
244 265
244 261
247 261
247 258
249 258
249 253
254 253
254 582
252 582
252 653
253 653
253 664
257 664
257 803
262 803
262 632
290 632
290 645
298 645
298 666
279 666
279 667
271 667
271 674
268 674
268 699
269 699
269 710
283 710
283 736
273 736
273 826
276 826
276 896
281 896
281 1195
264 1195
264 1211
295 1211
295 1217
299 1217
299 1230
332 1230
332 1227
466 1227
466 1095
468 1095
468 1145
470 1145
470 1039
465 1039
465 1045
463 1045
463 1031
459 1031
459 1019
458 1019
458 1044
462 1044
462 1115
457 1115
457 968
471 968
471 958
475 958
475 1063
472 1063
472 1172
473 1172
473 1112
478 1112
478 1076
480 1076
480 1221
485 1221
485 1236
258 1236
258 1238
464 1238
464 1241
214 1241
214 1246
43 1246
43 1233
88 1233
88 1196
117 1196
117 1212
147 1212
147 1228
144 1228
144 1229
154 1229
154 1178
164 1178
164 1173
78 1173
78 1152
60 1152
60 1191
57 1191
57 1194
45 1194
45 1164
27 1164
27 1155
31 1155
31 1122
15 1122
15 677
17 677
17 627
16 627
16 406
18 406
18 787
29 787
29 698
26 698
26 756
19 756
19 418
34 418
34 1053
37 1053
37 898
40 898
40 821
41 821
41 858
59 858
59 843
55 843
55 828
66 828
66 587
80 587
80 566
105 566
105 599
103 599
103 614
89 614
89 636
74 636
74 853
71 853
71 849
72 849
72 669
67 669
67 742
70 742
70 979
73 979
73 1035
150 1035
150 1040
173 1040
173 1007
174 1007
174 1023
186 1023
186 1009
199 1009
199 1006
170 1006
170 1015
136 1015
136 989
111 989
111 1016
128 1016
128 1030
86 1030
86 986
102 986
102 952
90 952
90 947
93 947
93 946
177 946
177 940
220 940
220 925
176 925
176 880
216 880
216 874
225 874
225 909
231 909
231 916
227 916
227 966
229 966
229 1215
232 1215
232 1231
228 1231
228 1206
224 1206
224 1239
236 1239
236 1205
237 1205
237 1168
230 1168
230 1109
234 1109
234 992
233 992
233 873
226 873
226 855
218 855
218 792
204 792
204 695
211 695
211 539
189 539
189 555
198 555
198 560
202 560
202 781
193 781
193 801
201 801
201 854
207 854
207 861
222 861
222 862
190 862
190 875
163 875
163 540
168 540
168 804
171 804
171 800
169 800
169 501
162 501
162 850
153 850
153 785
152 785
152 882
155 882
155 888
175 888
175 944
85 944
85 975
77 975
77 678
132 678
132 603
116 603
116 565
62 565
62 581
76 581
76 584
65 584
65 815
42 815
42 816
36 816
36 733
35 733
35 683
38 683
38 516
47 516
47 513
39 513
39 365
14 365
14 615
8 615
8 776
7 776
7 864
9 864
9 1093
10 1093
10 1133
21 1133
21 1144
24 1144
24 1189
20 1189
20 1199
64 1199
64 1161
68 1161
68 1223
84 1223
84 1232
11 1232
11 1242
1 1242
1 1247
56 1247
56 1249
221 1249
221 1244
263 1244
263 1243
487 1243
487 1235
490 1235
490 868
491 868
491 531
489 531
489 491
488 491
488 424
483 424
483 589
481 589
481 640
486 640
486 1204
482 1204
482 999
479 999
479 954
474 954
474 945
484 945
484 941
427 941
427 937
413 937
413 943
411 943
411 1052
409 1052
409 1064
412 1064
412 1062
414 1062
414 1126
415 1126
415 1153
408 1153
408 1156
407 1156
407 1143
401 1143
401 1139
393 1139
393 1085
404 1085
404 1066
385 1066
385 1034
384 1034
384 963
390 963
390 869
389 869
389 769
387 769
387 878
379 878
379 497
374 497
374 426
388 426
388 342
386 342
386 370
383 370
383 346
373 346
373 312
382 312
382 313
395 313
395 338
400 338
400 403
410 403
410 422
422 422
422 494
426 494
426 409
431 409
431 381
432 381
432 387
436 387
436 383
443 383
443 294
437 294
437 234
440 234
440 133
505 133
505 143
504 143
504 140
493 140
493 144
494 144
494 188
499 188
499 222
498 222
498 280
496 280
496 266
495 266
495 364
500 364
500 227
503 227
503 287
501 287
501 377
502 377
502 341
510 341
510 350
529 350
529 414
567 414
567 493
565 493
565 471
560 471
560 427
552 427
552 428
548 428
548 446
528 446
528 450
546 450
546 461
551 461
551 468
526 468
526 479
514 479
514 720
516 720
516 1083
518 1083
518 1146
513 1146
513 1101
512 1101
512 1159
530 1159
530 1171
626 1171
626 1170
697 1170
697 1125
714 1125
714 1119
562 1119
562 1114
721 1114
721 1113
707 1113
707 994
710 994
710 922
722 922
722 949
755 949
755 917
762 917
762 1105
745 1105
745 1079
743 1079
743 1084
744 1084
744 1103
727 1103
727 1108
785 1108
785 1090
780 1090
780 1082
775 1082
775 1070
763 1070
763 1050
766 1050
766 910
640 910
640 908
634 908
634 879
625 879
625 911
627 911
627 918
621 918
621 847
622 847
622 807
803 807
803 841
805 841
805 805
653 805
653 806
620 806
620 746
681 746
681 728
712 728
712 751
729 751
729 762
741 762
741 747
758 747
758 767
822 767
822 765
777 765
777 745
753 745
753 738
750 738
750 732
747 732
747 716
808 716
808 735
812 735
812 724
873 724
873 750
875 750
875 760
887 760
887 764
869 764
869 770
888 770
888 778
858 778
858 755
844 755
844 753
824 753
824 786
823 786
823 793
825 793
825 772
847 772
847 780
885 780
885 784
827 784
827 796
826 796
826 1061
828 1061
828 1200
833 1200
833 1208
845 1208
845 1192
837 1192
837 1134
832 1134
832 959
834 959
834 913
836 913
836 1029
840 1029
840 1024
842 1024
842 978
856 978
856 982
859 982
859 1000
870 1000
870 900
897 900
897 926
871 926
871 951
878 951
878 969
877 969
877 1033
872 1033
872 1047
882 1047
882 988
894 988
894 1042
890 1042
890 1097
883 1097
883 1120
884 1120
884 1154
893 1154
893 1149
886 1149
886 1100
891 1100
891 1069
895 1069
895 1131
900 1131
900 953
902 953
902 987
904 987
904 890
901 890
901 844
852 844
852 948
851 948
851 972
854 972
854 974
839 974
839 936
838 936
838 859
831 859
831 1137
835 1137
835 1184
829 1184
829 961
830 961
830 790
909 790
909 766
907 766
907 763
920 763
920 749
896 749
896 775
889 775
889 729
881 729
881 711
880 711
880 701
849 701
849 715
746 715
746 726
700 726
700 723
737 723
737 713
776 713
776 702
692 702
692 703
691 703
691 694
686 694
686 709
678 709
678 690
670 690
670 712
651 712
651 743
648 743
648 685
657 685
657 679
656 679
656 672
695 672
695 656
688 656
688 611
715 611
715 623
754 623
754 622
740 622
740 617
752 617
752 610
756 610
756 578
770 578
770 577
807 577
807 596
800 596
800 583
779 583
779 648
781 648
781 652
782 652
782 601
790 601
790 609
787 609
787 661
788 661
788 631
794 631
794 618
801 618
801 637
816 637
816 655
921 655
921 660
924 660
924 649
933 649
933 644
922 644
922 641
913 641
913 642
892 642
892 646
819 646
819 600
820 600
820 569
841 569
841 575
855 575
855 605
863 605
863 553
864 553
864 561
874 561
874 522
916 522
916 518
867 518
867 517
923 517
923 552
940 552
940 557
978 557
978 576
972 576
972 675
957 675
957 687
980 687
980 638
974 638
974 612
979 612
979 546
990 546
990 469
1020 469
1020 466
1029 466
1029 556
1031 556
1031 595
1041 595
1041 521
1040 521
1040 536
1039 536
1039 509
1044 509
1044 506
1084 506
1084 523
1071 523
1071 526
1083 526
1083 590
1072 590
1072 591
1088 591
1088 515
1128 515
1128 532
1124 532
1124 542
1120 542
1120 543
1133 543
1133 549
1216 549
1216 696
1209 696
1209 721
1150 721
1150 719
1117 719
1117 650
1115 650
1115 663
1062 663
1062 665
1102 665
1102 681
1096 681
1096 670
1093 670
1093 700
1086 700
1086 774
1085 774
1085 876
1082 876
1082 819
1068 819
1068 831
1078 831
1078 905
1090 905
1090 835
1091 835
1091 927
1168 927
1168 914
1181 914
1181 901
1157 901
1157 871
1123 871
1123 899
1109 899
1109 885
1119 885
1119 884
1110 884
1110 877
1101 877
1101 902
1145 902
1145 907
1138 907
1138 915
1127 915
1127 906
1114 906
1114 912
1092 912
1092 791
1100 791
1100 752
1089 752
1089 706
1104 706
1104 704
1105 704
1105 725
1143 725
1143 734
1195 734
1195 739
1177 739
1177 741
1180 741
1180 771
1183 771
1183 795
1210 795
1210 814
1205 814
1205 827
1203 827
1203 822
1187 822
1187 950
1202 950
1202 983
1206 983
1206 990
1193 990
1193 1011
1175 1011
1175 1004
1173 1004
1173 1058
1171 1058
1171 1002
1153 1002
1153 998
1132 998
1132 993
1136 993
1136 980
1135 980
1135 977
1095 977
1095 970
1111 970
1111 957
1056 957
1056 1197
1057 1197
1057 1237
1033 1237
1033 1214
1049 1214
1049 1198
1047 1198
1047 1087
1051 1087
1051 1008
1054 1008
1054 967
1055 967
1055 895
1050 895
1050 904
1052 904
1052 955
1048 955
1048 840
1053 840
1053 824
1012 824
1012 836
1007 836
1007 842
952 842
952 838
1003 838
1003 833
983 833
983 809
941 809
941 812
976 812
976 829
970 829
970 825
945 825
945 848
1021 848
1021 935
1010 935
1010 867
1006 867
1006 1020
1005 1020
1005 939
1002 939
1002 1073
1001 1073
1001 857
989 857
989 866
977 866
977 860
948 860
948 892
962 892
962 1049
958 1049
958 1027
951 1027
951 1057
964 1057
964 1060
965 1060
965 1157
953 1157
953 1179
954 1179
954 1203
956 1203
956 1213
959 1213
959 1210
961 1210
961 1182
960 1182
960 1175
973 1175
973 1135
969 1135
969 1130
968 1130
968 1056
967 1056
967 894
984 894
984 897
999 897
999 960
998 960
998 971
1000 971
1000 1067
993 1067
993 1117
997 1117
997 1147
996 1147
996 1185
1004 1185
1004 1080
1008 1080
1008 1086
1016 1086
1016 1032
1022 1032
1022 1038
1018 1038
1018 1141
1019 1141
1019 1127
1023 1127
1023 1055
1024 1055
1024 830
1046 830
1046 1028
1042 1028
1042 1037
1045 1037
1045 1190
1037 1190
1037 1186
1027 1186
1027 1187
1028 1187
1028 1240
992 1240
992 1234
986 1234
986 1248
985 1248
985 1250
988 1250
988 1245
1059 1245
1059 1102
1061 1102
1061 1036
1058 1036
1058 1003
1064 1003
1064 964
1065 964
1065 1142
1067 1142
1067 1183
1073 1183
1073 1180
1069 1180
1069 1043
1066 1043
1066 1022
1070 1022
1070 965
1077 965
1077 1026
1080 1026
1080 995
1121 995
1121 1013
1169 1013
1169 1059
1156 1059
1156 1074
1165 1074
1165 1096
1137 1096
1137 1162
1131 1162
1131 1193
1147 1193
1147 1116
1149 1116
1149 1111
1160 1111
1160 1099
1176 1099
1176 1012
1199 1012
1199 991
1213 991
1213 1001
1207 1001
1207 1014
1218 1014
1218 973
1224 973
1224 956
1226 956
1226 923
1215 923
1215 921
1230 921
1230 920
1191 920
1191 834
1194 834
1194 839
1220 839
1220 863
1222 863
1222 872
1232 872
1232 981
1239 981
1239 1010
1233 1010
1233 1075
1231 1075
1231 1140
1235 1140
1235 1106
1240 1106
1240 1005
1245 1005
1245 1078
1246 1078
1246 930
1244 930
1244 757
1243 757
1243 727
1242 727
1242 928
1241 928
1241 820
1238 820
1238 697
1228 697
1228 817
1223 817
1223 782
1208 782
1208 722
1217 722
1217 689
1227 689
1227 626
1225 626
1225 579
1247 579
1247 551
1221 551
1221 547
1197 547
1197 533
1184 533
1184 537
1161 537
1161 527
1201 527
1201 524
1130 524
1130 505
1075 505
1075 500
1198 500
1198 496
1219 496
1219 463
1178 463
1178 458
1152 458
1152 453
1106 453
1106 459
1170 459
1170 467
1172 467
1172 490
1126 490
1126 492
1074 492
1074 488
1032 488
1032 475
1043 475
1043 485
1060 485
1060 483
1097 483
1097 482
1079 482
1079 465
995 465
995 462
1017 462
1017 457
971 457
971 541
930 541
930 529
938 529
938 508
914 508
914 495
906 495
906 481
879 481
879 510
848 510
848 512
846 512
846 449
811 449
811 434
810 434
810 442
802 442
802 472
821 472
821 456
818 456
818 451
843 451
843 567
850 567
850 519
866 519
866 545
861 545
861 568
705 568
705 486
711 486
711 538
726 538
726 476
764 476
764 455
761 455
761 452
731 452
731 444
702 444
702 448
728 448
728 454
690 454
690 511
689 511
689 544
698 544
698 564
676 564
676 477
668 477
668 440
665 440
665 504
661 504
661 548
673 548
673 570
708 570
708 580
659 580
659 586
658 586
658 597
719 597
719 574
720 574
720 571
736 571
736 572
730 572
730 620
717 620
717 607
671 607
671 651
672 651
672 662
644 662
644 708
643 708
643 740
616 740
616 744
615 744
615 777
619 777
619 832
613 832
613 870
611 870
611 823
605 823
605 604
599 604
599 593
607 593
607 405
641 405
641 411
608 411
608 415
618 415
618 413
650 413
650 398
649 398
649 323
655 323
655 361
669 361
669 355
664 355
664 352
674 352
674 333
685 333
685 225
679 225
679 237
682 237
682 235
683 235
683 295
677 295
677 281
675 281
675 273
666 273
666 221
662 221
662 220
654 220
654 224
636 224
636 202
703 202
703 179
725 179
725 193
748 193
748 246
734 246
734 250
733 250
733 289
742 289
742 328
735 328
735 322
724 322
724 293
704 293
704 308
709 308
709 321
718 321
718 351
713 351
713 366
716 366
716 354
732 354
732 402
738 402
738 329
749 329
749 407
696 407
696 423
723 423
723 408
751 408
751 214
757 214
757 278
765 278
765 276
768 276
768 401
773 401
773 344
783 344
783 330
793 330
793 326
795 326
795 324
797 324
797 254
798 254
798 233
799 233
799 212
809 212
809 195
817 195
817 156
862 156
862 164
868 164
868 157
917 157
917 155
919 155
919 159
928 159
928 134
932 134
932 48
931 48
931 43
939 43
939 51
935 51
935 66
934 66
934 74
937 74
937 64
991 64
991 67
975 67
975 72
1011 72
1011 60
1063 60
1063 62
1038 62
1038 65
1014 65
1014 75
1035 75
1035 77
1076 77
1076 71
1081 71
1081 78
1103 78
1103 82
1107 82
1107 83
1113 83
1113 87
1118 87
1118 96
1116 96
1116 99
1112 99
1112 114
1125 114
1125 84
1129 84
1129 73
1162 73
1162 76
1186 76
1186 103
1188 103
1188 106
1140 106
1140 168
1139 168
1139 124
1134 124
1134 229
1141 229
1141 259
1148 259
1148 217
1155 217
1155 206
1144 206
1144 194
1146 194
1146 191
1142 191
1142 118
1158 118
1158 136
1167 136
1167 122
1182 122
1182 120
1163 120
1163 116
1159 116
1159 112
1179 112
1179 111
1196 111
1196 102
1249 102
1249 97
1190 97
1190 91
1237 91
1237 44
1248 44
1248 39
1250 39
1250 24
1236 24
1236 81
1234 81
1234 25
1229 25
1229 16
1185 16
1185 20
1174 20
1174 19
1166 19
1166 3
1164 3
1164 13
1154 13
1154 22
1200 22
1200 21
1214 21
1214 86
1212 86
1212 29
1122 29
1122 26
1108 26
1108 17
1099 17
1099 27
1098 27
1098 28
1025 28
1025 10
1036 10
1036 8
955 8
955 7
927 7
927 9
792 9
792 5
771 5
771 4
739 4
739 2
815 2
815 1
