188
8 4
8 10
6 10
6 17
31 17
31 25
9 25
9 33
3 33
3 53
4 53
4 54
1 54
1 71
2 71
2 68
5 68
5 45
10 45
10 46
12 46
12 40
13 40
13 47
24 47
24 57
14 57
14 91
18 91
18 78
26 78
26 41
20 41
20 37
42 37
42 36
19 36
19 35
11 35
11 30
17 30
17 32
37 32
37 27
41 27
41 18
39 18
39 16
15 16
15 12
16 12
16 9
25 9
25 8
51 8
51 11
64 11
64 22
63 22
63 23
60 23
60 67
62 67
62 73
59 73
59 76
57 76
57 82
58 82
58 90
61 90
61 87
73 87
73 93
54 93
54 86
55 86
55 44
53 44
53 38
50 38
50 42
45 42
45 48
52 48
52 69
49 69
49 81
48 81
48 75
47 75
47 50
40 50
40 52
32 52
32 64
36 64
36 70
33 70
33 77
38 77
38 79
34 79
34 84
30 84
30 94
29 94
29 88
28 88
28 95
56 95
56 96
91 96
91 97
89 97
89 98
70 98
70 100
81 100
81 99
95 99
95 92
97 92
97 83
96 83
96 60
100 60
100 58
99 58
99 51
92 51
92 43
90 43
90 61
94 61
94 62
88 62
88 65
93 65
93 74
87 74
87 89
76 89
76 39
77 39
77 59
82 59
82 56
83 56
83 55
78 55
78 34
74 34
74 31
86 31
86 21
98 21
98 20
80 20
80 29
79 29
79 26
72 26
72 49
71 49
71 72
69 72
69 80
75 80
75 85
67 85
67 66
66 66
66 63
65 63
65 28
68 28
68 13
84 13
84 14
85 14
85 6
44 6
44 7
21 7
21 5
43 5
43 4
