98
8 7
8 10
6 10
6 17
31 17
31 25
9 25
9 33
3 33
3 53
4 53
4 54
1 54
1 71
2 71
2 68
5 68
5 45
10 45
10 46
12 46
12 40
13 40
13 47
24 47
24 57
14 57
14 91
18 91
18 78
26 78
26 41
20 41
20 37
42 37
42 36
19 36
19 35
11 35
11 30
17 30
17 32
37 32
37 27
41 27
41 18
39 18
39 16
15 16
15 12
16 12
16 9
25 9
25 8
51 8
51 11
64 11
64 22
63 22
63 23
60 23
60 67
62 67
62 73
59 73
59 76
57 76
57 82
58 82
58 90
61 90
61 87
73 87
73 93
54 93
54 86
55 86
55 81
34 81
34 84
30 84
30 94
95 94
95 92
97 92
97 89
76 89
76 85
67 85
67 66
66 66
66 63
65 63
65 28
68 28
68 13
85 13
85 7
