438
8 138
8 135
1 135
1 193
3 193
3 195
4 195
4 148
7 148
7 162
14 162
14 169
5 169
5 212
2 212
2 228
13 228
13 222
17 222
17 245
25 245
25 242
38 242
38 235
41 235
41 249
65 249
65 239
66 239
66 238
70 238
70 240
112 240
112 250
167 250
167 237
164 237
164 236
162 236
162 247
160 247
160 248
149 248
149 246
150 246
150 244
132 244
132 243
133 243
133 241
137 241
137 234
74 234
74 232
135 232
135 220
239 220
239 216
122 216
122 211
117 211
117 199
97 199
97 198
165 198
165 201
166 201
166 203
159 203
159 206
186 206
186 202
188 202
188 204
190 204
190 207
208 207
208 200
216 200
216 197
110 197
110 194
194 194
194 190
247 190
247 184
238 184
238 177
250 177
250 165
245 165
245 158
206 158
206 133
226 133
226 139
224 139
224 146
221 146
221 153
229 153
229 143
230 143
230 113
243 113
243 91
235 91
235 109
222 109
222 105
223 105
223 97
212 97
212 87
217 87
217 83
220 83
220 79
218 79
218 61
225 61
225 59
227 59
227 78
233 78
233 54
244 54
244 48
240 48
240 34
242 34
242 42
248 42
248 30
249 30
249 22
246 22
246 29
241 29
241 31
231 31
231 47
146 47
146 43
187 43
187 39
193 39
193 27
192 27
192 35
151 35
151 40
140 40
140 51
207 51
207 50
237 50
237 53
234 53
234 52
228 52
228 56
177 56
177 68
179 68
179 103
180 103
180 110
182 110
182 70
183 70
183 128
178 128
178 112
176 112
176 151
173 151
173 147
171 147
171 111
175 111
175 108
174 108
174 102
172 102
172 98
169 98
169 55
168 55
168 76
163 76
163 94
157 94
157 101
156 101
156 96
154 96
154 84
136 84
136 95
138 95
138 164
141 164
141 181
142 181
142 93
148 93
148 104
153 104
153 115
161 115
161 123
147 123
147 117
143 117
143 131
144 131
144 152
181 152
181 155
184 155
184 136
185 136
185 75
191 75
191 67
189 67
189 62
197 62
197 57
215 57
215 81
210 81
210 107
214 107
214 121
209 121
209 125
205 125
205 77
204 77
204 72
202 72
202 63
198 63
198 65
196 65
196 89
195 89
195 134
200 134
200 130
199 130
199 126
201 126
201 173
213 173
213 163
203 163
203 161
211 161
211 160
219 160
219 180
236 180
236 189
170 189
170 182
128 182
128 178
130 178
130 170
103 170
103 174
114 174
114 183
98 183
98 187
77 187
77 185
63 185
63 58
62 58
62 25
55 25
55 11
60 11
60 6
102 6
102 12
76 12
76 16
75 16
75 28
79 28
79 36
78 36
78 82
72 82
72 86
83 86
83 116
68 116
68 100
64 100
64 142
69 142
69 141
81 141
81 140
88 140
88 144
91 144
91 137
94 137
94 159
96 159
96 127
90 127
90 132
71 132
71 124
106 124
106 90
127 90
127 73
116 73
116 80
104 80
104 122
67 122
67 119
86 119
86 120
100 120
100 114
89 114
89 118
87 118
87 92
93 92
93 74
80 74
80 33
82 33
82 32
85 32
85 23
84 23
84 13
107 13
107 15
118 15
118 10
119 10
119 7
123 7
123 9
129 9
129 8
126 8
126 5
121 5
121 4
49 4
49 41
50 41
50 71
56 71
56 99
57 99
57 88
58 88
58 60
59 60
59 129
47 129
47 145
51 145
51 149
61 149
61 168
54 168
54 156
45 156
45 66
48 66
48 37
46 37
46 26
44 26
44 171
53 171
53 188
52 188
52 191
120 191
120 176
124 176
124 175
125 175
125 186
158 186
158 192
95 192
95 205
101 205
101 213
105 213
105 208
111 208
111 209
115 209
115 224
113 224
113 226
134 226
134 227
131 227
131 230
33 230
33 231
73 231
73 233
23 233
23 229
19 229
19 219
18 219
18 218
11 218
11 217
12 217
12 196
6 196
6 172
22 172
22 138
