186
8 138
8 135
1 135
1 193
3 193
3 195
4 195
4 148
7 148
7 162
14 162
14 169
5 169
5 212
2 212
2 228
13 228
13 222
17 222
17 245
25 245
25 242
38 242
38 235
41 235
41 249
65 249
65 239
66 239
66 238
70 238
70 240
112 240
112 250
167 250
167 237
164 237
164 236
162 236
162 247
160 247
160 248
149 248
149 246
150 246
150 244
132 244
132 243
133 243
133 241
137 241
137 234
74 234
74 232
135 232
135 220
239 220
239 216
122 216
122 211
117 211
117 199
97 199
97 198
165 198
165 201
166 201
166 203
159 203
159 206
186 206
186 202
188 202
188 204
190 204
190 207
208 207
208 200
216 200
216 197
110 197
110 194
194 194
194 190
247 190
247 184
238 184
238 177
250 177
250 165
245 165
245 158
206 158
206 133
226 133
226 139
224 139
224 146
221 146
221 153
229 153
229 143
230 143
230 113
243 113
243 91
235 91
235 109
222 109
222 105
223 105
223 97
212 97
212 87
217 87
217 83
220 83
220 79
218 79
218 61
225 61
225 59
227 59
227 78
233 78
233 56
177 56
177 62
197 62
197 57
215 57
215 81
210 81
210 107
214 107
214 121
209 121
209 125
195 125
195 134
200 134
200 130
199 130
199 126
201 126
201 160
219 160
219 180
236 180
236 189
158 189
158 192
95 192
95 205
101 205
101 213
105 213
105 208
111 208
111 209
115 209
115 224
113 224
113 226
134 226
134 227
131 227
131 230
33 230
33 231
73 231
73 233
23 233
23 229
19 229
19 219
18 219
18 218
11 218
11 217
12 217
12 196
6 196
6 172
22 172
22 138
