246
10 642
10 673
11 673
11 735
3 735
3 688
1 688
1 755
6 755
6 799
13 799
13 693
14 693
14 658
16 658
16 772
25 772
25 744
19 744
19 674
29 674
29 775
30 775
30 957
27 957
27 908
23 908
23 885
18 885
18 924
7 924
7 1030
2 1030
2 1156
43 1156
43 1158
41 1158
41 1160
48 1160
48 1120
49 1120
49 1070
59 1070
59 1089
51 1089
51 1148
58 1148
58 1153
60 1153
60 1179
61 1179
61 862
62 862
62 1077
63 1077
63 1151
64 1151
64 1187
90 1187
90 1132
88 1132
88 1123
93 1123
93 1163
98 1163
98 743
102 743
102 779
103 779
103 817
108 817
108 829
105 829
105 970
107 970
107 1093
110 1093
110 1165
120 1165
120 1161
115 1161
115 1110
114 1110
114 1083
113 1083
113 963
121 963
121 1057
122 1057
122 1119
126 1119
126 1172
132 1172
132 1113
134 1113
134 1078
130 1078
130 1019
127 1019
127 914
128 914
128 877
125 877
125 941
118 941
118 884
124 884
124 784
155 784
155 839
188 839
188 973
187 973
187 1140
186 1140
186 1211
189 1211
189 1029
191 1029
191 1090
193 1090
193 1219
197 1219
197 1194
202 1194
202 1230
205 1230
205 1231
210 1231
210 1236
131 1236
131 1234
99 1234
99 1237
70 1237
70 1247
76 1247
76 1248
50 1248
50 1250
87 1250
87 1249
142 1249
142 1246
75 1246
75 1245
198 1245
198 1243
164 1243
164 1244
79 1244
79 1239
100 1239
100 1238
211 1238
211 1235
213 1235
213 1220
207 1220
207 1216
208 1216
208 1212
203 1212
203 1188
195 1188
195 1144
200 1144
200 983
201 983
201 966
190 966
190 851
255 851
255 837
158 837
158 806
157 806
157 797
168 797
168 789
176 789
176 781
117 781
117 827
112 827
112 802
104 802
104 747
144 747
144 746
116 746
116 742
96 742
96 758
95 758
95 960
94 960
94 1020
97 1020
97 1088
82 1088
82 1174
83 1174
83 1178
77 1178
77 1155
65 1155
65 995
67 995
67 876
66 876
66 830
55 830
55 981
53 981
53 996
56 996
56 1016
46 1016
46 1035
44 1035
44 1124
45 1124
45 1136
42 1136
42 1143
15 1143
15 1149
39 1149
39 1152
12 1152
12 1150
8 1150
8 942
20 942
20 902
22 902
22 915
26 915
26 936
21 936
21 976
32 976
32 718
35 718
35 642
