1096
1001 485
1001 478
1024 478
1024 442
1002 442
1002 412
962 412
962 396
970 396
970 394
779 394
779 417
829 417
829 423
584 423
584 424
369 424
369 428
421 428
421 434
192 434
192 438
153 438
153 516
152 516
152 518
138 518
138 595
129 595
129 588
34 588
34 529
28 529
28 557
17 557
17 571
5 571
5 575
4 575
4 642
10 642
10 673
11 673
11 735
3 735
3 688
1 688
1 755
6 755
6 799
13 799
13 693
14 693
14 658
16 658
16 772
25 772
25 744
19 744
19 674
29 674
29 775
30 775
30 957
27 957
27 908
23 908
23 885
18 885
18 924
7 924
7 1030
2 1030
2 1156
43 1156
43 1158
41 1158
41 1160
48 1160
48 1120
49 1120
49 1070
59 1070
59 1089
51 1089
51 1148
58 1148
58 1153
60 1153
60 1179
61 1179
61 862
62 862
62 1077
63 1077
63 1151
64 1151
64 1187
90 1187
90 1132
88 1132
88 1123
93 1123
93 1163
98 1163
98 743
102 743
102 779
103 779
103 817
108 817
108 829
105 829
105 970
107 970
107 1093
110 1093
110 1165
120 1165
120 1161
115 1161
115 1110
114 1110
114 1083
113 1083
113 963
121 963
121 1057
122 1057
122 1119
126 1119
126 1172
132 1172
132 1113
134 1113
134 1078
130 1078
130 1019
127 1019
127 914
128 914
128 877
125 877
125 941
118 941
118 884
124 884
124 784
155 784
155 839
188 839
188 973
187 973
187 1140
186 1140
186 1211
189 1211
189 1029
191 1029
191 1090
193 1090
193 1219
197 1219
197 1194
202 1194
202 1230
205 1230
205 1231
210 1231
210 1236
131 1236
131 1234
99 1234
99 1237
70 1237
70 1247
76 1247
76 1248
50 1248
50 1250
87 1250
87 1249
142 1249
142 1246
75 1246
75 1245
198 1245
198 1242
169 1242
169 1241
135 1241
135 1243
164 1243
164 1244
79 1244
79 1239
92 1239
92 1240
100 1240
100 1238
211 1238
211 1235
213 1235
213 1220
207 1220
207 1216
208 1216
208 1182
209 1182
209 1170
206 1170
206 1212
203 1212
203 1188
195 1188
195 1144
196 1144
196 1168
199 1168
199 1164
200 1164
200 983
201 983
201 962
194 962
194 966
190 966
190 851
237 851
237 855
227 855
227 854
221 854
221 899
229 899
229 878
222 878
222 859
244 859
244 867
243 867
243 938
226 938
226 979
220 979
220 991
217 991
217 1139
215 1139
215 1189
216 1189
216 1205
218 1205
218 1210
219 1210
219 992
223 992
223 1004
224 1004
224 1217
258 1217
258 1228
261 1228
261 1208
279 1208
279 1207
298 1207
298 1215
303 1215
303 1213
308 1213
308 1199
322 1199
322 1184
321 1184
321 1154
320 1154
320 1175
286 1175
286 1192
274 1192
274 1169
275 1169
275 978
273 978
273 972
290 972
290 982
296 982
296 1051
301 1051
301 1100
309 1100
309 1122
312 1122
312 1058
313 1058
313 986
315 986
315 864
314 864
314 954
310 954
310 1091
305 1091
305 1001
304 1001
304 904
299 904
299 752
306 752
306 748
323 748
323 745
287 745
287 753
291 753
291 754
292 754
292 795
294 795
294 815
295 815
295 946
285 946
285 961
260 961
260 887
281 887
281 843
284 843
284 734
282 734
282 750
276 750
276 770
277 770
277 874
278 874
278 819
280 819
280 880
266 880
266 883
263 883
263 868
259 868
259 999
262 999
262 1059
264 1059
264 1041
267 1041
267 968
283 968
283 971
271 971
271 1072
270 1072
270 1116
272 1116
272 1201
297 1201
297 1203
268 1203
268 1204
302 1204
302 1206
256 1206
256 1200
265 1200
265 1196
242 1196
242 1209
240 1209
240 1195
238 1195
238 1191
225 1191
225 1109
234 1109
234 1103
228 1103
228 967
246 967
246 895
249 895
249 964
255 964
255 833
251 833
251 835
231 835
231 837
158 837
158 806
157 806
157 797
168 797
168 789
176 789
176 749
174 749
174 733
173 733
173 781
163 781
163 769
170 769
170 691
167 691
167 739
166 739
166 740
151 740
151 757
159 757
159 759
145 759
145 778
133 778
133 760
117 760
117 827
112 827
112 796
111 796
111 802
104 802
104 747
144 747
144 741
139 741
139 746
116 746
116 742
96 742
96 758
95 758
95 960
94 960
94 1020
97 1020
97 1088
89 1088
89 1049
85 1049
85 1042
82 1042
82 1174
83 1174
83 1178
77 1178
77 1108
73 1108
73 1084
69 1084
69 1121
71 1121
71 1138
72 1138
72 1133
74 1133
74 1155
65 1155
65 995
67 995
67 876
66 876
66 830
55 830
55 981
53 981
53 996
56 996
56 1016
46 1016
46 1035
44 1035
44 1124
45 1124
45 1136
42 1136
42 1143
15 1143
15 1149
39 1149
39 1152
12 1152
12 1150
8 1150
8 942
20 942
20 902
22 902
22 915
26 915
26 936
21 936
21 977
38 977
38 689
36 689
36 976
32 976
32 718
35 718
35 624
9 624
9 623
24 623
24 608
31 608
31 533
33 533
33 613
37 613
37 605
52 605
52 599
80 599
80 633
81 633
81 619
101 619
101 643
154 643
154 632
180 632
180 594
181 594
181 648
184 648
184 655
183 655
183 672
172 672
172 675
106 675
106 681
84 681
84 684
171 684
171 680
109 680
109 677
123 677
123 676
185 676
185 511
182 511
182 570
177 570
177 620
165 620
165 616
175 616
175 592
149 592
149 591
146 591
146 617
86 617
86 596
140 596
140 519
156 519
156 517
162 517
162 445
179 445
179 450
288 450
288 449
541 449
541 452
404 452
404 458
641 458
641 460
685 460
685 459
697 459
697 461
428 461
428 462
634 462
634 463
824 463
824 464
860 464
860 451
775 451
775 453
747 453
747 448
704 448
704 454
655 454
655 455
594 455
594 447
250 447
250 446
212 446
212 437
307 437
307 436
463 436
463 430
499 430
499 439
356 439
356 440
351 440
351 443
376 443
376 441
586 441
586 435
546 435
546 431
509 431
509 426
882 426
882 406
826 406
826 395
960 395
960 471
976 471
976 488
947 488
947 474
855 474
855 487
804 487
804 473
778 473
778 465
623 465
623 467
326 467
326 468
603 468
603 469
324 469
324 466
257 466
257 470
563 470
563 472
359 472
359 477
232 477
232 480
269 480
269 483
319 483
319 479
734 479
734 476
802 476
802 489
766 489
766 491
872 491
872 481
916 481
916 494
817 494
817 493
772 493
772 577
771 577
771 609
789 609
789 612
735 612
735 621
793 621
793 664
733 664
733 652
721 652
721 665
666 665
666 660
677 660
677 627
665 627
665 593
692 593
692 562
678 562
678 539
648 539
648 549
664 549
664 566
625 566
625 552
525 552
525 543
524 543
524 541
489 541
489 537
649 537
649 534
615 534
615 522
628 522
628 521
606 521
606 536
516 536
516 528
460 528
460 530
453 530
453 597
452 597
452 637
450 637
450 659
565 659
565 694
506 694
506 699
495 699
495 697
384 697
384 666
387 666
387 513
378 513
378 641
360 641
360 670
381 670
381 700
339 700
339 702
409 702
409 701
569 701
569 698
718 698
718 709
748 709
748 721
709 721
709 713
573 713
573 719
551 719
551 716
564 716
564 705
346 705
346 708
367 708
367 707
438 707
438 710
490 710
490 711
548 711
548 712
522 712
522 715
482 715
482 720
691 720
691 722
596 722
596 728
612 728
612 723
713 723
713 726
663 726
663 727
750 727
750 724
752 724
752 695
597 695
597 690
566 690
566 687
577 687
577 657
575 657
575 656
457 656
457 601
471 601
471 568
476 568
476 563
479 563
479 626
480 626
480 587
488 587
488 603
497 603
497 590
518 590
518 565
508 565
508 584
493 584
493 574
486 574
486 558
494 558
494 556
591 556
591 560
611 560
611 567
687 567
687 572
561 572
561 573
579 573
579 602
582 602
582 615
608 615
608 614
613 614
613 610
599 610
599 604
587 604
587 578
660 578
660 618
652 618
652 629
671 629
671 650
667 650
667 639
662 639
662 667
807 667
807 668
644 668
644 644
609 644
609 649
626 649
626 663
642 663
642 669
726 669
726 671
739 671
739 682
801 682
801 683
812 683
812 686
818 686
818 561
825 561
825 580
820 580
820 636
823 636
823 634
961 634
961 631
835 631
835 546
881 546
881 550
919 550
919 526
923 526
923 545
934 545
934 523
925 523
925 520
841 520
841 525
857 525
857 544
846 544
846 542
799 542
799 606
784 606
784 598
777 598
777 496
813 496
813 505
862 505
862 502
996 502
996 512
991 512
991 515
1041 515
1041 514
1076 514
1076 527
1031 527
1031 554
1037 554
1037 559
1028 559
1028 611
1021 611
1021 579
1020 579
1020 600
1015 600
1015 607
1013 607
1013 622
972 622
972 651
973 651
973 654
986 654
986 696
993 696
993 832
1092 832
1092 836
1027 836
1027 834
992 834
992 898
983 898
983 912
982 912
982 812
965 812
965 814
969 814
969 841
979 841
979 934
964 934
964 927
556 927
556 931
478 931
478 925
472 925
472 923
402 923
402 919
406 919
406 920
640 920
640 917
659 917
659 916
720 916
720 909
715 909
715 894
899 894
899 889
900 889
900 906
901 906
901 875
897 875
897 888
673 888
673 890
668 890
668 901
574 901
574 911
583 911
583 913
593 913
593 918
416 918
416 900
362 900
362 879
365 879
365 791
364 791
364 794
355 794
355 905
386 905
386 951
383 951
383 1007
393 1007
393 1073
401 1073
401 1087
411 1087
411 1111
371 1111
371 1128
414 1128
414 1067
396 1067
396 1006
547 1006
547 1005
507 1005
507 1002
487 1002
487 998
388 998
388 922
394 922
394 903
398 903
398 926
413 926
413 928
455 928
455 933
585 933
585 929
898 929
898 930
963 930
963 935
998 935
998 907
1000 907
1000 870
999 870
999 847
1034 847
1034 846
1087 846
1087 845
1056 845
1056 844
1122 844
1122 831
1049 831
1049 828
1033 828
1033 823
1014 823
1014 786
1069 786
1069 782
1115 782
1115 776
1019 776
1019 714
1016 714
1016 685
1022 685
1022 645
1082 645
1082 640
978 640
978 628
1038 628
1038 569
1051 569
1051 553
1063 553
1063 551
1043 551
1043 540
1053 540
1053 538
1103 538
1103 532
1083 532
1083 504
1010 504
1010 498
944 498
944 497
926 497
926 492
994 492
994 486
1134 486
1134 485
