932
7 185
7 210
5 210
5 323
9 323
9 443
4 443
4 466
11 466
11 554
3 554
3 524
1 524
1 582
18 582
18 501
19 501
19 512
21 512
21 450
23 450
23 464
35 464
35 475
34 475
34 473
26 473
26 478
24 478
24 539
27 539
27 496
30 496
30 555
32 555
32 499
36 499
36 472
41 472
41 559
47 559
47 516
45 516
45 510
44 510
44 490
43 490
43 477
46 477
46 439
38 439
38 438
29 438
29 451
33 451
33 452
28 452
28 404
39 404
39 363
42 363
42 297
40 297
40 322
25 322
25 331
37 331
37 382
31 382
31 397
22 397
22 387
20 387
20 454
14 454
14 372
16 372
16 306
6 306
6 296
8 296
8 198
10 198
10 268
12 268
12 295
13 295
13 201
15 201
15 186
157 186
157 194
132 194
132 195
136 195
136 206
151 206
151 208
158 208
158 219
164 219
164 215
243 215
243 218
247 218
247 259
253 259
253 257
306 257
306 261
291 261
291 275
304 275
304 280
289 280
289 286
299 286
299 288
482 288
482 285
524 285
524 251
562 251
562 289
551 289
551 305
571 305
571 256
577 256
577 309
563 309
563 310
454 310
454 324
475 324
475 326
430 326
430 312
428 312
428 328
440 328
440 329
459 329
459 334
62 334
62 343
55 343
55 440
60 440
60 474
68 474
68 436
67 436
67 415
79 415
79 417
99 417
99 485
77 485
77 526
80 526
80 538
75 538
75 460
69 460
69 637
70 637
70 669
66 669
66 665
58 665
58 720
61 720
61 730
54 730
54 741
72 741
72 805
63 805
63 830
88 830
88 772
74 772
74 726
65 726
65 681
71 681
71 648
82 648
82 623
76 623
76 556
85 556
85 514
83 514
83 506
81 506
81 492
97 492
97 570
93 570
93 629
90 629
90 1007
91 1007
91 738
103 738
103 968
104 968
104 695
113 695
113 696
120 696
120 748
119 748
119 731
107 731
107 735
106 735
106 891
110 891
110 827
115 827
115 790
122 790
122 768
127 768
127 686
124 686
124 642
196 642
196 651
197 651
197 614
208 614
208 680
201 680
201 661
140 661
140 662
172 662
172 663
199 663
199 675
160 675
160 685
186 685
186 679
190 679
190 691
205 691
205 761
173 761
173 971
165 971
165 746
159 746
159 975
169 975
169 1008
178 1008
178 1114
187 1114
187 1110
184 1110
184 1072
194 1072
194 1033
204 1033
204 1025
207 1025
207 1032
224 1032
224 1019
239 1019
239 1155
256 1155
256 1186
252 1186
252 1212
258 1212
258 1225
262 1225
262 1228
263 1228
263 1229
269 1229
269 1250
270 1250
270 1244
273 1244
273 1220
264 1220
264 1146
241 1146
241 1127
246 1127
246 1016
225 1016
225 1015
209 1015
209 1014
181 1014
181 1001
176 1001
176 966
175 966
175 910
177 910
177 763
191 763
191 793
217 793
217 749
213 749
213 704
211 704
211 627
218 627
218 641
219 641
219 656
215 656
215 683
226 683
226 699
220 699
220 934
236 934
236 924
259 924
259 908
267 908
267 870
286 870
286 877
274 877
274 996
275 996
275 1038
277 1038
277 940
283 940
283 985
287 985
287 945
284 945
284 936
305 936
305 1156
307 1156
307 1163
294 1163
294 1139
290 1139
290 1172
316 1172
316 1177
335 1177
335 1167
343 1167
343 1150
334 1150
334 1147
315 1147
315 1143
338 1143
338 1129
310 1129
310 949
321 949
321 1119
323 1119
323 1099
329 1099
329 1031
325 1031
325 1075
324 1075
324 958
337 958
337 938
346 938
346 983
344 983
344 1063
364 1063
364 1067
355 1067
355 1109
390 1109
390 1108
382 1108
382 1104
447 1104
447 1137
448 1137
448 1111
452 1111
452 1044
451 1044
451 1035
466 1035
466 1057
471 1057
471 1061
461 1061
461 1065
480 1065
480 1135
474 1135
474 1071
473 1071
473 1171
431 1171
431 1157
385 1157
385 1151
377 1151
377 1226
432 1226
432 1240
523 1240
523 1241
533 1241
533 1223
535 1223
535 1231
541 1231
541 1227
540 1227
540 1206
534 1206
534 1168
537 1168
537 1170
560 1170
560 1164
585 1164
585 1180
568 1180
568 1173
566 1173
566 1197
581 1197
581 1200
584 1200
584 1234
826 1234
826 1236
808 1236
808 1249
835 1249
835 1243
836 1243
836 1247
837 1247
837 1214
824 1214
824 1208
713 1208
713 1203
761 1203
761 1131
766 1131
766 1166
774 1166
774 1136
788 1136
788 1130
892 1130
892 1128
888 1128
888 1121
841 1121
841 1126
752 1126
752 1175
755 1175
755 1196
691 1196
691 1132
611 1132
611 1138
668 1138
668 1141
669 1141
669 1134
676 1134
676 1161
683 1161
683 1201
699 1201
699 1202
693 1202
693 1215
789 1215
789 1217
832 1217
832 1232
834 1232
834 1237
829 1237
829 1233
587 1233
587 1182
588 1182
588 1158
590 1158
590 1149
546 1149
546 1148
526 1148
526 1142
521 1142
521 1116
520 1116
520 1145
516 1145
516 1235
517 1235
517 1152
544 1152
544 1153
528 1153
528 1154
550 1154
550 1160
580 1160
580 1162
530 1162
530 1230
522 1230
522 1239
493 1239
493 1238
508 1238
508 1190
507 1190
507 1193
504 1193
504 1221
491 1221
491 1222
380 1222
380 1218
387 1218
387 1209
384 1209
384 1181
422 1181
422 1184
406 1184
406 1188
416 1188
416 1185
433 1185
433 1207
450 1207
450 1189
479 1189
479 1178
485 1178
485 1169
484 1169
484 1101
487 1101
487 1062
476 1062
476 1024
483 1024
483 1012
472 1012
472 1006
453 1006
453 801
446 801
446 860
444 860
444 982
449 982
449 1089
429 1089
429 1083
418 1083
418 1066
392 1066
392 1079
404 1079
404 1093
435 1093
435 1103
411 1103
411 1095
373 1095
373 1088
391 1088
391 1087
358 1087
358 1076
366 1076
366 1058
402 1058
402 903
412 903
412 1013
414 1013
414 1003
426 1003
426 935
423 935
423 838
386 838
386 795
379 795
379 837
375 837
375 854
363 854
363 858
359 858
359 876
378 876
378 888
388 888
388 911
401 911
401 1027
399 1027
399 1023
397 1023
397 1017
395 1017
395 1048
347 1048
347 1018
348 1018
348 915
311 915
311 925
300 925
300 892
308 892
308 856
288 856
288 862
240 862
240 880
222 880
222 852
228 852
228 848
234 848
234 847
272 847
272 825
285 825
285 839
297 839
297 841
302 841
302 815
322 815
322 799
327 799
327 778
328 778
328 770
331 770
331 710
356 710
356 723
420 723
420 712
417 712
417 703
506 703
506 693
408 693
408 707
407 707
407 722
383 722
383 709
320 709
320 781
309 781
309 806
298 806
298 728
295 728
295 716
293 716
293 725
279 725
279 779
292 779
292 776
296 776
296 819
260 819
260 843
250 843
250 808
244 808
244 824
227 824
227 606
221 606
221 579
148 579
148 580
195 580
195 602
144 602
144 622
139 622
139 612
130 612
130 563
129 563
129 583
125 583
125 632
183 632
183 631
150 631
150 618
171 618
171 603
193 603
193 640
118 640
118 659
112 659
112 664
94 664
94 610
98 610
98 617
102 617
102 376
101 376
101 390
100 390
100 403
96 403
96 408
64 408
64 405
56 405
56 366
114 366
114 365
137 365
137 362
135 362
135 358
212 358
212 355
198 355
198 351
276 351
276 345
179 345
179 347
109 347
109 342
111 342
111 344
268 344
268 337
95 337
95 361
89 361
89 336
257 336
257 335
545 335
545 338
532 338
532 339
319 339
319 370
354 370
354 360
345 360
345 352
326 352
326 340
494 340
494 353
462 353
462 349
445 349
445 356
405 356
405 357
368 357
368 369
413 369
413 359
527 359
527 348
554 348
554 332
552 332
552 333
539 333
539 325
596 325
596 330
600 330
600 392
603 392
603 479
599 479
599 414
598 414
598 468
591 468
591 535
628 535
628 509
631 509
631 488
633 488
633 568
634 568
634 459
643 459
643 469
648 469
648 463
658 463
658 517
638 517
638 521
655 521
655 549
664 549
664 562
725 562
725 530
771 530
771 540
784 540
784 533
785 533
785 484
825 484
825 476
714 476
714 480
822 480
822 481
782 481
782 491
780 491
780 528
717 528
717 560
688 560
688 558
684 558
684 557
678 557
678 548
657 548
657 519
659 519
659 498
662 498
662 467
675 467
675 445
626 445
626 525
618 525
618 522
592 522
592 489
612 489
612 486
604 486
604 398
605 398
605 321
469 321
469 317
456 317
456 315
489 315
489 314
505 314
505 311
583 311
583 250
503 250
503 255
510 255
510 276
455 276
455 271
381 271
381 278
396 278
396 279
403 279
403 284
410 284
410 282
442 282
442 281
463 281
463 283
460 283
460 287
312 287
312 264
502 264
502 263
318 263
318 254
261 254
261 213
161 213
161 190
400 190
400 188
330 188
330 185
