1044
952 357
952 367
949 367
949 662
945 662
945 722
948 722
948 851
947 851
947 997
944 997
944 1078
918 1078
918 1045
924 1045
924 1006
932 1006
932 998
911 998
911 994
904 994
904 943
744 943
744 971
740 971
740 1012
736 1012
736 1016
728 1016
728 1039
723 1039
723 1070
689 1070
689 1025
643 1025
643 1087
645 1087
645 1037
648 1037
648 1059
657 1059
657 1114
590 1114
590 1118
442 1118
442 1136
401 1136
401 1131
46 1131
46 1128
21 1128
21 1127
9 1127
9 1103
15 1103
15 941
31 941
31 958
25 958
25 1007
23 1007
23 1048
44 1048
44 930
51 930
51 921
143 921
143 917
129 917
129 911
221 911
221 897
202 897
202 895
209 895
209 892
303 892
303 903
242 903
242 923
272 923
272 925
231 925
231 957
229 957
229 965
224 965
224 949
210 949
210 1034
180 1034
180 1050
429 1050
429 936
404 936
404 899
398 899
398 841
432 841
432 812
418 812
418 807
411 807
411 799
415 799
415 640
414 640
414 532
407 532
407 509
380 509
380 361
367 361
367 389
358 389
358 394
357 394
357 483
356 483
356 372
340 372
340 334
336 334
336 320
337 320
337 109
383 109
383 103
371 103
371 96
354 96
354 87
378 87
378 74
150 74
150 86
89 86
89 208
88 208
88 386
90 386
90 529
93 529
93 396
104 396
104 537
106 537
106 538
99 538
99 687
109 687
109 645
116 645
116 753
94 753
94 758
72 758
72 789
71 789
71 742
77 742
77 724
32 724
32 664
3 664
3 666
2 666
2 585
1 585
1 713
4 713
4 670
11 670
11 665
17 665
17 748
20 748
20 667
28 667
28 749
43 749
43 736
41 736
41 725
63 725
63 762
54 762
54 767
58 767
58 774
62 774
62 791
67 791
67 732
69 732
69 793
70 793
70 795
55 795
55 804
60 804
60 796
64 796
64 806
45 806
45 822
5 822
5 831
74 831
74 830
128 830
128 828
47 828
47 811
65 811
65 814
101 814
101 813
68 813
68 808
73 808
73 788
118 788
118 782
105 782
105 778
84 778
84 765
86 765
86 760
121 760
121 682
122 682
122 632
120 632
120 590
102 590
102 563
110 563
110 376
103 376
103 370
92 370
92 145
123 145
123 147
125 147
125 164
134 164
134 157
135 157
135 140
144 140
144 139
124 139
124 128
126 128
126 126
97 126
97 125
148 125
148 116
131 116
131 110
91 110
91 94
160 94
160 100
157 100
157 104
186 104
186 102
203 102
203 101
185 101
185 95
173 95
173 75
174 75
174 85
189 85
189 82
193 82
193 77
277 77
277 76
292 76
292 90
331 90
331 155
332 155
332 263
329 263
329 345
333 345
333 417
334 417
334 676
360 676
360 690
319 690
319 693
316 693
316 707
314 707
314 695
262 695
262 456
267 456
267 521
269 521
269 453
204 453
204 469
191 469
191 443
177 443
177 382
181 382
181 365
208 365
208 383
194 383
194 392
200 392
200 418
211 418
211 371
214 371
214 388
255 388
255 363
260 363
260 337
253 337
253 348
188 348
188 327
199 327
199 347
206 347
206 325
243 325
243 296
251 296
251 284
254 284
254 291
295 291
295 404
289 404
289 428
294 428
294 465
271 465
271 621
286 621
286 627
302 627
302 549
299 549
299 605
273 605
273 581
278 581
278 518
274 518
274 466
287 466
287 473
284 473
284 491
306 491
306 506
307 506
307 489
290 489
290 488
297 488
297 413
298 413
298 355
313 355
313 342
308 342
308 281
288 281
288 280
280 280
280 269
232 269
232 316
220 316
220 310
165 310
165 317
153 317
153 353
152 353
152 408
161 408
161 422
146 422
146 434
154 434
154 430
156 430
156 457
158 457
158 426
147 426
147 423
163 423
163 381
155 381
155 335
170 335
170 481
179 481
179 471
233 471
233 475
222 475
222 524
238 524
238 520
239 520
239 530
244 530
244 545
217 545
217 539
167 539
167 548
141 548
141 542
138 542
138 612
133 612
133 727
136 727
136 711
140 711
140 624
176 624
176 606
175 606
175 567
172 567
172 561
159 561
159 580
166 580
166 610
139 610
139 552
169 552
169 553
248 553
248 557
247 557
247 559
235 559
235 595
249 595
249 541
245 541
245 461
205 461
205 458
258 458
258 459
261 459
261 784
259 784
259 647
250 647
250 803
252 803
252 772
256 772
256 817
257 817
257 845
270 845
270 805
263 805
263 721
264 721
264 770
318 770
318 779
276 779
276 780
327 780
327 773
322 773
322 738
279 738
279 704
283 704
283 714
323 714
323 712
330 712
330 708
347 708
347 719
373 719
373 717
374 717
374 607
375 607
375 601
372 601
372 705
345 705
345 703
364 703
364 652
362 652
362 653
355 653
355 625
348 625
348 675
343 675
343 451
341 451
341 648
339 648
339 512
335 512
335 378
353 378
353 397
352 397
352 617
359 617
359 599
361 599
361 449
363 449
363 558
365 558
365 427
368 427
368 400
369 400
369 377
379 377
379 516
388 516
388 583
391 583
391 515
399 515
399 543
405 543
405 629
394 629
394 616
392 616
392 683
393 683
393 746
400 746
400 740
402 740
402 697
413 697
413 739
403 739
403 790
390 790
390 866
397 866
397 979
408 979
408 984
426 984
426 986
421 986
421 992
427 992
427 999
389 999
389 1011
425 1011
425 1032
395 1032
395 1038
385 1038
385 1049
192 1049
192 1046
212 1046
212 951
218 951
218 1004
240 1004
240 935
246 935
246 928
326 928
326 890
201 890
201 906
207 906
207 909
98 909
98 913
95 913
95 919
100 919
100 920
42 920
42 1036
27 1036
27 1003
40 1003
40 948
34 948
34 918
13 918
13 1015
12 1015
12 1063
14 1063
14 1081
8 1081
8 1159
16 1159
16 1135
37 1135
37 1137
30 1137
30 1157
50 1157
50 1160
52 1160
52 1149
96 1149
96 1143
111 1143
111 1142
145 1142
145 1132
311 1132
311 1134
225 1134
225 1141
223 1141
223 1144
216 1144
216 1145
219 1145
219 1146
236 1146
236 1161
59 1161
59 1174
61 1174
61 1162
142 1162
142 1175
309 1175
309 1180
119 1180
119 1178
57 1178
57 1181
315 1181
315 1179
328 1179
328 1173
312 1173
312 1172
213 1172
213 1170
149 1170
149 1164
190 1164
190 1163
237 1163
237 1153
268 1153
268 1140
436 1140
436 1201
438 1201
438 1216
275 1216
275 1213
324 1213
324 1210
127 1210
127 1209
87 1209
87 1208
227 1208
227 1206
117 1206
117 1202
39 1202
39 1207
26 1207
26 1229
35 1229
35 1250
38 1250
38 1219
82 1219
82 1227
521 1227
521 1228
637 1228
637 1200
709 1200
709 1193
714 1193
714 1192
743 1192
743 1232
79 1232
79 1230
53 1230
53 1237
66 1237
66 1238
305 1238
305 1240
320 1240
320 1236
377 1236
377 1239
671 1239
671 1246
625 1246
625 1245
480 1245
480 1247
460 1247
460 1241
130 1241
130 1249
281 1249
281 1244
285 1244
285 1243
266 1243
266 1242
317 1242
317 1248
711 1248
711 1235
215 1235
215 1234
164 1234
164 1233
758 1233
758 1203
763 1203
763 1231
810 1231
810 1222
775 1222
775 1212
773 1212
773 1189
767 1189
767 1188
618 1188
618 1190
635 1190
635 1191
535 1191
535 1194
449 1194
449 1187
785 1187
785 1185
473 1185
473 1184
540 1184
540 1183
446 1183
446 1204
440 1204
440 1205
470 1205
470 1198
472 1198
472 1197
455 1197
455 1196
612 1196
612 1195
667 1195
667 1199
622 1199
622 1211
614 1211
614 1220
605 1220
605 1224
579 1224
579 1223
452 1223
452 1225
469 1225
469 1226
178 1226
178 1214
234 1214
234 1218
325 1218
325 1217
439 1217
439 1176
437 1176
437 1139
296 1139
296 1138
441 1138
441 1150
443 1150
443 1152
445 1152
445 1125
444 1125
444 1119
450 1119
450 1122
601 1122
601 1123
660 1123
660 1120
668 1120
668 1117
661 1117
661 1091
658 1091
658 1058
653 1058
653 1026
663 1026
663 1040
662 1040
662 1106
687 1106
687 1110
685 1110
685 1111
737 1111
737 1105
665 1105
665 1079
716 1079
716 1086
733 1086
733 1080
725 1080
725 1077
788 1077
788 1061
794 1061
794 1085
797 1085
797 987
787 987
787 1005
769 1005
769 974
762 974
762 970
790 970
790 972
812 972
812 956
783 956
783 959
757 959
757 1010
792 1010
792 1043
778 1043
778 1072
755 1072
755 1073
741 1073
741 1076
686 1076
686 1071
724 1071
724 1044
732 1044
732 1020
748 1020
748 1041
750 1041
750 1023
754 1023
754 1014
753 1014
753 954
867 954
867 955
873 955
873 950
799 950
799 944
901 944
901 1067
903 1067
903 1028
905 1028
905 1035
912 1035
912 1090
858 1090
858 1151
850 1151
850 1158
868 1158
868 1147
892 1147
892 1166
879 1166
879 1168
902 1168
902 1182
917 1182
917 1171
914 1171
914 1167
984 1167
984 1215
964 1215
964 1221
986 1221
986 1177
992 1177
992 1186
999 1186
999 1169
998 1169
998 1082
997 1082
997 1066
995 1066
995 1107
996 1107
996 1165
897 1165
897 1133
907 1133
907 1155
933 1155
933 1156
969 1156
969 1031
970 1031
970 947
968 947
968 1093
963 1093
963 1121
965 1121
965 1148
946 1148
946 1154
922 1154
922 1126
934 1126
934 1124
909 1124
909 1129
859 1129
859 1100
915 1100
915 1095
931 1095
931 1092
940 1092
940 1115
941 1115
941 1097
950 1097
950 902
951 902
951 470
953 470
953 593
956 593
956 597
954 597
954 867
958 867
958 598
959 598
959 568
955 568
955 366
974 366
974 387
976 387
976 319
985 319
985 237
991 237
991 173
1005 173
1005 169
979 169
979 149
1000 149
1000 119
972 119
972 97
967 97
967 49
966 49
966 107
962 107
962 120
988 120
988 121
987 121
987 124
990 124
990 148
978 148
978 176
983 176
983 258
980 258
980 302
971 302
971 303
973 303
973 349
961 349
961 357
