214
8 1
8 6
10 6
10 25
26 25
26 37
17 37
17 32
4 32
4 40
2 40
2 4
1 4
1 46
6 46
6 54
3 54
3 66
7 66
7 36
13 36
13 85
16 85
16 118
9 118
9 120
18 120
18 92
20 92
20 84
21 84
21 67
22 67
22 99
23 99
23 97
25 97
25 61
30 61
30 137
32 137
32 78
33 78
33 77
34 77
34 72
31 72
31 50
24 50
24 65
15 65
15 60
19 60
19 43
37 43
37 21
36 21
36 33
29 33
29 38
27 38
27 19
35 19
35 9
41 9
41 13
42 13
42 59
52 59
52 58
115 58
115 55
117 55
117 56
118 56
118 68
96 68
96 71
88 71
88 74
84 74
84 79
76 79
76 73
61 73
61 62
40 62
40 81
46 81
46 63
53 63
53 87
49 87
49 103
39 103
39 104
47 104
47 124
44 124
44 125
38 125
38 126
50 126
50 129
70 129
70 123
63 123
63 117
62 117
62 128
51 128
51 96
55 96
55 98
68 98
68 94
65 94
65 95
56 95
56 93
54 93
54 70
57 70
57 86
64 86
64 89
71 89
71 82
67 82
67 76
73 76
73 88
75 88
75 90
78 90
78 83
87 83
87 80
93 80
93 75
121 75
121 69
123 69
123 57
132 57
132 64
131 64
131 101
110 101
110 105
120 105
120 106
100 106
100 141
98 141
98 142
85 142
85 140
77 140
77 145
86 145
86 148
90 148
90 150
122 150
122 149
135 149
135 144
129 144
129 139
124 139
124 143
104 143
104 146
125 146
125 147
102 147
102 115
105 115
105 116
126 116
126 121
106 121
106 127
112 127
112 132
130 132
130 113
119 113
119 112
116 112
116 107
133 107
133 53
43 53
43 34
48 34
48 23
45 23
45 8
28 8
28 15
14 15
14 14
12 14
12 5
11 5
11 2
80 2
80 10
83 10
83 3
95 3
95 1
