94
60 24
60 20
45 20
45 17
34 17
34 18
38 18
38 19
44 19
44 27
51 27
51 26
52 26
52 33
3 33
3 47
4 47
4 52
2 52
2 59
1 59
1 82
11 82
11 89
10 89
10 97
15 97
15 77
14 77
14 69
5 69
5 66
22 66
22 81
25 81
25 83
23 83
23 99
42 99
42 100
56 100
56 98
36 98
36 95
47 95
47 93
46 93
46 92
50 92
50 91
67 91
67 96
70 96
70 88
74 88
74 86
71 86
71 85
48 85
48 84
30 84
30 74
28 74
28 87
61 87
61 90
32 90
32 94
27 94
27 57
21 57
21 55
37 55
37 45
18 45
18 54
12 54
12 60
9 60
9 63
19 63
19 65
6 65
6 56
8 56
8 50
7 50
7 35
40 35
40 38
24 38
24 39
55 39
55 24
