1206
13 348
13 326
1 326
1 473
2 473
2 809
6 809
6 810
232 810
232 799
264 799
264 804
461 804
461 796
661 796
661 800
665 800
665 789
664 789
664 784
697 784
697 751
626 751
626 728
591 728
591 716
768 716
768 709
749 709
749 705
709 705
709 704
694 704
694 711
668 711
668 710
618 710
618 713
766 713
766 715
588 715
588 682
675 682
675 683
712 683
712 694
651 694
651 690
699 690
699 685
633 685
633 696
816 696
816 738
797 738
797 754
803 754
803 755
791 755
791 761
805 761
805 765
864 765
864 758
865 758
865 752
887 752
887 733
890 733
890 722
872 722
872 719
933 719
933 718
892 718
892 697
849 697
849 720
831 720
831 724
871 724
871 745
826 745
826 759
825 759
825 689
821 689
821 742
818 742
818 691
806 691
806 686
761 686
761 692
740 692
740 687
725 687
725 677
586 677
586 708
580 708
580 700
345 700
345 699
309 699
309 684
317 684
317 647
311 647
311 643
296 643
296 641
279 641
279 629
316 629
316 646
344 646
344 630
351 630
351 627
307 627
307 614
275 614
275 600
319 600
319 602
333 602
333 596
302 596
302 593
531 593
531 599
534 599
534 595
569 595
569 606
572 606
572 598
577 598
577 634
599 634
599 642
627 642
627 665
637 665
637 675
640 675
640 663
677 663
677 654
658 654
658 655
650 655
650 645
769 645
769 640
631 640
631 631
669 631
669 638
785 638
785 639
823 639
823 636
838 636
838 669
915 669
915 674
917 674
917 664
966 664
966 657
1004 657
1004 676
1056 676
1056 681
1074 681
1074 791
1068 791
1068 721
1061 721
1061 787
1019 787
1019 764
1018 764
1018 734
1025 734
1025 695
995 695
995 693
980 693
980 739
983 739
983 730
1000 730
1000 706
1013 706
1013 743
1003 743
1003 744
979 744
979 748
992 748
992 771
1002 771
1002 757
993 757
993 753
1016 753
1016 801
1007 801
1007 812
1030 812
1030 793
1043 793
1043 814
1072 814
1072 813
1073 813
1073 831
1075 831
1075 672
1065 672
1065 670
1040 670
1040 668
1014 668
1014 666
1044 666
1044 662
1059 662
1059 659
1049 659
1049 652
1069 652
1069 653
1083 653
1083 701
1084 701
1084 735
1078 735
1078 848
961 848
961 845
866 845
866 850
900 850
900 859
860 859
860 880
853 880
853 1100
854 1100
854 1101
850 1101
850 1113
819 1113
819 1109
813 1109
813 1083
765 1083
765 1082
809 1082
809 1031
804 1031
804 1078
796 1078
796 1076
771 1076
771 1081
704 1081
704 1077
745 1077
745 1064
794 1064
794 979
788 979
788 1019
773 1019
773 1012
787 1012
787 956
780 956
780 965
778 965
778 948
779 948
779 882
776 882
776 910
775 910
775 971
767 971
767 1033
793 1033
793 1058
762 1058
762 1045
756 1045
756 1002
753 1002
753 985
754 985
754 893
750 893
750 832
744 832
744 825
686 825
686 824
774 824
774 815
763 815
763 819
759 819
759 817
457 817
457 827
445 827
445 997
473 997
473 1050
474 1050
474 992
477 992
477 958
480 958
480 1008
491 1008
491 1052
492 1052
492 1095
490 1095
490 1099
494 1099
494 1074
502 1074
502 1104
472 1104
472 1132
467 1132
467 1136
475 1136
475 1150
479 1150
479 1163
466 1163
466 1152
462 1152
462 1196
458 1196
458 1241
438 1241
438 1216
369 1216
369 1210
437 1210
437 1211
443 1211
443 1111
439 1111
439 1204
415 1204
415 1205
365 1205
365 1206
354 1206
354 1209
327 1209
327 1219
156 1219
156 1221
77 1221
77 1217
106 1217
106 1173
108 1173
108 1159
87 1159
87 1145
103 1145
103 976
102 976
102 942
128 942
128 987
132 987
132 940
144 940
144 934
140 934
140 905
145 905
145 903
207 903
207 1013
208 1013
208 1020
175 1020
175 1040
146 1040
146 1141
151 1141
151 1171
116 1171
116 1157
118 1157
118 1080
122 1080
122 1015
117 1015
117 1085
112 1085
112 1126
111 1126
111 1177
120 1177
120 1179
115 1179
115 1182
138 1182
138 1181
231 1181
231 1184
306 1184
306 1189
285 1189
285 1200
292 1200
292 1191
339 1191
339 1190
349 1190
349 1187
325 1187
325 1185
335 1185
335 1183
266 1183
266 1175
244 1175
244 1180
209 1180
209 1178
121 1178
121 1174
224 1174
224 1155
276 1155
276 1154
183 1154
183 1114
181 1114
181 1072
214 1072
214 1092
291 1092
291 1091
322 1091
322 1093
372 1093
372 1073
360 1073
360 1090
336 1090
336 1062
373 1062
373 1005
379 1005
379 1017
383 1017
383 1084
387 1084
387 1041
388 1041
388 1036
392 1036
392 1059
394 1059
394 1038
397 1038
397 1107
390 1107
390 1108
401 1108
401 1057
407 1057
407 1035
389 1035
389 957
371 957
371 986
363 986
363 921
398 921
398 923
408 923
408 929
382 929
382 935
410 935
410 919
411 919
411 991
413 991
413 931
414 931
414 953
416 953
416 916
353 916
353 996
358 996
358 990
356 990
356 949
362 949
362 1018
361 1018
361 1032
342 1032
342 1025
343 1025
343 1022
337 1022
337 1011
328 1011
328 972
331 972
331 969
312 969
312 1010
299 1010
299 1027
301 1027
301 1034
304 1034
304 1023
315 1023
315 1042
314 1042
314 1044
359 1044
359 1046
346 1046
346 1061
273 1061
273 1065
274 1065
274 1088
261 1088
261 1069
223 1069
223 1071
220 1071
220 1063
218 1063
218 1009
235 1009
235 1054
253 1054
253 1056
249 1056
249 1060
260 1060
260 1043
259 1043
259 1037
242 1037
242 1014
269 1014
269 1003
251 1003
251 1000
255 1000
255 975
241 975
241 974
234 974
234 984
247 984
247 1006
229 1006
229 966
227 966
227 981
225 981
225 1004
215 1004
215 954
217 954
217 930
230 930
230 906
212 906
212 896
177 896
177 890
130 890
130 922
107 922
107 888
109 888
109 886
93 886
93 920
99 920
99 1007
86 1007
86 1047
101 1047
101 1067
98 1067
98 1070
94 1070
94 1119
68 1119
68 1128
82 1128
82 1158
75 1158
75 1168
104 1168
104 1203
61 1203
61 1176
59 1176
59 1197
58 1197
58 1223
283 1223
283 1225
329 1225
329 1226
367 1226
367 1227
324 1227
324 1229
352 1229
352 1233
381 1233
381 1220
391 1220
391 1224
429 1224
429 1218
435 1218
435 1249
440 1249
440 1250
465 1250
465 1246
453 1246
453 1245
463 1245
463 1167
485 1167
485 1156
481 1156
481 1135
483 1135
483 1115
486 1115
486 1110
507 1110
507 955
499 955
499 1051
498 1051
498 967
495 967
495 938
470 938
470 877
489 877
489 872
460 872
460 980
452 980
452 970
446 970
446 870
449 870
449 917
454 917
454 846
469 846
469 820
468 820
468 818
542 818
542 828
555 828
555 869
638 869
638 874
636 874
636 875
573 875
573 878
642 878
642 876
646 876
646 867
629 867
629 863
563 863
563 856
567 856
567 821
673 821
673 842
641 842
641 858
660 858
660 857
691 857
691 849
679 849
679 833
713 833
713 864
703 864
703 865
716 865
716 830
698 830
698 826
718 826
718 834
748 834
748 902
746 902
746 1026
732 1026
732 1075
711 1075
711 1024
708 1024
708 960
707 960
707 995
702 995
702 1039
701 1039
701 1053
690 1053
690 1079
667 1079
667 1086
696 1086
696 1087
811 1087
811 1103
795 1103
795 1116
801 1116
801 1122
807 1122
807 1127
808 1127
808 1118
817 1118
817 1131
828 1131
828 1124
832 1124
832 1121
842 1121
842 1142
843 1142
843 1153
845 1153
845 1120
855 1120
855 1130
847 1130
847 1133
856 1133
856 927
888 927
888 937
885 937
885 943
874 943
874 963
877 963
877 968
891 968
891 924
879 924
879 899
868 899
868 892
894 892
894 883
901 883
901 879
899 879
899 866
902 866
902 983
927 983
927 993
935 993
935 964
938 964
938 961
1021 961
1021 977
967 977
967 978
977 978
977 989
1023 989
1023 982
1071 982
1071 959
939 959
939 952
1031 952
1031 951
1152 951
1152 998
1168 998
1168 994
1187 994
1187 908
1206 908
1206 912
1245 912
1245 926
1235 926
1235 941
1228 941
1228 946
1229 946
1229 1030
1227 1030
1227 1028
1225 1028
1225 1048
1230 1048
1230 1089
1211 1089
1211 999
1193 999
1193 1049
1188 1049
1188 1105
1190 1105
1190 1068
1195 1068
1195 1055
1197 1055
1197 1129
1192 1129
1192 1137
1153 1137
1153 1146
1128 1146
1128 1140
1102 1140
1102 1134
1054 1134
1054 1138
1024 1138
1024 1139
1076 1139
1076 1143
1120 1143
1120 1151
1122 1151
1122 1147
1143 1147
1143 1170
1159 1170
1159 1172
1219 1172
1219 1166
1223 1166
1223 1188
1216 1188
1216 1192
1169 1192
1169 1194
1185 1194
1185 1201
1173 1201
1173 1207
1182 1207
1182 1212
1163 1212
1163 1198
1161 1198
1161 1199
1142 1199
1142 1213
1164 1213
1164 1222
1175 1222
1175 1231
1162 1231
1162 1234
1199 1234
1199 1237
1005 1237
1005 1239
953 1239
953 1235
949 1235
949 1230
941 1230
941 1247
937 1247
937 1248
970 1248
970 1243
989 1243
989 1242
948 1242
948 1240
1081 1240
1081 1238
1212 1238
1212 1236
1213 1236
1213 1232
1202 1232
1202 1215
1189 1215
1189 1214
1203 1214
1203 1195
1231 1195
1231 1208
1233 1208
1233 1202
1237 1202
1237 1228
1217 1228
1217 1244
1244 1244
1244 1186
1226 1186
1226 1193
1224 1193
1224 1160
1220 1160
1220 1162
1218 1162
1218 1161
1151 1161
1151 1164
1207 1164
1207 1165
1184 1165
1184 1169
1150 1169
1150 1149
1157 1149
1157 1148
1167 1148
1167 1144
1205 1144
1205 1117
1204 1117
1204 1029
1210 1029
1210 1066
1208 1066
1208 1096
1214 1096
1214 1102
1222 1102
1222 1106
1221 1106
1221 1123
1236 1123
1236 1125
1239 1125
1239 1112
1232 1112
1232 1098
1215 1098
1215 1097
1249 1097
1249 1021
1246 1021
1246 1094
1234 1094
1234 1001
1240 1001
1240 1016
1243 1016
1243 944
1238 944
1238 932
1247 932
1247 884
1248 884
1248 873
1250 873
1250 871
1241 871
1241 900
1242 900
1242 909
1209 909
1209 889
1198 889
1198 881
1165 881
1165 945
1174 945
1174 962
1171 962
1171 988
1160 988
1160 928
1109 928
1109 939
1067 939
1067 933
994 933
994 936
985 936
985 947
1062 947
1062 950
919 950
919 973
910 973
910 915
922 915
922 925
930 925
930 918
945 918
945 907
998 907
998 901
1080 901
1080 897
973 897
973 904
936 904
936 913
928 913
928 898
903 898
903 885
911 885
911 868
925 868
925 862
904 862
904 847
906 847
906 851
1082 851
1082 829
1085 829
1085 660
1086 660
1086 650
1006 650
1006 656
946 656
946 658
896 658
896 661
875 661
875 635
743 635
743 637
689 637
689 633
719 633
719 626
581 626
581 624
657 624
657 623
597 623
597 608
608 608
608 605
632 605
632 603
596 603
596 601
616 601
616 592
280 592
280 597
270 597
270 620
262 620
262 644
303 644
303 702
500 702
500 703
539 703
539 707
574 707
574 741
606 741
606 756
516 756
516 760
511 760
511 762
509 762
509 776
522 776
522 763
693 763
693 782
630 782
630 786
533 786
533 792
652 792
652 795
213 795
213 798
201 798
201 802
168 802
168 797
67 797
67 785
252 785
252 783
91 783
91 781
222 781
222 779
326 779
326 777
323 777
323 774
308 774
308 770
350 770
350 767
161 767
161 768
176 768
176 778
65 778
65 769
56 769
56 773
30 773
30 772
38 772
38 679
42 679
42 611
46 611
46 616
53 616
53 589
50 589
50 523
49 523
49 566
40 566
40 618
39 618
39 649
35 649
35 557
33 557
33 610
17 610
17 607
10 607
10 625
31 625
31 725
26 725
26 803
97 803
97 805
203 805
203 808
73 808
73 807
72 807
72 806
24 806
24 790
15 790
15 766
23 766
23 749
5 749
5 532
3 532
3 351
69 351
69 348
