172
28 3
28 36
21 36
21 28
17 28
17 31
15 31
15 18
12 18
12 4
11 4
11 22
14 22
14 32
6 32
6 33
9 33
9 39
19 39
19 40
20 40
20 45
22 45
22 49
60 49
60 55
62 55
62 51
69 51
69 63
66 63
66 58
35 58
35 57
8 57
8 56
1 56
1 66
2 66
2 64
36 64
36 59
42 59
42 62
59 62
59 67
72 67
72 65
77 65
77 53
73 53
73 48
31 48
31 25
29 25
29 8
41 8
41 6
47 6
47 23
44 23
44 26
54 26
54 27
65 27
65 30
79 30
79 29
81 29
81 38
98 38
98 37
95 37
95 16
99 16
99 50
96 50
96 68
90 68
90 60
91 60
91 52
85 52
85 61
86 61
86 69
87 69
87 54
89 54
89 73
93 73
93 83
76 83
76 79
84 79
84 78
74 78
74 98
51 98
51 96
57 96
57 93
25 93
25 92
52 92
52 84
70 84
70 75
49 75
49 81
48 81
48 82
43 82
43 87
32 87
32 85
34 85
34 74
23 74
23 76
26 76
26 88
39 88
39 89
37 89
37 90
18 90
18 94
27 94
27 97
7 97
7 91
13 91
13 80
10 80
10 77
4 77
4 72
3 72
3 95
5 95
5 99
78 99
78 100
80 100
80 86
94 86
94 70
97 70
97 71
100 71
100 14
88 14
88 17
83 17
83 21
92 21
92 34
82 34
82 15
71 15
71 24
67 24
67 20
55 20
55 19
53 19
53 12
56 12
56 10
50 10
50 3
