804
606 392
606 423
601 423
601 428
598 428
598 430
594 430
594 439
596 439
596 451
622 451
622 466
623 466
623 498
605 498
605 474
587 474
587 218
595 218
595 190
590 190
590 161
597 161
597 141
481 141
481 132
463 132
463 109
471 109
471 53
547 53
547 99
559 99
559 86
567 86
567 76
583 76
583 59
573 59
573 50
460 50
460 51
459 51
459 138
461 138
461 135
479 135
479 164
455 164
455 28
451 28
451 9
446 9
446 317
469 317
469 224
467 224
467 306
450 306
450 314
449 314
449 214
478 214
478 235
485 235
485 299
482 299
482 357
483 357
483 420
496 420
496 448
466 448
466 425
468 425
468 385
447 385
447 372
442 372
442 391
403 391
403 402
417 402
417 394
439 394
439 496
431 496
431 501
438 501
438 517
435 517
435 567
412 567
412 568
437 568
437 548
444 548
444 486
445 486
445 484
458 484
458 482
443 482
443 437
440 437
440 415
454 415
454 422
462 422
462 454
464 454
464 473
477 473
477 461
484 461
484 471
517 471
517 491
495 491
495 563
502 563
502 593
492 593
492 606
436 606
436 610
511 610
511 655
509 655
509 723
507 723
507 731
505 731
505 865
555 865
555 899
552 899
552 937
551 937
551 965
532 965
532 975
508 975
508 983
500 983
500 1025
497 1025
497 909
493 909
493 901
488 901
488 813
399 813
399 886
396 886
396 845
384 845
384 1076
365 1076
365 1145
358 1145
358 1139
355 1139
355 1128
349 1128
349 1122
89 1122
89 1135
65 1135
65 1112
58 1112
58 993
63 993
63 698
47 698
47 766
8 766
8 793
6 793
6 892
1 892
1 896
3 896
3 1010
5 1010
5 941
7 941
7 942
17 942
17 916
4 916
4 914
16 914
16 905
14 905
14 879
9 879
9 821
12 821
12 846
13 846
13 831
18 831
18 809
15 809
15 772
49 772
49 701
56 701
56 814
28 814
28 816
19 816
19 1160
10 1160
10 1180
2 1180
2 1197
34 1197
34 1192
11 1192
11 1191
87 1191
87 1193
131 1193
131 1189
283 1189
283 1188
166 1188
166 1187
171 1187
171 1184
323 1184
323 1185
324 1185
324 1176
333 1176
333 1174
300 1174
300 1167
257 1167
257 1171
258 1171
258 1169
285 1169
285 1179
113 1179
113 1186
44 1186
44 1175
21 1175
21 1030
20 1030
20 877
35 877
35 869
36 869
36 827
52 827
52 994
51 994
51 1099
50 1099
50 1138
48 1138
48 1152
53 1152
53 1094
54 1094
54 1062
55 1062
55 1051
57 1051
57 1118
59 1118
59 1143
77 1143
77 1153
105 1153
105 1126
120 1126
120 1142
179 1142
179 1140
207 1140
207 1137
186 1137
186 1133
136 1133
136 1130
125 1130
125 1125
291 1125
291 1132
295 1132
295 1124
309 1124
309 1144
313 1144
313 1150
299 1150
299 1146
218 1146
218 1154
301 1154
301 1163
304 1163
304 1151
368 1151
368 1157
371 1157
371 1103
374 1103
374 1080
386 1080
386 999
385 999
385 870
392 870
392 889
415 889
415 887
425 887
425 918
423 918
423 935
407 935
407 943
389 943
389 1022
387 1022
387 1250
388 1250
388 1136
390 1136
390 1009
416 1009
416 1007
393 1007
393 1004
391 1004
391 948
426 948
426 926
432 926
432 884
419 884
419 881
434 881
434 874
414 874
414 871
433 871
433 864
428 864
428 863
474 863
474 856
409 856
409 849
402 849
402 835
400 835
400 819
448 819
448 836
480 836
480 934
490 934
490 951
470 951
470 977
491 977
491 929
494 929
494 1048
510 1048
510 1075
475 1075
475 1087
473 1087
473 1073
457 1073
457 1066
453 1066
453 1054
411 1054
411 1053
408 1053
408 1067
404 1067
404 1057
394 1057
394 1166
397 1166
397 1200
398 1200
398 1108
406 1108
406 1093
395 1093
395 1069
410 1069
410 1083
413 1083
413 1055
452 1055
452 1113
441 1113
441 1119
472 1119
472 1107
504 1107
504 1098
465 1098
465 1115
456 1115
456 1091
476 1091
476 1078
523 1078
523 1045
501 1045
501 1006
516 1006
516 990
525 990
525 987
534 987
534 966
549 966
549 974
548 974
548 1059
556 1059
556 1061
550 1061
550 1089
553 1089
553 1203
604 1203
604 1206
588 1206
588 1212
658 1212
658 1245
725 1245
725 1247
802 1247
802 1239
828 1239
828 1248
668 1248
668 1249
833 1249
833 1238
882 1238
882 1246
906 1246
906 1232
1052 1232
1052 1230
988 1230
988 1223
936 1223
936 1219
1092 1219
1092 1222
1184 1222
1184 1241
1190 1241
1190 1231
1200 1231
1200 1242
1212 1242
1212 1235
1217 1235
1217 1234
1227 1234
1227 1233
1202 1233
1202 1226
1197 1226
1197 1218
1160 1218
1160 1220
1137 1220
1137 1215
1063 1215
1063 1173
1066 1173
1066 1168
1073 1168
1073 1127
1075 1127
1075 1090
1061 1090
1061 1101
1053 1101
1053 1114
1050 1114
1050 1120
1056 1120
1056 1131
1060 1131
1060 1155
1031 1155
1031 1129
1047 1129
1047 1036
1088 1036
1088 1104
1091 1104
1091 1211
1096 1211
1096 1205
1093 1205
1093 1172
1101 1172
1101 1056
1158 1056
1158 1068
1154 1068
1154 1097
1141 1097
1141 1161
1151 1161
1151 1204
1203 1204
1203 1207
1219 1207
1219 1195
1210 1195
1210 1046
1201 1046
1201 1199
1164 1199
1164 1100
1165 1100
1165 1095
1171 1095
1171 1071
1168 1071
1168 1042
1094 1042
1094 1041
1221 1041
1221 1088
1225 1088
1225 1040
1120 1040
1120 1026
1174 1026
1174 1033
1224 1033
1224 1016
1223 1016
1223 1019
1152 1019
1152 1018
1086 1018
1086 1015
1222 1015
1222 1013
1220 1013
1220 1012
1083 1012
1083 1034
1046 1034
1046 1021
1008 1021
1008 1011
971 1011
971 1024
1004 1024
1004 1028
1026 1028
1026 1043
1029 1043
1029 1109
1028 1109
1028 1148
1012 1148
1012 1134
1005 1134
1005 1085
990 1085
990 1081
917 1081
917 1141
927 1141
927 1159
935 1159
935 1156
930 1156
930 1084
931 1084
931 1082
972 1082
972 1096
989 1096
989 1102
966 1102
966 1158
976 1158
976 1162
978 1162
978 1106
981 1106
981 1147
982 1147
982 1111
1002 1111
1002 1116
999 1116
999 1198
1001 1198
1001 1149
1006 1149
1006 1165
1011 1165
1011 1170
1049 1170
1049 1216
969 1216
969 1217
934 1217
934 1225
797 1225
797 1224
832 1224
832 1221
817 1221
817 1214
805 1214
805 1213
738 1213
738 1229
902 1229
902 1240
893 1240
893 1237
796 1237
796 1244
748 1244
748 1236
716 1236
716 1243
667 1243
667 1228
679 1228
679 1208
669 1208
669 1227
666 1227
666 1209
661 1209
661 1210
619 1210
619 1202
621 1202
621 1201
611 1201
611 1196
600 1196
600 1194
610 1194
610 1190
618 1190
618 1183
609 1183
609 1181
654 1181
654 1164
651 1164
651 1177
627 1177
627 1178
593 1178
593 1182
557 1182
557 1027
560 1027
560 1029
562 1029
562 1020
563 1020
563 1008
572 1008
572 710
558 710
558 732
568 732
568 734
569 734
569 788
571 788
571 991
570 991
570 1000
565 1000
565 862
545 862
545 853
514 853
514 777
519 777
519 758
521 758
521 724
513 724
513 562
499 562
499 525
503 525
503 531
512 531
512 507
520 507
520 442
498 442
498 414
487 414
487 148
486 148
486 145
489 145
489 146
592 146
592 149
529 149
529 404
527 404
527 639
522 639
522 674
524 674
524 838
526 838
526 844
528 844
528 503
535 503
535 745
546 745
546 725
544 725
544 600
539 600
539 581
538 581
538 667
543 667
543 715
536 715
536 526
540 526
540 554
541 554
541 564
537 564
537 565
542 565
542 487
530 487
530 172
531 172
531 155
574 155
574 176
564 176
564 272
566 272
566 261
575 261
575 319
576 319
576 331
578 331
578 316
579 316
579 384
581 384
581 483
585 483
585 228
582 228
582 289
584 289
584 350
580 350
580 207
577 207
577 198
586 198
586 485
589 485
589 529
591 529
591 500
626 500
626 398
625 398
625 392
