282
500 990
500 1025
497 1025
497 909
493 909
493 901
488 901
488 813
399 813
399 886
396 886
396 845
384 845
384 1076
365 1076
365 1145
358 1145
358 1139
355 1139
355 1128
349 1128
349 1122
89 1122
89 1135
65 1135
65 1112
58 1112
58 993
63 993
63 698
47 698
47 766
8 766
8 793
6 793
6 892
1 892
1 896
3 896
3 1010
5 1010
5 941
7 941
7 942
17 942
17 916
4 916
4 914
16 914
16 905
14 905
14 879
9 879
9 821
12 821
12 846
13 846
13 831
18 831
18 809
15 809
15 772
49 772
49 701
56 701
56 814
28 814
28 816
19 816
19 1160
10 1160
10 1180
2 1180
2 1197
34 1197
34 1192
11 1192
11 1191
87 1191
87 1193
131 1193
131 1189
283 1189
283 1188
166 1188
166 1187
171 1187
171 1184
323 1184
323 1185
324 1185
324 1176
333 1176
333 1174
300 1174
300 1167
257 1167
257 1171
258 1171
258 1169
285 1169
285 1179
113 1179
113 1186
44 1186
44 1175
21 1175
21 1030
20 1030
20 877
35 877
35 869
36 869
36 827
52 827
52 994
51 994
51 1099
50 1099
50 1138
48 1138
48 1152
53 1152
53 1094
54 1094
54 1062
55 1062
55 1051
57 1051
57 1118
59 1118
59 1143
77 1143
77 1153
105 1153
105 1126
120 1126
120 1142
179 1142
179 1140
207 1140
207 1137
186 1137
186 1133
136 1133
136 1130
125 1130
125 1125
291 1125
291 1132
295 1132
295 1124
309 1124
309 1144
313 1144
313 1150
299 1150
299 1146
218 1146
218 1154
301 1154
301 1163
304 1163
304 1151
368 1151
368 1157
371 1157
371 1103
374 1103
374 1080
386 1080
386 999
385 999
385 870
392 870
392 889
415 889
415 887
425 887
425 918
423 918
423 935
407 935
407 943
389 943
389 1022
387 1022
387 1250
388 1250
388 1136
390 1136
390 1009
416 1009
416 1007
393 1007
393 1004
391 1004
391 948
426 948
426 926
432 926
432 884
419 884
419 881
434 881
434 874
414 874
414 871
433 871
433 864
428 864
428 863
474 863
474 856
409 856
409 849
402 849
402 835
400 835
400 819
448 819
448 836
480 836
480 934
490 934
490 951
470 951
470 977
491 977
491 929
494 929
494 1048
510 1048
510 1075
475 1075
475 1087
473 1087
473 1073
457 1073
457 1066
453 1066
453 1054
411 1054
411 1053
408 1053
408 1067
404 1067
404 1057
394 1057
394 1166
397 1166
397 1200
398 1200
398 1108
406 1108
406 1093
395 1093
395 1069
410 1069
410 1083
413 1083
413 1055
452 1055
452 1113
441 1113
441 1119
472 1119
472 1107
504 1107
504 1098
465 1098
465 1115
456 1115
456 1091
476 1091
476 1078
523 1078
523 1045
501 1045
501 1006
516 1006
516 990
