104
125 996
125 853
197 853
197 852
127 852
127 849
209 849
209 841
257 841
257 818
145 818
145 829
71 829
71 834
18 834
18 810
17 810
17 804
1 804
1 835
162 835
162 837
172 837
172 830
194 830
194 820
256 820
256 832
253 832
253 828
217 828
217 836
199 836
199 843
165 843
165 844
143 844
143 847
121 847
121 850
119 850
119 868
124 868
124 874
123 874
123 995
122 995
122 987
101 987
101 998
99 998
99 943
93 943
93 872
92 872
92 956
97 956
97 1088
83 1088
83 1083
95 1083
95 1034
94 1034
94 1067
90 1067
90 1079
81 1079
81 1078
80 1078
80 1043
84 1043
84 1026
85 1026
85 939
79 939
79 932
87 932
87 940
89 940
89 924
86 924
86 913
74 913
74 1000
75 1000
75 1130
76 1130
76 1001
77 1001
77 968
78 968
78 1090
88 1090
88 1136
108 1136
108 1128
100 1128
100 1124
109 1124
109 1110
102 1110
102 990
103 990
103 996
