424
227 1010
227 1009
150 1009
150 1004
138 1004
138 996
125 996
125 853
197 853
197 852
127 852
127 849
209 849
209 841
257 841
257 818
145 818
145 829
71 829
71 834
18 834
18 810
17 810
17 804
1 804
1 835
162 835
162 837
172 837
172 830
194 830
194 820
256 820
256 832
253 832
253 828
217 828
217 836
199 836
199 843
165 843
165 844
143 844
143 847
121 847
121 850
119 850
119 868
124 868
124 874
123 874
123 995
122 995
122 987
101 987
101 998
99 998
99 943
93 943
93 872
92 872
92 956
97 956
97 1088
83 1088
83 1083
95 1083
95 1034
94 1034
94 1067
90 1067
90 1079
81 1079
81 1078
80 1078
80 1043
84 1043
84 1026
85 1026
85 939
79 939
79 932
87 932
87 940
89 940
89 924
86 924
86 913
74 913
74 1000
75 1000
75 1130
76 1130
76 1001
77 1001
77 968
78 968
78 1090
88 1090
88 1136
108 1136
108 1128
100 1128
100 1124
107 1124
107 1127
109 1127
109 1110
102 1110
102 990
103 990
103 1030
128 1030
128 1036
161 1036
161 1035
134 1035
134 1024
175 1024
175 1031
188 1031
188 1028
244 1028
244 1032
268 1032
268 1025
287 1025
287 1033
351 1033
351 1029
346 1029
346 1023
334 1023
334 1022
210 1022
210 1018
152 1018
152 1019
156 1019
156 1020
131 1020
131 1013
160 1013
160 1017
204 1017
204 1015
353 1015
353 1027
357 1027
357 1044
352 1044
352 1077
360 1077
360 1042
386 1042
386 1041
394 1041
394 1134
391 1134
391 1138
395 1138
395 1245
418 1245
418 1242
462 1242
462 1250
563 1250
563 1247
579 1247
579 1246
605 1246
605 1241
597 1241
597 1243
533 1243
533 1249
531 1249
531 1244
515 1244
515 1240
417 1240
417 1237
520 1237
520 1233
650 1233
650 1230
545 1230
545 1228
542 1228
542 1229
530 1229
530 1232
468 1232
468 1227
576 1227
576 1225
643 1225
643 1214
727 1214
727 1213
725 1213
725 1212
733 1212
733 1218
741 1218
741 1216
974 1216
974 1211
925 1211
925 1215
735 1215
735 1207
832 1207
832 1205
853 1205
853 1194
828 1194
828 1190
1017 1190
1017 1180
1005 1180
1005 1179
1023 1179
1023 1175
1022 1175
1022 1173
1139 1173
1139 1169
1197 1169
1197 1200
1204 1200
1204 1219
986 1219
986 1223
1090 1223
1090 1231
1027 1231
1027 1239
1215 1239
1215 1238
1212 1238
1212 1236
1162 1236
1162 1226
1099 1226
1099 1220
1220 1220
1220 1195
1216 1195
1216 1182
1209 1182
1209 1181
1232 1181
1232 1235
1233 1235
1233 1248
1237 1248
1237 1221
1240 1221
1240 1170
1229 1170
1229 1159
1247 1159
1247 1149
1228 1149
1228 1148
1218 1148
1218 1168
1214 1168
1214 1167
1148 1167
1148 1166
1153 1166
1153 1153
1100 1153
1100 1157
1044 1157
1044 1161
1142 1161
1142 1164
1050 1164
1050 1172
1003 1172
1003 1155
1026 1155
1026 1154
973 1154
973 1158
966 1158
966 1151
954 1151
954 1171
970 1171
970 1162
1002 1162
1002 1186
952 1186
952 1188
856 1188
856 1185
850 1185
850 1176
721 1176
721 1183
731 1183
731 1196
755 1196
755 1184
823 1184
823 1197
580 1197
580 1199
708 1199
708 1198
830 1198
830 1204
791 1204
791 1206
740 1206
740 1202
561 1202
561 1210
549 1210
549 1192
505 1192
505 1191
464 1191
464 1189
461 1189
461 1178
407 1178
407 1152
401 1152
401 1126
426 1126
426 1106
475 1106
475 1121
499 1121
499 1091
488 1091
488 1094
459 1094
459 1098
436 1098
436 1101
492 1101
492 1103
413 1103
413 1086
429 1086
429 1081
471 1081
471 1084
554 1084
554 1080
432 1080
432 1076
571 1076
571 1141
548 1141
548 1145
553 1145
553 1142
604 1142
604 1114
600 1114
600 1105
590 1105
590 1099
693 1099
693 1100
748 1100
748 1113
944 1113
944 1116
959 1116
959 1112
857 1112
857 1111
769 1111
769 1097
578 1097
578 1102
577 1102
577 1087
575 1087
575 1075
398 1075
398 1146
399 1146
399 1160
403 1160
403 1177
406 1177
406 1187
457 1187
457 1193
526 1193
526 1217
603 1217
603 1209
573 1209
573 1208
588 1208
588 1203
624 1203
624 1222
463 1222
463 1224
456 1224
456 1234
396 1234
396 1039
363 1039
363 1037
359 1037
359 1014
226 1014
226 1012
185 1012
185 1011
361 1011
361 1010
