968
631 130
631 132
610 132
610 178
619 178
619 150
632 150
632 141
625 141
625 133
637 133
637 153
641 153
641 138
663 138
663 156
662 156
662 181
654 181
654 186
656 186
656 219
649 219
649 290
653 290
653 417
646 417
646 440
647 440
647 618
642 618
642 523
644 523
644 498
633 498
633 630
608 630
608 723
601 723
601 750
599 750
599 772
592 772
592 698
598 698
598 672
596 672
596 580
472 580
472 584
435 584
435 590
440 590
440 627
411 627
411 636
412 636
412 673
410 673
410 737
423 737
423 785
422 785
422 807
427 807
427 806
430 806
430 789
431 789
431 848
408 848
408 864
405 864
405 860
393 860
393 840
392 840
392 824
390 824
390 781
384 781
384 712
376 712
376 656
364 656
364 905
365 905
365 917
356 917
356 918
344 918
344 922
335 922
335 923
348 923
348 926
349 926
349 936
354 936
354 950
355 950
355 920
373 920
373 984
358 984
358 1007
331 1007
331 1010
227 1010
227 1009
150 1009
150 1004
138 1004
138 996
125 996
125 853
197 853
197 852
127 852
127 849
209 849
209 841
257 841
257 818
145 818
145 829
71 829
71 834
18 834
18 810
17 810
17 804
1 804
1 835
162 835
162 837
172 837
172 830
194 830
194 820
256 820
256 832
253 832
253 828
217 828
217 836
199 836
199 843
165 843
165 844
143 844
143 847
121 847
121 850
119 850
119 868
124 868
124 874
123 874
123 995
122 995
122 987
101 987
101 998
99 998
99 943
93 943
93 872
92 872
92 956
97 956
97 1088
83 1088
83 1083
95 1083
95 1034
94 1034
94 1067
90 1067
90 1079
81 1079
81 1078
80 1078
80 1043
84 1043
84 1026
85 1026
85 939
79 939
79 932
87 932
87 940
89 940
89 924
86 924
86 913
74 913
74 1000
75 1000
75 1130
76 1130
76 1001
77 1001
77 968
78 968
78 1090
88 1090
88 1136
108 1136
108 1128
100 1128
100 1124
107 1124
107 1127
109 1127
109 1110
102 1110
102 990
103 990
103 1030
128 1030
128 1036
161 1036
161 1035
134 1035
134 1024
175 1024
175 1031
188 1031
188 1028
244 1028
244 1032
268 1032
268 1025
287 1025
287 1033
351 1033
351 1029
346 1029
346 1023
334 1023
334 1022
210 1022
210 1018
152 1018
152 1019
156 1019
156 1020
131 1020
131 1013
160 1013
160 1017
204 1017
204 1015
353 1015
353 1027
357 1027
357 1044
352 1044
352 1077
360 1077
360 1042
386 1042
386 1041
394 1041
394 1134
391 1134
391 1138
395 1138
395 1245
418 1245
418 1242
462 1242
462 1250
563 1250
563 1247
579 1247
579 1246
605 1246
605 1241
597 1241
597 1243
533 1243
533 1249
531 1249
531 1244
515 1244
515 1240
417 1240
417 1237
520 1237
520 1233
650 1233
650 1230
545 1230
545 1228
542 1228
542 1229
530 1229
530 1232
468 1232
468 1227
576 1227
576 1225
643 1225
643 1214
727 1214
727 1213
725 1213
725 1212
733 1212
733 1218
741 1218
741 1216
974 1216
974 1211
925 1211
925 1215
735 1215
735 1207
832 1207
832 1205
853 1205
853 1194
828 1194
828 1190
1017 1190
1017 1180
1005 1180
1005 1179
1023 1179
1023 1175
1022 1175
1022 1173
1139 1173
1139 1169
1197 1169
1197 1200
1204 1200
1204 1219
986 1219
986 1223
1090 1223
1090 1231
1027 1231
1027 1239
1215 1239
1215 1238
1212 1238
1212 1236
1162 1236
1162 1226
1099 1226
1099 1220
1220 1220
1220 1195
1216 1195
1216 1182
1209 1182
1209 1181
1232 1181
1232 1235
1233 1235
1233 1248
1237 1248
1237 1221
1240 1221
1240 1170
1229 1170
1229 1159
1247 1159
1247 1149
1228 1149
1228 1148
1218 1148
1218 1168
1214 1168
1214 1167
1148 1167
1148 1166
1153 1166
1153 1153
1100 1153
1100 1157
1044 1157
1044 1161
1142 1161
1142 1164
1050 1164
1050 1172
1003 1172
1003 1155
1026 1155
1026 1154
973 1154
973 1158
966 1158
966 1151
954 1151
954 1171
970 1171
970 1162
1002 1162
1002 1186
952 1186
952 1188
856 1188
856 1185
850 1185
850 1176
721 1176
721 1183
731 1183
731 1196
755 1196
755 1184
823 1184
823 1197
580 1197
580 1199
708 1199
708 1198
830 1198
830 1204
791 1204
791 1206
740 1206
740 1201
732 1201
732 1202
561 1202
561 1210
549 1210
549 1192
505 1192
505 1191
464 1191
464 1189
461 1189
461 1165
504 1165
504 1163
497 1163
497 1156
460 1156
460 1174
416 1174
416 1178
407 1178
407 1150
404 1150
404 1152
401 1152
401 1126
426 1126
426 1106
475 1106
475 1121
499 1121
499 1091
488 1091
488 1094
459 1094
459 1098
436 1098
436 1101
492 1101
492 1103
413 1103
413 1086
429 1086
429 1081
471 1081
471 1084
554 1084
554 1080
432 1080
432 1076
571 1076
571 1141
548 1141
548 1145
553 1145
553 1142
604 1142
604 1114
600 1114
600 1105
590 1105
590 1099
693 1099
693 1100
748 1100
748 1113
944 1113
944 1120
940 1120
940 1125
955 1125
955 1139
939 1139
939 1129
908 1129
908 1135
888 1135
888 1143
884 1143
884 1118
835 1118
835 1122
817 1122
817 1115
804 1115
804 1117
806 1117
806 1119
797 1119
797 1132
815 1132
815 1131
863 1131
863 1133
871 1133
871 1144
927 1144
927 1147
942 1147
942 1140
992 1140
992 949
991 949
991 1107
990 1107
990 1137
958 1137
958 1123
960 1123
960 1116
959 1116
959 1109
926 1109
926 1112
857 1112
857 1108
816 1108
816 1104
809 1104
809 1111
769 1111
769 1097
790 1097
790 1095
786 1095
786 1093
864 1093
864 1089
813 1089
813 1085
796 1085
796 1092
697 1092
697 1096
578 1096
578 1102
577 1102
577 1087
575 1087
575 1075
750 1075
750 1072
774 1072
774 1058
794 1058
794 1065
839 1065
839 1068
793 1068
793 1069
841 1069
841 1061
852 1061
852 1008
854 1008
854 1016
861 1016
861 1046
862 1046
862 1002
873 1002
873 1038
875 1038
875 1005
876 1005
876 1082
881 1082
881 1021
883 1021
883 1059
889 1059
889 1049
897 1049
897 994
880 994
880 947
879 947
879 942
900 942
900 941
878 941
878 928
870 928
870 934
848 934
848 902
895 902
895 906
948 906
948 914
961 914
961 907
967 907
967 898
962 898
962 897
887 897
887 901
785 901
785 900
775 900
775 903
728 903
728 927
704 927
704 912
686 912
686 930
665 930
665 925
657 925
657 929
566 929
566 933
595 933
595 931
722 931
722 935
729 935
729 945
668 945
668 954
614 954
614 964
622 964
622 974
607 974
607 976
589 976
589 957
584 957
584 965
569 965
569 972
567 972
567 991
572 991
572 980
574 980
574 992
621 992
621 989
602 989
602 978
623 978
623 985
626 985
626 959
639 959
639 973
683 973
683 967
675 967
675 962
652 962
652 958
676 958
676 951
684 951
684 983
687 983
687 982
692 982
692 963
690 963
690 952
720 952
720 953
702 953
702 997
707 997
707 971
710 971
710 988
712 988
712 969
723 969
723 961
718 961
718 960
730 960
730 946
734 946
734 909
751 909
751 904
798 904
798 910
776 910
776 915
847 915
847 986
865 986
865 999
851 999
851 1048
843 1048
843 1057
645 1057
645 1056
827 1056
827 1054
761 1054
761 1053
756 1053
756 1051
699 1051
699 1055
666 1055
666 1052
587 1052
587 1060
606 1060
606 1064
763 1064
763 1070
717 1070
717 1071
570 1071
570 1073
581 1073
581 1074
537 1074
537 975
527 975
527 948
546 948
546 921
540 921
540 916
511 916
511 937
521 937
521 919
538 919
538 944
523 944
523 970
522 970
522 955
512 955
512 938
506 938
506 977
536 977
536 1066
491 1066
491 1063
535 1063
535 1040
529 1040
529 1047
528 1047
528 1045
420 1045
420 1050
446 1050
446 1062
400 1062
400 979
398 979
398 1146
399 1146
399 1160
403 1160
403 1177
406 1177
406 1187
457 1187
457 1193
526 1193
526 1217
603 1217
603 1209
573 1209
573 1208
588 1208
588 1203
624 1203
624 1222
463 1222
463 1224
456 1224
456 1234
396 1234
396 1039
363 1039
363 1037
359 1037
359 1014
226 1014
226 1012
185 1012
185 1011
361 1011
361 1003
378 1003
378 876
372 876
372 693
374 693
374 802
379 802
379 756
381 756
381 815
375 815
375 861
397 861
397 866
402 866
402 870
425 870
425 855
433 855
433 713
414 713
414 629
444 629
444 706
438 706
438 739
439 739
439 845
466 845
466 851
469 851
469 854
470 854
470 858
476 858
476 869
481 869
481 857
496 857
496 877
500 877
500 867
502 867
502 842
493 842
493 856
487 856
487 838
484 838
484 831
449 831
449 823
453 823
453 814
445 814
445 813
441 813
441 740
442 740
442 751
448 751
448 715
473 715
473 729
494 729
494 724
486 724
486 692
455 692
455 609
451 609
451 592
474 592
474 603
495 603
495 620
458 620
458 622
485 622
485 621
501 621
501 594
565 594
565 586
480 586
480 582
593 582
593 653
591 653
591 654
585 654
585 776
586 776
586 777
613 777
613 762
609 762
609 746
616 746
616 799
620 799
620 700
617 700
617 651
634 651
634 521
638 521
638 625
648 625
648 431
679 431
679 665
674 665
674 657
651 657
651 667
681 667
681 316
680 316
680 294
678 294
678 322
677 322
677 308
670 308
670 363
658 363
658 367
660 367
660 366
664 366
664 371
669 371
669 423
655 423
655 220
682 220
682 215
673 215
673 183
671 183
671 193
667 193
667 130
