724
322 1
322 8
108 8
108 30
119 30
119 24
124 24
124 19
132 19
132 21
198 21
198 32
28 32
28 36
37 36
37 53
25 53
25 73
152 73
152 111
145 111
145 123
282 123
282 127
280 127
280 141
285 141
285 165
291 165
291 194
292 194
292 195
312 195
312 171
300 171
300 166
325 166
325 215
237 215
237 217
224 217
224 213
122 213
122 230
126 230
126 250
192 250
192 256
179 256
179 284
197 284
197 346
230 346
230 485
227 485
227 489
219 489
219 487
176 487
176 482
143 482
143 481
217 481
217 413
166 413
166 416
155 416
155 429
161 429
161 456
117 456
117 447
112 447
112 359
106 359
106 352
92 352
92 308
90 308
90 305
38 305
38 309
39 309
39 331
34 331
34 365
36 365
36 370
19 370
19 372
16 372
16 385
14 385
14 314
13 314
13 387
15 387
15 390
10 390
10 361
1 361
1 362
3 362
3 377
7 377
7 410
2 410
2 412
8 412
8 424
11 424
11 394
20 394
20 401
23 401
23 452
24 452
24 379
31 379
31 373
32 373
32 386
45 386
45 310
49 310
49 306
88 306
88 312
85 312
85 334
83 334
83 344
76 344
76 325
75 325
75 324
50 324
50 349
72 349
72 353
103 353
103 360
111 360
111 460
137 460
137 463
172 463
172 457
164 457
164 426
182 426
182 438
178 438
178 464
180 464
180 468
189 468
189 458
183 458
183 444
190 444
190 434
186 434
186 423
173 423
173 414
203 414
203 421
208 421
208 440
211 440
211 442
212 442
212 453
196 453
196 422
195 422
195 461
210 461
210 462
191 462
191 471
153 471
153 472
188 472
188 476
156 476
156 475
129 475
129 484
125 484
125 488
140 488
140 486
141 486
141 478
142 478
142 490
272 490
272 479
271 479
271 465
263 465
263 420
248 420
248 418
266 418
266 419
302 419
302 425
309 425
309 356
318 356
318 333
324 333
324 326
319 326
319 320
311 320
311 339
303 339
303 400
299 400
299 311
298 311
298 281
294 281
294 279
301 279
301 272
287 272
287 278
259 278
259 282
256 282
256 287
245 287
245 315
238 315
238 317
257 317
257 290
270 290
270 283
276 283
276 285
296 285
296 294
295 294
295 321
293 321
293 327
286 327
286 343
283 343
283 316
281 316
281 395
297 395
297 417
240 417
240 432
236 432
236 435
243 435
243 431
254 431
254 451
252 451
252 470
231 470
231 382
235 382
235 350
232 350
232 342
199 342
199 253
201 253
201 251
194 251
194 249
167 249
167 244
139 244
139 247
128 247
128 240
127 240
127 226
135 226
135 232
138 232
138 231
136 231
136 222
185 222
185 216
206 216
206 218
250 218
250 219
314 219
314 223
163 223
163 224
241 224
241 225
262 225
262 229
284 229
284 236
320 236
320 237
275 237
275 243
315 243
315 242
317 242
317 238
328 238
328 161
313 161
313 153
288 153
288 122
154 122
154 78
157 78
157 110
159 110
159 72
133 72
133 70
55 70
55 48
57 48
57 66
160 66
160 83
169 83
169 71
184 71
184 69
209 69
209 62
220 62
220 101
215 101
215 119
223 119
223 118
221 118
221 44
218 44
218 40
204 40
204 51
193 51
193 67
165 67
165 63
151 63
151 59
113 59
113 64
94 64
94 58
123 58
123 50
131 50
131 47
47 47
47 42
60 42
60 37
104 37
104 35
42 35
42 60
41 60
41 34
82 34
82 33
207 33
207 23
202 23
202 18
277 18
277 17
146 17
146 9
170 9
170 12
251 12
251 11
323 11
323 2
401 2
401 7
330 7
330 14
445 14
445 16
434 16
434 25
444 25
444 46
446 46
446 52
438 52
438 56
409 56
409 57
392 57
392 142
381 142
381 126
387 126
387 87
388 87
388 31
389 31
389 28
421 28
421 20
417 20
417 22
339 22
339 29
386 29
386 39
357 39
357 61
332 61
332 95
344 95
344 88
375 88
375 84
380 84
380 121
379 121
379 114
373 114
373 258
353 258
353 260
378 260
378 221
382 221
382 177
383 177
383 262
354 262
354 277
351 277
351 323
352 323
352 371
350 371
350 358
348 358
348 441
341 441
341 437
342 437
342 436
335 436
335 443
340 443
340 445
337 445
337 448
338 448
338 466
331 466
331 474
334 474
334 477
336 477
336 467
345 467
345 491
346 491
346 455
347 455
347 493
333 493
333 495
329 495
329 500
343 500
343 494
349 494
349 391
359 391
359 392
363 392
363 402
403 402
403 403
358 403
358 404
391 404
391 428
407 428
407 433
413 433
413 439
422 439
422 446
408 446
408 449
414 449
414 454
420 454
420 483
430 483
430 499
500 499
500 496
467 496
467 497
479 497
479 498
433 498
433 492
440 492
440 480
428 480
428 469
425 469
425 459
424 459
424 473
423 473
423 450
426 450
426 430
436 430
436 427
406 427
406 415
439 415
439 381
465 381
465 364
470 364
470 351
471 351
471 369
478 369
478 367
477 367
477 366
482 366
482 389
483 389
483 280
480 280
480 319
473 319
473 329
459 329
459 332
455 332
455 297
453 297
453 318
451 318
451 276
485 276
485 270
454 270
454 266
448 266
448 269
441 269
441 293
437 293
437 302
447 302
447 330
442 330
442 335
476 335
476 341
458 341
458 380
435 380
435 411
432 411
432 409
427 409
427 407
429 407
429 399
419 399
419 406
397 406
397 405
405 405
405 397
411 397
411 396
416 396
416 378
400 378
400 398
384 398
384 376
365 376
365 374
418 374
418 368
360 368
360 383
370 383
370 384
372 384
372 388
355 388
355 375
356 375
356 363
390 363
390 355
404 355
404 338
402 338
402 348
371 348
371 345
367 345
367 328
366 328
366 347
369 347
369 354
362 354
362 307
410 307
410 289
398 289
398 304
361 304
361 303
368 303
368 286
364 286
364 265
385 265
385 169
377 169
377 188
376 188
376 178
374 178
374 167
393 167
393 76
396 76
396 93
394 93
394 268
395 268
395 148
399 148
399 90
443 90
443 103
457 103
457 55
461 55
461 94
468 94
468 85
492 85
492 115
488 115
488 173
462 173
462 207
466 207
466 184
474 184
474 186
469 186
469 206
472 206
472 228
481 228
481 181
486 181
486 233
487 233
487 214
495 214
495 175
490 175
490 138
493 138
493 133
499 133
499 132
496 132
496 105
494 105
494 77
463 77
463 41
450 41
450 79
412 79
412 65
449 65
449 26
475 26
475 15
484 15
484 13
415 13
415 1
