88
155 423
155 429
161 429
161 456
117 456
117 447
112 447
112 359
106 359
106 352
92 352
92 308
90 308
90 305
38 305
38 309
39 309
39 331
34 331
34 365
36 365
36 370
19 370
19 372
16 372
16 385
14 385
14 314
13 314
13 387
15 387
15 390
10 390
10 361
1 361
1 362
3 362
3 377
7 377
7 410
2 410
2 412
8 412
8 424
11 424
11 394
20 394
20 401
23 401
23 452
24 452
24 379
31 379
31 373
32 373
32 386
45 386
45 310
49 310
49 306
88 306
88 312
85 312
85 334
83 334
83 344
76 344
76 325
75 325
75 324
50 324
50 349
72 349
72 353
103 353
103 360
111 360
111 460
137 460
137 463
172 463
172 457
164 457
164 426
182 426
182 434
186 434
186 423
