Removal 0: 
Solution 0: 
1 11
12 10
14 6
3 5
6 1
8 9

Solution 1: 
12 10
14 6
2 8
3 5
6 1
8 9

Solution 2: 
10 10
12 10
14 6
2 8
3 5
6 1

Solution 3: 
12 10
14 6
2 8
3 5
6 1
7 12

Solution 4: 
12 10
14 6
2 8
3 7
6 1
7 12

Solution 5: 
12 10
14 6
2 8
6 1
7 12
8 7

Solution 6: 
12 10
14 6
2 8
6 1
6 5
7 12

Solution 7: 
12 10
14 6
2 8
6 1
7 12
9 6

Solution 8: 
12 10
14 6
2 8
6 1
8 9
9 6

Solution 9: 
10 10
12 10
14 6
2 8
6 1
9 6

Solution 10: 
10 10
12 10
14 6
2 8
3 7
6 1

Solution 11: 
10 10
12 10
14 6
2 8
6 1
8 7

Solution 12: 
10 10
12 10
14 6
2 8
6 1
6 5

Solution 13: 
12 10
14 6
2 8
6 1
6 5
8 9

Solution 14: 
12 10
14 6
2 8
3 7
6 1
8 9

Solution 15: 
12 10
14 6
2 8
6 1
8 7
8 9

Solution 16: 
11 1
12 10
14 6
2 8
8 7
8 9

Solution 17: 
11 2
12 10
14 6
2 8
8 7
8 9

Solution 18: 
12 10
14 6
2 8
8 7
8 9
9 2

Solution 19: 
12 10
14 6
2 8
3 5
8 9
9 2

Solution 20: 
12 10
14 6
2 8
3 7
8 9
9 2

Solution 21: 
12 10
14 6
2 8
8 9
9 2
9 6

Solution 22: 
12 10
14 6
2 8
6 5
8 9
9 2

Solution 23: 
11 2
12 10
14 6
2 8
6 5
8 9

Solution 24: 
11 1
12 10
14 6
2 8
6 5
8 9

Solution 25: 
11 1
12 10
14 6
2 8
8 9
9 6

Solution 26: 
11 2
12 10
14 6
2 8
8 9
9 6

Solution 27: 
11 2
12 10
14 6
2 8
7 12
9 6

Solution 28: 
12 10
14 6
2 8
7 12
9 2
9 6

Solution 29: 
11 1
12 10
14 6
2 8
7 12
9 6

Solution 30: 
11 1
12 10
14 6
2 8
7 12
8 7

Solution 31: 
11 1
12 10
14 6
2 8
6 5
7 12

Solution 32: 
10 10
11 1
12 10
14 6
2 8
6 5

Solution 33: 
10 10
11 1
12 10
14 6
2 8
8 7

Solution 34: 
10 10
11 1
12 10
14 6
2 8
9 6

Solution 35: 
10 10
11 2
12 10
14 6
2 8
9 6

Solution 36: 
10 10
12 10
14 6
2 8
9 2
9 6

Solution 37: 
10 10
12 10
14 6
2 8
3 5
9 2

Solution 38: 
10 10
12 10
14 6
2 8
3 7
9 2

Solution 39: 
10 10
12 10
14 6
2 8
8 7
9 2

Solution 40: 
10 10
11 2
12 10
14 6
2 8
8 7

Solution 41: 
10 10
11 2
12 10
14 6
2 8
6 5

Solution 42: 
10 10
12 10
14 6
2 8
6 5
9 2

Solution 43: 
12 10
14 6
2 8
6 5
7 12
9 2

Solution 44: 
11 2
12 10
14 6
2 8
6 5
7 12

Solution 45: 
11 2
12 10
14 6
2 8
7 12
8 7

Solution 46: 
12 10
14 6
2 8
7 12
8 7
9 2

Solution 47: 
12 10
14 6
2 8
3 7
7 12
9 2

Solution 48: 
12 10
14 6
2 8
3 5
7 12
9 2

Solution 49: 
12 10
15 3
2 8
3 5
7 12
9 2

Solution 50: 
12 10
14 3
2 8
3 5
7 12
9 2

Solution 51: 
12 10
15 13
2 8
3 5
7 12
9 2

Solution 52: 
12 10
15 13
2 8
3 7
7 12
9 2

Solution 53: 
12 10
15 13
2 8
7 12
9 2
9 6

Solution 54: 
12 10
15 13
2 8
6 5
7 12
9 2

Solution 55: 
12 10
14 3
2 8
6 5
7 12
9 2

Solution 56: 
12 10
15 3
2 8
6 5
7 12
9 2

Solution 57: 
12 10
15 3
2 8
3 7
7 12
9 2

Solution 58: 
12 10
15 3
2 8
7 12
9 2
9 6

Solution 59: 
12 10
14 3
2 8
7 12
9 2
9 6

Solution 60: 
12 10
14 3
2 8
3 7
7 12
9 2

Solution 61: 
12 10
14 3
2 8
7 12
8 7
9 2

Solution 62: 
12 10
15 3
2 8
7 12
8 7
9 2

Solution 63: 
12 10
15 13
2 8
7 12
8 7
9 2

Solution 64: 
11 1
12 10
15 13
2 8
7 12
8 7

Solution 65: 
12 10
15 13
2 8
6 1
7 12
8 7

Solution 66: 
11 2
12 10
15 13
2 8
7 12
8 7

Solution 67: 
11 2
12 10
15 3
2 8
7 12
8 7

Solution 68: 
11 2
12 10
14 3
2 8
7 12
8 7

Solution 69: 
11 2
12 10
14 3
2 8
7 12
9 6

Solution 70: 
11 2
12 10
14 3
2 8
6 5
7 12

Solution 71: 
11 2
12 10
15 3
2 8
6 5
7 12

Solution 72: 
11 2
12 10
15 13
2 8
6 5
7 12

Solution 73: 
11 2
12 10
15 13
2 8
7 12
9 6

Solution 74: 
11 2
12 10
15 3
2 8
7 12
9 6

Solution 75: 
11 1
12 10
15 3
2 8
7 12
9 6

Solution 76: 
12 10
15 3
2 8
6 1
7 12
9 6

Solution 77: 
12 10
14 3
2 8
6 1
7 12
9 6

Solution 78: 
11 1
12 10
14 3
2 8
7 12
9 6

Solution 79: 
11 1
12 10
15 13
2 8
7 12
9 6

Solution 80: 
12 10
15 13
2 8
6 1
7 12
9 6

Solution 81: 
12 10
15 13
2 8
3 7
6 1
7 12

Solution 82: 
12 10
15 13
2 8
6 1
6 5
7 12

Solution 83: 
11 1
12 10
15 13
2 8
6 5
7 12

Solution 84: 
12 10
15 13
2 8
3 5
6 1
7 12

Solution 85: 
12 10
15 3
2 8
3 5
6 1
7 12

Solution 86: 
12 10
14 3
2 8
3 5
6 1
7 12

Solution 87: 
12 10
14 3
2 8
3 7
6 1
7 12

Solution 88: 
12 10
14 3
2 8
6 1
7 12
8 7

Solution 89: 
12 10
14 3
2 8
6 1
6 5
7 12

Solution 90: 
12 10
15 3
2 8
6 1
6 5
7 12

Solution 91: 
12 10
15 3
2 8
3 7
6 1
7 12

Solution 92: 
12 10
15 3
2 8
6 1
7 12
8 7

Solution 93: 
11 1
12 10
15 3
2 8
7 12
8 7

Solution 94: 
11 1
12 10
14 3
2 8
7 12
8 7

Solution 95: 
11 1
12 10
14 3
2 8
6 5
7 12

Solution 96: 
11 1
12 10
15 3
2 8
6 5
7 12

Solution 97: 
10 10
11 1
12 10
15 3
2 8
6 5

Solution 98: 
11 1
12 10
15 3
2 8
6 5
8 9

Solution 99: 
11 1
12 10
15 13
2 8
6 5
8 9

Solution 100: 
11 1
12 10
14 3
2 8
6 5
8 9

Solution 101: 
10 10
11 1
12 10
14 3
2 8
6 5

Solution 102: 
10 10
11 1
12 10
15 13
2 8
6 5

Solution 103: 
10 10
11 1
12 10
15 13
2 8
9 6

Solution 104: 
10 10
11 1
12 10
15 13
2 8
8 7

Solution 105: 
10 10
11 1
12 10
15 3
2 8
8 7

Solution 106: 
10 10
11 1
12 10
14 3
2 8
8 7

Solution 107: 
10 10
11 1
12 10
14 3
2 8
9 6

Solution 108: 
10 10
11 1
12 10
15 3
2 8
9 6

Solution 109: 
11 1
12 10
15 3
2 8
8 9
9 6

Solution 110: 
11 1
12 10
15 13
2 8
8 9
9 6

Solution 111: 
11 1
12 10
14 3
2 8
8 9
9 6

Solution 112: 
11 1
12 10
14 3
2 8
8 7
8 9

Solution 113: 
11 1
12 10
15 3
2 8
8 7
8 9

Solution 114: 
11 1
12 10
15 13
2 8
8 7
8 9

Solution 115: 
11 2
12 10
15 13
2 8
8 7
8 9

Solution 116: 
11 2
12 10
15 3
2 8
8 7
8 9

Solution 117: 
11 2
12 10
14 3
2 8
8 7
8 9

Solution 118: 
12 10
14 3
2 8
6 1
8 7
8 9

Solution 119: 
12 10
15 3
2 8
6 1
8 7
8 9

Solution 120: 
12 10
15 13
2 8
6 1
8 7
8 9

Solution 121: 
12 10
15 13
2 8
8 7
8 9
9 2

Solution 122: 
12 10
15 3
2 8
8 7
8 9
9 2

Solution 123: 
12 10
14 3
2 8
8 7
8 9
9 2

Solution 124: 
10 10
12 10
14 3
2 8
8 7
9 2

Solution 125: 
10 10
12 10
15 3
2 8
8 7
9 2

Solution 126: 
10 10
12 10
15 13
2 8
8 7
9 2

Solution 127: 
10 10
11 2
12 10
15 13
2 8
8 7

Solution 128: 
10 10
12 10
15 13
2 8
6 1
8 7

Solution 129: 
10 10
12 10
15 3
2 8
6 1
8 7

Solution 130: 
10 10
11 2
12 10
15 3
2 8
8 7

Solution 131: 
10 10
11 2
12 10
14 3
2 8
8 7

Solution 132: 
10 10
12 10
14 3
2 8
6 1
8 7

Solution 133: 
10 10
12 10
14 3
2 8
3 7
6 1

Solution 134: 
10 10
12 10
14 3
2 8
6 1
6 5

Solution 135: 
10 10
12 10
14 3
2 8
6 1
9 6

Solution 136: 
10 10
12 10
14 3
2 8
3 5
6 1

Solution 137: 
10 10
12 10
15 3
2 8
3 5
6 1

Solution 138: 
10 10
12 10
15 13
2 8
3 5
6 1

Solution 139: 
10 10
12 10
15 13
2 8
3 7
6 1

Solution 140: 
10 10
12 10
15 13
2 8
6 1
6 5

Solution 141: 
10 10
12 10
15 13
2 8
6 1
9 6

Solution 142: 
10 10
12 10
15 3
2 8
6 1
9 6

Solution 143: 
10 10
12 10
15 3
2 8
6 1
6 5

Solution 144: 
10 10
12 10
15 3
2 8
3 7
6 1

Solution 145: 
10 10
12 10
15 3
2 8
3 7
9 2

Solution 146: 
10 10
12 10
15 3
2 8
6 5
9 2

Solution 147: 
10 10
11 2
12 10
15 3
2 8
6 5

Solution 148: 
10 10
12 10
15 3
2 8
3 5
9 2

Solution 149: 
10 10
12 10
15 13
2 8
3 5
9 2

Solution 150: 
10 10
12 10
14 3
2 8
3 5
9 2

Solution 151: 
10 10
12 10
14 3
2 8
3 7
9 2

Solution 152: 
10 10
12 10
14 3
2 8
9 2
9 6

Solution 153: 
10 10
11 2
12 10
14 3
2 8
9 6

Solution 154: 
10 10
11 2
12 10
14 3
2 8
6 5

Solution 155: 
10 10
12 10
14 3
2 8
6 5
9 2

Solution 156: 
10 10
12 10
15 13
2 8
6 5
9 2

Solution 157: 
10 10
11 2
12 10
15 13
2 8
6 5

Solution 158: 
10 10
12 10
15 13
2 8
3 7
9 2

Solution 159: 
10 10
12 10
15 13
2 8
9 2
9 6

Solution 160: 
10 10
11 2
12 10
15 13
2 8
9 6

Solution 161: 
10 10
11 2
12 10
15 3
2 8
9 6

Solution 162: 
10 10
12 10
15 3
2 8
9 2
9 6

Solution 163: 
12 10
15 3
2 8
8 9
9 2
9 6

Solution 164: 
12 10
15 13
2 8
8 9
9 2
9 6

Solution 165: 
12 10
14 3
2 8
8 9
9 2
9 6

Solution 166: 
12 10
14 3
2 8
6 1
8 9
9 6

Solution 167: 
11 2
12 10
14 3
2 8
8 9
9 6

Solution 168: 
11 2
12 10
15 3
2 8
8 9
9 6

Solution 169: 
11 2
12 10
15 13
2 8
8 9
9 6

Solution 170: 
12 10
15 13
2 8
6 1
8 9
9 6

Solution 171: 
12 10
15 3
2 8
6 1
8 9
9 6

Solution 172: 
12 10
15 3
2 8
3 7
6 1
8 9

Solution 173: 
12 10
15 3
2 8
6 1
6 5
8 9

Solution 174: 
12 10
15 3
2 8
3 5
6 1
8 9

Solution 175: 
12 10
14 3
2 8
3 5
6 1
8 9

Solution 176: 
12 10
15 13
2 8
3 5
6 1
8 9

Solution 177: 
12 10
15 13
2 8
3 7
6 1
8 9

Solution 178: 
12 10
15 13
2 8
6 1
6 5
8 9

Solution 179: 
12 10
14 3
2 8
6 1
6 5
8 9

Solution 180: 
12 10
14 3
2 8
3 7
6 1
8 9

Solution 181: 
12 10
14 3
2 8
3 7
8 9
9 2

Solution 182: 
12 10
14 3
2 8
3 5
8 9
9 2

Solution 183: 
12 10
14 3
2 8
6 5
8 9
9 2

Solution 184: 
11 2
12 10
14 3
2 8
6 5
8 9

Solution 185: 
11 2
12 10
15 3
2 8
6 5
8 9

Solution 186: 
11 2
12 10
15 13
2 8
6 5
8 9

Solution 187: 
12 10
15 13
2 8
6 5
8 9
9 2

Solution 188: 
12 10
15 3
2 8
6 5
8 9
9 2

Solution 189: 
12 10
15 3
2 8
3 5
8 9
9 2

Solution 190: 
12 10
15 3
2 8
3 7
8 9
9 2

Solution 191: 
12 10
15 13
2 8
3 7
8 9
9 2

Solution 192: 
12 10
15 13
2 8
3 5
8 9
9 2

Solution 193: 
12 14
15 13
2 8
3 5
8 9
9 2

Solution 194: 
13 14
15 13
2 8
3 5
8 9
9 2

Solution 195: 
13 13
15 13
2 8
3 5
8 9
9 2

Solution 196: 
13 13
15 3
2 8
3 5
8 9
9 2

Solution 197: 
13 13
14 6
2 8
3 5
8 9
9 2

Solution 198: 
13 14
14 6
2 8
3 5
8 9
9 2

Solution 199: 
12 14
14 6
2 8
3 5
8 9
9 2

Solution 200: 
13 13
14 3
2 8
3 5
8 9
9 2

Solution 201: 
13 13
14 3
2 8
8 9
9 2
9 6

Solution 202: 
13 13
14 3
2 8
3 7
8 9
9 2

Solution 203: 
13 13
14 3
2 8
6 5
8 9
9 2

Solution 204: 
13 13
14 3
2 8
8 7
8 9
9 2

Solution 205: 
13 13
15 3
2 8
8 7
8 9
9 2

Solution 206: 
13 13
15 13
2 8
8 7
8 9
9 2

Solution 207: 
12 14
15 13
2 8
8 7
8 9
9 2

Solution 208: 
13 14
15 13
2 8
8 7
8 9
9 2

Solution 209: 
13 14
15 13
2 8
3 7
8 9
9 2

Solution 210: 
13 14
15 13
2 8
8 9
9 2
9 6

Solution 211: 
12 14
15 13
2 8
8 9
9 2
9 6

Solution 212: 
12 14
15 13
2 8
3 7
8 9
9 2

Solution 213: 
13 13
15 13
2 8
3 7
8 9
9 2

Solution 214: 
13 13
15 13
2 8
8 9
9 2
9 6

Solution 215: 
13 13
15 3
2 8
8 9
9 2
9 6

Solution 216: 
13 13
15 3
2 8
3 7
8 9
9 2

Solution 217: 
13 13
14 6
2 8
3 7
8 9
9 2

Solution 218: 
13 13
14 6
2 8
8 9
9 2
9 6

Solution 219: 
12 14
14 6
2 8
8 9
9 2
9 6

Solution 220: 
13 14
14 6
2 8
8 9
9 2
9 6

Solution 221: 
13 14
14 6
2 8
3 7
8 9
9 2

Solution 222: 
12 14
14 6
2 8
3 7
8 9
9 2

Solution 223: 
12 14
14 6
2 8
8 7
8 9
9 2

Solution 224: 
12 14
14 6
2 8
6 5
8 9
9 2

Solution 225: 
13 14
14 6
2 8
6 5
8 9
9 2

Solution 226: 
13 14
14 6
2 8
8 7
8 9
9 2

Solution 227: 
13 14
15 13
2 8
6 5
8 9
9 2

Solution 228: 
12 14
15 13
2 8
6 5
8 9
9 2

Solution 229: 
13 13
15 13
2 8
6 5
8 9
9 2

Solution 230: 
13 13
15 3
2 8
6 5
8 9
9 2

Solution 231: 
13 13
14 6
2 8
6 5
8 9
9 2

Solution 232: 
13 13
14 6
2 8
8 7
8 9
9 2

Solution 233: 
13 13
14 6
2 8
7 12
8 7
9 2

Solution 234: 
10 10
13 13
14 6
2 8
8 7
9 2

Solution 235: 
10 10
13 13
14 6
2 8
3 5
9 2

Solution 236: 
10 10
13 13
14 6
2 8
9 2
9 6

Solution 237: 
10 10
13 13
14 6
2 8
3 7
9 2

Solution 238: 
10 10
13 13
14 6
2 8
6 5
9 2

Solution 239: 
13 13
14 6
2 8
6 5
7 12
9 2

Solution 240: 
13 13
14 6
2 8
7 12
9 2
9 6

Solution 241: 
13 13
14 6
2 8
3 5
7 12
9 2

Solution 242: 
13 13
14 6
2 8
3 7
7 12
9 2

Solution 243: 
13 13
15 3
2 8
7 12
8 7
9 2

Solution 244: 
13 13
14 3
2 8
7 12
8 7
9 2

Solution 245: 
13 13
15 13
2 8
7 12
8 7
9 2

Solution 246: 
13 13
15 13
2 8
7 12
9 2
9 6

Solution 247: 
13 13
15 3
2 8
7 12
9 2
9 6

Solution 248: 
13 13
14 3
2 8
7 12
9 2
9 6

Solution 249: 
10 10
13 13
14 3
2 8
9 2
9 6

Solution 250: 
10 10
13 13
15 3
2 8
9 2
9 6

Solution 251: 
10 10
13 13
15 13
2 8
9 2
9 6

Solution 252: 
10 10
13 13
15 13
2 8
3 7
9 2

Solution 253: 
10 10
13 13
15 13
2 8
3 5
9 2

Solution 254: 
10 10
13 13
15 13
2 8
6 5
9 2

Solution 255: 
10 10
13 13
15 13
2 8
8 7
9 2

Solution 256: 
10 10
13 13
15 3
2 8
8 7
9 2

Solution 257: 
10 10
13 13
14 3
2 8
8 7
9 2

Solution 258: 
10 10
13 13
14 3
2 8
3 5
9 2

Solution 259: 
10 10
13 13
14 3
2 8
6 5
9 2

Solution 260: 
10 10
13 13
15 3
2 8
6 5
9 2

Solution 261: 
10 10
13 13
15 3
2 8
3 5
9 2

Solution 262: 
10 10
13 13
15 3
2 8
3 7
9 2

Solution 263: 
10 10
13 13
14 3
2 8
3 7
9 2

Solution 264: 
10 10
13 14
14 6
2 8
3 7
9 2

Solution 265: 
10 10
12 14
14 6
2 8
3 7
9 2

Solution 266: 
10 10
12 14
14 6
2 8
3 5
9 2

Solution 267: 
10 10
12 14
14 6
2 8
6 5
9 2

Solution 268: 
10 10
12 14
14 6
2 8
9 2
9 6

Solution 269: 
10 10
13 14
14 6
2 8
9 2
9 6

Solution 270: 
10 10
13 14
14 6
2 8
6 5
9 2

Solution 271: 
10 10
13 14
14 6
2 8
3 5
9 2

Solution 272: 
10 10
13 14
15 13
2 8
3 5
9 2

Solution 273: 
10 10
13 14
15 13
2 8
6 5
9 2

Solution 274: 
10 10
13 14
15 13
2 8
3 7
9 2

Solution 275: 
10 10
13 14
15 13
2 8
9 2
9 6

Solution 276: 
10 10
12 14
15 13
2 8
9 2
9 6

Solution 277: 
10 10
12 14
15 13
2 8
6 5
9 2

Solution 278: 
10 10
12 14
15 13
2 8
3 7
9 2

Solution 279: 
10 10
12 14
15 13
2 8
3 5
9 2

Solution 280: 
10 10
12 14
15 13
2 8
8 7
9 2

Solution 281: 
10 10
12 14
14 6
2 8
8 7
9 2

Solution 282: 
10 10
13 14
14 6
2 8
8 7
9 2

Solution 283: 
10 10
13 14
15 13
2 8
8 7
9 2

Solution 284: 
13 14
15 13
2 8
7 12
8 7
9 2

Solution 285: 
12 14
15 13
2 8
7 12
8 7
9 2

Solution 286: 
12 14
14 6
2 8
7 12
8 7
9 2

Solution 287: 
13 14
14 6
2 8
7 12
8 7
9 2

Solution 288: 
13 14
14 6
2 8
6 5
7 12
9 2

Solution 289: 
13 14
14 6
2 8
3 7
7 12
9 2

Solution 290: 
13 14
14 6
2 8
7 12
9 2
9 6

Solution 291: 
13 14
14 6
2 8
3 5
7 12
9 2

Solution 292: 
13 14
15 13
2 8
7 12
9 2
9 6

Solution 293: 
12 14
15 13
2 8
7 12
9 2
9 6

Solution 294: 
12 14
14 6
2 8
7 12
9 2
9 6

Solution 295: 
12 14
14 6
2 8
6 5
7 12
9 2

Solution 296: 
12 14
14 6
2 8
3 7
7 12
9 2

Solution 297: 
12 14
14 6
2 8
3 5
7 12
9 2

Solution 298: 
12 14
14 6
2 8
3 5
6 1
7 12

Solution 299: 
13 13
14 6
2 8
3 5
6 1
7 12

Solution 300: 
13 13
14 6
2 8
3 7
6 1
7 12

Solution 301: 
13 13
14 6
2 8
6 1
7 12
8 7

Solution 302: 
11 2
13 13
14 6
2 8
7 12
8 7

Solution 303: 
11 1
13 13
14 6
2 8
7 12
8 7

Solution 304: 
11 1
12 14
14 6
2 8
7 12
8 7

Solution 305: 
11 2
12 14
14 6
2 8
7 12
8 7

Solution 306: 
11 2
13 14
14 6
2 8
7 12
8 7

Solution 307: 
11 1
13 14
14 6
2 8
7 12
8 7

Solution 308: 
13 14
14 6
2 8
6 1
7 12
8 7

Solution 309: 
12 14
14 6
2 8
6 1
7 12
8 7

Solution 310: 
12 14
14 6
2 8
3 7
6 1
7 12

Solution 311: 
12 14
14 6
2 8
6 1
6 5
7 12

Solution 312: 
12 14
14 6
2 8
6 1
7 12
9 6

Solution 313: 
13 13
14 6
2 8
6 1
7 12
9 6

Solution 314: 
13 14
14 6
2 8
6 1
7 12
9 6

Solution 315: 
13 14
14 6
2 8
3 7
6 1
7 12

Solution 316: 
13 14
14 6
2 8
6 1
6 5
7 12

Solution 317: 
13 14
14 6
2 8
3 5
6 1
7 12

Solution 318: 
13 13
14 6
2 8
6 1
6 5
7 12

Solution 319: 
11 2
13 13
14 6
2 8
6 5
7 12

Solution 320: 
11 1
13 13
14 6
2 8
6 5
7 12

Solution 321: 
11 1
12 14
14 6
2 8
6 5
7 12

Solution 322: 
11 1
13 14
14 6
2 8
6 5
7 12

Solution 323: 
11 2
13 14
14 6
2 8
6 5
7 12

Solution 324: 
11 2
12 14
14 6
2 8
6 5
7 12

Solution 325: 
11 2
12 14
14 6
2 8
7 12
9 6

Solution 326: 
11 1
12 14
14 6
2 8
7 12
9 6

Solution 327: 
11 1
13 14
14 6
2 8
7 12
9 6

Solution 328: 
11 1
13 13
14 6
2 8
7 12
9 6

Solution 329: 
11 2
13 13
14 6
2 8
7 12
9 6

Solution 330: 
11 2
13 14
14 6
2 8
7 12
9 6

Solution 331: 
11 2
13 14
14 6
2 8
8 9
9 6

Solution 332: 
10 10
11 2
13 14
14 6
2 8
9 6

Solution 333: 
10 10
13 14
14 6
2 8
6 1
9 6

Solution 334: 
10 10
11 1
13 14
14 6
2 8
9 6

Solution 335: 
11 1
13 14
14 6
2 8
8 9
9 6

Solution 336: 
13 14
14 6
2 8
6 1
8 9
9 6

Solution 337: 
12 14
14 6
2 8
6 1
8 9
9 6

Solution 338: 
13 13
14 6
2 8
6 1
8 9
9 6

Solution 339: 
11 2
13 13
14 6
2 8
8 9
9 6

Solution 340: 
11 1
13 13
14 6
2 8
8 9
9 6

Solution 341: 
11 1
12 14
14 6
2 8
8 9
9 6

Solution 342: 
11 2
12 14
14 6
2 8
8 9
9 6

Solution 343: 
10 10
11 2
12 14
14 6
2 8
9 6

Solution 344: 
10 10
11 1
12 14
14 6
2 8
9 6

Solution 345: 
10 10
12 14
14 6
2 8
6 1
9 6

Solution 346: 
10 10
13 13
14 6
2 8
6 1
9 6

Solution 347: 
10 10
11 1
13 13
14 6
2 8
9 6

Solution 348: 
10 10
11 2
13 13
14 6
2 8
9 6

Solution 349: 
10 10
11 2
13 13
14 6
2 8
8 7

Solution 350: 
10 10
11 2
13 13
14 6
2 8
6 5

Solution 351: 
11 2
13 13
14 6
2 8
6 5
8 9

Solution 352: 
11 2
13 13
14 6
2 8
8 7
8 9

Solution 353: 
11 2
12 14
14 6
2 8
8 7
8 9

Solution 354: 
11 2
13 14
14 6
2 8
8 7
8 9

Solution 355: 
11 2
13 14
14 6
2 8
6 5
8 9

Solution 356: 
11 2
12 14
14 6
2 8
6 5
8 9

Solution 357: 
10 10
11 2
12 14
14 6
2 8
6 5

Solution 358: 
10 10
11 2
13 14
14 6
2 8
6 5

Solution 359: 
10 10
11 2
13 14
14 6
2 8
8 7

Solution 360: 
10 10
11 2
12 14
14 6
2 8
8 7

Solution 361: 
10 10
11 1
12 14
14 6
2 8
8 7

Solution 362: 
10 10
11 1
12 14
14 6
2 8
6 5

Solution 363: 
11 1
12 14
14 6
2 8
6 5
8 9

Solution 364: 
12 14
14 6
2 8
6 1
6 5
8 9

Solution 365: 
12 14
14 6
2 8
3 7
6 1
8 9

Solution 366: 
12 14
14 6
2 8
3 5
6 1
8 9

Solution 367: 
12 14
14 6
2 8
6 1
8 7
8 9

Solution 368: 
11 1
12 14
14 6
2 8
8 7
8 9

Solution 369: 
10 10
12 14
14 6
2 8
6 1
8 7

Solution 370: 
10 10
12 14
14 6
2 8
3 7
6 1

Solution 371: 
10 10
12 14
14 6
2 8
3 5
6 1

Solution 372: 
10 10
12 14
14 6
2 8
6 1
6 5

Solution 373: 
10 10
13 14
14 6
2 8
6 1
6 5

Solution 374: 
10 10
13 13
14 6
2 8
6 1
6 5

Solution 375: 
10 10
13 13
14 6
2 8
3 5
6 1

Solution 376: 
10 10
13 13
14 6
2 8
6 1
8 7

Solution 377: 
10 10
13 13
14 6
2 8
3 7
6 1

Solution 378: 
10 10
13 14
14 6
2 8
3 7
6 1

Solution 379: 
10 10
13 14
14 6
2 8
3 5
6 1

Solution 380: 
10 10
13 14
14 6
2 8
6 1
8 7

Solution 381: 
13 14
14 6
2 8
6 1
8 7
8 9

Solution 382: 
13 13
14 6
2 8
6 1
8 7
8 9

Solution 383: 
13 13
14 6
2 8
3 5
6 1
8 9

Solution 384: 
13 13
14 6
2 8
3 7
6 1
8 9

Solution 385: 
13 13
14 6
2 8
6 1
6 5
8 9

Solution 386: 
13 14
14 6
2 8
6 1
6 5
8 9

Solution 387: 
13 14
14 6
2 8
3 5
6 1
8 9

Solution 388: 
13 14
14 6
2 8
3 7
6 1
8 9

Solution 389: 
11 1
13 14
14 6
2 8
8 7
8 9

Solution 390: 
11 1
13 14
14 6
2 8
6 5
8 9

Solution 391: 
10 10
11 1
13 14
14 6
2 8
6 5

Solution 392: 
10 10
11 1
13 14
14 6
2 8
8 7

Solution 393: 
10 10
11 1
13 13
14 6
2 8
8 7

Solution 394: 
10 10
11 1
13 13
14 6
2 8
6 5

Solution 395: 
11 1
13 13
14 6
2 8
6 5
8 9

Solution 396: 
11 1
13 13
14 6
2 8
8 7
8 9

Solution 397: 
11 1
13 13
15 3
2 8
8 7
8 9

Solution 398: 
11 1
13 13
14 3
2 8
8 7
8 9

Solution 399: 
11 1
13 13
15 13
2 8
8 7
8 9

Solution 400: 
11 1
13 13
15 13
2 8
8 9
9 6

Solution 401: 
11 1
13 13
15 13
2 8
6 5
8 9

Solution 402: 
11 1
13 13
14 3
2 8
6 5
8 9

Solution 403: 
11 1
13 13
15 3
2 8
6 5
8 9

Solution 404: 
11 1
13 13
15 3
2 8
8 9
9 6

Solution 405: 
11 1
13 13
14 3
2 8
8 9
9 6

Solution 406: 
11 1
12 14
15 13
2 8
8 9
9 6

Solution 407: 
11 1
13 14
15 13
2 8
8 9
9 6

Solution 408: 
11 1
13 14
15 13
2 8
8 7
8 9

Solution 409: 
11 1
13 14
15 13
2 8
6 5
8 9

Solution 410: 
11 1
12 14
15 13
2 8
6 5
8 9

Solution 411: 
11 1
12 14
15 13
2 8
8 7
8 9

Solution 412: 
11 1
12 14
15 13
2 8
7 12
8 7

Solution 413: 
10 10
11 1
12 14
15 13
2 8
8 7

Solution 414: 
10 10
11 1
13 13
15 13
2 8
8 7

Solution 415: 
10 10
11 1
13 14
15 13
2 8
8 7

Solution 416: 
11 1
13 14
15 13
2 8
7 12
8 7

Solution 417: 
11 1
13 13
15 13
2 8
7 12
8 7

Solution 418: 
11 1
13 13
15 13
2 8
7 12
9 6

Solution 419: 
11 1
12 14
15 13
2 8
7 12
9 6

Solution 420: 
11 1
13 14
15 13
2 8
7 12
9 6

Solution 421: 
10 10
11 1
13 14
15 13
2 8
9 6

Solution 422: 
10 10
11 1
13 13
15 13
2 8
9 6

Solution 423: 
10 10
11 1
12 14
15 13
2 8
9 6

Solution 424: 
10 10
11 1
12 14
15 13
2 8
6 5

Solution 425: 
10 10
11 1
13 13
15 13
2 8
6 5

Solution 426: 
10 10
11 1
13 14
15 13
2 8
6 5

Solution 427: 
10 10
11 1
13 13
14 3
2 8
6 5

Solution 428: 
10 10
11 1
13 13
15 3
2 8
6 5

Solution 429: 
10 10
11 1
13 13
15 3
2 8
8 7

Solution 430: 
10 10
11 1
13 13
15 3
2 8
9 6

Solution 431: 
10 10
11 1
13 13
14 3
2 8
9 6

Solution 432: 
10 10
11 1
13 13
14 3
2 8
8 7

Solution 433: 
11 1
13 13
14 3
2 8
7 12
8 7

Solution 434: 
11 1
13 13
15 3
2 8
7 12
8 7

Solution 435: 
11 1
13 13
15 3
2 8
7 12
9 6

Solution 436: 
11 1
13 13
14 3
2 8
7 12
9 6

Solution 437: 
11 2
13 13
14 3
2 8
7 12
9 6

Solution 438: 
13 13
14 3
2 8
6 1
7 12
9 6

Solution 439: 
13 13
15 13
2 8
6 1
7 12
9 6

Solution 440: 
11 2
13 13
15 13
2 8
7 12
9 6

Solution 441: 
11 2
13 13
15 3
2 8
7 12
9 6

Solution 442: 
13 13
15 3
2 8
6 1
7 12
9 6

Solution 443: 
13 13
15 3
2 8
6 1
7 12
8 7

Solution 444: 
13 13
15 13
2 8
6 1
7 12
8 7

Solution 445: 
13 13
14 3
2 8
6 1
7 12
8 7

Solution 446: 
11 2
13 13
14 3
2 8
7 12
8 7

Solution 447: 
11 2
13 13
15 13
2 8
7 12
8 7

Solution 448: 
11 2
13 13
15 3
2 8
7 12
8 7

Solution 449: 
11 2
13 13
15 3
2 8
8 7
8 9

Solution 450: 
10 10
11 2
13 13
15 3
2 8
8 7

Solution 451: 
10 10
13 13
15 3
2 8
6 1
8 7

Solution 452: 
13 13
15 3
2 8
6 1
8 7
8 9

Solution 453: 
13 13
15 13
2 8
6 1
8 7
8 9

Solution 454: 
13 13
14 3
2 8
6 1
8 7
8 9

Solution 455: 
11 2
13 13
14 3
2 8
8 7
8 9

Solution 456: 
11 2
13 13
15 13
2 8
8 7
8 9

Solution 457: 
10 10
11 2
13 13
15 13
2 8
8 7

Solution 458: 
10 10
13 13
15 13
2 8
6 1
8 7

Solution 459: 
10 10
13 13
14 3
2 8
6 1
8 7

Solution 460: 
10 10
11 2
13 13
14 3
2 8
8 7

Solution 461: 
10 10
11 2
13 13
14 3
2 8
6 5

Solution 462: 
10 10
11 2
13 13
14 3
2 8
9 6

Solution 463: 
10 10
11 2
13 13
15 3
2 8
9 6

Solution 464: 
10 10
11 2
13 13
15 13
2 8
9 6

Solution 465: 
10 10
11 2
13 13
15 13
2 8
6 5

Solution 466: 
10 10
11 2
13 13
15 3
2 8
6 5

Solution 467: 
10 10
13 13
15 3
2 8
6 1
6 5

Solution 468: 
10 10
13 13
15 13
2 8
6 1
6 5

Solution 469: 
10 10
13 13
15 13
2 8
3 5
6 1

Solution 470: 
10 10
13 13
15 13
2 8
3 7
6 1

Solution 471: 
10 10
13 13
15 3
2 8
3 7
6 1

Solution 472: 
10 10
13 13
15 3
2 8
3 5
6 1

Solution 473: 
10 10
13 13
14 3
2 8
3 5
6 1

Solution 474: 
10 10
13 13
14 3
2 8
6 1
6 5

Solution 475: 
10 10
13 13
14 3
2 8
3 7
6 1

Solution 476: 
10 10
13 13
14 3
2 8
6 1
9 6

Solution 477: 
10 10
13 13
15 3
2 8
6 1
9 6

Solution 478: 
10 10
13 13
15 13
2 8
6 1
9 6

Solution 479: 
13 13
15 13
2 8
6 1
8 9
9 6

Solution 480: 
11 2
13 13
15 13
2 8
8 9
9 6

Solution 481: 
11 2
13 13
15 3
2 8
8 9
9 6

Solution 482: 
11 2
13 13
14 3
2 8
8 9
9 6

Solution 483: 
13 13
14 3
2 8
6 1
8 9
9 6

Solution 484: 
13 13
15 3
2 8
6 1
8 9
9 6

Solution 485: 
13 13
15 3
2 8
3 5
6 1
8 9

Solution 486: 
13 13
15 3
2 8
6 1
6 5
8 9

Solution 487: 
13 13
15 3
2 8
3 7
6 1
8 9

Solution 488: 
13 13
15 13
2 8
3 7
6 1
8 9

Solution 489: 
13 13
15 13
2 8
3 5
6 1
8 9

Solution 490: 
13 13
15 13
2 8
6 1
6 5
8 9

Solution 491: 
13 13
14 3
2 8
6 1
6 5
8 9

Solution 492: 
13 13
14 3
2 8
3 5
6 1
8 9

Solution 493: 
13 13
14 3
2 8
3 7
6 1
8 9

Solution 494: 
11 2
13 13
14 3
2 8
6 5
8 9

Solution 495: 
11 2
13 13
15 13
2 8
6 5
8 9

Solution 496: 
11 2
13 13
15 3
2 8
6 5
8 9

Solution 497: 
11 2
13 14
15 13
2 8
6 5
8 9

Solution 498: 
11 2
12 14
15 13
2 8
6 5
8 9

Solution 499: 
12 14
15 13
2 8
6 1
6 5
8 9

Solution 500: 
13 14
15 13
2 8
6 1
6 5
8 9

Solution 501: 
13 14
15 13
2 8
6 1
8 9
9 6

Solution 502: 
13 14
15 13
2 8
3 7
6 1
8 9

Solution 503: 
13 14
15 13
2 8
3 5
6 1
8 9

Solution 504: 
13 14
15 13
2 8
6 1
8 7
8 9

Solution 505: 
12 14
15 13
2 8
6 1
8 7
8 9

Solution 506: 
12 14
15 13
2 8
6 1
8 9
9 6

Solution 507: 
12 14
15 13
2 8
3 7
6 1
8 9

Solution 508: 
12 14
15 13
2 8
3 5
6 1
8 9

Solution 509: 
11 2
12 14
15 13
2 8
8 9
9 6

Solution 510: 
11 2
12 14
15 13
2 8
8 7
8 9

Solution 511: 
11 2
13 14
15 13
2 8
8 7
8 9

Solution 512: 
11 2
13 14
15 13
2 8
8 9
9 6

Solution 513: 
11 2
13 14
15 13
2 8
7 12
9 6

Solution 514: 
10 10
11 2
13 14
15 13
2 8
9 6

Solution 515: 
10 10
11 2
12 14
15 13
2 8
9 6

Solution 516: 
11 2
12 14
15 13
2 8
7 12
9 6

Solution 517: 
11 2
12 14
15 13
2 8
7 12
8 7

Solution 518: 
11 2
13 14
15 13
2 8
7 12
8 7

Solution 519: 
10 10
11 2
13 14
15 13
2 8
8 7

Solution 520: 
10 10
11 2
12 14
15 13
2 8
8 7

Solution 521: 
10 10
11 2
12 14
15 13
2 8
6 5

Solution 522: 
10 10
11 2
13 14
15 13
2 8
6 5

Solution 523: 
10 10
13 14
15 13
2 8
6 1
6 5

Solution 524: 
10 10
13 14
15 13
2 8
3 7
6 1

Solution 525: 
10 10
13 14
15 13
2 8
3 5
6 1

Solution 526: 
10 10
13 14
15 13
2 8
6 1
9 6

Solution 527: 
10 10
13 14
15 13
2 8
6 1
8 7

Solution 528: 
10 10
12 14
15 13
2 8
6 1
8 7

Solution 529: 
10 10
12 14
15 13
2 8
3 7
6 1

Solution 530: 
10 10
12 14
15 13
2 8
3 5
6 1

Solution 531: 
10 10
12 14
15 13
2 8
6 1
9 6

Solution 532: 
10 10
12 14
15 13
2 8
6 1
6 5

Solution 533: 
12 14
15 13
2 8
6 1
7 12
9 6

Solution 534: 
13 14
15 13
2 8
6 1
7 12
9 6

Solution 535: 
13 14
15 13
2 8
6 1
7 12
8 7

Solution 536: 
12 14
15 13
2 8
6 1
7 12
8 7

Solution 537: 
1 11
12 14
15 13
6 1
7 12
8 7

Solution 538: 
1 11
12 10
15 13
6 1
7 12
8 7

Solution 539: 
1 11
13 13
15 13
6 1
7 12
8 7

Solution 540: 
1 11
13 14
15 13
6 1
7 12
8 7

Solution 541: 
1 11
13 14
15 13
6 1
7 12
9 6

Solution 542: 
1 11
13 13
15 13
6 1
7 12
9 6

Solution 543: 
1 11
12 14
15 13
6 1
7 12
9 6

Solution 544: 
1 11
12 10
15 13
6 1
7 12
9 6

Solution 545: 
1 11
12 10
15 13
3 7
6 1
7 12

Solution 546: 
1 11
12 10
15 13
6 1
6 5
7 12

Solution 547: 
1 11
12 10
15 13
3 5
6 1
7 12

Solution 548: 
1 11
12 10
15 13
3 5
6 1
8 9

Solution 549: 
1 11
10 10
12 10
15 13
3 5
6 1

Solution 550: 
1 11
10 10
12 10
15 13
3 7
6 1

Solution 551: 
1 11
10 10
12 10
15 13
6 1
6 5

Solution 552: 
1 11
10 10
12 10
15 13
6 1
8 7

Solution 553: 
1 11
12 10
15 13
6 1
8 7
8 9

Solution 554: 
1 11
12 10
15 13
6 1
6 5
8 9

Solution 555: 
1 11
12 10
15 13
3 7
6 1
8 9

Solution 556: 
1 11
12 10
15 13
6 1
8 9
9 6

Solution 557: 
1 11
10 10
12 10
15 13
6 1
9 6

Solution 558: 
1 11
10 10
13 14
15 13
6 1
9 6

Solution 559: 
1 11
10 10
12 14
15 13
6 1
9 6

Solution 560: 
1 11
10 10
13 13
15 13
6 1
9 6

Solution 561: 
1 11
10 10
13 13
15 13
3 5
6 1

Solution 562: 
1 11
10 10
13 13
15 13
6 1
6 5

Solution 563: 
1 11
10 10
13 13
15 13
6 1
8 7

Solution 564: 
1 11
10 10
13 13
15 13
3 7
6 1

Solution 565: 
1 11
13 13
15 13
3 7
6 1
8 9

Solution 566: 
1 11
13 13
15 13
6 1
8 7
8 9

Solution 567: 
1 11
13 13
15 13
6 1
6 5
8 9

Solution 568: 
1 11
13 13
15 13
3 5
6 1
8 9

Solution 569: 
1 11
13 13
15 13
6 1
8 9
9 6

Solution 570: 
1 11
13 14
15 13
6 1
8 9
9 6

Solution 571: 
1 11
12 14
15 13
6 1
8 9
9 6

Solution 572: 
1 11
12 14
15 13
6 1
6 5
8 9

Solution 573: 
1 11
12 14
15 13
3 7
6 1
8 9

Solution 574: 
1 11
12 14
15 13
3 5
6 1
8 9

Solution 575: 
1 11
12 14
15 13
6 1
8 7
8 9

Solution 576: 
1 11
13 14
15 13
6 1
8 7
8 9

Solution 577: 
1 11
13 14
15 13
6 1
6 5
8 9

Solution 578: 
1 11
13 14
15 13
3 7
6 1
8 9

Solution 579: 
1 11
13 14
15 13
3 5
6 1
8 9

Solution 580: 
1 11
10 10
13 14
15 13
3 5
6 1

Solution 581: 
1 11
10 10
13 14
15 13
3 7
6 1

Solution 582: 
1 11
10 10
13 14
15 13
6 1
6 5

Solution 583: 
1 11
10 10
13 14
15 13
6 1
8 7

Solution 584: 
1 11
10 10
12 14
15 13
6 1
8 7

Solution 585: 
1 11
10 10
12 14
15 13
3 7
6 1

Solution 586: 
1 11
10 10
12 14
15 13
3 5
6 1

Solution 587: 
1 11
10 10
12 14
15 13
6 1
6 5

Solution 588: 
1 11
10 10
12 14
14 6
6 1
6 5

Solution 589: 
1 11
10 10
12 14
14 6
3 5
6 1

Solution 590: 
1 11
10 10
12 14
14 6
3 7
6 1

Solution 591: 
1 11
12 14
14 6
3 7
6 1
7 12

Solution 592: 
1 11
12 14
14 6
3 5
6 1
7 12

Solution 593: 
1 11
12 14
14 6
6 1
6 5
7 12

Solution 594: 
1 11
12 14
14 6
6 1
7 12
9 6

Solution 595: 
1 11
12 14
14 6
6 1
7 12
8 7

Solution 596: 
1 11
10 10
12 14
14 6
6 1
8 7

Solution 597: 
1 11
12 14
14 6
6 1
8 7
8 9

Solution 598: 
1 11
12 14
14 6
3 7
6 1
8 9

Solution 599: 
1 11
12 14
14 6
3 5
6 1
8 9

Solution 600: 
1 11
12 14
14 6
6 1
8 9
9 6

Solution 601: 
1 11
12 14
14 6
6 1
6 5
8 9

Solution 602: 
1 11
10 10
12 14
14 6
6 1
9 6

Solution 603: 
1 11
10 10
13 14
14 6
6 1
9 6

Solution 604: 
1 11
13 14
14 6
6 1
7 12
9 6

Solution 605: 
1 11
13 13
14 6
6 1
7 12
9 6

Solution 606: 
1 11
10 10
13 13
14 6
6 1
9 6

Solution 607: 
1 11
10 10
13 13
15 3
6 1
9 6

Solution 608: 
1 11
10 10
13 13
14 3
6 1
9 6

Solution 609: 
1 11
13 13
14 3
6 1
7 12
9 6

Solution 610: 
1 11
13 13
14 3
6 1
8 9
9 6

Solution 611: 
1 11
13 13
15 3
6 1
8 9
9 6

Solution 612: 
1 11
13 13
14 6
6 1
8 9
9 6

Solution 613: 
1 11
13 13
15 3
6 1
7 12
9 6

Solution 614: 
1 11
12 10
15 3
6 1
7 12
9 6

Solution 615: 
1 11
10 10
12 10
15 3
6 1
9 6

Solution 616: 
1 11
10 10
12 10
14 3
6 1
9 6

Solution 617: 
1 11
12 10
14 3
6 1
7 12
9 6

Solution 618: 
1 11
12 10
14 6
6 1
7 12
9 6

Solution 619: 
1 11
10 10
12 10
14 6
6 1
9 6

Solution 620: 
1 11
12 10
14 6
6 1
8 9
9 6

Solution 621: 
1 11
12 10
14 3
6 1
8 9
9 6

Solution 622: 
1 11
12 10
15 3
6 1
8 9
9 6

Solution 623: 
1 11
13 14
14 6
6 1
8 9
9 6

Solution 624: 
1 11
13 14
14 6
6 1
6 5
8 9

Solution 625: 
1 11
13 14
14 6
3 5
6 1
8 9

Solution 626: 
1 11
13 14
14 6
3 7
6 1
8 9

Solution 627: 
1 11
13 14
14 6
6 1
8 7
8 9

Solution 628: 
1 11
13 13
14 6
6 1
8 7
8 9

Solution 629: 
1 11
12 10
14 6
6 1
8 7
8 9

Solution 630: 
1 11
12 10
14 6
3 7
6 1
8 9

Solution 631: 
1 11
12 10
14 6
6 1
6 5
8 9

Solution 632: 
1 11
13 13
14 6
6 1
6 5
8 9

Solution 633: 
1 11
13 13
14 6
3 7
6 1
8 9

Solution 634: 
1 11
13 13
14 6
3 5
6 1
8 9

Solution 635: 
1 11
13 13
15 3
3 5
6 1
8 9

Solution 636: 
1 11
13 13
14 3
3 5
6 1
8 9

Solution 637: 
1 11
13 13
14 3
6 1
6 5
8 9

Solution 638: 
1 11
13 13
15 3
6 1
6 5
8 9

Solution 639: 
1 11
13 13
15 3
6 1
8 7
8 9

Solution 640: 
1 11
13 13
14 3
6 1
8 7
8 9

Solution 641: 
1 11
13 13
14 3
3 7
6 1
8 9

Solution 642: 
1 11
12 10
14 3
3 7
6 1
8 9

Solution 643: 
1 11
12 10
15 3
3 7
6 1
8 9

Solution 644: 
1 11
13 13
15 3
3 7
6 1
8 9

Solution 645: 
1 11
12 10
15 3
6 1
6 5
8 9

Solution 646: 
1 11
12 10
15 3
3 5
6 1
8 9

Solution 647: 
1 11
12 10
15 3
6 1
8 7
8 9

Solution 648: 
1 11
12 10
14 3
6 1
8 7
8 9

Solution 649: 
1 11
12 10
14 3
6 1
6 5
8 9

Solution 650: 
1 11
12 10
14 3
3 5
6 1
8 9

Solution 651: 
1 11
12 10
14 3
3 5
6 1
7 12

Solution 652: 
1 11
10 10
12 10
14 3
3 5
6 1

Solution 653: 
1 11
10 10
12 10
14 3
6 1
6 5

Solution 654: 
1 11
10 10
12 10
14 3
6 1
8 7

Solution 655: 
1 11
12 10
14 3
6 1
7 12
8 7

Solution 656: 
1 11
12 10
14 3
6 1
6 5
7 12

Solution 657: 
1 11
12 10
14 3
3 7
6 1
7 12

Solution 658: 
1 11
10 10
12 10
14 3
3 7
6 1

Solution 659: 
1 11
10 10
13 13
14 3
3 7
6 1

Solution 660: 
1 11
10 10
13 13
14 3
3 5
6 1

Solution 661: 
1 11
10 10
13 13
14 3
6 1
6 5

Solution 662: 
1 11
10 10
13 13
14 3
6 1
8 7

Solution 663: 
1 11
13 13
14 3
6 1
7 12
8 7

Solution 664: 
1 11
13 13
15 3
6 1
7 12
8 7

Solution 665: 
1 11
12 10
15 3
6 1
7 12
8 7

Solution 666: 
1 11
10 10
12 10
15 3
6 1
8 7

Solution 667: 
1 11
10 10
13 13
15 3
6 1
8 7

Solution 668: 
1 11
10 10
13 13
14 6
6 1
8 7

Solution 669: 
1 11
10 10
13 14
14 6
6 1
8 7

Solution 670: 
1 11
10 10
12 10
14 6
6 1
8 7

Solution 671: 
1 11
12 10
14 6
6 1
7 12
8 7

Solution 672: 
1 11
13 14
14 6
6 1
7 12
8 7

Solution 673: 
1 11
13 13
14 6
6 1
7 12
8 7

Solution 674: 
1 11
13 13
14 6
6 1
6 5
7 12

Solution 675: 
1 11
13 13
14 6
3 5
6 1
7 12

Solution 676: 
1 11
13 13
14 6
3 7
6 1
7 12

Solution 677: 
1 11
13 14
14 6
3 7
6 1
7 12

Solution 678: 
1 11
12 10
14 6
3 7
6 1
7 12

Solution 679: 
1 11
12 10
14 6
3 5
6 1
7 12

Solution 680: 
1 11
13 14
14 6
3 5
6 1
7 12

Solution 681: 
1 11
13 14
14 6
6 1
6 5
7 12

Solution 682: 
1 11
12 10
14 6
6 1
6 5
7 12

Solution 683: 
1 11
12 10
15 3
6 1
6 5
7 12

Solution 684: 
1 11
12 10
15 3
3 5
6 1
7 12

Solution 685: 
1 11
12 10
15 3
3 7
6 1
7 12

Solution 686: 
1 11
10 10
12 10
15 3
3 7
6 1

Solution 687: 
1 11
10 10
12 10
14 6
3 7
6 1

Solution 688: 
1 11
10 10
13 14
14 6
3 7
6 1

Solution 689: 
1 11
10 10
13 13
14 6
3 7
6 1

Solution 690: 
1 11
10 10
13 13
15 3
3 7
6 1

Solution 691: 
1 11
10 10
13 13
15 3
3 5
6 1

Solution 692: 
1 11
10 10
13 13
15 3
6 1
6 5

Solution 693: 
1 11
10 10
12 10
15 3
6 1
6 5

Solution 694: 
1 11
10 10
12 10
15 3
3 5
6 1

Solution 695: 
1 11
10 10
12 10
14 6
3 5
6 1

Solution 696: 
1 11
10 10
13 14
14 6
3 5
6 1

Solution 697: 
1 11
10 10
13 13
14 6
3 5
6 1

Solution 698: 
1 11
10 10
13 13
14 6
6 1
6 5

Solution 699: 
1 11
10 10
13 14
14 6
6 1
6 5

Solution 700: 
1 11
10 10
12 10
14 6
6 1
6 5

Solution 701: 
1 11
10 10
11 2
12 10
14 6
6 5

Solution 702: 
1 11
10 10
12 10
14 6
6 5
9 2

Solution 703: 
1 11
10 10
11 1
12 10
14 6
6 5

Solution 704: 
1 11
10 10
11 1
12 10
14 3
6 5

Solution 705: 
1 11
10 10
11 1
12 10
15 13
6 5

Solution 706: 
1 11
10 10
11 1
12 10
15 3
6 5

Solution 707: 
1 11
10 10
12 10
15 3
6 5
9 2

Solution 708: 
1 11
10 10
11 2
12 10
15 3
6 5

Solution 709: 
1 11
10 10
11 2
12 10
14 3
6 5

Solution 710: 
1 11
10 10
11 2
12 10
15 13
6 5

Solution 711: 
1 11
10 10
12 10
15 13
6 5
9 2

Solution 712: 
1 11
10 10
12 10
14 3
6 5
9 2

Solution 713: 
1 11
10 10
12 10
14 3
3 7
9 2

Solution 714: 
1 11
10 10
12 10
14 3
9 2
9 6

Solution 715: 
1 11
10 10
12 10
14 3
3 5
9 2

Solution 716: 
1 11
10 10
12 10
15 13
3 5
9 2

Solution 717: 
1 11
10 10
12 10
14 6
3 5
9 2

Solution 718: 
1 11
10 10
12 10
15 3
3 5
9 2

Solution 719: 
1 11
10 10
12 10
15 3
9 2
9 6

Solution 720: 
1 11
10 10
12 10
15 3
3 7
9 2

Solution 721: 
1 11
10 10
12 10
14 6
3 7
9 2

Solution 722: 
1 11
10 10
12 10
15 13
3 7
9 2

Solution 723: 
1 11
10 10
12 10
15 13
9 2
9 6

Solution 724: 
1 11
10 10
12 10
14 6
9 2
9 6

Solution 725: 
1 11
10 10
12 10
14 6
8 7
9 2

Solution 726: 
1 11
10 10
12 10
14 3
8 7
9 2

Solution 727: 
1 11
10 10
12 10
15 13
8 7
9 2

Solution 728: 
1 11
10 10
12 10
15 3
8 7
9 2

Solution 729: 
1 11
10 10
11 1
12 10
15 3
8 7

Solution 730: 
1 11
10 10
11 2
12 10
15 3
8 7

Solution 731: 
1 11
10 10
11 2
12 10
15 3
9 6

Solution 732: 
1 11
10 10
11 1
12 10
15 3
9 6

Solution 733: 
1 11
10 10
11 1
12 10
14 3
9 6

Solution 734: 
1 11
10 10
11 1
12 10
14 6
9 6

Solution 735: 
1 11
10 10
11 1
12 10
15 13
9 6

Solution 736: 
1 11
10 10
11 1
12 10
15 13
8 7

Solution 737: 
1 11
10 10
11 1
12 10
14 3
8 7

Solution 738: 
1 11
10 10
11 1
12 10
14 6
8 7

Solution 739: 
1 11
10 10
11 2
12 10
14 6
8 7

Solution 740: 
1 11
10 10
11 2
12 10
14 3
8 7

Solution 741: 
1 11
10 10
11 2
12 10
15 13
8 7

Solution 742: 
1 11
10 10
11 2
12 10
15 13
9 6

Solution 743: 
1 11
10 10
11 2
12 10
14 3
9 6

Solution 744: 
1 11
10 10
11 2
12 10
14 6
9 6

Solution 745: 
1 11
11 2
12 10
14 6
8 9
9 6

Solution 746: 
1 11
11 2
12 10
14 6
7 12
9 6

Solution 747: 
1 11
11 2
12 10
14 6
6 5
7 12

Solution 748: 
1 11
11 2
12 10
14 6
7 12
8 7

Solution 749: 
1 11
11 2
12 10
14 6
8 7
8 9

Solution 750: 
1 11
11 2
12 10
14 6
6 5
8 9

Solution 751: 
1 11
11 2
12 10
14 3
6 5
8 9

Solution 752: 
1 11
11 2
12 10
15 13
6 5
8 9

Solution 753: 
1 11
11 2
12 10
15 3
6 5
8 9

Solution 754: 
1 11
11 2
12 10
15 3
8 9
9 6

Solution 755: 
1 11
11 2
12 10
15 3
8 7
8 9

Solution 756: 
1 11
11 2
12 10
14 3
8 7
8 9

Solution 757: 
1 11
11 2
12 10
15 13
8 7
8 9

Solution 758: 
1 11
11 2
12 10
15 13
8 9
9 6

Solution 759: 
1 11
11 2
12 10
14 3
8 9
9 6

Solution 760: 
1 11
11 2
12 10
14 3
7 12
9 6

Solution 761: 
1 11
11 2
12 10
15 13
7 12
9 6

Solution 762: 
1 11
11 2
12 10
15 3
7 12
9 6

Solution 763: 
1 11
11 2
12 10
15 3
7 12
8 7

Solution 764: 
1 11
11 2
12 10
15 3
6 5
7 12

Solution 765: 
1 11
11 2
12 10
14 3
6 5
7 12

Solution 766: 
1 11
11 2
12 10
14 3
7 12
8 7

Solution 767: 
1 11
11 2
12 10
15 13
7 12
8 7

Solution 768: 
1 11
11 2
12 10
15 13
6 5
7 12

Solution 769: 
1 11
11 1
12 10
15 13
6 5
7 12

Solution 770: 
1 11
12 10
15 13
6 5
7 12
9 2

Solution 771: 
1 11
12 10
15 13
3 5
7 12
9 2

Solution 772: 
1 11
12 10
15 13
3 7
7 12
9 2

Solution 773: 
1 11
12 10
15 13
7 12
8 7
9 2

Solution 774: 
1 11
11 1
12 10
15 13
7 12
8 7

Solution 775: 
1 11
11 1
12 10
14 3
7 12
8 7

Solution 776: 
1 11
11 1
12 10
14 6
7 12
8 7

Solution 777: 
1 11
11 1
12 10
15 3
7 12
8 7

Solution 778: 
1 11
12 10
15 3
7 12
8 7
9 2

Solution 779: 
1 11
12 10
14 3
7 12
8 7
9 2

Solution 780: 
1 11
12 10
14 6
7 12
8 7
9 2

Solution 781: 
1 11
12 10
14 6
3 7
7 12
9 2

Solution 782: 
1 11
12 10
14 6
3 5
7 12
9 2

Solution 783: 
1 11
12 10
14 6
6 5
7 12
9 2

Solution 784: 
1 11
12 10
14 3
6 5
7 12
9 2

Solution 785: 
1 11
12 10
15 3
6 5
7 12
9 2

Solution 786: 
1 11
12 10
15 3
3 7
7 12
9 2

Solution 787: 
1 11
12 10
15 3
3 5
7 12
9 2

Solution 788: 
1 11
12 10
14 3
3 5
7 12
9 2

Solution 789: 
1 11
12 10
14 3
3 7
7 12
9 2

Solution 790: 
1 11
11 1
12 10
14 3
6 5
7 12

Solution 791: 
1 11
11 1
12 10
15 3
6 5
7 12

Solution 792: 
1 11
11 1
12 10
14 6
6 5
7 12

Solution 793: 
1 11
11 1
12 10
14 6
7 12
9 6

Solution 794: 
1 11
11 1
12 10
15 13
7 12
9 6

Solution 795: 
1 11
11 1
12 10
14 3
7 12
9 6

Solution 796: 
1 11
11 1
12 10
15 3
7 12
9 6

Solution 797: 
1 11
12 10
15 3
7 12
9 2
9 6

Solution 798: 
1 11
12 10
15 13
7 12
9 2
9 6

Solution 799: 
1 11
12 10
14 3
7 12
9 2
9 6

Solution 800: 
1 11
12 10
14 6
7 12
9 2
9 6

Solution 801: 
1 11
12 10
14 6
8 9
9 2
9 6

Solution 802: 
1 11
11 1
12 10
14 6
8 9
9 6

Solution 803: 
1 11
11 1
12 10
15 13
8 9
9 6

Solution 804: 
1 11
11 1
12 10
14 3
8 9
9 6

Solution 805: 
1 11
11 1
12 10
15 3
8 9
9 6

Solution 806: 
1 11
12 10
15 3
8 9
9 2
9 6

Solution 807: 
1 11
12 10
15 13
8 9
9 2
9 6

Solution 808: 
1 11
12 10
14 3
8 9
9 2
9 6

Solution 809: 
1 11
12 10
14 3
3 7
8 9
9 2

Solution 810: 
1 11
12 10
14 3
3 5
8 9
9 2

Solution 811: 
1 11
12 10
14 3
8 7
8 9
9 2

Solution 812: 
1 11
12 10
14 3
6 5
8 9
9 2

Solution 813: 
1 11
12 10
15 13
6 5
8 9
9 2

Solution 814: 
1 11
12 10
15 13
3 7
8 9
9 2

Solution 815: 
1 11
12 10
15 13
3 5
8 9
9 2

Solution 816: 
1 11
12 10
15 13
8 7
8 9
9 2

Solution 817: 
1 11
12 10
14 6
8 7
8 9
9 2

Solution 818: 
1 11
12 10
14 6
3 7
8 9
9 2

Solution 819: 
1 11
12 10
14 6
3 5
8 9
9 2

Solution 820: 
1 11
12 10
14 6
6 5
8 9
9 2

Solution 821: 
1 11
12 10
15 3
6 5
8 9
9 2

Solution 822: 
1 11
12 10
15 3
8 7
8 9
9 2

Solution 823: 
1 11
12 10
15 3
3 7
8 9
9 2

Solution 824: 
1 11
12 10
15 3
3 5
8 9
9 2

Solution 825: 
1 11
11 1
12 10
15 3
8 7
8 9

Solution 826: 
1 11
11 1
12 10
15 3
6 5
8 9

Solution 827: 
1 11
11 1
12 10
15 13
6 5
8 9

Solution 828: 
1 11
11 1
12 10
14 6
6 5
8 9

Solution 829: 
1 11
11 1
12 10
14 3
6 5
8 9

Solution 830: 
1 11
11 1
12 10
14 3
8 7
8 9

Solution 831: 
1 11
11 1
12 10
15 13
8 7
8 9

Solution 832: 
1 11
11 1
12 10
14 6
8 7
8 9

Solution 833: 
1 11
11 1
13 14
14 6
8 7
8 9

Solution 834: 
1 11
11 1
13 13
14 6
8 7
8 9

Solution 835: 
1 11
11 1
12 14
14 6
8 7
8 9

Solution 836: 
1 11
11 1
12 14
14 6
8 9
9 6

Solution 837: 
1 11
11 1
13 13
14 6
8 9
9 6

Solution 838: 
1 11
11 1
13 14
14 6
8 9
9 6

Solution 839: 
1 11
11 1
13 14
14 6
6 5
8 9

Solution 840: 
1 11
11 1
12 14
14 6
6 5
8 9

Solution 841: 
1 11
11 1
13 13
14 6
6 5
8 9

Solution 842: 
1 11
11 2
13 13
14 6
6 5
8 9

Solution 843: 
1 11
13 13
14 6
6 5
8 9
9 2

Solution 844: 
1 11
13 13
14 6
3 7
8 9
9 2

Solution 845: 
1 11
13 13
14 6
3 5
8 9
9 2

Solution 846: 
1 11
13 13
14 6
8 9
9 2
9 6

Solution 847: 
1 11
11 2
13 13
14 6
8 9
9 6

Solution 848: 
1 11
11 2
13 13
14 6
8 7
8 9

Solution 849: 
1 11
13 13
14 6
8 7
8 9
9 2

Solution 850: 
1 11
12 14
14 6
8 7
8 9
9 2

Solution 851: 
1 11
13 14
14 6
8 7
8 9
9 2

Solution 852: 
1 11
11 2
13 14
14 6
8 7
8 9

Solution 853: 
1 11
11 2
12 14
14 6
8 7
8 9

Solution 854: 
1 11
11 2
12 14
14 6
6 5
8 9

Solution 855: 
1 11
11 2
12 14
14 6
8 9
9 6

Solution 856: 
1 11
11 2
13 14
14 6
8 9
9 6

Solution 857: 
1 11
11 2
13 14
14 6
6 5
8 9

Solution 858: 
1 11
13 14
14 6
6 5
8 9
9 2

Solution 859: 
1 11
12 14
14 6
6 5
8 9
9 2

Solution 860: 
1 11
12 14
14 6
3 5
8 9
9 2

Solution 861: 
1 11
12 14
14 6
3 7
8 9
9 2

Solution 862: 
1 11
13 14
14 6
3 7
8 9
9 2

Solution 863: 
1 11
13 14
14 6
3 5
8 9
9 2

Solution 864: 
1 11
13 14
14 6
8 9
9 2
9 6

Solution 865: 
1 11
12 14
14 6
8 9
9 2
9 6

Solution 866: 
1 11
12 14
14 6
7 12
9 2
9 6

Solution 867: 
1 11
10 10
12 14
14 6
9 2
9 6

Solution 868: 
1 11
10 10
12 14
14 6
3 7
9 2

Solution 869: 
1 11
10 10
12 14
14 6
3 5
9 2

Solution 870: 
1 11
10 10
12 14
14 6
8 7
9 2

Solution 871: 
1 11
12 14
14 6
7 12
8 7
9 2

Solution 872: 
1 11
12 14
14 6
3 7
7 12
9 2

Solution 873: 
1 11
12 14
14 6
3 5
7 12
9 2

Solution 874: 
1 11
12 14
14 6
6 5
7 12
9 2

Solution 875: 
1 11
10 10
12 14
14 6
6 5
9 2

Solution 876: 
1 11
10 10
13 13
14 6
6 5
9 2

Solution 877: 
1 11
10 10
13 14
14 6
6 5
9 2

Solution 878: 
1 11
13 14
14 6
6 5
7 12
9 2

Solution 879: 
1 11
13 13
14 6
6 5
7 12
9 2

Solution 880: 
1 11
13 13
14 6
3 7
7 12
9 2

Solution 881: 
1 11
13 13
14 6
3 5
7 12
9 2

Solution 882: 
1 11
13 13
14 6
7 12
8 7
9 2

Solution 883: 
1 11
13 13
14 6
7 12
9 2
9 6

Solution 884: 
1 11
13 14
14 6
7 12
9 2
9 6

Solution 885: 
1 11
13 14
14 6
3 5
7 12
9 2

Solution 886: 
1 11
13 14
14 6
3 7
7 12
9 2

Solution 887: 
1 11
13 14
14 6
7 12
8 7
9 2

Solution 888: 
1 11
10 10
13 14
14 6
8 7
9 2

Solution 889: 
1 11
10 10
13 13
14 6
8 7
9 2

Solution 890: 
1 11
10 10
13 13
14 6
3 7
9 2

Solution 891: 
1 11
10 10
13 13
14 6
9 2
9 6

Solution 892: 
1 11
10 10
13 13
14 6
3 5
9 2

Solution 893: 
1 11
10 10
13 14
14 6
3 5
9 2

Solution 894: 
1 11
10 10
13 14
14 6
3 7
9 2

Solution 895: 
1 11
10 10
13 14
14 6
9 2
9 6

Solution 896: 
1 11
10 10
11 2
13 14
14 6
9 6

Solution 897: 
1 11
10 10
11 1
13 14
14 6
9 6

Solution 898: 
1 11
10 10
11 1
12 14
14 6
9 6

Solution 899: 
1 11
10 10
11 2
12 14
14 6
9 6

Solution 900: 
1 11
11 2
12 14
14 6
7 12
9 6

Solution 901: 
1 11
11 1
12 14
14 6
7 12
9 6

Solution 902: 
1 11
11 1
13 14
14 6
7 12
9 6

Solution 903: 
1 11
11 1
13 13
14 6
7 12
9 6

Solution 904: 
1 11
11 2
13 13
14 6
7 12
9 6

Solution 905: 
1 11
11 2
13 14
14 6
7 12
9 6

Solution 906: 
1 11
10 10
11 2
13 13
14 6
9 6

Solution 907: 
1 11
10 10
11 1
13 13
14 6
9 6

Solution 908: 
1 11
10 10
11 1
13 13
14 6
6 5

Solution 909: 
1 11
10 10
11 1
13 13
14 6
8 7

Solution 910: 
1 11
11 1
13 13
14 6
7 12
8 7

Solution 911: 
1 11
11 1
13 13
14 6
6 5
7 12

Solution 912: 
1 11
11 2
13 13
14 6
6 5
7 12

Solution 913: 
1 11
11 2
13 13
14 6
7 12
8 7

Solution 914: 
1 11
10 10
11 2
13 13
14 6
8 7

Solution 915: 
1 11
10 10
11 2
13 13
14 6
6 5

Solution 916: 
1 11
10 10
11 2
12 14
14 6
6 5

Solution 917: 
1 11
10 10
11 2
13 14
14 6
6 5

Solution 918: 
1 11
10 10
11 1
13 14
14 6
6 5

Solution 919: 
1 11
10 10
11 1
12 14
14 6
6 5

Solution 920: 
1 11
10 10
11 1
12 14
14 6
8 7

Solution 921: 
1 11
10 10
11 1
13 14
14 6
8 7

Solution 922: 
1 11
10 10
11 2
13 14
14 6
8 7

Solution 923: 
1 11
10 10
11 2
12 14
14 6
8 7

Solution 924: 
1 11
11 2
12 14
14 6
7 12
8 7

Solution 925: 
1 11
11 2
12 14
14 6
6 5
7 12

Solution 926: 
1 11
11 2
13 14
14 6
6 5
7 12

Solution 927: 
1 11
11 2
13 14
14 6
7 12
8 7

Solution 928: 
1 11
11 1
13 14
14 6
7 12
8 7

Solution 929: 
1 11
11 1
12 14
14 6
7 12
8 7

Solution 930: 
1 11
11 1
12 14
14 6
6 5
7 12

Solution 931: 
1 11
11 1
13 14
14 6
6 5
7 12

Solution 932: 
1 11
11 1
13 14
15 13
7 12
9 6

Solution 933: 
1 11
11 1
13 14
15 13
7 12
8 7

Solution 934: 
1 11
11 1
12 14
15 13
7 12
8 7

Solution 935: 
1 11
11 1
12 14
15 13
7 12
9 6

Solution 936: 
1 11
11 1
13 13
15 13
7 12
9 6

Solution 937: 
1 11
11 1
13 13
15 13
7 12
8 7

Solution 938: 
1 11
11 1
13 13
14 3
7 12
8 7

Solution 939: 
1 11
11 1
13 13
15 3
7 12
8 7

Solution 940: 
1 11
11 1
13 13
15 3
7 12
9 6

Solution 941: 
1 11
11 1
13 13
14 3
7 12
9 6

Solution 942: 
1 11
11 2
13 13
14 3
7 12
9 6

Solution 943: 
1 11
13 13
14 3
7 12
9 2
9 6

Solution 944: 
1 11
13 13
15 13
7 12
9 2
9 6

Solution 945: 
1 11
13 13
15 3
7 12
9 2
9 6

Solution 946: 
1 11
11 2
13 13
15 3
7 12
9 6

Solution 947: 
1 11
11 2
13 13
15 13
7 12
9 6

Solution 948: 
1 11
11 2
13 13
15 13
7 12
8 7

Solution 949: 
1 11
11 2
13 13
15 3
7 12
8 7

Solution 950: 
1 11
11 2
13 13
14 3
7 12
8 7

Solution 951: 
1 11
13 13
14 3
7 12
8 7
9 2

Solution 952: 
1 11
13 13
15 3
7 12
8 7
9 2

Solution 953: 
1 11
13 13
15 13
7 12
8 7
9 2

Solution 954: 
1 11
12 14
15 13
7 12
8 7
9 2

Solution 955: 
1 11
13 14
15 13
7 12
8 7
9 2

Solution 956: 
1 11
11 2
13 14
15 13
7 12
8 7

Solution 957: 
1 11
11 2
12 14
15 13
7 12
8 7

Solution 958: 
1 11
11 2
12 14
15 13
7 12
9 6

Solution 959: 
1 11
12 14
15 13
7 12
9 2
9 6

Solution 960: 
1 11
13 14
15 13
7 12
9 2
9 6

Solution 961: 
1 11
11 2
13 14
15 13
7 12
9 6

Solution 962: 
1 11
11 2
13 14
15 13
8 9
9 6

Solution 963: 
1 11
11 1
13 14
15 13
8 9
9 6

Solution 964: 
1 11
13 14
15 13
8 9
9 2
9 6

Solution 965: 
1 11
13 13
15 13
8 9
9 2
9 6

Solution 966: 
1 11
12 14
15 13
8 9
9 2
9 6

Solution 967: 
1 11
11 1
12 14
15 13
8 9
9 6

Solution 968: 
1 11
11 1
13 13
15 13
8 9
9 6

Solution 969: 
1 11
11 2
13 13
15 13
8 9
9 6

Solution 970: 
1 11
11 2
12 14
15 13
8 9
9 6

Solution 971: 
1 11
10 10
11 2
12 14
15 13
9 6

Solution 972: 
1 11
10 10
11 2
13 14
15 13
9 6

Solution 973: 
1 11
10 10
13 14
15 13
9 2
9 6

Solution 974: 
1 11
10 10
12 14
15 13
9 2
9 6

Solution 975: 
1 11
10 10
11 1
12 14
15 13
9 6

Solution 976: 
1 11
10 10
11 1
13 14
15 13
9 6

Solution 977: 
1 11
10 10
11 1
13 13
15 13
9 6

Solution 978: 
1 11
10 10
13 13
15 13
9 2
9 6

Solution 979: 
1 11
10 10
11 2
13 13
15 13
9 6

Solution 980: 
1 11
10 10
11 2
13 13
15 13
6 5

Solution 981: 
1 11
10 10
11 2
13 13
15 13
8 7

Solution 982: 
1 11
10 10
13 13
15 13
8 7
9 2

Solution 983: 
1 11
10 10
13 13
15 13
3 5
9 2

Solution 984: 
1 11
10 10
13 13
15 13
6 5
9 2

Solution 985: 
1 11
10 10
13 13
15 13
3 7
9 2

Solution 986: 
1 11
10 10
11 1
13 13
15 13
6 5

Solution 987: 
1 11
10 10
11 1
13 13
15 13
8 7

Solution 988: 
1 11
10 10
11 1
12 14
15 13
8 7

Solution 989: 
1 11
10 10
11 1
12 14
15 13
6 5

Solution 990: 
1 11
10 10
11 2
12 14
15 13
6 5

Solution 991: 
1 11
10 10
12 14
15 13
6 5
9 2

Solution 992: 
1 11
10 10
12 14
15 13
3 5
9 2

Solution 993: 
1 11
10 10
12 14
15 13
3 7
9 2

Solution 994: 
1 11
10 10
12 14
15 13
8 7
9 2

Solution 995: 
1 11
10 10
11 2
12 14
15 13
8 7

Solution 996: 
1 11
10 10
11 2
13 14
15 13
8 7

Solution 997: 
1 11
10 10
13 14
15 13
8 7
9 2

Solution 998: 
1 11
10 10
13 14
15 13
3 5
9 2

Solution 999: 
1 11
10 10
13 14
15 13
6 5
9 2

Solution 1000: 
1 11
10 10
13 14
15 13
3 7
9 2

Solution 1001: 
1 11
10 10
11 2
13 14
15 13
6 5

Solution 1002: 
1 11
10 10
11 1
13 14
15 13
6 5

Solution 1003: 
1 11
10 10
11 1
13 14
15 13
8 7

Solution 1004: 
1 11
11 1
13 14
15 13
8 7
8 9

Solution 1005: 
1 11
11 1
13 14
15 13
6 5
8 9

Solution 1006: 
1 11
11 2
13 14
15 13
6 5
8 9

Solution 1007: 
1 11
13 14
15 13
6 5
8 9
9 2

Solution 1008: 
1 11
13 14
15 13
3 5
8 9
9 2

Solution 1009: 
1 11
13 14
15 13
3 7
8 9
9 2

Solution 1010: 
1 11
13 14
15 13
8 7
8 9
9 2

Solution 1011: 
1 11
11 2
13 14
15 13
8 7
8 9

Solution 1012: 
1 11
11 2
12 14
15 13
8 7
8 9

Solution 1013: 
1 11
11 2
13 13
15 13
8 7
8 9

Solution 1014: 
1 11
11 1
13 13
15 13
8 7
8 9

Solution 1015: 
1 11
11 1
12 14
15 13
8 7
8 9

Solution 1016: 
1 11
12 14
15 13
8 7
8 9
9 2

Solution 1017: 
1 11
13 13
15 13
8 7
8 9
9 2

Solution 1018: 
1 11
13 13
15 13
6 5
8 9
9 2

Solution 1019: 
1 11
13 13
15 13
3 7
8 9
9 2

Solution 1020: 
1 11
13 13
15 13
3 5
8 9
9 2

Solution 1021: 
1 11
11 2
13 13
15 13
6 5
8 9

Solution 1022: 
1 11
11 2
12 14
15 13
6 5
8 9

Solution 1023: 
1 11
11 1
12 14
15 13
6 5
8 9

Solution 1024: 
1 11
11 1
13 13
15 13
6 5
8 9

Solution 1025: 
1 11
12 14
15 13
6 5
8 9
9 2

Solution 1026: 
1 11
12 14
15 13
3 7
8 9
9 2

Solution 1027: 
1 11
12 14
15 13
3 5
8 9
9 2

Solution 1028: 
1 11
13 13
15 3
3 5
8 9
9 2

Solution 1029: 
1 11
13 13
14 3
3 5
8 9
9 2

Solution 1030: 
1 11
13 13
14 3
3 7
8 9
9 2

Solution 1031: 
1 11
13 13
14 3
8 9
9 2
9 6

Solution 1032: 
1 11
13 13
14 3
8 7
8 9
9 2

Solution 1033: 
1 11
13 13
14 3
6 5
8 9
9 2

Solution 1034: 
1 11
13 13
15 3
6 5
8 9
9 2

Solution 1035: 
1 11
13 13
15 3
3 7
8 9
9 2

Solution 1036: 
1 11
13 13
15 3
8 9
9 2
9 6

Solution 1037: 
1 11
13 13
15 3
8 7
8 9
9 2

Solution 1038: 
1 11
11 2
13 13
15 3
8 7
8 9

Solution 1039: 
1 11
11 2
13 13
14 3
8 7
8 9

Solution 1040: 
1 11
11 1
13 13
14 3
8 7
8 9

Solution 1041: 
1 11
11 1
13 13
15 3
8 7
8 9

Solution 1042: 
1 11
11 1
13 13
15 3
8 9
9 6

Solution 1043: 
1 11
11 1
13 13
15 3
6 5
8 9

Solution 1044: 
1 11
11 1
13 13
14 3
6 5
8 9

Solution 1045: 
1 11
11 1
13 13
14 3
8 9
9 6

Solution 1046: 
1 11
11 2
13 13
14 3
8 9
9 6

Solution 1047: 
1 11
11 2
13 13
15 3
8 9
9 6

Solution 1048: 
1 11
11 2
13 13
15 3
6 5
8 9

Solution 1049: 
1 11
11 2
13 13
14 3
6 5
8 9

Solution 1050: 
1 11
10 10
11 2
13 13
14 3
6 5

Solution 1051: 
1 11
10 10
11 2
13 13
15 3
6 5

Solution 1052: 
1 11
10 10
13 13
15 3
6 5
9 2

Solution 1053: 
1 11
10 10
13 13
14 3
6 5
9 2

Solution 1054: 
1 11
10 10
11 1
13 13
14 3
6 5

Solution 1055: 
1 11
10 10
11 1
13 13
15 3
6 5

Solution 1056: 
1 11
10 10
11 1
13 13
15 3
9 6

Solution 1057: 
1 11
10 10
11 1
13 13
14 3
9 6

Solution 1058: 
1 11
10 10
11 1
13 13
14 3
8 7

Solution 1059: 
1 11
10 10
11 1
13 13
15 3
8 7

Solution 1060: 
1 11
10 10
11 2
13 13
15 3
8 7

Solution 1061: 
1 11
10 10
13 13
15 3
8 7
9 2

Solution 1062: 
1 11
10 10
13 13
14 3
8 7
9 2

Solution 1063: 
1 11
10 10
11 2
13 13
14 3
8 7

Solution 1064: 
1 11
10 10
11 2
13 13
14 3
9 6

Solution 1065: 
1 11
10 10
11 2
13 13
15 3
9 6

Solution 1066: 
1 11
10 10
13 13
15 3
9 2
9 6

Solution 1067: 
1 11
10 10
13 13
15 3
3 5
9 2

Solution 1068: 
1 11
10 10
13 13
15 3
3 7
9 2

Solution 1069: 
1 11
10 10
13 13
14 3
3 7
9 2

Solution 1070: 
1 11
10 10
13 13
14 3
3 5
9 2

Solution 1071: 
1 11
10 10
13 13
14 3
9 2
9 6

Number of solutions found: 1072

Changes at vertices: 
6 2 -> 6 1
Change visibility: 9 2
----------------------------------
Removal 1: 
Solution 0: 
1 11
12 10
14 6
6 5
8 9

Solution 1: 
12 10
14 6
2 8
6 5
8 9

Solution 2: 
10 10
12 10
14 6
2 8
6 5

Solution 3: 
12 10
14 6
2 8
6 5
7 12

Solution 4: 
12 10
14 6
2 8
7 12
8 7

Solution 5: 
12 10
14 6
2 8
7 12
9 6

Solution 6: 
10 10
12 10
14 6
2 8
9 6

Solution 7: 
12 10
14 6
2 8
8 9
9 6

Solution 8: 
12 10
14 6
2 8
8 7
8 9

Solution 9: 
10 10
12 10
14 6
2 8
8 7

Solution 10: 
10 10
12 10
14 3
2 8
8 7

Solution 11: 
10 10
12 10
15 3
2 8
8 7

Solution 12: 
10 10
12 10
15 13
2 8
8 7

Solution 13: 
12 10
15 13
2 8
7 12
8 7

Solution 14: 
12 10
15 3
2 8
7 12
8 7

Solution 15: 
12 10
14 3
2 8
7 12
8 7

Solution 16: 
12 10
14 3
2 8
8 7
8 9

Solution 17: 
12 10
15 3
2 8
8 7
8 9

Solution 18: 
12 10
15 13
2 8
8 7
8 9

Solution 19: 
12 10
15 13
2 8
6 5
8 9

Solution 20: 
12 10
15 13
2 8
8 9
9 6

Solution 21: 
12 10
15 3
2 8
8 9
9 6

Solution 22: 
12 10
14 3
2 8
8 9
9 6

Solution 23: 
12 10
14 3
2 8
6 5
8 9

Solution 24: 
12 10
15 3
2 8
6 5
8 9

Solution 25: 
10 10
12 10
15 3
2 8
6 5

Solution 26: 
12 10
15 3
2 8
6 5
7 12

Solution 27: 
12 10
15 13
2 8
6 5
7 12

Solution 28: 
12 10
14 3
2 8
6 5
7 12

Solution 29: 
10 10
12 10
14 3
2 8
6 5

Solution 30: 
10 10
12 10
15 13
2 8
6 5

Solution 31: 
10 10
12 10
15 13
2 8
9 6

Solution 32: 
10 10
12 10
15 3
2 8
9 6

Solution 33: 
10 10
12 10
14 3
2 8
9 6

Solution 34: 
12 10
14 3
2 8
7 12
9 6

Solution 35: 
12 10
15 3
2 8
7 12
9 6

Solution 36: 
12 10
15 13
2 8
7 12
9 6

Solution 37: 
13 13
15 13
2 8
7 12
9 6

Solution 38: 
13 14
15 13
2 8
7 12
9 6

Solution 39: 
12 14
15 13
2 8
7 12
9 6

Solution 40: 
13 13
15 3
2 8
7 12
9 6

Solution 41: 
13 13
14 3
2 8
7 12
9 6

Solution 42: 
13 13
14 6
2 8
7 12
9 6

Solution 43: 
13 14
14 6
2 8
7 12
9 6

Solution 44: 
12 14
14 6
2 8
7 12
9 6

Solution 45: 
12 14
14 6
2 8
6 5
7 12

Solution 46: 
13 14
14 6
2 8
6 5
7 12

Solution 47: 
13 13
14 6
2 8
6 5
7 12

Solution 48: 
13 13
14 6
2 8
7 12
8 7

Solution 49: 
13 14
14 6
2 8
7 12
8 7

Solution 50: 
12 14
14 6
2 8
7 12
8 7

Solution 51: 
12 14
15 13
2 8
7 12
8 7

Solution 52: 
13 14
15 13
2 8
7 12
8 7

Solution 53: 
13 13
15 13
2 8
7 12
8 7

Solution 54: 
13 13
14 3
2 8
7 12
8 7

Solution 55: 
13 13
15 3
2 8
7 12
8 7

Solution 56: 
10 10
13 13
15 3
2 8
8 7

Solution 57: 
10 10
13 13
14 3
2 8
8 7

Solution 58: 
10 10
13 13
15 13
2 8
8 7

Solution 59: 
13 13
15 13
2 8
8 7
8 9

Solution 60: 
13 13
15 3
2 8
8 7
8 9

Solution 61: 
13 13
14 3
2 8
8 7
8 9

Solution 62: 
13 13
14 6
2 8
8 7
8 9

Solution 63: 
10 10
13 13
14 6
2 8
8 7

Solution 64: 
10 10
12 14
14 6
2 8
8 7

Solution 65: 
12 14
14 6
2 8
8 7
8 9

Solution 66: 
13 14
14 6
2 8
8 7
8 9

Solution 67: 
10 10
13 14
14 6
2 8
8 7

Solution 68: 
10 10
13 14
15 13
2 8
8 7

Solution 69: 
13 14
15 13
2 8
8 7
8 9

Solution 70: 
12 14
15 13
2 8
8 7
8 9

Solution 71: 
10 10
12 14
15 13
2 8
8 7

Solution 72: 
10 10
12 14
15 13
2 8
9 6

Solution 73: 
10 10
12 14
15 13
2 8
6 5

Solution 74: 
10 10
13 13
15 13
2 8
6 5

Solution 75: 
10 10
13 14
15 13
2 8
6 5

Solution 76: 
10 10
13 14
15 13
2 8
9 6

Solution 77: 
10 10
13 13
15 13
2 8
9 6

Solution 78: 
10 10
13 13
15 3
2 8
9 6

Solution 79: 
10 10
13 13
14 3
2 8
9 6

Solution 80: 
10 10
13 13
14 6
2 8
9 6

Solution 81: 
10 10
13 14
14 6
2 8
9 6

Solution 82: 
10 10
12 14
14 6
2 8
9 6

Solution 83: 
10 10
12 14
14 6
2 8
6 5

Solution 84: 
10 10
13 14
14 6
2 8
6 5

Solution 85: 
10 10
13 13
14 6
2 8
6 5

Solution 86: 
10 10
13 13
15 3
2 8
6 5

Solution 87: 
10 10
13 13
14 3
2 8
6 5

Solution 88: 
13 13
14 3
2 8
6 5
8 9

Solution 89: 
13 13
15 3
2 8
6 5
8 9

Solution 90: 
13 13
15 13
2 8
6 5
8 9

Solution 91: 
13 13
14 6
2 8
6 5
8 9

Solution 92: 
12 14
14 6
2 8
6 5
8 9

Solution 93: 
13 14
14 6
2 8
6 5
8 9

Solution 94: 
13 14
15 13
2 8
6 5
8 9

Solution 95: 
12 14
15 13
2 8
6 5
8 9

Solution 96: 
12 14
15 13
2 8
8 9
9 6

Solution 97: 
12 14
14 6
2 8
8 9
9 6

Solution 98: 
13 14
14 6
2 8
8 9
9 6

Solution 99: 
13 13
14 6
2 8
8 9
9 6

Solution 100: 
13 13
15 3
2 8
8 9
9 6

Solution 101: 
13 13
14 3
2 8
8 9
9 6

Solution 102: 
13 13
15 13
2 8
8 9
9 6

Solution 103: 
13 14
15 13
2 8
8 9
9 6

Solution 104: 
1 11
13 14
15 13
8 9
9 6

Solution 105: 
1 11
12 14
15 13
8 9
9 6

Solution 106: 
1 11
13 13
15 13
8 9
9 6

Solution 107: 
1 11
13 13
15 3
8 9
9 6

Solution 108: 
1 11
13 13
14 3
8 9
9 6

Solution 109: 
1 11
13 13
14 6
8 9
9 6

Solution 110: 
1 11
12 14
14 6
8 9
9 6

Solution 111: 
1 11
13 14
14 6
8 9
9 6

Solution 112: 
1 11
12 10
14 6
8 9
9 6

Solution 113: 
1 11
12 10
15 3
8 9
9 6

Solution 114: 
1 11
12 10
14 3
8 9
9 6

Solution 115: 
1 11
12 10
15 13
8 9
9 6

Solution 116: 
1 11
12 10
15 13
8 7
8 9

Solution 117: 
1 11
12 10
15 13
6 5
8 9

Solution 118: 
1 11
12 14
15 13
6 5
8 9

Solution 119: 
1 11
13 13
15 13
6 5
8 9

Solution 120: 
1 11
13 14
15 13
6 5
8 9

Solution 121: 
1 11
13 14
15 13
8 7
8 9

Solution 122: 
1 11
12 14
15 13
8 7
8 9

Solution 123: 
1 11
13 13
15 13
8 7
8 9

Solution 124: 
1 11
13 13
15 3
8 7
8 9

Solution 125: 
1 11
13 13
14 3
8 7
8 9

Solution 126: 
1 11
13 13
14 6
8 7
8 9

Solution 127: 
1 11
12 10
14 6
8 7
8 9

Solution 128: 
1 11
13 14
14 6
8 7
8 9

Solution 129: 
1 11
12 14
14 6
8 7
8 9

Solution 130: 
1 11
12 10
14 3
8 7
8 9

Solution 131: 
1 11
12 10
15 3
8 7
8 9

Solution 132: 
1 11
12 10
15 3
6 5
8 9

Solution 133: 
1 11
12 10
14 3
6 5
8 9

Solution 134: 
1 11
13 13
14 3
6 5
8 9

Solution 135: 
1 11
13 13
15 3
6 5
8 9

Solution 136: 
1 11
13 13
14 6
6 5
8 9

Solution 137: 
1 11
13 14
14 6
6 5
8 9

Solution 138: 
1 11
12 14
14 6
6 5
8 9

Solution 139: 
1 11
12 14
14 6
6 5
7 12

Solution 140: 
1 11
10 10
12 14
14 6
6 5

Solution 141: 
1 11
10 10
13 14
14 6
6 5

Solution 142: 
1 11
10 10
12 10
14 6
6 5

Solution 143: 
1 11
12 10
14 6
6 5
7 12

Solution 144: 
1 11
13 14
14 6
6 5
7 12

Solution 145: 
1 11
13 13
14 6
6 5
7 12

Solution 146: 
1 11
10 10
13 13
14 6
6 5

Solution 147: 
1 11
10 10
13 13
14 3
6 5

Solution 148: 
1 11
10 10
13 13
15 3
6 5

Solution 149: 
1 11
10 10
13 13
15 13
6 5

Solution 150: 
1 11
10 10
12 14
15 13
6 5

Solution 151: 
1 11
10 10
12 10
15 13
6 5

Solution 152: 
1 11
10 10
13 14
15 13
6 5

Solution 153: 
1 11
10 10
12 10
15 3
6 5

Solution 154: 
1 11
10 10
12 10
14 3
6 5

Solution 155: 
1 11
12 10
14 3
6 5
7 12

Solution 156: 
1 11
12 10
15 3
6 5
7 12

Solution 157: 
1 11
12 10
15 13
6 5
7 12

Solution 158: 
1 11
12 10
15 13
7 12
8 7

Solution 159: 
1 11
12 10
15 13
7 12
9 6

Solution 160: 
1 11
10 10
12 10
15 13
9 6

Solution 161: 
1 11
10 10
12 10
15 13
8 7

Solution 162: 
1 11
10 10
12 10
15 3
8 7

Solution 163: 
1 11
10 10
12 10
14 3
8 7

Solution 164: 
1 11
10 10
12 10
14 6
8 7

Solution 165: 
1 11
12 10
14 6
7 12
8 7

Solution 166: 
1 11
12 10
15 3
7 12
8 7

Solution 167: 
1 11
12 10
14 3
7 12
8 7

Solution 168: 
1 11
12 10
14 3
7 12
9 6

Solution 169: 
1 11
12 10
15 3
7 12
9 6

Solution 170: 
1 11
12 10
14 6
7 12
9 6

Solution 171: 
1 11
10 10
12 10
14 6
9 6

Solution 172: 
1 11
10 10
12 10
15 3
9 6

Solution 173: 
1 11
10 10
12 10
14 3
9 6

Solution 174: 
1 11
10 10
13 13
14 3
9 6

Solution 175: 
1 11
10 10
13 13
15 3
9 6

Solution 176: 
1 11
10 10
13 13
15 13
9 6

Solution 177: 
1 11
10 10
13 13
14 6
9 6

Solution 178: 
1 11
13 13
14 6
7 12
9 6

Solution 179: 
1 11
13 13
15 3
7 12
9 6

Solution 180: 
1 11
13 13
14 3
7 12
9 6

Solution 181: 
1 11
13 13
15 13
7 12
9 6

Solution 182: 
1 11
13 13
15 13
7 12
8 7

Solution 183: 
1 11
13 13
15 3
7 12
8 7

Solution 184: 
1 11
13 13
14 3
7 12
8 7

Solution 185: 
1 11
13 13
14 6
7 12
8 7

Solution 186: 
1 11
10 10
13 13
14 6
8 7

Solution 187: 
1 11
10 10
13 13
15 3
8 7

Solution 188: 
1 11
10 10
13 13
14 3
8 7

Solution 189: 
1 11
10 10
13 13
15 13
8 7

Solution 190: 
1 11
10 10
13 14
15 13
8 7

Solution 191: 
1 11
10 10
12 14
15 13
8 7

Solution 192: 
1 11
10 10
12 14
14 6
8 7

Solution 193: 
1 11
10 10
13 14
14 6
8 7

Solution 194: 
1 11
13 14
14 6
7 12
8 7

Solution 195: 
1 11
12 14
14 6
7 12
8 7

Solution 196: 
1 11
12 14
15 13
7 12
8 7

Solution 197: 
1 11
13 14
15 13
7 12
8 7

Solution 198: 
1 11
13 14
15 13
7 12
9 6

Solution 199: 
1 11
13 14
14 6
7 12
9 6

Solution 200: 
1 11
12 14
14 6
7 12
9 6

Solution 201: 
1 11
12 14
15 13
7 12
9 6

Solution 202: 
1 11
10 10
12 14
15 13
9 6

Solution 203: 
1 11
10 10
12 14
14 6
9 6

Solution 204: 
1 11
10 10
13 14
14 6
9 6

Solution 205: 
1 11
10 10
13 14
15 13
9 6

Number of solutions found: 206

Changes at vertices: 
New Vertex: 6 5
9 5 -> 9 2
----------------------------------
Removal 2: 
Solution 0: 
1 11
12 10
14 6
3 5
8 9

Solution 1: 
12 10
14 6
2 8
3 5
8 9

Solution 2: 
10 10
12 10
14 6
2 8
3 5

Solution 3: 
12 10
14 6
2 8
3 5
7 12

Solution 4: 
12 10
14 6
2 8
7 12
9 5

Solution 5: 
12 10
14 6
2 8
3 7
7 12

Solution 6: 
12 10
14 6
2 8
7 12
8 7

Solution 7: 
12 10
14 6
2 8
7 12
9 6

Solution 8: 
10 10
12 10
14 6
2 8
9 6

Solution 9: 
10 10
12 10
14 6
2 8
9 5

Solution 10: 
10 10
12 10
14 6
2 8
3 7

Solution 11: 
10 10
12 10
14 6
2 8
8 7

Solution 12: 
12 10
14 6
2 8
8 7
8 9

Solution 13: 
12 10
14 6
2 8
8 9
9 5

Solution 14: 
12 10
14 6
2 8
3 7
8 9

Solution 15: 
12 10
14 6
2 8
8 9
9 6

Solution 16: 
1 11
12 10
14 6
8 9
9 6

Solution 17: 
1 11
12 10
14 6
8 9
9 5

Solution 18: 
1 11
12 10
14 6
3 7
8 9

Solution 19: 
1 11
12 10
14 6
8 7
8 9

Solution 20: 
1 11
12 10
14 6
7 12
8 7

Solution 21: 
1 11
10 10
12 10
14 6
8 7

Solution 22: 
1 11
10 10
12 10
14 6
9 5

Solution 23: 
1 11
10 10
12 10
14 6
3 7

Solution 24: 
1 11
10 10
12 10
14 6
3 5

Solution 25: 
1 11
10 10
12 10
14 6
9 6

Solution 26: 
1 11
12 10
14 6
7 12
9 6

Solution 27: 
1 11
12 10
14 6
3 7
7 12

Solution 28: 
1 11
12 10
14 6
7 12
9 5

Solution 29: 
1 11
12 10
14 6
3 5
7 12

Solution 30: 
1 11
12 10
14 3
3 5
7 12

Solution 31: 
1 11
12 10
15 13
3 5
7 12

Solution 32: 
1 11
12 10
15 3
3 5
7 12

Solution 33: 
12 10
15 3
2 8
3 5
7 12

Solution 34: 
12 10
14 3
2 8
3 5
7 12

Solution 35: 
12 10
15 13
2 8
3 5
7 12

Solution 36: 
12 10
15 13
2 8
7 12
8 7

Solution 37: 
12 10
15 13
2 8
3 7
7 12

Solution 38: 
12 10
15 13
2 8
7 12
9 5

Solution 39: 
12 10
15 13
2 8
7 12
9 6

Solution 40: 
12 10
14 3
2 8
7 12
9 6

Solution 41: 
12 10
15 3
2 8
7 12
9 6

Solution 42: 
12 10
15 3
2 8
7 12
8 7

Solution 43: 
12 10
14 3
2 8
7 12
8 7

Solution 44: 
12 10
14 3
2 8
3 7
7 12

Solution 45: 
12 10
15 3
2 8
3 7
7 12

Solution 46: 
12 10
15 3
2 8
7 12
9 5

Solution 47: 
12 10
14 3
2 8
7 12
9 5

Solution 48: 
1 11
12 10
14 3
7 12
9 5

Solution 49: 
1 11
12 10
15 3
7 12
9 5

Solution 50: 
1 11
12 10
15 13
7 12
9 5

Solution 51: 
1 11
12 10
15 13
7 12
9 6

Solution 52: 
1 11
12 10
15 13
3 7
7 12

Solution 53: 
1 11
12 10
15 13
7 12
8 7

Solution 54: 
1 11
12 10
15 3
7 12
8 7

Solution 55: 
1 11
12 10
14 3
7 12
8 7

Solution 56: 
1 11
12 10
14 3
7 12
9 6

Solution 57: 
1 11
12 10
14 3
3 7
7 12

Solution 58: 
1 11
12 10
15 3
3 7
7 12

Solution 59: 
1 11
12 10
15 3
7 12
9 6

Solution 60: 
1 11
12 10
15 3
8 9
9 6

Solution 61: 
1 11
10 10
12 10
15 3
9 6

Solution 62: 
1 11
10 10
12 10
15 13
9 6

Solution 63: 
1 11
10 10
12 10
14 3
9 6

Solution 64: 
1 11
12 10
14 3
8 9
9 6

Solution 65: 
1 11
12 10
15 13
8 9
9 6

Solution 66: 
12 10
15 13
2 8
8 9
9 6

Solution 67: 
12 10
15 3
2 8
8 9
9 6

Solution 68: 
12 10
14 3
2 8
8 9
9 6

Solution 69: 
10 10
12 10
14 3
2 8
9 6

Solution 70: 
10 10
12 10
15 13
2 8
9 6

Solution 71: 
10 10
12 10
15 3
2 8
9 6

Solution 72: 
10 10
12 10
15 3
2 8
3 5

Solution 73: 
10 10
12 10
15 3
2 8
8 7

Solution 74: 
10 10
12 10
15 3
2 8
3 7

Solution 75: 
10 10
12 10
15 3
2 8
9 5

Solution 76: 
1 11
10 10
12 10
15 3
9 5

Solution 77: 
1 11
10 10
12 10
15 3
3 7

Solution 78: 
1 11
10 10
12 10
15 3
3 5

Solution 79: 
1 11
10 10
12 10
15 3
8 7

Solution 80: 
1 11
12 10
15 3
8 7
8 9

Solution 81: 
12 10
15 3
2 8
8 7
8 9

Solution 82: 
12 10
15 3
2 8
8 9
9 5

Solution 83: 
12 10
15 3
2 8
3 7
8 9

Solution 84: 
12 10
15 3
2 8
3 5
8 9

Solution 85: 
1 11
12 10
15 3
3 5
8 9

Solution 86: 
1 11
12 10
15 3
3 7
8 9

Solution 87: 
1 11
12 10
15 3
8 9
9 5

Solution 88: 
1 11
12 10
14 3
8 9
9 5

Solution 89: 
1 11
12 10
15 13
8 9
9 5

Solution 90: 
12 10
15 13
2 8
8 9
9 5

Solution 91: 
12 10
14 3
2 8
8 9
9 5

Solution 92: 
10 10
12 10
14 3
2 8
9 5

Solution 93: 
1 11
10 10
12 10
14 3
9 5

Solution 94: 
1 11
10 10
12 10
15 13
9 5

Solution 95: 
10 10
12 10
15 13
2 8
9 5

Solution 96: 
10 10
12 10
15 13
2 8
8 7

Solution 97: 
10 10
12 10
15 13
2 8
3 7

Solution 98: 
10 10
12 10
15 13
2 8
3 5

Solution 99: 
12 10
15 13
2 8
3 5
8 9

Solution 100: 
12 10
15 13
2 8
3 7
8 9

Solution 101: 
12 10
15 13
2 8
8 7
8 9

Solution 102: 
12 10
14 3
2 8
8 7
8 9

Solution 103: 
12 10
14 3
2 8
3 7
8 9

Solution 104: 
12 10
14 3
2 8
3 5
8 9

Solution 105: 
10 10
12 10
14 3
2 8
3 5

Solution 106: 
10 10
12 10
14 3
2 8
3 7

Solution 107: 
10 10
12 10
14 3
2 8
8 7

Solution 108: 
1 11
10 10
12 10
14 3
8 7

Solution 109: 
1 11
12 10
14 3
8 7
8 9

Solution 110: 
1 11
12 10
14 3
3 5
8 9

Solution 111: 
1 11
12 10
14 3
3 7
8 9

Solution 112: 
1 11
10 10
12 10
14 3
3 7

Solution 113: 
1 11
10 10
12 10
14 3
3 5

Solution 114: 
1 11
10 10
12 10
15 13
3 5

Solution 115: 
1 11
10 10
12 10
15 13
8 7

Solution 116: 
1 11
10 10
12 10
15 13
3 7

Solution 117: 
1 11
12 10
15 13
3 7
8 9

Solution 118: 
1 11
12 10
15 13
8 7
8 9

Solution 119: 
1 11
12 10
15 13
3 5
8 9

Solution 120: 
1 11
12 14
15 13
3 5
8 9

Solution 121: 
1 11
13 13
15 13
3 5
8 9

Solution 122: 
1 11
13 14
15 13
3 5
8 9

Solution 123: 
1 11
10 10
13 14
15 13
3 5

Solution 124: 
1 11
10 10
13 13
15 13
3 5

Solution 125: 
1 11
10 10
12 14
15 13
3 5

Solution 126: 
10 10
12 14
15 13
2 8
3 5

Solution 127: 
10 10
13 14
15 13
2 8
3 5

Solution 128: 
10 10
13 13
15 13
2 8
3 5

Solution 129: 
13 13
15 13
2 8
3 5
8 9

Solution 130: 
13 14
15 13
2 8
3 5
8 9

Solution 131: 
12 14
15 13
2 8
3 5
8 9

Solution 132: 
12 14
15 13
2 8
8 9
9 5

Solution 133: 
12 14
15 13
2 8
3 7
8 9

Solution 134: 
12 14
15 13
2 8
8 9
9 6

Solution 135: 
1 11
12 14
15 13
8 9
9 6

Solution 136: 
1 11
12 14
15 13
3 7
8 9

Solution 137: 
1 11
12 14
15 13
8 9
9 5

Solution 138: 
1 11
12 14
15 13
8 7
8 9

Solution 139: 
12 14
15 13
2 8
8 7
8 9

Solution 140: 
13 14
15 13
2 8
8 7
8 9

Solution 141: 
13 13
15 13
2 8
8 7
8 9

Solution 142: 
1 11
13 13
15 13
8 7
8 9

Solution 143: 
1 11
13 14
15 13
8 7
8 9

Solution 144: 
1 11
13 14
15 13
8 9
9 5

Solution 145: 
1 11
13 14
15 13
8 9
9 6

Solution 146: 
1 11
13 14
15 13
3 7
8 9

Solution 147: 
1 11
13 13
15 13
3 7
8 9

Solution 148: 
1 11
13 13
15 13
8 9
9 5

Solution 149: 
1 11
13 13
15 13
8 9
9 6

Solution 150: 
13 13
15 13
2 8
8 9
9 6

Solution 151: 
13 14
15 13
2 8
8 9
9 6

Solution 152: 
13 14
15 13
2 8
8 9
9 5

Solution 153: 
13 14
15 13
2 8
3 7
8 9

Solution 154: 
13 13
15 13
2 8
3 7
8 9

Solution 155: 
13 13
15 13
2 8
8 9
9 5

Solution 156: 
10 10
13 13
15 13
2 8
9 5

Solution 157: 
10 10
13 13
15 13
2 8
3 7

Solution 158: 
10 10
13 13
15 13
2 8
8 7

Solution 159: 
13 13
15 13
2 8
7 12
8 7

Solution 160: 
13 13
15 13
2 8
7 12
9 6

Solution 161: 
10 10
13 13
15 13
2 8
9 6

Solution 162: 
10 10
12 14
15 13
2 8
9 6

Solution 163: 
10 10
13 14
15 13
2 8
9 6

Solution 164: 
10 10
13 14
15 13
2 8
3 7

Solution 165: 
10 10
13 14
15 13
2 8
9 5

Solution 166: 
10 10
13 14
15 13
2 8
8 7

Solution 167: 
10 10
12 14
15 13
2 8
8 7

Solution 168: 
10 10
12 14
15 13
2 8
3 7

Solution 169: 
10 10
12 14
15 13
2 8
9 5

Solution 170: 
12 14
15 13
2 8
7 12
8 7

Solution 171: 
12 14
15 13
2 8
7 12
9 6

Solution 172: 
13 14
15 13
2 8
7 12
9 6

Solution 173: 
13 14
15 13
2 8
7 12
8 7

Solution 174: 
1 11
13 14
15 13
7 12
8 7

Solution 175: 
1 11
12 14
15 13
7 12
8 7

Solution 176: 
1 11
13 13
15 13
7 12
8 7

Solution 177: 
1 11
10 10
13 13
15 13
8 7

Solution 178: 
1 11
10 10
12 14
15 13
8 7

Solution 179: 
1 11
10 10
13 14
15 13
8 7

Solution 180: 
1 11
10 10
13 14
15 13
9 5

Solution 181: 
1 11
10 10
13 14
15 13
3 7

Solution 182: 
1 11
10 10
13 14
15 13
9 6

Solution 183: 
1 11
13 14
15 13
7 12
9 6

Solution 184: 
1 11
12 14
15 13
7 12
9 6

Solution 185: 
1 11
13 13
15 13
7 12
9 6

Solution 186: 
1 11
10 10
13 13
15 13
9 6

Solution 187: 
1 11
10 10
12 14
15 13
9 6

Solution 188: 
1 11
10 10
12 14
15 13
9 5

Solution 189: 
1 11
10 10
12 14
15 13
3 7

Solution 190: 
1 11
10 10
13 13
15 13
3 7

Solution 191: 
1 11
10 10
13 13
15 13
9 5

Solution 192: 
1 11
10 10
13 13
15 3
9 5

Solution 193: 
1 11
10 10
13 13
14 3
9 5

Solution 194: 
1 11
10 10
13 13
14 3
3 5

Solution 195: 
1 11
10 10
13 13
15 3
3 5

Solution 196: 
1 11
10 10
13 13
15 3
8 7

Solution 197: 
1 11
10 10
13 13
14 3
8 7

Solution 198: 
1 11
10 10
13 13
14 3
3 7

Solution 199: 
1 11
10 10
13 13
15 3
3 7

Solution 200: 
1 11
10 10
13 13
14 6
3 7

Solution 201: 
1 11
10 10
13 13
14 6
9 5

Solution 202: 
1 11
10 10
13 13
14 6
3 5

Solution 203: 
1 11
10 10
13 13
14 6
8 7

Solution 204: 
1 11
10 10
13 13
14 6
9 6

Solution 205: 
1 11
10 10
13 13
15 3
9 6

Solution 206: 
1 11
10 10
13 13
14 3
9 6

Solution 207: 
1 11
13 13
14 3
8 9
9 6

Solution 208: 
1 11
13 13
14 3
7 12
9 6

Solution 209: 
1 11
13 13
15 3
7 12
9 6

Solution 210: 
1 11
13 13
14 6
7 12
9 6

Solution 211: 
1 11
13 13
14 6
8 9
9 6

Solution 212: 
1 11
13 13
15 3
8 9
9 6

Solution 213: 
1 11
13 13
15 3
8 9
9 5

Solution 214: 
1 11
13 13
15 3
8 7
8 9

Solution 215: 
1 11
13 13
15 3
3 5
8 9

Solution 216: 
1 11
13 13
15 3
3 7
8 9

Solution 217: 
1 11
13 13
14 6
3 7
8 9

Solution 218: 
1 11
13 13
14 6
3 5
8 9

Solution 219: 
1 11
13 13
14 6
8 9
9 5

Solution 220: 
1 11
13 13
14 6
8 7
8 9

Solution 221: 
1 11
13 13
14 3
8 7
8 9

Solution 222: 
1 11
13 13
14 3
3 5
8 9

Solution 223: 
1 11
13 13
14 3
3 7
8 9

Solution 224: 
1 11
13 13
14 3
8 9
9 5

Solution 225: 
1 11
13 13
14 3
7 12
8 7

Solution 226: 
1 11
13 13
15 3
7 12
8 7

Solution 227: 
1 11
13 13
14 6
7 12
8 7

Solution 228: 
1 11
13 13
14 6
7 12
9 5

Solution 229: 
1 11
13 13
14 6
3 7
7 12

Solution 230: 
1 11
13 13
14 6
3 5
7 12

Solution 231: 
13 13
14 6
2 8
3 5
7 12

Solution 232: 
10 10
13 13
14 6
2 8
3 5

Solution 233: 
13 13
14 6
2 8
3 5
8 9

Solution 234: 
13 13
14 6
2 8
8 9
9 6

Solution 235: 
13 13
14 6
2 8
8 9
9 5

Solution 236: 
13 13
14 6
2 8
8 7
8 9

Solution 237: 
13 13
14 6
2 8
3 7
8 9

Solution 238: 
10 10
13 13
14 6
2 8
3 7

Solution 239: 
13 13
14 6
2 8
3 7
7 12

Solution 240: 
13 13
14 6
2 8
7 12
9 5

Solution 241: 
13 13
14 6
2 8
7 12
8 7

Solution 242: 
13 13
14 6
2 8
7 12
9 6

Solution 243: 
10 10
13 13
14 6
2 8
9 6

Solution 244: 
10 10
13 13
14 6
2 8
9 5

Solution 245: 
10 10
13 13
14 6
2 8
8 7

Solution 246: 
10 10
13 13
14 3
2 8
8 7

Solution 247: 
10 10
13 13
15 3
2 8
8 7

Solution 248: 
13 13
15 3
2 8
8 7
8 9

Solution 249: 
13 13
15 3
2 8
7 12
8 7

Solution 250: 
13 13
14 3
2 8
7 12
8 7

Solution 251: 
13 13
14 3
2 8
8 7
8 9

Solution 252: 
13 13
14 3
2 8
8 9
9 5

Solution 253: 
13 13
14 3
2 8
8 9
9 6

Solution 254: 
13 13
14 3
2 8
3 5
8 9

Solution 255: 
13 13
14 3
2 8
3 7
8 9

Solution 256: 
10 10
13 13
14 3
2 8
3 7

Solution 257: 
10 10
13 13
14 3
2 8
9 5

Solution 258: 
10 10
13 13
14 3
2 8
3 5

Solution 259: 
10 10
13 13
14 3
2 8
9 6

Solution 260: 
13 13
14 3
2 8
7 12
9 6

Solution 261: 
13 13
15 3
2 8
7 12
9 6

Solution 262: 
13 13
15 3
2 8
8 9
9 6

Solution 263: 
10 10
13 13
15 3
2 8
9 6

Solution 264: 
10 10
13 13
15 3
2 8
3 5

Solution 265: 
10 10
13 13
15 3
2 8
3 7

Solution 266: 
10 10
13 13
15 3
2 8
9 5

Solution 267: 
13 13
15 3
2 8
8 9
9 5

Solution 268: 
13 13
15 3
2 8
3 7
8 9

Solution 269: 
13 13
15 3
2 8
3 5
8 9

Solution 270: 
13 14
14 6
2 8
3 5
8 9

Solution 271: 
13 14
14 6
2 8
3 7
8 9

Solution 272: 
13 14
14 6
2 8
8 9
9 5

Solution 273: 
13 14
14 6
2 8
8 7
8 9

Solution 274: 
12 14
14 6
2 8
8 7
8 9

Solution 275: 
12 14
14 6
2 8
8 9
9 5

Solution 276: 
12 14
14 6
2 8
3 7
8 9

Solution 277: 
12 14
14 6
2 8
3 5
8 9

Solution 278: 
12 14
14 6
2 8
8 9
9 6

Solution 279: 
13 14
14 6
2 8
8 9
9 6

Solution 280: 
1 11
13 14
14 6
8 9
9 6

Solution 281: 
1 11
12 14
14 6
8 9
9 6

Solution 282: 
1 11
12 14
14 6
8 9
9 5

Solution 283: 
1 11
12 14
14 6
3 7
8 9

Solution 284: 
1 11
12 14
14 6
8 7
8 9

Solution 285: 
1 11
12 14
14 6
3 5
8 9

Solution 286: 
1 11
13 14
14 6
3 5
8 9

Solution 287: 
1 11
13 14
14 6
3 7
8 9

Solution 288: 
1 11
13 14
14 6
8 7
8 9

Solution 289: 
1 11
13 14
14 6
8 9
9 5

Solution 290: 
1 11
10 10
13 14
14 6
9 5

Solution 291: 
1 11
13 14
14 6
7 12
9 5

Solution 292: 
1 11
13 14
14 6
3 7
7 12

Solution 293: 
1 11
13 14
14 6
7 12
9 6

Solution 294: 
1 11
10 10
13 14
14 6
9 6

Solution 295: 
1 11
10 10
13 14
14 6
3 7

Solution 296: 
1 11
10 10
13 14
14 6
8 7

Solution 297: 
1 11
10 10
13 14
14 6
3 5

Solution 298: 
1 11
13 14
14 6
3 5
7 12

Solution 299: 
1 11
13 14
14 6
7 12
8 7

Solution 300: 
1 11
12 14
14 6
7 12
8 7

Solution 301: 
1 11
10 10
12 14
14 6
8 7

Solution 302: 
1 11
10 10
12 14
14 6
9 6

Solution 303: 
1 11
10 10
12 14
14 6
3 7

Solution 304: 
1 11
10 10
12 14
14 6
9 5

Solution 305: 
1 11
10 10
12 14
14 6
3 5

Solution 306: 
1 11
12 14
14 6
3 5
7 12

Solution 307: 
1 11
12 14
14 6
7 12
9 6

Solution 308: 
1 11
12 14
14 6
3 7
7 12

Solution 309: 
1 11
12 14
14 6
7 12
9 5

Solution 310: 
12 14
14 6
2 8
7 12
9 5

Solution 311: 
12 14
14 6
2 8
7 12
8 7

Solution 312: 
12 14
14 6
2 8
3 7
7 12

Solution 313: 
12 14
14 6
2 8
3 5
7 12

Solution 314: 
12 14
14 6
2 8
7 12
9 6

Solution 315: 
10 10
12 14
14 6
2 8
9 6

Solution 316: 
10 10
12 14
14 6
2 8
3 7

Solution 317: 
10 10
12 14
14 6
2 8
3 5

Solution 318: 
10 10
12 14
14 6
2 8
9 5

Solution 319: 
10 10
12 14
14 6
2 8
8 7

Solution 320: 
10 10
13 14
14 6
2 8
8 7

Solution 321: 
10 10
13 14
14 6
2 8
3 5

Solution 322: 
10 10
13 14
14 6
2 8
9 6

Solution 323: 
10 10
13 14
14 6
2 8
9 5

Solution 324: 
10 10
13 14
14 6
2 8
3 7

Solution 325: 
13 14
14 6
2 8
3 7
7 12

Solution 326: 
13 14
14 6
2 8
7 12
9 6

Solution 327: 
13 14
14 6
2 8
7 12
8 7

Solution 328: 
13 14
14 6
2 8
3 5
7 12

Solution 329: 
13 14
14 6
2 8
7 12
9 5

Number of solutions found: 330

Changes at vertices: 
3 6 -> 3 5
New Vertex: 9 6
----------------------------------
Removal 3: 
Solution 0: 
1 11
12 10
14 6
8 9

Solution 1: 
12 10
14 6
2 8
8 9

Solution 2: 
10 10
12 10
14 6
2 8

Solution 3: 
12 10
14 6
2 8
7 12

Solution 4: 
13 13
14 6
2 8
7 12

Solution 5: 
12 14
14 6
2 8
7 12

Solution 6: 
13 14
14 6
2 8
7 12

Solution 7: 
10 10
13 14
14 6
2 8

Solution 8: 
10 10
12 14
14 6
2 8

Solution 9: 
10 10
13 13
14 6
2 8

Solution 10: 
13 13
14 6
2 8
8 9

Solution 11: 
12 14
14 6
2 8
8 9

Solution 12: 
13 14
14 6
2 8
8 9

Solution 13: 
1 11
13 14
14 6
8 9

Solution 14: 
1 11
12 14
14 6
8 9

Solution 15: 
1 11
13 13
14 6
8 9

Solution 16: 
1 11
13 13
14 6
7 12

Solution 17: 
1 11
10 10
13 13
14 6

Solution 18: 
1 11
10 10
12 10
14 6

Solution 19: 
1 11
10 10
12 14
14 6

Solution 20: 
1 11
10 10
13 14
14 6

Solution 21: 
1 11
13 14
14 6
7 12

Solution 22: 
1 11
12 10
14 6
7 12

Solution 23: 
1 11
12 14
14 6
7 12

Number of solutions found: 24

Changes at vertices: 
New Vertex: 14 6
15 6 -> 15 3
----------------------------------
Removal 4: 
Solution 0: 
1 11
12 10
3 6
8 9

Solution 1: 
12 10
2 8
3 6
8 9

Solution 2: 
10 10
12 10
2 8
3 6

Solution 3: 
12 10
2 8
3 6
7 12

Solution 4: 
12 10
15 6
2 8
7 12

Solution 5: 
12 10
2 8
7 12
8 7

Solution 6: 
12 10
2 8
3 7
7 12

Solution 7: 
10 10
12 10
2 8
3 7

Solution 8: 
10 10
12 10
2 8
8 7

Solution 9: 
1 11
10 10
12 10
8 7

Solution 10: 
1 11
10 10
12 10
3 7

Solution 11: 
1 11
10 10
12 10
3 6

Solution 12: 
1 11
10 10
12 10
15 6

Solution 13: 
10 10
12 10
15 6
2 8

Solution 14: 
12 10
15 6
2 8
8 9

Solution 15: 
12 10
2 8
8 7
8 9

Solution 16: 
12 10
2 8
3 7
8 9

Solution 17: 
1 11
12 10
3 7
8 9

Solution 18: 
1 11
12 10
15 6
8 9

Solution 19: 
1 11
12 10
8 7
8 9

Solution 20: 
1 11
12 10
7 12
8 7

Solution 21: 
1 11
12 10
3 6
7 12

Solution 22: 
1 11
12 10
15 6
7 12

Solution 23: 
1 11
12 10
3 7
7 12

Solution 24: 
1 11
12 14
15 6
7 12

Solution 25: 
1 11
13 14
15 6
7 12

Solution 26: 
1 11
13 13
15 6
7 12

Solution 27: 
1 11
13 13
7 12
8 7

Solution 28: 
1 11
10 10
13 13
8 7

Solution 29: 
1 11
13 13
8 7
8 9

Solution 30: 
1 11
13 13
3 6
8 9

Solution 31: 
1 11
13 13
3 7
8 9

Solution 32: 
1 11
13 13
15 6
8 9

Solution 33: 
1 11
10 10
13 13
15 6

Solution 34: 
1 11
10 10
13 13
3 6

Solution 35: 
1 11
10 10
13 13
3 7

Solution 36: 
1 11
10 10
12 14
15 6

Solution 37: 
1 11
10 10
13 14
15 6

Solution 38: 
1 11
13 14
15 6
8 9

Solution 39: 
1 11
12 14
15 6
8 9

Solution 40: 
12 14
15 6
2 8
8 9

Solution 41: 
13 14
15 6
2 8
8 9

Solution 42: 
13 13
15 6
2 8
8 9

Solution 43: 
13 13
2 8
3 6
8 9

Solution 44: 
13 13
2 8
3 7
8 9

Solution 45: 
13 13
2 8
8 7
8 9

Solution 46: 
13 13
2 8
7 12
8 7

Solution 47: 
10 10
13 13
2 8
8 7

Solution 48: 
10 10
13 13
2 8
3 6

Solution 49: 
10 10
13 13
2 8
3 7

Solution 50: 
10 10
13 13
15 6
2 8

Solution 51: 
10 10
12 14
15 6
2 8

Solution 52: 
10 10
13 14
15 6
2 8

Solution 53: 
13 14
15 6
2 8
7 12

Solution 54: 
12 14
15 6
2 8
7 12

Solution 55: 
13 13
15 6
2 8
7 12

Number of solutions found: 56

Changes at vertices: 
Change visibility: 8 7
15 7 -> 15 6
----------------------------------
Removal 5: 
Solution 0: 
1 11
12 10
8 9

Solution 1: 
12 10
2 8
8 9

Solution 2: 
10 10
12 10
2 8

Solution 3: 
12 10
2 8
7 12

Solution 4: 
10 10
13 13
2 8

Solution 5: 
13 13
2 8
8 9

Solution 6: 
1 11
13 13
8 9

Solution 7: 
1 11
10 10
13 13

Solution 8: 
1 11
10 10
12 10

Solution 9: 
1 11
12 10
7 12

Number of solutions found: 10

Changes at vertices: 
New Vertex: 8 9
15 9 -> 15 7
----------------------------------
Removal 6: 
Solution 0: 
1 11
10 10
12 10

Solution 1: 
10 10
12 10
2 8

Solution 2: 
12 10
2 8
7 12

Solution 3: 
10 10
13 13
2 8

Solution 4: 
1 11
10 10
13 13

Solution 5: 
1 11
12 10
7 12

Number of solutions found: 6

Changes at vertices: 
New Vertex: 13 13
12 13 -> 12 14
----------------------------------
Removal 7: 
Solution 0: 
1 11
10 10
12 10

Solution 1: 
10 10
12 10
2 8

Solution 2: 
10 10
15 9
2 8

Solution 3: 
10 10
12 13
2 8

Solution 4: 
10 10
15 13
2 8

Solution 5: 
15 9
2 8
7 12

Solution 6: 
12 10
2 8
7 12

Solution 7: 
1 11
12 10
7 12

Solution 8: 
1 11
15 9
7 12

Solution 9: 
1 11
10 10
15 9

Solution 10: 
1 11
10 10
15 13

Solution 11: 
1 11
10 10
12 13

Number of solutions found: 12

Changes at vertices: 
15 10 -> 15 13
New Vertex: 12 10
----------------------------------
Removal 8: 
Solution 0: 
1 11
10 10

Solution 1: 
10 10
2 8

Number of solutions found: 2

Changes at vertices: 
10 12 -> 10 15
New Vertex: 7 12
----------------------------------
Removal 9: 
Solution 0: 
1 11
5 9

Solution 1: 
2 4
5 9

Solution 2: 
2 8
5 9

Solution 3: 
10 10
2 8

Solution 4: 
1 11
10 10

Solution 5: 
1 4
5 9

Number of solutions found: 6

Changes at vertices: 
10 11 -> 10 12
New Vertex: 4 11
----------------------------------
Removal 10: 
Solution 0: 
1 11
5 9

Solution 1: 
2 4
5 9

Solution 2: 
2 8
5 9

Solution 3: 
10 10
2 8

Solution 4: 
1 11
10 10

Solution 5: 
1 11
15 9

Solution 6: 
1 11
15 10

Solution 7: 
1 4
5 9

Number of solutions found: 8

Changes at vertices: 
New Vertex: 10 10
1 10 -> 1 11
----------------------------------
Removal 11: 
Solution 0: 
1 10

Number of solutions found: 1

Changes at vertices: 
Change visibility: 5 9
1 9 -> 1 10
----------------------------------
Removal 12: 
Solution 0: 
2 8

Solution 1: 
1 9

Number of solutions found: 2

Changes at vertices: 
Change visibility: 2 8
1 8 -> 1 9
----------------------------------
Removal 13: 
Solution 0: 
1 8

Solution 1: 
2 4

Solution 2: 
2 8

Solution 3: 
1 4

Number of solutions found: 4

