4478
876 1
876 11
731 11
731 13
798 13
798 17
779 17
779 25
755 25
755 27
815 27
815 12
917 12
917 49
932 49
932 63
858 63
858 55
855 55
855 37
742 37
742 39
766 39
766 51
784 51
784 56
740 56
740 28
598 28
598 29
379 29
379 20
488 20
488 21
506 21
506 18
134 18
134 32
198 32
198 35
152 35
152 50
153 50
153 62
162 62
162 66
166 66
166 136
161 136
161 98
142 98
142 164
147 164
147 180
159 180
159 185
163 185
163 219
168 219
168 315
154 315
154 290
145 290
145 364
141 364
141 386
146 386
146 319
158 319
158 415
182 415
182 451
178 451
178 460
192 460
192 409
202 409
202 325
220 325
220 253
228 253
228 258
235 258
235 248
247 248
247 270
242 270
242 275
241 275
241 298
245 298
245 333
264 333
264 477
248 477
248 487
252 487
252 544
251 544
251 545
262 545
262 658
263 658
263 686
266 686
266 293
273 293
273 318
274 318
274 371
287 371
287 365
288 365
288 738
278 738
278 747
279 747
279 764
299 764
299 715
308 715
308 732
303 732
303 836
345 836
345 843
346 843
346 839
395 839
395 846
417 846
417 866
443 866
443 859
453 859
453 858
450 858
450 837
735 837
735 868
737 868
737 816
650 816
650 815
643 815
643 808
769 808
769 807
904 807
904 819
861 819
861 854
867 854
867 870
925 870
925 860
895 860
895 865
870 865
870 853
958 853
958 856
996 856
996 855
1086 855
1086 852
1314 852
1314 864
1354 864
1354 935
1348 935
1348 1039
1360 1039
1360 1041
1344 1041
1344 997
1339 997
1339 1045
1343 1045
1343 1121
1345 1121
1345 1067
1350 1067
1350 1082
1355 1082
1355 1312
1349 1312
1349 1267
1347 1267
1347 1508
1351 1508
1351 1514
1168 1514
1168 1516
1061 1516
1061 1521
800 1521
800 1509
907 1509
907 1506
799 1506
799 1528
788 1528
788 1504
765 1504
765 1505
743 1505
743 1517
754 1517
754 1527
619 1527
619 1500
642 1500
642 1483
608 1483
608 1486
594 1486
594 1502
546 1502
546 1479
814 1479
814 1482
1006 1482
1006 1487
983 1487
983 1490
1316 1490
1316 1489
1036 1489
1036 1473
1070 1473
1070 1475
1135 1475
1135 1481
1230 1481
1230 1469
1190 1469
1190 1478
1144 1478
1144 1470
820 1470
820 1437
830 1437
830 1446
916 1446
916 1459
905 1459
905 1451
862 1451
862 1453
875 1453
875 1461
930 1461
930 1441
1022 1441
1022 1440
856 1440
856 1442
838 1442
838 1430
842 1430
842 1438
948 1438
948 1427
843 1427
843 1420
807 1420
807 1466
789 1466
789 1457
745 1457
745 1462
548 1462
548 1455
480 1455
480 1378
477 1378
477 1351
517 1351
517 1384
538 1384
538 1381
531 1381
531 1323
526 1323
526 1350
474 1350
474 1383
475 1383
475 1405
470 1405
470 1288
578 1288
578 1366
551 1366
551 1400
573 1400
573 1406
599 1406
599 1412
603 1412
603 1398
618 1398
618 1411
719 1411
719 1307
716 1307
716 1284
694 1284
694 1253
723 1253
723 1282
726 1282
726 1285
727 1285
727 1273
725 1273
725 1226
710 1226
710 1246
681 1246
681 1290
676 1290
676 1281
657 1281
657 1297
632 1297
632 1320
623 1320
623 1329
634 1329
634 1353
698 1353
698 1368
700 1368
700 1326
690 1326
690 1318
653 1318
653 1302
711 1302
711 1394
580 1394
580 1370
600 1370
600 1349
595 1349
595 1287
466 1287
466 1409
461 1409
461 1392
412 1392
412 1583
527 1583
527 1585
529 1585
529 1608
541 1608
541 1661
589 1661
589 1623
591 1623
591 1622
597 1622
597 1588
629 1588
629 1617
649 1617
649 1645
672 1645
672 1648
664 1648
664 1782
659 1782
659 1793
210 1793
210 1803
188 1803
188 1823
302 1823
302 1845
1 1845
1 1957
4 1957
4 1963
2 1963
2 2021
7 2021
7 1981
5 1981
5 1976
6 1976
6 1955
3 1955
3 1864
19 1864
19 1866
38 1866
38 1875
127 1875
127 1876
91 1876
91 1885
109 1885
109 1896
105 1896
105 1890
76 1890
76 1891
90 1891
90 1893
43 1893
43 1906
83 1906
83 1909
96 1909
96 1904
111 1904
111 1947
112 1947
112 1886
128 1886
128 1874
41 1874
41 1859
13 1859
13 1848
89 1848
89 1846
404 1846
404 1844
398 1844
398 1834
454 1834
454 1856
695 1856
695 1862
505 1862
505 1861
349 1861
349 1863
776 1863
776 1871
758 1871
758 1918
746 1918
746 1948
753 1948
753 1924
778 1924
778 1858
744 1858
744 1854
747 1854
747 1847
732 1847
732 1835
660 1835
660 1837
601 1837
601 1833
592 1833
592 1832
553 1832
553 1831
741 1831
741 1830
493 1830
493 1816
501 1816
501 1812
562 1812
562 1801
486 1801
486 1810
487 1810
487 1838
534 1838
534 1840
677 1840
677 1843
714 1843
714 1852
463 1852
463 1829
327 1829
327 1828
314 1828
314 1819
232 1819
232 1796
687 1796
687 1790
701 1790
701 1777
670 1777
670 1734
666 1734
666 1718
671 1718
671 1730
708 1730
708 1717
713 1717
713 1709
718 1709
718 1713
749 1713
749 1708
906 1708
906 1733
888 1733
888 1765
864 1765
864 1764
839 1764
839 1766
924 1766
924 1762
943 1762
943 1753
929 1753
929 1746
978 1746
978 1818
985 1818
985 1850
984 1850
984 1873
1048 1873
1048 1900
1029 1900
1029 1914
1039 1914
1039 1903
1145 1903
1145 1895
1159 1895
1159 1937
1163 1937
1163 1944
1171 1944
1171 1917
1173 1917
1173 1941
1193 1941
1193 1951
1129 1951
1129 1923
1115 1923
1115 1952
1196 1952
1196 1928
1185 1928
1185 1884
1236 1884
1236 1877
1169 1877
1169 1910
1165 1910
1165 1888
1153 1888
1153 1867
1107 1867
1107 1870
1132 1870
1132 1872
1139 1872
1139 1882
1109 1882
1109 1901
1052 1901
1052 1865
1040 1865
1040 1869
991 1869
991 1809
1014 1809
1014 1808
1011 1808
1011 1794
1004 1794
1004 1779
992 1779
992 1781
986 1781
986 1738
957 1738
957 1741
952 1741
952 1742
941 1742
941 1721
937 1721
937 1710
970 1710
970 1703
968 1703
968 1707
893 1707
893 1672
886 1672
886 1662
1151 1662
1151 1663
1127 1663
1127 1667
1116 1667
1116 1668
1087 1668
1087 1676
1166 1676
1166 1681
1066 1681
1066 1683
1243 1683
1243 1664
1258 1664
1258 1643
1275 1643
1275 1686
1282 1686
1282 1651
1299 1651
1299 1644
1305 1644
1305 1641
1332 1641
1332 1610
1302 1610
1302 1606
1266 1606
1266 1616
1317 1616
1317 1639
1239 1639
1239 1674
1154 1674
1154 1655
1134 1655
1134 1659
1112 1659
1112 1656
826 1656
826 1678
885 1678
885 1679
879 1679
879 1706
736 1706
736 1691
764 1691
764 1690
759 1690
759 1688
689 1688
689 1587
688 1587
688 1579
686 1579
686 1685
674 1685
674 1615
663 1615
663 1594
633 1594
633 1577
585 1577
585 1653
543 1653
543 1652
544 1652
544 1635
571 1635
571 1575
581 1575
581 1560
570 1560
570 1592
559 1592
559 1591
545 1591
545 1576
416 1576
416 1402
419 1402
419 1425
436 1425
436 1419
446 1419
446 1458
533 1458
533 1467
673 1467
673 1468
628 1468
628 1472
1027 1472
1027 1476
520 1476
520 1474
514 1474
514 1512
515 1512
515 1507
537 1507
537 1525
458 1525
458 1529
550 1529
550 1531
631 1531
631 1533
440 1533
440 1537
1012 1537
1012 1543
1053 1543
1053 1546
1147 1546
1147 1545
1245 1545
1245 1548
1281 1548
1281 1538
1203 1538
1203 1544
1082 1544
1082 1539
1078 1539
1078 1536
812 1536
812 1522
1267 1522
1267 1535
1285 1535
1285 1532
1333 1532
1333 1520
1353 1520
1353 1388
1366 1388
1366 1495
1364 1495
1364 1542
1338 1542
1338 1621
1337 1621
1337 1715
1342 1715
1342 1711
1340 1711
1340 1547
1362 1547
1362 1618
1365 1618
1365 1557
1369 1557
1369 1682
1370 1682
1370 1604
1375 1604
1375 1589
1374 1589
1374 1515
1372 1515
1372 1463
1368 1463
1368 1390
1367 1390
1367 1365
1356 1365
1356 1188
1358 1188
1358 1122
1379 1122
1379 1315
1381 1315
1381 1439
1383 1439
1383 1629
1385 1629
1385 1631
1420 1631
1420 1503
1419 1503
1419 1367
1425 1367
1425 1083
1412 1083
1412 1078
1423 1078
1423 1069
1407 1069
1407 1134
1422 1134
1422 1179
1405 1179
1405 1125
1403 1125
1403 1214
1404 1214
1404 1193
1406 1193
1406 1431
1409 1431
1409 1277
1411 1277
1411 1264
1408 1264
1408 1225
1413 1225
1413 1184
1424 1184
1424 1258
1418 1258
1418 1582
1399 1582
1399 1603
1417 1603
1417 1630
1396 1630
1396 1624
1384 1624
1384 1266
1388 1266
1388 1167
1389 1167
1389 1093
1390 1093
1390 1447
1397 1447
1397 1240
1395 1240
1395 1269
1391 1269
1391 1130
1392 1130
1392 1050
1382 1050
1382 1176
1380 1176
1380 1012
1373 1012
1373 1088
1359 1088
1359 1086
1363 1086
1363 861
1336 861
1336 849
990 849
990 851
963 851
963 850
869 850
869 829
903 829
903 832
956 832
956 827
919 827
919 820
993 820
993 817
1007 817
1007 811
1138 811
1138 814
1211 814
1211 822
1221 822
1221 824
1099 824
1099 821
1049 821
1049 831
1307 831
1307 830
1304 830
1304 825
1255 825
1255 813
1200 813
1200 806
751 806
751 805
1315 805
1315 823
1311 823
1311 828
1319 828
1319 842
1327 842
1327 809
1378 809
1378 800
1318 800
1318 804
1225 804
1225 798
1076 798
1076 802
823 802
823 801
822 801
822 803
679 803
679 797
641 797
641 812
513 812
513 810
399 810
399 743
494 743
494 722
432 722
432 706
497 706
497 687
483 687
483 683
464 683
464 697
492 697
492 699
448 699
448 666
439 666
439 553
425 553
425 498
522 498
522 463
512 463
512 482
482 482
482 483
508 483
508 497
476 497
476 473
457 473
457 465
423 465
423 510
411 510
411 530
410 530
410 605
429 605
429 581
430 581
430 718
426 718
426 735
433 735
433 741
370 741
370 710
364 710
364 596
361 596
361 654
360 654
360 772
376 772
376 779
380 779
380 818
680 818
680 833
507 833
507 834
729 834
729 835
312 835
312 748
317 748
317 521
306 521
306 614
316 614
316 709
301 709
301 464
298 464
298 745
286 745
286 740
291 740
291 512
289 512
289 314
282 314
282 306
343 306
343 280
340 280
340 285
275 285
275 265
365 265
365 266
392 266
392 282
386 282
386 283
402 283
402 305
374 305
374 313
355 313
355 368
359 368
359 370
385 370
385 338
396 338
396 320
397 320
397 373
407 373
407 323
479 323
479 327
409 327
409 358
460 358
460 332
413 332
413 331
485 331
485 334
626 334
626 357
556 357
556 376
584 376
584 399
557 399
557 413
566 413
566 423
586 423
586 380
611 380
611 383
622 383
622 366
637 366
637 344
665 344
665 330
561 330
561 322
462 322
462 303
646 303
646 302
656 302
656 296
684 296
684 374
682 374
682 375
683 375
683 418
705 418
705 431
706 431
706 480
712 480
712 442
722 442
722 426
707 426
707 392
699 392
699 273
696 273
696 252
692 252
692 276
691 276
691 396
685 396
685 250
652 250
652 229
627 229
627 72
625 72
625 245
624 245
624 249
605 249
605 251
645 251
645 281
644 281
644 277
630 277
630 291
455 291
455 317
451 317
451 301
406 301
406 261
333 261
333 259
254 259
254 292
250 292
250 221
221 221
221 222
217 222
217 295
215 295
215 294
181 294
181 300
175 300
175 310
179 310
179 309
186 309
186 311
199 311
199 307
200 307
200 337
176 337
176 406
160 406
160 372
171 372
171 218
172 218
172 157
170 157
170 60
214 60
214 161
212 161
212 79
203 79
203 158
206 158
206 160
194 160
194 99
191 99
191 168
216 168
216 24
140 24
140 22
227 22
227 19
375 19
375 30
739 30
739 36
720 36
720 41
489 41
489 40
471 40
471 42
639 42
639 47
640 47
640 45
734 45
734 57
781 57
781 59
818 59
818 46
847 46
847 61
797 61
797 64
938 64
938 7
946 7
946 31
945 31
945 48
951 48
951 23
1042 23
1042 34
1051 34
1051 16
953 16
953 15
1073 15
1073 26
1111 26
1111 65
1121 65
1121 68
1141 68
1141 69
1161 69
1161 89
1158 89
1158 87
1152 87
1152 95
1095 95
1095 92
1142 92
1142 85
1143 85
1143 82
1130 82
1130 77
1140 77
1140 71
1085 71
1085 73
887 73
887 76
866 76
866 91
827 91
827 93
825 93
825 135
971 135
971 140
949 140
949 141
889 141
889 145
913 145
913 153
832 153
832 165
923 165
923 143
972 143
972 147
1018 147
1018 169
882 169
882 188
834 188
834 186
878 186
878 182
819 182
819 189
816 189
816 173
805 173
805 212
806 212
806 308
792 308
792 328
773 328
773 304
768 304
768 363
770 363
770 492
771 492
771 446
786 446
786 633
791 633
791 644
918 644
918 663
840 663
840 665
809 665
809 669
926 669
926 670
821 670
821 678
833 678
833 679
881 679
881 675
897 675
897 676
1079 676
1079 681
1207 681
1207 680
1215 680
1215 713
1093 713
1093 711
1030 711
1030 707
966 707
966 714
1251 714
1251 570
1253 570
1253 568
1262 568
1262 607
1261 607
1261 612
1280 612
1280 594
1265 594
1265 580
1306 580
1306 682
1308 682
1308 641
1310 641
1310 791
1298 791
1298 788
1287 788
1287 782
1286 782
1286 792
1312 792
1312 795
1283 795
1283 796
1335 796
1335 787
1325 787
1325 656
1328 656
1328 646
1371 646
1371 647
1387 647
1387 651
1393 651
1393 724
1376 724
1376 730
1386 730
1386 733
1398 733
1398 691
1402 691
1402 619
1377 619
1377 625
1320 625
1320 731
1324 731
1324 794
1313 794
1313 540
1309 540
1309 552
1101 552
1101 551
1103 551
1103 547
1223 547
1223 546
1192 546
1192 538
1176 538
1176 536
1175 536
1175 541
1088 541
1088 559
1108 559
1108 555
1257 555
1257 566
1256 566
1256 560
1250 560
1250 597
1247 597
1247 563
1244 563
1244 564
1241 564
1241 702
1242 702
1242 708
1219 708
1219 677
1187 677
1187 671
1068 671
1068 673
1016 673
1016 674
944 674
944 659
954 659
954 645
1002 645
1002 624
1037 624
1037 643
1031 643
1031 668
1047 668
1047 657
1050 657
1050 627
1060 627
1060 655
1069 655
1069 611
1064 611
1064 529
1063 529
1063 600
967 600
967 615
1005 615
1005 617
998 617
998 620
920 620
920 622
914 622
914 642
794 642
794 640
795 640
795 458
802 458
802 440
846 440
846 457
933 457
933 462
965 462
965 468
1008 468
1008 472
1033 472
1033 456
859 456
859 450
852 450
852 434
857 434
857 428
865 428
865 436
922 436
922 432
955 432
955 427
959 427
959 424
950 424
950 412
1003 412
1003 411
1059 411
1059 416
1010 416
1010 419
1041 419
1041 425
1057 425
1057 430
1094 430
1094 445
1096 445
1096 405
1100 405
1100 394
1117 394
1117 444
1206 444
1206 447
1217 447
1217 448
1097 448
1097 449
1046 449
1046 471
1056 471
1056 454
1118 454
1118 455
1213 455
1213 452
1216 452
1216 461
1227 461
1227 459
1224 459
1224 433
1222 433
1222 429
1120 429
1120 439
1128 439
1128 441
1119 441
1119 400
1126 400
1126 404
1157 404
1157 408
1233 408
1233 407
1346 407
1346 422
1322 422
1322 435
1323 435
1323 438
1331 438
1331 453
1334 453
1334 443
1352 443
1352 395
1271 395
1271 390
1177 390
1177 387
1288 387
1288 388
1341 388
1341 389
1489 389
1489 343
1467 343
1467 288
1438 288
1438 278
1440 278
1440 286
1488 286
1488 284
1469 284
1469 272
1491 272
1491 271
1476 271
1476 247
1549 247
1549 255
1598 255
1598 256
1593 256
1593 257
1617 257
1617 244
1649 244
1649 241
1625 241
1625 240
1552 240
1552 238
1741 238
1741 236
1789 236
1789 201
1910 201
1910 217
1843 217
1843 224
1868 224
1868 230
1931 230
1931 216
1928 216
1928 196
1830 196
1830 184
1829 184
1829 192
1825 192
1825 199
1756 199
1756 204
1780 204
1780 200
1785 200
1785 223
1742 223
1742 234
1703 234
1703 231
1674 231
1674 237
1659 237
1659 225
1622 225
1622 220
1623 220
1623 198
1587 198
1587 202
1582 202
1582 195
1559 195
1559 214
1590 214
1590 227
1576 227
1576 235
1556 235
1556 209
1545 209
1545 213
1543 213
1543 193
1532 193
1532 215
1519 215
1519 191
1557 191
1557 176
1591 176
1591 159
1568 159
1568 152
1739 152
1739 149
1718 149
1718 148
1766 148
1766 154
1788 154
1788 125
1921 125
1921 114
1993 114
1993 112
2099 112
2099 117
2121 117
2121 116
2311 116
2311 115
2392 115
2392 122
2443 122
2443 127
2374 127
2374 129
2454 129
2454 126
2467 126
2467 208
2463 208
2463 335
2462 335
2462 339
2466 339
2466 486
2469 486
2469 134
2476 134
2476 181
2483 181
2483 132
2495 132
2495 369
2494 369
2494 562
2496 562
2496 197
2497 197
2497 867
2482 867
2482 785
2489 785
2489 753
2490 753
2490 698
2488 698
2488 577
2487 577
2487 587
2486 587
2486 574
2492 574
2492 515
2480 515
2480 608
2484 608
2484 543
2485 543
2485 781
2481 781
2481 688
2477 688
2477 705
2470 705
2470 719
2465 719
2465 726
2468 726
2468 750
2479 750
2479 878
2471 878
2471 888
2472 888
2472 901
2473 901
2473 879
2491 879
2491 869
2493 869
2493 897
2474 897
2474 924
2442 924
2442 927
2421 927
2421 928
2456 928
2456 931
2398 931
2398 930
2447 930
2447 929
2383 929
2383 920
2274 920
2274 950
2270 950
2270 1023
2278 1023
2278 1038
2281 1038
2281 1057
2262 1057
2262 1030
2256 1030
2256 1034
2244 1034
2244 1079
2242 1079
2242 1132
2211 1132
2211 1100
2217 1100
2217 1077
2212 1077
2212 1074
2192 1074
2192 1063
2168 1063
2168 1071
2173 1071
2173 1135
2181 1135
2181 1141
2210 1141
2210 1149
2171 1149
2171 1178
2164 1178
2164 1158
2155 1158
2155 1109
2151 1109
2151 1080
2132 1080
2132 1060
2113 1060
2113 1076
2091 1076
2091 1058
2086 1058
2086 1094
2106 1094
2106 1090
2130 1090
2130 1097
2077 1097
2077 1054
2156 1054
2156 1026
2140 1026
2140 970
2153 970
2153 916
2319 916
2319 917
2221 917
2221 918
2294 918
2294 919
2352 919
2352 915
2150 915
2150 926
2139 926
2139 913
2461 913
2461 912
2202 912
2202 911
2131 911
2131 910
2170 910
2170 907
2190 907
2190 896
2301 896
2301 906
2309 906
2309 899
2329 899
2329 898
2357 898
2357 908
2358 908
2358 900
2381 900
2381 895
2393 895
2393 892
2455 892
2455 884
2436 884
2436 891
2406 891
2406 882
2399 882
2399 886
2368 886
2368 893
2315 893
2315 887
2361 887
2361 885
2277 885
2277 883
2224 883
2224 875
2101 875
2101 877
2135 877
2135 876
2207 876
2207 889
2269 889
2269 894
2115 894
2115 932
2148 932
2148 952
2138 952
2138 974
2109 974
2109 923
2089 923
2089 946
2094 946
2094 943
2108 943
2108 1053
2069 1053
2069 1105
2126 1105
2126 1108
2081 1108
2081 1118
2102 1118
2102 1129
2134 1129
2134 1092
2149 1092
2149 1101
2146 1101
2146 1166
2157 1166
2157 1254
2159 1254
2159 1198
2180 1198
2180 1230
2183 1230
2183 1213
2185 1213
2185 1212
2247 1212
2247 1242
2253 1242
2253 1357
2162 1357
2162 1316
2133 1316
2133 1306
2158 1306
2158 1296
2085 1296
2085 1303
2112 1303
2112 1305
2076 1305
2076 1317
2105 1317
2105 1345
2073 1345
2073 1374
2071 1374
2071 1327
2040 1327
2040 1369
2038 1369
2038 1436
2045 1436
2045 1494
2037 1494
2037 1747
2027 1747
2027 1712
2026 1712
2026 1750
1976 1750
1976 1727
1971 1727
1971 1695
1969 1695
1969 1689
1952 1689
1952 1724
1947 1724
1947 1705
1922 1705
1922 1702
1920 1702
1920 1625
1935 1625
1935 1669
1972 1669
1972 1665
2001 1665
2001 1642
2014 1642
2014 1519
2018 1519
2018 1456
2023 1456
2023 1232
2015 1232
2015 1195
1984 1195
1984 1332
1994 1332
1994 1334
1981 1334
1981 1245
1980 1245
1980 1429
1985 1429
1985 1341
1990 1341
1990 1413
1992 1413
1992 1480
1938 1480
1938 1309
1941 1309
1941 1173
1939 1173
1939 1257
1924 1257
1924 1364
1916 1364
1916 1059
1923 1059
1923 1010
1917 1010
1917 873
1925 873
1925 793
1896 793
1896 784
1973 784
1973 783
2043 783
2043 780
2053 780
2053 776
2072 776
2072 770
2090 770
2090 774
2228 774
2228 775
2327 775
2327 727
2334 727
2334 737
2372 737
2372 728
2389 728
2389 717
2390 717
2390 739
2395 739
2395 736
2396 736
2396 729
2403 729
2403 786
2409 786
2409 773
2412 773
2412 789
2375 789
2375 840
2322 840
2322 845
2369 845
2369 857
2359 857
2359 872
2333 872
2333 874
2360 874
2360 863
2411 863
2411 862
2377 862
2377 841
2380 841
2380 838
2376 838
2376 799
2404 799
2404 826
2414 826
2414 765
2415 765
2415 723
2391 723
2391 701
2371 701
2371 693
2402 693
2402 689
2385 689
2385 692
2384 692
2384 653
2363 653
2363 712
2382 712
2382 720
2366 720
2366 734
2353 734
2353 662
2350 662
2350 599
2321 599
2321 583
2154 583
2154 571
2035 571
2035 572
2098 572
2098 582
2024 582
2024 585
2074 585
2074 589
1792 589
1792 576
1854 576
1854 567
1877 567
1877 558
1894 558
1894 556
1903 556
1903 548
1905 548
1905 517
1897 517
1897 495
1904 495
1904 488
1944 488
1944 533
1970 533
1970 537
2008 537
2008 535
2016 535
2016 531
2095 531
2095 502
2103 502
2103 527
2116 527
2116 528
2314 528
2314 491
2290 491
2290 516
2310 516
2310 518
2305 518
2305 526
2229 526
2229 525
2179 525
2179 514
2163 514
2163 509
2230 509
2230 524
2249 524
2249 511
2248 511
2248 504
2142 504
2142 503
2194 503
2194 501
2199 501
2199 489
2265 489
2265 476
2177 476
2177 490
2137 490
2137 500
2088 500
2088 507
2093 507
2093 513
2030 513
2030 469
2021 469
2021 505
1996 505
1996 508
1965 508
1965 522
1964 522
1964 479
1958 479
1958 478
1954 478
1954 470
1902 470
1902 466
1793 466
1793 481
1794 481
1794 484
1804 484
1804 475
1832 475
1832 523
1822 523
1822 534
1833 534
1833 506
1837 506
1837 467
1849 467
1849 494
1892 494
1892 485
1871 485
1871 474
1895 474
1895 550
1869 550
1869 554
1797 554
1797 549
1774 549
1774 557
1786 557
1786 578
1765 578
1765 561
1713 561
1713 569
1696 569
1696 584
1585 584
1585 520
1589 520
1589 493
1527 493
1527 499
1526 499
1526 539
1524 539
1524 672
1525 672
1525 744
1521 744
1521 777
1540 777
1540 790
1539 790
1539 848
1565 848
1565 763
1569 763
1569 758
1567 758
1567 757
1562 757
1562 766
1558 766
1558 769
1533 769
1533 759
1551 759
1551 742
1550 742
1550 725
1548 725
1548 721
1546 721
1546 755
1531 755
1531 684
1536 684
1536 496
1586 496
1586 519
1583 519
1583 565
1577 565
1577 575
1564 575
1564 573
1554 573
1554 542
1547 542
1547 532
1541 532
1541 579
1555 579
1555 598
1560 598
1560 591
1575 591
1575 638
1563 638
1563 685
1570 685
1570 648
1588 648
1588 639
1581 639
1581 588
1733 588
1733 660
1799 660
1799 636
1783 636
1783 634
1983 634
1983 637
1987 637
1987 652
1899 652
1899 661
1940 661
1940 664
1943 664
1943 690
1950 690
1950 703
1891 703
1891 716
1915 716
1915 704
2033 704
2033 700
2056 700
2056 696
2070 696
2070 695
2002 695
2002 635
1997 635
1997 621
1814 621
1814 623
1812 623
1812 628
1846 628
1846 632
1779 632
1779 649
1744 649
1744 631
1778 631
1778 629
1798 629
1798 626
1781 626
1781 616
1761 616
1761 602
1754 602
1754 630
1753 630
1753 613
1734 613
1734 592
1880 592
1880 593
1863 593
1863 603
1882 603
1882 610
2041 610
2041 606
2025 606
2025 604
2003 604
2003 609
1901 609
1901 590
2005 590
2005 595
2080 595
2080 586
2320 586
2320 601
2346 601
2346 667
2343 667
2343 618
2339 618
2339 650
2338 650
2338 694
2318 694
2318 749
2323 749
2323 751
2325 751
2325 767
2291 767
2291 771
2119 771
2119 754
2118 754
2118 768
2029 768
2029 761
2039 761
2039 756
2009 756
2009 752
1967 752
1967 760
2010 760
2010 762
2006 762
2006 778
1893 778
1893 844
1889 844
1889 847
1913 847
1913 890
1911 890
1911 973
1908 973
1908 1219
1914 1219
1914 1371
1919 1371
1919 1382
1936 1382
1936 1389
1930 1389
1930 1401
1933 1401
1933 1488
1999 1488
1999 1492
2000 1492
2000 1387
1998 1387
1998 1328
2011 1328
2011 1294
2004 1294
2004 1304
1995 1304
1995 1293
1989 1293
1989 1272
2019 1272
2019 1286
2012 1286
2012 1586
2013 1586
2013 1637
1974 1637
1974 1650
1959 1650
1959 1647
1948 1647
1948 1612
1945 1612
1945 1611
1906 1611
1906 1729
1876 1729
1876 1739
1907 1739
1907 1720
1909 1720
1909 1740
1870 1740
1870 1526
1841 1526
1841 1410
1853 1410
1853 1224
1856 1224
1856 1333
1859 1333
1859 1408
1858 1408
1858 1449
1861 1449
1861 1434
1883 1434
1883 1433
1885 1433
1885 1460
1886 1460
1886 1491
1887 1491
1887 1404
1879 1404
1879 1339
1872 1339
1872 1218
1855 1218
1855 1216
1873 1216
1873 1200
1850 1200
1850 1205
1775 1205
1775 1196
1762 1196
1762 1206
1758 1206
1758 1210
1836 1210
1836 1208
1844 1208
1844 1221
1768 1221
1768 1231
1732 1231
1732 1217
1736 1217
1736 1187
1731 1187
1731 1163
1735 1163
1735 1113
1724 1113
1724 1155
1719 1155
1719 1675
1717 1675
1717 1842
1720 1842
1720 1945
1695 1945
1695 1898
1710 1898
1710 1697
1711 1697
1711 1649
1716 1649
1716 1595
1708 1595
1708 1628
1707 1628
1707 1879
1694 1879
1694 1868
1684 1868
1684 1822
1693 1822
1693 1783
1685 1783
1685 1751
1687 1751
1687 1493
1692 1493
1692 1338
1699 1338
1699 1452
1701 1452
1701 1530
1690 1530
1690 1584
1706 1584
1706 1443
1705 1443
1705 1477
1702 1477
1702 1181
1697 1181
1697 1203
1667 1203
1667 1247
1677 1247
1677 1416
1670 1416
1670 1464
1669 1464
1669 1501
1662 1501
1662 1551
1673 1551
1673 1511
1676 1511
1676 1553
1678 1553
1678 1259
1683 1259
1683 1911
1689 1911
1689 1943
1681 1943
1681 1933
1682 1933
1682 1737
1680 1737
1680 1907
1672 1907
1672 1930
1650 1930
1650 1925
1663 1925
1663 1920
1665 1920
1665 1841
1656 1841
1656 1853
1653 1853
1653 1921
1648 1921
1648 1836
1647 1836
1647 1821
1637 1821
1637 1880
1634 1880
1634 1701
1633 1701
1633 1534
1635 1534
1635 1769
1639 1769
1639 1580
1641 1580
1641 948
1644 948
1644 953
1646 953
1646 942
1654 942
1654 1006
1652 1006
1652 1091
1655 1091
1655 904
1657 904
1657 902
1660 902
1660 945
1661 945
1661 939
1666 939
1666 909
1712 909
1712 914
1714 914
1714 905
1664 905
1664 881
1658 881
1658 880
1651 880
1651 925
1638 925
1638 936
1643 936
1643 944
1631 944
1631 1117
1636 1117
1636 1360
1640 1360
1640 1423
1629 1423
1629 1578
1628 1578
1628 1518
1627 1518
1627 1485
1626 1485
1626 1855
1624 1855
1624 1784
1621 1784
1621 1894
1630 1894
1630 1897
1616 1897
1616 1908
1613 1908
1613 1881
1614 1881
1614 1510
1619 1510
1619 1422
1620 1422
1620 1417
1618 1417
1618 871
1615 871
1615 1220
1604 1220
1604 1448
1603 1448
1603 1356
1600 1356
1600 1190
1602 1190
1602 1171
1597 1171
1597 1552
1599 1552
1599 1768
1601 1768
1601 1581
1605 1581
1605 1454
1608 1454
1608 1432
1607 1432
1607 1248
1612 1248
1612 1379
1611 1379
1611 1787
1592 1787
1592 1919
1594 1919
1594 1929
1561 1929
1561 1922
1528 1922
1528 1902
1513 1902
1513 1913
1501 1913
1501 1825
1508 1825
1508 1851
1512 1851
1512 1849
1514 1849
1514 1827
1511 1827
1511 1820
1495 1820
1495 1725
1494 1725
1494 1889
1498 1889
1498 1899
1490 1899
1490 1905
1499 1905
1499 1912
1485 1912
1485 1714
1484 1714
1484 1646
1482 1646
1482 1175
1471 1175
1471 1099
1470 1099
1470 1260
1465 1260
1465 1274
1463 1274
1463 1197
1457 1197
1457 1271
1439 1271
1439 1268
1432 1268
1432 1513
1433 1513
1433 1549
1442 1549
1442 1540
1437 1540
1437 1465
1434 1465
1434 1407
1435 1407
1435 1395
1441 1395
1441 1372
1443 1372
1443 1596
1444 1596
1444 1291
1446 1291
1446 1280
1461 1280
1461 1311
1456 1311
1456 1373
1458 1373
1458 1375
1453 1375
1453 1445
1450 1445
1450 1563
1454 1563
1454 1498
1459 1498
1459 1361
1475 1361
1475 1414
1477 1414
1477 1421
1478 1421
1478 1186
1481 1186
1481 1660
1483 1660
1483 1916
1523 1916
1523 1926
1530 1926
1530 1931
1535 1931
1535 1935
1553 1935
1553 1938
1538 1938
1538 1939
1578 1939
1578 1949
1573 1949
1573 1964
1529 1964
1529 1956
1520 1956
1520 1972
1579 1972
1579 1932
1595 1932
1595 1805
1596 1805
1596 1927
1610 1927
1610 1936
1642 1936
1642 1915
1645 1915
1645 1950
1755 1950
1755 1946
1740 1946
1740 1942
1751 1942
1751 1940
1771 1940
1771 1934
1726 1934
1726 1795
1728 1795
1728 1811
1737 1811
1737 1860
1748 1860
1748 1694
1759 1694
1759 1772
1764 1772
1764 1666
1750 1666
1750 1680
1763 1680
1763 1684
1745 1684
1745 1774
1747 1774
1747 1857
1743 1857
1743 1839
1738 1839
1738 1792
1729 1792
1729 1719
1727 1719
1727 1743
1723 1743
1723 1723
1721 1723
1721 1444
1722 1444
1722 1235
1757 1235
1757 1244
1777 1244
1777 1261
1791 1261
1791 1238
1782 1238
1782 1233
1810 1233
1810 1229
1801 1229
1801 1222
1840 1222
1840 1275
1839 1275
1839 1386
1831 1386
1831 1415
1834 1415
1834 1426
1828 1426
1828 1554
1866 1554
1866 1670
1862 1670
1862 1671
1865 1671
1865 1771
1867 1771
1867 1759
1934 1759
1934 1744
1962 1744
1962 1778
2022 1778
2022 1798
2068 1798
2068 1799
2127 1799
2127 1760
2092 1760
2092 1757
2193 1757
2193 1763
2184 1763
2184 1785
2143 1785
2143 1802
2174 1802
2174 1824
2225 1824
2225 1883
2227 1883
2227 1892
2239 1892
2239 1966
2272 1966
2272 2020
2264 2020
2264 1978
2218 1978
2218 1984
2200 1984
2200 1987
2263 1987
2263 1991
2261 1991
2261 2015
2176 2015
2176 1999
2152 1999
2152 2023
2165 2023
2165 2016
2169 2016
2169 2029
1991 2029
1991 2027
2048 2027
2048 1975
2054 1975
2054 1989
2058 1989
2058 1979
2083 1979
2083 1974
2078 1974
2078 1973
2067 1973
2067 1967
1898 1967
1898 1969
1818 1969
1818 1958
1802 1958
1802 1970
1912 1970
1912 1971
1878 1971
1878 1983
1900 1983
1900 1985
1874 1985
1874 1994
1963 1994
1963 1993
2017 1993
2017 1990
1937 1990
1937 1988
2007 1988
2007 1977
2031 1977
2031 2008
2036 2008
2036 2013
2044 2013
2044 2025
1955 2025
1955 2026
1852 2026
1852 2005
1805 2005
1805 2003
1819 2003
1819 2002
1807 2002
1807 2001
1772 2001
1772 1998
1787 1998
1787 1982
1769 1982
1769 2000
1691 2000
1691 1996
1730 1996
1730 1995
1675 1995
1675 1997
1671 1997
1671 2004
1790 2004
1790 2007
1700 2007
1700 2006
1500 2006
1500 2018
1516 2018
1516 2010
1609 2010
1609 2009
1784 2009
1784 2011
1842 2011
1842 2012
1811 2012
1811 2017
1824 2017
1824 2019
1845 2019
1845 2024
1816 2024
1816 2028
1988 2028
1988 2030
2234 2030
2234 2040
2238 2040
2238 2022
2275 2022
2275 2043
2400 2043
2400 2039
2418 2039
2418 2037
2425 2037
2425 2476
2426 2476
2426 2485
2424 2485
2424 2099
2423 2099
2423 2102
2422 2102
2422 2486
2430 2486
2430 2497
2419 2497
2419 2463
2341 2463
2341 2352
2302 2352
2302 2337
2304 2337
2304 2334
2299 2334
2299 2333
2306 2333
2306 2297
2293 2297
2293 2331
2286 2331
2286 2280
2280 2280
2280 2277
2273 2277
2273 2386
2268 2386
2268 2231
2292 2231
2292 2207
2420 2207
2420 2205
2379 2205
2379 2200
2394 2200
2394 2191
2337 2191
2337 2192
2201 2192
2201 2387
2144 2387
2144 2305
2122 2305
2122 2316
2117 2316
2117 2252
2124 2252
2124 2201
2125 2201
2125 2103
2175 2103
2175 2109
2191 2109
2191 2244
2195 2244
2195 2107
2213 2107
2213 2100
2284 2100
2284 2097
2232 2097
2232 2095
2267 2095
2267 2093
2386 2093
2386 2071
2370 2071
2370 2073
2365 2073
2365 2086
2271 2086
2271 2084
2166 2084
2166 2091
2120 2091
2120 2206
2114 2206
2114 2216
1986 2216
1986 2219
1956 2219
1956 2193
1960 2193
1960 2208
1975 2208
1975 2176
1979 2176
1979 2187
1977 2187
1977 2204
2020 2204
2020 2138
1982 2138
1982 2171
1968 2171
1968 2152
1966 2152
1966 2135
1957 2135
1957 2139
1946 2139
1946 2140
1884 2140
1884 2132
1890 2132
1890 2117
1860 2117
1860 2126
1800 2126
1800 2144
1803 2144
1803 2130
1820 2130
1820 2149
1813 2149
1813 2320
1806 2320
1806 2423
1796 2423
1796 2419
1752 2419
1752 2406
1749 2406
1749 2397
1795 2397
1795 2391
1776 2391
1776 2377
1686 2377
1686 2374
1606 2374
1606 2379
1537 2379
1537 2378
1493 2378
1493 2396
1503 2396
1503 2380
1704 2380
1704 2385
1767 2385
1767 2394
1746 2394
1746 2435
1632 2435
1632 2432
1544 2432
1544 2442
1668 2442
1668 2446
1688 2446
1688 2447
1709 2447
1709 2443
1679 2443
1679 2440
1715 2440
1715 2452
1542 2452
1542 2448
1522 2448
1522 2458
1510 2458
1510 2461
1487 2461
1487 2469
1479 2469
1479 2470
1468 2470
1468 2457
1452 2457
1452 2453
1436 2453
1436 2462
1431 2462
1431 2450
1300 2450
1300 2454
1400 2454
1400 2467
1292 2467
1292 2434
1296 2434
1296 2345
1297 2345
1297 2246
1295 2246
1295 2143
1294 2143
1294 2089
1277 2089
1277 2087
1201 2087
1201 2092
1214 2092
1214 2096
1136 2096
1136 2104
1124 2104
1124 2101
1104 2101
1104 2085
1105 2085
1105 2094
1110 2094
1110 2072
1067 2072
1067 2131
939 2131
939 2111
931 2111
931 2108
871 2108
871 2113
891 2113
891 2134
964 2134
964 2133
1071 2133
1071 2075
1092 2075
1092 2105
1150 2105
1150 2123
1123 2123
1123 2167
1065 2167
1065 2172
1062 2172
1062 2186
1044 2186
1044 2158
1043 2158
1043 2170
997 2170
997 2182
976 2182
976 2165
947 2165
947 2160
940 2160
940 2159
934 2159
934 2169
783 2169
783 2174
569 2174
569 2156
582 2156
582 2137
588 2137
588 2119
577 2119
577 2115
567 2115
567 2179
583 2179
583 2202
563 2202
563 2203
560 2203
560 2223
558 2223
558 2070
564 2070
564 2083
575 2083
575 2082
590 2082
590 2069
635 2069
635 2057
790 2057
790 2058
936 2058
936 2063
1276 2063
1276 2050
1455 2050
1455 2047
1504 2047
1504 2049
1505 2049
1505 2048
1517 2048
1517 2045
1279 2045
1279 2044
1252 2044
1252 2055
1246 2055
1246 2062
1084 2062
1084 2061
1232 2061
1232 2060
1149 2060
1149 2056
777 2056
777 2053
1167 2053
1167 2054
1179 2054
1179 2051
1077 2051
1077 2052
614 2052
614 2059
549 2059
549 2066
555 2066
555 2183
554 2183
554 2196
547 2196
547 2166
535 2166
535 2136
528 2136
528 2180
499 2180
499 2074
496 2074
496 2142
491 2142
491 2251
478 2251
478 2217
473 2217
473 2425
484 2425
484 2426
342 2426
342 2421
394 2421
394 2417
444 2417
444 2416
418 2416
418 2373
456 2373
456 2369
401 2369
401 2415
352 2415
352 2418
337 2418
337 2430
332 2430
332 2413
326 2413
326 2349
329 2349
329 2293
351 2293
351 2313
347 2313
347 2366
336 2366
336 2375
344 2375
344 2370
350 2370
350 2365
353 2365
353 2360
372 2360
372 2312
358 2312
358 2302
366 2302
366 2288
315 2288
315 2329
313 2329
313 2292
296 2292
296 2298
293 2298
293 2307
271 2307
271 2309
284 2309
284 2317
268 2317
268 2346
246 2346
246 2343
253 2343
253 2339
256 2339
256 2328
243 2328
243 2332
238 2332
238 2358
239 2358
239 2348
269 2348
269 2321
304 2321
304 2382
305 2382
305 2322
310 2322
310 2344
321 2344
321 2361
322 2361
322 2414
320 2414
320 2472
348 2472
348 2456
368 2456
368 2460
434 2460
434 2475
136 2475
136 2479
234 2479
234 2477
383 2477
383 2487
259 2487
259 2489
72 2489
72 2466
74 2466
74 2338
66 2338
66 2330
65 2330
65 2287
64 2287
64 2209
67 2209
67 2090
70 2090
70 2127
95 2127
95 2112
99 2112
99 2114
103 2114
103 2189
100 2189
100 2195
110 2195
110 2175
120 2175
120 2194
121 2194
121 2199
108 2199
108 2224
97 2224
97 2262
93 2262
93 2291
88 2291
88 2296
104 2296
104 2290
107 2290
107 2253
130 2253
130 2236
125 2236
125 2185
126 2185
126 2146
114 2146
114 2153
106 2153
106 2121
113 2121
113 2081
85 2081
85 2080
116 2080
116 2079
123 2079
123 2076
102 2076
102 2067
82 2067
82 2077
80 2077
80 2064
77 2064
77 2068
75 2068
75 2078
79 2078
79 2120
92 2120
92 2125
78 2125
78 2122
71 2122
71 2088
68 2088
68 2065
63 2065
63 2381
58 2381
58 2368
53 2368
53 2161
52 2161
52 2420
55 2420
55 2383
69 2383
69 2496
132 2496
132 2491
209 2491
209 2492
435 2492
435 2439
371 2439
371 2449
431 2449
431 2451
325 2451
325 2459
324 2459
324 2437
357 2437
357 2433
400 2433
400 2429
504 2429
504 2411
490 2411
490 2393
503 2393
503 2286
502 2286
502 2261
510 2261
510 2402
511 2402
511 2260
498 2260
498 2197
536 2197
536 2228
568 2228
568 2233
518 2233
518 2234
539 2234
539 2237
519 2237
519 2255
574 2255
574 2245
704 2245
704 2256
733 2256
733 2272
752 2272
752 2257
762 2257
762 2278
756 2278
756 2357
715 2357
715 2427
721 2427
721 2371
717 2371
717 2362
757 2362
757 2283
772 2283
772 2301
785 2301
785 2282
804 2282
804 2269
763 2269
763 2265
824 2265
824 2264
850 2264
850 2304
837 2304
837 2324
829 2324
829 2354
853 2354
853 2300
854 2300
854 2266
868 2266
868 2326
1001 2326
1001 2364
1013 2364
1013 2401
962 2401
962 2412
988 2412
988 2405
1019 2405
1019 2403
1080 2403
1080 2398
1074 2398
1074 2399
1038 2399
1038 2367
1032 2367
1032 2363
1122 2363
1122 2355
1146 2355
1146 2342
1114 2342
1114 2347
1089 2347
1089 2359
1081 2359
1081 2353
1026 2353
1026 2325
982 2325
982 2319
1028 2319
1028 2327
1054 2327
1054 2318
1035 2318
1035 2308
1034 2308
1034 2299
975 2299
975 2306
973 2306
973 2310
979 2310
979 2314
935 2314
935 2315
961 2315
961 2323
872 2323
872 2258
892 2258
892 2295
912 2295
912 2289
901 2289
901 2276
921 2276
921 2285
927 2285
927 2284
1020 2284
1020 2279
1024 2279
1024 2263
1000 2263
1000 2271
994 2271
994 2275
960 2275
960 2273
908 2273
908 2254
709 2254
709 2238
728 2238
728 2239
748 2239
748 2235
703 2235
703 2221
702 2221
702 2229
675 2229
675 2227
693 2227
693 2213
651 2213
651 2243
638 2243
638 2240
617 2240
617 2225
587 2225
587 2230
576 2230
576 2222
612 2222
612 2184
616 2184
616 2190
655 2190
655 2178
774 2178
774 2177
851 2177
851 2181
803 2181
803 2188
1195 2188
1195 2164
1131 2164
1131 2150
1160 2150
1160 2129
1164 2129
1164 2128
1189 2128
1189 2124
1228 2124
1228 2116
1191 2116
1191 2098
1264 2098
1264 2110
1263 2110
1263 2147
1272 2147
1272 2106
1274 2106
1274 2118
1290 2118
1290 2270
1291 2270
1291 2404
1289 2404
1289 2488
1329 2488
1329 2495
1330 2495
1330 2484
1361 2484
1361 2480
1394 2480
1394 2493
1401 2493
1401 2483
1509 2483
1509 2482
1472 2482
1472 2481
1416 2481
1416 2478
1301 2478
1301 2473
1326 2473
1326 2468
1449 2468
1449 2471
1574 2471
1574 2455
1725 2455
1725 2438
1580 2438
1580 2436
1773 2436
1773 2424
1826 2424
1826 2422
1808 2422
1808 2376
1809 2376
1809 2340
1815 2340
1815 2250
1817 2250
1817 2168
1821 2168
1821 2268
1848 2268
1848 2281
1875 2281
1875 2249
1864 2249
1864 2242
1857 2242
1857 2267
1827 2267
1827 2198
1823 2198
1823 2148
1838 2148
1838 2145
1881 2145
1881 2141
1926 2141
1926 2151
1851 2151
1851 2154
1835 2154
1835 2157
1847 2157
1847 2155
1929 2155
1929 2162
1927 2162
1927 2173
1953 2173
1953 2210
1932 2210
1932 2212
1888 2212
1888 2218
1951 2218
1951 2226
2097 2226
2097 2341
2110 2341
2110 2351
2123 2351
2123 2336
2129 2336
2129 2335
2141 2335
2141 2400
2167 2400
2167 2395
2203 2395
2203 2215
2258 2215
2258 2214
2233 2214
2233 2211
2260 2211
2260 2232
2257 2232
2257 2274
2240 2274
2240 2303
2266 2303
2266 2388
2245 2388
2245 2407
2243 2407
2243 2389
2235 2389
2235 2410
2237 2410
2237 2409
2252 2409
2252 2392
2282 2392
2282 2294
2283 2294
2283 2356
2298 2356
2298 2372
2340 2372
2340 2431
2331 2431
2331 2498
2324 2498
2324 2499
2387 2499
2387 2494
2413 2494
2413 2490
2405 2490
2405 2465
2401 2465
2401 2464
2416 2464
2416 2500
2445 2500
2445 2474
2444 2474
2444 2441
2450 2441
2450 2444
2453 2444
2453 2390
2451 2390
2451 2384
2449 2384
2449 1961
2458 1961
2458 2031
2459 2031
2459 2014
2460 2014
2460 1953
2457 1953
2457 1954
2410 1954
2410 1959
2408 1959
2408 1960
2417 1960
2417 1980
2433 1980
2433 1962
2438 1962
2438 1992
2446 1992
2446 2311
2448 2311
2448 2428
2441 2428
2441 2408
2432 2408
2432 2445
2429 2445
2429 2350
2428 2350
2428 2248
2435 2248
2435 2259
2440 2259
2440 2046
2439 2046
2439 2163
2437 2163
2437 2220
2434 2220
2434 2247
2431 2247
2431 2241
2427 2241
2427 2032
2367 2032
2367 2042
2335 2042
2335 2041
2296 2041
2296 2038
2307 2038
2307 2036
2364 2036
2364 2033
2336 2033
2336 2034
2316 2034
2316 2035
2279 2035
2279 1986
2276 1986
2276 1968
2287 1968
2287 1965
2241 1965
2241 1887
2236 1887
2236 1878
2231 1878
2231 1814
2226 1814
2226 1602
2216 1602
2216 1566
2215 1566
2215 1561
2205 1561
2205 1568
2172 1568
2172 1601
2161 1601
2161 1605
2214 1605
2214 1609
2066 1609
2066 1620
2084 1620
2084 1677
2100 1677
2100 1619
2111 1619
2111 1614
2204 1614
2204 1626
2182 1626
2182 1633
2198 1633
2198 1627
2208 1627
2208 1657
2147 1657
2147 1673
2206 1673
2206 1692
2219 1692
2219 1613
2220 1613
2220 1607
2223 1607
2223 1813
2222 1813
2222 1728
2178 1728
2178 1736
2209 1736
2209 1748
2197 1748
2197 1754
2096 1754
2096 1756
2082 1756
2082 1752
2065 1752
2065 1786
2079 1786
2079 1789
2028 1789
2028 1755
2049 1755
2049 1767
2032 1767
2032 1788
2034 1788
2034 1770
2050 1770
2050 1693
2051 1693
2051 1567
2052 1567
2052 1484
2047 1484
2047 1450
2059 1450
2059 1496
2055 1496
2055 1590
2057 1590
2057 1636
2061 1636
2061 1597
2062 1597
2062 1555
2060 1555
2060 1424
2042 1424
2042 1336
2046 1336
2046 1399
2063 1399
2063 1396
2064 1396
2064 1418
2075 1418
2075 1362
2087 1362
2087 1385
2107 1385
2107 1391
2128 1391
2128 1325
2160 1325
2160 1331
2145 1331
2145 1358
2259 1358
2259 1194
2255 1194
2255 1211
2187 1211
2187 1161
2189 1161
2189 1162
2196 1162
2196 1170
2254 1170
2254 1127
2295 1127
2295 1119
2303 1119
2303 1111
2308 1111
2308 1087
2300 1087
2300 1084
2289 1084
2289 1110
2250 1110
2250 1148
2246 1148
2246 1104
2251 1104
2251 1064
2285 1064
2285 1033
2313 1033
2313 938
2326 938
2326 941
2328 941
2328 996
2348 996
2348 1005
2344 1005
2344 1182
2342 1182
2342 1183
2330 1183
2330 1192
2347 1192
2347 1095
2345 1095
2345 1032
2349 1032
2349 1075
2351 1075
2351 1107
2397 1107
2397 1096
2388 1096
2388 1098
2373 1098
2373 1103
2362 1103
2362 1102
2356 1102
2356 1061
2355 1061
2355 1051
2354 1051
2354 990
2332 990
2332 937
2317 937
2317 934
2312 934
2312 947
2297 947
2297 922
2288 922
2288 921
2378 921
2378 933
2475 933
2475 903
2500 903
2500 746
2499 746
2499 226
2498 226
2498 123
2478 123
2478 111
2452 111
2452 119
2464 119
2464 120
2407 120
2407 113
2104 113
2104 107
2136 107
2136 109
2186 109
2186 108
2188 108
2188 104
1978 104
1978 105
1949 105
1949 101
1942 101
1942 106
1961 106
1961 110
1918 110
1918 118
1760 118
1760 130
1770 130
1770 146
1698 146
1698 151
1566 151
1566 144
1571 144
1571 133
1496 133
1496 137
1507 137
1507 142
1515 142
1515 166
1584 166
1584 170
1572 170
1572 174
1518 174
1518 187
1506 187
1506 150
1502 150
1502 167
1492 167
1492 155
1474 155
1474 162
1464 162
1464 88
1447 88
1447 128
1448 128
1448 124
1451 124
1451 102
1460 102
1460 172
1462 172
1462 175
1497 175
1497 228
1534 228
1534 246
1445 246
1445 263
1430 263
1430 254
1429 254
1429 297
1466 297
1466 350
1473 350
1473 367
1480 367
1480 377
1428 377
1428 378
1486 378
1486 382
1357 382
1357 379
909 379
909 385
995 385
995 384
915 384
915 381
1098 381
1098 391
1208 391
1208 401
1162 401
1162 402
1293 402
1293 403
1133 403
1133 393
1009 393
1009 410
942 410
942 414
896 414
896 417
841 417
841 397
808 397
808 398
801 398
801 420
884 420
884 421
811 421
811 437
775 437
775 348
969 348
969 353
974 353
974 354
845 354
845 359
873 359
873 362
1248 362
1248 352
1170 352
1170 355
1083 355
1083 345
1137 345
1137 342
1231 342
1231 336
1321 336
1321 326
1303 326
1303 312
1273 312
1273 329
1182 329
1182 324
1091 324
1091 321
1075 321
1075 360
910 360
910 361
877 361
877 356
989 356
989 351
999 351
999 349
981 349
981 346
902 346
902 340
900 340
900 341
883 341
883 347
793 347
793 316
813 316
813 260
810 260
810 194
817 194
817 203
831 203
831 190
899 190
899 183
890 183
890 171
1025 171
1025 139
980 139
980 131
835 131
835 97
844 97
844 94
898 94
898 81
911 81
911 74
1045 74
1045 78
1055 78
1055 75
1125 75
1125 83
1058 83
1058 84
1106 84
1106 90
1090 90
1090 86
1072 86
1072 100
1184 100
1184 103
1183 103
1183 179
1180 179
1180 210
1174 210
1174 242
1194 242
1194 279
1210 279
1210 269
1235 269
1235 268
1209 268
1209 267
1270 267
1270 287
1260 287
1260 289
1268 289
1268 299
1284 299
1284 264
1212 264
1212 262
1220 262
1220 205
1226 205
1226 206
1229 206
1229 233
1234 233
1234 243
1269 243
1269 239
1249 239
1249 207
1240 207
1240 211
1237 211
1237 178
1254 178
1254 156
1218 156
1218 232
1205 232
1205 70
1199 70
1199 163
1202 163
1202 121
1204 121
1204 274
1198 274
1198 177
1197 177
1197 138
1188 138
1188 96
1178 96
1178 58
1181 58
1181 80
1186 80
1186 44
1172 44
1172 43
1155 43
1155 38
1148 38
1148 52
1113 52
1113 14
1102 14
1102 8
987 8
987 6
1156 6
1156 5
1238 5
1238 4
1021 4
1021 3
1415 3
1415 9
1278 9
1278 10
1410 10
1410 33
1414 33
1414 53
1421 53
1421 67
1427 67
1427 54
1426 54
1426 2
1259 2
1259 1
