792
153 50
153 62
162 62
162 66
166 66
166 136
161 136
161 98
142 98
142 164
147 164
147 180
159 180
159 185
163 185
163 219
168 219
168 315
154 315
154 290
145 290
145 364
141 364
141 386
146 386
146 319
158 319
158 409
202 409
202 325
220 325
220 253
235 253
235 248
247 248
247 270
242 270
242 275
241 275
241 293
273 293
273 318
274 318
274 371
287 371
287 365
288 365
288 738
278 738
278 747
299 747
299 715
308 715
308 732
303 732
303 836
737 836
737 816
650 816
650 815
643 815
643 808
769 808
769 807
904 807
904 819
861 819
861 852
1314 852
1314 864
1354 864
1354 935
1348 935
1348 1039
1360 1039
1360 1041
1344 1041
1344 997
1339 997
1339 1045
1343 1045
1343 1121
1345 1121
1345 1067
1350 1067
1350 1082
1355 1082
1355 1312
1349 1312
1349 1267
1347 1267
1347 1508
1351 1508
1351 1514
1168 1514
1168 1516
1061 1516
1061 1521
799 1521
799 1528
788 1528
788 1527
619 1527
619 1502
546 1502
546 1479
1036 1479
1036 1473
1144 1473
1144 1470
820 1470
820 1466
789 1466
789 1462
548 1462
548 1455
480 1455
480 1409
461 1409
461 1392
412 1392
412 1583
527 1583
527 1585
529 1585
529 1608
541 1608
541 1661
589 1661
589 1623
591 1623
591 1622
597 1622
597 1588
629 1588
629 1617
649 1617
649 1645
672 1645
672 1648
664 1648
664 1782
659 1782
659 1793
210 1793
210 1803
188 1803
188 1823
302 1823
302 1845
1 1845
1 1957
4 1957
4 1963
2 1963
2 2021
7 2021
7 1981
5 1981
5 1976
6 1976
6 1955
3 1955
3 1864
19 1864
19 1866
38 1866
38 1875
127 1875
127 1876
91 1876
91 1885
109 1885
109 1896
105 1896
105 1890
76 1890
76 1891
90 1891
90 1893
43 1893
43 1906
83 1906
83 1909
96 1909
96 1904
111 1904
111 1947
112 1947
112 1886
128 1886
128 1874
41 1874
41 1859
13 1859
13 1848
89 1848
89 1846
404 1846
404 1844
398 1844
398 1834
454 1834
454 1856
695 1856
695 1862
505 1862
505 1861
349 1861
349 1863
776 1863
776 1871
758 1871
758 1918
746 1918
746 1948
753 1948
753 1924
778 1924
778 1858
744 1858
744 1854
747 1854
747 1847
732 1847
732 1835
660 1835
660 1837
601 1837
601 1833
592 1833
592 1832
553 1832
553 1831
741 1831
741 1830
493 1830
493 1816
501 1816
501 1812
562 1812
562 1801
486 1801
486 1810
487 1810
487 1838
534 1838
534 1840
677 1840
677 1843
714 1843
714 1852
463 1852
463 1829
327 1829
327 1828
314 1828
314 1819
232 1819
232 1796
687 1796
687 1790
701 1790
701 1777
670 1777
670 1734
666 1734
666 1718
671 1718
671 1730
708 1730
708 1717
713 1717
713 1709
718 1709
718 1713
749 1713
749 1708
906 1708
906 1733
888 1733
888 1765
864 1765
864 1764
839 1764
839 1766
924 1766
924 1762
943 1762
943 1753
929 1753
929 1746
978 1746
978 1818
985 1818
985 1850
984 1850
984 1873
1048 1873
1048 1900
1029 1900
1029 1914
1039 1914
1039 1903
1145 1903
1145 1895
1159 1895
1159 1937
1163 1937
1163 1944
1171 1944
1171 1917
1173 1917
1173 1941
1193 1941
1193 1951
1129 1951
1129 1923
1115 1923
1115 1952
1196 1952
1196 1928
1185 1928
1185 1884
1236 1884
1236 1877
1169 1877
1169 1910
1165 1910
1165 1888
1153 1888
1153 1867
1107 1867
1107 1870
1132 1870
1132 1872
1139 1872
1139 1882
1109 1882
1109 1901
1052 1901
1052 1865
1040 1865
1040 1869
991 1869
991 1809
1014 1809
1014 1808
1011 1808
1011 1794
1004 1794
1004 1779
992 1779
992 1781
986 1781
986 1738
957 1738
957 1741
952 1741
952 1742
941 1742
941 1721
937 1721
937 1710
970 1710
970 1703
968 1703
968 1707
893 1707
893 1672
886 1672
886 1662
1151 1662
1151 1663
1127 1663
1127 1667
1116 1667
1116 1668
1087 1668
1087 1676
1166 1676
1166 1681
1066 1681
1066 1683
1243 1683
1243 1664
1258 1664
1258 1643
1275 1643
1275 1686
1282 1686
1282 1651
1299 1651
1299 1644
1305 1644
1305 1641
1332 1641
1332 1610
1302 1610
1302 1606
1266 1606
1266 1616
1317 1616
1317 1639
1239 1639
1239 1674
1154 1674
1154 1655
1134 1655
1134 1659
1112 1659
1112 1656
826 1656
826 1678
885 1678
885 1679
879 1679
879 1706
736 1706
736 1691
764 1691
764 1690
759 1690
759 1688
689 1688
689 1587
688 1587
688 1579
686 1579
686 1685
674 1685
674 1615
663 1615
663 1594
633 1594
633 1577
585 1577
585 1653
543 1653
543 1652
544 1652
544 1635
571 1635
571 1575
581 1575
581 1560
570 1560
570 1592
559 1592
559 1591
545 1591
545 1576
416 1576
416 1402
419 1402
419 1425
436 1425
436 1419
446 1419
446 1458
533 1458
533 1467
673 1467
673 1468
628 1468
628 1472
1027 1472
1027 1476
520 1476
520 1474
514 1474
514 1512
515 1512
515 1507
537 1507
537 1525
458 1525
458 1529
550 1529
550 1531
631 1531
631 1533
440 1533
440 1537
1012 1537
1012 1543
1053 1543
1053 1546
1147 1546
1147 1545
1245 1545
1245 1548
1281 1548
1281 1538
1203 1538
1203 1544
1082 1544
1082 1539
1078 1539
1078 1536
812 1536
812 1522
1267 1522
1267 1535
1285 1535
1285 1532
1333 1532
1333 1520
1353 1520
1353 1388
1366 1388
1366 1495
1364 1495
1364 1542
1338 1542
1338 1621
1337 1621
1337 1715
1342 1715
1342 1711
1340 1711
1340 1547
1362 1547
1362 1618
1365 1618
1365 1557
1369 1557
1369 1682
1370 1682
1370 1604
1375 1604
1375 1589
1374 1589
1374 1515
1372 1515
1372 1463
1368 1463
1368 1390
1367 1390
1367 1365
1356 1365
1356 1188
1358 1188
1358 1122
1379 1122
1379 1315
1381 1315
1381 1439
1383 1439
1383 1629
1385 1629
1385 1631
1420 1631
1420 1503
1419 1503
1419 1367
1425 1367
1425 1083
1412 1083
1412 1078
1423 1078
1423 1069
1407 1069
1407 1134
1422 1134
1422 1179
1405 1179
1405 1125
1403 1125
1403 1214
1404 1214
1404 1193
1406 1193
1406 1431
1409 1431
1409 1277
1411 1277
1411 1264
1408 1264
1408 1225
1413 1225
1413 1184
1424 1184
1424 1258
1418 1258
1418 1582
1399 1582
1399 1603
1417 1603
1417 1630
1396 1630
1396 1624
1384 1624
1384 1266
1388 1266
1388 1167
1389 1167
1389 1093
1390 1093
1390 1447
1397 1447
1397 1240
1395 1240
1395 1269
1391 1269
1391 1130
1392 1130
1392 1050
1382 1050
1382 1176
1380 1176
1380 1012
1373 1012
1373 1088
1359 1088
1359 1086
1363 1086
1363 861
1336 861
1336 851
963 851
963 850
869 850
869 829
903 829
903 832
956 832
956 827
919 827
919 820
993 820
993 817
1007 817
1007 811
1138 811
1138 814
1211 814
1211 822
1221 822
1221 824
1099 824
1099 821
1049 821
1049 831
1307 831
1307 830
1304 830
1304 825
1255 825
1255 813
1200 813
1200 806
751 806
751 805
1315 805
1315 823
1311 823
1311 828
1319 828
1319 842
1327 842
1327 809
1378 809
1378 800
1318 800
1318 804
1225 804
1225 798
1076 798
1076 802
823 802
823 801
822 801
822 803
679 803
679 797
641 797
641 812
513 812
513 810
399 810
399 743
494 743
494 722
432 722
432 706
497 706
497 687
483 687
483 683
464 683
464 697
492 697
492 699
448 699
448 666
439 666
439 553
425 553
425 498
522 498
522 463
512 463
512 482
482 482
482 483
508 483
508 497
476 497
476 473
457 473
457 465
423 465
423 510
411 510
411 530
410 530
410 605
429 605
429 581
430 581
430 718
426 718
426 735
433 735
433 741
370 741
370 710
364 710
364 596
361 596
361 654
360 654
360 772
376 772
376 779
380 779
380 818
680 818
680 833
507 833
507 834
729 834
729 835
312 835
312 748
317 748
317 709
301 709
301 464
298 464
298 745
286 745
286 740
291 740
291 512
289 512
289 314
282 314
282 306
343 306
343 292
250 292
250 222
217 222
217 295
215 295
215 294
181 294
181 300
175 300
175 310
179 310
179 309
186 309
186 311
199 311
199 307
200 307
200 337
176 337
176 406
160 406
160 372
171 372
171 218
172 218
172 157
170 157
170 60
216 60
216 50
