1970
876 6
876 11
731 11
731 13
798 13
798 17
779 17
779 25
755 25
755 27
815 27
815 12
917 12
917 49
932 49
932 63
858 63
858 55
855 55
855 39
766 39
766 51
784 51
784 56
740 56
740 29
379 29
379 20
506 20
506 18
134 18
134 32
198 32
198 35
152 35
152 50
153 50
153 62
162 62
162 66
166 66
166 136
161 136
161 98
142 98
142 164
147 164
147 180
159 180
159 185
163 185
163 219
168 219
168 315
154 315
154 290
145 290
145 364
141 364
141 386
146 386
146 319
158 319
158 409
202 409
202 325
220 325
220 253
235 253
235 248
247 248
247 270
242 270
242 275
241 275
241 293
273 293
273 318
274 318
274 371
287 371
287 365
288 365
288 738
278 738
278 747
299 747
299 715
308 715
308 732
303 732
303 836
737 836
737 816
650 816
650 815
643 815
643 808
769 808
769 807
904 807
904 819
861 819
861 852
1314 852
1314 864
1354 864
1354 935
1348 935
1348 1039
1360 1039
1360 1041
1344 1041
1344 997
1339 997
1339 1045
1343 1045
1343 1121
1345 1121
1345 1067
1350 1067
1350 1082
1355 1082
1355 1312
1349 1312
1349 1267
1347 1267
1347 1508
1351 1508
1351 1514
1168 1514
1168 1516
1061 1516
1061 1521
799 1521
799 1528
788 1528
788 1527
619 1527
619 1502
546 1502
546 1479
1036 1479
1036 1473
1144 1473
1144 1470
820 1470
820 1466
789 1466
789 1462
548 1462
548 1455
480 1455
480 1409
461 1409
461 1392
412 1392
412 1583
527 1583
527 1585
529 1585
529 1608
541 1608
541 1661
589 1661
589 1623
591 1623
591 1622
597 1622
597 1588
629 1588
629 1617
649 1617
649 1645
672 1645
672 1648
664 1648
664 1782
659 1782
659 1793
210 1793
210 1803
188 1803
188 1823
302 1823
302 1845
1 1845
1 1957
4 1957
4 1963
2 1963
2 2021
7 2021
7 1981
5 1981
5 1976
6 1976
6 1955
3 1955
3 1864
19 1864
19 1866
38 1866
38 1875
127 1875
127 1876
91 1876
91 1885
109 1885
109 1896
105 1896
105 1890
76 1890
76 1891
90 1891
90 1893
43 1893
43 1906
83 1906
83 1909
96 1909
96 1904
111 1904
111 1947
112 1947
112 1886
128 1886
128 1874
41 1874
41 1859
13 1859
13 1848
89 1848
89 1846
404 1846
404 1844
398 1844
398 1834
454 1834
454 1856
695 1856
695 1862
505 1862
505 1861
349 1861
349 1863
776 1863
776 1871
758 1871
758 1918
746 1918
746 1948
753 1948
753 1924
778 1924
778 1858
744 1858
744 1854
747 1854
747 1847
732 1847
732 1835
660 1835
660 1837
601 1837
601 1833
592 1833
592 1832
553 1832
553 1831
741 1831
741 1830
493 1830
493 1816
501 1816
501 1812
562 1812
562 1801
486 1801
486 1810
487 1810
487 1838
534 1838
534 1840
677 1840
677 1843
714 1843
714 1852
463 1852
463 1829
327 1829
327 1828
314 1828
314 1819
232 1819
232 1796
687 1796
687 1790
701 1790
701 1777
670 1777
670 1734
666 1734
666 1718
671 1718
671 1730
708 1730
708 1717
713 1717
713 1709
718 1709
718 1713
749 1713
749 1708
906 1708
906 1733
888 1733
888 1765
864 1765
864 1764
839 1764
839 1766
924 1766
924 1762
943 1762
943 1753
929 1753
929 1746
978 1746
978 1818
985 1818
985 1850
984 1850
984 1873
1048 1873
1048 1900
1029 1900
1029 1914
1039 1914
1039 1903
1145 1903
1145 1895
1159 1895
1159 1937
1163 1937
1163 1944
1171 1944
1171 1917
1173 1917
1173 1941
1193 1941
1193 1951
1129 1951
1129 1923
1115 1923
1115 1952
1196 1952
1196 1928
1185 1928
1185 1884
1236 1884
1236 1877
1169 1877
1169 1910
1165 1910
1165 1888
1153 1888
1153 1867
1107 1867
1107 1870
1132 1870
1132 1872
1139 1872
1139 1882
1109 1882
1109 1901
1052 1901
1052 1865
1040 1865
1040 1869
991 1869
991 1809
1014 1809
1014 1808
1011 1808
1011 1794
1004 1794
1004 1779
992 1779
992 1781
986 1781
986 1738
957 1738
957 1741
952 1741
952 1742
941 1742
941 1721
937 1721
937 1710
970 1710
970 1703
968 1703
968 1707
893 1707
893 1672
886 1672
886 1662
1151 1662
1151 1663
1127 1663
1127 1667
1116 1667
1116 1668
1087 1668
1087 1676
1166 1676
1166 1681
1066 1681
1066 1683
1243 1683
1243 1664
1258 1664
1258 1643
1275 1643
1275 1686
1282 1686
1282 1651
1299 1651
1299 1644
1305 1644
1305 1641
1332 1641
1332 1610
1302 1610
1302 1606
1266 1606
1266 1616
1317 1616
1317 1639
1239 1639
1239 1674
1154 1674
1154 1655
1134 1655
1134 1659
1112 1659
1112 1656
826 1656
826 1678
885 1678
885 1679
879 1679
879 1706
736 1706
736 1691
764 1691
764 1690
759 1690
759 1688
689 1688
689 1587
688 1587
688 1579
686 1579
686 1685
674 1685
674 1615
663 1615
663 1594
633 1594
633 1577
585 1577
585 1653
543 1653
543 1652
544 1652
544 1635
571 1635
571 1575
581 1575
581 1560
570 1560
570 1592
559 1592
559 1591
545 1591
545 1576
416 1576
416 1402
419 1402
419 1425
436 1425
436 1419
446 1419
446 1458
533 1458
533 1467
673 1467
673 1468
628 1468
628 1472
1027 1472
1027 1476
520 1476
520 1474
514 1474
514 1512
515 1512
515 1507
537 1507
537 1525
458 1525
458 1529
550 1529
550 1531
631 1531
631 1533
440 1533
440 1537
1012 1537
1012 1543
1053 1543
1053 1546
1147 1546
1147 1545
1245 1545
1245 1548
1281 1548
1281 1538
1203 1538
1203 1544
1082 1544
1082 1539
1078 1539
1078 1536
812 1536
812 1522
1267 1522
1267 1535
1285 1535
1285 1532
1333 1532
1333 1520
1353 1520
1353 1388
1366 1388
1366 1495
1364 1495
1364 1542
1338 1542
1338 1621
1337 1621
1337 1715
1342 1715
1342 1711
1340 1711
1340 1547
1362 1547
1362 1618
1365 1618
1365 1557
1369 1557
1369 1682
1370 1682
1370 1604
1375 1604
1375 1589
1374 1589
1374 1515
1372 1515
1372 1463
1368 1463
1368 1390
1367 1390
1367 1365
1356 1365
1356 1188
1358 1188
1358 1122
1379 1122
1379 1315
1381 1315
1381 1439
1383 1439
1383 1629
1385 1629
1385 1631
1420 1631
1420 1503
1419 1503
1419 1367
1425 1367
1425 1083
1412 1083
1412 1078
1423 1078
1423 1069
1407 1069
1407 1134
1422 1134
1422 1179
1405 1179
1405 1125
1403 1125
1403 1214
1404 1214
1404 1193
1406 1193
1406 1431
1409 1431
1409 1277
1411 1277
1411 1264
1408 1264
1408 1225
1413 1225
1413 1184
1424 1184
1424 1258
1418 1258
1418 1582
1399 1582
1399 1603
1417 1603
1417 1630
1396 1630
1396 1624
1384 1624
1384 1266
1388 1266
1388 1167
1389 1167
1389 1093
1390 1093
1390 1447
1397 1447
1397 1240
1395 1240
1395 1269
1391 1269
1391 1130
1392 1130
1392 1050
1382 1050
1382 1176
1380 1176
1380 1012
1373 1012
1373 1088
1359 1088
1359 1086
1363 1086
1363 861
1336 861
1336 851
963 851
963 850
869 850
869 829
903 829
903 832
956 832
956 827
919 827
919 820
993 820
993 817
1007 817
1007 811
1138 811
1138 814
1211 814
1211 822
1221 822
1221 824
1099 824
1099 821
1049 821
1049 831
1307 831
1307 830
1304 830
1304 825
1255 825
1255 813
1200 813
1200 806
751 806
751 805
1315 805
1315 823
1311 823
1311 828
1319 828
1319 842
1327 842
1327 809
1378 809
1378 800
1318 800
1318 804
1225 804
1225 798
1076 798
1076 802
823 802
823 801
822 801
822 803
679 803
679 797
641 797
641 812
513 812
513 810
399 810
399 743
494 743
494 722
432 722
432 706
497 706
497 687
483 687
483 683
464 683
464 697
492 697
492 699
448 699
448 666
439 666
439 553
425 553
425 498
522 498
522 463
512 463
512 482
482 482
482 483
508 483
508 497
476 497
476 473
457 473
457 465
423 465
423 510
411 510
411 530
410 530
410 605
429 605
429 581
430 581
430 718
426 718
426 735
433 735
433 741
370 741
370 710
364 710
364 596
361 596
361 654
360 654
360 772
376 772
376 779
380 779
380 818
680 818
680 833
507 833
507 834
729 834
729 835
312 835
312 748
317 748
317 709
301 709
301 464
298 464
298 745
286 745
286 740
291 740
291 512
289 512
289 314
282 314
282 306
343 306
343 292
250 292
250 222
217 222
217 295
215 295
215 294
181 294
181 300
175 300
175 310
179 310
179 309
186 309
186 311
199 311
199 307
200 307
200 337
176 337
176 406
160 406
160 372
171 372
171 218
172 218
172 157
170 157
170 60
214 60
214 161
212 161
212 79
203 79
203 158
206 158
206 160
194 160
194 99
191 99
191 168
216 168
216 24
140 24
140 22
227 22
227 19
375 19
375 30
739 30
739 36
720 36
720 41
489 41
489 40
471 40
471 42
639 42
639 47
640 47
640 45
734 45
734 57
781 57
781 59
818 59
818 46
847 46
847 61
797 61
797 64
938 64
938 7
946 7
946 31
945 31
945 48
951 48
951 23
1042 23
1042 34
1051 34
1051 16
953 16
953 15
1073 15
1073 26
1111 26
1111 65
1121 65
1121 68
1141 68
1141 69
1161 69
1161 89
1158 89
1158 87
1152 87
1152 95
1095 95
1095 92
1142 92
1142 85
1143 85
1143 82
1130 82
1130 77
1140 77
1140 73
887 73
887 76
866 76
866 91
827 91
827 93
825 93
825 135
971 135
971 140
949 140
949 141
889 141
889 145
913 145
913 153
832 153
832 165
923 165
923 143
972 143
972 147
1018 147
1018 169
882 169
882 188
834 188
834 186
878 186
878 182
819 182
819 189
816 189
816 173
805 173
805 212
806 212
806 308
792 308
792 328
773 328
773 304
768 304
768 363
770 363
770 492
771 492
771 446
786 446
786 633
791 633
791 644
918 644
918 663
840 663
840 665
809 665
809 669
926 669
926 670
821 670
821 678
833 678
833 679
881 679
881 675
897 675
897 676
1079 676
1079 681
1207 681
1207 680
1215 680
1215 713
1093 713
1093 711
1030 711
1030 707
966 707
966 714
1251 714
1251 570
1253 570
1253 568
1262 568
1262 607
1261 607
1261 612
1280 612
1280 594
1265 594
1265 580
1306 580
1306 682
1308 682
1308 641
1310 641
1310 791
1298 791
1298 788
1287 788
1287 782
1286 782
1286 792
1312 792
1312 795
1283 795
1283 796
1335 796
1335 787
1325 787
1325 656
1328 656
1328 646
1371 646
1371 647
1387 647
1387 651
1393 651
1393 724
1376 724
1376 730
1386 730
1386 733
1398 733
1398 691
1402 691
1402 619
1377 619
1377 625
1320 625
1320 731
1324 731
1324 794
1313 794
1313 540
1309 540
1309 552
1101 552
1101 551
1103 551
1103 547
1223 547
1223 546
1192 546
1192 538
1176 538
1176 536
1175 536
1175 541
1088 541
1088 559
1108 559
1108 555
1257 555
1257 566
1256 566
1256 560
1250 560
1250 597
1247 597
1247 563
1244 563
1244 564
1241 564
1241 702
1242 702
1242 708
1219 708
1219 677
1187 677
1187 671
1068 671
1068 673
1016 673
1016 674
944 674
944 659
954 659
954 645
1002 645
1002 624
1037 624
1037 643
1031 643
1031 668
1047 668
1047 657
1050 657
1050 627
1060 627
1060 655
1069 655
1069 611
1064 611
1064 529
1063 529
1063 600
967 600
967 615
1005 615
1005 617
998 617
998 620
920 620
920 622
914 622
914 642
794 642
794 640
795 640
795 458
802 458
802 440
846 440
846 457
933 457
933 462
965 462
965 468
1008 468
1008 472
1033 472
1033 456
859 456
859 450
852 450
852 434
857 434
857 428
865 428
865 436
922 436
922 432
955 432
955 427
959 427
959 424
950 424
950 412
1003 412
1003 411
1059 411
1059 416
1010 416
1010 419
1041 419
1041 425
1057 425
1057 430
1094 430
1094 445
1096 445
1096 405
1100 405
1100 394
1117 394
1117 444
1206 444
1206 447
1217 447
1217 448
1097 448
1097 449
1046 449
1046 471
1056 471
1056 454
1118 454
1118 455
1213 455
1213 452
1216 452
1216 461
1227 461
1227 459
1224 459
1224 433
1222 433
1222 429
1120 429
1120 439
1128 439
1128 441
1119 441
1119 400
1126 400
1126 404
1157 404
1157 408
1233 408
1233 407
1346 407
1346 422
1322 422
1322 435
1323 435
1323 438
1331 438
1331 453
1334 453
1334 443
1352 443
1352 395
1271 395
1271 390
1177 390
1177 387
1288 387
1288 388
1341 388
1341 389
1489 389
1489 343
1467 343
1467 288
1438 288
1438 278
1440 278
1440 286
1488 286
1488 284
1469 284
1469 272
1491 272
1491 271
1476 271
1476 247
1549 247
1549 255
1598 255
1598 256
1593 256
1593 257
1617 257
1617 244
1649 244
1649 241
1625 241
1625 240
1552 240
1552 238
1741 238
1741 236
1789 236
1789 201
1910 201
1910 217
1843 217
1843 224
1868 224
1868 230
1931 230
1931 216
1928 216
1928 196
1830 196
1830 184
1829 184
1829 192
1825 192
1825 199
1756 199
1756 204
1780 204
1780 200
1785 200
1785 223
1742 223
1742 234
1703 234
1703 231
1674 231
1674 237
1659 237
1659 225
1622 225
1622 220
1623 220
1623 198
1587 198
1587 202
1582 202
1582 195
1559 195
1559 214
1590 214
1590 227
1576 227
1576 235
1556 235
1556 215
1519 215
1519 191
1557 191
1557 176
1591 176
1591 159
1568 159
1568 152
1739 152
1739 149
1718 149
1718 148
1766 148
1766 154
1788 154
1788 125
1921 125
1921 114
1993 114
1993 112
2099 112
2099 117
2121 117
2121 116
2311 116
2311 115
2392 115
2392 122
2443 122
2443 127
2374 127
2374 129
2454 129
2454 126
2467 126
2467 208
2463 208
2463 335
2462 335
2462 339
2466 339
2466 486
2469 486
2469 134
2476 134
2476 181
2483 181
2483 132
2495 132
2495 369
2494 369
2494 562
2496 562
2496 197
2497 197
2497 867
2482 867
2482 785
2489 785
2489 753
2490 753
2490 698
2488 698
2488 577
2487 577
2487 587
2486 587
2486 574
2492 574
2492 515
2480 515
2480 608
2484 608
2484 543
2485 543
2485 781
2481 781
2481 688
2477 688
2477 705
2470 705
2470 719
2465 719
2465 726
2468 726
2468 750
2479 750
2479 878
2471 878
2471 888
2472 888
2472 901
2473 901
2473 879
2491 879
2491 869
2493 869
2493 897
2474 897
2474 924
2442 924
2442 927
2421 927
2421 928
2456 928
2456 931
2398 931
2398 930
2447 930
2447 929
2383 929
2383 920
2274 920
2274 950
2270 950
2270 1023
2278 1023
2278 1038
2281 1038
2281 1057
2262 1057
2262 1030
2256 1030
2256 1034
2244 1034
2244 1079
2242 1079
2242 1132
2211 1132
2211 1100
2217 1100
2217 1077
2212 1077
2212 1074
2192 1074
2192 1063
2168 1063
2168 1071
2173 1071
2173 1135
2181 1135
2181 1141
2210 1141
2210 1149
2171 1149
2171 1178
2164 1178
2164 1158
2155 1158
2155 1109
2151 1109
2151 1080
2132 1080
2132 1060
2113 1060
2113 1076
2091 1076
2091 1058
2086 1058
2086 1094
2106 1094
2106 1090
2130 1090
2130 1097
2077 1097
2077 1054
2156 1054
2156 1026
2140 1026
2140 970
2153 970
2153 916
2319 916
2319 917
2221 917
2221 918
2294 918
2294 919
2352 919
2352 915
2150 915
2150 926
2139 926
2139 913
2461 913
2461 912
2202 912
2202 911
2131 911
2131 910
2170 910
2170 907
2190 907
2190 896
2301 896
2301 906
2309 906
2309 899
2329 899
2329 898
2357 898
2357 908
2358 908
2358 900
2381 900
2381 895
2393 895
2393 892
2455 892
2455 884
2436 884
2436 891
2406 891
2406 882
2399 882
2399 886
2368 886
2368 893
2315 893
2315 887
2361 887
2361 885
2277 885
2277 883
2224 883
2224 875
2101 875
2101 877
2135 877
2135 876
2207 876
2207 889
2269 889
2269 894
2115 894
2115 932
2148 932
2148 952
2138 952
2138 974
2109 974
2109 923
2089 923
2089 946
2094 946
2094 943
2108 943
2108 1053
2069 1053
2069 1105
2126 1105
2126 1108
2081 1108
2081 1118
2102 1118
2102 1129
2134 1129
2134 1092
2149 1092
2149 1101
2146 1101
2146 1166
2157 1166
2157 1254
2159 1254
2159 1198
2180 1198
2180 1230
2183 1230
2183 1213
2185 1213
2185 1212
2247 1212
2247 1242
2253 1242
2253 1357
2162 1357
2162 1317
2105 1317
2105 1345
2073 1345
2073 1374
2071 1374
2071 1327
2040 1327
2040 1369
2038 1369
2038 1436
2045 1436
2045 1494
2037 1494
2037 1747
2027 1747
2027 1712
2026 1712
2026 1750
1976 1750
1976 1740
1870 1740
1870 1526
1841 1526
1841 1410
1853 1410
1853 1224
1856 1224
1856 1333
1859 1333
1859 1408
1858 1408
1858 1449
1861 1449
1861 1434
1883 1434
1883 1433
1885 1433
1885 1460
1886 1460
1886 1491
1887 1491
1887 1404
1879 1404
1879 1339
1872 1339
1872 1221
1768 1221
1768 1231
1732 1231
1732 1217
1736 1217
1736 1187
1731 1187
1731 1163
1735 1163
1735 1113
1724 1113
1724 1155
1719 1155
1719 1675
1717 1675
1717 1842
1720 1842
1720 1945
1695 1945
1695 1898
1710 1898
1710 1697
1711 1697
1711 1649
1716 1649
1716 1595
1708 1595
1708 1628
1707 1628
1707 1879
1694 1879
1694 1868
1684 1868
1684 1822
1693 1822
1693 1783
1685 1783
1685 1751
1687 1751
1687 1493
1692 1493
1692 1338
1699 1338
1699 1452
1701 1452
1701 1530
1690 1530
1690 1584
1706 1584
1706 1443
1705 1443
1705 1477
1702 1477
1702 1181
1697 1181
1697 1203
1667 1203
1667 1247
1677 1247
1677 1416
1670 1416
1670 1464
1669 1464
1669 1501
1662 1501
1662 1551
1673 1551
1673 1511
1676 1511
1676 1553
1678 1553
1678 1259
1683 1259
1683 1911
1689 1911
1689 1943
1681 1943
1681 1933
1682 1933
1682 1737
1680 1737
1680 1907
1672 1907
1672 1930
1650 1930
1650 1925
1663 1925
1663 1920
1665 1920
1665 1841
1656 1841
1656 1853
1653 1853
1653 1921
1648 1921
1648 1908
1613 1908
1613 1881
1614 1881
1614 1787
1592 1787
1592 1919
1594 1919
1594 1929
1561 1929
1561 1922
1528 1922
1528 1913
1501 1913
1501 1825
1508 1825
1508 1851
1512 1851
1512 1849
1514 1849
1514 1827
1511 1827
1511 1820
1495 1820
1495 1725
1494 1725
1494 1889
1498 1889
1498 1899
1490 1899
1490 1905
1499 1905
1499 1912
1483 1912
1483 1916
1523 1916
1523 1926
1530 1926
1530 1931
1595 1931
1595 1805
1596 1805
1596 1915
1645 1915
1645 1946
1740 1946
1740 1942
1751 1942
1751 1940
1771 1940
1771 1934
1726 1934
1726 1795
1738 1795
1738 1792
1729 1792
1729 1743
1723 1743
1723 1723
1721 1723
1721 1444
1722 1444
1722 1235
1782 1235
1782 1233
1810 1233
1810 1229
1801 1229
1801 1222
1840 1222
1840 1275
1839 1275
1839 1386
1831 1386
1831 1415
1834 1415
1834 1426
1828 1426
1828 1554
1866 1554
1866 1670
1862 1670
1862 1671
1865 1671
1865 1744
1962 1744
1962 1755
2050 1755
2050 1693
2051 1693
2051 1567
2052 1567
2052 1484
2047 1484
2047 1450
2060 1450
2060 1424
2042 1424
2042 1336
2046 1336
2046 1396
2075 1396
2075 1362
2128 1362
2128 1325
2160 1325
2160 1331
2145 1331
2145 1358
2259 1358
2259 1211
2187 1211
2187 1161
2254 1161
2254 1148
2246 1148
2246 1104
2251 1104
2251 1064
2285 1064
2285 1033
2313 1033
2313 947
2297 947
2297 922
2288 922
2288 921
2378 921
2378 933
2475 933
2475 903
2500 903
2500 746
2499 746
2499 226
2498 226
2498 123
2478 123
2478 120
2407 120
2407 113
2104 113
2104 110
1918 110
1918 118
1760 118
1760 130
1770 130
1770 146
1698 146
1698 151
1515 151
1515 166
1584 166
1584 170
1572 170
1572 174
1518 174
1518 187
1497 187
1497 228
1534 228
1534 246
1445 246
1445 263
1429 263
1429 297
1466 297
1466 350
1473 350
1473 367
1480 367
1480 377
1428 377
1428 378
1486 378
1486 382
1098 382
1098 391
1208 391
1208 401
1162 401
1162 402
1293 402
1293 403
1133 403
1133 393
1009 393
1009 410
942 410
942 414
896 414
896 417
841 417
841 397
808 397
808 398
801 398
801 420
884 420
884 421
811 421
811 437
775 437
775 348
981 348
981 347
793 347
793 316
813 316
813 260
810 260
810 194
831 194
831 190
899 190
899 183
890 183
890 171
1025 171
1025 139
980 139
980 131
835 131
835 97
844 97
844 94
898 94
898 81
911 81
911 74
1045 74
1045 78
1055 78
1055 75
1125 75
1125 83
1058 83
1058 84
1106 84
1106 90
1072 90
1072 96
1178 96
1178 58
1186 58
1186 52
1113 52
1113 14
1102 14
1102 8
987 8
987 6
