66
302 1829
302 1845
1 1845
1 1957
4 1957
4 1963
2 1963
2 2021
7 2021
7 1981
5 1981
5 1976
6 1976
6 1955
3 1955
3 1864
19 1864
19 1866
38 1866
38 1875
127 1875
127 1876
91 1876
91 1885
109 1885
109 1896
105 1896
105 1890
76 1890
76 1891
90 1891
90 1893
43 1893
43 1906
83 1906
83 1909
96 1909
96 1904
111 1904
111 1947
112 1947
112 1886
128 1886
128 1874
41 1874
41 1859
13 1859
13 1848
89 1848
89 1846
404 1846
404 1844
398 1844
398 1834
454 1834
454 1856
695 1856
695 1862
778 1862
778 1858
744 1858
744 1854
747 1854
747 1852
463 1852
463 1829
