156
664 1707
664 1782
659 1782
659 1793
210 1793
210 1803
188 1803
188 1823
302 1823
302 1845
1 1845
1 1957
4 1957
4 1963
2 1963
2 2021
7 2021
7 1981
5 1981
5 1976
6 1976
6 1955
3 1955
3 1864
19 1864
19 1866
38 1866
38 1875
127 1875
127 1876
91 1876
91 1885
109 1885
109 1896
105 1896
105 1890
76 1890
76 1891
90 1891
90 1893
43 1893
43 1906
83 1906
83 1909
96 1909
96 1904
111 1904
111 1947
112 1947
112 1886
128 1886
128 1874
41 1874
41 1859
13 1859
13 1848
89 1848
89 1846
404 1846
404 1844
398 1844
398 1834
454 1834
454 1856
695 1856
695 1862
505 1862
505 1861
349 1861
349 1863
776 1863
776 1871
758 1871
758 1918
746 1918
746 1948
753 1948
753 1924
778 1924
778 1858
744 1858
744 1854
747 1854
747 1847
732 1847
732 1835
660 1835
660 1837
601 1837
601 1833
592 1833
592 1832
553 1832
553 1831
741 1831
741 1830
493 1830
493 1816
501 1816
501 1812
562 1812
562 1801
486 1801
486 1810
487 1810
487 1838
534 1838
534 1840
677 1840
677 1843
714 1843
714 1852
463 1852
463 1829
327 1829
327 1828
314 1828
314 1819
232 1819
232 1796
687 1796
687 1790
701 1790
701 1777
670 1777
670 1734
666 1734
666 1718
671 1718
671 1730
708 1730
708 1717
713 1717
713 1709
718 1709
718 1713
749 1713
749 1708
906 1708
906 1733
888 1733
888 1765
924 1765
924 1762
943 1762
943 1753
929 1753
929 1746
986 1746
986 1742
941 1742
941 1721
937 1721
937 1710
970 1710
970 1707
