220
62 878
62 876
23 876
23 873
27 873
27 826
18 826
18 820
39 820
39 765
51 765
51 702
89 702
89 663
117 663
117 660
91 660
91 644
97 644
97 611
98 611
98 656
119 656
119 645
116 645
116 612
118 612
118 590
114 590
114 576
155 576
155 585
216 585
216 568
217 568
217 321
171 321
171 255
227 255
227 248
181 248
181 235
100 235
100 241
41 241
41 229
37 229
37 182
35 182
35 168
34 168
34 106
26 106
26 86
49 86
49 24
11 24
11 30
1 30
1 37
30 37
30 26
43 26
43 81
10 81
10 131
19 131
19 197
21 197
21 180
24 180
24 276
40 276
40 271
67 271
67 277
56 277
56 316
64 316
64 336
58 336
58 341
52 341
52 342
65 342
65 283
66 283
66 311
68 311
68 282
72 282
72 281
84 281
84 280
123 280
123 272
102 272
102 267
55 267
55 264
25 264
25 243
126 243
126 245
132 245
132 237
163 237
163 252
164 252
164 339
165 339
165 415
162 415
162 368
161 368
161 467
159 467
159 488
169 488
169 427
166 427
166 372
172 372
172 340
173 340
173 443
175 443
175 471
179 471
179 441
174 441
174 356
180 356
180 349
182 349
182 345
187 345
187 332
186 332
186 325
215 325
215 496
208 496
208 491
205 491
205 492
207 492
207 499
194 499
194 501
192 501
192 490
158 490
158 500
156 500
156 502
170 502
170 515
196 515
196 565
214 565
214 580
191 580
191 575
109 575
109 646
101 646
101 604
82 604
82 678
79 678
79 665
63 665
63 697
48 697
48 657
47 657
47 629
33 629
33 635
15 635
15 626
6 626
6 636
36 636
36 637
46 637
46 692
42 692
42 650
28 650
28 698
8 698
8 724
9 724
9 699
29 699
29 745
32 745
32 748
38 748
38 794
17 794
17 788
12 788
12 825
7 825
7 847
13 847
13 885
2 885
2 889
16 889
16 926
20 926
20 911
22 911
22 881
44 881
44 878
