342
58 34
58 37
22 37
22 39
82 39
82 41
61 41
61 44
79 44
79 48
48 48
48 54
34 54
34 53
37 53
37 45
8 45
8 83
6 83
6 58
1 58
1 72
5 72
5 88
7 88
7 111
15 111
15 108
14 108
14 110
9 110
9 96
28 96
28 104
17 104
17 115
23 115
23 125
49 125
49 128
66 128
66 132
53 132
53 133
104 133
104 126
103 126
103 127
81 127
81 116
101 116
101 102
114 102
114 106
113 106
113 109
120 109
120 114
136 114
136 119
133 119
133 124
138 124
138 129
116 129
116 141
124 141
124 140
118 140
118 138
123 138
123 134
132 134
132 137
143 137
143 166
142 166
142 173
145 173
145 154
146 154
146 189
166 189
166 163
172 163
172 197
154 197
154 195
72 195
72 193
150 193
150 191
149 191
149 192
84 192
84 185
73 185
73 169
40 169
40 159
46 159
46 160
63 160
63 149
59 149
59 157
45 157
45 143
39 143
39 174
38 174
38 144
25 144
25 145
18 145
18 152
13 152
13 148
16 148
16 147
11 147
11 153
12 153
12 167
20 167
20 151
21 151
21 168
3 168
3 172
27 172
27 187
29 187
29 183
30 183
30 161
24 161
24 158
33 158
33 177
57 177
57 184
42 184
42 186
35 186
35 190
67 190
67 182
70 182
70 196
115 196
115 198
121 198
121 199
112 199
112 200
185 200
185 179
183 179
183 194
182 194
182 188
173 188
173 171
178 171
178 180
179 180
179 164
199 164
199 162
181 162
181 156
180 156
180 155
170 155
170 142
169 142
169 112
176 112
176 118
187 118
187 120
190 120
190 98
198 98
198 74
197 74
197 69
191 69
191 59
192 59
192 46
194 46
194 29
195 29
195 26
200 26
200 24
189 24
189 16
186 16
186 30
193 30
193 43
188 43
188 73
196 73
196 78
177 78
177 64
174 64
174 85
175 85
175 82
184 82
184 103
171 103
171 100
160 100
160 52
156 52
156 57
155 57
155 66
153 66
153 80
157 80
157 87
159 87
159 93
158 93
158 135
161 135
161 170
162 170
162 121
168 121
168 146
167 146
167 150
164 150
164 165
165 165
165 175
163 175
163 181
152 181
152 176
151 176
151 178
148 178
148 139
147 139
147 130
144 130
144 136
140 136
140 22
141 22
141 2
139 2
139 60
135 60
135 67
137 67
137 97
130 97
130 92
131 92
131 91
134 91
134 90
129 90
129 65
128 65
128 94
127 94
127 19
126 19
126 99
87 99
87 86
105 86
105 84
91 84
91 75
92 75
92 77
102 77
102 71
90 71
90 61
64 61
64 81
62 81
62 105
65 105
65 79
68 79
68 62
69 62
69 63
74 63
74 68
86 68
86 70
85 70
85 76
78 76
78 117
80 117
80 131
71 131
71 123
51 123
51 122
36 122
36 113
31 113
31 101
44 101
44 107
47 107
47 95
43 95
43 89
10 89
10 47
19 47
19 56
99 56
99 51
95 51
95 49
96 49
96 50
97 50
97 36
94 36
94 55
88 55
88 34
