122
27 16
27 18
12 18
12 3
9 3
9 7
3 7
3 23
16 23
16 29
17 29
17 48
11 48
11 55
8 55
8 52
7 52
7 33
1 33
1 41
5 41
5 65
4 65
4 64
2 64
2 67
6 67
6 75
10 75
10 95
15 95
15 60
14 60
14 93
13 93
13 59
18 59
18 30
19 30
19 69
22 69
22 63
21 63
21 38
20 38
20 22
41 22
41 24
26 24
26 71
25 71
25 87
28 87
28 90
36 90
36 77
35 77
35 80
29 80
29 73
30 73
30 26
31 26
31 68
38 68
38 45
34 45
34 61
32 61
32 31
33 31
33 43
37 43
37 39
42 39
42 21
43 21
43 17
48 17
48 25
46 25
46 72
64 72
64 76
57 76
57 79
73 79
73 74
75 74
75 82
45 82
45 89
53 89
53 92
54 92
54 91
58 91
58 94
68 94
68 97
40 97
40 98
69 98
69 96
74 96
74 86
71 86
71 85
49 85
49 84
77 84
77 66
66 66
66 62
47 62
47 32
52 32
52 28
51 28
51 19
85 19
85 16
