216
354 407
354 395
353 395
353 376
313 376
313 387
301 387
301 384
270 384
270 377
190 377
190 367
188 367
188 346
133 346
133 352
121 352
121 355
118 355
118 341
54 341
54 349
66 349
66 358
57 358
57 379
45 379
45 370
35 370
35 338
27 338
27 241
24 241
24 220
13 220
13 145
12 145
12 115
14 115
14 102
5 102
5 35
1 35
1 49
2 49
2 155
4 155
4 138
6 138
6 126
9 126
9 107
10 107
10 144
8 144
8 245
7 245
7 251
18 251
18 258
26 258
26 360
32 360
32 391
34 391
34 396
36 396
36 421
38 421
38 437
23 437
23 435
22 435
22 408
17 408
17 397
15 397
15 429
20 429
20 439
56 439
56 448
61 448
61 430
71 430
71 433
75 433
75 443
74 443
74 463
87 463
87 447
79 447
79 425
72 425
72 423
65 423
65 418
43 418
43 406
41 406
41 385
37 385
37 381
52 381
52 409
47 409
47 410
58 410
58 371
59 371
59 403
139 403
139 402
73 402
73 398
113 398
113 390
89 390
89 388
102 388
102 386
69 386
69 393
63 393
63 368
67 368
67 347
108 347
108 351
70 351
70 354
84 354
84 353
103 353
103 361
115 361
115 362
76 362
76 365
112 365
112 374
120 374
120 375
151 375
151 369
123 369
123 359
134 359
134 366
140 366
140 356
137 356
137 348
183 348
183 350
186 350
186 357
174 357
174 411
184 411
184 400
175 400
175 380
248 380
248 389
245 389
245 392
293 392
293 394
351 394
351 383
352 383
352 399
349 399
349 412
326 412
326 417
322 417
322 416
319 416
319 422
330 422
330 424
331 424
331 426
323 426
323 432
292 432
292 419
285 419
285 404
272 404
272 405
278 405
278 420
288 420
288 427
291 427
291 431
282 431
282 440
294 440
294 436
310 436
310 438
315 438
315 434
338 434
338 428
336 428
336 415
347 415
347 414
361 414
361 407
