646
485 1
485 2
499 2
499 8
495 8
495 9
484 9
484 12
487 12
487 24
489 24
489 75
490 75
490 68
491 68
491 174
492 174
492 236
493 236
493 311
444 311
444 309
440 309
440 294
446 294
446 299
448 299
448 296
475 296
475 288
474 288
474 279
473 279
473 291
455 291
455 274
459 274
459 287
470 287
470 264
467 264
467 200
471 200
471 221
468 221
468 255
478 255
478 205
472 205
472 184
466 184
466 254
465 254
465 179
477 179
477 176
469 176
469 123
453 123
453 90
456 90
456 80
449 80
449 87
438 87
438 69
430 69
430 93
433 93
433 96
451 96
451 148
458 148
458 235
450 235
450 240
454 240
454 246
443 246
443 187
445 187
445 182
442 182
442 167
437 167
437 173
436 173
436 177
435 177
435 183
434 183
434 188
431 188
431 189
432 189
432 219
417 219
417 248
424 248
424 271
416 271
416 304
418 304
418 480
415 480
415 488
410 488
410 490
405 490
405 486
401 486
401 485
403 485
403 478
406 478
406 469
404 469
404 459
414 459
414 441
412 441
412 451
402 451
402 455
382 455
382 378
379 378
379 450
377 450
377 373
376 373
376 343
381 343
381 337
380 337
380 306
378 306
378 305
253 305
253 301
273 301
273 298
384 298
384 297
269 297
269 290
241 290
241 289
202 289
202 249
204 249
204 223
206 223
206 211
201 211
201 178
203 178
203 142
209 142
209 136
210 136
210 94
208 94
208 86
218 86
218 224
217 224
217 231
216 231
216 253
220 253
220 131
221 131
221 230
223 230
223 197
222 197
222 64
179 64
179 63
219 63
219 57
235 57
235 85
258 85
258 105
233 105
233 106
238 106
238 124
236 124
236 147
231 147
231 210
232 210
232 209
234 209
234 157
242 157
242 213
229 213
229 215
268 215
268 212
267 212
267 214
246 214
246 194
260 194
260 175
266 175
266 165
287 165
287 172
290 172
290 164
340 164
340 163
327 163
327 158
264 158
264 154
237 154
237 143
243 143
243 132
244 132
244 112
259 112
259 95
261 95
261 84
255 84
255 82
240 82
240 52
213 52
213 58
176 58
176 65
205 65
205 103
207 103
207 118
199 118
199 156
200 156
200 161
196 161
196 135
194 135
194 259
195 259
195 238
198 238
198 267
197 267
197 286
181 286
181 292
262 292
262 300
247 300
247 307
228 307
228 308
279 308
279 313
275 313
275 315
303 315
303 310
365 310
365 364
364 364
364 336
356 336
356 407
354 407
354 395
353 395
353 376
313 376
313 387
301 387
301 384
270 384
270 377
190 377
190 367
188 367
188 346
133 346
133 352
121 352
121 355
118 355
118 341
54 341
54 349
66 349
66 358
57 358
57 379
45 379
45 370
35 370
35 338
27 338
27 241
24 241
24 220
13 220
13 145
12 145
12 115
14 115
14 102
5 102
5 35
1 35
1 49
2 49
2 155
4 155
4 138
6 138
6 126
9 126
9 107
10 107
10 144
8 144
8 245
7 245
7 251
18 251
18 258
26 258
26 360
32 360
32 391
34 391
34 396
36 396
36 421
38 421
38 437
23 437
23 435
22 435
22 408
17 408
17 397
15 397
15 429
20 429
20 439
56 439
56 448
61 448
61 430
71 430
71 433
75 433
75 443
74 443
74 463
87 463
87 447
79 447
79 425
72 425
72 423
65 423
65 418
43 418
43 406
41 406
41 385
37 385
37 381
52 381
52 409
47 409
47 410
58 410
58 371
59 371
59 403
139 403
139 402
73 402
73 398
113 398
113 390
89 390
89 388
102 388
102 386
69 386
69 393
63 393
63 368
67 368
67 347
108 347
108 351
70 351
70 354
84 354
84 353
103 353
103 361
115 361
115 362
76 362
76 365
112 365
112 374
120 374
120 375
151 375
151 369
123 369
123 359
134 359
134 366
140 366
140 356
137 356
137 348
183 348
183 350
186 350
186 357
174 357
174 411
184 411
184 400
175 400
175 380
248 380
248 389
245 389
245 392
293 392
293 394
351 394
351 383
352 383
352 399
349 399
349 412
326 412
326 417
322 417
322 416
319 416
319 422
330 422
330 424
331 424
331 426
323 426
323 432
292 432
292 419
285 419
285 404
272 404
272 405
278 405
278 420
288 420
288 427
291 427
291 431
282 431
282 440
294 440
294 436
310 436
310 438
315 438
315 434
328 434
328 444
324 444
324 446
295 446
295 457
299 457
299 452
307 452
307 453
311 453
311 449
338 449
338 428
336 428
336 415
347 415
347 414
359 414
359 458
361 458
361 344
362 344
362 460
355 460
355 468
316 468
316 462
302 462
302 465
296 465
296 473
367 473
367 471
374 471
374 467
357 467
357 466
366 466
366 454
371 454
371 363
370 363
370 345
368 345
368 316
372 316
372 401
373 401
373 335
375 335
375 456
389 456
389 461
394 461
394 474
392 474
392 464
385 464
385 476
387 476
387 487
386 487
386 492
388 492
388 472
390 472
390 482
391 482
391 489
393 489
393 494
397 494
397 500
408 500
408 499
411 499
411 498
413 498
413 497
409 497
409 496
407 496
407 495
398 495
398 493
395 493
395 475
396 475
396 470
399 470
399 484
400 484
400 491
421 491
421 413
419 413
419 295
420 295
420 280
423 280
423 333
422 333
422 445
426 445
426 442
425 442
425 225
427 225
427 247
463 247
463 239
461 239
461 195
464 195
464 276
462 276
462 257
457 257
457 272
441 272
441 293
439 293
439 314
452 314
452 322
479 322
479 324
447 324
447 327
460 327
460 325
482 325
482 321
483 321
483 328
480 328
480 477
428 477
428 483
429 483
429 479
476 479
476 481
481 481
481 334
486 334
486 326
488 326
488 323
494 323
494 39
496 39
496 50
498 50
498 45
497 45
497 10
500 10
500 1
