1992
285 710
285 586
225 586
225 537
237 537
237 525
266 525
266 522
172 522
172 527
96 527
96 542
89 542
89 477
82 477
82 493
77 493
77 550
132 550
132 576
130 576
130 579
124 579
124 631
123 631
123 707
112 707
112 774
99 774
99 1037
79 1037
79 1057
59 1057
59 1087
78 1087
78 1102
73 1102
73 1324
67 1324
67 1609
69 1609
69 1634
68 1634
68 1720
62 1720
62 1685
50 1685
50 1792
39 1792
39 1782
46 1782
46 1633
52 1633
52 1616
2 1616
2 1610
1 1610
1 1624
5 1624
5 1619
26 1619
26 1621
42 1621
42 1625
32 1625
32 1649
40 1649
40 1738
31 1738
31 1747
30 1747
30 1750
29 1750
29 1748
16 1748
16 1910
15 1910
15 1942
11 1942
11 2050
9 2050
9 2074
6 2074
6 2039
3 2039
3 2357
7 2357
7 2216
12 2216
12 2249
36 2249
36 2244
182 2244
182 2246
228 2246
228 2256
135 2256
135 2252
127 2252
127 2276
131 2276
131 2327
103 2327
103 2320
116 2320
116 2318
80 2318
80 2334
64 2334
64 2363
114 2363
114 2375
181 2375
181 2378
177 2378
177 2418
178 2418
178 2493
179 2493
179 2467
184 2467
184 2425
185 2425
185 2492
235 2492
235 2484
189 2484
189 2468
208 2468
208 2462
188 2462
188 2442
187 2442
187 2397
192 2397
192 2440
226 2440
226 2424
241 2424
241 2419
234 2419
234 2385
227 2385
227 2410
195 2410
195 2384
216 2384
216 2382
198 2382
198 2368
196 2368
196 2360
113 2360
113 2361
95 2361
95 2353
81 2353
81 2351
159 2351
159 2341
85 2341
85 2337
212 2337
212 2330
83 2330
83 2328
176 2328
176 2324
133 2324
133 2299
143 2299
143 2269
222 2269
222 2267
283 2267
283 2264
642 2264
642 2263
643 2263
643 2248
423 2248
423 2253
640 2253
640 2259
630 2259
630 2258
419 2258
419 2257
415 2257
415 2262
343 2262
343 2260
233 2260
233 2254
238 2254
238 2247
602 2247
602 2242
535 2242
535 2241
665 2241
665 2255
651 2255
651 2261
671 2261
671 2265
680 2265
680 2283
491 2283
491 2285
479 2285
479 2277
439 2277
439 2286
390 2286
390 2296
454 2296
454 2279
462 2279
462 2298
482 2298
482 2302
468 2302
468 2339
518 2339
518 2338
526 2338
526 2326
539 2326
539 2342
544 2342
544 2291
546 2291
546 2290
548 2290
548 2348
566 2348
566 2346
557 2346
557 2321
553 2321
553 2312
568 2312
568 2311
589 2311
589 2292
621 2292
621 2294
638 2294
638 2295
606 2295
606 2307
618 2307
618 2308
649 2308
649 2284
661 2284
661 2303
690 2303
690 2272
725 2272
725 2317
691 2317
691 2329
692 2329
692 2345
724 2345
724 2343
732 2343
732 2313
737 2313
737 2314
760 2314
760 2310
772 2310
772 2306
761 2306
761 2289
765 2289
765 2273
751 2273
751 2281
726 2281
726 2245
705 2245
705 2240
422 2240
422 2238
708 2238
708 2237
299 2237
299 2239
203 2239
203 2236
20 2236
20 2224
34 2224
34 2218
91 2218
91 2220
38 2220
38 2234
164 2234
164 2231
102 2231
102 2225
125 2225
125 2214
109 2214
109 2207
136 2207
136 2208
163 2208
163 2204
202 2204
202 2192
269 2192
269 2217
276 2217
276 2190
350 2190
350 2189
239 2189
239 2185
153 2185
153 2195
108 2195
108 2199
55 2199
55 2182
48 2182
48 2180
244 2180
244 2166
257 2166
257 2149
242 2149
242 2157
236 2157
236 2165
243 2165
243 2171
93 2171
93 2170
117 2170
117 2169
97 2169
97 2168
75 2168
75 2164
84 2164
84 2162
98 2162
98 2095
41 2095
41 2143
44 2143
44 2161
45 2161
45 2113
49 2113
49 2126
53 2126
53 2102
66 2102
66 2106
90 2106
90 2153
86 2153
86 2142
70 2142
70 2128
57 2128
57 2173
165 2173
165 2174
218 2174
218 2177
43 2177
43 2179
47 2179
47 2215
22 2215
22 2203
14 2203
14 2181
4 2181
4 2122
8 2122
8 2081
10 2081
10 2075
23 2075
23 1975
27 1975
27 1960
28 1960
28 1840
25 1840
25 1827
24 1827
24 1824
21 1824
21 1806
18 1806
18 1958
19 1958
19 2024
13 2024
13 1987
17 1987
17 1754
33 1754
33 1794
35 1794
35 1799
37 1799
37 1795
51 1795
51 1735
56 1735
56 1709
54 1709
54 1708
58 1708
58 1722
71 1722
71 1713
74 1713
74 1243
76 1243
76 1140
94 1140
94 1193
100 1193
100 1108
88 1108
88 1085
60 1085
60 1066
61 1066
61 1063
106 1063
106 1034
107 1034
107 853
105 853
105 1060
104 1060
104 856
101 856
101 804
115 804
115 821
137 821
137 916
146 916
146 959
129 959
129 960
138 960
138 1017
139 1017
139 1018
145 1018
145 1009
160 1009
160 1019
155 1019
155 1031
161 1031
161 1062
166 1062
166 1086
154 1086
154 1111
149 1111
149 1138
144 1138
144 1112
141 1112
141 1232
120 1232
120 1260
219 1260
219 1259
224 1259
224 1234
232 1234
232 1180
231 1180
231 1033
230 1033
230 1210
221 1210
221 1162
220 1162
220 1222
214 1222
214 1241
215 1241
215 1246
207 1246
207 1245
206 1245
206 1238
193 1238
193 924
197 924
197 944
199 944
199 1036
204 1036
204 1002
213 1002
213 822
211 822
211 941
209 941
209 993
205 993
205 997
200 997
200 918
201 918
201 915
186 915
186 935
190 935
190 1257
175 1257
175 1235
169 1235
169 1242
148 1242
148 1179
173 1179
173 1147
156 1147
156 1122
157 1122
157 1120
171 1120
171 1024
174 1024
174 950
150 950
150 914
147 914
147 854
158 854
158 851
140 851
140 806
142 806
142 759
126 759
126 756
119 756
119 711
128 711
128 717
167 717
167 709
194 709
194 602
180 602
180 669
191 669
191 702
134 702
134 540
151 540
151 589
168 589
168 568
170 568
170 538
152 538
152 536
183 536
183 524
210 524
210 526
223 526
223 594
240 594
240 661
248 661
248 657
252 657
252 716
253 716
253 666
255 666
255 645
256 645
256 599
284 599
284 718
289 718
289 743
280 743
280 676
272 676
272 907
393 907
393 886
401 886
401 885
432 885
432 887
502 887
502 884
547 884
547 883
384 883
384 881
623 881
623 892
670 892
670 895
616 895
616 899
463 899
463 900
596 900
596 905
431 905
431 906
659 906
659 904
699 904
699 926
634 926
634 917
489 917
489 923
611 923
611 928
520 928
520 929
488 929
488 919
369 919
369 922
466 922
466 956
372 956
372 963
318 963
318 974
338 974
338 977
294 977
294 992
305 992
305 985
319 985
319 980
368 980
368 983
365 983
365 1011
363 1011
363 1045
352 1045
352 1047
308 1047
308 1054
324 1054
324 1070
346 1070
346 1127
353 1127
353 1081
370 1081
370 967
403 967
403 973
452 973
452 988
375 988
375 990
451 990
451 1003
474 1003
474 936
481 936
481 964
514 964
514 966
598 966
598 981
595 981
595 996
633 996
633 955
624 955
624 952
577 952
577 951
639 951
639 949
562 949
562 945
501 945
501 930
517 930
517 937
569 937
569 932
702 932
702 1020
718 1020
718 878
666 878
666 876
637 876
637 875
590 875
590 880
582 880
582 879
344 879
344 898
333 898
333 896
316 896
316 866
351 866
351 868
427 868
427 862
356 862
356 861
349 861
349 858
274 858
274 738
275 738
275 768
298 768
298 796
576 796
576 810
537 810
537 798
505 798
505 814
476 814
476 817
455 817
455 818
600 818
600 808
583 808
583 749
588 749
588 733
603 733
603 781
604 781
604 788
672 788
672 795
686 795
686 794
696 794
696 777
656 777
656 772
635 772
635 766
626 766
626 783
605 783
605 736
660 736
660 755
669 755
669 732
797 732
797 737
796 737
796 1097
798 1097
798 1151
804 1151
804 1110
815 1110
815 1088
829 1088
829 1049
799 1049
799 971
816 971
816 982
838 982
838 1015
828 1015
828 1013
817 1013
817 1025
1028 1025
1028 1029
860 1029
860 1032
867 1032
867 1030
1094 1030
1094 1026
1121 1026
1121 1055
1102 1055
1102 1095
1090 1095
1090 1092
1040 1092
1040 1042
889 1042
889 1069
881 1069
881 1041
1119 1041
1119 1040
878 1040
878 1046
874 1046
874 1093
872 1093
872 1074
859 1074
859 1196
866 1196
866 1214
871 1214
871 1199
890 1199
890 1192
892 1192
892 1134
901 1134
901 1118
876 1118
876 1103
907 1103
907 1061
929 1061
929 1078
935 1078
935 1076
969 1076
969 1254
967 1254
967 1261
961 1261
961 1283
923 1283
923 1277
833 1277
833 1281
791 1281
791 1285
831 1285
831 1327
806 1327
806 1299
819 1299
819 1291
787 1291
787 1323
801 1323
801 1363
810 1363
810 1415
795 1415
795 1428
784 1428
784 1427
775 1427
775 1422
755 1422
755 1432
543 1432
543 1419
647 1419
647 1412
555 1412
555 1413
542 1413
542 1438
521 1438
521 1445
484 1445
484 1453
515 1453
515 1457
565 1457
565 1459
487 1459
487 1460
387 1460
387 1461
386 1461
386 1507
495 1507
495 1506
530 1506
530 1493
585 1493
585 1503
554 1503
554 1513
461 1513
461 1511
450 1511
450 1512
321 1512
321 1525
311 1525
311 1516
312 1516
312 1504
301 1504
301 1531
341 1531
341 1554
304 1554
304 1559
295 1559
295 1551
339 1551
339 1549
249 1549
249 1739
247 1739
247 1688
246 1688
246 1814
250 1814
250 1567
251 1567
251 1587
327 1587
327 1592
262 1592
262 1596
328 1596
328 1692
315 1692
315 1617
323 1617
323 1607
313 1607
313 1638
310 1638
310 1697
282 1697
282 1710
271 1710
271 1759
268 1759
268 1726
263 1726
263 1700
258 1700
258 1707
260 1707
260 1749
259 1749
259 1781
322 1781
322 1785
337 1785
337 1790
296 1790
296 1820
345 1820
345 1826
358 1826
358 1856
354 1856
354 1857
357 1857
357 1865
366 1865
366 1852
412 1852
412 1887
379 1887
379 1889
376 1889
376 1893
291 1893
291 1895
326 1895
326 1899
448 1899
448 1901
429 1901
429 1900
332 1900
332 1907
397 1907
397 1911
391 1911
391 1915
373 1915
373 1916
267 1916
267 1914
162 1914
162 1903
118 1903
118 1913
110 1913
110 1917
388 1917
388 1934
385 1934
385 1943
374 1943
374 1940
330 1940
330 1938
245 1938
245 1949
307 1949
307 1951
302 1951
302 1952
309 1952
309 1957
317 1957
317 1944
261 1944
261 1941
371 1941
371 1959
394 1959
394 2004
404 2004
404 2007
597 2007
597 2006
405 2006
405 2002
631 2002
631 2005
648 2005
648 2012
601 2012
601 2016
644 2016
644 2017
420 2017
420 2025
457 2025
457 2026
475 2026
475 2021
498 2021
498 2018
736 2018
736 2015
757 2015
757 2011
777 2011
777 2003
744 2003
744 1993
700 1993
700 1997
628 1997
628 1998
396 1998
396 1992
399 1992
399 1953
381 1953
381 1945
406 1945
406 1966
409 1966
409 1946
418 1946
418 1961
440 1961
440 1991
749 1991
749 1989
748 1989
748 1982
730 1982
730 1988
512 1988
512 1990
446 1990
446 1986
442 1986
442 1937
410 1937
410 1906
478 1906
478 1908
480 1908
480 1912
490 1912
490 1925
477 1925
477 1955
492 1955
492 1976
523 1976
523 1904
534 1904
534 1909
525 1909
525 1978
532 1978
532 1970
540 1970
540 1969
529 1969
529 1928
580 1928
580 1920
587 1920
587 1905
536 1905
536 1898
506 1898
506 1896
436 1896
436 1894
378 1894
378 1891
483 1891
483 1888
471 1888
471 1875
500 1875
500 1881
524 1881
524 1884
658 1884
658 1883
684 1883
684 1879
752 1879
752 1870
756 1870
756 1878
759 1878
759 1861
723 1861
723 1872
722 1872
722 1854
632 1854
632 1848
676 1848
676 1844
655 1844
655 1821
681 1821
681 1816
653 1816
653 1819
645 1819
645 1803
614 1803
614 1780
617 1780
617 1798
622 1798
622 1793
620 1793
620 1788
674 1788
674 1775
663 1775
663 1770
677 1770
677 1761
687 1761
687 1724
673 1724
673 1741
668 1741
668 1755
612 1755
612 1815
613 1815
613 1813
625 1813
625 1860
714 1860
714 1871
697 1871
697 1869
682 1869
682 1868
657 1868
657 1882
627 1882
627 1864
607 1864
607 1825
594 1825
594 1859
599 1859
599 1873
615 1873
615 1876
581 1876
581 1880
528 1880
528 1874
459 1874
459 1751
460 1751
460 1742
465 1742
465 1733
458 1733
458 1663
437 1663
437 1671
414 1671
414 1660
411 1660
411 1674
434 1674
434 1693
453 1693
453 1765
443 1765
443 1789
445 1789
445 1779
456 1779
456 1890
430 1890
430 1851
361 1851
361 1849
438 1849
438 1843
426 1843
426 1832
424 1832
424 1837
402 1837
402 1839
360 1839
360 1737
347 1737
347 1797
342 1797
342 1757
300 1757
300 1752
297 1752
297 1768
314 1768
314 1778
265 1778
265 1776
273 1776
273 1772
277 1772
277 1719
303 1719
303 1702
340 1702
340 1701
336 1701
336 1579
359 1579
359 1578
254 1578
254 1570
348 1570
348 1546
382 1546
382 1535
447 1535
447 1524
469 1524
469 1538
527 1538
527 1543
508 1543
508 1560
362 1560
362 1568
389 1568
389 1566
416 1566
416 1562
433 1562
433 1565
541 1565
541 1593
538 1593
538 1595
551 1595
551 1600
507 1600
507 1639
608 1639
608 1636
739 1636
739 1640
783 1640
783 1586
774 1586
774 1576
770 1576
770 1635
563 1635
563 1632
707 1632
707 1620
721 1620
721 1583
689 1583
689 1589
695 1589
695 1629
683 1629
683 1628
693 1628
693 1590
688 1590
688 1608
519 1608
519 1604
579 1604
579 1588
556 1588
556 1599
552 1599
552 1573
549 1573
549 1519
334 1519
334 1515
619 1515
619 1492
667 1492
667 1518
636 1518
636 1548
664 1548
664 1527
679 1527
679 1529
694 1529
694 1509
698 1509
698 1523
716 1523
716 1540
758 1540
758 1552
785 1552
785 1564
790 1564
790 1561
818 1561
818 1556
823 1556
823 1605
834 1605
834 1577
837 1577
837 1550
824 1550
824 1545
820 1545
820 1539
747 1539
747 1526
741 1526
741 1517
738 1517
738 1510
709 1510
709 1491
779 1491
779 1485
609 1485
609 1486
652 1486
652 1490
485 1490
485 1495
513 1495
513 1496
509 1496
509 1505
398 1505
398 1501
392 1501
392 1465
464 1465
464 1468
494 1468
494 1463
497 1463
497 1475
592 1475
592 1455
610 1455
610 1434
641 1434
641 1435
650 1435
650 1442
654 1442
654 1441
805 1441
805 1452
814 1452
814 1392
822 1392
822 1329
841 1329
841 1344
887 1344
887 1360
864 1360
864 1378
877 1378
877 1361
917 1361
917 1343
858 1343
858 1296
926 1296
926 1288
954 1288
954 1289
950 1289
950 1303
951 1303
951 1311
956 1311
956 1314
993 1314
993 1321
965 1321
965 1340
1034 1340
1034 1339
994 1339
994 1312
1045 1312
1045 1313
1125 1313
1125 1341
1161 1341
1161 1374
1160 1374
1160 1462
1154 1462
1154 1489
1168 1489
1168 1487
1185 1487
1185 1498
1177 1498
1177 1533
1183 1533
1183 1499
1200 1499
1200 1152
1199 1152
1199 1091
1204 1091
1204 1454
1206 1454
1206 1123
1208 1123
1208 1090
1205 1090
1205 626
1196 626
1196 530
1217 530
1217 582
1225 582
1225 534
1218 534
1218 484
1227 484
1227 489
1235 489
1235 507
1236 507
1236 571
1242 571
1242 472
1182 472
1182 466
1214 466
1214 222
1220 222
1220 248
1215 248
1215 282
1223 282
1223 328
1219 328
1219 399
1229 399
1229 398
1253 398
1253 365
1243 365
1243 370
1239 370
1239 351
1240 351
1240 340
1270 340
1270 334
1244 334
1244 260
1255 260
1255 243
1261 243
1261 240
1281 240
1281 234
1283 234
1283 232
1298 232
1298 319
1350 319
1350 355
1339 355
1339 367
1336 367
1336 331
1335 331
1335 323
1325 323
1325 363
1294 363
1294 372
1364 372
1364 385
1331 385
1331 390
1435 390
1435 431
1432 431
1432 434
1419 434
1419 481
1409 481
1409 516
1358 516
1358 566
1341 566
1341 593
1328 593
1328 603
1329 603
1329 619
1354 619
1354 641
1344 641
1344 660
1368 660
1368 752
1365 752
1365 723
1361 723
1361 708
1327 708
1327 724
1356 724
1356 741
1355 741
1355 757
1378 757
1378 583
1380 583
1380 778
1360 778
1360 797
1372 797
1372 957
1400 957
1400 1004
1385 1004
1385 1099
1398 1099
1398 1094
1397 1094
1397 1044
1407 1044
1407 933
1403 933
1403 1035
1402 1035
1402 913
1396 913
1396 902
1391 902
1391 948
1374 948
1374 934
1379 934
1379 807
1383 807
1383 529
1389 529
1389 546
1406 546
1406 528
1416 528
1416 500
1423 500
1423 547
1418 547
1418 828
1413 828
1413 857
1420 857
1420 991
1417 991
1417 1048
1410 1048
1410 1186
1422 1186
1422 1133
1411 1133
1411 1105
1431 1105
1431 1117
1440 1117
1440 1153
1443 1153
1443 1181
1445 1181
1445 1224
1449 1224
1449 1145
1463 1145
1463 1221
1460 1221
1460 1349
1452 1349
1452 1367
1446 1367
1446 1249
1444 1249
1444 1365
1436 1365
1436 1402
1439 1402
1439 1398
1442 1398
1442 1379
1450 1379
1450 1385
1453 1385
1453 1359
1459 1359
1459 1369
1461 1369
1461 1295
1478 1295
1478 1850
1477 1850
1477 1439
1469 1439
1469 1470
1476 1470
1476 1611
1475 1611
1475 1727
1472 1727
1472 1764
1465 1764
1465 1774
1474 1774
1474 1897
1482 1897
1482 1965
1481 1965
1481 2000
1473 2000
1473 1995
1480 1995
1480 1985
1470 1985
1470 2032
1455 2032
1455 2031
1462 2031
1462 2023
1454 2023
1454 2010
1441 2010
1441 2042
1338 2042
1338 2028
1332 2028
1332 2041
1299 2041
1299 2096
1307 2096
1307 2131
1275 2131
1275 2125
1293 2125
1293 2100
1273 2100
1273 2033
1263 2033
1263 2198
1264 2198
1264 2309
1268 2309
1268 2301
1266 2301
1266 2266
1265 2266
1265 2115
1267 2115
1267 2117
1274 2117
1274 2154
1287 2154
1287 2155
1291 2155
1291 2150
1295 2150
1295 2300
1280 2300
1280 2227
1277 2227
1277 2376
1260 2376
1260 2366
1170 2366
1170 2383
1133 2383
1133 2396
888 2396
888 2387
908 2387
908 2211
918 2211
918 2221
927 2221
927 2364
933 2364
933 2335
936 2335
936 2213
932 2213
932 2305
928 2305
928 2209
903 2209
903 2223
904 2223
904 2293
899 2293
899 2322
897 2322
897 2350
900 2350
900 2365
884 2365
884 2399
1226 2399
1226 2395
1282 2395
1282 2394
1315 2394
1315 2393
1228 2393
1228 2390
1456 2390
1456 2389
1320 2389
1320 2386
1207 2386
1207 2377
1216 2377
1216 2369
1257 2369
1257 2374
1250 2374
1250 2381
1289 2381
1289 2315
1296 2315
1296 2146
1288 2146
1288 2141
1308 2141
1308 2046
1377 2046
1377 2043
1448 2043
1448 2034
1483 2034
1483 1885
1491 1885
1491 1866
1492 1866
1492 1853
1479 1853
1479 1292
1471 1292
1471 1290
1464 1290
1464 1116
1457 1116
1457 1096
1458 1096
1458 1082
1421 1082
1421 739
1428 739
1428 437
1438 437
1438 404
1437 404
1437 376
1366 376
1366 338
1373 338
1373 335
1359 335
1359 315
1362 315
1362 312
1363 312
1363 310
1408 310
1408 306
1305 306
1305 296
1300 296
1300 251
1322 251
1322 231
1247 231
1247 225
1249 225
1249 182
1256 182
1256 191
1304 191
1304 196
1306 196
1306 188
1323 188
1323 179
1309 179
1309 178
1302 178
1302 175
1292 175
1292 176
1248 176
1248 181
1241 181
1241 235
1251 235
1251 246
1233 246
1233 247
1238 247
1238 256
1231 256
1231 280
1224 280
1224 213
1213 213
1213 350
1176 350
1176 366
1212 366
1212 391
1180 391
1180 392
1209 392
1209 444
1181 444
1181 478
1195 478
1195 479
1211 479
1211 511
1190 511
1190 591
1188 591
1188 673
1184 673
1184 713
1201 713
1201 734
1187 734
1187 846
1191 846
1191 758
1203 758
1203 827
1202 827
1202 1071
1192 1071
1192 1293
1186 1293
1186 1326
1193 1326
1193 1355
1194 1355
1194 1484
1162 1484
1162 1483
1179 1483
1179 1466
1165 1466
1165 1337
1153 1337
1153 1325
1157 1325
1157 1310
973 1310
973 1305
970 1305
970 1223
972 1223
972 1113
976 1113
976 1084
992 1084
992 1077
1027 1077
1027 1064
978 1064
978 1059
905 1059
905 1043
1033 1043
1033 1104
1036 1104
1036 1051
1039 1051
1039 1098
1135 1098
1135 1080
1129 1080
1129 1023
846 1023
846 1012
863 1012
863 968
800 968
800 731
578 731
578 775
545 775
545 779
503 779
503 789
467 789
467 790
493 790
493 792
335 792
335 793
306 793
306 750
329 750
329 746
331 746
331 730
293 730
293 710
