340
31 32
31 58
33 58
33 76
19 76
19 116
28 116
28 100
29 100
29 103
39 103
39 112
38 112
38 121
50 121
50 113
55 113
55 143
51 143
51 191
49 191
49 190
1 190
1 194
18 194
18 195
32 195
32 196
42 196
42 197
46 197
46 199
48 199
48 200
60 200
60 188
61 188
61 183
116 183
116 185
67 185
67 186
84 186
84 193
101 193
101 198
157 198
157 192
125 192
125 189
159 189
159 182
158 182
158 171
160 171
160 173
168 173
168 148
171 148
171 145
166 145
166 159
165 159
165 146
151 146
151 174
132 174
132 168
129 168
129 75
135 75
135 74
145 74
145 96
142 96
142 138
141 138
141 99
130 99
130 111
137 111
137 141
147 141
147 68
146 68
146 64
153 64
153 55
169 55
169 67
179 67
179 90
178 90
178 105
181 105
181 125
177 125
177 130
183 130
183 139
176 139
176 120
174 120
174 126
173 126
173 161
196 161
196 162
175 162
175 170
188 170
188 176
198 176
198 152
200 152
200 147
190 147
190 149
197 149
197 156
195 156
195 153
186 153
186 135
184 135
184 134
189 134
189 81
191 81
191 82
192 82
192 77
187 77
187 127
182 127
182 71
185 71
185 65
170 65
170 54
156 54
156 22
154 22
154 18
161 18
161 14
155 14
155 13
163 13
163 27
172 27
172 30
180 30
180 25
193 25
193 33
194 33
194 53
199 53
199 24
164 24
164 11
167 11
167 2
162 2
162 12
152 12
152 42
150 42
150 10
143 10
143 3
136 3
136 23
134 23
134 36
133 36
133 31
109 31
109 15
113 15
113 4
108 4
108 20
106 20
106 35
86 35
86 7
73 7
73 8
75 8
75 16
62 16
62 19
74 19
74 70
78 70
78 62
80 62
80 51
79 51
79 45
77 45
77 44
83 44
83 60
85 60
85 57
89 57
89 48
97 48
97 66
111 66
111 43
104 43
104 63
100 63
100 41
87 41
87 40
82 40
82 38
98 38
98 37
139 37
139 21
148 21
148 47
138 47
138 50
149 50
149 61
131 61
131 59
121 59
121 123
120 123
120 101
114 101
114 122
119 122
119 124
126 124
126 119
123 119
123 72
124 72
124 109
128 109
128 142
118 142
118 132
115 132
115 140
112 140
112 163
110 163
110 144
105 144
105 128
103 128
103 151
102 151
102 155
107 155
107 164
99 164
99 165
90 165
90 160
94 160
94 115
96 115
96 91
92 91
92 85
76 85
76 106
71 106
71 79
63 79
63 97
64 97
64 107
66 107
66 104
68 104
68 177
69 177
69 87
65 87
65 80
70 80
70 117
72 117
72 108
81 108
81 94
91 94
91 98
93 98
93 157
88 157
88 167
122 167
122 166
127 166
127 169
117 169
117 172
95 172
95 175
144 175
144 179
140 179
140 181
52 181
52 154
56 154
56 110
57 110
57 129
59 129
59 95
26 95
26 114
20 114
20 78
21 78
21 88
36 88
36 93
40 93
40 69
41 69
41 52
43 52
43 46
47 46
47 32
