100
1 4
1 9
2 9
2 10
7 10
7 19
8 19
8 32
34 32
34 33
39 33
39 34
38 34
38 48
35 48
35 35
16 35
16 40
20 40
20 47
19 47
19 55
18 55
18 58
6 58
6 61
22 61
22 59
25 59
25 43
23 43
23 53
21 53
21 39
24 39
24 42
26 42
26 51
30 51
30 54
41 54
41 56
27 56
27 60
40 60
40 63
55 63
55 62
56 62
56 65
58 65
58 49
60 49
60 41
65 41
65 45
61 45
61 57
63 57
63 73
57 73
57 71
54 71
54 81
52 81
52 83
64 83
64 77
66 77
66 64
67 64
67 36
53 36
53 46
50 46
50 50
51 50
51 52
42 52
42 38
43 38
43 37
48 37
48 31
44 31
44 29
11 29
11 26
15 26
15 15
14 15
14 11
13 11
13 8
9 8
9 6
4 6
4 5
10 5
10 4
