96
49 5
49 10
70 10
70 26
68 26
68 45
38 45
38 44
67 44
67 42
1 42
1 43
7 43
7 47
80 47
80 46
71 46
71 30
72 30
72 6
172 6
172 7
154 7
154 14
174 14
174 9
228 9
228 12
198 12
198 11
193 11
193 17
240 17
240 19
243 19
243 15
304 15
304 21
233 21
233 23
230 23
230 24
260 24
260 28
298 28
298 33
332 33
332 34
342 34
342 32
343 32
343 36
341 36
341 35
206 35
206 38
218 38
218 39
301 39
301 41
331 41
331 37
344 37
344 20
368 20
368 31
370 31
370 48
371 48
371 56
372 56
372 76
204 76
204 75
310 75
310 74
167 74
167 72
163 72
163 73
137 73
137 77
375 77
375 40
385 40
385 22
383 22
383 18
339 18
339 29
327 29
327 25
314 25
314 13
242 13
242 5
