424
49 5
49 10
70 10
70 26
68 26
68 45
38 45
38 44
67 44
67 42
1 42
1 43
7 43
7 47
80 47
80 46
71 46
71 30
72 30
72 6
172 6
172 7
154 7
154 14
174 14
174 9
228 9
228 12
198 12
198 11
193 11
193 17
240 17
240 19
243 19
243 15
304 15
304 21
233 21
233 23
230 23
230 24
260 24
260 28
298 28
298 33
332 33
332 34
342 34
342 32
343 32
343 36
341 36
341 35
206 35
206 38
218 38
218 39
301 39
301 41
331 41
331 37
344 37
344 20
368 20
368 31
370 31
370 48
371 48
371 56
372 56
372 76
204 76
204 75
310 75
310 74
167 74
167 72
215 72
215 64
214 64
214 62
285 62
285 69
305 69
305 68
309 68
309 63
288 63
288 61
238 61
238 55
205 55
205 60
200 60
200 70
163 70
163 73
137 73
137 78
324 78
324 77
375 77
375 40
377 40
377 51
408 51
408 58
400 58
400 66
422 66
422 59
454 59
454 81
486 81
486 80
490 80
490 83
484 83
484 162
483 162
483 183
474 183
474 203
465 203
465 209
468 209
468 250
460 250
460 234
459 234
459 260
462 260
462 285
453 285
453 281
439 281
439 263
434 263
434 240
431 240
431 221
430 221
430 309
398 309
398 304
392 304
392 300
425 300
425 279
428 279
428 259
429 259
429 192
424 192
424 265
421 265
421 229
419 229
419 217
407 217
407 155
412 155
412 136
418 136
418 120
433 120
433 143
435 143
435 114
367 114
367 107
338 107
338 113
299 113
299 106
186 106
186 102
203 102
203 97
156 97
156 95
138 95
138 124
139 124
139 194
140 194
140 258
145 258
145 277
141 277
141 292
130 292
130 237
128 237
128 215
131 215
131 204
133 204
133 135
127 135
127 296
124 296
124 303
132 303
132 302
144 302
144 290
146 290
146 306
125 306
125 344
122 344
122 349
116 349
116 343
117 343
117 253
123 253
123 172
120 172
120 134
119 134
119 223
118 223
118 182
105 182
105 168
89 168
89 320
88 320
88 190
87 190
87 167
78 167
78 181
73 181
73 186
79 186
79 216
82 216
82 222
84 222
84 273
85 273
85 245
86 245
86 354
76 354
76 324
63 324
63 291
60 291
60 286
53 286
53 246
52 246
52 208
64 208
64 89
98 89
98 88
109 88
109 82
62 82
62 84
57 84
57 85
61 85
61 188
59 188
59 206
55 206
55 164
48 164
48 284
47 284
47 148
46 148
46 233
41 233
41 239
44 239
44 280
40 280
40 313
50 313
50 178
51 178
51 315
43 315
43 316
42 316
42 330
39 330
39 331
54 331
54 338
37 338
37 345
69 345
69 363
90 363
90 185
93 185
93 366
92 366
92 399
107 399
107 420
136 420
136 419
108 419
108 396
106 396
106 384
110 384
110 377
100 377
100 348
97 348
97 261
96 261
96 174
99 174
99 191
111 191
111 225
115 225
115 283
112 283
112 350
126 350
126 337
151 337
151 329
155 329
155 317
150 317
150 311
147 311
147 201
142 201
142 98
165 98
165 105
183 105
183 108
283 108
283 110
268 110
268 112
223 112
223 115
397 115
397 127
308 127
308 123
289 123
289 133
294 133
294 130
369 130
369 129
382 129
382 128
406 128
406 118
411 118
411 149
404 149
404 170
405 170
405 226
413 226
413 232
417 232
417 235
420 235
420 248
402 248
402 254
403 254
403 297
390 297
390 314
442 314
442 305
432 305
432 288
472 288
472 210
475 210
475 202
480 202
480 196
485 196
485 90
493 90
493 71
464 71
464 65
469 65
469 57
414 57
414 54
416 54
416 53
461 53
461 52
446 52
446 50
385 50
385 22
383 22
383 18
339 18
339 29
327 29
327 25
314 25
314 13
242 13
242 5
