574
77 92
77 42
79 42
79 36
38 36
38 57
37 57
37 39
17 39
17 206
12 206
12 211
25 211
25 245
27 245
27 261
8 261
8 273
22 273
22 290
14 290
14 299
6 299
6 138
13 138
13 127
16 127
16 123
2 123
2 22
3 22
3 19
1 19
1 172
4 172
4 142
5 142
5 309
31 309
31 241
26 241
26 215
34 215
34 202
18 202
18 165
21 165
21 134
20 134
20 52
23 52
23 45
24 45
24 47
35 47
35 94
36 94
36 74
39 74
39 93
40 93
40 102
41 102
41 84
42 84
42 37
51 37
51 38
61 38
61 44
70 44
70 109
89 109
89 119
392 119
392 130
371 130
371 136
373 136
373 155
400 155
400 170
398 170
398 160
390 160
390 167
380 167
380 168
394 168
394 191
467 191
467 194
470 194
470 208
370 208
370 207
343 207
343 205
307 205
307 200
339 200
339 163
334 163
334 146
350 146
350 144
332 144
332 133
349 133
349 125
361 125
361 122
368 122
368 120
327 120
327 126
331 126
331 174
330 174
330 164
316 164
316 175
318 175
318 179
324 179
324 190
306 190
306 182
293 182
293 180
308 180
308 151
289 151
289 148
250 148
250 143
241 143
241 152
290 152
290 156
277 156
277 159
284 159
284 161
302 161
302 178
257 178
257 166
245 166
245 171
255 171
255 177
242 177
242 185
247 185
247 186
294 186
294 195
216 195
216 196
295 196
295 183
299 183
299 197
190 197
190 198
268 198
268 199
274 199
274 203
222 203
222 204
283 204
283 210
362 210
362 212
374 212
374 209
482 209
482 193
488 193
488 233
490 233
490 268
483 268
483 263
489 263
489 252
485 252
485 217
417 217
417 216
305 216
305 219
238 219
238 214
243 214
243 213
226 213
226 224
201 224
201 226
145 226
145 225
53 225
53 239
48 239
48 153
49 153
49 131
52 131
52 158
55 158
55 187
60 187
60 150
69 150
69 162
74 162
74 145
56 145
56 124
54 124
54 121
46 121
46 169
47 169
47 192
44 192
44 247
50 247
50 240
57 240
57 257
62 257
62 227
214 227
214 228
91 228
91 234
68 234
68 251
71 251
71 246
75 246
75 236
86 236
86 279
83 279
83 307
87 307
87 313
92 313
92 280
102 280
102 264
105 264
105 231
113 231
113 250
120 250
120 345
191 345
191 342
177 342
177 332
206 332
206 329
219 329
219 318
181 318
181 306
183 306
183 301
232 301
232 304
207 304
207 308
227 308
227 322
228 322
228 324
272 324
272 321
325 321
325 316
346 316
346 288
340 288
340 286
328 286
328 284
375 284
375 278
353 278
353 277
281 277
281 293
298 293
298 281
304 281
304 303
301 303
301 305
315 305
315 311
311 311
311 315
310 315
310 320
263 320
263 298
270 298
270 266
267 266
267 272
259 272
259 297
258 297
258 291
256 291
256 310
254 310
254 287
249 287
249 295
200 295
200 292
209 292
209 276
195 276
195 274
182 274
182 259
231 259
231 256
185 256
185 254
178 254
178 275
175 275
175 319
173 319
173 328
167 328
167 312
172 312
172 271
168 271
168 244
320 244
320 248
280 248
280 249
273 249
273 253
354 253
354 235
344 235
344 238
326 238
326 242
240 242
240 243
203 243
203 232
197 232
197 237
164 237
164 255
163 255
163 341
127 341
127 340
122 340
122 230
95 230
95 229
252 229
252 220
261 220
261 222
345 222
345 221
384 221
384 218
474 218
474 223
472 223
472 296
475 296
475 331
464 331
464 302
453 302
453 285
465 285
465 269
463 269
463 267
461 267
461 283
454 283
454 282
459 282
459 262
448 262
448 258
446 258
446 270
447 270
447 333
450 333
450 358
444 358
444 352
442 352
442 317
435 317
435 289
428 289
428 335
411 335
411 330
409 330
409 260
397 260
397 343
403 343
403 360
319 360
319 362
292 362
292 347
135 347
135 357
133 357
133 373
153 373
153 396
165 396
165 400
180 400
180 416
160 416
160 407
109 407
109 397
123 397
123 367
78 367
78 370
101 370
101 371
45 371
45 368
43 368
43 369
15 369
15 372
76 372
76 375
66 375
66 399
65 399
65 374
63 374
63 409
64 409
64 417
59 417
59 431
67 431
67 423
72 423
72 406
73 406
73 377
96 377
96 379
107 379
107 380
90 380
90 382
103 382
103 430
111 430
111 422
114 422
114 421
136 421
136 439
287 439
287 418
279 418
279 438
269 438
269 437
150 437
150 436
146 436
146 433
140 433
140 415
118 415
118 414
117 414
117 410
148 410
148 424
188 424
188 383
154 383
154 378
161 378
161 376
155 376
155 365
141 365
141 351
139 351
139 350
166 350
166 349
236 349
236 348
291 348
291 363
322 363
322 361
404 361
404 314
405 314
405 337
433 337
433 323
440 323
440 359
456 359
456 326
455 326
455 325
458 325
458 336
476 336
476 300
492 300
492 294
494 294
494 265
493 265
493 189
431 189
431 188
401 188
401 147
378 147
378 135
415 135
415 132
452 132
452 129
462 129
462 128
393 128
393 118
211 118
211 117
215 117
215 116
100 116
100 108
97 108
97 92
