106
1 17
1 20
20 20
20 21
18 21
18 31
11 31
11 27
9 27
9 23
6 23
6 34
12 34
12 38
8 38
8 41
25 41
25 43
7 43
7 35
4 35
4 40
2 40
2 42
5 42
5 48
13 48
13 51
15 51
15 50
19 50
19 55
21 55
21 44
22 44
22 47
28 47
28 57
44 57
44 58
42 58
42 59
75 59
75 61
78 61
78 60
91 60
91 63
86 63
86 64
90 64
90 75
83 75
83 74
69 74
69 86
47 86
47 85
64 85
64 81
51 81
51 77
38 77
38 69
35 69
35 62
33 62
33 65
32 65
32 73
17 73
17 71
3 71
3 72
14 72
14 92
16 92
16 99
26 99
26 80
34 80
34 83
40 83
40 78
43 78
43 87
77 87
77 84
97 84
97 82
76 82
76 79
100 79
100 76
96 76
96 70
93 70
93 56
31 56
31 45
37 45
37 33
30 33
30 29
29 29
29 17
