2200
267 42
267 45
332 45
332 50
342 50
342 53
13 53
13 54
1 54
1 55
158 55
158 56
351 56
351 44
371 44
371 48
427 48
427 108
425 108
425 141
410 141
410 158
409 158
409 82
407 82
407 169
377 169
377 127
389 127
389 123
392 123
392 117
379 117
379 119
357 119
357 115
340 115
340 113
304 113
304 135
228 135
228 125
9 125
9 129
38 129
38 143
108 143
108 137
45 137
45 134
89 134
89 128
168 128
168 136
243 136
243 145
260 145
260 149
308 149
308 150
328 150
328 132
324 132
324 121
339 121
339 144
348 144
348 116
353 116
353 148
365 148
365 152
368 152
368 156
370 156
370 179
313 179
313 174
312 174
312 168
265 168
265 159
44 159
44 154
179 154
179 153
11 153
11 155
6 155
6 140
5 140
5 157
18 157
18 164
63 164
63 162
64 162
64 170
76 170
76 161
98 161
98 166
113 166
113 163
141 163
141 160
209 160
209 165
156 165
156 171
300 171
300 177
303 177
303 197
215 197
215 201
195 201
195 200
103 200
103 198
21 198
21 216
23 216
23 204
24 204
24 217
10 217
10 245
12 245
12 221
25 221
25 212
40 212
40 211
314 211
314 236
307 236
307 219
306 219
306 249
320 249
320 255
210 255
210 254
261 254
261 252
180 252
180 232
175 232
175 251
160 251
160 257
318 257
318 268
317 268
317 329
337 329
337 331
297 331
297 342
263 342
263 321
254 321
254 315
244 315
244 291
230 291
230 304
226 304
226 325
224 325
224 344
220 344
220 369
216 369
216 361
214 361
214 364
207 364
207 375
225 375
225 333
229 333
229 316
248 316
248 345
299 345
299 348
355 348
355 367
372 367
372 353
393 353
393 354
396 354
396 462
386 462
386 473
417 473
417 431
413 431
413 421
435 421
435 426
422 426
422 443
424 443
424 501
381 501
381 507
367 507
367 506
190 506
190 528
171 528
171 538
167 538
167 543
163 543
163 537
153 537
153 523
151 523
151 530
147 530
147 568
146 568
146 415
138 415
138 432
116 432
116 412
84 412
84 436
86 436
86 435
101 435
101 438
99 438
99 478
72 478
72 440
70 440
70 474
60 474
60 484
104 484
104 490
110 490
110 524
118 524
118 444
131 444
131 454
140 454
140 525
145 525
145 564
143 564
143 622
183 622
183 608
176 608
176 605
182 605
182 589
200 589
200 588
205 588
205 585
231 585
231 611
222 611
222 616
235 616
235 624
217 624
217 623
201 623
201 625
233 625
233 630
256 630
256 615
255 615
255 629
238 629
238 621
237 621
237 614
234 614
234 613
232 613
232 604
239 604
239 583
272 583
272 594
333 594
333 603
553 603
553 600
684 600
684 599
675 599
675 527
689 527
689 526
677 526
677 509
673 509
673 498
787 498
787 494
722 494
722 464
806 464
806 466
726 466
726 483
746 483
746 482
772 482
772 481
851 481
851 476
758 476
758 469
810 469
810 461
736 461
736 413
741 413
741 420
816 420
816 368
720 368
720 365
827 365
827 430
824 430
824 403
823 403
823 450
868 450
868 451
864 451
864 455
848 455
848 456
882 456
882 634
876 634
876 637
875 637
875 633
729 633
729 638
766 638
766 647
702 647
702 645
664 645
664 711
644 711
644 745
620 745
620 725
625 725
625 649
590 649
590 653
569 653
569 662
538 662
538 663
469 663
469 698
464 698
464 672
451 672
451 732
459 732
459 709
460 709
460 721
461 721
461 717
462 717
462 710
488 710
488 685
471 685
471 675
596 675
596 656
592 656
592 652
616 652
616 665
622 665
622 714
581 714
581 693
575 693
575 708
528 708
528 699
539 699
539 679
542 679
542 676
518 676
518 719
504 719
504 729
570 729
570 731
531 731
531 733
550 733
550 734
584 734
584 742
593 742
593 724
594 724
594 726
599 726
599 747
663 747
663 746
646 746
646 743
651 743
651 739
665 739
665 667
666 667
666 682
678 682
678 658
738 658
738 681
683 681
683 691
691 691
691 692
744 692
744 697
687 697
687 728
724 728
724 748
587 748
587 764
585 764
585 756
566 756
566 757
563 757
563 769
598 769
598 768
572 768
572 765
597 765
597 754
705 754
705 760
634 760
634 761
695 761
695 767
760 767
760 763
780 763
780 735
773 735
773 736
769 736
769 750
743 750
743 720
716 720
716 716
715 716
715 707
782 707
782 706
712 706
712 703
790 703
790 688
808 688
808 657
825 657
825 648
852 648
852 643
866 643
866 701
820 701
820 879
707 879
707 877
670 877
670 865
685 865
685 852
763 852
763 786
775 786
775 815
776 815
776 866
778 866
778 806
783 806
783 846
784 846
784 801
786 801
786 872
791 872
791 867
792 867
792 821
798 821
798 781
761 781
761 775
755 775
755 819
752 819
752 812
730 812
730 845
721 845
721 834
697 834
697 847
674 847
674 854
659 854
659 836
658 836
658 833
657 833
657 851
654 851
654 799
645 799
645 811
635 811
635 838
640 838
640 873
643 873
643 875
614 875
614 889
608 889
608 849
601 849
601 893
595 893
595 859
586 859
586 855
552 855
552 858
574 858
574 897
549 897
549 892
491 892
491 888
477 888
477 835
473 835
473 837
476 837
476 899
466 899
466 900
356 900
356 878
378 878
378 881
388 881
388 862
420 862
420 848
403 848
403 844
445 844
445 770
437 770
437 841
443 841
443 843
376 843
376 827
418 827
418 804
414 804
414 789
411 789
411 813
408 813
408 777
305 777
305 792
164 792
164 787
152 787
152 795
293 795
293 793
387 793
387 818
398 818
398 779
402 779
402 825
384 825
384 800
361 800
361 802
374 802
374 874
349 874
349 882
343 882
343 911
344 911
344 903
479 903
479 910
440 910
440 913
583 913
583 912
501 912
501 902
495 902
495 901
483 901
483 898
742 898
742 896
641 896
641 891
617 891
617 885
701 885
701 887
708 887
708 884
857 884
857 883
833 883
833 860
846 860
846 771
845 771
845 751
844 751
844 814
842 814
842 753
836 753
836 856
834 856
834 817
828 817
828 828
822 828
822 705
867 705
867 654
871 654
871 678
880 678
880 664
890 664
890 618
887 618
887 651
883 651
883 489
886 489
886 468
892 468
892 457
893 457
893 570
899 570
899 557
898 557
898 556
908 556
908 591
920 591
920 578
927 578
927 607
922 607
922 655
921 655
921 640
912 640
912 741
932 741
932 730
914 730
914 702
916 702
916 690
934 690
934 689
917 689
917 659
938 659
938 644
937 644
937 572
948 572
948 794
952 794
952 722
955 722
955 803
954 803
954 940
913 940
913 943
858 943
858 921
891 921
891 917
856 917
856 944
923 944
923 941
953 941
953 948
754 948
754 978
727 978
727 985
723 985
723 967
704 967
704 933
709 933
709 923
767 923
767 918
561 918
561 919
612 919
612 924
534 924
534 961
532 961
532 970
519 970
519 956
490 956
490 958
499 958
499 963
480 963
480 964
478 964
478 950
439 950
439 952
447 952
447 969
500 969
500 1006
452 1006
452 995
391 995
391 982
373 982
373 986
383 986
383 1000
126 1000
126 999
124 999
124 939
127 939
127 922
139 922
139 916
142 916
142 864
136 864
136 798
61 798
61 820
59 820
59 807
27 807
27 788
29 788
29 780
14 780
14 778
8 778
8 809
17 809
17 783
20 783
20 810
28 810
28 808
52 808
52 822
77 822
77 805
133 805
133 824
53 824
53 831
55 831
55 983
56 983
56 988
67 988
67 1011
69 1011
69 1038
47 1038
47 1026
39 1026
39 1010
46 1010
46 997
37 997
37 1045
41 1045
41 1065
32 1065
32 1106
22 1106
22 1114
30 1114
30 1121
26 1121
26 1115
15 1115
15 1168
75 1168
75 1155
87 1155
87 1129
81 1129
81 1122
93 1122
93 1136
90 1136
90 1189
95 1189
95 1166
157 1166
157 1171
137 1171
137 1186
144 1186
144 1182
170 1182
170 1141
173 1141
173 1152
178 1152
178 1172
197 1172
197 1169
186 1169
186 1143
198 1143
198 1135
155 1135
155 1148
129 1148
129 1142
121 1142
121 1125
282 1125
282 1145
288 1145
288 1146
245 1146
245 1160
274 1160
274 1165
251 1165
251 1187
262 1187
262 1210
257 1210
257 1220
269 1220
269 1173
270 1173
270 1225
242 1225
242 1127
240 1127
240 1232
199 1232
199 1237
191 1237
191 1219
184 1219
184 1229
162 1229
162 1202
165 1202
165 1193
114 1193
114 1199
49 1199
49 1209
7 1209
7 1206
3 1206
3 1243
43 1243
43 1242
4 1242
4 1218
19 1218
19 1224
31 1224
31 1216
80 1216
80 1221
48 1221
48 1222
54 1222
54 1228
78 1228
78 1223
91 1223
91 1233
74 1233
74 1240
82 1240
82 1241
100 1241
100 1215
50 1215
50 1201
88 1201
88 1207
119 1207
119 1213
111 1213
111 1231
177 1231
177 1235
135 1235
135 1239
298 1239
298 1236
258 1236
258 1227
275 1227
275 1147
280 1147
280 1177
281 1177
281 1157
283 1157
283 1149
290 1149
290 1211
294 1211
294 1118
241 1118
241 1119
286 1119
286 1124
132 1124
132 1120
66 1120
66 1132
79 1132
79 1153
36 1153
36 1158
16 1158
16 1139
33 1139
33 1113
35 1113
35 1112
42 1112
42 1055
51 1055
51 1067
83 1067
83 996
73 996
73 929
71 929
71 979
62 979
62 975
58 975
58 870
57 870
57 853
85 853
85 830
65 830
65 829
92 829
92 832
106 832
106 850
134 850
134 906
128 906
128 868
125 868
125 876
122 876
122 965
107 965
107 960
109 960
109 946
120 946
120 871
112 871
112 895
102 895
102 907
105 907
105 920
96 920
96 966
117 966
117 971
123 971
123 974
97 974
97 1018
130 1018
130 1013
115 1013
115 1002
406 1002
406 1017
401 1017
401 1019
296 1019
296 1032
295 1032
295 1007
279 1007
279 1008
292 1008
292 1014
246 1014
246 1016
289 1016
289 1046
319 1046
319 1052
284 1052
284 1049
271 1049
271 1050
253 1050
253 1078
221 1078
221 1075
212 1075
212 1080
204 1080
204 1082
187 1082
187 1073
208 1073
208 1072
161 1072
161 1079
159 1079
159 1085
181 1085
181 1094
213 1094
213 1092
236 1092
236 1098
327 1098
327 1097
259 1097
259 1091
494 1091
494 1105
474 1105
474 1107
513 1107
513 1100
527 1100
527 1095
535 1095
535 1090
322 1090
322 1088
431 1088
431 1089
496 1089
496 1084
547 1084
547 1068
544 1068
544 1081
470 1081
470 1087
223 1087
223 1086
264 1086
264 1054
301 1054
301 1060
334 1060
334 1057
326 1057
326 1051
331 1051
331 1042
316 1042
316 1040
309 1040
309 1021
335 1021
335 1035
455 1035
455 1028
432 1028
432 1023
385 1023
385 1022
450 1022
450 1015
502 1015
502 993
522 993
522 992
530 992
530 991
507 991
507 984
506 984
506 973
543 973
543 925
649 925
649 927
696 927
696 976
714 976
714 1020
671 1020
671 1027
632 1027
632 1031
630 1031
630 1036
679 1036
679 1033
686 1033
686 1030
735 1030
735 980
737 980
737 1005
817 1005
817 1004
762 1004
762 968
855 968
855 957
877 957
877 987
874 987
874 990
860 990
860 994
879 994
879 959
924 959
924 955
814 955
814 949
928 949
928 951
929 951
929 953
960 953
960 942
956 942
956 687
957 687
957 646
951 646
951 612
968 612
968 744
967 744
967 938
972 938
972 1063
979 1063
979 1009
980 1009
980 1069
945 1069
945 1101
935 1101
935 1059
941 1059
941 1061
950 1061
950 1048
931 1048
931 1044
930 1044
930 1037
925 1037
925 1039
904 1039
904 1041
865 1041
865 1062
894 1062
894 1071
897 1071
897 1056
902 1056
902 1108
884 1108
884 1128
863 1128
863 1103
747 1103
747 1104
801 1104
801 1126
690 1126
690 1131
681 1131
681 1154
713 1154
713 1161
788 1161
788 1156
802 1156
802 1163
748 1163
748 1179
805 1179
805 1178
811 1178
811 1195
706 1195
706 1226
749 1226
749 1204
797 1204
797 1196
829 1196
829 1203
809 1203
809 1208
812 1208
812 1230
837 1230
837 1214
859 1214
859 1188
850 1188
850 1170
838 1170
838 1200
832 1200
832 1164
830 1164
830 1151
725 1151
725 1137
819 1137
819 1117
831 1117
831 1144
835 1144
835 1134
854 1134
854 1123
861 1123
861 1185
885 1185
885 1176
872 1176
872 1138
889 1138
889 1116
896 1116
896 1140
911 1140
911 1234
918 1234
918 1096
905 1096
905 1077
906 1077
906 1043
919 1043
919 1110
984 1110
984 1093
965 1093
965 1074
987 1074
987 1003
994 1003
994 981
992 981
992 1001
976 1001
976 998
974 998
974 926
977 926
977 954
991 954
991 945
999 945
999 989
1013 989
1013 972
1012 972
1012 905
1001 905
1001 861
1014 861
1014 1053
1016 1053
1016 1058
1019 1058
1019 947
1020 947
1020 857
973 857
973 890
970 890
970 796
969 796
969 694
990 694
990 686
1009 686
1009 758
1008 758
1008 712
1005 712
1005 755
986 755
986 752
985 752
985 759
996 759
996 774
997 774
997 776
1018 776
1018 762
1021 762
1021 749
1010 749
1010 704
1017 704
1017 641
1006 641
1006 674
998 674
998 627
1015 627
1015 619
1023 619
1023 650
1024 650
1024 908
1026 908
1026 737
1034 737
1034 790
1041 790
1041 727
1045 727
1045 816
1042 816
1042 869
1062 869
1062 839
1084 839
1084 840
1075 840
1075 894
1066 894
1066 909
1078 909
1078 962
1068 962
1068 1012
1072 1012
1072 1024
1065 1024
1065 1029
1071 1029
1071 1025
1073 1025
1073 1034
1059 1034
1059 1047
1052 1047
1052 1111
1063 1111
1063 1083
1060 1083
1060 1066
1074 1066
1074 1070
1064 1070
1064 1099
1067 1099
1067 1109
1069 1109
1069 1192
1058 1192
1058 1217
1070 1217
1070 1102
1079 1102
1079 1238
1061 1238
1061 1247
1094 1247
1094 1248
1095 1248
1095 1250
1172 1250
1172 1249
1132 1249
1132 1246
1170 1246
1170 1245
1110 1245
1110 1244
1092 1244
1092 1205
1168 1205
1168 1212
1171 1212
1171 1190
1145 1190
1145 1197
1114 1197
1114 1194
1125 1194
1125 1183
1130 1183
1130 1180
1131 1180
1131 1133
1140 1133
1140 1162
1141 1162
1141 1167
1143 1167
1143 1130
1128 1130
1128 1159
1101 1159
1101 1175
1121 1175
1121 1174
1123 1174
1123 1181
1115 1181
1115 1184
1116 1184
1116 1191
1090 1191
1090 1198
1080 1198
1080 1150
1081 1150
1081 1076
1083 1076
1083 1064
1085 1064
1085 977
1086 977
1086 914
1087 914
1087 826
1056 826
1056 823
1051 823
1051 791
1049 791
1049 842
1048 842
1048 718
1046 718
1046 696
1028 696
1028 715
1027 715
1027 700
1025 700
1025 620
1035 620
1035 610
959 610
959 567
946 567
946 553
910 553
910 544
939 544
939 529
903 529
903 555
900 555
900 504
926 504
926 500
1007 500
1007 497
1102 497
1102 495
1037 495
1037 491
988 491
988 477
975 477
975 475
909 475
909 503
895 503
895 433
947 433
947 437
963 437
963 445
983 445
983 442
995 442
995 449
1032 449
1032 446
1040 446
1040 418
1057 418
1057 416
1098 416
1098 396
1050 396
1050 400
1043 400
1043 373
1053 373
1053 366
1033 366
1033 408
1044 408
1044 417
1002 417
1002 387
944 387
944 388
962 388
962 397
971 397
971 393
989 393
989 394
993 394
993 422
1022 422
1022 429
841 429
841 441
839 441
839 355
807 355
807 357
804 357
804 323
803 323
803 279
869 279
869 280
878 280
878 273
873 273
873 272
849 272
849 275
826 275
826 270
800 270
800 327
795 327
795 359
781 359
781 300
785 300
785 264
1029 264
1029 274
1054 274
1054 313
1036 313
1036 282
1000 282
1000 293
1003 293
1003 295
981 295
981 302
982 302
982 305
1030 305
1030 296
1031 296
1031 314
1077 314
1077 308
1055 308
1055 266
1076 266
1076 267
1088 267
1088 271
1188 271
1188 276
1165 276
1165 278
1120 278
1120 312
1144 312
1144 309
1157 309
1157 298
1136 298
1136 285
1173 285
1173 277
1186 277
1186 306
1187 306
1187 310
1192 310
1192 356
1182 356
1182 419
1177 419
1177 513
1178 513
1178 565
1184 565
1184 549
1193 549
1193 496
1183 496
1183 493
1204 493
1204 562
1197 562
1197 606
1196 606
1196 626
1201 626
1201 569
1205 569
1205 405
1206 405
1206 534
1209 534
1209 573
1213 573
1213 551
1225 551
1225 550
1210 550
1210 480
1212 480
1212 487
1219 487
1219 486
1222 486
1222 471
1227 471
1227 453
1221 453
1221 452
1214 452
1214 470
1215 470
1215 472
1208 472
1208 409
1229 409
1229 423
1230 423
1230 448
1232 448
1232 521
1236 521
1236 935
1189 935
1189 934
1179 934
1179 931
1161 931
1161 930
1217 930
1217 928
1142 928
1142 863
1151 863
1151 785
1156 785
1156 723
1158 723
1158 670
1159 670
1159 713
1160 713
1160 797
1162 797
1162 668
1167 668
1167 695
1169 695
1169 631
1105 631
1105 632
1119 632
1119 635
1164 635
1164 642
1155 642
1155 639
1147 639
1147 666
1152 666
1152 738
1153 738
1153 766
1150 766
1150 671
1111 671
1111 636
1107 636
1107 660
1106 660
1106 661
1103 661
1103 673
1146 673
1146 680
1139 680
1139 677
1108 677
1108 684
1117 684
1117 683
1149 683
1149 772
1126 772
1126 740
1124 740
1124 784
1129 784
1129 880
1133 880
1133 886
1137 886
1137 782
1138 782
1138 932
1112 932
1112 936
1216 936
1216 937
1244 937
1244 915
1238 915
1238 904
1237 904
1237 465
1239 465
1239 773
1241 773
1241 669
1242 669
1242 485
1243 485
1243 459
1240 459
1240 399
1245 399
1245 463
1247 463
1247 520
1248 520
1248 628
1250 628
1250 195
1228 195
1228 133
1226 133
1226 69
1148 69
1148 67
958 67
958 66
1082 66
1082 65
1093 65
1093 62
1100 62
1100 59
1011 59
1011 61
942 61
942 68
1118 68
1118 70
1135 70
1135 71
1220 71
1220 87
1218 87
1218 72
940 72
940 73
1039 73
1039 74
862 74
862 78
765 78
765 75
815 75
815 64
796 64
796 63
732 63
732 79
901 79
901 81
753 81
753 92
739 92
739 101
710 101
710 109
750 109
750 118
692 118
692 114
682 114
682 122
700 122
700 120
751 120
751 98
768 98
768 107
847 107
847 183
843 183
843 147
813 147
813 172
821 172
821 193
840 193
840 194
961 194
961 192
1091 192
1091 191
1099 191
1099 185
1047 185
1047 190
964 190
964 187
933 187
933 186
853 186
853 111
888 111
888 112
907 112
907 106
789 106
789 105
949 105
949 102
943 102
943 90
936 90
936 100
881 100
881 103
870 103
870 104
793 104
793 95
799 95
799 93
759 93
759 83
966 83
966 80
915 80
915 77
1199 77
1199 84
1113 84
1113 89
1176 89
1176 139
1180 139
1180 151
1190 151
1190 146
1200 146
1200 131
1181 131
1181 97
1207 97
1207 110
1223 110
1223 126
1224 126
1224 196
1174 196
1174 215
1166 215
1166 213
1134 213
1134 214
1104 214
1104 218
1109 218
1109 220
1154 220
1154 225
818 225
818 224
1004 224
1004 223
615 223
615 229
652 229
652 235
647 235
647 237
611 237
611 238
676 238
676 233
688 233
688 243
693 243
693 228
703 228
703 234
1038 234
1038 240
1089 240
1089 231
978 231
978 230
777 230
777 226
1163 226
1163 241
1127 241
1127 246
1096 246
1096 248
1175 248
1175 199
1249 199
1249 425
1246 425
1246 352
1234 352
1234 378
1231 378
1231 379
1233 379
1233 386
1235 386
1235 401
1211 401
1211 402
1203 402
1203 479
1194 479
1194 467
1185 467
1185 424
1198 424
1198 380
1202 380
1202 346
1195 346
1195 303
1191 303
1191 269
1122 269
1122 265
1097 265
1097 263
771 263
771 288
745 288
745 311
779 311
779 360
734 360
734 358
774 358
774 343
770 343
770 350
764 350
764 349
728 349
728 336
740 336
740 320
733 320
733 326
718 326
718 376
731 376
731 377
757 377
757 383
794 383
794 411
756 411
756 407
717 407
717 439
711 439
711 458
719 458
719 488
699 488
699 391
698 391
698 390
694 390
694 492
668 492
668 499
653 499
653 508
661 508
661 510
667 510
667 579
648 579
648 581
633 581
633 582
660 582
660 590
650 590
650 593
621 593
621 587
627 587
627 554
629 554
629 533
624 533
624 574
618 574
618 584
604 584
604 586
610 586
610 598
545 598
545 602
505 602
505 601
350 601
350 592
276 592
276 580
174 580
174 609
166 609
166 617
149 617
149 575
154 575
154 566
169 566
169 561
150 561
150 552
185 552
185 536
194 536
194 532
202 532
202 514
193 514
193 512
211 512
211 511
415 511
415 502
433 502
433 434
441 434
441 410
419 410
419 406
397 406
397 347
362 347
362 341
375 341
375 340
453 340
453 338
485 338
485 337
446 337
446 335
394 335
394 328
321 328
321 259
364 259
364 256
380 256
380 253
345 253
345 250
323 250
323 210
148 210
148 209
34 209
34 208
172 208
172 205
188 205
188 203
336 203
336 202
338 202
338 188
310 188
310 180
412 180
412 175
416 175
416 142
438 142
438 124
429 124
429 42
