1072
267 42
267 45
332 45
332 50
342 50
342 53
13 53
13 54
1 54
1 55
158 55
158 56
351 56
351 44
371 44
371 48
427 48
427 108
425 108
425 141
410 141
410 158
409 158
409 82
407 82
407 169
377 169
377 127
389 127
389 123
392 123
392 117
379 117
379 119
357 119
357 115
340 115
340 113
304 113
304 135
228 135
228 125
9 125
9 129
38 129
38 143
108 143
108 137
45 137
45 134
89 134
89 128
168 128
168 136
243 136
243 145
260 145
260 149
308 149
308 150
328 150
328 132
324 132
324 121
339 121
339 144
348 144
348 116
353 116
353 148
365 148
365 152
368 152
368 156
370 156
370 179
313 179
313 174
312 174
312 168
265 168
265 159
44 159
44 154
179 154
179 153
11 153
11 155
6 155
6 140
5 140
5 157
18 157
18 164
63 164
63 162
64 162
64 170
76 170
76 161
98 161
98 166
113 166
113 163
141 163
141 160
209 160
209 165
156 165
156 171
300 171
300 177
303 177
303 197
215 197
215 201
195 201
195 200
103 200
103 198
21 198
21 216
23 216
23 204
24 204
24 217
10 217
10 245
12 245
12 221
25 221
25 212
40 212
40 211
314 211
314 236
307 236
307 219
306 219
306 249
320 249
320 255
210 255
210 254
261 254
261 252
180 252
180 232
175 232
175 251
160 251
160 257
318 257
318 268
317 268
317 329
337 329
337 331
297 331
297 342
263 342
263 321
254 321
254 315
244 315
244 291
230 291
230 304
226 304
226 325
224 325
224 344
220 344
220 369
216 369
216 361
214 361
214 364
207 364
207 375
225 375
225 333
229 333
229 316
248 316
248 345
299 345
299 348
355 348
355 367
372 367
372 353
393 353
393 354
396 354
396 462
386 462
386 473
417 473
417 431
413 431
413 421
435 421
435 426
422 426
422 443
424 443
424 501
381 501
381 507
367 507
367 506
190 506
190 528
171 528
171 538
167 538
167 543
163 543
163 537
153 537
153 523
151 523
151 530
147 530
147 568
146 568
146 415
138 415
138 432
116 432
116 412
84 412
84 436
86 436
86 435
101 435
101 438
99 438
99 478
72 478
72 440
70 440
70 474
60 474
60 484
104 484
104 490
110 490
110 524
118 524
118 444
131 444
131 454
140 454
140 525
145 525
145 564
143 564
143 622
183 622
183 608
176 608
176 605
182 605
182 589
200 589
200 588
205 588
205 585
231 585
231 611
222 611
222 616
235 616
235 624
217 624
217 623
201 623
201 625
233 625
233 630
256 630
256 615
255 615
255 629
238 629
238 621
237 621
237 614
234 614
234 613
232 613
232 604
239 604
239 583
272 583
272 594
333 594
333 603
553 603
553 600
684 600
684 599
675 599
675 527
689 527
689 526
677 526
677 509
673 509
673 498
787 498
787 494
722 494
722 464
806 464
806 466
726 466
726 483
746 483
746 482
772 482
772 481
851 481
851 476
758 476
758 469
810 469
810 461
736 461
736 413
741 413
741 420
816 420
816 368
720 368
720 365
827 365
827 430
824 430
824 403
823 403
823 450
868 450
868 451
864 451
864 455
848 455
848 456
882 456
882 634
876 634
876 637
875 637
875 633
729 633
729 638
766 638
766 647
702 647
702 645
664 645
664 711
644 711
644 745
620 745
620 725
625 725
625 649
590 649
590 653
569 653
569 662
538 662
538 663
469 663
469 698
464 698
464 672
451 672
451 732
459 732
459 709
460 709
460 721
461 721
461 717
462 717
462 710
488 710
488 685
471 685
471 675
596 675
596 656
592 656
592 652
616 652
616 665
622 665
622 714
581 714
581 693
575 693
575 708
528 708
528 699
539 699
539 679
542 679
542 676
518 676
518 719
504 719
504 729
570 729
570 731
531 731
531 733
550 733
550 734
584 734
584 742
593 742
593 724
594 724
594 726
599 726
599 747
663 747
663 746
646 746
646 743
651 743
651 739
665 739
665 667
666 667
666 682
678 682
678 658
738 658
738 681
683 681
683 691
691 691
691 692
744 692
744 697
687 697
687 728
724 728
724 748
587 748
587 764
585 764
585 756
566 756
566 757
563 757
563 769
598 769
598 768
572 768
572 765
597 765
597 754
705 754
705 760
634 760
634 761
695 761
695 767
760 767
760 763
780 763
780 735
773 735
773 736
769 736
769 750
743 750
743 720
716 720
716 716
715 716
715 707
782 707
782 706
712 706
712 703
790 703
790 688
808 688
808 657
825 657
825 648
852 648
852 643
866 643
866 701
820 701
820 879
707 879
707 877
670 877
670 865
685 865
685 852
763 852
763 786
775 786
775 815
776 815
776 866
778 866
778 806
783 806
783 846
784 846
784 801
786 801
786 872
791 872
791 867
792 867
792 821
798 821
798 781
761 781
761 775
755 775
755 819
752 819
752 812
730 812
730 845
721 845
721 834
697 834
697 847
674 847
674 854
659 854
659 836
658 836
658 833
657 833
657 851
654 851
654 799
645 799
645 811
635 811
635 838
640 838
640 873
643 873
643 875
614 875
614 889
608 889
608 849
601 849
601 893
595 893
595 859
586 859
586 855
552 855
552 858
574 858
574 897
549 897
549 892
491 892
491 888
477 888
477 835
473 835
473 837
476 837
476 899
466 899
466 900
356 900
356 878
378 878
378 881
388 881
388 862
420 862
420 848
403 848
403 844
445 844
445 770
437 770
437 841
443 841
443 843
376 843
376 827
418 827
418 804
414 804
414 789
411 789
411 813
408 813
408 777
305 777
305 792
164 792
164 787
152 787
152 795
293 795
293 793
387 793
387 818
398 818
398 779
402 779
402 825
384 825
384 800
361 800
361 802
374 802
374 874
349 874
349 882
343 882
343 911
344 911
344 903
479 903
479 910
440 910
440 913
583 913
583 912
501 912
501 902
495 902
495 901
483 901
483 898
742 898
742 896
641 896
641 891
617 891
617 885
701 885
701 887
708 887
708 884
857 884
857 883
833 883
833 860
846 860
846 771
845 771
845 751
844 751
844 814
842 814
842 753
836 753
836 856
834 856
834 817
828 817
828 828
822 828
822 705
867 705
867 654
871 654
871 678
880 678
880 664
890 664
890 618
887 618
887 651
883 651
883 489
886 489
886 468
892 468
892 457
893 457
893 570
899 570
899 557
898 557
898 556
908 556
908 591
920 591
920 578
927 578
927 607
922 607
922 655
921 655
921 640
912 640
912 741
932 741
932 730
914 730
914 702
916 702
916 690
934 690
934 689
917 689
917 659
938 659
938 644
937 644
937 572
948 572
948 794
952 794
952 722
955 722
955 803
954 803
954 940
913 940
913 943
858 943
858 921
891 921
891 917
856 917
856 944
923 944
923 941
953 941
953 948
754 948
754 978
727 978
727 985
723 985
723 967
704 967
704 933
709 933
709 924
534 924
534 961
532 961
532 970
519 970
519 956
490 956
490 958
499 958
499 963
480 963
480 964
478 964
478 950
439 950
439 952
447 952
447 969
500 969
500 1006
452 1006
452 1000
126 1000
126 999
124 999
124 939
127 939
127 922
139 922
139 916
142 916
142 864
136 864
136 824
53 824
53 831
55 831
55 983
56 983
56 988
67 988
67 1011
69 1011
69 1038
47 1038
47 1026
39 1026
39 1010
46 1010
46 997
37 997
37 1045
41 1045
41 1065
32 1065
32 1106
22 1106
22 1114
30 1114
30 1121
26 1121
26 1115
15 1115
15 1168
75 1168
75 1155
87 1155
87 1129
81 1129
81 1122
93 1122
93 1136
90 1136
90 1189
95 1189
95 1166
157 1166
157 1171
170 1171
170 1148
129 1148
129 1142
121 1142
121 1125
294 1125
294 1124
132 1124
132 1120
66 1120
66 1132
79 1132
79 1153
36 1153
36 1158
16 1158
16 1139
33 1139
33 1113
35 1113
35 1112
42 1112
42 1055
83 1055
83 996
73 996
73 979
62 979
62 975
58 975
58 870
57 870
57 853
85 853
85 830
65 830
65 829
92 829
92 832
106 832
106 850
134 850
134 906
122 906
122 965
107 965
107 960
109 960
109 946
120 946
120 871
112 871
112 895
102 895
102 907
105 907
105 920
96 920
96 966
117 966
117 971
123 971
123 974
97 974
97 1002
406 1002
406 1015
502 1015
502 993
522 993
522 992
530 992
530 991
507 991
507 984
506 984
506 973
543 973
543 925
649 925
649 927
696 927
696 976
714 976
714 1020
735 1020
735 980
762 980
762 968
855 968
855 957
924 957
924 955
814 955
814 949
960 949
960 942
956 942
956 687
957 687
957 646
951 646
951 612
1035 612
1035 610
959 610
959 567
946 567
946 555
900 555
900 504
926 504
926 503
895 503
895 441
839 441
839 360
718 360
718 376
731 376
731 377
757 377
757 383
794 383
794 411
717 411
717 439
711 439
711 458
719 458
719 488
694 488
694 492
668 492
668 499
653 499
653 508
661 508
661 510
667 510
667 579
648 579
648 581
633 581
633 582
660 582
660 590
650 590
650 593
610 593
610 598
545 598
545 602
505 602
505 601
350 601
350 592
276 592
276 580
174 580
174 609
166 609
166 617
149 617
149 575
154 575
154 566
169 566
169 561
150 561
150 552
185 552
185 536
194 536
194 532
202 532
202 514
193 514
193 512
211 512
211 511
415 511
415 502
433 502
433 434
441 434
441 410
419 410
419 406
397 406
397 347
362 347
362 341
375 341
375 340
453 340
453 338
485 338
485 337
446 337
446 335
394 335
394 328
321 328
321 259
364 259
364 256
380 256
380 253
345 253
345 250
323 250
323 210
148 210
148 209
34 209
34 208
172 208
172 205
188 205
188 203
336 203
336 202
338 202
338 188
310 188
310 180
412 180
412 175
416 175
416 142
438 142
438 124
429 124
429 42
