168
1 1
1 2
7 2
7 10
63 10
63 17
30 17
30 16
18 16
18 15
17 15
17 18
3 18
3 22
2 22
2 35
5 35
5 63
6 63
6 65
11 65
11 62
8 62
8 27
4 27
4 20
10 20
10 19
68 19
68 12
129 12
129 13
166 13
166 14
176 14
176 21
168 21
168 31
172 31
172 29
177 29
177 38
146 38
146 36
140 36
140 46
138 46
138 47
137 47
137 32
128 32
128 48
115 48
115 42
110 42
110 41
101 41
101 51
99 51
99 30
94 30
94 58
117 58
117 82
112 82
112 92
111 92
111 110
113 110
113 113
116 113
116 129
141 129
141 137
131 137
131 139
142 139
142 132
149 132
149 136
159 136
159 179
158 179
158 180
144 180
144 182
132 182
132 185
133 185
133 195
114 195
114 187
123 187
123 183
109 183
109 194
107 194
107 199
100 199
100 226
88 226
88 201
91 201
91 191
89 191
89 189
80 189
80 202
81 202
81 203
87 203
87 229
104 229
104 225
105 225
105 220
106 220
106 200
108 200
108 198
150 198
150 186
161 186
161 130
157 130
157 128
151 128
151 126
130 126
130 125
126 125
126 121
119 121
119 105
121 105
121 78
152 78
152 77
118 77
118 57
184 57
184 56
102 56
102 53
95 53
95 50
96 50
96 52
139 52
139 49
155 49
155 44
165 44
165 43
199 43
199 40
183 40
183 25
171 25
171 24
182 24
182 11
72 11
72 9
42 9
42 8
9 8
9 1
