86
1 45
1 100
6 100
6 112
10 112
10 130
18 130
18 128
30 128
30 124
28 124
28 122
43 122
43 141
44 141
44 151
52 151
52 154
34 154
34 149
32 149
32 158
40 158
40 155
54 155
54 153
69 153
69 144
70 144
70 173
64 173
64 170
47 170
47 161
41 161
41 176
23 176
23 196
21 196
21 199
31 199
31 197
36 197
36 198
38 198
38 187
27 187
27 184
24 184
24 182
46 182
46 200
53 200
53 194
49 194
49 174
59 174
59 175
75 175
75 142
66 142
66 147
62 147
62 150
56 150
56 127
48 127
48 121
37 121
37 118
39 118
39 116
12 116
12 115
22 115
22 107
15 107
15 106
8 106
8 98
13 98
13 97
20 97
20 96
4 96
4 45
