310
3 16
3 2
1 2
1 20
2 20
2 31
7 31
7 34
30 34
30 33
58 33
58 40
46 40
46 42
32 42
32 36
31 36
31 37
29 37
29 39
20 39
20 51
25 51
25 43
28 43
28 50
42 50
42 53
53 53
53 54
24 54
24 57
40 57
40 72
39 72
39 74
23 74
23 69
15 69
15 99
14 99
14 110
16 110
16 109
17 109
17 78
19 78
19 97
54 97
54 102
55 102
55 86
47 86
47 88
27 88
27 82
35 82
35 81
50 81
50 83
62 83
62 67
67 67
67 77
70 77
70 58
57 58
57 79
49 79
49 55
64 55
64 56
88 56
88 46
34 46
34 44
66 44
66 29
63 29
63 26
148 26
148 6
153 6
153 38
134 38
134 45
133 45
133 35
149 35
149 32
113 32
113 60
122 60
122 62
90 62
90 63
110 63
110 66
100 66
100 92
102 92
102 68
103 68
103 93
117 93
117 87
107 87
107 70
120 70
120 64
136 64
136 76
141 76
141 84
130 84
130 89
147 89
147 91
178 91
178 98
175 98
175 96
137 96
137 94
121 94
121 95
97 95
97 108
104 108
104 119
86 119
86 111
81 111
81 125
83 125
83 128
92 128
92 130
80 130
80 132
74 132
74 136
73 136
73 129
68 129
68 138
69 138
69 141
76 141
76 139
87 139
87 140
91 140
91 134
129 134
129 133
132 133
132 127
151 127
151 137
144 137
144 144
145 144
145 163
146 163
146 151
152 151
152 142
154 142
154 180
156 180
156 179
165 179
165 182
125 182
125 176
112 176
112 167
123 167
123 148
96 148
96 149
99 149
99 154
101 154
101 174
98 174
98 160
94 160
94 171
95 171
95 172
85 172
85 168
82 168
82 158
65 158
65 159
79 159
79 170
71 170
71 173
56 173
56 196
52 196
52 184
48 184
48 157
21 157
21 164
26 164
26 187
33 187
33 161
36 161
36 191
38 191
38 192
37 192
37 195
41 195
41 165
43 165
43 188
44 188
44 198
18 198
18 200
22 200
22 199
45 199
45 197
60 197
60 194
61 194
61 181
59 181
59 175
93 175
93 177
109 177
109 156
111 156
111 178
105 178
105 183
168 183
168 166
173 166
173 162
166 162
166 147
155 147
155 126
116 126
116 131
115 131
115 124
89 124
89 122
164 122
164 120
128 120
128 118
124 118
124 117
119 117
119 106
114 106
114 104
106 104
106 100
180 100
180 90
150 90
150 73
160 73
160 65
139 65
139 59
135 59
135 48
138 48
138 41
157 41
157 7
169 7
169 3
142 3
142 17
78 17
78 19
108 19
108 21
127 21
127 24
77 24
77 25
51 25
51 30
8 30
8 28
5 28
5 27
10 27
10 23
12 23
12 18
13 18
13 16
