188
41 87
41 94
35 94
35 91
26 91
26 85
30 85
30 75
33 75
33 59
38 59
38 47
31 47
31 65
28 65
28 52
27 52
27 46
29 46
29 43
16 43
16 55
17 55
17 56
13 56
13 62
19 62
19 50
20 50
20 57
24 57
24 74
25 74
25 92
32 92
32 105
37 105
37 99
40 99
40 120
18 120
18 123
14 123
14 121
10 121
10 119
23 119
23 118
3 118
3 103
1 103
1 150
7 150
7 148
9 148
9 149
36 149
36 147
63 147
63 146
22 146
22 142
80 142
80 145
146 145
146 129
147 129
147 104
145 104
145 116
139 116
139 115
138 115
138 122
144 122
144 126
142 126
142 133
133 133
133 131
108 131
108 125
140 125
140 124
119 124
119 113
128 113
128 112
121 112
121 111
129 111
129 100
126 100
126 97
132 97
132 53
135 53
135 44
131 44
131 73
130 73
130 95
118 95
118 108
117 108
117 117
106 117
106 109
107 109
107 107
112 107
112 83
113 83
113 86
115 86
115 81
114 81
114 30
124 30
124 21
125 21
125 14
141 14
141 15
136 15
136 20
149 20
149 10
148 10
148 6
150 6
150 5
137 5
137 2
134 2
134 9
127 9
127 12
104 12
104 13
123 13
123 16
120 16
120 19
110 19
110 66
109 66
109 96
111 96
111 106
105 106
105 136
116 136
116 138
143 138
143 144
122 144
122 143
94 143
94 141
68 141
68 139
21 139
21 140
2 140
2 128
4 128
4 132
5 132
5 137
15 137
15 135
34 135
34 134
8 134
8 130
39 130
39 127
42 127
42 110
43 110
43 88
44 88
44 90
59 90
59 89
69 89
69 87
