540
1 444
1 522
17 522
17 528
9 528
9 548
10 548
10 533
15 533
15 644
61 644
61 645
107 645
107 657
109 657
109 670
113 670
113 651
115 651
115 639
128 639
128 638
131 638
131 633
153 633
153 662
156 662
156 688
142 688
142 803
144 803
144 838
135 838
135 828
122 828
122 771
110 771
110 963
124 963
124 1052
125 1052
125 1055
127 1055
127 1050
167 1050
167 1104
227 1104
227 1113
231 1113
231 1110
237 1110
237 1124
245 1124
245 1114
258 1114
258 1127
313 1127
313 1120
374 1120
374 1123
378 1123
378 1122
379 1122
379 1121
411 1121
411 1117
460 1117
460 1153
457 1153
457 1190
482 1190
482 1185
507 1185
507 1188
523 1188
523 1196
506 1196
506 1197
526 1197
526 1198
536 1198
536 1201
564 1201
564 1195
645 1195
645 1216
554 1216
554 1212
467 1212
467 1210
437 1210
437 1209
427 1209
427 1211
453 1211
453 1213
452 1213
452 1215
524 1215
524 1217
598 1217
598 1219
601 1219
601 1232
270 1232
270 1233
505 1233
505 1236
469 1236
469 1237
454 1237
454 1241
409 1241
409 1240
326 1240
326 1238
282 1238
282 1239
197 1239
197 1243
179 1243
179 1244
305 1244
305 1242
324 1242
324 1246
478 1246
478 1245
558 1245
558 1248
615 1248
615 1234
630 1234
630 1230
605 1230
605 1220
649 1220
649 1223
657 1223
657 1221
676 1221
676 1222
714 1222
714 1204
712 1204
712 1207
664 1207
664 1202
779 1202
779 1205
750 1205
750 1208
746 1208
746 1214
820 1214
820 1224
838 1224
838 1228
862 1228
862 1231
888 1231
888 1227
906 1227
906 1218
908 1218
908 1206
903 1206
903 1151
991 1151
991 1149
1047 1149
1047 1146
1051 1146
1051 1046
986 1046
986 1036
977 1036
977 1045
955 1045
955 1028
1011 1028
1011 1030
1026 1030
1026 1020
1031 1020
1031 961
1060 961
1060 1033
1062 1033
1062 1156
1063 1156
1063 973
1064 973
1064 997
1072 997
1072 936
975 936
975 912
969 912
969 887
967 887
967 831
964 831
964 726
950 726
950 699
947 699
947 697
942 697
942 684
937 684
937 682
948 682
948 668
953 668
953 655
944 655
944 672
929 672
929 666
922 666
922 630
1003 630
1003 587
1004 587
1004 574
1009 574
1009 564
980 564
980 556
1010 556
1010 620
1054 620
1054 622
1089 622
1089 654
1097 654
1097 562
1095 562
1095 508
1133 508
1133 506
1156 506
1156 546
1145 546
1145 558
1158 558
1158 544
1161 544
1161 550
1183 550
1183 598
1166 598
1166 591
1118 591
1118 605
1135 605
1135 596
1164 596
1164 618
1190 618
1190 626
1127 626
1127 640
1115 640
1115 652
1107 652
1107 635
1101 635
1101 658
1109 658
1109 673
1111 673
1111 704
1113 704
1113 705
1132 705
1132 648
1177 648
1177 636
1146 636
1146 627
1191 627
1191 647
1204 647
1204 632
1207 632
1207 665
1219 665
1219 667
1209 667
1209 671
1225 671
1225 738
1223 738
1223 982
1220 982
1220 715
1149 715
1149 720
1197 720
1197 756
1180 756
1180 817
1179 817
1179 722
1171 722
1171 904
1168 904
1168 923
1137 923
1137 895
1155 895
1155 891
1147 891
1147 861
1163 861
1163 872
1165 872
1165 816
1148 816
1148 844
1120 844
1120 888
1130 888
1130 957
1138 957
1138 1102
1139 1102
1139 1125
1136 1125
1136 1024
1114 1024
1114 1042
1119 1042
1119 1053
1122 1053
1122 1073
1131 1073
1131 1119
1103 1119
1103 1129
1116 1129
1116 1132
1102 1132
1102 1159
1157 1159
1157 1157
1104 1157
1104 1137
1110 1137
1110 1134
1141 1134
1141 1059
1143 1059
1143 1049
1140 1049
1140 925
1169 925
1169 922
1174 922
1174 823
1194 823
1194 821
1206 821
1206 764
1199 764
1199 749
1203 749
1203 717
1217 717
1217 1009
1230 1009
1230 947
1226 947
1226 659
1212 659
1212 649
1210 649
1210 623
1193 623
1193 590
1185 590
1185 535
1167 535
1167 531
1162 531
1162 502
1091 502
1091 512
1093 512
1093 584
1096 584
1096 617
1015 617
1015 555
979 555
979 566
982 566
982 567
981 567
981 628
914 628
914 650
913 650
913 680
895 680
895 681
901 681
901 745
905 745
905 711
912 711
912 708
919 708
919 703
943 703
943 735
960 735
960 760
959 760
959 809
963 809
963 814
920 814
920 851
916 851
916 845
915 845
915 908
921 908
921 919
931 919
931 913
935 913
935 886
933 886
933 881
924 881
924 870
927 870
927 820
961 820
961 918
971 918
971 948
1012 948
1012 956
1028 956
1028 988
1005 988
1005 999
1018 999
1018 1014
1017 1014
1017 1019
941 1019
941 1031
902 1031
902 1051
998 1051
998 1064
957 1064
957 1067
1050 1067
1050 1143
891 1143
891 1164
892 1164
892 1225
854 1225
854 1203
794 1203
794 1199
738 1199
738 1194
572 1194
572 1192
573 1192
573 1187
527 1187
527 1184
472 1184
472 1189
462 1189
462 1171
466 1171
466 1167
461 1167
461 1126
485 1126
485 1116
287 1116
287 1109
260 1109
260 1103
177 1103
177 1100
168 1100
168 1048
136 1048
136 965
163 965
163 958
236 958
236 955
240 955
240 951
112 951
112 783
117 783
117 839
145 839
145 742
147 742
147 693
159 693
159 631
78 631
78 634
92 634
92 643
24 643
24 642
16 642
16 637
20 637
20 507
39 507
39 498
32 498
32 494
36 494
36 490
43 490
43 483
6 483
6 448
8 448
8 444
