132
1 444
1 522
17 522
17 528
9 528
9 548
10 548
10 533
15 533
15 644
61 644
61 645
107 645
107 657
109 657
109 670
113 670
113 651
115 651
115 639
128 639
128 638
131 638
131 633
153 633
153 662
156 662
156 688
142 688
142 803
144 803
144 838
135 838
135 828
122 828
122 771
110 771
110 963
124 963
124 1052
125 1052
125 1055
127 1055
127 1050
167 1050
167 1104
227 1104
227 1113
231 1113
231 1110
237 1110
237 1124
245 1124
245 1114
258 1114
258 1127
313 1127
313 1120
374 1120
374 1123
378 1123
378 1122
379 1122
379 1121
411 1121
411 1117
460 1117
460 1153
457 1153
457 1190
482 1190
482 1185
527 1185
527 1184
472 1184
472 1189
462 1189
462 1171
466 1171
466 1167
461 1167
461 1126
485 1126
485 1116
287 1116
287 1109
260 1109
260 1103
177 1103
177 1100
168 1100
168 1048
136 1048
136 965
163 965
163 958
236 958
236 955
240 955
240 951
112 951
112 783
117 783
117 839
145 839
145 742
147 742
147 693
159 693
159 631
78 631
78 634
92 634
92 643
24 643
24 642
16 642
16 637
20 637
20 507
39 507
39 498
32 498
32 494
36 494
36 490
43 490
43 483
6 483
6 448
8 448
8 444
