396
106 63
106 103
99 103
99 115
95 115
95 118
101 118
101 113
104 113
104 119
102 119
102 127
78 127
78 128
90 128
90 129
81 129
81 201
79 201
79 189
76 189
76 169
74 169
74 165
63 165
63 158
34 158
34 156
22 156
22 151
38 151
38 92
33 92
33 123
32 123
32 120
31 120
31 94
30 94
30 9
5 9
5 20
2 20
2 25
6 25
6 15
8 15
8 24
17 24
17 55
15 55
15 85
10 85
10 88
3 88
3 93
13 93
13 107
4 107
4 130
1 130
1 132
7 132
7 148
9 148
9 141
14 141
14 134
18 134
18 22
16 22
16 10
29 10
29 11
23 11
23 41
27 41
27 124
26 124
26 81
24 81
24 138
21 138
21 114
19 114
19 139
25 139
25 136
35 136
35 99
36 99
36 149
20 149
20 161
28 161
28 160
46 160
46 176
47 176
47 179
40 179
40 187
57 187
57 204
64 204
64 198
69 198
69 195
59 195
59 186
42 186
42 181
49 181
49 159
60 159
60 166
61 166
61 167
71 167
71 171
75 171
75 208
87 208
87 212
117 212
117 222
91 222
91 221
109 221
109 217
77 217
77 223
73 223
73 225
119 225
119 215
120 215
120 216
129 216
129 214
131 214
131 210
135 210
135 213
145 213
145 219
146 219
146 211
140 211
140 209
92 209
92 199
88 199
88 182
86 182
86 175
82 175
82 144
115 144
115 140
98 140
98 131
113 131
113 135
118 135
118 133
116 133
116 110
128 110
128 112
143 112
143 109
148 109
148 102
141 102
141 104
130 104
130 106
114 106
114 108
112 108
112 116
108 116
108 105
110 105
110 101
111 101
111 72
107 72
107 69
127 69
127 100
139 100
139 87
142 87
142 98
168 98
168 117
167 117
167 111
160 111
160 125
157 125
157 192
159 192
159 184
161 184
161 154
158 154
158 152
162 152
162 206
163 206
163 172
165 172
165 188
164 188
164 234
203 234
203 238
205 238
205 243
214 243
214 249
216 249
216 250
229 250
229 242
231 242
231 245
239 245
239 248
250 248
250 246
249 246
249 239
248 239
248 247
247 247
247 230
246 230
246 226
244 226
244 228
242 228
242 235
241 235
241 232
232 232
232 197
235 197
235 193
238 193
238 190
233 190
233 183
236 183
236 177
237 177
237 162
234 162
234 173
230 173
230 194
228 194
228 224
226 224
226 236
215 236
215 237
245 237
245 244
243 244
243 241
240 241
240 240
206 240
206 220
204 220
204 200
210 200
210 180
211 180
211 178
209 178
209 168
212 168
212 227
213 227
213 146
207 146
207 164
208 164
208 191
199 191
199 174
191 174
191 170
189 170
189 126
183 126
183 67
192 67
192 95
198 95
198 57
200 57
200 47
195 47
195 54
187 54
187 44
184 44
184 39
218 39
218 96
222 96
222 83
224 83
224 142
223 142
223 153
225 153
225 64
227 64
227 23
221 23
221 79
220 79
220 90
219 90
219 33
190 33
190 32
217 32
217 19
201 19
201 17
193 17
193 14
186 14
186 35
179 35
179 13
172 13
172 30
176 30
176 56
173 56
173 70
177 70
177 150
175 150
175 143
174 143
174 185
178 185
178 74
180 74
180 53
182 53
182 163
185 163
185 207
194 207
194 202
188 202
188 196
196 196
196 203
202 203
202 218
197 218
197 231
181 231
181 233
171 233
171 229
166 229
166 205
170 205
170 122
169 122
169 91
156 91
156 86
147 86
147 84
155 84
155 82
137 82
137 61
136 61
136 80
133 80
133 63
