78
164 748
164 745
127 745
127 451
116 451
116 153
149 153
149 215
162 215
162 20
93 20
93 19
49 19
49 16
73 16
73 11
9 11
9 83
6 83
6 41
8 41
8 13
7 13
7 7
1 7
1 261
5 261
5 145
3 145
3 182
2 182
2 59
4 59
4 91
10 91
10 15
21 15
21 14
44 14
44 22
35 22
35 24
67 24
67 27
75 27
75 26
161 26
161 77
160 77
160 204
157 204
157 149
110 149
110 196
115 196
115 404
113 404
113 543
125 543
125 737
124 737
124 625
120 625
120 741
99 741
99 596
98 596
98 676
97 676
97 710
91 710
91 749
140 749
140 747
150 747
150 750
289 750
289 748
