128
164 748
164 745
127 745
127 451
116 451
116 153
149 153
149 215
162 215
162 20
93 20
93 19
49 19
49 16
73 16
73 11
9 11
9 83
6 83
6 41
8 41
8 13
7 13
7 7
1 7
1 261
5 261
5 145
3 145
3 182
2 182
2 59
4 59
4 91
10 91
10 15
21 15
21 14
44 14
44 22
35 22
35 24
67 24
67 27
75 27
75 26
161 26
161 77
160 77
160 204
157 204
157 149
110 149
110 196
115 196
115 404
113 404
113 543
125 543
125 737
124 737
124 625
120 625
120 741
99 741
99 596
98 596
98 676
97 676
97 710
91 710
91 749
140 749
140 747
150 747
150 750
221 750
221 753
183 753
183 754
81 754
81 679
87 679
87 648
88 648
88 731
90 731
90 674
89 674
89 475
85 475
85 493
86 493
86 670
80 670
80 830
78 830
78 760
74 760
74 784
70 784
70 787
64 787
64 826
71 826
71 894
69 894
69 871
65 871
65 911
63 911
63 765
62 765
62 879
50 879
50 899
53 899
53 939
72 939
72 833
84 833
84 777
83 777
83 762
226 762
226 751
289 751
289 748
