2246
530 1
530 5
536 5
536 82
559 82
559 136
592 136
592 127
580 127
580 124
693 124
693 129
614 129
614 132
679 132
679 140
615 140
615 146
583 146
583 154
641 154
641 151
663 151
663 143
674 143
674 155
611 155
611 165
625 165
625 177
635 177
635 184
633 184
633 236
629 236
629 241
591 241
591 373
585 373
585 433
632 433
632 430
603 430
603 429
740 429
740 435
638 435
638 440
624 440
624 441
646 441
646 442
667 442
667 449
642 449
642 453
621 453
621 460
626 460
626 461
651 461
651 470
677 470
677 463
706 463
706 473
708 473
708 462
713 462
713 444
686 444
686 439
743 439
743 437
734 437
734 436
763 436
763 332
760 332
760 290
762 290
762 107
765 107
765 353
767 353
767 500
777 500
777 548
778 548
778 490
775 490
775 457
769 457
769 361
794 361
794 349
792 349
792 347
796 347
796 431
798 431
798 476
797 476
797 482
795 482
795 681
788 681
788 677
786 677
786 682
799 682
799 366
807 366
807 413
803 413
803 622
801 622
801 448
800 448
800 727
771 727
771 723
721 723
721 715
719 715
719 686
722 686
722 689
727 689
727 685
712 685
712 693
656 693
656 719
552 719
552 707
567 707
567 695
556 695
556 683
578 683
578 646
569 646
569 668
516 668
516 652
453 652
453 654
446 654
446 662
423 662
423 541
424 541
424 618
432 618
432 258
433 258
433 325
437 325
437 524
444 524
444 409
454 409
454 388
457 388
457 216
458 216
458 418
465 418
465 352
469 352
469 301
467 301
467 202
463 202
463 53
462 53
462 173
459 173
459 116
456 116
456 329
450 329
450 225
448 225
448 67
461 67
461 64
438 64
438 42
436 42
436 84
447 84
447 319
443 319
443 466
442 466
442 359
440 359
440 306
435 306
435 150
431 150
431 609
427 609
427 503
420 503
420 639
409 639
409 640
387 640
387 552
391 552
391 507
415 507
415 415
417 415
417 365
412 365
412 270
308 270
308 269
352 269
352 267
347 267
347 264
321 264
321 259
392 259
392 254
307 254
307 227
316 227
316 220
238 220
238 322
237 322
237 239
235 239
235 324
234 324
234 291
232 291
232 183
231 183
231 168
229 168
229 339
213 339
213 340
230 340
230 372
240 372
240 311
242 311
242 374
271 374
271 421
319 421
319 438
310 438
310 487
294 487
294 508
268 508
268 512
300 512
300 520
303 520
303 531
256 531
256 535
309 535
309 538
249 538
249 568
224 568
224 474
222 474
222 599
252 599
252 597
257 597
257 649
253 649
253 645
218 645
218 647
216 647
216 655
225 655
225 656
287 656
287 666
280 666
280 672
285 672
285 744
269 744
269 746
196 746
196 748
164 748
164 745
127 745
127 451
116 451
116 153
149 153
149 215
162 215
162 20
93 20
93 19
49 19
49 16
73 16
73 11
9 11
9 83
6 83
6 41
8 41
8 13
7 13
7 7
1 7
1 261
5 261
5 145
3 145
3 182
2 182
2 59
4 59
4 91
10 91
10 15
21 15
21 14
44 14
44 22
35 22
35 24
67 24
67 27
75 27
75 26
161 26
161 77
160 77
160 204
157 204
157 149
110 149
110 196
115 196
115 404
113 404
113 543
125 543
125 737
124 737
124 625
120 625
120 741
99 741
99 596
98 596
98 676
97 676
97 710
91 710
91 749
140 749
140 747
150 747
150 750
221 750
221 753
183 753
183 754
81 754
81 679
87 679
87 648
88 648
88 731
90 731
90 674
89 674
89 475
85 475
85 493
86 493
86 670
80 670
80 830
78 830
78 760
74 760
74 784
70 784
70 787
64 787
64 826
71 826
71 894
69 894
69 871
65 871
65 911
63 911
63 752
55 752
55 726
59 726
59 509
60 509
60 544
61 544
61 479
58 479
58 697
57 697
57 592
56 592
56 486
37 486
37 577
30 577
30 624
32 624
32 636
23 636
23 641
41 641
41 621
43 621
43 690
42 690
42 756
40 756
40 773
38 773
38 779
36 779
36 764
27 764
27 740
33 740
33 700
16 700
16 738
22 738
22 721
24 721
24 780
25 780
25 775
28 775
28 821
29 821
29 869
31 869
31 874
34 874
34 890
18 890
18 889
12 889
12 875
11 875
11 897
13 897
13 909
17 909
17 942
14 942
14 1013
26 1013
26 1011
19 1011
19 946
20 946
20 900
39 900
39 903
46 903
46 803
45 803
45 724
47 724
47 489
52 489
52 574
51 574
51 765
62 765
62 879
50 879
50 899
53 899
53 999
48 999
48 1034
66 1034
66 1030
77 1030
77 1035
92 1035
92 1074
95 1074
95 1033
119 1033
119 1019
132 1019
132 1042
143 1042
143 1046
190 1046
190 1039
178 1039
178 1043
172 1043
172 1016
163 1016
163 1015
148 1015
148 1012
142 1012
142 1014
54 1014
54 975
96 975
96 968
105 968
105 962
192 962
192 980
182 980
182 992
133 992
133 987
147 987
147 984
134 984
134 983
112 983
112 988
128 988
128 995
170 995
170 1009
195 1009
195 970
198 970
198 1007
210 1007
210 944
211 944
211 932
202 932
202 919
144 919
144 925
175 925
175 935
139 935
139 913
191 913
191 915
207 915
207 912
209 912
209 891
200 891
200 908
117 908
117 921
107 921
107 933
108 933
108 953
111 953
111 941
184 941
184 961
114 961
114 954
101 954
101 958
68 958
68 948
94 948
94 939
72 939
72 833
82 833
82 863
84 863
84 777
83 777
83 762
226 762
226 751
239 751
239 767
245 767
245 769
262 769
262 758
272 758
272 785
273 785
273 1080
254 1080
254 1036
258 1036
258 1045
260 1045
260 1017
255 1017
255 1018
251 1018
251 1062
247 1062
247 1086
334 1086
334 1077
306 1077
306 1067
350 1067
350 1082
351 1082
351 1092
349 1092
349 1102
236 1102
236 1103
348 1103
348 1121
337 1121
337 1106
270 1106
270 1122
322 1122
322 1125
345 1125
345 1148
214 1148
214 1144
203 1144
203 1142
201 1142
201 1101
204 1101
204 1139
206 1139
206 1096
212 1096
212 1130
228 1130
228 1119
217 1119
217 1113
215 1113
215 1093
208 1093
208 1090
219 1090
219 1089
233 1089
233 1079
227 1079
227 1088
220 1088
220 1081
199 1081
199 1149
223 1149
223 1152
365 1152
365 1138
375 1138
375 1137
541 1137
541 1124
555 1124
555 1132
558 1132
558 1127
595 1127
595 1140
607 1140
607 1146
557 1146
557 1147
584 1147
584 1154
587 1154
587 1175
586 1175
586 1176
581 1176
581 1182
588 1182
588 1150
617 1150
617 1187
613 1187
613 1188
573 1188
573 1193
609 1193
609 1216
577 1216
577 1223
579 1223
579 1218
605 1218
605 1241
647 1241
647 1242
702 1242
702 1246
741 1246
741 1245
787 1245
787 1249
790 1249
790 1244
746 1244
746 1243
744 1243
744 1240
637 1240
637 1234
732 1234
732 1183
736 1183
736 1174
725 1174
725 1173
962 1173
962 1177
970 1177
970 1179
995 1179
995 1194
984 1194
984 1199
968 1199
968 1192
916 1192
916 1186
853 1186
853 1185
818 1185
818 1189
845 1189
845 1190
889 1190
889 1191
884 1191
884 1197
926 1197
926 1200
1004 1200
1004 1178
1010 1178
1010 1172
723 1172
723 1153
731 1153
731 1171
1066 1171
1066 1202
1062 1202
1062 1203
1125 1203
1125 1208
903 1208
903 1209
921 1209
921 1212
1031 1212
1031 1230
1030 1230
1030 1228
1027 1228
1027 1214
1026 1214
1026 1215
985 1215
985 1225
989 1225
989 1238
980 1238
980 1237
917 1237
917 1239
1057 1239
1057 1236
1032 1236
1032 1210
1058 1210
1058 1226
1108 1226
1108 1235
1110 1235
1110 1213
1132 1213
1132 1229
1135 1229
1135 1231
1176 1231
1176 1232
1126 1232
1126 1233
1199 1233
1199 1247
1193 1247
1193 1248
1200 1248
1200 1224
1134 1224
1134 1221
1218 1221
1218 1250
1219 1250
1219 1205
1180 1205
1180 1217
1163 1217
1163 1219
1161 1219
1161 1204
1133 1204
1133 1201
1116 1201
1116 1196
1095 1196
1095 1195
1089 1195
1089 1184
1123 1184
1123 1118
1138 1118
1138 1097
1124 1097
1124 1049
1129 1049
1129 1057
1221 1057
1221 1061
1250 1061
1250 1058
1245 1058
1245 1060
1223 1060
1223 1048
1215 1048
1215 1041
1183 1041
1183 1032
1220 1032
1220 1031
1160 1031
1160 1026
1152 1026
1152 1024
1149 1024
1149 1025
1109 1025
1109 1022
1021 1022
1021 1020
1075 1020
1075 963
1071 963
1071 936
1072 936
1072 839
1074 839
1074 930
1076 930
1076 929
1090 929
1090 888
1080 888
1080 883
1083 883
1083 878
1093 878
1093 843
1092 843
1092 776
1088 776
1088 831
1064 831
1064 880
1065 880
1065 938
1070 938
1070 1010
1059 1010
1059 1001
1012 1001
1012 1004
997 1004
997 947
996 947
996 796
1002 796
1002 806
1006 806
1006 688
1005 688
1005 708
998 708
998 605
999 605
999 515
1001 515
1001 446
1000 446
1000 419
1008 419
1008 514
1011 514
1011 452
1016 452
1016 540
1052 540
1052 547
1060 547
1060 549
1055 549
1055 616
1078 616
1078 623
1158 623
1158 613
1242 613
1242 627
1247 627
1247 699
1235 699
1235 703
1237 703
1237 763
1239 763
1239 771
1234 771
1234 781
1229 781
1229 882
1230 882
1230 895
1228 895
1228 898
1236 898
1236 804
1238 804
1238 927
1244 927
1244 834
1241 834
1241 815
1243 815
1243 772
1240 772
1240 705
1248 705
1248 692
1249 692
1249 619
1246 619
1246 612
1146 612
1146 620
1097 620
1097 602
1073 602
1073 598
1077 598
1077 594
1084 594
1084 569
1121 569
1121 563
1142 563
1142 564
1191 564
1191 573
1175 573
1175 565
1162 565
1162 571
1157 571
1157 576
1212 576
1212 579
1137 579
1137 587
1136 587
1136 588
1128 588
1128 593
1151 593
1151 585
1155 585
1155 595
1198 595
1198 590
1232 590
1232 584
1233 584
1233 522
1231 522
1231 526
1227 526
1227 506
1211 506
1211 502
1187 502
1187 505
1177 505
1177 181
1172 181
1172 156
1178 156
1178 85
1165 85
1165 43
1169 43
1169 38
1173 38
1173 37
1156 37
1156 35
1171 35
1171 29
1179 29
1179 104
1185 104
1185 96
1192 96
1192 363
1188 363
1188 318
1189 318
1189 189
1184 189
1184 383
1190 383
1190 399
1194 399
1194 382
1217 382
1217 376
1195 376
1195 355
1214 355
1214 334
1203 334
1203 299
1206 299
1206 302
1207 302
1207 288
1202 288
1202 263
1210 263
1210 93
1213 93
1213 71
1216 71
1216 23
1201 23
1201 62
1197 62
1197 166
1208 166
1208 223
1204 223
1204 250
1196 250
1196 90
1186 90
1186 57
1182 57
1182 17
1166 17
1166 25
1130 25
1130 40
1111 40
1111 30
1099 30
1099 99
1102 99
1102 68
1103 68
1103 72
1127 72
1127 45
1141 45
1141 70
1139 70
1139 144
1140 144
1140 112
1147 112
1147 159
1145 159
1145 272
1144 272
1144 295
1143 295
1143 309
1148 309
1148 152
1150 152
1150 46
1154 46
1154 88
1159 88
1159 39
1164 39
1164 312
1167 312
1167 358
1168 358
1168 110
1170 110
1170 192
1174 192
1174 510
1181 510
1181 527
1222 527
1222 519
1224 519
1224 545
1226 545
1226 550
1225 550
1225 575
1205 575
1205 567
1209 567
1209 562
1087 562
1087 561
1086 561
1086 560
1153 560
1153 553
1113 553
1113 556
1096 556
1096 555
1082 555
1082 546
1081 546
1081 581
1068 581
1068 604
1067 604
1067 591
1063 591
1063 537
1054 537
1054 533
1028 533
1028 532
1025 532
1025 469
1019 469
1019 434
1017 434
1017 403
1044 403
1044 371
1047 371
1047 303
1041 303
1041 121
1056 121
1056 135
1053 135
1053 198
1079 198
1079 186
1061 186
1061 89
1051 89
1051 44
1050 44
1050 48
1048 48
1048 113
1045 113
1045 117
1040 117
1040 385
1043 385
1043 391
1039 391
1039 87
1037 87
1037 276
1036 276
1036 73
1034 73
1034 212
1029 212
1029 252
1033 252
1033 313
1035 313
1035 364
1038 364
1038 392
1022 392
1022 305
1024 305
1024 193
1023 193
1023 283
1020 283
1020 393
1015 393
1015 410
1014 410
1014 406
1003 406
1003 357
1009 357
1009 333
987 333
987 455
969 455
969 454
981 454
981 426
966 426
966 262
967 262
967 203
972 203
972 195
971 195
971 176
960 176
960 205
952 205
952 243
950 243
950 208
947 208
947 187
939 187
939 217
946 217
946 337
949 337
949 360
951 360
951 316
954 316
954 292
955 292
955 480
945 480
945 484
941 484
941 481
930 481
930 600
929 600
929 628
922 628
922 634
923 634
923 717
925 717
925 739
927 739
927 713
928 713
928 733
937 733
937 729
938 729
938 706
934 706
934 694
948 694
948 691
924 691
924 632
935 632
935 657
942 657
942 653
943 653
943 629
940 629
940 572
933 572
933 614
931 614
931 589
932 589
932 534
944 534
944 513
936 513
936 495
953 495
953 497
956 497
956 296
957 296
957 226
958 226
958 400
961 400
961 233
964 233
964 199
965 199
965 458
974 458
974 459
991 459
991 411
994 411
994 702
993 702
993 766
990 766
990 893
983 893
983 768
978 768
978 853
976 853
976 757
975 757
975 792
973 792
973 896
988 896
988 916
979 916
979 928
982 928
982 940
986 940
986 996
992 996
992 1005
1042 1005
1042 1002
1046 1002
1046 1008
1013 1008
1013 1021
1018 1021
1018 1023
1107 1023
1107 1040
1112 1040
1112 1029
1131 1029
1131 1038
1115 1038
1115 1053
1119 1053
1119 1054
1117 1054
1117 1068
1122 1068
1122 1126
1120 1126
1120 1158
1118 1158
1118 1095
1105 1095
1105 1085
1100 1085
1100 1104
1094 1104
1094 1087
1098 1087
1098 1078
1091 1078
1091 1065
1085 1065
1085 1107
1101 1107
1101 1100
1104 1100
1104 1151
1106 1151
1106 1115
1114 1115
1114 1181
1069 1181
1069 1170
1049 1170
1049 1165
977 1165
977 1164
919 1164
919 1161
758 1161
758 1159
963 1159
963 1094
959 1094
959 1155
739 1155
739 1156
754 1156
754 1162
918 1162
918 1167
1007 1167
1007 1169
779 1169
779 1168
737 1168
737 1135
716 1135
716 1109
724 1109
724 1123
730 1123
730 1105
726 1105
726 1091
701 1091
701 1143
720 1143
720 1220
715 1220
715 1160
705 1160
705 1163
700 1163
700 1133
694 1133
694 1157
695 1157
695 1180
714 1180
714 1227
660 1227
660 1222
678 1222
678 1211
662 1211
662 1207
620 1207
620 1114
610 1114
610 1099
664 1099
664 1110
659 1110
659 1166
655 1166
655 1206
669 1206
669 1198
680 1198
680 1145
666 1145
666 1128
672 1128
672 1098
548 1098
548 1108
572 1108
572 1111
545 1111
545 1112
553 1112
553 1117
439 1117
439 1116
398 1116
398 1120
526 1120
526 1129
537 1129
537 1131
416 1131
416 1134
429 1134
429 1136
360 1136
360 1141
354 1141
354 1083
379 1083
379 1073
455 1073
455 1071
506 1071
506 1072
511 1072
511 1075
527 1075
527 1076
547 1076
547 1069
563 1069
563 1044
542 1044
542 1050
507 1050
507 1037
505 1037
505 1051
489 1051
489 1047
470 1047
470 1028
460 1028
460 1052
525 1052
525 1056
533 1056
533 1059
562 1059
562 1063
384 1063
384 1027
370 1027
370 1055
380 1055
380 1064
540 1064
540 1070
372 1070
372 1066
304 1066
304 1084
275 1084
275 1000
277 1000
277 884
274 884
274 770
283 770
283 950
282 950
282 997
291 997
291 973
292 973
292 877
290 877
290 943
284 943
284 814
289 814
289 687
301 687
301 664
314 664
314 716
318 716
318 789
320 789
320 861
449 861
449 859
568 859
568 849
543 849
543 825
561 825
561 824
652 824
652 823
497 823
497 819
546 819
546 808
673 808
673 813
689 813
689 810
733 810
733 822
703 822
703 865
570 865
570 914
589 914
589 937
761 937
761 931
608 931
608 923
690 923
690 918
616 918
616 917
600 917
600 906
596 906
596 934
594 934
594 907
571 907
571 868
704 868
704 837
717 837
717 872
759 872
759 862
735 862
735 842
791 842
791 841
764 841
764 836
711 836
711 832
773 832
773 828
738 828
738 817
823 817
823 840
817 840
817 848
815 848
815 867
822 867
822 870
829 870
829 985
808 985
808 974
806 974
806 972
819 972
819 971
824 971
824 966
793 966
793 955
783 955
783 956
781 956
781 945
780 945
780 960
774 960
774 886
770 886
770 951
772 951
772 977
789 977
789 986
574 986
574 982
521 982
521 978
529 978
529 959
503 959
503 952
479 952
479 976
468 976
468 967
466 967
466 964
452 964
452 979
451 979
451 994
480 994
480 981
517 981
517 989
820 989
820 991
834 991
834 990
837 990
837 926
899 926
899 910
871 910
871 905
905 905
905 1003
906 1003
906 1006
920 1006
920 993
913 993
913 969
912 969
912 965
910 965
910 998
909 998
909 920
908 920
908 904
860 904
860 924
851 924
851 901
846 901
846 892
915 892
915 881
914 881
914 887
874 887
874 885
890 885
890 876
904 876
904 864
892 864
892 873
848 873
848 866
849 866
849 844
865 844
865 838
879 838
879 820
887 820
887 816
911 816
911 795
907 795
907 811
878 811
878 835
859 835
859 827
847 827
847 788
844 788
844 922
835 922
835 949
833 949
833 902
832 902
832 845
831 845
831 957
830 957
830 812
749 812
749 807
676 807
676 802
601 802
601 805
566 805
566 801
661 801
661 800
683 800
683 799
532 799
532 818
504 818
504 809
518 809
518 797
478 797
478 794
401 794
401 793
367 793
367 791
528 791
528 786
508 786
508 790
344 790
344 798
487 798
487 829
493 829
493 846
538 846
538 856
535 856
535 855
534 855
534 850
355 850
355 851
434 851
434 852
486 852
486 854
376 854
376 857
464 857
464 858
419 858
419 860
330 860
330 783
335 783
335 782
356 782
356 778
339 778
339 663
341 663
341 714
353 714
353 684
346 684
346 661
343 661
343 633
358 633
358 626
359 626
359 696
363 696
363 630
366 630
366 650
368 650
368 678
377 678
377 611
371 611
371 615
361 615
361 607
340 607
340 583
342 583
342 582
362 582
362 580
357 580
357 578
338 578
338 774
332 774
332 759
333 759
333 711
331 711
331 761
328 761
328 847
326 847
326 644
264 644
264 637
263 637
263 638
259 638
259 542
299 542
299 551
325 551
325 521
323 521
323 518
336 518
336 468
313 468
313 456
329 456
329 420
288 420
288 370
248 370
248 320
244 320
244 297
243 297
243 238
246 238
246 232
241 232
241 221
293 221
293 228
298 228
298 256
296 256
296 265
281 265
281 275
266 275
266 293
374 293
374 286
276 286
276 289
267 289
267 284
295 284
295 271
302 271
302 274
382 274
382 278
407 278
407 317
411 317
411 496
405 496
405 450
393 450
393 447
397 447
397 443
390 443
390 516
386 516
386 643
418 643
418 659
413 659
413 658
406 658
406 665
441 665
441 669
428 669
428 671
498 671
498 660
502 660
502 673
560 673
560 675
539 675
539 680
531 680
531 709
551 709
551 722
670 722
670 720
657 720
657 718
665 718
665 698
707 698
707 712
718 712
718 725
748 725
748 730
776 730
776 735
840 735
840 631
838 631
838 557
836 557
836 635
839 635
839 734
784 734
784 728
825 728
825 667
826 667
826 651
827 651
827 732
828 732
828 642
821 642
821 701
816 701
816 704
804 704
804 610
805 610
805 483
811 483
811 432
814 432
814 423
810 423
810 380
809 380
809 378
813 378
813 375
812 375
812 356
802 356
802 336
785 336
785 338
766 338
766 103
782 103
782 97
841 97
841 105
842 105
842 109
850 109
850 100
854 100
854 314
857 314
857 280
855 280
855 108
864 108
864 119
862 119
862 231
869 231
869 242
877 242
877 273
872 273
872 368
883 368
883 394
895 394
895 427
891 427
891 511
888 511
888 467
885 467
885 504
882 504
882 517
881 517
881 485
880 485
880 478
876 478
876 498
875 498
875 523
894 523
894 554
870 554
870 465
852 465
852 464
843 464
843 472
856 472
856 491
858 491
858 492
861 492
861 558
863 558
863 755
866 755
866 539
868 539
868 566
897 566
897 530
898 530
898 608
901 608
901 570
900 570
900 559
902 559
902 477
896 477
896 327
873 327
873 304
886 304
886 180
867 180
867 125
893 125
893 95
768 95
768 94
756 94
756 137
753 137
753 139
729 139
729 134
742 134
742 126
745 126
745 111
728 111
728 147
747 147
747 175
751 175
751 162
750 162
750 148
755 148
755 141
757 141
757 425
752 425
752 424
681 424
681 428
590 428
590 417
599 417
599 402
618 402
618 401
628 401
628 396
649 396
649 405
698 405
698 341
697 341
697 345
696 345
696 387
692 387
692 377
688 377
688 335
682 335
682 362
687 362
687 386
631 386
631 354
671 354
671 343
627 343
627 346
622 346
622 379
623 379
623 395
612 395
612 384
606 384
606 381
598 381
598 416
597 416
597 279
602 279
602 308
630 308
630 282
619 282
619 300
604 300
604 251
675 251
675 260
634 260
634 277
658 277
658 287
684 287
684 281
685 281
685 229
648 229
648 245
668 245
668 248
636 248
636 235
643 235
643 211
644 211
644 191
640 191
640 172
639 172
639 169
645 169
645 206
654 206
654 178
653 178
653 164
650 164
650 158
691 158
691 163
699 163
699 142
709 142
709 128
710 128
710 123
593 123
593 122
576 122
576 131
564 131
564 74
544 74
544 69
565 69
565 54
582 54
582 28
575 28
575 51
554 51
554 50
550 50
550 21
549 21
549 1
