662
164 748
164 745
127 745
127 451
116 451
116 153
149 153
149 215
162 215
162 20
93 20
93 19
49 19
49 16
73 16
73 11
9 11
9 83
6 83
6 41
8 41
8 13
7 13
7 7
1 7
1 261
5 261
5 145
3 145
3 182
2 182
2 59
4 59
4 91
10 91
10 15
21 15
21 14
44 14
44 22
35 22
35 24
67 24
67 27
75 27
75 26
161 26
161 77
160 77
160 204
157 204
157 149
110 149
110 196
115 196
115 404
113 404
113 543
125 543
125 737
124 737
124 625
120 625
120 741
99 741
99 596
98 596
98 676
97 676
97 710
91 710
91 749
140 749
140 747
150 747
150 750
221 750
221 753
183 753
183 754
81 754
81 679
87 679
87 648
88 648
88 731
90 731
90 674
89 674
89 475
85 475
85 493
86 493
86 670
80 670
80 830
78 830
78 760
74 760
74 784
70 784
70 787
64 787
64 826
71 826
71 894
69 894
69 871
65 871
65 911
63 911
63 752
55 752
55 726
59 726
59 509
60 509
60 544
61 544
61 479
58 479
58 697
57 697
57 592
56 592
56 486
37 486
37 577
30 577
30 624
32 624
32 636
23 636
23 641
41 641
41 621
43 621
43 690
42 690
42 756
40 756
40 773
38 773
38 779
36 779
36 764
27 764
27 740
33 740
33 700
16 700
16 738
22 738
22 721
24 721
24 780
25 780
25 775
28 775
28 821
29 821
29 869
31 869
31 874
34 874
34 890
18 890
18 889
12 889
12 875
11 875
11 897
13 897
13 909
17 909
17 942
14 942
14 1013
26 1013
26 1011
19 1011
19 946
20 946
20 900
39 900
39 903
46 903
46 803
45 803
45 724
47 724
47 489
52 489
52 574
51 574
51 765
62 765
62 879
50 879
50 899
53 899
53 999
48 999
48 1034
66 1034
66 1030
77 1030
77 1035
92 1035
92 1074
95 1074
95 1033
119 1033
119 1019
132 1019
132 1042
143 1042
143 1046
190 1046
190 1039
178 1039
178 1043
172 1043
172 1016
163 1016
163 1015
148 1015
148 1012
142 1012
142 1014
54 1014
54 975
96 975
96 968
105 968
105 962
192 962
192 980
182 980
182 992
133 992
133 987
147 987
147 984
134 984
134 983
112 983
112 988
128 988
128 995
170 995
170 1009
195 1009
195 970
198 970
198 1007
210 1007
210 944
211 944
211 932
202 932
202 919
144 919
144 925
175 925
175 935
139 935
139 913
191 913
191 915
207 915
207 912
209 912
209 891
200 891
200 908
117 908
117 921
107 921
107 933
108 933
108 953
111 953
111 941
184 941
184 961
114 961
114 954
101 954
101 958
68 958
68 948
94 948
94 939
72 939
72 833
82 833
82 863
84 863
84 777
83 777
83 762
226 762
226 751
239 751
239 767
245 767
245 769
262 769
262 758
272 758
272 785
273 785
273 1080
254 1080
254 1036
258 1036
258 1045
260 1045
260 1017
255 1017
255 1018
251 1018
251 1062
247 1062
247 1086
334 1086
334 1077
306 1077
306 1067
350 1067
350 1082
351 1082
351 1092
349 1092
349 1102
236 1102
236 1103
348 1103
348 1121
337 1121
337 1106
270 1106
270 1122
322 1122
322 1125
345 1125
345 1148
214 1148
214 1144
203 1144
203 1142
201 1142
201 1101
204 1101
204 1139
206 1139
206 1096
212 1096
212 1130
228 1130
228 1119
217 1119
217 1113
215 1113
215 1093
208 1093
208 1090
219 1090
219 1089
233 1089
233 1079
227 1079
227 1088
220 1088
220 1081
199 1081
199 1149
223 1149
223 1152
365 1152
365 1138
375 1138
375 1137
541 1137
541 1124
555 1124
555 1132
558 1132
558 1127
595 1127
595 1140
607 1140
607 1146
557 1146
557 1147
584 1147
584 1154
587 1154
587 1175
586 1175
586 1176
581 1176
581 1182
588 1182
588 1150
617 1150
617 1187
613 1187
613 1188
573 1188
573 1193
609 1193
609 1216
577 1216
577 1223
579 1223
579 1218
605 1218
605 1241
647 1241
647 1242
702 1242
702 1246
741 1246
741 1245
787 1245
787 1249
790 1249
790 1244
746 1244
746 1243
744 1243
744 1240
637 1240
637 1234
732 1234
732 1183
736 1183
736 1174
725 1174
725 1173
962 1173
962 1177
970 1177
970 1179
995 1179
995 1194
984 1194
984 1199
968 1199
968 1192
916 1192
916 1186
853 1186
853 1185
818 1185
818 1189
845 1189
845 1190
889 1190
889 1191
884 1191
884 1197
926 1197
926 1200
1004 1200
1004 1178
1010 1178
1010 1172
723 1172
723 1153
731 1153
731 1171
1066 1171
1066 1202
1062 1202
1062 1203
1125 1203
1125 1208
903 1208
903 1209
921 1209
921 1212
1031 1212
1031 1230
1030 1230
1030 1228
1027 1228
1027 1214
1026 1214
1026 1215
985 1215
985 1225
989 1225
989 1238
980 1238
980 1237
917 1237
917 1239
1057 1239
1057 1236
1032 1236
1032 1210
1058 1210
1058 1226
1108 1226
1108 1235
1110 1235
1110 1213
1132 1213
1132 1229
1135 1229
1135 1231
1176 1231
1176 1232
1126 1232
1126 1233
1199 1233
1199 1247
1193 1247
1193 1248
1200 1248
1200 1224
1134 1224
1134 1221
1218 1221
1218 1250
1219 1250
1219 1205
1180 1205
1180 1217
1163 1217
1163 1219
1161 1219
1161 1204
1133 1204
1133 1201
1116 1201
1116 1196
1095 1196
1095 1195
1089 1195
1089 1184
1123 1184
1123 1118
1138 1118
1138 1097
1124 1097
1124 1049
1129 1049
1129 1057
1221 1057
1221 1061
1250 1061
1250 1058
1245 1058
1245 1060
1223 1060
1223 1048
1215 1048
1215 1041
1183 1041
1183 1032
1220 1032
1220 1031
1160 1031
1160 1026
1152 1026
1152 1025
1109 1025
1109 1022
1021 1022
1021 1020
1075 1020
1075 963
1071 963
1071 936
1072 936
1072 839
1074 839
1074 843
1092 843
1092 831
1064 831
1064 880
1065 880
1065 938
1070 938
1070 1010
1013 1010
1013 1021
1018 1021
1018 1023
1107 1023
1107 1040
1112 1040
1112 1029
1131 1029
1131 1038
1115 1038
1115 1053
1119 1053
1119 1054
1117 1054
1117 1068
1122 1068
1122 1126
1120 1126
1120 1158
1114 1158
1114 1181
1069 1181
1069 1170
1049 1170
1049 1169
779 1169
779 1168
737 1168
737 1143
720 1143
720 1220
714 1220
714 1227
660 1227
660 1222
678 1222
678 1211
662 1211
662 1207
620 1207
620 1120
526 1120
526 1129
537 1129
537 1131
416 1131
416 1134
429 1134
429 1136
360 1136
360 1141
354 1141
354 1083
379 1083
379 1073
455 1073
455 1071
547 1071
547 1070
372 1070
372 1066
304 1066
304 1084
275 1084
275 1000
277 1000
277 884
274 884
274 770
289 770
289 748
