172
3 32
3 30
1 30
1 47
14 47
14 64
12 64
12 101
15 101
15 106
38 106
38 111
42 111
42 105
70 105
70 113
53 113
53 120
36 120
36 129
28 129
28 139
17 139
17 141
35 141
35 140
44 140
44 136
68 136
68 132
67 132
67 134
63 134
63 125
78 125
78 121
62 121
62 135
37 135
37 126
55 126
55 114
75 114
75 107
93 107
93 110
135 110
135 112
175 112
175 115
117 115
117 119
92 119
92 130
86 130
86 175
83 175
83 181
79 181
79 180
77 180
77 182
80 182
80 183
73 183
73 191
76 191
76 193
84 193
84 176
100 176
100 173
113 173
113 169
130 169
130 158
122 158
122 154
144 154
144 155
132 155
132 168
137 168
137 162
147 162
147 160
151 160
151 147
146 147
146 148
136 148
136 153
116 153
116 161
119 161
119 164
109 164
109 146
131 146
131 144
104 144
104 167
108 167
108 172
101 172
101 151
94 151
94 142
88 142
88 138
87 138
87 131
99 131
99 137
127 137
127 127
126 127
126 128
102 128
102 124
123 124
123 116
134 116
134 117
170 117
170 118
174 118
174 133
169 133
169 123
165 123
165 143
164 143
164 166
167 166
167 149
177 149
177 145
176 145
176 109
120 109
120 108
128 108
128 104
16 104
16 103
29 103
29 102
39 102
39 100
13 100
13 97
56 97
56 96
43 96
43 93
30 93
30 83
25 83
25 72
21 72
21 48
18 48
18 45
32 45
32 44
11 44
11 43
8 43
8 36
7 36
7 32
