664
330 1
330 3
332 3
332 5
331 5
331 16
333 16
333 10
335 10
335 62
390 62
390 34
406 34
406 46
403 46
403 50
418 50
418 61
424 61
424 48
411 48
411 43
416 43
416 42
427 42
427 89
428 89
428 35
431 35
431 103
429 103
429 139
433 139
433 84
444 84
444 40
436 40
436 24
447 24
447 12
448 12
448 21
486 21
486 310
467 310
467 356
452 356
452 361
461 361
461 379
449 379
449 392
387 392
387 412
380 412
380 380
354 380
354 359
352 359
352 347
345 347
345 339
355 339
355 337
346 337
346 329
348 329
348 321
356 321
356 308
377 308
377 302
29 302
29 316
13 316
13 314
28 314
28 307
14 307
14 144
15 144
15 292
218 292
218 289
126 289
126 283
130 283
130 280
197 280
197 279
202 279
202 278
175 278
175 277
125 277
125 237
123 237
123 233
111 233
111 202
119 202
119 200
117 200
117 190
113 190
113 177
140 177
140 169
124 169
124 167
186 167
186 162
205 162
205 96
215 96
215 87
206 87
206 74
6 74
6 69
3 69
3 8
2 8
2 6
1 6
1 82
5 82
5 75
131 75
131 76
40 76
40 79
143 79
143 88
176 88
176 90
189 90
189 86
193 86
193 81
159 81
159 83
153 83
153 80
172 80
172 78
195 78
195 158
160 158
160 155
112 155
112 143
121 143
121 128
106 128
106 159
146 159
146 160
132 160
132 163
105 163
105 164
110 164
110 207
109 207
109 229
108 229
108 252
122 252
122 275
115 275
115 274
107 274
107 288
98 288
98 225
94 225
94 219
96 219
96 179
95 179
95 174
60 174
60 156
82 156
82 141
77 141
77 136
76 136
76 153
72 153
72 100
75 100
75 99
69 99
69 107
66 107
66 135
64 135
64 134
63 134
63 140
57 140
57 108
62 108
62 97
85 97
85 94
56 94
56 131
48 131
48 204
46 204
46 216
68 216
68 199
73 199
73 197
55 197
55 194
52 194
52 175
87 175
87 223
93 223
93 240
97 240
97 264
91 264
91 290
17 290
17 276
18 276
18 251
20 251
20 138
12 138
12 209
11 209
11 98
8 98
8 215
10 215
10 217
7 217
7 227
9 227
9 324
37 324
37 326
47 326
47 331
23 331
23 333
34 333
34 335
58 335
58 351
74 351
74 368
43 368
43 398
36 398
36 399
24 399
24 485
25 485
25 432
26 432
26 431
30 431
30 429
42 429
42 454
86 454
86 457
49 457
49 458
41 458
41 459
51 459
51 464
38 464
38 475
67 475
67 473
71 473
71 460
89 460
89 453
45 453
45 446
65 446
65 424
27 424
27 408
31 408
31 423
32 423
32 405
54 405
54 391
59 391
59 388
50 388
50 389
44 389
44 382
70 382
70 390
79 390
79 420
81 420
81 433
84 433
84 401
83 401
83 385
78 385
78 370
99 370
99 435
100 435
100 430
103 430
103 422
120 422
120 425
127 425
127 428
134 428
134 421
104 421
104 404
102 404
102 376
141 376
141 377
142 377
142 386
149 386
149 375
129 375
129 373
168 373
168 387
167 387
167 406
161 406
161 437
165 437
165 442
158 442
158 450
169 450
169 474
170 474
170 468
173 468
173 479
230 479
230 480
135 480
135 481
221 481
221 482
133 482
133 500
209 500
209 499
227 499
227 497
183 497
183 496
151 496
151 498
144 498
144 495
250 495
250 488
241 488
241 491
240 491
240 494
207 494
207 493
191 493
191 490
174 490
174 492
154 492
154 489
185 489
185 487
156 487
156 486
145 486
145 484
252 484
252 483
248 483
248 478
236 478
236 476
235 476
235 448
237 448
237 463
238 463
238 449
280 449
280 469
274 469
274 472
329 472
329 471
327 471
327 470
294 470
294 465
283 465
283 467
281 467
281 447
234 447
234 444
244 444
244 441
254 441
254 438
249 438
249 434
233 434
233 477
177 477
177 415
178 415
178 452
182 452
182 413
184 413
184 381
179 381
179 365
163 365
163 353
155 353
155 352
157 352
157 338
212 338
212 343
198 343
198 344
222 344
222 427
232 427
232 426
266 426
266 414
275 414
275 418
282 418
282 362
277 362
277 360
272 360
272 369
268 369
268 354
263 354
263 340
239 340
239 341
229 341
229 363
247 363
247 358
267 358
267 371
270 371
270 374
251 374
251 378
258 378
258 394
253 394
253 409
264 409
264 410
228 410
228 336
148 336
148 364
137 364
137 366
92 366
92 357
101 357
101 346
118 346
118 342
90 342
90 348
88 348
88 367
80 367
80 345
61 345
61 334
53 334
53 323
33 323
33 304
192 304
192 305
200 305
200 311
210 311
210 309
216 309
216 303
339 303
339 306
349 306
349 315
344 315
344 372
353 372
353 393
347 393
347 411
358 411
358 439
361 439
361 419
363 419
363 383
370 383
370 407
375 407
375 416
371 416
371 436
364 436
364 461
397 461
397 462
423 462
423 466
443 466
443 456
388 456
388 455
425 455
425 445
430 445
430 443
422 443
422 451
384 451
384 440
372 440
372 417
391 417
391 403
410 403
410 396
459 396
459 397
413 397
413 402
473 402
473 395
483 395
483 400
485 400
485 350
484 350
484 328
480 328
480 317
493 317
493 312
487 312
487 214
489 214
489 212
491 212
491 285
492 285
492 221
494 221
494 320
500 320
500 235
498 235
498 189
497 189
497 241
499 241
499 260
496 260
496 85
495 85
495 115
490 115
490 203
488 203
488 17
476 17
476 9
445 9
445 19
426 19
426 31
414 31
414 25
409 25
409 45
408 45
408 13
378 13
378 15
362 15
362 29
373 29
373 20
386 20
386 14
405 14
405 26
404 26
404 33
389 33
389 36
366 36
366 41
365 41
365 55
381 55
381 60
360 60
360 56
359 56
359 49
351 49
351 58
336 58
336 4
334 4
334 2
337 2
337 18
338 18
338 52
342 52
342 28
343 28
343 22
341 22
341 7
340 7
340 1
