104
3 4
3 9
1 9
1 14
4 14
4 8
5 8
5 7
9 7
9 5
13 5
13 15
11 15
11 36
10 36
10 56
14 56
14 66
23 66
23 90
12 90
12 81
7 81
7 80
8 80
8 75
6 75
6 99
26 99
26 97
54 97
54 91
35 91
35 82
39 82
39 39
42 39
42 43
43 43
43 59
49 59
49 46
56 46
56 51
62 51
62 42
63 42
63 40
50 40
50 37
47 37
47 57
46 57
46 31
52 31
52 29
45 29
45 19
55 19
55 22
65 22
65 21
69 21
69 32
67 32
67 52
74 52
74 44
91 44
91 27
90 27
90 26
82 26
82 25
71 25
71 20
78 20
78 18
44 18
44 33
40 33
40 35
37 35
37 79
29 79
29 92
51 92
51 96
20 96
20 95
16 95
16 93
27 93
27 69
25 69
25 64
21 64
21 55
17 55
17 47
15 47
15 41
18 41
18 4
