134
12 5
12 28
14 28
14 38
11 38
11 30
5 30
5 14
3 14
3 39
10 39
10 40
13 40
13 41
17 41
17 27
15 27
15 23
18 23
18 56
24 56
24 58
26 58
26 60
96 60
96 80
95 80
95 94
75 94
75 92
93 92
93 91
90 91
90 89
86 89
86 81
50 81
50 78
1 78
1 87
4 87
4 86
7 86
7 84
16 84
16 83
9 83
9 82
32 82
32 96
27 96
27 99
33 99
33 97
36 97
36 79
37 79
37 100
43 100
43 88
42 88
42 85
70 85
70 90
66 90
66 98
91 98
91 95
99 95
99 93
98 93
98 76
97 76
97 59
64 59
64 57
57 57
57 55
19 55
19 15
20 15
20 16
22 16
22 22
23 22
23 6
34 6
34 17
40 17
40 52
45 52
45 48
55 48
55 51
69 51
69 43
71 43
71 45
72 45
72 49
77 49
77 46
78 46
78 37
80 37
80 54
100 54
100 53
92 53
92 42
85 42
85 50
84 50
84 35
83 35
83 36
68 36
68 47
46 47
46 44
44 44
44 34
51 34
51 31
63 31
63 32
87 32
87 29
94 29
94 26
41 26
41 13
38 13
38 5
