118
150 54
150 48
148 48
148 46
131 46
131 44
115 44
115 41
110 41
110 25
96 25
96 77
98 77
98 79
93 79
93 96
97 96
97 104
94 104
94 158
92 158
92 203
84 203
84 229
37 229
37 228
66 228
66 227
13 227
13 223
35 223
35 221
2 221
2 217
1 217
1 230
49 230
49 231
42 231
42 232
79 232
79 233
85 233
85 237
88 237
88 208
90 208
90 206
95 206
95 121
104 121
104 122
137 122
137 137
139 137
139 159
135 159
135 183
133 183
133 150
134 150
134 135
121 135
121 144
127 144
127 147
111 147
111 196
114 196
114 204
117 204
117 213
119 213
119 238
120 238
120 246
124 246
124 240
123 240
123 161
125 161
125 166
126 166
126 199
128 199
128 224
132 224
132 248
136 248
136 220
130 220
130 193
141 193
141 192
142 192
142 155
140 155
140 119
118 119
118 114
112 114
112 118
99 118
99 106
101 106
101 89
103 89
103 111
106 111
106 66
102 66
102 59
108 59
108 34
109 34
109 56
113 56
113 54
