360
201 1
201 14
191 14
191 5
190 5
190 20
182 20
182 17
178 17
178 18
176 18
176 21
186 21
186 28
169 28
169 35
199 35
199 30
214 30
214 15
232 15
232 26
230 26
230 38
193 38
193 65
218 65
218 107
211 107
211 69
198 69
198 80
181 80
181 81
184 81
184 83
194 83
194 90
187 90
187 98
188 98
188 100
195 100
195 85
200 85
200 102
206 102
206 124
207 124
207 141
203 141
203 145
180 145
180 117
163 117
163 126
175 126
175 131
164 131
164 140
161 140
161 157
151 157
151 129
147 129
147 109
145 109
145 73
146 73
146 67
150 67
150 48
148 48
148 46
131 46
131 44
115 44
115 41
110 41
110 22
116 22
116 19
122 19
122 24
138 24
138 12
129 12
129 11
107 11
107 23
105 23
105 2
100 2
100 25
96 25
96 77
98 77
98 79
93 79
93 96
97 96
97 104
94 104
94 158
92 158
92 203
84 203
84 229
37 229
37 228
66 228
66 202
78 202
78 189
64 189
64 209
52 209
52 103
56 103
56 99
47 99
47 164
48 164
48 207
50 207
50 225
24 225
24 227
13 227
13 223
35 223
35 221
2 221
2 217
1 217
1 230
49 230
49 231
42 231
42 232
79 232
79 233
85 233
85 237
88 237
88 208
90 208
90 206
95 206
95 121
104 121
104 122
137 122
137 137
139 137
139 159
135 159
135 183
133 183
133 150
134 150
134 135
121 135
121 144
127 144
127 147
111 147
111 196
114 196
114 204
117 204
117 213
119 213
119 238
120 238
120 246
124 246
124 240
123 240
123 161
125 161
125 166
126 166
126 199
128 199
128 224
132 224
132 248
136 248
136 220
130 220
130 193
141 193
141 192
142 192
142 155
140 155
140 119
118 119
118 114
112 114
112 118
99 118
99 106
101 106
101 89
103 89
103 111
106 111
106 66
102 66
102 59
108 59
108 34
109 34
109 56
113 56
113 54
144 54
144 97
143 97
143 173
149 173
149 172
153 172
153 176
154 176
154 170
160 170
160 200
158 200
158 218
157 218
157 186
156 186
156 235
155 235
155 216
152 216
152 250
208 250
208 245
212 245
212 247
245 247
245 101
246 101
246 125
248 125
248 108
249 108
249 88
247 88
247 86
243 86
243 191
244 191
244 244
238 244
238 242
226 242
226 239
215 239
215 241
225 241
225 243
204 243
204 249
159 249
159 214
165 214
165 178
183 178
183 179
185 179
185 182
172 182
172 184
166 184
166 201
167 201
167 215
171 215
171 198
179 198
179 226
223 226
223 236
235 236
235 234
233 234
233 205
227 205
227 180
228 180
228 163
220 163
220 210
216 210
216 222
189 222
189 212
197 212
197 195
192 195
192 197
174 197
174 194
202 194
202 190
196 190
196 171
173 171
173 160
177 160
177 156
170 156
170 167
168 167
168 168
162 168
162 146
213 146
213 133
219 133
219 64
210 64
210 47
205 47
205 45
221 45
221 51
224 51
224 58
241 58
241 33
242 33
242 29
231 29
231 27
240 27
240 6
250 6
250 4
239 4
239 8
237 8
237 16
234 16
234 13
209 13
209 10
217 10
217 9
222 9
222 7
236 7
236 3
229 3
229 1
