94
33 1
33 6
37 6
37 7
34 7
34 10
18 10
18 11
36 11
36 8
38 8
38 14
28 14
28 12
4 12
4 17
19 17
19 16
10 16
10 13
20 13
20 15
39 15
39 9
48 9
48 37
41 37
41 41
40 41
40 47
16 47
16 46
31 46
31 32
32 32
32 27
25 27
25 22
22 22
22 29
17 29
17 23
9 23
9 31
6 31
6 24
1 24
1 26
3 26
3 35
7 35
7 44
8 44
8 39
11 39
11 28
12 28
12 25
14 25
14 30
30 30
30 33
21 33
21 34
24 34
24 36
23 36
23 38
29 38
29 40
26 40
26 43
27 43
27 45
15 45
15 49
46 49
46 50
47 50
47 48
44 48
44 42
49 42
49 19
50 19
50 5
35 5
35 2
42 2
42 4
45 4
45 3
43 3
43 1
