426
303 235
303 241
315 241
315 323
310 323
310 346
300 346
300 358
267 358
267 347
226 347
226 345
275 345
275 335
291 335
291 330
294 330
294 321
214 321
214 286
231 286
231 285
235 285
235 263
256 263
256 262
276 262
276 259
270 259
270 253
16 253
16 308
4 308
4 340
5 340
5 372
11 372
11 417
12 417
12 434
9 434
9 463
8 463
8 474
7 474
7 497
1 497
1 499
2 499
2 500
3 500
3 498
10 498
10 453
13 453
13 366
15 366
15 316
19 316
19 329
17 329
17 398
21 398
21 397
24 397
24 451
54 451
54 450
31 450
31 386
30 386
30 368
29 368
29 328
28 328
28 324
27 324
27 390
18 390
18 352
20 352
20 256
91 256
91 264
90 264
90 261
59 261
59 282
67 282
67 288
85 288
85 327
81 327
81 363
79 363
79 314
71 314
71 371
70 371
70 376
74 376
74 391
80 391
80 383
88 383
88 353
89 353
89 365
98 365
98 370
92 370
92 375
103 375
103 389
101 389
101 384
96 384
96 406
99 406
99 418
83 418
83 413
84 413
84 405
86 405
86 394
69 394
69 396
72 396
72 411
76 411
76 412
56 412
56 420
100 420
100 393
105 393
105 338
87 338
87 270
97 270
97 276
120 276
120 275
122 275
122 277
108 277
108 304
115 304
115 313
137 313
137 310
138 310
138 364
143 364
143 361
149 361
149 292
150 292
150 315
151 315
151 281
156 281
156 272
148 272
148 301
131 301
131 266
113 266
113 274
102 274
102 271
104 271
104 255
64 255
64 254
237 254
237 258
223 258
223 260
194 260
194 265
212 265
212 295
213 295
213 318
195 318
195 287
187 287
187 311
177 311
177 351
176 351
176 278
165 278
165 284
159 284
159 290
160 290
160 291
172 291
172 294
169 294
169 312
166 312
166 298
161 298
161 343
164 343
164 317
171 317
171 354
179 354
179 360
199 360
199 445
204 445
204 444
218 444
218 443
201 443
201 430
200 430
200 355
190 355
190 349
185 349
185 326
183 326
183 325
193 325
193 322
290 322
290 332
271 332
271 337
264 337
264 333
253 333
253 339
202 339
202 341
234 341
234 342
241 342
241 344
220 344
220 359
297 359
297 427
309 427
309 403
308 403
308 404
302 404
302 422
301 422
301 350
316 350
316 240
318 240
318 297
325 297
325 334
331 334
331 303
352 303
352 305
366 305
366 306
341 306
341 307
361 307
361 309
347 309
347 348
342 348
342 426
333 426
333 447
339 447
339 432
343 432
343 402
344 402
344 362
348 362
348 336
371 336
371 357
356 357
356 367
350 367
350 399
357 399
357 381
358 381
358 385
373 385
373 400
376 400
376 419
384 419
384 421
386 421
386 431
394 431
394 452
389 452
389 462
354 462
354 458
335 458
335 485
336 485
336 487
255 487
255 468
236 468
236 470
203 470
203 466
238 466
238 461
192 461
192 471
140 471
140 475
228 475
228 473
184 473
184 472
251 472
251 491
254 491
254 493
93 493
93 490
77 490
77 488
162 488
162 484
225 484
225 482
239 482
239 479
144 479
144 486
94 486
94 483
82 483
82 481
130 481
130 477
128 477
128 476
123 476
123 478
55 478
55 489
63 489
63 492
75 492
75 494
245 494
245 496
277 496
277 495
345 495
345 480
351 480
351 469
346 469
346 465
454 465
454 467
479 467
479 464
499 464
499 454
493 454
493 448
500 448
500 439
497 439
497 435
452 435
452 416
453 416
453 410
406 410
406 415
448 415
448 429
427 429
427 436
484 436
484 456
421 456
421 457
451 457
451 460
437 460
437 459
399 459
399 441
401 441
401 428
403 428
403 409
396 409
396 369
378 369
378 356
380 356
380 331
383 331
383 320
385 320
385 319
372 319
372 296
329 296
329 289
320 289
320 235
