850
224 113
224 121
222 121
222 18
28 18
28 25
39 25
39 37
46 37
46 31
127 31
127 47
124 47
124 70
79 70
79 71
54 71
54 150
58 150
58 293
55 293
55 513
49 513
49 824
50 824
50 538
51 538
51 584
59 584
59 123
62 123
62 117
65 117
65 579
66 579
66 88
57 88
57 82
60 82
60 74
68 74
68 429
81 429
81 298
82 298
82 874
36 874
36 823
30 823
30 1215
31 1215
31 1227
35 1227
35 1196
33 1196
33 1066
32 1066
32 880
47 880
47 920
71 920
71 912
69 912
69 890
86 890
86 884
105 884
105 911
109 911
109 923
112 923
112 1078
99 1078
99 1111
95 1111
95 1067
87 1067
87 1128
98 1128
98 1273
29 1273
29 1290
10 1290
10 1390
9 1390
9 1471
4 1471
4 1463
1 1463
1 1503
2 1503
2 1510
13 1510
13 1488
14 1488
14 1710
15 1710
15 2006
16 2006
16 1353
12 1353
12 1331
17 1331
17 1375
19 1375
19 1462
22 1462
22 1451
24 1451
24 1450
27 1450
27 1404
26 1404
26 1299
34 1299
34 1300
48 1300
48 1324
56 1324
56 1334
63 1334
63 1333
121 1333
121 1317
114 1317
114 1325
64 1325
64 1288
67 1288
67 1284
111 1284
111 1268
113 1268
113 827
88 827
88 787
85 787
85 768
84 768
84 91
73 91
73 366
70 366
70 83
134 83
134 65
136 65
136 27
140 27
140 24
172 24
172 34
212 34
212 35
196 35
196 52
219 52
219 79
221 79
221 118
200 118
200 126
233 126
233 142
238 142
238 122
261 122
261 140
282 140
282 139
280 139
280 119
319 119
319 137
316 137
316 235
197 235
197 253
152 253
152 271
148 271
148 266
147 266
147 352
143 352
143 422
146 422
146 582
149 582
149 519
158 519
158 365
166 365
166 521
194 521
194 447
207 447
207 651
285 651
285 666
188 666
188 639
150 639
150 686
161 686
161 665
164 665
164 680
248 680
248 684
264 684
264 691
267 691
267 1022
263 1022
263 951
260 951
260 865
250 865
250 815
229 815
229 908
228 908
228 1294
218 1294
218 1233
220 1233
220 1174
223 1174
223 1042
216 1042
216 939
210 939
210 1135
206 1135
206 944
201 944
201 895
183 895
183 969
145 969
145 980
137 980
137 981
156 981
156 1082
155 1082
155 1129
151 1129
151 1127
130 1127
130 1386
138 1386
138 1269
131 1269
131 1133
181 1133
181 1077
162 1077
162 1016
163 1016
163 974
195 974
195 1151
185 1151
185 1199
198 1199
198 1367
184 1367
184 1374
178 1374
178 1326
175 1326
175 1312
173 1312
173 1376
190 1376
190 1419
189 1419
189 1417
176 1417
176 1382
174 1382
174 1412
144 1412
144 1425
153 1425
153 1422
159 1422
159 1443
170 1443
170 1458
199 1458
199 1039
204 1039
204 1380
203 1380
203 1440
213 1440
213 1435
208 1435
208 1345
205 1345
205 1267
211 1267
211 1302
246 1302
246 1292
237 1292
237 1027
239 1027
239 1219
241 1219
241 817
249 817
249 907
254 907
254 1507
265 1507
265 1512
271 1512
271 1517
295 1517
295 1514
277 1514
277 1477
292 1477
292 1437
304 1437
304 1436
300 1436
300 1357
311 1357
311 1362
338 1362
338 1356
333 1356
333 1231
330 1231
330 1106
389 1106
389 1105
354 1105
354 1103
394 1103
394 1100
412 1100
412 1085
429 1085
429 1084
560 1084
560 1069
547 1069
547 1048
603 1048
603 1064
591 1064
591 1389
590 1389
590 1361
576 1361
576 1145
574 1145
574 1226
572 1226
572 1537
565 1537
565 1550
567 1550
567 1577
580 1577
580 1520
589 1520
589 1613
593 1613
593 1181
595 1181
595 1131
602 1131
602 1470
605 1470
605 1492
618 1492
618 1352
611 1352
611 1430
604 1430
604 1083
607 1083
607 1120
610 1120
610 1293
624 1293
624 1320
619 1320
619 1349
623 1349
623 1831
612 1831
612 2308
609 2308
609 2278
577 2278
577 2260
586 2260
586 2114
584 2114
584 2074
585 2074
585 1918
587 1918
587 1884
596 1884
596 1844
598 1844
598 1764
597 1764
597 1753
592 1753
592 1754
583 1754
583 1768
579 1768
579 1894
581 1894
581 2230
578 2230
578 2107
573 2107
573 2224
570 2224
570 2189
566 2189
566 2254
571 2254
571 2305
608 2305
608 2326
622 2326
622 2369
588 2369
588 2374
569 2374
569 2384
582 2384
582 2402
563 2402
563 2356
564 2356
564 2312
546 2312
546 2304
555 2304
555 2299
556 2299
556 2268
562 2268
562 2258
544 2258
544 2209
540 2209
540 2126
539 2126
539 2265
527 2265
527 2285
536 2285
536 2347
534 2347
534 2401
410 2401
410 2395
426 2395
426 2372
435 2372
435 2386
460 2386
460 2385
518 2385
518 2156
524 2156
524 2322
525 2322
525 2151
521 2151
521 2089
515 2089
515 2380
507 2380
507 2376
496 2376
496 2358
461 2358
461 2348
408 2348
408 2190
419 2190
419 2178
421 2178
421 2226
423 2226
423 2166
416 2166
416 2113
433 2113
433 2132
432 2132
432 2204
431 2204
431 2332
471 2332
471 2329
501 2329
501 2250
510 2250
510 2133
504 2133
504 2219
498 2219
498 1979
506 1979
506 1919
505 1919
505 1904
475 1904
475 1932
326 1932
326 1928
119 1928
119 1934
100 1934
100 1916
94 1916
94 1912
154 1912
154 1911
126 1911
126 1891
115 1891
115 1910
45 1910
45 1706
116 1706
116 1818
129 1818
129 1819
202 1819
202 1822
278 1822
278 1824
317 1824
317 1814
275 1814
275 1813
346 1813
346 1826
343 1826
343 1846
321 1846
321 1872
374 1872
374 1845
417 1845
417 1827
382 1827
382 1830
381 1830
381 1774
323 1774
323 1769
310 1769
310 1786
307 1786
307 1778
132 1778
132 1781
293 1781
293 1806
291 1806
291 1797
192 1797
192 1802
117 1802
117 1705
91 1705
91 1651
83 1651
83 1648
139 1648
139 1607
344 1607
344 1633
372 1633
372 1641
390 1641
390 1634
406 1634
406 1656
407 1656
407 1626
398 1626
398 1624
393 1624
393 1602
392 1602
392 1606
135 1606
135 1636
128 1636
128 1632
120 1632
120 1647
43 1647
43 1671
41 1671
41 1645
38 1645
38 1687
40 1687
40 1688
52 1688
52 1672
75 1672
75 1693
44 1693
44 1930
42 1930
42 1949
125 1949
125 1952
72 1952
72 1980
80 1980
80 2031
61 2031
61 2032
89 2032
89 2014
96 2014
96 1969
122 1969
122 2034
171 2034
171 2037
165 2037
165 2050
240 2050
240 2061
283 2061
283 2052
306 2052
306 2048
177 2048
177 2027
133 2027
133 2017
123 2017
123 2012
215 2012
215 1986
157 1986
157 1966
168 1966
168 1961
142 1961
142 1951
141 1951
141 1947
53 1947
53 1945
118 1945
118 1936
182 1936
182 1933
497 1933
497 2194
494 2194
494 2175
488 2175
488 2165
480 2165
480 2214
436 2214
436 2225
495 2225
495 2316
434 2316
434 2078
427 2078
427 2045
415 2045
415 1998
425 1998
425 1988
391 1988
391 1985
320 1985
320 1976
313 1976
313 1990
413 1990
413 1992
414 1992
414 2028
411 2028
411 2057
418 2057
418 2063
400 2063
400 2186
399 2186
399 2103
397 2103
397 2080
396 2080
396 2196
401 2196
401 2292
402 2292
402 2287
403 2287
403 2403
479 2403
479 2406
428 2406
428 2444
430 2444
430 2408
483 2408
483 2461
437 2461
437 2468
535 2468
535 2463
499 2463
499 2422
508 2422
508 2429
533 2429
533 2433
551 2433
551 2450
554 2450
554 2417
512 2417
512 2415
543 2415
543 2313
557 2313
557 2460
638 2460
638 2458
617 2458
617 2440
600 2440
600 2382
637 2382
637 2455
650 2455
650 2288
681 2288
681 2331
687 2331
687 2283
683 2283
683 2274
671 2274
671 2276
644 2276
644 2391
640 2391
640 2373
634 2373
634 2367
628 2367
628 2324
614 2324
614 2234
613 2234
613 2091
620 2091
620 1993
632 1993
632 1989
616 1989
616 1978
625 1978
625 1712
631 1712
631 1650
626 1650
626 1387
633 1387
633 1358
629 1358
629 1321
627 1321
627 1224
621 1224
621 1110
615 1110
615 1068
606 1068
606 1057
639 1057
639 1047
529 1047
529 1074
404 1074
404 1099
328 1099
328 1150
329 1150
329 1350
315 1350
315 1351
298 1351
298 1421
257 1421
257 904
258 904
258 1165
270 1165
270 712
290 712
290 643
245 643
245 635
217 635
217 492
227 492
227 445
193 445
193 494
167 494
167 484
179 484
179 454
169 454
169 262
309 262
309 252
214 252
214 241
318 241
318 194
322 194
322 120
325 120
325 113
