66
109 911
109 923
112 923
112 1078
99 1078
99 1111
95 1111
95 1067
87 1067
87 1128
98 1128
98 1273
29 1273
29 1290
10 1290
10 1390
9 1390
9 1471
4 1471
4 1463
1 1463
1 1503
2 1503
2 1510
13 1510
13 1488
14 1488
14 1710
15 1710
15 2006
16 2006
16 1353
12 1353
12 1331
17 1331
17 1375
19 1375
19 1462
22 1462
22 1451
24 1451
24 1450
27 1450
27 1404
26 1404
26 1299
34 1299
34 1300
48 1300
48 1324
56 1324
56 1334
63 1334
63 1333
121 1333
121 1317
114 1317
114 1325
64 1325
64 1288
67 1288
67 1284
111 1284
111 1268
113 1268
113 911
