308
224 113
224 121
222 121
222 18
28 18
28 25
39 25
39 37
46 37
46 31
127 31
127 47
124 47
124 70
79 70
79 71
54 71
54 150
58 150
58 293
55 293
55 513
49 513
49 824
50 824
50 538
51 538
51 584
59 584
59 123
62 123
62 117
65 117
65 579
66 579
66 88
57 88
57 82
60 82
60 74
68 74
68 429
81 429
81 298
82 298
82 874
36 874
36 823
30 823
30 1215
31 1215
31 1227
35 1227
35 1196
33 1196
33 1066
32 1066
32 880
47 880
47 920
71 920
71 912
69 912
69 890
86 890
86 884
105 884
105 911
109 911
109 923
112 923
112 1078
99 1078
99 1111
95 1111
95 1067
87 1067
87 1128
98 1128
98 1273
29 1273
29 1290
10 1290
10 1390
9 1390
9 1471
4 1471
4 1463
1 1463
1 1503
2 1503
2 1510
13 1510
13 1488
14 1488
14 1710
15 1710
15 2006
16 2006
16 1353
12 1353
12 1331
17 1331
17 1375
19 1375
19 1462
22 1462
22 1451
24 1451
24 1450
27 1450
27 1404
26 1404
26 1299
34 1299
34 1300
48 1300
48 1324
56 1324
56 1334
63 1334
63 1333
121 1333
121 1317
114 1317
114 1325
64 1325
64 1288
67 1288
67 1284
111 1284
111 1268
113 1268
113 827
88 827
88 787
85 787
85 768
84 768
84 91
73 91
73 366
70 366
70 83
134 83
134 65
136 65
136 27
140 27
140 24
172 24
172 34
212 34
212 35
196 35
196 52
219 52
219 79
221 79
221 118
200 118
200 126
233 126
233 142
238 142
238 122
261 122
261 140
282 140
282 139
280 139
280 119
319 119
319 137
316 137
316 235
197 235
197 253
152 253
152 271
148 271
148 266
147 266
147 352
143 352
143 422
146 422
146 582
149 582
149 519
158 519
158 365
166 365
166 521
194 521
194 447
207 447
207 651
285 651
285 666
188 666
188 639
150 639
150 686
161 686
161 665
164 665
164 680
248 680
248 684
264 684
264 691
267 691
267 1022
263 1022
263 951
260 951
260 865
250 865
250 815
229 815
229 908
228 908
228 1294
218 1294
218 1233
220 1233
220 1174
223 1174
223 1135
206 1135
206 974
195 974
195 1151
185 1151
185 1199
198 1199
198 1367
184 1367
184 1374
178 1374
178 1326
175 1326
175 1312
173 1312
173 1376
190 1376
190 1419
189 1419
189 1417
176 1417
176 1382
174 1382
174 1412
144 1412
144 1422
199 1422
199 1039
204 1039
204 1380
203 1380
203 1440
213 1440
213 1435
208 1435
208 1345
205 1345
205 1267
211 1267
211 1302
246 1302
246 1292
237 1292
237 1027
241 1027
241 817
249 817
249 904
258 904
258 1165
270 1165
270 712
290 712
290 643
245 643
245 635
217 635
217 492
227 492
227 445
193 445
193 494
167 494
167 484
179 484
179 454
169 454
169 262
309 262
309 252
214 252
214 241
318 241
318 194
322 194
322 120
325 120
325 113
