1716
224 113
224 121
222 121
222 18
28 18
28 25
39 25
39 37
46 37
46 31
127 31
127 47
124 47
124 70
79 70
79 71
54 71
54 150
58 150
58 293
55 293
55 513
49 513
49 824
50 824
50 538
51 538
51 584
59 584
59 123
62 123
62 117
65 117
65 579
66 579
66 88
57 88
57 82
60 82
60 74
68 74
68 429
81 429
81 298
82 298
82 874
36 874
36 823
30 823
30 1215
31 1215
31 1227
35 1227
35 1196
33 1196
33 1066
32 1066
32 880
47 880
47 920
71 920
71 912
69 912
69 890
86 890
86 884
105 884
105 911
109 911
109 923
112 923
112 1078
99 1078
99 1111
95 1111
95 1067
87 1067
87 1128
98 1128
98 1273
29 1273
29 1290
10 1290
10 1390
9 1390
9 1471
4 1471
4 1463
1 1463
1 1503
2 1503
2 1510
13 1510
13 1488
14 1488
14 1710
15 1710
15 2006
16 2006
16 1353
12 1353
12 1331
17 1331
17 1375
19 1375
19 1462
22 1462
22 1451
24 1451
24 1450
27 1450
27 1404
26 1404
26 1299
34 1299
34 1300
48 1300
48 1324
56 1324
56 1334
63 1334
63 1333
121 1333
121 1317
114 1317
114 1325
64 1325
64 1288
67 1288
67 1284
111 1284
111 1268
113 1268
113 827
88 827
88 787
85 787
85 768
84 768
84 91
73 91
73 366
70 366
70 83
134 83
134 65
136 65
136 27
140 27
140 24
172 24
172 34
212 34
212 35
196 35
196 52
219 52
219 79
221 79
221 118
200 118
200 126
233 126
233 142
238 142
238 122
261 122
261 140
282 140
282 139
280 139
280 119
319 119
319 137
316 137
316 235
197 235
197 253
152 253
152 271
148 271
148 266
147 266
147 352
143 352
143 422
146 422
146 582
149 582
149 519
158 519
158 365
166 365
166 521
194 521
194 447
207 447
207 651
285 651
285 666
188 666
188 639
150 639
150 686
161 686
161 665
164 665
164 680
248 680
248 684
264 684
264 691
267 691
267 1022
263 1022
263 951
260 951
260 865
250 865
250 815
229 815
229 908
228 908
228 1294
218 1294
218 1233
220 1233
220 1174
223 1174
223 1042
216 1042
216 939
210 939
210 1135
206 1135
206 944
201 944
201 895
183 895
183 969
145 969
145 980
137 980
137 981
156 981
156 1082
155 1082
155 1129
151 1129
151 1127
130 1127
130 1386
138 1386
138 1269
131 1269
131 1133
181 1133
181 1077
162 1077
162 1016
163 1016
163 974
195 974
195 1151
185 1151
185 1199
198 1199
198 1367
184 1367
184 1374
178 1374
178 1326
175 1326
175 1312
173 1312
173 1376
190 1376
190 1419
189 1419
189 1417
176 1417
176 1382
174 1382
174 1412
144 1412
144 1425
153 1425
153 1422
159 1422
159 1443
170 1443
170 1458
199 1458
199 1039
204 1039
204 1380
203 1380
203 1440
213 1440
213 1435
208 1435
208 1345
205 1345
205 1267
211 1267
211 1302
246 1302
246 1292
237 1292
237 1027
239 1027
239 1219
241 1219
241 817
249 817
249 907
254 907
254 1507
265 1507
265 1512
271 1512
271 1517
295 1517
295 1514
277 1514
277 1477
292 1477
292 1437
304 1437
304 1436
300 1436
300 1357
311 1357
311 1362
338 1362
338 1356
333 1356
333 1231
330 1231
330 1106
389 1106
389 1105
354 1105
354 1103
394 1103
394 1100
412 1100
412 1085
429 1085
429 1084
560 1084
560 1069
547 1069
547 1048
603 1048
603 1064
591 1064
591 1389
590 1389
590 1361
576 1361
576 1145
574 1145
574 1226
572 1226
572 1537
565 1537
565 1550
567 1550
567 1577
580 1577
580 1520
589 1520
589 1613
593 1613
593 1181
595 1181
595 1131
602 1131
602 1470
605 1470
605 1492
618 1492
618 1352
611 1352
611 1430
604 1430
604 1083
607 1083
607 1120
610 1120
610 1293
624 1293
624 1320
619 1320
619 1349
623 1349
623 1831
612 1831
612 2308
609 2308
609 2278
577 2278
577 2260
586 2260
586 2114
584 2114
584 2074
585 2074
585 1918
587 1918
587 1884
596 1884
596 1844
598 1844
598 1764
597 1764
597 1753
592 1753
592 1754
583 1754
583 1768
579 1768
579 1894
581 1894
581 2230
578 2230
578 2107
573 2107
573 2224
570 2224
570 2189
566 2189
566 2254
571 2254
571 2305
608 2305
608 2326
622 2326
622 2369
588 2369
588 2374
569 2374
569 2384
582 2384
582 2402
563 2402
563 2356
564 2356
564 2312
546 2312
546 2304
555 2304
555 2299
556 2299
556 2268
562 2268
562 2258
544 2258
544 2209
540 2209
540 2126
539 2126
539 2265
527 2265
527 2285
536 2285
536 2347
534 2347
534 2401
410 2401
410 2395
426 2395
426 2372
435 2372
435 2386
460 2386
460 2385
518 2385
518 2156
524 2156
524 2322
525 2322
525 2151
521 2151
521 2089
515 2089
515 2380
507 2380
507 2376
496 2376
496 2358
461 2358
461 2348
408 2348
408 2190
419 2190
419 2178
421 2178
421 2226
423 2226
423 2166
416 2166
416 2113
433 2113
433 2132
432 2132
432 2204
431 2204
431 2332
471 2332
471 2329
501 2329
501 2250
510 2250
510 2133
504 2133
504 2219
498 2219
498 1979
506 1979
506 1919
505 1919
505 1904
475 1904
475 1932
326 1932
326 1928
119 1928
119 1934
100 1934
100 1916
94 1916
94 1912
154 1912
154 1911
126 1911
126 1891
115 1891
115 1910
45 1910
45 1706
116 1706
116 1818
129 1818
129 1819
202 1819
202 1822
278 1822
278 1824
317 1824
317 1814
275 1814
275 1813
346 1813
346 1826
343 1826
343 1846
321 1846
321 1872
374 1872
374 1845
417 1845
417 1827
382 1827
382 1830
381 1830
381 1774
323 1774
323 1769
310 1769
310 1786
307 1786
307 1778
132 1778
132 1781
293 1781
293 1806
291 1806
291 1797
192 1797
192 1802
117 1802
117 1705
91 1705
91 1651
83 1651
83 1648
139 1648
139 1607
344 1607
344 1633
372 1633
372 1641
390 1641
390 1634
406 1634
406 1656
407 1656
407 1626
398 1626
398 1624
393 1624
393 1602
392 1602
392 1606
135 1606
135 1636
128 1636
128 1632
120 1632
120 1647
43 1647
43 1671
41 1671
41 1645
38 1645
38 1687
40 1687
40 1688
52 1688
52 1672
75 1672
75 1693
44 1693
44 1930
42 1930
42 1949
125 1949
125 1952
72 1952
72 1980
80 1980
80 2031
61 2031
61 2032
89 2032
89 2014
96 2014
96 1969
122 1969
122 2034
171 2034
171 2037
165 2037
165 2050
240 2050
240 2061
283 2061
283 2052
306 2052
306 2048
177 2048
177 2027
133 2027
133 2017
123 2017
123 2012
215 2012
215 1986
157 1986
157 1966
168 1966
168 1961
142 1961
142 1951
141 1951
141 1947
53 1947
53 1945
118 1945
118 1936
182 1936
182 1933
497 1933
497 2194
494 2194
494 2175
488 2175
488 2165
480 2165
480 2214
436 2214
436 2225
495 2225
495 2316
434 2316
434 2078
427 2078
427 2045
415 2045
415 1998
425 1998
425 1988
391 1988
391 1985
320 1985
320 1976
313 1976
313 1990
413 1990
413 1992
414 1992
414 2028
411 2028
411 2057
418 2057
418 2063
400 2063
400 2186
399 2186
399 2103
397 2103
397 2080
396 2080
396 2196
401 2196
401 2292
402 2292
402 2287
403 2287
403 2403
479 2403
479 2406
428 2406
428 2444
430 2444
430 2408
483 2408
483 2461
437 2461
437 2468
535 2468
535 2463
499 2463
499 2422
508 2422
508 2429
533 2429
533 2433
551 2433
551 2450
554 2450
554 2417
512 2417
512 2415
543 2415
543 2313
557 2313
557 2460
638 2460
638 2458
617 2458
617 2440
600 2440
600 2382
637 2382
637 2455
650 2455
650 2288
681 2288
681 2331
687 2331
687 2283
683 2283
683 2262
682 2262
682 2239
680 2239
680 2274
674 2274
674 2248
671 2248
671 2276
655 2276
655 2255
647 2255
647 2208
654 2208
654 2148
651 2148
651 2040
648 2040
648 2016
666 2016
666 2003
653 2003
653 1759
649 1759
649 1856
646 1856
646 1834
645 1834
645 1628
663 1628
663 1642
672 1642
672 1635
673 1635
673 1571
679 1571
679 1555
691 1555
691 1504
695 1504
695 1620
693 1620
693 2022
690 2022
690 2042
701 2042
701 1864
703 1864
703 1878
709 1878
709 1720
712 1720
712 2464
720 2464
720 2453
780 2453
780 2459
798 2459
798 2457
801 2457
801 2456
904 2456
904 2452
934 2452
934 2446
867 2446
867 2443
868 2443
868 2434
940 2434
940 2409
974 2409
974 2404
1047 2404
1047 2365
1012 2365
1012 2341
1031 2341
1031 2339
995 2339
995 2336
953 2336
953 2349
929 2349
929 2342
915 2342
915 2323
1019 2323
1019 2096
1023 2096
1023 2009
1018 2009
1018 2005
1022 2005
1022 1999
1026 1999
1026 1959
1025 1959
1025 1782
1010 1782
1010 2025
1009 2025
1009 1745
1037 1745
1037 1734
1028 1734
1028 1708
1020 1708
1020 1686
1038 1686
1038 1685
1005 1685
1005 1657
965 1657
965 1654
959 1654
959 1655
939 1655
939 1593
956 1593
956 1585
923 1585
923 1581
945 1581
945 1560
917 1560
917 1297
911 1297
911 1264
916 1264
916 1209
933 1209
933 1175
840 1175
840 1190
824 1190
824 1183
802 1183
802 1256
810 1256
810 1322
811 1322
811 1365
803 1365
803 1369
739 1369
739 1363
751 1363
751 1359
734 1359
734 1276
737 1276
737 1172
738 1172
738 841
850 841
850 839
924 839
924 842
746 842
746 861
829 861
829 896
869 896
869 894
909 894
909 898
819 898
819 870
765 870
765 871
775 871
775 901
779 901
779 873
783 873
783 905
748 905
748 931
793 931
793 930
763 930
763 909
804 909
804 929
857 929
857 922
880 922
880 900
1125 900
1125 1332
1127 1332
1127 1499
1110 1499
1110 1407
1114 1407
1114 1379
1105 1379
1105 1434
1106 1434
1106 1549
1078 1549
1078 1521
1075 1521
1075 1523
1077 1523
1077 1670
1080 1670
1080 1744
1095 1744
1095 1690
1098 1690
1098 1673
1103 1673
1103 1659
1091 1659
1091 1658
1113 1658
1113 1890
1115 1890
1115 1905
1121 1905
1121 1975
1094 1975
1094 2011
1107 2011
1107 1994
1112 1994
1112 1981
1146 1981
1146 1968
1137 1968
1137 1935
1132 1935
1132 1898
1123 1898
1123 1866
1207 1866
1207 1842
1208 1842
1208 2013
1199 2013
1199 2018
1183 2018
1183 2020
1175 2020
1175 2021
1169 2021
1169 2038
1174 2038
1174 2049
1162 2049
1162 2058
1177 2058
1177 2029
1202 2029
1202 2023
1234 2023
1234 1997
1225 1997
1225 1541
1233 1541
1233 1914
1248 1914
1248 1751
1249 1751
1249 1701
1273 1701
1273 1683
1283 1683
1283 1955
1301 1955
1301 1877
1307 1877
1307 2044
1302 2044
1302 2065
1306 2065
1306 2054
1316 2054
1316 2099
1319 2099
1319 2110
1349 2110
1349 2221
1330 2221
1330 2337
1338 2337
1338 2363
1320 2363
1320 2411
1339 2411
1339 2437
1334 2437
1334 2462
1359 2462
1359 2407
1346 2407
1346 2311
1343 2311
1343 2330
1331 2330
1331 2222
1368 2222
1368 2111
1372 2111
1372 2294
1367 2294
1367 2389
1375 2389
1375 2465
1377 2465
1377 2383
1373 2383
1373 1995
1371 1995
1371 1953
1362 1953
1362 2002
1351 2002
1351 2041
1357 2041
1357 2059
1366 2059
1366 2168
1360 2168
1360 2220
1350 2220
1350 2047
1310 2047
1310 1858
1309 1858
1309 1854
1298 1854
1298 1879
1299 1879
1299 1915
1296 1915
1296 1899
1297 1899
1297 1731
1325 1731
1325 1668
1318 1668
1318 1711
1288 1711
1288 1925
1286 1925
1286 1653
1258 1653
1258 1627
1244 1627
1244 1803
1240 1803
1240 1676
1237 1676
1237 1545
1271 1545
1271 1547
1314 1547
1314 1543
1328 1543
1328 1579
1341 1579
1341 1564
1332 1564
1332 1551
1342 1551
1342 1548
1354 1548
1354 1544
1374 1544
1374 1556
1385 1556
1385 1562
1394 1562
1394 1586
1397 1586
1397 1594
1402 1594
1402 1616
1405 1616
1405 1611
1415 1611
1415 1609
1406 1609
1406 1596
1457 1596
1457 1528
1469 1528
1469 1526
1835 1526
1835 1515
1867 1515
1867 1516
1879 1516
1879 1582
1868 1582
1868 1612
1870 1612
1870 1730
1857 1730
1857 1748
1854 1748
1854 1808
1878 1808
1878 1733
1893 1733
1893 1809
1888 1809
1888 1923
1865 1923
1865 1929
1842 1929
1842 1926
1820 1926
1820 1741
1833 1741
1833 1738
1847 1738
1847 1793
1849 1793
1849 1610
1836 1610
1836 1630
1832 1630
1832 1605
1830 1605
1830 1643
1775 1643
1775 1639
1772 1639
1772 1591
1828 1591
1828 1578
1841 1578
1841 1576
1792 1576
1792 1588
1760 1588
1760 1664
1733 1664
1733 1665
1763 1665
1763 1600
1765 1600
1765 1660
1786 1660
1786 1652
1779 1652
1779 1644
1843 1644
1843 1737
1824 1737
1824 1732
1834 1732
1834 1713
1829 1713
1829 1724
1818 1724
1818 1750
1816 1750
1816 1881
1810 1881
1810 1839
1767 1839
1767 1871
1759 1871
1759 1836
1749 1836
1749 1865
1755 1865
1755 1873
1735 1873
1735 1849
1714 1849
1714 1832
1665 1832
1665 1821
1690 1821
1690 1811
1511 1811
1511 1801
1550 1801
1550 1787
1509 1787
1509 1775
1393 1775
1393 1785
1380 1785
1380 1855
1378 1855
1378 1962
1404 1962
1404 1965
1502 1965
1502 1984
1471 1984
1471 2035
1467 2035
1467 2085
1477 2085
1477 2396
1482 2396
1482 2130
1481 2130
1481 2112
1480 2112
1480 2092
1485 2092
1485 2232
1488 2232
1488 2146
1492 2146
1492 2064
1489 2064
1489 2036
1493 2036
1493 2015
1478 2015
1478 2053
1475 2053
1475 2001
1496 2001
1496 2010
1500 2010
1500 2004
1531 2004
1531 2179
1532 2179
1532 2360
1559 2360
1559 2346
1573 2346
1573 2345
1591 2345
1591 2430
1795 2430
1795 2436
1799 2436
1799 2438
1819 2438
1819 2298
1817 2298
1817 2325
1814 2325
1814 2272
1859 2272
1859 2279
1907 2279
1907 2273
1920 2273
1920 2290
1922 2290
1922 2271
1877 2271
1877 2266
1858 2266
1858 2270
1838 2270
1838 2263
1929 2263
1929 2261
1822 2261
1822 2257
1800 2257
1800 2252
1673 2252
1673 2251
1744 2251
1744 2249
1684 2249
1684 2218
1885 2218
1885 2217
1668 2217
1668 2253
1781 2253
1781 2335
1787 2335
1787 2375
1751 2375
1751 2364
1748 2364
1748 2368
1712 2368
1712 2388
1715 2388
1715 2397
1798 2397
1798 2416
1802 2416
1802 2387
1770 2387
1770 2381
1789 2381
1789 2351
1808 2351
1808 2425
1692 2425
1692 2423
1632 2423
1632 2421
1611 2421
1611 2378
1616 2378
1616 2359
1595 2359
1595 2334
1541 2334
1541 2333
1536 2333
1536 2125
1533 2125
1533 1971
1548 1971
1548 1964
1506 1964
1506 1963
1421 1963
1421 1957
1383 1957
1383 1954
1443 1954
1443 1950
1391 1950
1391 1917
1386 1917
1386 1860
1390 1860
1390 1853
1384 1853
1384 1800
1414 1800
1414 1798
1427 1798
1427 1784
1456 1784
1456 1815
1436 1815
1436 1906
1408 1906
1408 1909
1442 1909
1442 1876
1440 1876
1440 1816
1618 1816
1618 1833
1639 1833
1639 1848
1661 1848
1661 1867
1687 1867
1687 1868
1637 1868
1637 1862
1513 1862
1513 1874
1636 1874
1636 1870
1643 1870
1643 1869
1729 1869
1729 1875
1773 1875
1773 1850
1776 1850
1776 1892
1769 1892
1769 1901
1564 1901
1564 1895
1542 1895
1542 1903
1809 1903
1809 1908
1803 1908
1803 1922
1752 1922
1752 1940
1896 1940
1896 1880
1903 1880
1903 1770
1902 1770
1902 1742
1906 1742
1906 1727
1874 1727
1874 1663
1887 1663
1887 1649
1882 1649
1882 1513
1739 1513
1739 1524
1465 1524
1465 1525
1455 1525
1455 1595
1430 1595
1430 1570
1410 1570
1410 1558
1407 1558
1407 1540
1223 1540
1223 1604
1224 1604
1224 1883
1210 1883
1210 1789
1191 1789
1191 1863
1142 1863
1142 1805
1117 1805
1117 1771
1124 1771
1124 1763
1120 1763
1120 1638
1079 1638
1079 1618
1086 1618
1086 1574
1154 1574
1154 1573
1087 1573
1087 1568
1082 1568
1082 1552
1129 1552
1129 1414
1128 1414
1128 1218
1126 1218
1126 1119
1134 1119
1134 1096
1173 1096
1173 1089
1131 1089
1131 933
1156 933
1156 932
1151 932
1151 893
843 893
843 886
831 886
831 856
891 856
891 851
1068 851
1068 849
755 849
755 843
1001 843
1001 838
757 838
757 840
730 840
730 885
729 885
729 947
731 947
731 917
736 917
736 1102
733 1102
733 1377
814 1377
814 1214
837 1214
837 1192
877 1192
877 1188
871 1188
871 1179
914 1179
914 1221
910 1221
910 1608
906 1608
906 1587
905 1587
905 1622
931 1622
931 1625
935 1625
935 1662
937 1662
937 1680
943 1680
943 1669
952 1669
952 1667
968 1667
968 1682
970 1682
970 1704
979 1704
979 1709
960 1709
960 1716
985 1716
985 1702
982 1702
982 1674
1000 1674
1000 1696
1004 1696
1004 2067
1016 2067
1016 1931
1017 1931
1017 2256
1014 2256
1014 2296
989 2296
989 2320
921 2320
921 2321
892 2321
892 2350
958 2350
958 2338
981 2338
981 2352
1011 2352
1011 2371
1035 2371
1035 2390
999 2390
999 2394
1044 2394
1044 2399
938 2399
938 2420
861 2420
861 2426
836 2426
836 2427
838 2427
838 2449
832 2449
832 2448
732 2448
732 2424
717 2424
717 2410
716 2410
716 2145
713 2145
713 1599
704 1599
704 1840
707 1840
707 1847
702 1847
702 1817
696 1817
696 1476
669 1476
669 1546
670 1546
670 1614
644 1614
644 2391
640 2391
640 2373
634 2373
634 2367
628 2367
628 2324
614 2324
614 2234
613 2234
613 2091
620 2091
620 1993
632 1993
632 1989
616 1989
616 1978
625 1978
625 1712
631 1712
631 1650
626 1650
626 1387
633 1387
633 1358
629 1358
629 1321
627 1321
627 1224
621 1224
621 1110
615 1110
615 1068
606 1068
606 1057
639 1057
639 1047
529 1047
529 1074
404 1074
404 1099
328 1099
328 1150
329 1150
329 1350
315 1350
315 1351
298 1351
298 1421
257 1421
257 904
258 904
258 1165
270 1165
270 712
290 712
290 643
245 643
245 635
217 635
217 492
227 492
227 445
193 445
193 494
167 494
167 484
179 484
179 454
169 454
169 262
309 262
309 252
214 252
214 241
318 241
318 194
322 194
322 120
325 120
325 113
