134
69 50
69 49
240 49
240 39
228 39
228 26
103 26
103 29
45 29
45 25
85 25
85 24
60 24
60 22
36 22
36 18
29 18
29 17
1 17
1 23
27 23
27 31
121 31
121 28
125 28
125 33
72 33
72 36
70 36
70 38
91 38
91 37
136 37
136 35
142 35
142 34
135 34
135 27
177 27
177 30
187 30
187 32
225 32
225 40
222 40
222 42
226 42
226 47
202 47
202 43
141 43
141 41
94 41
94 44
152 44
152 46
137 46
137 45
17 45
17 48
14 48
14 134
12 134
12 135
11 135
11 67
3 67
3 100
4 100
4 107
5 107
5 71
9 71
9 116
6 116
6 229
23 229
23 228
24 228
24 215
26 215
26 214
10 214
10 207
74 207
74 204
73 204
73 203
67 203
67 201
157 201
157 205
143 205
143 210
147 210
147 216
49 216
49 224
44 224
44 237
48 237
48 240
52 240
52 233
55 233
55 243
88 243
88 242
66 242
66 232
58 232
58 220
113 220
113 218
151 218
151 211
174 211
174 209
192 209
192 208
203 208
203 200
39 200
39 202
65 202
65 206
7 206
7 196
13 196
13 184
16 184
16 81
19 81
19 50
