122
99 96
99 99
70 99
70 100
44 100
44 101
43 101
43 135
42 135
42 141
33 141
33 129
30 129
30 83
12 83
12 82
1 82
1 120
9 120
9 125
15 125
15 119
3 119
3 109
5 109
5 110
10 110
10 93
8 93
8 98
2 98
2 84
4 84
4 89
20 89
20 88
7 88
7 87
28 87
28 106
21 106
21 108
22 108
22 132
29 132
29 145
64 145
64 146
41 146
41 147
69 147
69 148
94 148
94 144
61 144
61 143
89 143
89 140
81 140
81 139
109 139
109 149
98 149
98 150
111 150
111 138
113 138
113 137
122 137
122 134
103 134
103 133
97 133
97 117
100 117
100 123
102 123
102 118
105 118
105 127
108 127
108 122
136 122
136 128
142 128
142 121
123 121
123 116
117 116
117 114
124 114
124 115
141 115
141 111
119 111
119 113
114 113
114 112
96 112
96 136
80 136
80 142
53 142
53 131
55 131
55 130
57 130
57 124
49 124
49 126
47 126
47 107
58 107
58 104
45 104
45 102
59 102
59 105
87 105
87 103
134 103
134 96
