740
1057 112
1057 127
1050 127
1050 157
1052 157
1052 163
892 163
892 167
769 167
769 177
728 177
728 149
922 149
922 154
1040 154
1040 138
701 138
701 382
706 382
706 538
694 538
694 1093
665 1093
665 1000
675 1000
675 999
663 999
663 718
593 718
593 661
616 661
616 583
614 583
614 561
534 561
534 552
520 552
520 523
618 523
618 484
625 484
625 473
501 473
501 467
612 467
612 455
478 455
478 418
471 418
471 376
459 376
459 402
456 402
456 426
443 426
443 443
409 443
409 456
335 456
335 453
304 453
304 448
297 448
297 427
241 427
241 469
242 469
242 452
247 452
247 485
254 485
254 498
425 498
425 543
423 543
423 670
416 670
416 660
368 660
368 621
385 621
385 596
422 596
422 555
391 555
391 566
347 566
347 577
190 577
190 613
209 613
209 607
222 607
222 683
224 683
224 796
182 796
182 822
179 822
179 893
151 893
151 897
137 897
137 691
136 691
136 643
129 643
129 1096
123 1096
123 1153
91 1153
91 1154
27 1154
27 1141
49 1141
49 1133
1 1133
1 1139
2 1139
2 1146
12 1146
12 1157
125 1157
125 1158
168 1158
168 1156
202 1156
202 1152
171 1152
171 1150
127 1150
127 1118
128 1118
128 1135
172 1135
172 1123
181 1123
181 1120
161 1120
161 1115
167 1115
167 1106
193 1106
193 1097
170 1097
170 1099
166 1099
166 1086
152 1086
152 1109
140 1109
140 1018
149 1018
149 1031
143 1031
143 1046
154 1046
154 1034
158 1034
158 1040
156 1040
156 1058
159 1058
159 1014
141 1014
141 1011
146 1011
146 1007
191 1007
191 996
160 996
160 993
196 993
196 989
180 989
180 980
162 980
162 962
185 962
185 976
233 976
233 984
240 984
240 975
212 975
212 972
314 972
314 982
321 982
321 969
322 969
322 1025
268 1025
268 1071
277 1071
277 1083
257 1083
257 1050
252 1050
252 1041
249 1041
249 1070
248 1070
248 1088
272 1088
272 1089
258 1089
258 1090
300 1090
300 1084
281 1084
281 1051
320 1051
320 1080
331 1080
331 1082
332 1082
332 1075
341 1075
341 1095
343 1095
343 1074
323 1074
323 934
270 934
270 935
313 935
313 950
290 950
290 952
319 952
319 964
201 964
201 960
200 960
200 919
317 919
317 917
234 917
234 912
197 912
197 949
186 949
186 959
175 959
175 957
155 957
155 945
142 945
142 986
144 986
144 955
145 955
145 987
138 987
138 1066
139 1066
139 1069
132 1069
132 1085
133 1085
133 1113
130 1113
130 909
131 909
131 666
135 666
135 790
134 790
134 905
192 905
192 904
189 904
189 880
183 880
183 806
208 806
208 809
243 809
243 842
235 842
235 826
238 826
238 810
227 810
227 821
229 821
229 844
220 844
220 845
271 845
271 852
266 852
266 857
285 857
285 859
276 859
276 858
195 858
195 860
206 860
206 869
216 869
216 881
306 881
306 848
316 848
316 883
318 883
318 802
311 802
311 846
307 846
307 804
232 804
232 758
226 758
226 744
225 744
225 701
231 701
231 712
256 712
256 703
298 703
298 665
309 665
309 658
292 658
292 637
296 637
296 619
291 619
291 618
286 618
286 622
288 622
288 686
244 686
244 669
228 669
228 631
230 631
230 589
236 589
236 587
194 587
194 579
348 579
348 573
356 573
356 572
410 572
410 556
414 556
414 593
398 593
398 595
364 595
364 664
402 664
402 673
379 673
379 671
358 671
358 674
353 674
353 681
346 681
346 688
349 688
349 702
355 702
355 713
372 713
372 676
426 676
426 650
441 650
441 672
454 672
454 657
447 657
447 625
430 625
430 582
439 582
439 542
428 542
428 601
427 601
427 502
445 502
445 496
452 496
452 493
371 493
371 488
344 488
344 486
255 486
255 432
274 432
274 457
467 457
467 434
464 434
464 392
470 392
470 507
503 507
503 516
504 516
504 509
540 509
540 494
508 494
508 483
499 483
499 481
515 481
515 478
605 478
605 495
600 495
600 521
589 521
589 518
519 518
519 527
517 527
517 565
561 565
561 564
590 564
590 612
584 612
584 616
575 616
575 620
579 620
579 638
564 638
564 699
559 699
559 707
566 707
566 680
591 680
591 697
585 697
585 690
570 690
570 746
643 746
643 767
554 767
554 818
551 818
551 851
549 851
549 825
543 825
543 875
533 875
533 894
529 894
529 940
550 940
550 931
557 931
557 948
552 948
552 1024
569 1024
569 1039
581 1039
581 1064
583 1064
583 1079
599 1079
599 1052
602 1052
602 1072
601 1072
601 1140
560 1140
560 1098
526 1098
526 1124
536 1124
536 1126
542 1126
542 1122
531 1122
531 1100
556 1100
556 1138
535 1138
535 1137
523 1137
523 1128
511 1128
511 1131
505 1131
505 1149
510 1149
510 1136
516 1136
516 1145
537 1145
537 1142
582 1142
582 1148
608 1148
608 1151
568 1151
568 1159
491 1159
491 1155
490 1155
490 1134
487 1134
487 1117
500 1117
500 1114
477 1114
477 1127
480 1127
480 1143
488 1143
488 1163
620 1163
620 1162
628 1162
628 1161
634 1161
634 1147
632 1147
632 1132
648 1132
648 1129
611 1129
611 1121
650 1121
650 1111
640 1111
640 1108
627 1108
627 1068
629 1068
629 1107
631 1107
631 1087
642 1087
642 1026
633 1026
633 1042
615 1042
615 1049
607 1049
607 1101
617 1101
617 1104
606 1104
606 1032
586 1032
586 1029
577 1029
577 1036
574 1036
574 1021
553 1021
553 968
565 968
565 928
562 928
562 929
548 929
548 910
538 910
538 899
539 899
539 878
555 878
555 773
572 773
572 786
578 786
578 823
594 823
594 863
597 863
597 843
619 843
619 832
638 832
638 830
610 830
610 817
587 817
587 779
644 779
644 728
647 728
647 738
654 738
654 742
645 742
645 764
655 764
655 776
656 776
656 751
658 751
658 921
661 921
661 918
662 918
662 1112
668 1112
668 1105
696 1105
696 803
698 803
698 585
699 585
699 1077
703 1077
703 780
700 780
700 655
704 655
704 678
709 678
709 615
707 615
707 588
708 588
708 261
702 261
702 188
710 188
710 139
1034 139
1034 141
1021 141
1021 152
1011 152
1011 148
718 148
718 180
720 180
720 181
845 181
845 182
867 182
867 172
941 172
941 171
918 171
918 170
848 170
848 169
935 169
935 165
1047 165
1047 175
1060 175
1060 117
1064 117
1064 147
1065 147
1065 80
1091 80
1091 95
1118 95
1118 103
1134 103
1134 88
1144 88
1144 284
1143 284
1143 252
1142 252
1142 300
1148 300
1148 100
1149 100
1149 262
1153 262
1153 301
1137 301
1137 293
764 293
764 320
779 320
779 400
811 400
811 393
792 393
792 390
850 390
850 388
802 388
802 386
785 386
785 378
1023 378
1023 375
853 375
853 370
894 370
894 367
784 367
784 362
921 362
921 357
788 357
788 318
777 318
777 306
863 306
863 296
860 296
860 295
817 295
817 294
990 294
990 302
1171 302
1171 270
1160 270
1160 255
1151 255
1151 87
1112 87
1112 71
1063 71
1063 112
