144
123 1113
123 1153
91 1153
91 1154
27 1154
27 1141
49 1141
49 1133
1 1133
1 1139
2 1139
2 1146
12 1146
12 1157
125 1157
125 1158
168 1158
168 1156
202 1156
202 1152
171 1152
171 1150
127 1150
127 1118
128 1118
128 1135
172 1135
172 1123
181 1123
181 1120
161 1120
161 1115
167 1115
167 1106
193 1106
193 1097
170 1097
170 1099
166 1099
166 1086
152 1086
152 1109
140 1109
140 1018
149 1018
149 1031
143 1031
143 1046
154 1046
154 1034
158 1034
158 1040
156 1040
156 1058
159 1058
159 1014
141 1014
141 1011
146 1011
146 1007
191 1007
191 996
160 996
160 993
196 993
196 989
180 989
180 980
162 980
162 962
185 962
185 976
233 976
233 984
240 984
240 975
212 975
212 972
314 972
314 982
321 982
321 969
322 969
322 1025
268 1025
268 1071
277 1071
277 1083
257 1083
257 1050
252 1050
252 1041
249 1041
249 1070
248 1070
248 1088
272 1088
272 1089
258 1089
258 1090
300 1090
300 1084
281 1084
281 1051
320 1051
320 1080
331 1080
331 1082
332 1082
332 1075
341 1075
341 1095
343 1095
343 1074
323 1074
323 934
270 934
270 935
313 935
313 950
290 950
290 952
319 952
319 964
201 964
201 960
200 960
200 919
317 919
317 917
197 917
197 949
186 949
186 959
145 959
145 987
138 987
138 1066
139 1066
139 1069
132 1069
132 1085
133 1085
133 1113
