1706
338 559
338 561
328 561
328 446
333 446
333 263
263 263
263 247
210 247
210 255
213 255
213 274
226 274
226 276
134 276
134 283
152 283
152 347
166 347
166 384
157 384
157 383
133 383
133 319
132 319
132 370
129 370
129 325
130 325
130 248
101 248
101 169
102 169
102 246
135 246
135 209
147 209
147 212
136 212
136 232
177 232
177 229
142 229
142 225
153 225
153 219
146 219
146 214
169 214
169 200
138 200
138 199
178 199
178 187
193 187
193 186
277 186
277 196
314 196
314 184
307 184
307 181
196 181
196 179
198 179
198 178
282 178
282 175
173 175
173 176
145 176
145 193
154 193
154 195
131 195
131 235
106 235
106 182
107 182
107 146
151 146
151 144
216 144
216 160
240 160
240 159
254 159
254 173
296 173
296 148
293 148
293 161
278 161
278 147
288 147
288 142
243 142
243 141
105 141
105 188
103 188
103 158
99 158
99 233
100 233
100 265
119 265
119 264
124 264
124 260
128 260
128 313
127 313
127 281
123 281
123 330
125 330
125 551
126 551
126 444
140 444
140 388
156 388
156 390
159 390
159 466
155 466
155 484
161 484
161 556
163 556
163 488
176 488
176 557
184 557
184 572
186 572
186 530
187 530
187 473
189 473
189 598
164 598
164 607
168 607
168 613
180 613
180 618
122 618
122 623
143 623
143 665
141 665
141 680
104 680
104 690
220 690
220 707
251 707
251 732
465 732
465 725
475 725
475 713
508 713
508 714
476 714
476 715
525 715
525 727
499 727
499 739
671 739
671 740
652 740
652 744
662 744
662 748
619 748
619 752
587 752
587 840
592 840
592 850
607 850
607 852
645 852
645 853
643 853
643 855
622 855
622 945
627 945
627 957
620 957
620 977
682 977
682 983
541 983
541 984
436 984
436 982
222 982
222 980
66 980
66 997
23 997
23 999
22 999
22 891
20 891
20 845
34 845
34 835
32 835
32 822
29 822
29 789
19 789
19 779
18 779
18 1011
14 1011
14 785
15 785
15 881
16 881
16 890
17 890
17 760
10 760
10 788
6 788
6 944
4 944
4 1028
3 1028
3 1042
5 1042
5 1044
2 1044
2 1046
8 1046
8 858
7 858
7 802
9 802
9 887
12 887
12 883
11 883
11 839
13 839
13 1017
25 1017
25 1035
27 1035
27 1016
28 1016
28 1009
48 1009
48 1014
44 1014
44 1053
41 1053
41 1110
38 1110
38 1115
39 1115
39 1116
40 1116
40 1154
37 1154
37 1188
21 1188
21 1187
1 1187
1 1193
43 1193
43 1106
47 1106
47 1130
49 1130
49 1041
45 1041
45 1019
52 1019
52 1018
57 1018
57 1013
55 1013
55 1000
61 1000
61 1021
65 1021
65 1025
67 1025
67 998
69 998
69 981
96 981
96 985
657 985
657 986
741 986
741 996
759 996
759 1005
762 1005
762 1056
756 1056
756 1069
808 1069
808 1061
816 1061
816 1062
832 1062
832 1067
833 1067
833 1086
829 1086
829 1100
846 1100
846 1073
847 1073
847 1107
820 1107
820 1180
818 1180
818 1114
813 1114
813 1126
809 1126
809 1204
763 1204
763 1197
765 1197
765 1198
788 1198
788 1166
783 1166
783 1164
618 1164
618 1162
433 1162
433 1159
542 1159
542 1157
417 1157
417 1156
414 1156
414 1161
383 1161
383 1153
303 1153
303 1163
297 1163
297 1173
292 1173
292 1145
342 1145
342 1146
425 1146
425 1152
458 1152
458 1144
407 1144
407 1134
467 1134
467 1133
399 1133
399 1125
484 1125
484 1124
359 1124
359 1132
346 1132
346 1139
312 1139
312 1122
514 1122
514 1121
635 1121
635 1119
734 1119
734 1118
489 1118
489 1117
483 1117
483 1120
305 1120
305 1123
289 1123
289 1172
285 1172
285 1167
284 1167
284 1149
205 1149
205 1141
201 1141
201 1135
194 1135
194 1143
139 1143
139 1131
150 1131
150 1102
275 1102
275 1108
298 1108
298 1103
400 1103
400 1104
516 1104
516 1099
524 1099
524 1085
562 1085
562 1077
579 1077
579 1074
479 1074
479 1071
397 1071
397 1075
503 1075
503 1076
434 1076
434 1088
350 1088
350 1070
98 1070
98 1065
487 1065
487 1066
488 1066
488 1068
490 1068
490 1058
443 1058
443 1045
420 1045
420 1049
118 1049
118 1048
113 1048
113 1051
90 1051
90 1052
235 1052
235 1050
421 1050
421 1054
396 1054
396 1057
440 1057
440 1063
71 1063
71 1112
73 1112
73 1147
70 1147
70 1200
75 1200
75 1201
87 1201
87 1189
79 1189
79 1170
84 1170
84 1174
85 1174
85 1155
82 1155
82 1084
81 1084
81 1087
74 1087
74 1078
95 1078
95 1094
91 1094
91 1113
92 1113
92 1096
97 1096
97 1079
158 1079
158 1072
311 1072
311 1081
171 1081
171 1082
197 1082
197 1083
330 1083
330 1080
347 1080
347 1089
466 1089
466 1090
317 1090
317 1091
299 1091
299 1093
497 1093
497 1095
504 1095
504 1101
422 1101
422 1097
148 1097
148 1098
117 1098
117 1105
109 1105
109 1137
108 1137
108 1214
167 1214
167 1212
183 1212
183 1215
280 1215
280 1239
209 1239
209 1225
208 1225
208 1216
207 1216
207 1247
267 1247
267 1243
270 1243
270 1241
322 1241
322 1238
306 1238
306 1213
204 1213
204 1210
115 1210
115 1199
112 1199
112 1158
114 1158
114 1150
111 1150
111 1140
110 1140
110 1109
116 1109
116 1142
137 1142
137 1151
233 1151
233 1175
329 1175
329 1171
365 1171
365 1165
602 1165
602 1168
598 1168
598 1182
486 1182
486 1183
637 1183
637 1179
694 1179
694 1177
711 1177
711 1176
722 1176
722 1185
728 1185
728 1178
781 1178
781 1186
770 1186
770 1184
751 1184
751 1191
729 1191
729 1194
743 1194
743 1195
733 1195
733 1196
731 1196
731 1209
680 1209
680 1211
666 1211
666 1226
631 1226
631 1230
552 1230
552 1228
553 1228
553 1221
547 1221
547 1208
546 1208
546 1217
545 1217
545 1227
513 1227
513 1223
478 1223
478 1229
459 1229
459 1219
367 1219
367 1222
371 1222
371 1235
369 1235
369 1250
390 1250
390 1244
408 1244
408 1234
445 1234
445 1240
485 1240
485 1249
501 1249
501 1248
538 1248
538 1246
535 1246
535 1245
495 1245
495 1242
539 1242
539 1237
555 1237
555 1236
591 1236
591 1231
609 1231
609 1232
623 1232
623 1233
677 1233
677 1218
678 1218
678 1224
736 1224
736 1220
745 1220
745 1205
779 1205
779 1207
830 1207
830 1206
843 1206
843 1203
814 1203
814 1192
863 1192
863 1190
824 1190
824 1181
839 1181
839 1160
826 1160
826 1138
823 1138
823 1111
851 1111
851 1060
870 1060
870 1055
797 1055
797 1038
780 1038
780 1032
796 1032
796 872
798 872
798 847
801 847
801 819
804 819
804 993
803 993
803 1031
811 1031
811 1034
884 1034
884 1036
885 1036
885 1023
877 1023
877 1022
902 1022
902 1037
917 1037
917 1040
918 1040
918 1043
978 1043
978 1059
974 1059
974 1064
972 1064
972 1128
968 1128
968 1169
969 1169
969 1202
976 1202
976 1092
981 1092
981 1148
1006 1148
1006 1136
1022 1136
1022 1129
996 1129
996 1127
982 1127
982 1047
979 1047
979 1039
919 1039
919 1020
865 1020
865 1027
871 1027
871 1033
828 1033
828 1030
806 1030
806 1015
807 1015
807 842
805 842
805 823
817 823
817 815
812 815
812 799
799 799
799 776
821 776
821 778
878 778
878 771
760 771
760 770
810 770
810 766
757 766
757 762
819 762
819 763
838 763
838 759
802 759
802 745
793 745
793 746
800 746
800 758
758 758
758 747
753 747
753 751
750 751
750 764
732 764
732 783
735 783
735 773
744 773
744 772
795 772
795 814
784 814
784 804
791 804
791 794
777 794
777 893
775 893
775 1003
778 1003
778 950
776 950
776 912
782 912
782 844
789 844
789 878
794 878
794 1010
769 1010
769 1024
771 1024
771 1026
785 1026
785 1029
767 1029
767 1012
766 1012
766 970
749 970
749 973
746 973
746 928
726 928
726 932
742 932
742 972
709 972
709 964
644 964
644 937
642 937
642 948
633 948
633 933
626 933
626 863
648 863
648 865
655 865
655 849
606 849
606 792
605 792
605 826
604 826
604 753
611 753
611 757
625 757
625 754
689 754
689 750
710 750
710 756
712 756
712 755
716 755
716 743
695 743
695 738
668 738
668 736
621 736
621 735
595 735
595 734
585 734
585 733
543 733
543 724
561 724
561 709
559 709
559 666
554 666
554 716
527 716
527 712
450 712
450 726
404 726
404 731
354 731
354 728
273 728
273 729
269 729
269 730
252 730
252 723
256 723
256 710
255 710
255 699
237 699
237 684
200 684
200 683
149 683
149 628
144 628
144 626
182 626
182 651
188 651
188 605
195 605
195 365
192 365
192 527
191 527
191 443
179 443
179 348
172 348
172 345
175 345
175 341
174 341
174 335
162 335
162 334
170 334
170 288
160 288
160 282
202 282
202 292
211 292
211 460
231 460
231 456
241 456
241 470
246 470
246 492
271 492
271 490
248 490
248 487
276 487
276 476
266 476
266 459
262 459
262 472
247 472
247 442
253 442
253 449
261 449
261 438
225 438
225 447
217 447
217 413
214 413
214 284
227 284
227 277
236 277
236 252
242 252
242 316
239 316
239 338
238 338
238 352
258 352
258 342
265 342
265 320
257 320
257 340
249 340
249 301
245 301
245 266
300 266
300 268
331 268
331 401
326 401
326 378
324 378
324 568
341 568
341 562
386 562
386 545
391 545
391 423
398 423
398 483
402 483
402 491
394 491
394 503
412 503
412 510
435 510
435 518
442 518
442 564
447 564
447 505
444 505
444 480
452 480
452 362
453 362
453 560
455 560
455 358
457 358
457 353
460 353
460 355
470 355
470 351
529 351
529 441
517 441
517 549
518 549
518 588
510 588
510 547
507 547
507 585
506 585
506 583
502 583
502 565
491 565
491 593
519 593
519 546
530 546
530 599
577 599
577 610
581 610
581 573
578 573
578 548
574 548
574 586
565 586
565 528
569 528
569 543
596 543
596 534
582 534
582 524
544 524
544 554
549 554
549 566
531 566
531 482
521 482
521 477
533 477
533 529
536 529
536 360
534 360
534 344
481 344
481 297
482 297
482 317
515 317
515 324
548 324
548 436
600 436
600 437
588 437
588 440
663 440
663 448
563 448
563 453
613 453
613 457
704 457
704 461
715 461
715 468
629 468
629 478
687 478
687 479
706 479
706 474
721 474
721 458
723 458
723 432
705 432
705 439
640 439
640 433
665 433
665 429
747 429
747 450
740 450
740 485
748 485
748 494
727 494
727 504
761 504
761 511
855 511
855 519
861 519
861 506
873 506
873 411
872 411
872 422
869 422
869 467
853 467
853 307
857 307
857 333
879 333
879 400
894 400
894 331
862 331
862 306
891 306
891 298
915 298
915 278
903 278
903 275
920 275
920 309
947 309
947 343
932 343
932 339
931 339
931 398
939 398
939 425
933 425
933 516
936 516
936 636
946 636
946 619
959 619
959 629
966 629
966 621
985 621
985 693
987 693
987 721
997 721
997 717
994 717
994 698
988 698
988 687
989 687
989 644
1023 644
1023 631
1007 631
1007 634
991 634
991 617
1017 617
1017 616
1026 616
1026 625
1060 625
1060 620
1078 620
1078 602
1073 602
1073 590
1072 590
1072 582
1063 582
1063 579
1080 579
1080 592
1082 592
1082 600
1105 600
1105 633
1112 633
1112 632
1108 632
1108 630
1115 630
1115 601
1123 601
1123 622
1126 622
1126 648
1138 648
1138 624
1140 624
1140 643
1142 643
1142 749
1150 749
1150 737
1144 737
1144 627
1143 627
1143 615
1137 615
1137 589
1153 589
1153 768
1157 768
1157 861
1110 861
1110 864
1145 864
1145 869
1093 869
1093 875
1107 875
1107 876
1104 876
1104 888
1109 888
1109 894
1118 894
1118 987
1103 987
1103 1001
1113 1001
1113 989
1114 989
1114 1006
1187 1006
1187 1004
1232 1004
1232 1008
1236 1008
1236 1007
1250 1007
1250 1002
1128 1002
1128 990
1133 990
1133 956
1125 956
1125 943
1120 943
1120 907
1139 907
1139 900
1135 900
1135 906
1121 906
1121 873
1162 873
1162 870
1165 870
1165 813
1166 813
1166 841
1168 841
1168 831
1167 831
1167 796
1164 796
1164 775
1159 775
1159 761
1154 761
1154 694
1155 694
1155 614
1161 614
1161 587
1122 587
1122 580
1116 580
1116 595
1096 595
1096 594
1092 594
1092 578
1069 578
1069 558
1084 558
1084 544
1098 544
1098 536
1160 536
1160 537
1218 537
1218 495
1224 495
1224 469
1230 469
1230 452
1228 452
1228 332
1222 332
1222 354
1219 354
1219 475
1215 475
1215 408
1217 408
1217 368
1216 368
1216 240
1238 240
1238 234
1211 234
1211 357
1210 357
1210 394
1208 394
1208 259
1204 259
1204 221
1209 221
1209 198
1227 198
1227 224
1231 224
1231 205
1235 205
1235 197
1234 197
1234 194
1249 194
1249 191
1245 191
1245 190
1237 190
1237 192
1203 192
1203 204
1201 204
1201 269
1206 269
1206 318
1207 318
1207 414
1214 414
1214 523
1213 523
1213 525
1183 525
1183 535
1152 535
1152 531
1182 531
1182 498
1200 498
1200 481
1205 481
1205 387
1198 387
1198 385
1193 385
1193 420
1192 420
1192 202
1184 202
1184 203
1190 203
1190 291
1189 291
1189 251
1179 251
1179 326
1172 326
1172 271
1171 271
1171 249
1141 249
1141 245
1131 245
1131 253
1132 253
1132 261
1170 261
1170 285
1148 285
1148 295
1156 295
1156 350
1149 350
1149 392
1147 392
1147 395
1151 395
1151 374
1158 374
1158 371
1163 371
1163 328
1175 328
1175 397
1191 397
1191 451
1178 451
1178 426
1176 426
1176 520
1136 520
1136 507
1091 507
1091 514
1106 514
1106 526
1099 526
1099 532
1067 532
1067 539
1057 539
1057 393
1059 393
1059 445
1062 445
1062 428
1064 428
1064 462
1079 462
1079 455
1068 455
1068 321
1077 321
1077 293
1071 293
1071 250
1065 250
1065 382
1053 382
1053 499
1054 499
1054 424
1056 424
1056 517
1052 517
1052 550
1075 550
1075 552
1051 552
1051 416
1050 416
1050 403
1045 403
1045 509
1043 509
1043 571
1047 571
1047 596
1042 596
1042 465
1039 465
1039 389
1041 389
1041 329
1044 329
1044 323
1049 323
1049 290
1038 290
1038 515
1037 515
1037 577
1035 577
1035 597
1066 597
1066 612
1055 612
1055 609
1048 609
1048 611
942 611
942 603
941 603
941 508
945 508
945 418
944 418
944 386
935 386
935 376
948 376
948 304
930 304
930 286
926 286
926 273
952 273
952 406
950 406
950 489
957 489
957 591
960 591
960 575
1005 575
1005 606
1009 606
1009 581
1008 581
1008 569
1010 569
1010 584
1031 584
1031 604
1027 604
1027 608
1033 608
1033 576
1032 576
1032 570
1024 570
1024 567
998 567
998 574
963 574
963 380
961 380
961 404
953 404
953 287
954 287
954 257
929 257
929 254
927 254
927 267
914 267
914 270
907 270
907 258
909 258
909 256
906 256
906 241
949 241
949 242
995 242
995 243
1015 243
1015 237
1021 237
1021 228
1025 228
1025 215
975 215
975 206
940 206
940 207
938 207
938 210
943 210
943 217
937 217
937 218
986 218
986 216
1018 216
1018 220
1014 220
1014 223
1020 223
1020 226
1013 226
1013 222
955 222
955 230
983 230
983 231
1012 231
1012 227
1019 227
1019 236
1002 236
1002 238
896 238
896 239
888 239
888 272
883 272
883 280
875 280
875 279
860 279
860 302
848 302
848 415
844 415
844 349
842 349
842 369
840 369
840 359
835 359
835 322
834 322
834 289
825 289
825 327
831 327
831 419
849 419
849 315
850 315
850 496
754 496
754 417
768 417
768 409
738 409
738 421
685 421
685 427
599 427
599 430
590 430
590 407
589 407
589 381
575 381
575 379
571 379
571 377
576 377
576 356
564 356
564 363
567 363
567 373
560 373
560 391
551 391
551 310
512 310
512 303
522 303
522 296
446 296
446 311
469 311
469 312
461 312
461 336
454 336
454 346
449 346
449 454
441 454
441 500
415 500
415 486
411 486
411 402
387 402
387 431
385 431
385 463
377 463
377 521
373 521
373 471
372 471
372 405
374 405
374 372
384 372
384 375
419 375
419 412
427 412
427 367
395 367
395 361
366 361
366 366
363 366
363 435
368 435
368 464
360 464
360 434
349 434
349 512
370 512
370 538
355 538
355 542
361 542
361 553
362 553
362 555
379 555
379 559
