122
19 424
19 431
14 431
14 511
7 511
7 567
13 567
13 575
5 575
5 587
40 587
40 746
37 746
37 747
35 747
35 848
23 848
23 859
22 859
22 886
25 886
25 893
1 893
1 895
11 895
11 903
12 903
12 923
16 923
16 1068
17 1068
17 942
18 942
18 912
15 912
15 897
64 897
64 905
80 905
80 901
74 901
74 896
36 896
36 894
31 894
31 888
38 888
38 758
51 758
51 748
56 748
56 767
61 767
61 768
58 768
58 779
48 779
48 788
68 788
68 793
76 793
76 781
78 781
78 739
44 739
44 743
43 743
43 607
41 607
41 585
20 585
20 458
21 458
21 425
47 425
47 460
34 460
34 477
32 477
32 461
27 461
27 478
63 478
63 491
62 491
62 553
57 553
57 531
54 531
54 563
59 563
59 581
49 581
49 588
53 588
53 639
75 639
75 630
67 630
67 593
72 593
72 529
73 529
73 517
69 517
69 516
66 516
66 467
79 467
79 464
52 464
52 463
50 463
50 452
86 452
86 449
88 449
88 440
97 440
97 435
94 435
94 424
