92
39 10
39 26
37 26
37 17
36 17
36 16
33 16
33 18
16 18
16 31
17 31
17 23
30 23
30 27
34 27
34 40
22 40
22 29
18 29
18 41
29 41
29 42
21 42
21 44
40 44
40 45
25 45
25 47
13 47
13 50
56 50
56 48
57 48
57 70
73 70
73 73
75 73
75 74
48 74
48 69
44 69
44 59
43 59
43 53
14 53
14 63
7 63
7 11
1 11
1 14
3 14
3 19
4 19
4 62
5 62
5 30
6 30
6 65
20 65
20 67
23 67
23 58
27 58
27 71
8 71
8 75
19 75
19 76
47 76
47 79
35 79
35 81
53 81
53 77
61 77
61 83
66 83
66 78
84 78
84 66
59 66
59 56
60 56
60 46
51 46
51 49
50 49
50 37
49 37
49 39
41 39
41 10
