236
48 19
48 20
90 20
90 32
50 32
50 93
25 93
25 94
29 94
29 95
9 95
9 144
8 144
8 145
6 145
6 139
3 139
3 131
1 131
1 147
38 147
38 149
42 149
42 150
100 150
100 148
46 148
46 143
57 143
57 141
45 141
45 142
43 142
43 138
36 138
36 140
27 140
27 146
13 146
13 136
15 136
15 102
35 102
35 104
39 104
39 122
34 122
34 130
37 130
37 132
40 132
40 115
41 115
41 101
77 101
77 105
125 105
125 106
80 106
80 108
104 108
104 107
123 107
123 113
133 113
133 119
121 119
121 118
117 118
117 110
105 110
105 112
94 112
94 111
103 111
103 109
89 109
89 124
76 124
76 117
59 117
59 129
56 129
56 133
52 133
52 134
64 134
64 128
93 128
93 127
75 127
75 126
95 126
95 123
98 123
98 121
108 121
108 137
139 137
139 135
114 135
114 114
115 114
115 120
136 120
136 116
134 116
134 88
137 88
137 89
140 89
140 92
146 92
146 90
149 90
149 76
150 76
150 62
148 62
148 87
132 87
132 69
138 69
138 83
144 83
144 29
145 29
145 27
147 27
147 23
143 23
143 12
110 12
110 6
107 6
107 4
101 4
101 7
109 7
109 10
102 10
102 21
106 21
106 16
113 16
113 13
141 13
141 33
142 33
142 67
135 67
135 64
129 64
129 63
112 63
112 59
126 59
126 57
118 57
118 45
111 45
111 65
116 65
116 71
119 71
119 66
120 66
120 84
122 84
122 81
124 81
124 91
127 91
127 74
128 74
128 80
131 80
131 98
130 98
130 103
97 103
97 100
92 100
92 99
20 99
20 97
21 97
21 96
51 96
51 51
66 51
66 50
63 50
63 48
79 48
79 53
58 53
58 78
55 78
55 82
70 82
70 75
62 75
62 72
71 72
71 73
72 73
72 86
81 86
81 85
73 85
73 77
87 77
87 68
60 68
60 61
65 61
65 55
68 55
68 56
84 56
84 40
78 40
78 39
67 39
67 43
53 43
53 38
54 38
54 37
61 37
61 35
74 35
74 34
96 34
96 19
