382
124 1
124 14
111 14
111 13
108 13
108 15
128 15
128 18
106 18
106 2
102 2
102 23
94 23
94 22
96 22
96 21
92 21
92 28
74 28
74 8
87 8
87 6
84 6
84 3
77 3
77 5
62 5
62 7
61 7
61 16
58 16
58 10
27 10
27 12
15 12
15 9
6 9
6 19
16 19
16 20
51 20
51 17
73 17
73 24
71 24
71 53
72 53
72 117
82 117
82 145
79 145
79 161
83 161
83 168
35 168
35 167
52 167
52 166
60 166
60 147
70 147
70 144
68 144
68 129
64 129
64 90
69 90
69 59
67 59
67 41
66 41
66 40
65 40
65 87
57 87
57 106
63 106
63 134
59 134
59 153
47 153
47 137
29 137
29 136
34 136
34 135
36 135
36 124
38 124
38 123
33 123
33 107
12 107
12 104
8 104
8 102
24 102
24 92
46 92
46 93
49 93
49 80
53 80
53 105
54 105
54 73
25 73
25 65
19 65
19 77
42 77
42 88
7 88
7 195
3 195
3 198
2 198
2 199
1 199
1 200
5 200
5 197
4 197
4 196
9 196
9 108
28 108
28 109
31 109
31 126
20 126
20 127
13 127
13 142
45 142
45 143
39 143
39 148
44 148
44 164
41 164
41 165
11 165
11 178
18 178
18 190
10 190
10 191
14 191
14 193
23 193
23 187
32 187
32 183
30 183
30 179
21 179
21 173
22 173
22 169
85 169
85 139
86 139
86 125
88 125
88 116
90 116
90 162
118 162
118 159
134 159
134 158
119 158
119 151
141 151
141 152
148 152
148 171
149 171
149 172
157 172
157 174
159 174
159 188
138 188
138 189
140 189
140 192
160 192
160 177
165 177
165 176
166 176
166 128
153 128
153 133
163 133
163 138
161 138
161 170
152 170
152 154
150 154
150 150
123 150
123 141
129 141
129 140
139 140
139 131
120 131
120 130
115 130
115 120
112 120
112 71
113 71
113 111
121 111
121 119
127 119
127 114
126 114
126 101
133 101
133 112
142 112
142 98
130 98
130 94
116 94
116 84
114 84
114 79
132 79
132 76
122 76
122 69
117 69
117 66
136 66
136 67
145 67
145 74
151 74
151 75
156 75
156 70
146 70
146 64
125 64
125 62
158 62
158 83
164 83
164 89
162 89
162 96
167 96
167 57
105 57
105 54
131 54
131 51
137 51
137 49
107 49
107 52
101 52
101 56
98 56
98 95
104 95
104 91
100 91
100 60
103 60
103 78
110 78
110 132
109 132
109 160
97 160
97 110
95 110
95 113
75 113
75 44
76 44
76 86
91 86
91 81
78 81
78 42
80 42
80 46
81 46
81 32
99 32
99 34
155 34
155 33
182 33
182 36
183 36
183 97
177 97
177 72
175 72
175 121
172 121
172 156
171 156
171 68
168 68
168 115
170 115
170 155
169 155
169 180
173 180
173 163
174 163
174 181
176 181
176 185
178 185
178 194
189 194
189 186
190 186
190 184
188 184
188 182
187 182
187 175
181 175
181 149
180 149
180 146
179 146
179 118
186 118
186 82
185 82
185 39
184 39
184 30
154 30
154 31
89 31
89 29
191 29
191 45
192 45
192 43
193 43
193 47
195 47
195 100
196 100
196 103
197 103
197 157
198 157
198 122
199 122
199 99
200 99
200 38
194 38
194 27
147 27
147 26
93 26
93 25
143 25
143 11
135 11
135 4
144 4
144 1
