178
92 23
92 28
71 28
71 53
72 53
72 117
82 117
82 145
79 145
79 161
83 161
83 168
35 168
35 167
52 167
52 166
60 166
60 153
47 153
47 137
29 137
29 136
34 136
34 135
36 135
36 124
38 124
38 123
33 123
33 107
7 107
7 195
3 195
3 198
2 198
2 199
1 199
1 200
5 200
5 197
4 197
4 196
9 196
9 108
28 108
28 109
31 109
31 126
20 126
20 127
13 127
13 142
45 142
45 143
39 143
39 148
44 148
44 164
41 164
41 165
11 165
11 178
18 178
18 190
10 190
10 191
14 191
14 193
23 193
23 187
32 187
32 183
30 183
30 179
21 179
21 173
22 173
22 169
85 169
85 139
86 139
86 125
88 125
88 116
97 116
97 113
75 113
75 44
76 44
76 86
91 86
91 81
78 81
78 42
80 42
80 46
81 46
81 32
99 32
99 34
155 34
155 33
182 33
182 36
183 36
183 97
177 97
177 72
175 72
175 121
172 121
172 156
171 156
171 68
168 68
168 115
170 115
170 155
169 155
169 180
173 180
173 163
174 163
174 181
176 181
176 185
178 185
178 194
189 194
189 186
190 186
190 184
188 184
188 182
187 182
187 175
181 175
181 149
180 149
180 146
179 146
179 118
186 118
186 82
185 82
185 39
184 39
184 30
154 30
154 31
89 31
89 29
191 29
191 45
192 45
192 43
193 43
193 47
195 47
195 100
196 100
196 103
197 103
197 157
198 157
198 122
199 122
199 99
200 99
200 38
194 38
194 27
147 27
147 26
93 26
93 25
143 25
143 23
