1220
21 571
21 624
1 624
1 626
25 626
25 745
14 745
14 714
19 714
19 701
11 701
11 777
10 777
10 673
7 673
7 835
4 835
4 844
58 844
58 848
84 848
84 845
89 845
89 846
93 846
93 798
87 798
87 806
86 806
86 772
78 772
78 807
82 807
82 819
90 819
90 829
9 829
9 824
15 824
15 820
32 820
32 783
24 783
24 769
126 769
126 767
22 767
22 761
48 761
48 747
51 747
51 728
59 728
59 718
39 718
39 692
34 692
34 652
33 652
33 709
31 709
31 651
44 651
44 625
74 625
74 606
54 606
54 601
35 601
35 648
30 648
30 735
40 735
40 738
46 738
46 724
50 724
50 744
26 744
26 596
28 596
28 572
91 572
91 575
96 575
96 668
116 668
116 670
117 670
117 661
111 661
111 640
219 640
219 635
251 635
251 655
258 655
258 602
267 602
267 654
269 654
269 630
291 630
291 696
392 696
392 694
459 694
459 707
434 707
434 725
554 725
554 776
563 776
563 756
561 756
561 734
571 734
571 757
572 757
572 784
533 784
533 768
522 768
522 762
433 762
433 753
399 753
399 737
362 737
362 746
309 746
309 758
324 758
324 774
298 774
298 797
292 797
292 730
181 730
181 731
192 731
192 743
263 743
263 748
261 748
261 782
259 782
259 792
274 792
274 808
242 808
242 790
207 790
207 800
187 800
187 781
182 781
182 759
169 759
169 831
173 831
173 847
201 847
201 850
210 850
210 849
221 849
221 836
237 836
237 839
239 839
239 821
282 821
282 794
286 794
286 799
303 799
303 838
289 838
289 853
285 853
285 860
248 860
248 858
171 858
171 867
197 867
197 864
246 864
246 882
252 882
252 892
413 892
413 891
439 891
439 911
620 911
620 912
621 912
621 915
613 915
613 924
222 924
222 921
306 921
306 920
256 920
256 917
233 917
233 905
224 905
224 894
145 894
145 963
550 963
550 965
568 965
568 976
415 976
415 971
312 971
312 966
158 966
158 969
129 969
129 951
118 951
118 970
236 970
236 973
348 973
348 977
374 977
374 981
448 981
448 978
500 978
500 982
597 982
597 985
1138 985
1138 993
1114 993
1114 996
1107 996
1107 990
992 990
992 1008
813 1008
813 998
789 998
789 1015
681 1015
681 1014
619 1014
619 1004
409 1004
409 995
523 995
523 994
393 994
393 1006
537 1006
537 1005
616 1005
616 1007
598 1007
598 1011
583 1011
583 1016
866 1016
866 1012
939 1012
939 1009
998 1009
998 1013
999 1013
999 1010
1023 1010
1023 1003
995 1003
995 1000
1039 1000
1039 999
1077 999
1077 997
1141 997
1141 988
1140 988
1140 987
1162 987
1162 1021
1170 1021
1170 1028
1186 1028
1186 1044
1078 1044
1078 1038
1030 1038
1030 1041
1065 1041
1065 1057
911 1057
911 1056
861 1056
861 1049
774 1049
774 1045
765 1045
765 1042
936 1042
936 1030
863 1030
863 1029
819 1029
819 1032
842 1032
842 1033
924 1033
924 1039
864 1039
864 1040
806 1040
806 1036
790 1036
790 1037
756 1037
756 1063
732 1063
732 1050
713 1050
713 1025
948 1025
948 1027
955 1027
955 1026
1017 1026
1017 1023
894 1023
894 1022
1147 1022
1147 1020
1000 1020
1000 1019
886 1019
886 1024
687 1024
687 1018
686 1018
686 1034
673 1034
673 1084
672 1084
672 1082
666 1082
666 1085
671 1085
671 1113
657 1113
657 1163
649 1163
649 1172
668 1172
668 1190
667 1190
667 1176
641 1176
641 1134
633 1134
633 1087
628 1087
628 1132
601 1132
601 1150
631 1150
631 1154
637 1154
637 1199
510 1199
510 1201
452 1201
452 1188
466 1188
466 1196
475 1196
475 1175
512 1175
512 1114
511 1114
511 1141
507 1141
507 1100
502 1100
502 1123
178 1123
178 1119
230 1119
230 1108
228 1108
228 1098
163 1098
163 1097
152 1097
152 1090
139 1090
139 1094
127 1094
127 1099
108 1099
108 1075
107 1075
107 1074
135 1074
135 1035
131 1035
131 1072
106 1072
106 1077
94 1077
94 1095
81 1095
81 1092
83 1092
83 1083
75 1083
75 1048
72 1048
72 1017
65 1017
65 1031
43 1031
43 1046
37 1046
37 1060
41 1060
41 1211
42 1211
42 1058
56 1058
56 1067
62 1067
62 1078
63 1078
63 1052
70 1052
70 1086
76 1086
76 1091
73 1091
73 1093
61 1093
61 1096
60 1096
60 1103
134 1103
134 1105
142 1105
142 1101
202 1101
202 1116
146 1116
146 1121
138 1121
138 1143
144 1143
144 1147
360 1147
360 1146
372 1146
372 1137
255 1137
255 1135
243 1135
243 1139
199 1139
199 1129
153 1129
153 1126
162 1126
162 1127
391 1127
391 1128
465 1128
465 1125
492 1125
492 1155
489 1155
489 1169
370 1169
370 1165
368 1165
368 1177
451 1177
451 1184
402 1184
402 1189
435 1189
435 1191
427 1191
427 1200
184 1200
184 1210
183 1210
183 1197
180 1197
180 1212
347 1212
347 1217
264 1217
264 1215
164 1215
164 1209
165 1209
165 1182
157 1182
157 1220
225 1220
225 1223
354 1223
354 1206
401 1206
401 1232
430 1232
430 1233
517 1233
517 1231
722 1231
722 1230
907 1230
907 1234
701 1234
701 1235
445 1235
445 1236
707 1236
707 1237
579 1237
579 1238
212 1238
212 1246
278 1246
278 1249
346 1249
346 1248
709 1248
709 1247
341 1247
341 1241
702 1241
702 1243
652 1243
652 1244
844 1244
844 1242
779 1242
779 1240
961 1240
961 1239
971 1239
971 1185
969 1185
969 1183
953 1183
953 1136
1007 1136
1007 1178
1012 1178
1012 1250
1025 1250
1025 1181
1027 1181
1027 1142
1051 1142
1051 1157
1067 1157
1067 1161
1048 1161
1048 1194
1041 1194
1041 1224
1047 1224
1047 1226
1050 1226
1050 1195
1055 1195
1055 1173
1079 1173
1079 1149
1122 1149
1122 1171
1110 1171
1110 1193
1218 1193
1218 1204
1220 1204
1220 1192
1189 1192
1189 1186
1179 1186
1179 1180
1125 1180
1125 1179
1132 1179
1132 1148
1083 1148
1083 1133
1022 1133
1022 1245
1018 1245
1018 1174
1011 1174
1011 1151
1021 1151
1021 1124
963 1124
963 1118
1111 1118
1111 1120
1133 1120
1133 1107
956 1107
956 1104
925 1104
925 1102
923 1102
923 1106
915 1106
915 1109
1049 1109
1049 1110
920 1110
920 1111
1123 1111
1123 1117
1020 1117
1020 1112
952 1112
952 1158
929 1158
929 1156
916 1156
916 1187
908 1187
908 1198
933 1198
933 1218
950 1218
950 1229
750 1229
750 1225
760 1225
760 1222
761 1222
761 1221
746 1221
746 1228
731 1228
731 1227
426 1227
426 1205
463 1205
463 1214
498 1214
498 1208
484 1208
484 1203
604 1203
604 1219
610 1219
610 1216
617 1216
617 1213
624 1213
624 1207
642 1207
642 1202
674 1202
674 1170
836 1170
836 1168
887 1168
887 1167
663 1167
663 1166
773 1166
773 1164
786 1164
786 1152
822 1152
822 1145
815 1145
815 1122
803 1122
803 1115
792 1115
792 1140
785 1140
785 1130
741 1130
741 1131
730 1131
730 1138
720 1138
720 1088
706 1088
706 1089
717 1089
717 1144
700 1144
700 1153
759 1153
759 1159
777 1159
777 1160
745 1160
745 1162
675 1162
675 1043
711 1043
711 1051
723 1051
723 1065
801 1065
801 1055
848 1055
848 1061
909 1061
909 1062
888 1062
888 1066
763 1066
763 1070
734 1070
734 1068
712 1068
712 1080
751 1080
751 1081
797 1081
797 1079
930 1079
930 1076
829 1076
829 1071
874 1071
874 1069
974 1069
974 1064
982 1064
982 1059
1105 1059
1105 1053
1117 1053
1117 1054
1196 1054
1196 1047
1197 1047
1197 1073
1204 1073
1204 1001
1210 1001
1210 989
1201 989
1201 991
1208 991
1208 992
1180 992
1180 1002
1163 1002
1163 986
1206 986
1206 948
1207 948
1207 955
1237 955
1237 950
1222 950
1222 936
1223 936
1223 903
1239 903
1239 952
1249 952
1249 947
1250 947
1250 855
1248 855
1248 739
1247 739
1247 773
1246 773
1246 873
1245 873
1245 708
1244 708
1244 688
1238 688
1238 740
1243 740
1243 870
1242 870
1242 878
1232 878
1232 813
1230 813
1230 755
1236 755
1236 726
1231 726
1231 678
1233 678
1233 659
1241 659
1241 562
1240 562
1240 618
1235 618
1235 551
1234 551
1234 598
1229 598
1229 865
1225 865
1225 830
1216 830
1216 827
1226 827
1226 791
1212 791
1212 752
1215 752
1215 736
1227 736
1227 851
1228 851
1228 657
1224 657
1224 637
1190 637
1190 621
1188 621
1188 560
1199 560
1199 510
1203 510
1203 508
1182 508
1182 632
1181 632
1181 629
1178 629
1178 541
1175 541
1175 527
1172 527
1172 556
1160 556
1160 594
1164 594
1164 558
1167 558
1167 611
1169 611
1169 642
1174 642
1174 666
1200 666
1200 647
1214 647
1214 742
1213 742
1213 671
1209 671
1209 833
1217 833
1217 842
1193 842
1193 843
1211 843
1211 877
1221 877
1221 954
1219 954
1219 889
1202 889
1202 908
1205 908
1205 942
1185 942
1185 961
1177 961
1177 956
1165 956
1165 964
1153 964
1153 975
1187 975
1187 979
1191 979
1191 972
1194 972
1194 984
698 984
698 980
664 980
664 974
656 974
656 983
635 983
635 968
585 968
585 967
599 967
599 960
615 960
615 958
534 958
534 957
323 957
323 959
588 959
588 962
150 962
150 944
154 944
154 933
161 933
161 925
573 925
573 926
410 926
410 929
506 929
506 928
632 928
632 922
660 922
660 919
695 919
695 927
735 927
735 923
715 923
715 916
676 916
676 910
835 910
835 913
987 913
987 934
996 934
996 935
968 935
968 939
753 939
753 938
808 938
808 931
799 931
799 930
716 930
716 940
758 940
758 943
983 943
983 945
940 945
940 949
986 949
986 941
991 941
991 937
1009 937
1009 817
1043 817
1043 823
1073 823
1073 859
1031 859
1031 866
1056 866
1056 914
1070 914
1070 946
1060 946
1060 953
1071 953
1071 918
1075 918
1075 814
854 814
854 811
814 811
814 810
833 810
833 803
839 803
839 770
834 770
834 801
828 801
828 750
832 750
832 650
831 650
831 578
843 578
843 533
870 533
870 609
859 609
859 587
857 587
857 589
837 589
837 607
858 607
858 620
867 620
867 631
876 631
876 627
872 627
872 511
896 511
896 550
897 550
897 561
878 561
878 567
902 567
902 716
926 716
926 721
1029 721
1029 722
1052 722
1052 719
1109 719
1109 713
1103 713
1103 695
1092 695
1092 702
1089 702
1089 677
1104 677
1104 676
1098 676
1098 576
1094 576
1094 554
1118 554
1118 547
1096 547
1096 540
1069 540
1069 481
1042 481
1042 485
1057 485
1057 498
1061 498
1061 543
1040 543
1040 530
1038 530
1038 462
1015 462
1015 457
984 457
984 458
989 458
989 460
966 460
966 517
944 517
944 519
977 519
977 483
978 483
978 477
994 477
994 466
993 466
993 464
1004 464
1004 488
980 488
980 516
1003 516
1003 493
1013 493
1013 521
1036 521
1036 538
1019 538
1019 544
1090 544
1090 623
1093 623
1093 672
1068 672
1068 697
1066 697
1066 704
1014 704
1014 706
1002 706
1002 710
1037 710
1037 720
941 720
941 712
906 712
906 545
900 545
900 509
852 509
852 518
840 518
840 539
818 539
818 595
826 595
826 649
805 649
805 653
811 653
811 727
748 727
748 733
821 733
821 684
825 684
825 793
817 793
817 802
719 802
719 805
743 805
743 804
783 804
783 809
764 809
764 812
851 812
851 815
1008 815
1008 822
997 822
997 826
951 826
951 828
1005 828
1005 869
1006 869
1006 932
990 932
990 909
824 909
824 907
447 907
447 901
467 901
467 899
493 899
493 898
931 898
931 897
488 897
488 890
283 890
283 874
250 874
250 862
299 862
299 840
327 840
327 816
313 816
313 796
302 796
302 795
311 795
311 779
340 779
340 751
356 751
356 749
373 749
373 741
397 741
397 754
398 754
398 763
515 763
515 780
509 780
509 786
592 786
592 778
574 778
574 723
455 723
455 715
487 715
487 693
293 693
293 600
254 600
254 622
166 622
166 628
186 628
186 639
122 639
122 612
112 612
112 571
