124
63 134
63 127
57 127
57 113
61 113
61 62
58 62
58 13
22 13
22 35
23 35
23 45
25 45
25 52
18 52
18 82
8 82
8 112
6 112
6 218
5 218
5 182
1 182
1 213
2 213
2 245
4 245
4 247
12 247
12 223
14 223
14 226
16 226
16 217
9 217
9 227
7 227
7 171
10 171
10 187
13 187
13 147
11 147
11 92
15 92
15 91
17 91
17 85
19 85
19 131
27 131
27 160
31 160
31 153
38 153
38 118
41 118
41 98
35 98
35 114
37 114
37 136
33 136
33 145
28 145
28 124
21 124
21 78
20 78
20 63
24 63
24 57
26 57
26 20
36 20
36 41
29 41
29 58
30 58
30 64
40 64
40 61
32 61
32 51
42 51
42 14
52 14
52 19
45 19
45 97
47 97
47 23
55 23
55 73
56 73
56 146
54 146
54 26
51 26
51 88
49 88
49 104
50 104
50 105
53 105
53 142
48 142
48 149
86 149
86 148
132 148
132 140
134 140
134 150
140 150
140 126
131 126
131 144
103 144
103 143
87 143
87 138
70 138
70 134
