324
178 138
178 135
182 135
182 107
206 107
206 106
186 106
186 103
179 103
179 91
201 91
201 88
188 88
188 81
172 81
172 67
171 67
171 65
122 65
122 63
57 63
57 77
44 77
44 70
43 70
43 51
45 51
45 54
81 54
81 58
100 58
100 56
94 56
94 28
88 28
88 30
87 30
87 20
78 20
78 24
77 24
77 14
71 14
71 7
42 7
42 8
40 8
40 3
34 3
34 18
39 18
39 9
52 9
52 15
54 15
54 16
61 16
61 21
67 21
67 36
59 36
59 38
56 38
56 41
74 41
74 29
86 29
86 31
90 31
90 44
93 44
93 48
84 48
84 47
29 47
29 57
23 57
23 49
17 49
17 60
18 60
18 68
30 68
30 50
36 50
36 52
41 52
41 79
64 79
64 89
8 89
8 87
4 87
4 78
1 78
1 96
6 96
6 100
7 100
7 97
31 97
31 93
76 93
76 75
62 75
62 71
79 71
79 76
82 76
82 92
80 92
80 95
85 95
85 66
58 66
58 64
89 64
89 83
92 83
92 86
108 86
108 82
98 82
98 69
131 69
131 73
134 73
134 74
167 74
167 80
154 80
154 118
138 118
138 108
128 108
128 105
148 105
148 101
142 101
142 102
126 102
126 104
111 104
111 191
110 191
110 117
106 117
106 130
99 130
99 133
101 133
101 173
96 173
96 139
63 139
63 136
69 136
69 129
75 129
75 126
83 126
83 125
68 125
68 128
49 128
49 157
60 157
60 160
50 160
50 175
70 175
70 154
72 154
72 145
91 145
91 149
95 149
95 181
103 181
103 179
105 179
105 170
102 170
102 141
107 141
107 201
109 201
109 204
115 204
115 146
116 146
116 137
113 137
113 121
117 121
117 167
118 167
118 188
120 188
120 218
55 218
55 214
53 214
53 194
48 194
48 195
38 195
38 148
37 148
37 143
24 143
24 156
20 156
20 166
26 166
26 189
16 189
16 241
15 241
15 246
19 246
19 247
12 247
12 237
14 237
14 177
13 177
13 184
10 184
10 207
11 207
11 215
9 215
9 249
21 249
21 200
22 200
22 199
25 199
25 190
27 190
27 182
28 182
28 161
32 161
32 174
33 174
33 205
35 205
35 211
46 211
46 206
47 206
47 216
51 216
51 221
73 221
73 227
104 227
104 229
114 229
114 222
97 222
97 220
119 220
119 219
121 219
121 208
123 208
123 114
127 114
127 124
133 124
133 109
137 109
137 123
146 123
146 122
155 122
155 116
156 116
156 84
180 84
180 85
165 85
165 90
177 90
177 120
176 120
176 119
174 119
174 134
141 134
141 162
140 162
140 150
135 150
135 164
139 164
139 165
130 165
130 163
124 163
124 203
147 203
147 210
136 210
136 223
143 223
143 238
153 238
153 198
149 198
149 197
125 197
125 183
129 183
129 178
132 178
132 171
150 171
150 168
145 168
145 138
