272
16 1
16 6
17 6
17 3
23 3
23 4
78 4
78 5
88 5
88 24
87 24
87 7
86 7
86 14
79 14
79 27
80 27
80 34
74 34
74 37
76 37
76 40
81 40
81 135
66 135
66 87
68 87
68 80
70 80
70 95
69 95
69 107
72 107
72 79
71 79
71 74
75 74
75 70
63 70
63 84
62 84
62 48
64 48
64 39
57 39
57 45
50 45
50 55
51 55
51 69
52 69
52 73
49 73
49 78
53 78
53 67
56 67
56 66
61 66
61 89
65 89
65 137
73 137
73 143
59 143
59 118
60 118
60 112
55 112
55 105
54 105
54 127
35 127
35 104
39 104
39 61
48 61
48 43
46 43
46 46
40 46
40 47
6 47
6 68
2 68
2 110
1 110
1 150
3 150
3 100
5 100
5 131
7 131
7 65
8 65
8 62
10 62
10 123
11 123
11 54
9 54
9 52
45 52
45 57
33 57
33 58
31 58
31 111
32 111
32 141
30 141
30 125
29 125
29 108
24 108
24 114
19 114
19 116
18 116
18 122
28 122
28 139
27 139
27 138
26 138
26 145
25 145
25 149
36 149
36 132
34 132
34 128
37 128
37 140
58 140
58 147
77 147
77 146
85 146
85 76
84 76
84 142
82 142
82 113
83 113
83 36
89 36
89 8
90 8
90 22
91 22
91 17
98 17
98 13
99 13
99 85
121 85
121 88
125 88
125 90
135 90
135 91
111 91
111 101
103 101
103 94
93 94
93 99
97 99
97 103
117 103
117 120
115 120
115 129
112 129
112 106
106 106
106 126
94 126
94 134
96 134
96 148
105 148
105 144
110 144
110 130
130 130
130 124
129 124
129 98
128 98
128 119
126 119
126 117
118 117
118 93
137 93
137 92
138 92
138 86
140 86
140 97
142 97
142 115
143 115
143 133
146 133
146 136
149 136
149 121
150 121
150 109
147 109
147 102
145 102
145 96
144 96
144 83
124 83
124 81
127 81
127 51
131 51
131 59
132 59
132 56
133 56
133 50
123 50
123 71
119 71
119 49
136 49
136 42
139 42
139 41
148 41
148 30
141 30
141 33
134 33
134 44
120 44
120 35
113 35
113 53
116 53
116 64
114 64
114 75
122 75
122 82
100 82
100 38
104 38
104 77
108 77
108 72
109 72
109 60
107 60
107 25
102 25
102 26
101 26
101 10
95 10
95 15
92 15
92 2
67 2
67 1
