420
75 1
75 7
78 7
78 20
70 20
70 24
74 24
74 27
80 27
80 30
69 30
69 42
83 42
83 43
79 43
79 56
81 56
81 81
102 81
102 85
101 85
101 88
92 88
92 89
103 89
103 91
109 91
109 76
125 76
125 51
126 51
126 49
107 49
107 15
112 15
112 28
128 28
128 25
120 25
120 22
135 22
135 21
142 21
142 74
139 74
139 58
137 58
137 79
132 79
132 104
136 104
136 126
152 126
152 115
159 115
159 118
166 118
166 160
151 160
151 141
104 141
104 158
95 158
95 143
94 143
94 156
88 156
88 175
93 175
93 183
96 183
96 182
99 182
99 166
108 166
108 178
111 178
111 188
134 188
134 187
147 187
147 186
117 186
117 172
119 172
119 174
131 174
131 179
133 179
133 170
116 170
116 159
130 159
130 165
138 165
138 163
158 163
158 169
190 169
190 167
194 167
194 135
196 135
196 106
199 106
199 100
213 100
213 108
232 108
232 114
217 114
217 116
215 116
215 133
216 133
216 119
230 119
230 134
220 134
220 177
222 177
222 155
246 155
246 226
231 226
231 223
208 223
208 222
218 222
218 220
203 220
203 216
204 216
204 200
123 200
123 199
18 199
18 184
16 184
16 181
15 181
15 151
14 151
14 139
20 139
20 132
19 132
19 136
8 136
8 145
7 145
7 150
11 150
11 189
4 189
4 190
1 190
1 191
2 191
2 192
3 192
3 197
10 197
10 224
5 224
5 248
9 248
9 239
6 239
6 238
13 238
13 230
22 230
22 244
21 244
21 247
77 247
77 237
97 237
97 249
118 249
118 250
129 250
129 246
105 246
105 245
153 245
153 241
164 241
164 236
184 236
184 234
186 234
186 233
180 233
180 232
212 232
212 231
144 231
144 240
113 240
113 235
65 235
65 243
41 243
41 242
25 242
25 227
24 227
24 219
17 219
17 205
12 205
12 201
121 201
121 202
154 202
154 208
98 208
98 207
82 207
82 204
72 204
72 206
59 206
59 218
68 218
68 210
71 210
71 211
76 211
76 214
175 214
175 215
183 215
183 212
160 212
160 203
198 203
198 221
193 221
193 213
187 213
187 217
191 217
191 225
207 225
207 229
223 229
223 228
247 228
247 195
248 195
248 209
249 209
249 142
245 142
245 98
244 98
244 97
241 97
241 137
239 137
239 120
234 120
234 110
238 110
238 109
237 109
237 101
228 101
228 95
225 95
225 93
224 93
224 99
185 99
185 112
192 112
192 131
188 131
188 154
179 154
179 124
182 124
182 107
177 107
177 127
176 127
176 69
181 69
181 55
174 55
174 129
178 129
178 140
171 140
171 125
169 125
169 144
170 144
170 147
167 147
167 96
157 96
157 94
148 94
148 111
141 111
141 103
140 103
140 87
143 87
143 26
145 26
145 44
165 44
165 36
163 36
163 34
210 34
210 38
189 38
189 35
173 35
173 41
200 41
200 47
201 47
201 67
205 67
205 82
211 82
211 61
226 61
226 68
243 68
243 65
233 65
233 63
236 63
236 62
229 62
229 59
227 59
227 57
221 57
221 60
209 60
209 54
206 54
206 46
235 46
235 48
240 48
240 53
250 53
250 50
242 50
242 45
202 45
202 40
219 40
219 32
214 32
214 33
146 33
146 23
156 23
156 18
168 18
168 17
155 17
155 16
197 16
197 5
195 5
195 14
172 14
172 3
149 3
149 4
127 4
127 6
114 6
114 8
162 8
162 9
110 9
110 10
161 10
161 11
150 11
150 19
122 19
122 12
106 12
106 39
100 39
100 52
124 52
124 66
91 66
91 71
115 71
115 75
86 75
86 73
84 73
84 37
73 37
73 31
89 31
89 29
90 29
90 13
87 13
87 2
85 2
85 1
