182
1 1
1 2
51 2
51 8
47 8
47 80
118 80
118 85
99 85
99 82
98 82
98 91
124 91
124 109
117 109
117 105
116 105
116 107
52 107
52 118
94 118
94 117
111 117
111 129
48 129
48 128
41 128
41 127
81 127
81 124
42 124
42 86
45 86
45 71
31 71
31 47
38 47
38 53
44 53
44 44
30 44
30 64
28 64
28 81
34 81
34 98
23 98
23 59
24 59
24 40
27 40
27 37
29 37
29 33
18 33
18 32
17 32
17 39
20 39
20 84
9 84
9 95
13 95
13 130
12 130
12 257
8 257
8 9
25 9
25 28
26 28
26 3
15 3
15 4
21 4
21 5
2 5
2 262
3 262
3 73
4 73
4 77
7 77
7 112
5 112
5 172
6 172
6 264
10 264
10 289
11 289
11 299
14 299
14 115
19 115
19 119
22 119
22 108
16 108
16 100
33 100
33 102
35 102
35 76
36 76
36 110
39 110
39 152
40 152
40 164
83 164
83 171
73 171
73 176
37 176
37 177
80 177
80 263
84 263
84 265
82 265
82 297
86 297
86 273
89 273
89 304
78 304
78 318
88 318
88 326
93 326
93 379
95 379
95 424
90 424
90 414
56 414
56 427
60 427
60 463
114 463
114 459
115 459
115 461
120 461
120 458
62 458
62 423
71 423
71 432
96 432
96 245
85 245
85 237
91 237
91 210
92 210
92 159
43 159
43 158
46 158
46 132
122 132
122 126
126 126
126 113
131 113
131 104
125 104
125 79
50 79
50 68
87 68
87 67
53 67
53 66
49 66
49 21
67 21
67 16
54 16
54 1
