238
171 52
171 51
177 51
177 37
167 37
167 23
139 23
139 42
144 42
144 84
134 84
134 92
126 92
126 93
84 93
84 85
68 85
68 86
70 86
70 94
123 94
123 97
92 97
92 107
81 107
81 128
71 128
71 111
48 111
48 98
40 98
40 130
45 130
45 116
50 116
50 126
62 126
62 131
83 131
83 134
58 134
58 136
33 136
33 91
23 91
23 45
36 45
36 11
9 11
9 31
11 31
11 194
10 194
10 209
5 209
5 214
3 214
3 219
1 219
1 243
2 243
2 225
4 225
4 224
6 224
6 229
8 229
8 244
19 244
19 220
25 220
25 213
7 213
7 210
12 210
12 187
14 187
14 197
15 197
15 153
21 153
21 148
17 148
17 146
16 146
16 143
13 143
13 13
27 13
27 17
34 17
34 43
26 43
26 20
18 20
18 58
20 58
20 26
22 26
22 95
24 95
24 133
31 133
31 137
54 137
54 138
67 138
67 142
53 142
53 139
51 139
51 158
61 158
61 152
73 152
73 155
87 155
87 193
79 193
79 211
88 211
88 129
89 129
89 227
85 227
85 221
65 221
65 218
43 218
43 216
77 216
77 212
46 212
46 215
39 215
39 217
38 217
38 222
80 222
80 226
56 226
56 223
41 223
41 245
49 245
49 240
47 240
47 232
72 232
72 231
75 231
75 235
74 235
74 239
115 239
115 241
111 241
111 242
109 242
109 247
37 247
37 250
64 250
64 249
66 249
66 248
122 248
122 246
128 246
128 237
127 237
127 234
113 234
113 233
120 233
120 230
104 230
104 238
78 238
78 236
76 236
76 228
90 228
90 125
82 125
82 109
100 109
100 106
118 106
118 105
137 105
137 103
135 103
135 100
143 100
143 89
145 89
145 29
146 29
146 24
152 24
152 27
163 27
163 48
166 48
166 50
151 50
151 53
162 53
162 68
150 68
150 112
181 112
181 120
130 120
130 119
116 119
116 115
112 115
112 117
91 117
91 157
102 157
102 154
97 154
97 121
187 121
187 110
155 110
155 104
161 104
161 101
169 101
169 96
164 96
164 67
165 67
165 52
