494
5 46
5 114
4 114
4 256
2 256
2 205
3 205
3 151
1 151
1 319
9 319
9 341
15 341
15 343
14 343
14 367
13 367
13 366
11 366
11 493
18 493
18 431
16 431
16 334
12 334
12 321
10 321
10 317
6 317
6 237
8 237
8 77
7 77
7 50
30 50
30 74
21 74
21 75
36 75
36 73
44 73
44 90
43 90
43 166
26 166
26 167
20 167
20 222
28 222
28 207
31 207
31 169
50 169
50 244
24 244
24 251
37 251
37 322
29 322
29 420
23 420
23 338
19 338
19 352
22 352
22 438
25 438
25 441
34 441
34 476
35 476
35 336
39 336
39 325
42 325
42 345
45 345
45 434
52 434
52 354
62 354
62 348
65 348
65 375
58 375
58 615
60 615
60 508
71 508
71 684
69 684
69 670
67 670
67 792
72 792
72 912
63 912
63 978
59 978
59 1067
54 1067
54 946
53 946
53 1013
46 1013
46 1022
48 1022
48 1068
61 1068
61 1147
68 1147
68 1245
64 1245
64 1267
66 1267
66 1440
78 1440
78 1445
135 1445
135 1443
148 1443
148 1433
86 1433
86 1415
128 1415
128 1408
92 1408
92 1386
102 1386
102 1309
98 1309
98 1305
133 1305
133 1302
178 1302
178 1292
156 1292
156 1010
168 1010
168 1128
173 1128
173 1229
167 1229
167 1131
159 1131
159 1159
162 1159
162 1199
161 1199
161 1280
160 1280
160 1286
163 1286
163 1253
175 1253
175 1091
176 1091
176 908
174 908
174 749
157 749
157 806
166 806
166 821
165 821
165 872
158 872
158 960
172 960
172 1104
170 1104
170 962
155 962
155 956
154 956
154 967
153 967
153 975
151 975
151 858
141 858
141 876
140 876
140 972
143 972
143 1179
145 1179
145 1034
144 1034
144 986
150 986
150 1019
149 1019
149 1289
146 1289
146 1293
137 1293
137 1277
136 1277
136 1250
129 1250
129 1211
107 1211
107 1148
121 1148
121 1076
120 1076
120 1075
130 1075
130 919
127 919
127 744
186 744
186 735
196 735
196 1114
195 1114
195 1217
198 1217
198 1252
194 1252
194 1287
200 1287
200 1313
193 1313
193 1163
191 1163
191 1426
187 1426
187 1343
184 1343
184 1455
189 1455
189 1480
226 1480
226 1678
227 1678
227 1689
225 1689
225 1515
223 1515
223 1648
224 1648
224 1782
291 1782
291 1770
310 1770
310 1792
316 1792
316 1786
326 1786
326 1793
321 1793
321 1796
333 1796
333 1776
367 1776
367 1772
421 1772
421 1780
665 1780
665 1753
664 1753
664 1748
736 1748
736 1596
760 1596
760 1617
812 1617
812 1813
748 1813
748 1805
717 1805
717 1808
730 1808
730 1806
740 1806
740 1814
813 1814
813 1735
816 1735
816 1626
820 1626
820 1615
761 1615
761 1581
747 1581
747 1548
739 1548
739 1578
737 1578
737 1543
802 1543
802 1542
872 1542
872 1536
987 1536
987 1537
891 1537
891 1541
979 1541
979 1551
991 1551
991 1590
1020 1590
1020 1613
1066 1613
1066 1601
1069 1601
1069 1582
1000 1582
1000 1577
1008 1577
1008 1576
1034 1576
1034 1575
1082 1575
1082 1580
1139 1580
1139 1583
1135 1583
1135 1586
1213 1586
1213 1602
1307 1602
1307 1612
1380 1612
1380 1608
1428 1608
1428 1629
1420 1629
1420 1621
1094 1621
1094 1651
1096 1651
1096 1787
1149 1787
1149 1767
1186 1767
1186 1764
1197 1764
1197 1758
1210 1758
1210 1728
1217 1728
1217 1741
1220 1741
1220 1732
1241 1732
1241 1705
1339 1705
1339 1713
1355 1713
1355 1740
1510 1740
1510 1736
1523 1736
1523 1743
1540 1743
1540 1745
1624 1745
1624 1756
1654 1756
1654 1777
1678 1777
1678 1754
1636 1754
1636 1739
1527 1739
1527 1724
1356 1724
1356 1704
1218 1704
1218 1727
1169 1727
1169 1720
1168 1720
1168 1750
1175 1750
1175 1757
1142 1757
1142 1778
1117 1778
1117 1781
1097 1781
1097 1622
1329 1622
1329 1630
1471 1630
1471 1610
1497 1610
1497 1605
1580 1605
1580 1604
1345 1604
1345 1600
1214 1600
1214 1573
1741 1573
1741 1572
1086 1572
1086 1571
1166 1571
1166 1569
993 1569
993 1538
1080 1538
1080 1535
731 1535
731 1614
735 1614
735 1698
707 1698
707 1723
694 1723
694 1742
667 1742
667 1746
635 1746
635 1775
439 1775
439 1768
324 1768
324 1773
317 1773
317 1766
228 1766
228 1650
229 1650
229 1646
231 1646
231 1620
230 1620
230 1500
261 1500
261 1477
213 1477
213 1467
236 1467
236 1466
221 1466
221 1465
218 1465
218 1429
197 1429
197 1317
207 1317
207 1241
214 1241
214 1214
202 1214
202 948
201 948
201 812
199 812
199 727
104 727
104 762
108 762
108 763
118 763
118 994
114 994
114 1030
112 1030
112 1038
106 1038
106 1154
97 1154
97 1380
91 1380
91 1410
70 1410
70 1315
77 1315
77 1228
73 1228
73 787
74 787
74 332
139 332
139 331
49 331
49 298
41 298
41 250
122 250
122 249
100 249
100 234
57 234
57 160
47 160
47 46
