3000
5 46
5 114
4 114
4 256
2 256
2 205
3 205
3 151
1 151
1 319
9 319
9 341
15 341
15 343
14 343
14 367
13 367
13 366
11 366
11 493
18 493
18 431
16 431
16 334
12 334
12 321
10 321
10 317
6 317
6 237
8 237
8 77
7 77
7 50
30 50
30 74
21 74
21 75
36 75
36 73
44 73
44 90
43 90
43 166
26 166
26 167
20 167
20 222
28 222
28 207
31 207
31 169
50 169
50 244
24 244
24 251
37 251
37 322
29 322
29 420
23 420
23 338
19 338
19 352
22 352
22 438
25 438
25 441
34 441
34 476
35 476
35 336
39 336
39 325
42 325
42 345
45 345
45 434
52 434
52 354
62 354
62 348
65 348
65 375
58 375
58 615
60 615
60 508
71 508
71 684
69 684
69 670
67 670
67 792
72 792
72 912
63 912
63 978
59 978
59 1067
54 1067
54 946
53 946
53 1013
46 1013
46 1022
48 1022
48 1068
61 1068
61 1147
68 1147
68 1245
64 1245
64 1267
66 1267
66 1440
78 1440
78 1445
135 1445
135 1443
148 1443
148 1433
86 1433
86 1415
128 1415
128 1408
92 1408
92 1386
102 1386
102 1309
98 1309
98 1305
133 1305
133 1302
178 1302
178 1292
156 1292
156 1010
168 1010
168 1128
173 1128
173 1229
167 1229
167 1131
159 1131
159 1159
162 1159
162 1199
161 1199
161 1280
160 1280
160 1286
163 1286
163 1253
175 1253
175 1091
176 1091
176 908
174 908
174 749
157 749
157 806
166 806
166 821
165 821
165 872
158 872
158 960
172 960
172 1104
170 1104
170 962
155 962
155 956
154 956
154 967
153 967
153 975
151 975
151 858
141 858
141 876
140 876
140 972
143 972
143 1179
145 1179
145 1034
144 1034
144 986
150 986
150 1019
149 1019
149 1289
146 1289
146 1293
137 1293
137 1277
136 1277
136 1250
129 1250
129 1211
107 1211
107 1148
121 1148
121 1076
120 1076
120 1075
130 1075
130 919
127 919
127 744
186 744
186 735
196 735
196 1114
195 1114
195 1217
198 1217
198 1252
194 1252
194 1287
200 1287
200 1313
193 1313
193 1163
191 1163
191 1426
187 1426
187 1343
184 1343
184 1455
189 1455
189 1480
226 1480
226 1678
227 1678
227 1689
225 1689
225 1515
223 1515
223 1648
224 1648
224 1782
291 1782
291 1770
310 1770
310 1792
316 1792
316 1786
326 1786
326 1793
321 1793
321 1796
333 1796
333 1776
367 1776
367 1772
421 1772
421 1780
665 1780
665 1753
664 1753
664 1748
736 1748
736 1596
760 1596
760 1617
812 1617
812 1813
748 1813
748 1805
717 1805
717 1808
730 1808
730 1806
740 1806
740 1814
813 1814
813 1735
816 1735
816 1626
820 1626
820 1615
761 1615
761 1581
747 1581
747 1548
739 1548
739 1578
737 1578
737 1543
802 1543
802 1542
872 1542
872 1536
987 1536
987 1537
891 1537
891 1541
979 1541
979 1551
991 1551
991 1590
1020 1590
1020 1613
1066 1613
1066 1601
1069 1601
1069 1582
1000 1582
1000 1577
1008 1577
1008 1576
1034 1576
1034 1575
1082 1575
1082 1580
1139 1580
1139 1583
1135 1583
1135 1586
1213 1586
1213 1602
1307 1602
1307 1612
1380 1612
1380 1608
1428 1608
1428 1629
1420 1629
1420 1616
1305 1616
1305 1621
1094 1621
1094 1651
1096 1651
1096 1787
1149 1787
1149 1767
1186 1767
1186 1764
1197 1764
1197 1758
1210 1758
1210 1728
1217 1728
1217 1741
1220 1741
1220 1732
1241 1732
1241 1705
1339 1705
1339 1713
1355 1713
1355 1740
1510 1740
1510 1736
1523 1736
1523 1743
1540 1743
1540 1745
1624 1745
1624 1756
1654 1756
1654 1789
1613 1789
1613 1788
1521 1788
1521 1790
1537 1790
1537 1794
1555 1794
1555 1795
1650 1795
1650 1830
1634 1830
1634 1829
1557 1829
1557 1832
1651 1832
1651 1899
1637 1899
1637 1872
1618 1872
1618 1930
1611 1930
1611 1922
1589 1922
1589 1874
1572 1874
1572 1902
1556 1902
1556 1921
1499 1921
1499 1918
1414 1918
1414 1910
1385 1910
1385 1911
1359 1911
1359 1923
1587 1923
1587 1927
1558 1927
1558 1938
1593 1938
1593 1943
1465 1943
1465 1941
1442 1941
1442 1936
1554 1936
1554 1925
1417 1925
1417 1929
1378 1929
1378 1944
1357 1944
1357 1939
1352 1939
1352 1933
1338 1933
1338 1935
1349 1935
1349 1940
1325 1940
1325 1951
1369 1951
1369 1949
1413 1949
1413 1961
1494 1961
1494 1946
1595 1946
1595 1968
1630 1968
1630 1914
1657 1914
1657 1777
1663 1777
1663 1807
1673 1807
1673 1803
1674 1803
1674 1838
1676 1838
1676 1984
1667 1984
1667 2049
1628 2049
1628 2070
1626 2070
1626 2086
1432 2086
1432 2081
1341 2081
1341 2080
1227 2080
1227 2074
1229 2074
1229 2073
1012 2073
1012 2077
1203 2077
1203 2082
1005 2082
1005 2084
1115 2084
1115 2088
763 2088
763 2090
878 2090
878 2102
592 2102
592 2071
574 2071
574 2027
593 2027
593 2031
594 2031
594 2006
568 2006
568 1947
569 1947
569 1991
606 1991
606 1981
618 1981
618 1977
598 1977
598 1983
578 1983
578 1972
690 1972
690 1989
646 1989
646 2015
648 2015
648 2048
660 2048
660 2041
674 2041
674 2045
695 2045
695 2050
685 2050
685 2063
696 2063
696 1986
697 1986
697 1958
655 1958
655 1954
703 1954
703 1957
723 1957
723 1924
745 1924
745 1960
781 1960
781 1985
768 1985
768 1987
777 1987
777 2052
788 2052
788 2023
779 2023
779 2016
783 2016
783 1920
758 1920
758 1915
720 1915
720 1952
718 1952
718 1950
661 1950
661 1945
566 1945
566 2026
567 2026
567 2100
531 2100
531 2079
538 2079
538 1998
530 1998
530 1999
368 1999
368 1996
539 1996
539 1971
546 1971
546 1909
608 1909
608 1908
642 1908
642 1905
586 1905
586 1900
529 1900
529 1994
533 1994
533 1995
405 1995
405 1993
364 1993
364 2001
344 2001
344 1990
289 1990
289 1978
276 1978
276 1973
250 1973
250 1974
234 1974
234 1857
301 1857
301 1889
303 1889
303 1867
354 1867
354 1866
558 1866
558 1875
591 1875
591 1882
556 1882
556 1878
560 1878
560 1876
518 1876
518 1886
478 1886
478 1887
462 1887
462 1892
423 1892
423 1893
370 1893
370 1894
417 1894
417 1898
535 1898
535 1895
541 1895
541 1890
713 1890
713 1884
701 1884
701 1879
875 1879
875 1880
715 1880
715 1881
899 1881
899 1883
984 1883
984 1870
886 1870
886 1871
879 1871
879 1863
919 1863
919 1827
873 1827
873 1844
881 1844
881 1849
692 1849
692 1852
867 1852
867 1853
877 1853
877 1868
807 1868
807 1859
796 1859
796 1865
335 1865
335 1862
340 1862
340 1858
469 1858
469 1860
770 1860
770 1861
773 1861
773 1854
596 1854
596 1855
407 1855
407 1826
327 1826
327 1843
325 1843
325 1850
305 1850
305 1841
302 1841
302 1822
280 1822
280 1848
277 1848
277 1823
274 1823
274 1821
470 1821
470 1817
884 1817
884 1815
741 1815
741 1816
235 1816
235 1835
267 1835
267 1839
233 1839
233 2010
241 2010
241 2024
357 2024
357 2054
286 2054
286 2055
329 2055
329 2058
271 2058
271 2106
296 2106
296 2115
297 2115
297 2104
330 2104
330 2108
318 2108
318 2110
315 2110
315 2126
307 2126
307 2131
339 2131
339 2122
338 2122
338 2095
323 2095
323 2076
361 2076
361 2107
358 2107
358 2141
394 2141
394 2136
458 2136
458 2130
632 2130
632 2133
666 2133
666 2124
672 2124
672 2139
686 2139
686 2153
671 2153
671 2163
1052 2163
1052 2165
1031 2165
1031 2167
1002 2167
1002 2175
1035 2175
1035 2168
1037 2168
1037 2178
1016 2178
1016 2189
994 2189
994 2196
1042 2196
1042 2200
1021 2200
1021 2199
986 2199
986 2204
911 2204
911 2205
907 2205
907 2210
971 2210
971 2211
1026 2211
1026 2213
1036 2213
1036 2219
1001 2219
1001 2231
1007 2231
1007 2221
1013 2221
1013 2224
1033 2224
1033 2233
1022 2233
1022 2256
1048 2256
1048 2220
1051 2220
1051 2173
1060 2173
1060 2159
1059 2159
1059 2155
1079 2155
1079 2191
1089 2191
1089 2174
1083 2174
1083 2149
844 2149
844 2144
805 2144
805 2146
803 2146
803 2147
721 2147
721 2150
863 2150
863 2151
943 2151
943 2152
1024 2152
1024 2154
1004 2154
1004 2156
969 2156
969 2157
905 2157
905 2160
869 2160
869 2162
693 2162
693 2128
714 2128
714 2119
678 2119
678 2120
602 2120
602 2125
379 2125
379 2127
371 2127
371 2123
366 2123
366 2072
282 2072
282 2068
309 2068
309 2062
414 2062
414 2078
430 2078
430 2113
436 2113
436 2097
441 2097
441 2040
360 2040
360 2018
400 2018
400 2011
244 2011
244 2004
403 2004
403 2009
422 2009
422 2007
429 2007
429 2017
492 2017
492 2032
483 2032
483 2038
491 2038
491 2051
505 2051
505 2019
493 2019
493 2008
508 2008
508 2042
522 2042
522 2036
528 2036
528 2075
527 2075
527 2039
523 2039
523 2114
563 2114
563 2103
1121 2103
1121 2105
1205 2105
1205 2096
932 2096
932 2093
1029 2093
1029 2089
1109 2089
1109 2092
1188 2092
1188 2085
1263 2085
1263 2083
1427 2083
1427 2094
1532 2094
1532 2087
1662 2087
1662 2064
1645 2064
1645 2057
1669 2057
1669 2030
1723 2030
1723 2034
1757 2034
1757 2028
1781 2028
1781 1965
1775 1965
1775 1948
1782 1948
1782 1916
1780 1916
1780 1917
1771 1917
1771 1997
1779 1997
1779 2003
1763 2003
1763 2013
1716 2013
1716 2025
1690 2025
1690 2000
1721 2000
1721 1956
1730 1956
1730 1828
1705 1828
1705 1763
1736 1763
1736 1699
1785 1699
1785 1701
1796 1701
1796 1810
1800 1810
1800 1785
1811 1785
1811 1749
1805 1749
1805 1747
1799 1747
1799 1714
1830 1714
1830 1715
1817 1715
1817 1744
1836 1744
1836 1729
1850 1729
1850 1734
1877 1734
1877 1725
1898 1725
1898 1718
1900 1718
1900 1711
2012 1711
2012 1712
1976 1712
1976 1845
1946 1845
1946 1833
1943 1833
1943 1842
1933 1842
1933 1831
1967 1831
1967 1809
1886 1809
1886 1812
1911 1812
1911 1837
1910 1837
1910 1818
1879 1818
1879 1819
1867 1819
1867 1825
1866 1825
1866 1836
1835 1836
1835 1847
1871 1847
1871 1888
1883 1888
1883 1891
1875 1891
1875 1926
1854 1926
1854 1928
1891 1928
1891 1906
1901 1906
1901 1885
1907 1885
1907 1896
1908 1896
1908 1864
1884 1864
1884 1846
1964 1846
1964 1897
1970 1897
1970 1907
1902 1907
1902 1912
1960 1912
1960 1934
1966 1934
1966 1955
1852 1955
1852 1980
1849 1980
1849 1942
1829 1942
1829 1953
1823 1953
1823 1959
1820 1959
1820 2056
1818 2056
1818 2091
1821 2091
1821 2209
1824 2209
1824 1966
1828 1966
1828 2061
1842 2061
1842 2179
1844 2179
1844 2098
1845 2098
1845 2109
1858 2109
1858 2035
1865 2035
1865 2029
1863 2029
1863 2012
1872 2012
1872 2121
1876 2121
1876 2060
1874 2060
1874 2037
1878 2037
1878 1979
1864 1979
1864 1975
1928 1975
1928 1988
1905 1988
1905 1976
1903 1976
1903 1992
1937 1992
1937 2005
1918 2005
1918 2014
1919 2014
1919 2020
1920 2020
1920 2022
1939 2022
1939 2033
1894 2033
1894 2059
1887 2059
1887 2065
1904 2065
1904 2101
1914 2101
1914 2066
1915 2066
1915 2111
1921 2111
1921 2099
1924 2099
1924 2188
1923 2188
1923 2229
1978 2229
1978 2223
1931 2223
1931 2206
1932 2206
1932 2170
1925 2170
1925 2046
1938 2046
1938 2047
1940 2047
1940 2069
1942 2069
1942 2132
1951 2132
1951 2135
1959 2135
1959 2140
1975 2140
1975 2138
1997 2138
1997 2236
1998 2236
1998 2251
2117 2251
2117 2255
2219 2255
2219 2246
2236 2246
2236 2230
2189 2230
2189 2222
2258 2222
2258 2214
2294 2214
2294 2215
2309 2215
2309 2216
2323 2216
2323 2237
2293 2237
2293 2247
2291 2247
2291 2267
2282 2267
2282 2258
2198 2258
2198 2265
2145 2265
2145 2259
2124 2259
2124 2277
2125 2277
2125 2307
1916 2307
1916 2303
1760 2303
1760 2302
1762 2302
1762 2289
1511 2289
1511 2292
1539 2292
1539 2290
1743 2290
1743 2306
1753 2306
1753 2310
1802 2310
1802 2313
1641 2313
1641 2320
1633 2320
1633 2314
1627 2314
1627 2318
952 2318
952 2325
742 2325
742 2326
982 2326
982 2330
1296 2330
1296 2329
1095 2329
1095 2324
1258 2324
1258 2321
1053 2321
1053 2319
1353 2319
1353 2322
1528 2322
1528 2327
1734 2327
1734 2323
1708 2323
1708 2317
1672 2317
1672 2315
1764 2315
1764 2332
1543 2332
1543 2328
1516 2328
1516 2334
772 2334
772 2341
687 2341
687 2294
676 2294
676 2291
724 2291
724 2285
782 2285
782 2279
795 2279
795 2297
711 2297
711 2299
809 2299
809 2298
910 2298
910 2296
826 2296
826 2282
949 2282
949 2281
829 2281
829 2278
756 2278
756 2274
780 2274
780 2271
857 2271
857 2273
897 2273
897 2268
885 2268
885 2266
1073 2266
1073 2264
771 2264
771 2263
725 2263
725 2261
645 2261
645 2316
627 2316
627 2270
571 2270
571 2280
570 2280
570 2276
452 2276
452 2283
537 2283
537 2293
552 2293
552 2300
479 2300
479 2304
604 2304
604 2284
617 2284
617 2333
669 2333
669 2309
677 2309
677 2295
679 2295
679 2353
643 2353
643 2354
759 2354
759 2352
734 2352
734 2342
860 2342
860 2340
778 2340
778 2338
776 2338
776 2336
1111 2336
1111 2337
1696 2337
1696 2339
1534 2339
1534 2343
1318 2343
1318 2350
1302 2350
1302 2346
1032 2346
1032 2347
1146 2347
1146 2351
1372 2351
1372 2349
1565 2349
1565 2345
1744 2345
1744 2335
1806 2335
1806 2331
1819 2331
1819 2305
1880 2305
1880 2312
2222 2312
2222 2308
2131 2308
2131 2275
2223 2275
2223 2269
2298 2269
2298 2287
2304 2287
2304 2238
2345 2238
2345 2244
2348 2244
2348 2360
2158 2360
2158 2361
2060 2361
2060 2362
2256 2362
2256 2367
2238 2367
2238 2370
1391 2370
1391 2363
1487 2363
1487 2366
1522 2366
1522 2364
1524 2364
1524 2358
1963 2358
1963 2356
1798 2356
1798 2355
1398 2355
1398 2359
1371 2359
1371 2369
1306 2369
1306 2372
2176 2372
2176 2373
2047 2373
2047 2379
2136 2379
2136 2382
1846 2382
1846 2381
1492 2381
1492 2374
1314 2374
1314 2375
1362 2375
1362 2380
1077 2380
1077 2386
1062 2386
1062 2390
1112 2390
1112 2404
1299 2404
1299 2407
1360 2407
1360 2409
1367 2409
1367 2425
1402 2425
1402 2449
1269 2449
1269 2451
1045 2451
1045 2445
1019 2445
1019 2453
1014 2453
1014 2435
1015 2435
1015 2426
1017 2426
1017 2414
1010 2414
1010 2448
1006 2448
1006 2398
992 2398
992 2417
999 2417
999 2458
1075 2458
1075 2455
1136 2455
1136 2475
1138 2475
1138 2462
1163 2462
1163 2463
1176 2463
1176 2460
1282 2460
1282 2457
1334 2457
1334 2489
651 2489
651 2486
705 2486
705 2488
916 2488
916 2485
621 2485
621 2483
471 2483
471 2473
486 2473
486 2471
457 2471
457 2461
496 2461
496 2482
954 2482
954 2479
955 2479
955 2432
940 2432
940 2446
937 2446
937 2431
939 2431
939 2427
966 2427
966 2424
964 2424
964 2423
933 2423
933 2456
922 2456
922 2467
936 2467
936 2472
901 2472
901 2450
920 2450
920 2421
889 2421
889 2420
822 2420
822 2440
825 2440
825 2429
900 2429
900 2447
890 2447
890 2465
893 2465
893 2477
840 2477
840 2481
616 2481
616 2470
649 2470
649 2474
728 2474
728 2459
583 2459
583 2468
611 2468
611 2480
504 2480
504 2452
625 2452
625 2444
581 2444
581 2443
787 2443
787 2441
774 2441
774 2439
626 2439
626 2442
559 2442
559 2434
447 2434
447 2436
511 2436
511 2437
446 2437
446 2438
450 2438
450 2476
363 2476
363 2478
431 2478
431 2484
473 2484
473 2493
550 2493
550 2491
833 2491
833 2495
670 2495
670 2497
702 2497
702 2498
590 2498
590 2494
464 2494
464 2500
576 2500
576 2499
793 2499
793 2496
848 2496
848 2492
1172 2492
1172 2490
1387 2490
1387 2487
1400 2487
1400 2469
1486 2469
1486 2422
1502 2422
1502 2413
1585 2413
1585 2411
2101 2411
2101 2412
2106 2412
2106 2428
2095 2428
2095 2430
2108 2430
2108 2406
2054 2406
2054 2408
1795 2408
1795 2410
1479 2410
1479 2416
1478 2416
1478 2419
1481 2419
1481 2454
1472 2454
1472 2433
1452 2433
1452 2464
1431 2464
1431 2466
1421 2466
1421 2415
1412 2415
1412 2418
1383 2418
1383 2401
1388 2401
1388 2394
1366 2394
1366 2396
1310 2396
1310 2397
1151 2397
1151 2400
1316 2400
1316 2402
1128 2402
1128 2385
1346 2385
1346 2393
1370 2393
1370 2392
1408 2392
1408 2391
1519 2391
1519 2389
1363 2389
1363 2384
1480 2384
1480 2388
1847 2388
1847 2387
1888 2387
1888 2383
2457 2383
2457 2357
2486 2357
2486 2399
2465 2399
2465 2403
2367 2403
2367 2405
2489 2405
2489 2301
2493 2301
2493 2395
2497 2395
2497 2286
2478 2286
2478 2272
2473 2272
2473 2260
2494 2260
2494 2134
2496 2134
2496 2169
2498 2169
2498 2171
2499 2171
2499 2116
2495 2116
2495 2118
2491 2118
2491 2198
2492 2198
2492 2252
2490 2252
2490 2248
2488 2248
2488 2194
2487 2194
2487 2241
2482 2241
2482 2202
2468 2202
2468 2254
2460 2254
2460 2257
2453 2257
2453 2242
2452 2242
2452 2053
2451 2053
2451 2218
2446 2218
2446 2262
2469 2262
2469 2344
2479 2344
2479 2348
2438 2348
2438 2253
2435 2253
2435 2311
2432 2311
2432 2365
2448 2365
2448 2378
2391 2378
2391 2368
2377 2368
2377 2377
2063 2377
2063 2376
2355 2376
2355 2371
2350 2371
2350 2288
2351 2288
2351 2235
2360 2235
2360 2228
2335 2228
2335 2227
2362 2227
2362 2226
2380 2226
2380 2234
2386 2234
2386 2239
2388 2239
2388 2197
2384 2197
2384 2195
2206 2195
2206 2193
2166 2193
2166 2192
2165 2192
2165 2190
2153 2190
2153 2184
2202 2184
2202 2185
2210 2185
2210 2187
2255 2187
2255 2186
2365 2186
2365 2182
2354 2182
2354 2176
2382 2176
2382 2166
2262 2166
2262 2164
2268 2164
2268 2158
2240 2158
2240 2142
2220 2142
2220 2143
2218 2143
2218 2145
2144 2145
2144 2117
2142 2117
2142 2137
2139 2137
2139 2148
2191 2148
2191 2161
2228 2161
2228 2172
2215 2172
2215 2177
2150 2177
2150 2180
2260 2180
2260 2181
2143 2181
2143 2183
2135 2183
2135 2201
2338 2201
2338 2208
2334 2208
2334 2207
2308 2207
2308 2203
2288 2203
2288 2212
2179 2212
2179 2217
2163 2217
2163 2225
2185 2225
2185 2232
2205 2232
2205 2243
2217 2243
2217 2250
2137 2250
2137 2245
2087 2245
2087 2240
2062 2240
2062 2249
1999 2249
1999 2112
1952 2112
1952 2067
1947 2067
1947 2129
1944 2129
1944 2044
1917 2044
1917 2043
1948 2043
1948 2021
1953 2021
1953 2002
1950 2002
1950 1970
1859 1970
1859 1963
1906 1963
1906 1964
1974 1964
1974 1904
1994 1904
1994 1856
2009 1856
2009 1851
2034 1851
2034 1877
2038 1877
2038 1969
2064 1969
2064 1811
2058 1811
2058 1932
2057 1932
2057 1873
2056 1873
2056 1937
2040 1937
2040 1869
2048 1869
2048 1824
2030 1824
2030 1804
2029 1804
2029 1834
2014 1834
2014 1820
1996 1820
1996 1840
1993 1840
1993 1901
1977 1901
1977 1759
1984 1759
1984 1762
2005 1762
2005 1760
2006 1760
2006 1755
2003 1755
2003 1731
2008 1731
2008 1738
2032 1738
2032 1779
2020 1779
2020 1799
2112 1799
2112 1797
2119 1797
2119 1802
2121 1802
2121 1783
2177 1783
2177 1784
2187 1784
2187 1801
2194 1801
2194 1774
2197 1774
2197 1771
2227 1771
2227 1800
2235 1800
2235 1751
2203 1751
2203 1726
2225 1726
2225 1688
2280 1688
2280 1697
2352 1697
2352 1691
2483 1691
2483 1690
2347 1690
2347 1667
2445 1667
2445 1681
2366 1681
2366 1684
2409 1684
2409 1683
2454 1683
2454 1673
2474 1673
2474 1623
2456 1623
2456 1625
2467 1625
2467 1628
2462 1628
2462 1633
2450 1633
2450 1627
2214 1627
2214 1631
2233 1631
2233 1632
2447 1632
2447 1634
2230 1634
2230 1637
2159 1637
2159 1624
2157 1624
2157 1638
2080 1638
2080 1645
2436 1645
2436 1644
2123 1644
2123 1643
2373 1643
2373 1640
2297 1640
2297 1642
2181 1642
2181 1641
2261 1641
2261 1636
2461 1636
2461 1655
2439 1655
2439 1656
2381 1656
2381 1657
2399 1657
2399 1665
2378 1665
2378 1660
2339 1660
2339 1663
2275 1663
2275 1675
2264 1675
2264 1677
2306 1677
2306 1682
2315 1682
2315 1685
2317 1685
2317 1666
2343 1666
2343 1695
2332 1695
2332 1696
2312 1696
2312 1687
2211 1687
2211 1700
2167 1700
2167 1679
2241 1679
2241 1674
2237 1674
2237 1671
2234 1671
2234 1672
2156 1672
2156 1737
2160 1737
2160 1761
2173 1761
2173 1706
2201 1706
2201 1752
2216 1752
2216 1769
2102 1769
2102 1791
2067 1791
2067 1798
2044 1798
2044 1702
2027 1702
2027 1708
1957 1708
1957 1709
1808 1709
1808 1707
1803 1707
1803 1694
1726 1694
1726 1730
1703 1730
1703 1903
1713 1903
1713 1931
1700 1931
1700 1919
1698 1919
1698 1962
1686 1962
1686 1913
1682 1913
1682 1967
1695 1967
1695 1982
1678 1982
1678 1754
1636 1754
1636 1739
1527 1739
1527 1710
1547 1710
1547 1717
1688 1717
1688 1716
1620 1716
1620 1703
1518 1703
1518 1653
1517 1653
1517 1719
1437 1719
1437 1722
1505 1722
1505 1724
1356 1724
1356 1704
1218 1704
1218 1727
1169 1727
1169 1720
1168 1720
1168 1750
1175 1750
1175 1757
1142 1757
1142 1778
1117 1778
1117 1781
1097 1781
1097 1622
1329 1622
1329 1630
1288 1630
1288 1635
1471 1635
1471 1610
1488 1610
1488 1619
1497 1619
1497 1605
1531 1605
1531 1607
1563 1607
1563 1609
1580 1609
1580 1603
1514 1603
1514 1589
1498 1589
1498 1598
1407 1598
1407 1604
1345 1604
1345 1600
1214 1600
1214 1573
1342 1573
1342 1574
1706 1574
1706 1584
1741 1584
1741 1570
1409 1570
1409 1565
1509 1565
1509 1566
1895 1566
1895 1568
2066 1568
2066 1579
1962 1579
1962 1611
1990 1611
1990 1606
2001 1606
2001 1585
2061 1585
2061 1591
2224 1591
2224 1599
2500 1599
2500 1597
2405 1597
2405 1594
2425 1594
2425 1592
2410 1592
2410 1593
2346 1593
2346 1595
2314 1595
2314 1588
2075 1588
2075 1587
2114 1587
2114 1567
2042 1567
2042 1563
2024 1563
2024 1561
1681 1561
1681 1549
1622 1549
1622 1547
1550 1547
1550 1546
1545 1546
1545 1552
1596 1552
1596 1554
1612 1554
1612 1564
1276 1564
1276 1572
1086 1572
1086 1571
1166 1571
1166 1562
1562 1562
1562 1560
1358 1560
1358 1559
1206 1559
1206 1558
1319 1558
1319 1557
1114 1557
1114 1569
993 1569
993 1538
1080 1538
1080 1532
997 1532
997 1534
904 1534
904 1535
784 1535
784 1533
738 1533
738 1530
828 1530
828 1531
830 1531
830 1528
1056 1528
1056 1521
1076 1521
1076 1519
903 1519
903 1523
853 1523
853 1512
836 1512
836 1504
864 1504
864 1461
874 1461
874 1485
871 1485
871 1487
929 1487
929 1457
906 1457
906 1486
894 1486
894 1484
882 1484
882 1450
862 1450
862 1449
808 1449
808 1435
855 1435
855 1434
806 1434
806 1417
923 1417
923 1347
924 1347
924 1373
925 1373
925 1374
931 1374
931 1442
941 1442
941 1361
961 1361
961 1413
962 1413
962 1331
958 1331
958 1115
959 1115
959 1060
963 1060
963 889
974 889
974 934
975 934
975 782
980 782
980 673
977 673
977 652
1040 652
1040 557
1041 557
1041 783
1046 783
1046 743
1061 743
1061 617
1057 617
1057 542
1054 542
1054 678
1050 678
1050 681
1044 681
1044 478
1065 478
1065 430
1068 430
1068 570
1067 570
1067 773
1071 773
1071 595
1070 595
1070 407
1072 407
1072 426
1081 426
1081 437
1087 437
1087 425
1074 425
1074 386
1049 386
1049 346
1090 346
1090 287
1091 287
1091 143
1088 143
1088 132
1101 132
1101 125
1171 125
1171 129
1326 129
1326 150
1331 150
1331 158
1570 158
1570 154
1583 154
1583 163
1266 163
1266 165
1559 165
1559 164
1599 164
1599 162
1597 162
1597 156
1707 156
1707 161
1826 161
1826 175
1851 175
1851 170
1893 170
1893 177
1685 177
1685 190
1677 190
1677 180
1649 180
1649 191
1500 191
1500 181
1489 181
1489 187
1405 187
1405 184
1394 184
1394 186
1381 186
1381 185
1323 185
1323 189
1245 189
1245 200
1201 200
1201 252
1230 252
1230 230
1286 230
1286 241
1250 241
1250 260
1196 260
1196 258
1156 258
1156 255
1165 255
1165 238
1161 238
1161 228
1162 228
1162 224
1160 224
1160 221
1155 221
1155 233
1152 233
1152 262
1170 262
1170 266
1183 266
1183 261
1260 261
1260 254
1289 254
1289 243
1295 243
1295 245
1298 245
1298 242
1351 242
1351 239
1324 239
1324 226
1294 226
1294 229
1228 229
1228 219
1219 219
1219 203
1313 203
1313 209
1322 209
1322 193
1386 193
1386 197
1513 197
1513 216
1530 216
1530 198
1639 198
1639 199
1740 199
1740 188
1727 188
1727 178
1930 178
1930 159
1956 159
1956 179
2010 179
2010 195
1913 195
1913 194
1988 194
1988 182
1839 182
1839 192
1885 192
1885 196
1896 196
1896 213
1927 213
1927 227
1791 227
1791 204
1704 204
1704 208
1693 208
1693 211
1711 211
1711 220
1729 220
1729 231
1807 231
1807 235
1825 235
1825 259
1792 259
1792 265
1809 265
1809 278
1789 278
1789 288
1909 288
1909 279
1941 279
1941 289
1739 289
1739 290
1661 290
1661 282
1675 282
1675 276
1718 276
1718 275
1687 275
1687 273
1515 273
1515 271
1448 271
1448 267
1384 267
1384 272
1506 272
1506 274
1652 274
1652 295
2049 295
2049 296
1749 296
1749 301
1549 301
1549 300
1625 300
1625 294
1564 294
1564 284
1553 284
1553 299
1461 299
1461 304
1271 304
1271 292
1281 292
1281 283
1418 283
1418 281
1262 281
1262 314
1192 314
1192 365
1187 365
1187 406
1179 406
1179 771
1177 771
1177 888
1181 888
1181 926
1184 926
1184 997
1191 997
1191 742
1193 742
1193 701
1198 701
1198 751
1202 751
1202 724
1204 724
1204 696
1190 696
1190 820
1185 820
1185 817
1180 817
1180 416
1200 416
1200 373
1211 373
1211 362
1236 362
1236 359
1238 359
1238 340
1261 340
1261 328
1195 328
1195 327
1293 327
1293 323
1348 323
1348 320
1290 320
1290 311
1292 311
1292 306
1770 306
1770 305
1776 305
1776 303
1504 303
1504 302
1790 302
1790 297
2094 297
2094 293
2055 293
2055 291
2069 291
2069 280
2118 280
2118 277
1897 277
1897 269
1834 269
1834 268
1934 268
1934 264
1869 264
1869 248
1831 248
1831 236
1987 236
1987 215
1981 215
1981 206
1936 206
1936 202
2036 202
2036 173
2105 173
2105 172
1958 172
1958 157
1843 157
1843 155
1810 155
1810 153
1374 153
1374 128
1335 128
1335 124
1085 124
1085 257
1078 257
1078 335
1084 335
1084 344
1028 344
1028 339
998 339
998 342
996 342
996 369
995 369
995 377
1047 377
1047 397
1064 397
1064 473
1038 473
1038 584
1030 584
1030 596
1025 596
1025 649
976 649
976 747
973 747
973 854
970 854
970 887
956 887
956 1300
948 1300
948 1310
947 1310
947 1176
918 1176
918 1132
507 1132
507 1129
572 1129
572 1122
654 1122
654 1125
609 1125
609 1126
827 1126
827 1130
849 1130
849 1118
839 1118
839 1124
834 1124
834 1117
765 1117
765 1123
682 1123
682 1058
681 1058
681 1048
688 1048
688 1056
700 1056
700 1044
657 1044
657 1089
658 1089
658 1098
659 1098
659 1116
603 1116
603 1120
544 1120
544 1111
588 1111
588 1103
461 1103
461 1141
554 1141
554 1146
545 1146
545 1157
455 1157
455 1156
418 1156
418 1150
408 1150
408 1107
386 1107
386 1096
543 1096
543 1101
562 1101
562 1102
595 1102
595 1086
630 1086
630 1085
607 1085
607 1084
561 1084
561 1095
514 1095
514 1078
503 1078
503 1088
435 1088
435 1081
419 1081
419 1062
440 1062
440 1052
474 1052
474 1047
465 1047
465 1051
410 1051
410 1043
398 1043
398 1077
374 1077
374 914
375 914
375 630
380 630
380 715
377 715
377 977
378 977
378 1007
381 1007
381 878
396 878
396 711
393 711
393 827
389 827
389 874
385 874
385 765
384 765
384 710
382 710
382 682
390 682
390 685
425 685
425 592
444 592
444 587
445 587
445 572
453 572
453 573
459 573
459 620
460 620
460 643
463 643
463 481
466 481
466 489
499 489
499 486
517 486
517 509
534 509
534 591
549 591
549 562
548 562
548 477
454 477
454 515
451 515
451 519
434 519
434 495
442 495
442 475
547 475
547 455
575 455
575 467
584 467
584 568
589 568
589 474
587 474
587 466
599 466
599 461
612 461
612 504
613 504
613 537
633 537
633 520
619 520
619 460
636 460
636 436
601 436
601 435
597 435
597 443
516 443
516 445
536 445
536 454
519 454
519 471
448 471
448 472
432 472
432 492
428 492
428 498
427 498
427 538
433 538
433 582
420 582
420 555
416 555
416 506
424 506
424 505
413 505
413 680
395 680
395 599
392 599
392 433
401 433
401 423
634 423
634 419
641 419
641 417
497 417
497 405
501 405
501 395
513 395
513 381
509 381
509 392
506 392
506 379
482 379
482 421
388 421
388 590
387 590
387 623
372 623
372 980
373 980
373 1158
824 1158
824 1155
757 1155
757 1153
585 1153
585 1143
600 1143
600 1139
749 1139
749 1135
896 1135
896 1165
868 1165
868 1184
930 1184
930 1233
895 1233
895 1242
921 1242
921 1246
946 1246
946 1274
722 1274
722 1272
638 1272
638 1266
647 1266
647 1234
629 1234
629 1273
624 1273
624 1221
580 1221
580 1220
837 1220
837 1226
755 1226
755 1227
850 1227
850 1213
818 1213
818 1219
564 1219
564 1222
565 1222
565 1223
610 1223
610 1232
579 1232
579 1240
614 1240
614 1263
557 1263
557 1251
542 1251
542 1177
555 1177
555 1174
551 1174
551 1169
515 1169
515 1172
494 1172
494 1173
487 1173
487 1190
485 1190
485 1191
488 1191
488 1197
477 1197
477 1183
456 1183
456 1198
412 1198
412 1161
404 1161
404 1180
397 1180
397 1195
383 1195
383 1201
411 1201
411 1204
415 1204
415 1215
449 1215
449 1259
438 1259
438 1271
426 1271
426 1238
409 1238
409 1235
402 1235
402 1247
369 1247
369 1249
399 1249
399 1285
406 1285
406 1278
472 1278
472 1231
495 1231
495 1207
498 1207
498 1192
500 1192
500 1189
510 1189
510 1212
520 1212
520 1200
525 1200
525 1254
540 1254
540 1265
553 1265
553 1281
582 1281
582 1268
615 1268
615 1258
623 1258
623 1283
712 1283
712 1279
866 1279
866 1282
913 1282
913 1284
945 1284
945 1333
957 1333
957 1351
938 1351
938 1357
927 1357
927 1335
917 1335
917 1414
888 1414
888 1416
799 1416
799 1447
733 1447
733 1458
789 1458
789 1462
845 1462
845 1488
859 1488
859 1489
798 1489
798 1516
797 1516
797 1522
804 1522
804 1514
810 1514
810 1517
831 1517
831 1524
978 1524
978 1520
1023 1520
1023 1527
731 1527
731 1614
735 1614
735 1698
707 1698
707 1723
694 1723
694 1742
667 1742
667 1746
635 1746
635 1775
439 1775
439 1768
324 1768
324 1773
317 1773
317 1766
228 1766
228 1650
229 1650
229 1646
231 1646
231 1620
230 1620
230 1500
261 1500
261 1477
213 1477
213 1467
236 1467
236 1466
221 1466
221 1465
218 1465
218 1429
197 1429
197 1317
207 1317
207 1241
214 1241
214 1214
202 1214
202 948
201 948
201 812
199 812
199 727
104 727
104 762
108 762
108 763
118 763
118 994
114 994
114 1030
112 1030
112 1038
106 1038
106 1154
97 1154
97 1380
91 1380
91 1410
70 1410
70 1315
77 1315
77 1228
73 1228
73 787
74 787
74 332
139 332
139 331
49 331
49 298
41 298
41 250
122 250
122 249
100 249
100 234
57 234
57 160
47 160
47 46
