246
78 109
78 112
50 112
50 115
52 115
52 132
59 132
59 135
54 135
54 136
36 136
36 95
39 95
39 70
42 70
42 83
57 83
57 91
55 91
55 110
63 110
63 94
68 94
68 51
66 51
66 42
53 42
53 72
47 72
47 73
46 73
46 37
45 37
45 55
44 55
44 81
43 81
43 26
38 26
38 80
34 80
34 66
33 66
33 10
31 10
31 43
30 43
30 36
29 36
29 25
23 25
23 21
15 21
15 15
6 15
6 18
4 18
4 27
22 27
22 31
5 31
5 40
10 40
10 33
27 33
27 35
14 35
14 67
18 67
18 99
9 99
9 78
8 78
8 103
7 103
7 146
13 146
13 138
16 138
16 117
21 117
21 102
20 102
20 47
19 47
19 41
25 41
25 84
24 84
24 87
32 87
32 93
28 93
28 124
35 124
35 141
65 141
65 144
41 144
41 147
40 147
40 157
26 157
26 153
3 153
3 149
2 149
2 156
11 156
11 158
48 158
48 162
49 162
49 159
58 159
58 154
64 154
64 151
67 151
67 143
69 143
69 134
70 134
70 193
60 193
60 186
61 186
61 183
51 183
51 182
17 182
17 179
1 179
1 190
12 190
12 192
37 192
37 195
77 195
77 198
95 198
95 200
97 200
97 199
151 199
151 169
144 169
144 165
147 165
147 163
153 163
153 161
113 161
113 164
138 164
138 167
105 167
105 168
125 168
125 170
88 170
88 152
80 152
80 148
82 148
82 145
75 145
75 150
76 150
76 155
86 155
86 160
84 160
84 172
85 172
85 171
146 171
146 184
150 184
150 191
140 191
140 197
116 197
116 188
130 188
130 189
137 189
137 180
136 180
136 185
134 185
134 174
94 174
94 173
87 173
87 175
123 175
123 181
110 181
110 187
107 187
107 196
89 196
89 194
72 194
72 177
74 177
74 176
73 176
73 166
71 166
71 131
62 131
62 113
79 113
79 122
98 122
98 125
90 125
90 128
103 128
103 126
102 126
102 121
126 121
126 120
129 120
129 130
131 130
131 140
133 140
133 139
149 139
149 137
162 137
162 129
159 129
159 123
135 123
135 119
81 119
81 116
83 116
83 111
100 111
100 109
