650
279 3
279 10
280 10
280 45
244 45
244 28
250 28
250 21
197 21
197 16
98 16
98 56
85 56
85 176
87 176
87 201
86 201
86 205
83 205
83 211
69 211
69 216
19 216
19 219
14 219
14 218
11 218
11 222
22 222
22 265
17 265
17 299
23 299
23 302
20 302
20 303
1 303
1 307
6 307
6 304
10 304
10 322
16 322
16 331
38 331
38 324
29 324
29 318
48 318
48 316
34 316
34 309
15 309
15 314
13 314
13 306
25 306
25 220
44 220
44 217
50 217
50 260
74 260
74 263
60 263
60 264
57 264
57 268
51 268
51 278
56 278
56 271
79 271
79 261
78 261
78 253
52 253
52 237
93 237
93 236
124 236
124 242
96 242
96 239
81 239
81 244
148 244
148 238
128 238
128 235
184 235
184 230
246 230
246 229
214 229
214 228
264 228
264 246
248 246
248 252
291 252
291 251
295 251
295 257
322 257
322 255
338 255
338 280
335 280
335 327
333 327
333 340
332 340
332 339
326 339
326 321
314 321
314 317
330 317
330 292
273 292
273 301
287 301
287 297
325 297
325 310
320 310
320 312
303 312
303 315
304 315
304 320
313 320
313 328
300 328
300 345
318 345
318 350
290 350
290 342
297 342
297 332
262 332
262 335
251 335
251 358
324 358
324 360
311 360
311 359
237 359
237 343
228 343
228 334
212 334
212 367
223 367
223 368
205 368
205 323
177 323
177 329
204 329
204 333
195 333
195 349
198 349
198 373
265 373
265 383
268 383
268 369
269 369
269 393
341 393
341 399
362 399
362 415
267 415
267 418
247 418
247 417
139 417
139 419
49 419
49 422
121 422
121 424
119 424
119 429
91 429
91 426
64 426
64 428
76 428
76 437
90 437
90 440
113 440
113 433
173 433
173 420
207 420
207 425
208 425
208 423
230 423
230 427
224 427
224 432
235 432
235 431
298 431
298 416
398 416
398 421
425 421
425 413
373 413
373 409
465 409
465 407
382 407
382 401
418 401
418 405
462 405
462 403
440 403
440 371
433 371
433 374
369 374
369 366
364 366
364 378
419 378
419 376
434 376
434 394
438 394
438 397
354 397
354 392
281 392
281 372
277 372
277 362
296 362
296 364
292 364
292 385
327 385
327 370
307 370
307 380
299 380
299 365
407 365
407 341
441 341
441 275
439 275
439 311
426 311
426 286
417 286
417 308
411 308
411 269
408 269
408 267
396 267
396 270
392 270
392 258
388 258
388 262
378 262
378 287
399 287
399 348
402 348
402 284
393 284
393 281
403 281
403 361
401 361
401 357
270 357
270 356
342 356
342 337
337 337
337 289
348 289
348 283
339 283
339 254
328 254
328 250
466 250
466 298
470 298
470 288
511 288
511 290
486 290
486 295
532 295
532 240
545 240
545 232
529 232
529 285
525 285
525 279
521 279
521 273
520 273
520 282
471 282
471 249
502 249
502 247
459 247
459 248
283 248
283 243
317 243
317 233
312 233
312 231
375 231
375 226
319 226
319 227
168 227
168 234
77 234
77 225
82 225
82 224
68 224
68 221
94 221
94 187
95 187
95 200
108 200
108 203
170 203
170 199
142 199
142 197
226 197
226 196
191 196
191 192
193 192
193 189
222 189
222 186
256 186
256 191
284 191
284 204
285 204
285 206
266 206
266 209
288 209
288 193
331 193
331 194
429 194
429 202
321 202
321 207
442 207
442 188
340 188
340 185
118 185
118 184
109 184
109 190
103 190
103 181
176 181
176 173
211 173
211 180
219 180
219 168
134 168
134 171
127 171
127 170
97 170
97 138
105 138
105 131
147 131
147 141
163 141
163 151
151 151
151 154
209 154
209 156
227 156
227 136
192 136
192 124
243 124
243 123
190 123
190 137
221 137
221 149
220 149
220 143
187 143
187 135
150 135
150 122
162 122
162 107
182 107
182 105
241 105
241 104
183 104
183 92
155 92
155 113
149 113
149 108
137 108
137 116
140 116
140 127
136 127
136 129
107 129
107 121
89 121
89 117
88 117
88 97
110 97
110 62
111 62
111 49
100 49
100 83
99 83
99 47
116 47
116 53
120 53
120 74
138 74
138 73
125 73
125 44
101 44
101 38
102 38
102 32
104 32
104 18
171 18
171 40
179 40
179 25
229 25
229 69
232 69
232 48
236 48
236 46
263 46
263 52
289 52
289 36
305 36
305 29
315 29
315 31
349 31
349 11
345 11
345 14
323 14
323 26
294 26
294 19
302 19
302 5
451 5
451 6
530 6
530 4
595 4
595 7
602 7
602 23
379 23
379 20
443 20
443 22
460 22
460 17
368 17
368 43
447 43
447 55
445 55
445 60
498 60
498 57
479 57
479 54
475 54
475 42
437 42
437 39
483 39
483 37
450 37
450 34
501 34
501 35
550 35
550 61
547 61
547 66
523 66
523 65
457 65
457 67
544 67
544 68
546 68
546 71
552 71
552 75
524 75
524 76
607 76
607 98
592 98
592 85
563 85
563 82
512 82
512 84
505 84
505 86
476 86
476 87
461 87
461 93
464 93
464 89
583 89
583 100
639 100
639 126
815 126
815 152
851 152
851 144
865 144
865 150
880 150
880 172
907 172
907 155
916 155
916 158
949 158
949 157
964 157
964 164
952 164
952 178
1055 178
1055 174
1059 174
1059 161
1049 161
1049 177
1024 177
1024 169
1035 169
1035 162
992 162
992 142
920 142
920 140
909 140
909 134
1226 134
1226 159
1147 159
1147 148
1062 148
1062 167
1061 167
1061 182
1073 182
1073 175
1078 175
1078 153
1133 153
1133 160
1237 160
1237 133
901 133
901 166
890 166
890 146
885 146
885 139
874 139
874 125
643 125
643 103
727 103
727 99
616 99
616 64
553 64
553 41
604 41
604 33
541 33
541 30
591 30
591 27
590 27
590 24
613 24
613 12
605 12
605 3
