96
19 216
19 219
14 219
14 218
11 218
11 222
22 222
22 265
17 265
17 299
23 299
23 302
20 302
20 303
1 303
1 307
6 307
6 304
10 304
10 322
16 322
16 331
38 331
38 324
29 324
29 318
48 318
48 316
34 316
34 309
15 309
15 314
13 314
13 306
25 306
25 220
44 220
44 217
50 217
50 260
74 260
74 263
60 263
60 264
57 264
57 268
51 268
51 278
56 278
56 271
79 271
79 261
78 261
78 253
52 253
52 237
93 237
93 236
124 236
124 242
96 242
96 239
81 239
81 244
148 244
148 238
128 238
128 235
184 235
184 230
246 230
246 229
214 229
214 228
264 228
264 246
248 246
248 248
283 248
283 243
317 243
317 233
312 233
312 231
375 231
375 227
168 227
168 234
77 234
77 225
82 225
82 224
68 224
68 221
94 221
94 216
