2056
279 3
279 10
280 10
280 45
244 45
244 28
250 28
250 21
197 21
197 16
98 16
98 56
85 56
85 176
87 176
87 201
86 201
86 205
83 205
83 211
69 211
69 216
19 216
19 219
14 219
14 218
11 218
11 222
22 222
22 265
17 265
17 299
23 299
23 302
20 302
20 303
1 303
1 307
6 307
6 304
10 304
10 322
16 322
16 331
38 331
38 324
29 324
29 318
48 318
48 316
34 316
34 309
15 309
15 314
13 314
13 306
25 306
25 220
44 220
44 217
50 217
50 260
74 260
74 263
60 263
60 264
57 264
57 268
51 268
51 278
56 278
56 271
79 271
79 261
78 261
78 253
52 253
52 237
93 237
93 236
124 236
124 242
96 242
96 239
81 239
81 244
148 244
148 238
128 238
128 235
184 235
184 230
246 230
246 229
214 229
214 228
264 228
264 246
248 246
248 252
291 252
291 251
295 251
295 257
322 257
322 255
338 255
338 280
335 280
335 327
333 327
333 340
332 340
332 339
326 339
326 321
314 321
314 317
330 317
330 292
273 292
273 301
287 301
287 297
325 297
325 310
320 310
320 312
303 312
303 315
304 315
304 320
313 320
313 328
300 328
300 345
318 345
318 350
290 350
290 342
297 342
297 332
262 332
262 335
251 335
251 358
324 358
324 360
311 360
311 359
237 359
237 343
228 343
228 334
212 334
212 367
223 367
223 368
205 368
205 323
177 323
177 329
204 329
204 333
195 333
195 349
198 349
198 373
265 373
265 383
268 383
268 369
269 369
269 393
341 393
341 399
362 399
362 415
267 415
267 418
247 418
247 417
139 417
139 419
49 419
49 422
121 422
121 424
119 424
119 429
91 429
91 426
64 426
64 428
76 428
76 437
90 437
90 440
113 440
113 433
173 433
173 420
207 420
207 425
208 425
208 423
230 423
230 427
224 427
224 432
235 432
235 431
298 431
298 416
398 416
398 421
425 421
425 413
373 413
373 409
465 409
465 407
382 407
382 401
418 401
418 405
462 405
462 403
440 403
440 371
433 371
433 374
369 374
369 366
364 366
364 378
419 378
419 376
434 376
434 394
438 394
438 397
354 397
354 392
281 392
281 372
277 372
277 362
296 362
296 364
292 364
292 385
327 385
327 370
307 370
307 380
299 380
299 365
407 365
407 341
441 341
441 275
439 275
439 311
426 311
426 286
417 286
417 308
411 308
411 269
408 269
408 267
396 267
396 270
392 270
392 258
388 258
388 262
378 262
378 287
399 287
399 348
402 348
402 284
393 284
393 281
403 281
403 361
401 361
401 357
270 357
270 356
342 356
342 337
337 337
337 289
348 289
348 283
339 283
339 254
328 254
328 250
466 250
466 298
470 298
470 288
511 288
511 290
486 290
486 295
532 295
532 240
545 240
545 232
529 232
529 285
525 285
525 279
521 279
521 273
520 273
520 282
471 282
471 249
502 249
502 247
459 247
459 248
283 248
283 243
317 243
317 233
312 233
312 231
375 231
375 226
319 226
319 227
168 227
168 234
77 234
77 225
82 225
82 224
68 224
68 221
94 221
94 187
95 187
95 200
108 200
108 203
170 203
170 199
142 199
142 197
226 197
226 196
191 196
191 192
193 192
193 189
222 189
222 186
256 186
256 191
284 191
284 204
285 204
285 206
266 206
266 209
288 209
288 193
331 193
331 194
429 194
429 202
321 202
321 207
442 207
442 188
340 188
340 185
118 185
118 184
109 184
109 190
103 190
103 181
176 181
176 173
211 173
211 180
219 180
219 168
134 168
134 171
127 171
127 170
97 170
97 138
105 138
105 131
147 131
147 141
163 141
163 151
151 151
151 154
209 154
209 156
227 156
227 136
192 136
192 124
243 124
243 123
190 123
190 137
221 137
221 149
220 149
220 143
187 143
187 135
150 135
150 122
162 122
162 107
182 107
182 105
241 105
241 104
183 104
183 92
155 92
155 113
149 113
149 108
137 108
137 116
140 116
140 127
136 127
136 129
107 129
107 121
89 121
89 117
88 117
88 97
110 97
110 62
111 62
111 49
100 49
100 83
99 83
99 47
116 47
116 53
120 53
120 74
138 74
138 73
125 73
125 44
101 44
101 38
102 38
102 32
104 32
104 18
171 18
171 40
179 40
179 25
229 25
229 69
232 69
232 48
236 48
236 46
263 46
263 52
289 52
289 36
305 36
305 29
315 29
315 31
349 31
349 11
345 11
345 14
323 14
323 26
294 26
294 19
302 19
302 5
451 5
451 6
530 6
530 4
595 4
595 7
602 7
602 23
379 23
379 20
443 20
443 22
460 22
460 17
368 17
368 43
447 43
447 55
445 55
445 60
498 60
498 57
479 57
479 54
475 54
475 42
437 42
437 39
483 39
483 37
450 37
450 34
501 34
501 35
550 35
550 61
547 61
547 66
523 66
523 65
457 65
457 67
544 67
544 68
546 68
546 71
552 71
552 75
524 75
524 76
607 76
607 98
592 98
592 85
563 85
563 82
512 82
512 84
505 84
505 86
476 86
476 87
461 87
461 93
464 93
464 89
583 89
583 100
639 100
639 126
815 126
815 152
851 152
851 144
865 144
865 150
880 150
880 172
907 172
907 155
916 155
916 158
949 158
949 157
964 157
964 164
952 164
952 178
1055 178
1055 174
1059 174
1059 161
1049 161
1049 177
1024 177
1024 169
1035 169
1035 162
992 162
992 142
920 142
920 140
909 140
909 134
1226 134
1226 159
1147 159
1147 147
1177 147
1177 145
1116 145
1116 148
1062 148
1062 167
1061 167
1061 182
1046 182
1046 183
1063 183
1063 208
1070 208
1070 210
1066 210
1066 215
1073 215
1073 175
1078 175
1078 153
1133 153
1133 160
1110 160
1110 212
1099 212
1099 195
1093 195
1093 213
1083 213
1083 245
1087 245
1087 256
1098 256
1098 223
1108 223
1108 272
1130 272
1130 291
1111 291
1111 293
1089 293
1089 313
1081 313
1081 319
1100 319
1100 325
1067 325
1067 494
1166 494
1166 503
1155 503
1155 543
1150 543
1150 512
1141 512
1141 538
1148 538
1148 559
1164 559
1164 561
1181 561
1181 527
1196 527
1196 597
1195 597
1195 705
1193 705
1193 840
1191 840
1191 810
1187 810
1187 867
1183 867
1183 797
1174 797
1174 868
1173 868
1173 809
1170 809
1170 732
1154 732
1154 728
1072 728
1072 729
1084 729
1084 804
1092 804
1092 733
1161 733
1161 742
1165 742
1165 748
1145 748
1145 753
1159 753
1159 760
1163 760
1163 785
1156 785
1156 823
1160 823
1160 907
1175 907
1175 910
1158 910
1158 921
1121 921
1121 1029
1112 1029
1112 1053
1115 1053
1115 1096
1102 1096
1102 1095
1094 1095
1094 1100
1122 1100
1122 1155
1106 1155
1106 1137
1095 1137
1095 1134
1080 1134
1080 982
1079 982
1079 1147
956 1147
956 1073
958 1073
958 950
970 950
970 954
978 954
978 968
991 968
991 974
969 974
969 985
980 985
980 991
1031 991
1031 1008
1039 1008
1039 1097
987 1097
987 1099
1030 1099
1030 1141
1007 1141
1007 1136
959 1136
959 1139
966 1139
966 1144
1021 1144
1021 1142
1033 1142
1033 1107
1048 1107
1048 1058
1045 1058
1045 1031
1040 1031
1040 978
1038 978
1038 981
1017 981
1017 986
1013 986
1013 990
985 990
985 980
999 980
999 962
1009 962
1009 969
1028 969
1028 973
1042 973
1042 965
1057 965
1057 850
968 850
968 813
1036 813
1036 820
1037 820
1037 808
1034 808
1034 806
1032 806
1032 805
933 805
933 782
908 782
908 750
898 750
898 783
931 783
931 839
910 839
910 1016
924 1016
924 1051
913 1051
913 1081
871 1081
871 1084
872 1084
872 1098
873 1098
873 1166
731 1166
731 1143
736 1143
736 1085
760 1085
760 1131
744 1131
744 1138
757 1138
757 1153
762 1153
762 1072
730 1072
730 1060
761 1060
761 1044
729 1044
729 1014
728 1014
728 1066
724 1066
724 1076
722 1076
722 1124
719 1124
719 1165
663 1165
663 1164
692 1164
692 1162
710 1162
710 1161
674 1161
674 1148
665 1148
665 1103
657 1103
657 1101
625 1101
625 1104
556 1104
556 1079
561 1079
561 1080
567 1080
567 1074
598 1074
598 1077
642 1077
642 1082
589 1082
589 1087
622 1087
622 1083
651 1083
651 1056
632 1056
632 1025
634 1025
634 1022
644 1022
644 1020
648 1020
648 1004
647 1004
647 917
649 917
649 916
687 916
687 920
716 920
716 928
783 928
783 924
717 924
717 918
747 918
747 913
690 913
690 911
819 911
819 475
825 475
825 511
829 511
829 498
844 498
844 507
839 507
839 531
838 531
838 540
841 540
841 631
845 631
845 712
835 712
835 565
832 565
832 601
833 601
833 625
827 625
827 777
822 777
822 716
821 716
821 794
836 794
836 870
840 870
840 737
848 737
848 726
846 726
846 676
849 676
849 632
852 632
852 579
850 579
850 461
800 461
800 457
788 457
788 452
789 452
789 455
793 455
793 448
795 448
795 445
843 445
843 442
853 442
853 402
769 402
769 396
768 396
768 406
755 406
755 352
750 352
750 351
758 351
758 338
742 338
742 344
737 344
737 346
733 346
733 336
726 336
726 353
732 353
732 395
714 395
714 398
712 398
712 404
673 404
673 436
695 436
695 438
708 438
708 435
718 435
718 443
713 443
713 451
670 451
670 453
720 453
720 434
698 434
698 430
703 430
703 414
701 414
701 410
791 410
791 412
842 412
842 441
790 441
790 439
774 439
774 447
765 447
765 456
763 456
763 464
749 464
749 501
754 501
754 481
759 481
759 469
828 469
828 470
816 470
816 486
807 486
807 521
808 521
808 618
801 618
801 694
803 694
803 713
805 713
805 619
811 619
811 630
814 630
814 552
817 552
817 483
818 483
818 881
813 881
813 803
810 803
810 802
775 802
775 784
781 784
781 710
753 710
753 711
773 711
773 731
780 731
780 746
770 746
770 846
771 846
771 836
778 836
778 822
809 822
809 856
683 856
683 743
685 743
685 788
688 788
688 735
682 735
682 720
700 720
700 690
646 690
646 686
709 686
709 678
706 678
706 635
694 635
694 633
686 633
686 634
672 634
672 640
675 640
675 644
697 644
697 657
654 657
654 665
679 665
679 674
681 674
681 664
704 664
704 680
636 680
636 684
629 684
629 699
677 699
677 857
689 857
689 858
676 858
676 853
658 853
658 831
671 831
671 825
662 825
662 766
652 766
652 860
645 860
645 828
628 828
628 740
633 740
633 765
650 765
650 719
626 719
626 852
641 852
641 861
702 861
702 864
794 864
794 896
796 896
796 878
799 878
799 869
802 869
802 905
738 905
738 906
659 906
659 904
637 904
637 960
630 960
630 988
640 988
640 1011
631 1011
631 1062
621 1062
621 1052
615 1052
615 1009
620 1009
620 992
603 992
603 993
608 993
608 1015
614 1015
614 1064
610 1064
610 1050
611 1050
611 1046
600 1046
600 1032
568 1032
568 1047
534 1047
534 1048
609 1048
609 1070
579 1070
579 1068
555 1068
555 1069
548 1069
548 1089
542 1089
542 1075
528 1075
528 1094
526 1094
526 1065
522 1065
522 934
565 934
565 953
527 953
527 964
582 964
582 961
593 961
593 761
597 761
597 683
596 683
596 604
599 604
599 598
594 598
594 589
513 589
513 574
494 574
494 571
156 571
156 584
153 584
153 568
186 568
186 566
161 566
161 560
189 560
189 556
175 556
175 533
225 533
225 523
242 523
242 532
231 532
231 549
255 549
255 536
254 536
254 519
217 519
217 528
114 528
114 525
123 525
123 518
73 518
73 520
122 520
122 522
18 522
18 539
9 539
9 590
8 590
8 504
7 504
7 495
5 495
5 487
3 487
3 490
4 490
4 615
2 615
2 627
12 627
12 573
21 573
21 594
24 594
24 530
26 530
26 545
32 545
32 529
166 529
166 544
165 544
165 550
154 550
154 534
59 534
59 548
66 548
66 562
55 562
55 567
46 567
46 570
47 570
47 575
92 575
92 551
115 551
115 547
129 547
129 624
131 624
131 612
132 612
132 555
135 555
135 588
160 588
160 572
421 572
421 592
416 592
416 583
414 583
414 593
355 593
355 606
423 606
423 608
367 608
367 610
536 610
536 609
543 609
543 607
435 607
435 600
452 600
452 587
458 587
458 585
477 585
477 591
587 591
587 682
585 682
585 655
571 655
571 645
557 645
557 654
509 654
509 648
504 648
504 642
456 642
456 638
436 638
436 646
343 646
343 637
329 637
329 639
252 639
252 641
261 641
261 653
489 653
489 652
381 652
381 650
448 650
448 647
500 647
500 656
514 656
514 677
506 677
506 689
492 689
492 688
468 688
468 660
274 660
274 659
238 659
238 670
272 670
272 672
218 672
218 696
234 696
234 697
174 697
174 702
259 702
259 698
257 698
257 681
258 681
258 695
309 695
309 691
282 691
282 679
245 679
245 701
240 701
240 675
301 675
301 668
306 668
306 666
463 666
463 700
467 700
467 703
533 703
533 693
510 693
510 692
531 692
531 658
581 658
581 667
572 667
572 673
569 673
569 709
588 709
588 736
570 736
570 774
574 774
574 762
578 762
578 876
580 876
580 891
573 891
573 887
566 887
566 872
564 872
564 871
549 871
549 895
551 895
551 886
558 886
558 897
559 897
559 903
586 903
586 939
576 939
576 929
538 929
538 919
537 919
537 933
508 933
508 923
480 923
480 940
474 940
474 875
430 875
430 885
428 885
428 880
424 880
424 979
395 979
395 935
387 935
387 927
386 927
386 889
359 889
359 892
358 892
358 865
356 865
356 948
352 948
352 819
412 819
412 826
360 826
360 843
366 843
366 859
391 859
391 855
371 855
371 848
410 848
410 845
383 845
383 844
444 844
444 842
493 842
493 832
503 832
503 787
507 787
507 754
497 754
497 730
515 730
515 722
487 722
487 747
484 747
484 763
485 763
485 791
491 791
491 812
455 812
455 827
422 827
422 816
239 816
239 817
271 817
271 818
216 818
216 771
206 771
206 769
202 769
202 780
180 780
180 779
167 779
167 776
164 776
164 773
172 773
172 758
181 758
181 751
159 751
159 741
194 741
194 734
196 734
196 718
199 718
199 717
215 717
215 708
185 708
185 727
188 727
188 738
158 738
158 744
130 744
130 745
112 745
112 739
117 739
117 725
145 725
145 723
144 723
144 724
71 724
71 770
58 770
58 768
41 768
41 778
40 778
40 807
39 807
39 863
37 863
37 815
27 815
27 932
31 932
31 977
45 977
45 972
33 972
33 909
30 909
30 849
35 849
35 898
36 898
36 877
42 877
42 793
43 793
43 795
53 795
53 790
61 790
61 1063
62 1063
62 1088
67 1088
67 1055
70 1055
70 1170
75 1170
75 1049
65 1049
65 1003
72 1003
72 966
63 966
63 775
54 775
54 772
84 772
84 749
143 749
143 752
169 752
169 755
146 755
146 781
200 781
200 786
203 786
203 789
178 789
178 801
201 801
201 792
210 792
210 814
213 814
213 829
253 829
253 830
275 830
275 821
344 821
344 833
347 833
347 888
336 888
336 899
316 899
316 879
308 879
308 883
276 883
276 902
346 902
346 958
353 958
353 959
357 959
357 963
363 963
363 941
361 941
361 900
370 900
370 908
385 908
385 931
380 931
380 945
376 945
376 951
372 951
372 955
374 955
374 1006
397 1006
397 983
400 983
400 1010
384 1010
384 1019
365 1019
365 1021
405 1021
405 1030
413 1030
413 1040
406 1040
406 1034
390 1034
390 1037
334 1037
334 1035
293 1035
293 1023
260 1023
260 1026
157 1026
157 1024
126 1024
126 1045
133 1045
133 1028
286 1028
286 1033
278 1033
278 1038
350 1038
350 1042
249 1042
249 1043
420 1043
420 1018
415 1018
415 1013
409 1013
409 1005
404 1005
404 995
427 995
427 946
432 946
432 952
453 952
453 943
449 943
449 915
446 915
446 894
472 894
472 901
473 901
473 967
478 967
478 976
481 976
481 1017
490 1017
490 997
499 997
499 971
496 971
496 984
482 984
482 938
516 938
516 1027
517 1027
517 1039
518 1039
518 1054
519 1054
519 1102
554 1102
554 1108
562 1108
562 1117
560 1117
560 1110
539 1110
539 1114
495 1114
495 1113
488 1113
488 1112
454 1112
454 1118
469 1118
469 1116
540 1116
540 1120
377 1120
377 1119
389 1119
389 1111
351 1111
351 1115
310 1115
310 1121
535 1121
535 1128
394 1128
394 1133
431 1133
431 1129
575 1129
575 1105
661 1105
661 1145
619 1145
619 1151
660 1151
660 1167
859 1167
859 1172
858 1172
858 1176
856 1176
856 1177
820 1177
820 1181
854 1181
854 1185
837 1185
837 1187
752 1187
752 1196
741 1196
741 1190
735 1190
735 1175
798 1175
798 1174
776 1174
776 1173
725 1173
725 1195
705 1195
705 1193
678 1193
678 1180
655 1180
655 1168
624 1168
624 1169
618 1169
618 1178
612 1178
612 1179
617 1179
617 1182
635 1182
635 1171
638 1171
638 1183
666 1183
666 1198
691 1198
691 1202
669 1202
669 1203
656 1203
656 1199
623 1199
623 1212
684 1212
684 1209
699 1209
699 1215
743 1215
743 1214
831 1214
831 1213
767 1213
767 1211
941 1211
941 1210
988 1210
988 1207
904 1207
904 1208
707 1208
707 1206
1064 1206
1064 1205
1104 1205
1104 1216
1131 1216
1131 1220
1004 1220
1004 1219
824 1219
824 1221
812 1221
812 1217
746 1217
746 1225
745 1225
745 1237
785 1237
785 1245
766 1245
766 1246
711 1246
711 1233
693 1233
693 1226
668 1226
668 1218
667 1218
667 1235
627 1235
627 1238
696 1238
696 1247
756 1247
756 1248
664 1248
664 1250
787 1250
787 1241
847 1241
847 1240
862 1240
862 1249
936 1249
936 1243
947 1243
947 1239
797 1239
797 1236
870 1236
870 1234
914 1234
914 1230
748 1230
748 1224
751 1224
751 1228
1015 1228
1015 1232
1065 1232
1065 1242
1086 1242
1086 1244
1090 1244
1090 1231
1027 1231
1027 1229
1022 1229
1022 1223
953 1223
953 1227
888 1227
888 1222
1132 1222
1132 1204
1137 1204
1137 1201
1000 1201
1000 1200
823 1200
823 1192
918 1192
918 1197
1250 1197
1250 1194
926 1194
926 1191
1143 1191
1143 1189
1113 1189
1113 1188
1044 1188
1044 1186
861 1186
861 1184
875 1184
875 1123
883 1123
883 1130
887 1130
887 1122
886 1122
886 1092
911 1092
911 1106
937 1106
937 970
934 970
934 1057
927 1057
927 998
921 998
921 884
917 884
917 1001
912 1001
912 841
938 841
938 854
1056 854
1056 957
1019 957
1019 949
955 949
955 1078
948 1078
948 1163
950 1163
950 1146
951 1146
951 1150
1082 1150
1082 1140
1101 1140
1101 1152
1091 1152
1091 1156
1139 1156
1139 1149
1123 1149
1123 1067
1126 1067
1126 1041
1128 1041
1128 942
1172 942
1172 937
1176 937
1176 925
1178 925
1178 873
1197 873
1197 662
1198 662
1198 482
1188 482
1188 476
1068 476
1068 411
1071 411
1071 355
1069 355
1069 326
1105 326
1105 296
1140 296
1140 294
1136 294
1136 274
1149 274
1149 266
1184 266
1184 259
1119 259
1119 241
1120 241
1120 198
1114 198
1114 179
1151 179
1151 165
1231 165
1231 163
1237 163
1237 133
901 133
901 166
890 166
890 146
885 146
885 139
874 139
874 125
643 125
643 103
727 103
727 99
616 99
616 64
553 64
553 41
604 41
604 33
541 33
541 30
591 30
591 27
590 27
590 24
613 24
613 12
605 12
605 3
