82
37 457
37 380
36 380
36 325
28 325
28 247
30 247
30 226
123 226
123 224
56 224
56 191
44 191
44 201
24 201
24 189
32 189
32 187
17 187
17 151
12 151
12 105
16 105
16 89
15 89
15 87
13 87
13 85
1 85
1 97
3 97
3 141
2 141
2 168
6 168
6 150
5 150
5 139
7 139
7 110
10 110
10 167
9 167
9 195
4 195
4 206
8 206
8 212
31 212
31 213
46 213
46 197
55 197
55 219
22 219
22 222
20 222
20 266
21 266
21 275
25 275
25 242
26 242
26 279
27 279
27 345
29 345
29 382
19 382
19 368
18 368
18 383
33 383
33 386
35 386
35 425
34 425
34 469
50 469
50 463
43 463
43 457
