454
216 431
216 437
141 437
141 459
136 459
136 421
134 421
134 387
131 387
131 363
126 363
126 328
105 328
105 323
70 323
70 310
80 310
80 305
57 305
57 374
41 374
41 379
49 379
49 402
39 402
39 413
38 413
38 452
42 452
42 457
37 457
37 380
36 380
36 325
28 325
28 247
30 247
30 226
123 226
123 224
56 224
56 191
44 191
44 201
24 201
24 189
32 189
32 187
17 187
17 151
12 151
12 105
16 105
16 89
15 89
15 87
13 87
13 85
1 85
1 97
3 97
3 141
2 141
2 168
6 168
6 150
5 150
5 139
7 139
7 110
10 110
10 167
9 167
9 195
4 195
4 206
8 206
8 212
31 212
31 213
46 213
46 197
55 197
55 219
22 219
22 222
20 222
20 266
21 266
21 275
25 275
25 242
26 242
26 279
27 279
27 345
29 345
29 382
19 382
19 368
18 368
18 383
33 383
33 386
35 386
35 425
34 425
34 469
50 469
50 462
52 462
52 445
48 445
48 463
43 463
43 442
45 442
45 427
47 427
47 408
59 408
59 308
66 308
66 324
62 324
62 367
64 367
64 338
65 338
65 327
72 327
72 332
68 332
68 336
78 336
78 335
77 335
77 331
87 331
87 339
125 339
125 355
111 355
111 340
84 340
84 357
98 357
98 353
88 353
88 341
107 341
107 370
102 370
102 375
129 375
129 424
127 424
127 465
112 465
112 468
113 468
113 466
138 466
138 484
139 484
139 473
142 473
142 474
140 474
140 476
144 476
144 472
143 472
143 453
152 453
152 458
162 458
162 455
155 455
155 447
163 447
163 446
158 446
158 443
175 443
175 439
190 439
190 441
293 441
293 440
246 440
246 434
352 434
352 422
354 422
354 448
323 448
323 449
281 449
281 456
284 456
284 450
285 450
285 478
269 478
269 479
227 479
227 475
251 475
251 470
225 470
225 477
210 477
210 467
206 467
206 485
228 485
228 482
258 482
258 483
266 483
266 481
226 481
226 480
291 480
291 460
303 460
303 464
330 464
330 461
313 461
313 451
395 451
395 430
375 430
375 444
357 444
357 415
380 415
380 409
444 409
444 438
446 438
446 490
366 490
366 486
331 486
331 492
334 492
334 498
355 498
355 496
440 496
440 495
494 495
494 494
496 494
496 500
498 500
498 499
500 499
500 487
499 487
499 497
497 497
497 489
485 489
485 488
466 488
466 491
453 491
453 493
447 493
447 436
452 436
452 454
455 454
455 471
456 471
456 435
445 435
445 401
402 401
402 407
392 407
392 389
399 389
399 392
451 392
451 391
433 391
433 390
427 390
427 384
400 384
400 381
398 381
398 354
397 354
397 365
396 365
396 376
394 376
394 241
386 241
386 237
377 237
377 228
363 228
363 227
350 227
350 193
369 193
369 203
376 203
376 205
403 205
403 180
401 180
401 172
409 172
409 158
411 158
411 153
389 153
389 149
414 149
414 358
417 358
417 343
418 343
418 198
415 198
415 164
419 164
419 137
416 137
416 125
423 125
423 140
420 140
420 207
421 207
421 243
422 243
422 288
436 288
436 294
441 294
441 270
439 270
439 170
438 170
438 259
437 259
437 277
425 277
425 143
428 143
428 159
426 159
426 218
429 218
429 209
431 209
431 130
424 130
424 122
432 122
432 135
434 135
434 146
470 146
470 132
488 132
488 90
490 90
490 41
483 41
483 37
479 37
479 54
473 54
473 27
493 27
493 28
495 28
495 16
489 16
489 13
484 13
484 11
476 11
476 10
463 10
463 6
459 6
459 8
457 8
457 12
468 12
468 17
491 17
491 18
492 18
492 24
462 24
462 29
460 29
460 30
461 30
461 35
469 35
469 26
471 26
471 55
480 55
480 48
486 48
486 61
482 61
482 129
464 129
464 145
442 145
442 128
443 128
443 115
385 115
385 188
358 188
358 190
349 190
349 192
344 192
344 202
343 202
343 225
339 225
339 230
365 230
365 250
390 250
390 395
387 395
387 400
391 400
391 403
379 403
379 406
351 406
351 429
335 429
335 431
