94
66 20
66 17
42 17
42 21
38 21
38 24
31 24
31 36
32 36
32 47
27 47
27 43
1 43
1 80
9 80
9 78
21 78
21 81
13 81
13 90
24 90
24 91
3 91
3 99
4 99
4 93
14 93
14 98
25 98
25 97
28 97
28 83
19 83
19 82
33 82
33 100
36 100
36 95
37 95
37 86
34 86
34 77
30 77
30 75
15 75
15 74
8 74
8 65
10 65
10 62
20 62
20 57
12 57
12 61
7 61
7 66
6 66
6 73
2 73
2 46
18 46
18 49
23 49
23 53
29 53
29 48
44 48
44 33
47 33
47 52
50 52
50 67
43 67
43 72
40 72
40 76
41 76
41 79
45 79
45 71
73 71
73 69
53 69
53 45
54 45
54 41
52 41
52 35
49 35
49 42
48 42
48 19
61 19
61 20
