96
1 1
1 197
2 197
2 340
5 340
5 335
3 335
3 87
4 87
4 4
63 4
63 2
135 2
135 6
445 6
445 10
435 10
435 11
429 11
429 13
361 13
361 26
373 26
373 34
619 34
619 43
656 43
656 47
587 47
587 52
599 52
599 48
605 48
605 68
606 68
606 81
636 81
636 73
632 73
632 49
646 49
646 95
610 95
610 107
574 107
574 97
602 97
602 90
402 90
402 79
397 79
397 78
383 78
383 63
370 63
370 67
326 67
326 65
325 65
325 44
224 44
224 102
214 102
214 104
233 104
233 92
232 92
232 51
246 51
246 45
318 45
318 84
398 84
398 98
512 98
512 99
515 99
515 106
486 106
486 110
663 110
663 59
661 59
661 32
484 32
484 28
437 28
437 22
403 22
403 14
452 14
452 5
209 5
209 3
257 3
257 1
