2314
1 1
1 197
2 197
2 340
5 340
5 335
3 335
3 87
4 87
4 4
63 4
63 2
135 2
135 6
445 6
445 10
435 10
435 11
429 11
429 13
361 13
361 26
373 26
373 34
619 34
619 43
656 43
656 47
587 47
587 52
599 52
599 48
605 48
605 68
606 68
606 81
636 81
636 73
632 73
632 49
646 49
646 95
610 95
610 107
574 107
574 97
602 97
602 85
563 85
563 88
489 88
489 90
402 90
402 79
397 79
397 78
383 78
383 63
370 63
370 67
326 67
326 65
325 65
325 44
224 44
224 102
214 102
214 104
168 104
168 114
130 114
130 100
133 100
133 61
120 61
120 69
118 69
118 55
136 55
136 93
140 93
140 103
174 103
174 83
145 83
145 82
160 82
160 62
146 62
146 54
78 54
78 80
85 80
85 72
92 72
92 115
210 115
210 113
220 113
220 109
233 109
233 92
232 92
232 51
246 51
246 45
318 45
318 84
398 84
398 98
512 98
512 99
515 99
515 106
486 106
486 112
655 112
655 111
683 111
683 186
628 186
628 206
623 206
623 276
617 276
617 268
615 268
615 204
613 204
613 240
567 240
567 234
575 234
575 202
565 202
565 201
543 201
543 177
517 177
517 175
446 175
446 176
348 176
348 181
516 181
516 184
458 184
458 190
419 190
419 243
408 243
408 238
393 238
393 205
330 205
330 130
365 130
365 148
439 148
439 152
593 152
593 150
566 150
566 149
465 149
465 140
483 140
483 131
432 131
432 128
378 128
378 123
323 123
323 124
321 124
321 134
306 134
306 168
291 168
291 159
285 159
285 164
286 164
286 165
281 165
281 182
222 182
222 187
223 187
223 194
260 194
260 210
192 210
192 219
165 219
165 216
189 216
189 212
84 212
84 239
73 239
73 308
80 308
80 265
86 265
86 299
248 299
248 267
226 267
226 286
204 286
204 282
131 282
131 297
93 297
93 237
90 237
90 231
123 231
123 226
213 226
213 218
206 218
206 215
202 215
202 213
267 213
267 193
314 193
314 199
328 199
328 188
315 188
315 166
329 166
329 214
292 214
292 221
309 221
309 223
342 223
342 225
296 225
296 249
298 249
298 285
299 285
299 344
337 344
337 343
300 343
300 278
316 278
316 271
308 271
308 266
353 266
353 279
347 279
347 338
440 338
440 339
406 339
406 351
405 351
405 347
395 347
395 346
367 346
367 348
324 348
324 352
280 352
280 345
289 345
289 341
269 341
269 431
264 431
264 367
268 367
268 357
258 357
258 403
261 403
261 423
253 423
253 418
239 418
239 421
238 421
238 437
225 437
225 427
237 427
237 426
219 426
219 393
205 393
205 399
179 399
179 412
187 412
187 432
211 432
211 443
172 443
172 420
170 420
170 424
144 424
144 425
139 425
139 429
142 429
142 451
97 451
97 460
71 460
71 433
67 433
67 464
89 464
89 469
56 469
56 476
65 476
65 487
53 487
53 504
51 504
51 492
48 492
48 507
50 507
50 508
38 508
38 466
23 466
23 481
24 481
24 528
26 528
26 598
21 598
21 616
7 616
7 620
6 620
6 649
19 649
19 714
20 714
20 877
18 877
18 897
12 897
12 1155
13 1155
13 1187
11 1187
11 694
8 694
8 868
9 868
9 722
10 722
10 1240
14 1240
14 1118
15 1118
15 1201
36 1201
36 1174
39 1174
39 1203
45 1203
45 1244
47 1244
47 1250
137 1250
137 1241
119 1241
119 1214
134 1214
134 1212
132 1212
132 1206
115 1206
115 1247
110 1247
110 1199
111 1199
111 1186
112 1186
112 1185
100 1185
100 1134
109 1134
109 1166
114 1166
114 1094
124 1094
124 1085
128 1085
128 1046
127 1046
127 1036
108 1036
108 1028
105 1028
105 1016
113 1016
113 1032
129 1032
129 978
188 978
188 979
197 979
197 1001
178 1001
178 1019
180 1019
180 1008
184 1008
184 1003
212 1003
212 1005
190 1005
190 1007
272 1007
272 998
331 998
331 993
199 993
199 989
198 989
198 980
250 980
250 975
244 975
244 957
243 957
243 962
241 962
241 974
200 974
200 961
235 961
235 954
194 954
194 969
152 969
152 965
158 965
158 953
338 953
338 981
334 981
334 968
311 968
311 976
312 976
312 988
340 988
340 963
344 963
344 956
364 956
364 940
358 940
358 932
460 932
460 955
464 955
464 987
471 987
471 933
494 933
494 934
488 934
488 970
491 970
491 1004
495 1004
495 1010
497 1010
497 1060
510 1060
510 1057
608 1057
608 1059
525 1059
525 1077
511 1077
511 1091
470 1091
470 1084
448 1084
448 1070
389 1070
389 1072
399 1072
399 1098
409 1098
409 1071
411 1071
411 1111
416 1111
416 1121
379 1121
379 1168
282 1168
282 1176
384 1176
384 1178
420 1178
420 1159
421 1159
421 1163
426 1163
426 1175
449 1175
449 1165
454 1165
454 1192
496 1192
496 1194
498 1194
498 1189
503 1189
503 1198
507 1198
507 1190
529 1190
529 1188
533 1188
533 1138
535 1138
535 1170
538 1170
538 1130
557 1130
557 1125
531 1125
531 1117
530 1117
530 1183
474 1183
474 1171
501 1171
501 1173
514 1173
514 1145
513 1145
513 1149
508 1149
508 1161
441 1161
441 1156
386 1156
386 1129
461 1129
461 1137
478 1137
478 1143
485 1143
485 1103
475 1103
475 1124
466 1124
466 1123
451 1123
451 1115
436 1115
436 1099
453 1099
453 1100
459 1100
459 1101
553 1101
553 1079
648 1079
648 1078
662 1078
662 1088
665 1088
665 1102
666 1102
666 1150
643 1150
643 1162
670 1162
670 1082
678 1082
678 1081
803 1081
803 1080
677 1080
677 1073
856 1073
856 1126
838 1126
838 1083
837 1083
837 1090
833 1090
833 1133
839 1133
839 1169
834 1169
834 1204
835 1204
835 1207
827 1207
827 1209
822 1209
822 1208
788 1208
788 1200
743 1200
743 1202
756 1202
756 1211
848 1211
848 1172
852 1172
852 1224
734 1224
734 1223
771 1223
771 1220
769 1220
769 1215
768 1215
768 1222
570 1222
570 1225
600 1225
600 1232
651 1232
651 1228
644 1228
644 1226
730 1226
730 1238
866 1238
866 1236
890 1236
890 1235
1058 1235
1058 1234
1115 1234
1115 1239
1161 1239
1161 1237
1181 1237
1181 1205
1169 1205
1169 1191
1163 1191
1163 1227
1135 1227
1135 1217
1079 1217
1079 1219
1059 1219
1059 1229
1131 1229
1131 1233
977 1233
977 1231
989 1231
989 1213
985 1213
985 1221
892 1221
892 1230
859 1230
859 1179
865 1179
865 1181
915 1181
915 1146
913 1146
913 1127
910 1127
910 1139
907 1139
907 1144
904 1144
904 1112
909 1112
909 1110
900 1110
900 1128
896 1128
896 1164
860 1164
860 1106
857 1106
857 1066
858 1066
858 1043
928 1043
928 1044
916 1044
916 1068
956 1068
956 1087
933 1087
933 1095
953 1095
953 1096
969 1096
969 1027
1184 1027
1184 1022
1193 1022
1193 990
1214 990
1214 997
1235 997
1235 984
1240 984
1240 1031
1233 1031
1233 1006
1202 1006
1202 1086
1201 1086
1201 1053
1197 1053
1197 1064
1198 1064
1198 1092
1210 1092
1210 1093
1224 1093
1224 1075
1245 1075
1245 1107
1176 1107
1176 1105
1138 1105
1138 1109
1244 1109
1244 1113
1108 1113
1108 1120
1087 1120
1087 1160
1084 1160
1084 1184
1102 1184
1102 1135
1121 1135
1121 1153
1154 1153
1154 1119
1142 1119
1142 1140
1143 1140
1143 1152
1129 1152
1129 1116
1226 1116
1226 1122
1238 1122
1238 1147
1228 1147
1228 1157
1225 1157
1225 1142
1220 1142
1220 1158
1208 1158
1208 1167
1239 1167
1239 1154
1248 1154
1248 1015
1249 1015
1249 992
1250 992
1250 977
1243 977
1243 1069
1222 1069
1222 1056
1229 1056
1229 1049
1241 1049
1241 971
1212 971
1212 960
1174 960
1174 964
1191 964
1191 1021
982 1021
982 1020
682 1020
682 1023
986 1023
986 1024
1183 1024
1183 1025
1160 1025
1160 1026
961 1026
961 1065
921 1065
921 1061
938 1061
938 1051
934 1051
934 1034
828 1034
828 1037
845 1037
845 1063
657 1063
657 1074
572 1074
572 1076
532 1076
532 1062
578 1062
578 1067
622 1067
622 1048
596 1048
596 1055
589 1055
589 1052
580 1052
580 1035
633 1035
633 1038
588 1038
588 1047
616 1047
616 1040
654 1040
654 1030
585 1030
585 1029
561 1029
561 1039
559 1039
559 1042
552 1042
552 1033
547 1033
547 985
546 985
546 938
541 938
541 1041
537 1041
537 1018
504 1018
504 973
521 973
521 967
502 967
502 931
362 931
362 928
359 928
359 926
388 926
388 918
319 918
319 913
444 913
444 919
457 919
457 924
463 924
463 925
487 925
487 923
658 923
658 937
882 937
882 946
888 946
888 949
877 949
877 995
794 995
794 994
691 994
691 1017
695 1017
695 1013
737 1013
737 1012
718 1012
718 1002
762 1002
762 999
787 999
787 1009
891 1009
891 1000
902 1000
902 986
935 986
935 991
939 991
939 983
951 983
951 982
911 982
911 959
894 959
894 996
889 996
889 936
998 936
998 914
1009 914
1009 920
1018 920
1018 922
1022 922
1022 856
887 856
887 871
872 871
872 854
971 854
971 849
967 849
967 848
881 848
881 846
880 846
880 845
844 845
844 840
952 840
952 839
948 839
948 838
937 838
937 836
931 836
931 833
883 833
883 829
804 829
804 852
757 852
757 879
723 879
723 857
710 857
710 853
694 853
694 855
700 855
700 899
631 899
631 902
704 902
704 881
741 881
741 882
815 882
815 869
759 869
759 862
764 862
764 861
821 861
821 874
820 874
820 905
688 905
688 904
818 904
818 903
591 903
591 850
573 850
573 888
455 888
455 887
524 887
524 851
518 851
518 866
509 866
509 885
480 885
480 847
492 847
492 844
476 844
476 858
473 858
473 884
394 884
394 872
382 872
382 834
355 834
355 830
327 830
327 831
266 831
266 832
297 832
297 835
294 835
294 837
374 837
374 841
251 841
251 842
381 842
381 876
375 876
375 880
357 880
357 894
307 894
307 890
278 890
278 886
234 886
234 864
240 864
240 863
161 863
161 859
143 859
143 865
208 865
208 873
215 873
215 898
227 898
227 891
293 891
293 901
343 901
343 895
523 895
523 892
586 892
586 893
542 893
542 900
582 900
582 906
715 906
715 907
831 907
831 878
832 878
832 896
861 896
861 889
897 889
897 875
914 875
914 870
963 870
963 867
954 867
954 860
993 860
993 883
996 883
996 908
997 908
997 930
754 930
754 935
667 935
667 921
590 921
590 912
853 912
853 916
912 916
912 911
335 911
335 909
333 909
333 910
317 910
317 939
304 939
304 944
201 944
201 915
181 915
181 941
167 941
167 917
153 917
153 927
154 927
154 945
173 945
173 942
185 942
185 948
346 948
346 943
354 943
354 947
360 947
360 950
363 950
363 951
203 951
203 952
122 952
122 958
88 958
88 972
126 972
126 1011
96 1011
96 1014
103 1014
103 1045
121 1045
121 1050
107 1050
107 1054
79 1054
79 1058
99 1058
99 1089
76 1089
76 1114
77 1114
77 1151
81 1151
81 1177
74 1177
74 1180
82 1180
82 1108
83 1108
83 1148
94 1148
94 1104
91 1104
91 1097
95 1097
95 1131
98 1131
98 1210
104 1210
104 1216
101 1216
101 1218
106 1218
106 1242
69 1242
69 1243
75 1243
75 1248
62 1248
62 1249
61 1249
61 1246
59 1246
59 1245
55 1245
55 1197
58 1197
58 1193
57 1193
57 1141
52 1141
52 1136
49 1136
49 1182
40 1182
40 1132
35 1132
35 1195
17 1195
17 1196
16 1196
16 929
25 929
25 966
27 966
27 843
33 843
33 549
32 549
32 735
31 735
31 826
22 826
22 765
28 765
28 757
30 757
30 610
29 610
29 510
66 510
66 477
68 477
68 556
42 556
42 582
41 582
41 601
37 601
37 638
34 638
34 639
43 639
43 609
46 609
46 602
54 602
54 572
44 572
44 559
60 559
60 594
72 594
72 590
87 590
87 592
116 592
116 596
217 596
217 593
527 593
527 600
650 600
650 599
690 599
690 597
668 597
668 588
708 588
708 589
1017 589
1017 586
1006 586
1006 585
693 585
693 584
732 584
732 574
816 574
816 575
1053 575
1053 576
855 576
855 581
1032 581
1032 580
1133 580
1133 579
1147 579
1147 613
1145 613
1145 614
1148 614
1148 618
1162 618
1162 605
1167 605
1167 672
1166 672
1166 817
1165 817
1165 665
1164 665
1164 798
1152 798
1152 789
841 789
841 776
1024 776
1024 769
1031 769
1031 768
1037 768
1037 743
1090 743
1090 745
1094 745
1094 754
1125 754
1125 695
1127 695
1127 624
1119 624
1119 608
1114 608
1114 654
1085 654
1085 656
1103 656
1103 661
1072 661
1072 658
1036 658
1036 660
1061 660
1061 662
1092 662
1092 680
1003 680
1003 677
979 677
979 681
1111 681
1111 705
1104 705
1104 736
1097 736
1097 704
1095 704
1095 697
901 697
901 688
925 688
925 664
924 664
924 655
903 655
903 627
871 627
871 631
847 631
847 628
775 628
775 629
747 629
747 632
714 632
714 634
674 634
674 635
773 635
773 668
770 668
770 674
758 674
758 675
664 675
664 678
750 678
750 679
778 679
778 651
795 651
795 648
786 648
786 645
807 645
807 644
873 644
873 650
893 650
893 659
811 659
811 669
922 669
922 687
824 687
824 689
849 689
849 691
854 691
854 693
751 693
751 696
699 696
699 690
675 690
675 686
808 686
808 684
863 684
863 682
707 682
707 683
671 683
671 716
720 716
720 715
722 715
722 724
726 724
726 737
739 737
739 733
763 733
763 740
709 740
709 751
719 751
719 753
736 753
736 749
760 749
760 750
782 750
782 746
791 746
791 732
806 732
806 720
776 720
776 728
744 728
744 710
696 710
696 699
936 699
936 703
941 703
941 702
1043 702
1043 707
995 707
995 708
950 708
950 713
1042 713
1042 709
1049 709
1049 711
1052 711
1052 717
1081 717
1081 729
1005 729
1005 744
1026 744
1026 767
968 767
968 773
918 773
918 772
906 772
906 761
932 761
932 758
702 758
702 759
725 759
725 764
784 764
784 763
814 763
814 774
817 774
817 766
823 766
823 793
805 793
805 794
659 794
659 796
653 796
653 787
772 787
772 781
742 781
742 778
752 778
752 771
332 771
332 760
320 760
320 755
295 755
295 752
301 752
301 738
341 738
341 734
313 734
313 721
322 721
322 712
287 712
287 718
273 718
273 671
277 671
277 663
252 663
252 657
283 657
283 641
284 641
284 604
404 604
404 607
536 607
536 606
540 606
540 623
443 623
443 615
372 615
372 619
417 619
417 621
418 621
418 625
592 625
592 603
276 603
276 617
270 617
270 646
279 646
279 652
196 652
196 642
138 642
138 643
141 643
141 647
182 647
182 667
193 667
193 670
247 670
247 731
245 731
245 706
236 706
236 692
221 692
221 723
218 723
218 804
229 804
229 742
254 742
254 700
255 700
255 698
262 698
262 685
263 685
263 719
275 719
275 777
259 777
259 741
274 741
274 739
256 739
256 784
265 784
265 821
102 821
102 818
242 818
242 810
191 810
191 812
216 812
216 816
64 816
64 824
125 824
125 827
195 827
195 822
288 822
288 756
302 756
302 762
290 762
290 792
303 792
303 803
434 803
434 807
479 807
479 795
472 795
472 802
349 802
349 780
569 780
569 779
310 779
310 775
640 775
640 782
706 782
706 783
534 783
534 788
539 788
539 806
604 806
604 800
595 800
595 791
611 791
611 786
624 786
624 801
645 801
645 805
684 805
684 813
685 813
685 808
728 808
728 797
836 797
836 819
943 819
943 823
962 823
962 809
981 809
981 790
1151 790
1151 825
1185 825
1185 820
1206 820
1206 815
1195 815
1195 811
1209 811
1209 814
1215 814
1215 828
1227 828
1227 701
1223 701
1223 785
1221 785
1221 730
1218 730
1218 637
1234 637
1234 472
1242 472
1242 488
1236 488
1236 500
1246 500
1246 468
1247 468
1247 455
1237 455
1237 452
1203 452
1203 458
1232 458
1232 465
1200 465
1200 513
1205 513
1205 499
1207 499
1207 479
1219 479
1219 494
1231 494
1231 587
1230 587
1230 622
1194 622
1194 626
1196 626
1196 630
1211 630
1211 633
1216 633
1216 666
1199 666
1199 673
1213 673
1213 725
1217 725
1217 748
1204 748
1204 726
1179 726
1179 640
1180 640
1180 612
1178 612
1178 571
1187 571
1187 557
1189 557
1189 636
1192 636
1192 555
1177 555
1177 552
1172 552
1172 611
1175 611
1175 653
1173 653
1173 727
1190 727
1190 747
1188 747
1188 799
1186 799
1186 770
1168 770
1168 676
1171 676
1171 595
1170 595
1170 565
1155 565
1155 564
1157 564
1157 558
1117 558
1117 568
1014 568
1014 570
965 570
965 545
1054 545
1054 547
1055 547
1055 520
1047 520
1047 539
1041 539
1041 518
1075 518
1075 546
1089 546
1089 537
1107 537
1107 511
1116 511
1116 516
1118 516
1118 501
1113 501
1113 490
1123 490
1123 485
1137 485
1137 496
1140 496
1140 461
1144 461
1144 416
1134 416
1134 396
1065 396
1065 395
1068 395
1068 364
927 364
927 361
729 361
729 388
1020 388
1020 377
869 377
869 386
923 386
923 387
748 387
748 378
735 378
735 375
945 375
945 374
1002 374
1002 370
991 370
991 369
929 369
929 373
799 373
799 372
767 372
767 363
792 363
792 368
1044 368
1044 398
1028 398
1028 419
1023 419
1023 422
1029 422
1029 436
1063 436
1063 435
1093 435
1093 434
1056 434
1056 430
1100 430
1100 442
1045 442
1045 449
1010 449
1010 439
988 439
988 440
957 440
957 446
972 446
972 444
1004 444
1004 450
1071 450
1071 447
1101 447
1101 428
1030 428
1030 400
1074 400
1074 408
1120 408
1120 459
1130 459
1130 417
1139 417
1139 453
1136 453
1136 484
1126 484
1126 475
1110 475
1110 474
1106 474
1106 530
1083 530
1083 517
1078 517
1078 515
1025 515
1025 519
1033 519
1033 538
959 538
959 535
908 535
908 531
721 531
721 532
843 532
843 533
733 533
733 534
697 534
697 527
701 527
701 526
614 526
614 524
724 524
724 523
944 523
944 521
468 521
468 505
469 505
469 503
528 503
528 514
564 514
564 506
555 506
555 502
447 502
447 509
431 509
431 512
415 512
415 522
493 522
493 525
505 525
505 529
609 529
609 542
597 542
597 543
635 543
635 536
637 536
637 540
851 540
851 544
919 544
919 541
958 541
958 563
947 563
947 573
625 573
625 577
490 577
490 583
603 583
603 591
148 591
148 578
117 578
117 567
162 567
162 569
345 569
345 566
336 566
336 561
186 561
186 560
231 560
231 550
249 550
249 548
230 548
230 551
207 551
207 554
183 554
183 553
177 553
177 562
70 562
70 470
147 470
147 438
156 438
156 454
151 454
151 448
149 448
149 463
150 463
150 478
166 478
166 483
163 483
163 498
169 498
169 495
171 495
171 486
176 486
176 471
175 471
175 467
164 467
164 457
157 457
157 473
155 473
155 456
159 456
159 445
228 445
228 441
271 441
271 354
339 354
339 355
377 355
377 353
369 353
369 350
390 350
390 356
414 356
414 349
427 349
427 359
391 359
391 410
477 410
477 413
482 413
482 415
520 415
520 411
576 411
576 414
601 414
601 407
571 407
571 401
621 401
621 409
627 409
627 404
630 404
630 462
634 462
634 491
676 491
676 497
703 497
703 493
680 493
680 489
692 489
692 482
681 482
681 480
638 480
638 391
581 391
581 385
583 385
583 384
642 384
642 382
652 382
652 381
639 381
639 383
556 383
556 360
560 360
560 366
584 366
584 376
594 376
594 379
618 379
618 365
577 365
577 358
554 358
554 362
550 362
550 390
506 390
506 392
579 392
579 394
558 394
558 397
568 397
568 402
500 402
500 405
551 405
551 406
400 406
400 389
410 389
410 380
407 380
407 371
430 371
430 342
450 342
450 293
442 293
442 294
422 294
422 296
380 296
380 302
366 302
366 309
396 309
396 300
412 300
412 318
413 318
413 328
423 328
423 326
433 326
433 317
428 317
428 295
438 295
438 334
368 334
368 329
352 329
352 322
356 322
356 236
350 236
350 257
305 257
305 228
351 228
351 229
371 229
371 289
376 289
376 290
456 290
456 288
387 288
387 252
385 252
385 227
392 227
392 262
401 262
401 274
424 274
424 191
425 191
425 198
462 198
462 189
499 189
499 195
522 195
522 179
526 179
526 207
545 207
545 244
548 244
548 256
549 256
549 248
612 248
612 277
562 277
562 281
626 281
626 250
629 250
629 209
641 209
641 272
649 272
649 260
647 260
647 255
673 255
673 261
660 261
660 305
669 305
669 306
809 306
809 232
810 232
810 273
813 273
813 224
819 224
819 292
825 292
825 291
830 291
830 251
878 251
878 259
874 259
874 275
884 275
884 264
885 264
885 258
895 258
895 269
920 269
920 270
975 270
975 254
940 254
940 253
879 253
879 200
870 200
870 192
1019 192
1019 183
1027 183
1027 163
1015 163
1015 142
1013 142
1013 139
1040 139
1040 141
1073 141
1073 169
1067 169
1067 203
1069 203
1069 196
1080 196
1080 146
1091 146
1091 160
1096 160
1096 137
1105 137
1105 242
1035 242
1035 245
1070 245
1070 247
1076 247
1076 316
1082 316
1082 319
970 319
970 315
727 315
727 320
1109 320
1109 313
1086 313
1086 310
1098 310
1098 307
1077 307
1077 246
1112 246
1112 157
1149 157
1149 154
1124 154
1124 132
1007 132
1007 180
946 180
946 185
864 185
864 235
842 235
842 241
840 241
840 222
790 222
790 161
793 161
793 170
801 170
801 217
802 217
802 220
829 220
829 121
765 121
765 143
779 143
779 138
826 138
826 144
812 144
812 145
789 145
789 230
798 230
798 301
781 301
781 303
774 303
774 304
698 304
698 287
705 287
705 284
672 284
672 263
686 263
686 178
687 178
687 118
689 118
689 117
717 117
717 110
663 110
663 59
661 59
661 32
484 32
484 28
437 28
437 22
403 22
403 14
452 14
452 5
209 5
209 3
257 3
257 1
