292
1 1
1 197
2 197
2 340
5 340
5 335
3 335
3 87
4 87
4 4
63 4
63 2
135 2
135 6
445 6
445 10
435 10
435 11
429 11
429 13
361 13
361 26
373 26
373 34
619 34
619 43
656 43
656 47
587 47
587 52
599 52
599 48
605 48
605 68
606 68
606 81
636 81
636 73
632 73
632 49
646 49
646 95
610 95
610 107
574 107
574 97
602 97
602 85
563 85
563 88
489 88
489 90
402 90
402 79
397 79
397 78
383 78
383 63
370 63
370 67
326 67
326 65
325 65
325 44
224 44
224 102
214 102
214 104
168 104
168 114
130 114
130 100
133 100
133 61
120 61
120 69
118 69
118 55
136 55
136 93
140 93
140 103
174 103
174 83
145 83
145 82
160 82
160 62
146 62
146 54
78 54
78 80
85 80
85 72
92 72
92 115
210 115
210 113
220 113
220 109
233 109
233 92
232 92
232 51
246 51
246 45
318 45
318 84
398 84
398 98
512 98
512 99
515 99
515 106
486 106
486 112
655 112
655 111
683 111
683 186
628 186
628 206
623 206
623 276
617 276
617 268
615 268
615 240
567 240
567 234
575 234
575 202
565 202
565 201
543 201
543 177
517 177
517 175
446 175
446 176
348 176
348 181
516 181
516 184
458 184
458 190
419 190
419 243
408 243
408 238
393 238
393 225
296 225
296 249
298 249
298 285
299 285
299 344
337 344
337 343
300 343
300 278
316 278
316 271
308 271
308 266
353 266
353 279
347 279
347 338
440 338
440 339
406 339
406 351
405 351
405 348
324 348
324 352
280 352
280 345
289 345
289 341
269 341
269 431
264 431
264 367
268 367
268 357
258 357
258 403
261 403
261 423
253 423
253 418
239 418
239 421
238 421
238 437
225 437
225 427
237 427
237 426
219 426
219 393
205 393
205 399
179 399
179 412
187 412
187 432
211 432
211 443
172 443
172 429
142 429
142 451
147 451
147 438
156 438
156 445
228 445
228 441
271 441
271 354
377 354
377 353
369 353
369 350
390 350
390 356
414 356
414 349
430 349
430 342
450 342
450 334
368 334
368 329
352 329
352 322
356 322
356 257
305 257
305 228
385 228
385 227
392 227
392 262
424 262
424 191
462 191
462 189
522 189
522 179
526 179
526 207
545 207
545 244
548 244
548 256
549 256
549 248
612 248
612 277
626 277
626 250
629 250
629 209
686 209
686 178
687 178
687 118
689 118
689 117
717 117
717 110
663 110
663 59
661 59
661 32
484 32
484 28
437 28
437 22
403 22
403 14
452 14
452 5
209 5
209 3
257 3
257 1
