98
1 15
1 18
53 18
53 21
62 21
62 19
77 19
77 20
72 20
72 24
69 24
69 27
56 27
56 22
49 22
49 23
54 23
54 34
65 34
65 41
66 41
66 38
70 38
70 33
75 33
75 50
74 50
74 45
73 45
73 69
71 69
71 62
68 62
68 57
8 57
8 77
16 77
16 83
19 83
19 75
13 75
13 74
9 74
9 66
11 66
11 59
17 59
17 67
31 67
31 60
43 60
43 61
47 61
47 70
37 70
37 71
48 71
48 82
46 82
46 81
40 81
40 91
34 91
34 88
27 88
27 89
22 89
22 92
44 92
44 85
57 85
57 80
55 80
55 78
51 78
51 72
58 72
58 58
67 58
67 64
63 64
63 73
76 73
76 42
97 42
97 36
78 36
78 31
89 31
89 30
59 30
59 29
81 29
81 25
83 25
83 17
36 17
36 15
