126
52 23
52 12
10 12
10 25
3 25
3 54
4 54
4 70
2 70
2 74
5 74
5 92
1 92
1 106
7 106
7 65
8 65
8 56
9 56
9 37
12 37
12 28
11 28
11 14
44 14
44 27
30 27
30 19
25 19
25 30
19 30
19 31
55 31
55 38
31 38
31 40
73 40
73 44
74 44
74 46
67 46
67 50
65 50
65 47
46 47
46 48
14 48
14 134
13 134
13 149
39 149
39 146
49 146
49 141
41 141
41 112
42 112
42 129
47 129
47 116
58 116
58 105
32 105
32 126
34 126
34 124
33 124
33 115
35 115
35 138
27 138
27 73
28 73
28 76
29 76
29 80
43 80
43 81
48 81
48 79
109 79
109 69
103 69
103 58
99 58
99 71
84 71
84 75
90 75
90 77
45 77
45 72
20 72
20 78
22 78
22 98
24 98
24 121
23 121
23 128
26 128
26 143
36 143
36 132
37 132
37 145
15 145
15 122
16 122
16 62
17 62
17 52
66 52
66 51
76 51
76 45
137 45
137 43
78 43
78 39
85 39
85 33
126 33
126 32
68 32
68 23
