146
33 14
33 15
21 15
21 26
44 26
44 28
28 28
28 33
35 33
35 57
32 57
32 59
34 59
34 86
26 86
26 87
24 87
24 67
9 67
9 81
10 81
10 82
1 82
1 99
2 99
2 83
14 83
14 70
19 70
19 78
23 78
23 90
36 90
36 48
37 48
37 49
39 49
39 30
42 30
42 32
49 32
49 37
55 37
55 43
52 43
52 69
46 69
46 39
41 39
41 44
43 44
43 80
45 80
45 88
47 88
47 96
40 96
40 94
27 94
27 97
38 97
38 98
48 98
48 77
54 77
54 51
58 51
58 95
71 95
71 100
74 100
74 92
91 92
91 93
94 93
94 89
72 89
72 85
87 85
87 74
81 74
81 76
80 76
80 42
93 42
93 40
96 40
96 47
92 47
92 46
82 46
82 50
83 50
83 56
88 56
88 64
100 64
100 62
90 62
90 58
95 58
95 52
97 52
97 36
85 36
85 35
84 35
84 38
79 38
79 53
78 53
78 75
70 75
70 54
64 54
64 68
62 68
62 71
65 71
65 55
68 55
68 79
86 79
86 84
69 84
69 91
60 91
60 65
59 65
59 31
53 31
53 29
75 29
75 41
63 41
63 45
76 45
76 34
77 34
77 23
57 23
57 21
25 21
25 18
56 18
56 14
