962
775 1098
775 1057
774 1057
774 1014
764 1014
764 995
756 995
756 941
753 941
753 922
752 922
752 805
712 805
712 812
701 812
701 649
699 649
699 652
692 652
692 598
708 598
708 345
705 345
705 350
706 350
706 426
702 426
702 472
703 472
703 581
704 581
704 537
707 537
707 584
691 584
691 572
698 572
698 507
697 507
697 348
607 348
607 349
674 349
674 351
497 351
497 353
496 353
496 371
484 371
484 372
478 372
478 378
486 378
486 391
459 391
459 388
445 388
445 389
395 389
395 382
222 382
222 373
257 373
257 370
274 370
274 374
301 374
301 344
304 344
304 334
263 334
263 315
255 315
255 310
254 310
254 336
250 336
250 365
240 365
240 357
233 357
233 278
256 278
256 257
288 257
288 281
276 281
276 307
319 307
319 297
290 297
290 245
281 245
281 226
436 226
436 225
282 225
282 223
409 223
409 221
385 221
385 214
293 214
293 213
280 213
280 210
268 210
268 243
260 243
260 233
253 233
253 229
248 229
248 234
156 234
156 195
171 195
171 202
218 202
218 184
91 184
91 196
31 196
31 200
18 200
18 260
16 260
16 355
7 355
7 478
10 478
10 376
13 376
13 437
15 437
15 399
19 399
19 337
21 337
21 231
27 231
27 235
30 235
30 216
44 216
44 209
53 209
53 198
65 198
65 197
88 197
88 253
55 253
55 263
103 263
103 208
129 208
129 273
138 273
138 301
132 301
132 290
71 290
71 289
62 289
62 271
56 271
56 266
50 266
50 287
33 287
33 282
28 282
28 291
123 291
123 302
140 302
140 207
93 207
93 186
168 186
168 191
152 191
152 306
169 306
169 312
134 312
134 325
170 325
170 299
157 299
157 268
162 268
162 242
246 242
246 275
160 275
160 296
180 296
180 294
164 294
164 279
228 279
228 320
225 320
225 356
210 356
210 327
199 327
199 340
194 340
194 381
183 381
183 384
331 384
331 390
396 390
396 392
517 392
517 367
510 367
510 354
540 354
540 352
650 352
650 358
679 358
679 362
668 362
668 375
690 375
690 377
670 377
670 423
666 423
666 403
640 403
640 428
572 428
572 417
593 417
593 415
568 415
568 400
427 400
427 405
433 405
433 411
509 411
509 412
531 412
531 410
566 410
566 430
378 430
378 427
371 427
371 418
330 418
330 420
320 420
320 446
321 446
321 470
351 470
351 451
455 451
455 458
600 458
600 459
605 459
605 473
615 473
615 468
672 468
672 460
617 460
617 456
608 456
608 455
556 455
556 453
550 453
550 450
350 450
350 457
326 457
326 448
349 448
349 442
391 442
391 440
333 440
333 435
412 435
412 434
404 434
404 432
522 432
522 433
532 433
532 436
554 436
554 431
571 431
571 438
636 438
636 444
673 444
673 465
676 465
676 393
677 393
677 386
687 386
687 454
693 454
693 499
685 499
685 540
688 540
688 716
684 716
684 794
686 794
686 797
695 797
695 710
694 710
694 664
696 664
696 814
716 814
716 825
721 825
721 835
715 835
715 994
718 994
718 1084
722 1084
722 1080
719 1080
719 923
717 923
717 879
723 879
723 811
724 811
724 817
733 817
733 924
725 924
725 953
726 953
726 1008
727 1008
727 973
728 973
728 1012
732 1012
732 1091
734 1091
734 1180
654 1180
654 1186
619 1186
619 1188
480 1188
480 1189
413 1189
413 1163
428 1163
428 1161
363 1161
363 1151
193 1151
193 1130
192 1130
192 1157
245 1157
245 1160
226 1160
226 1205
229 1205
229 1196
237 1196
237 1207
200 1207
200 1202
211 1202
211 1179
206 1179
206 1176
136 1176
136 1137
102 1137
102 1211
89 1211
89 1215
82 1215
82 1216
60 1216
60 1107
59 1107
59 1101
120 1101
120 1099
137 1099
137 1093
128 1093
128 1086
127 1086
127 1074
49 1074
49 1037
63 1037
63 1035
109 1035
109 1034
40 1034
40 986
46 986
46 949
43 949
43 887
506 887
506 824
537 824
537 733
576 733
576 726
602 726
602 724
520 724
520 698
541 698
541 697
583 697
583 687
662 687
662 686
629 686
629 682
596 682
596 669
495 669
495 579
468 579
468 576
397 576
397 607
382 607
382 532
393 532
393 525
405 525
405 524
383 524
383 521
603 521
603 520
562 520
562 517
399 517
399 516
344 516
344 491
454 491
454 490
336 490
336 487
116 487
116 483
1 483
1 655
4 655
4 667
2 667
2 804
3 804
3 789
20 789
20 759
14 759
14 732
9 732
9 601
8 601
8 573
11 573
11 583
12 583
12 575
22 575
22 566
112 566
112 588
100 588
100 615
84 615
84 630
69 630
69 653
75 653
75 678
76 678
76 651
90 651
90 663
95 663
95 690
83 690
83 696
64 696
64 709
42 709
42 712
131 712
131 708
143 708
143 723
144 723
144 728
149 728
149 704
85 704
85 693
99 693
99 679
117 679
117 683
119 683
119 677
97 677
97 650
118 650
118 559
115 559
115 561
113 561
113 562
26 562
26 519
23 519
23 508
17 508
17 531
6 531
6 578
5 578
5 484
106 484
106 488
265 488
265 506
294 506
294 500
315 500
315 494
341 494
341 510
207 510
207 504
251 504
251 503
198 503
198 518
239 518
239 515
221 515
221 512
322 512
322 511
337 511
337 513
343 513
343 550
338 550
338 541
272 541
272 526
217 526
217 528
219 528
219 545
238 545
238 547
295 547
295 548
223 548
223 582
184 582
184 635
182 635
182 621
173 621
173 616
158 616
158 530
151 530
151 627
161 627
161 633
166 633
166 638
163 638
163 742
186 742
186 740
165 740
165 647
172 647
172 685
196 685
196 680
209 680
209 646
205 646
205 666
178 666
178 662
177 662
177 640
189 640
189 604
241 604
241 611
258 611
258 614
284 614
284 609
311 609
311 599
316 599
316 565
287 565
287 605
277 605
277 597
242 597
242 602
232 602
232 593
214 593
214 586
231 586
231 553
234 553
234 554
356 554
356 542
374 542
374 523
376 523
376 608
379 608
379 613
381 613
381 619
380 619
380 623
324 623
324 626
334 626
334 631
369 631
369 629
410 629
410 577
431 577
431 580
490 580
490 590
488 590
488 606
485 606
485 642
479 642
479 617
452 617
452 596
446 596
446 637
462 637
462 618
464 618
464 636
466 636
466 681
489 681
489 674
580 674
580 688
558 688
558 692
575 692
575 694
513 694
513 718
514 718
514 737
521 737
521 747
493 747
493 748
481 748
481 746
367 746
367 730
424 730
424 731
449 731
449 744
458 744
458 720
373 720
373 717
398 717
398 700
360 700
360 714
353 714
353 721
421 721
421 722
342 722
342 751
339 751
339 768
328 768
328 729
325 729
325 775
450 775
450 790
448 790
448 795
456 795
456 760
365 760
365 762
401 762
401 764
394 764
394 774
362 774
362 725
423 725
423 727
366 727
366 749
392 749
392 757
444 757
444 750
507 750
507 758
525 758
525 776
524 776
524 780
523 780
523 781
527 781
527 822
477 822
477 838
494 838
494 855
443 855
443 853
384 853
384 859
408 859
408 868
416 868
416 873
505 873
505 875
377 875
377 876
289 876
289 856
308 856
308 852
273 852
273 850
317 850
317 848
314 848
314 823
375 823
375 820
298 820
298 840
286 840
286 834
275 834
275 809
264 809
264 819
262 819
262 864
212 864
212 847
259 847
259 818
235 818
235 839
220 839
220 841
215 841
215 846
203 846
203 857
181 857
181 866
155 866
155 867
154 867
154 881
269 881
269 849
271 849
271 880
457 880
457 882
114 882
114 884
386 884
386 886
41 886
41 897
38 897
38 1040
48 1040
48 1050
39 1050
39 1082
73 1082
73 1078
104 1078
104 1075
124 1075
124 1090
58 1090
58 1217
74 1217
74 1223
79 1223
79 1221
110 1221
110 1138
135 1138
135 1178
167 1178
167 1181
204 1181
204 1183
208 1183
208 1197
185 1197
185 1199
195 1199
195 1212
243 1212
243 1224
247 1224
247 1210
266 1210
266 1152
332 1152
332 1167
357 1167
357 1184
368 1184
368 1187
323 1187
323 1190
552 1190
552 1192
591 1192
591 1191
681 1191
681 1195
735 1195
735 1043
736 1043
736 1079
740 1079
740 1058
739 1058
739 989
731 989
731 968
738 968
738 831
737 831
737 810
743 810
743 954
745 954
745 836
746 836
746 806
749 806
749 932
750 932
750 1006
763 1006
763 1020
757 1020
757 1036
751 1036
751 1030
748 1030
748 1038
770 1038
770 1076
767 1076
767 1081
766 1081
766 1100
785 1100
785 1117
754 1117
754 1118
758 1118
758 1124
795 1124
795 1126
813 1126
813 1102
817 1102
817 1208
820 1208
820 1239
1121 1239
1121 1237
975 1237
975 1238
864 1238
864 1235
824 1235
824 1222
826 1222
826 1200
834 1200
834 1198
903 1198
903 1193
855 1193
855 1175
897 1175
897 1171
823 1171
823 1127
819 1127
819 1122
825 1122
825 1098
