174
383 523
383 521
603 521
603 520
562 520
562 517
399 517
399 516
344 516
344 491
454 491
454 490
336 490
336 487
116 487
116 483
1 483
1 655
4 655
4 667
2 667
2 804
3 804
3 789
20 789
20 759
14 759
14 732
9 732
9 601
8 601
8 573
11 573
11 583
12 583
12 575
22 575
22 566
112 566
112 588
100 588
100 615
84 615
84 630
69 630
69 653
75 653
75 678
76 678
76 651
90 651
90 663
95 663
95 690
83 690
83 696
64 696
64 709
42 709
42 712
131 712
131 708
143 708
143 723
144 723
144 728
149 728
149 704
85 704
85 693
99 693
99 679
117 679
117 683
119 683
119 677
97 677
97 650
118 650
118 559
115 559
115 561
113 561
113 562
26 562
26 519
23 519
23 508
17 508
17 531
6 531
6 578
5 578
5 484
106 484
106 488
265 488
265 506
294 506
294 500
315 500
315 494
341 494
341 510
207 510
207 504
251 504
251 503
198 503
198 518
239 518
239 515
221 515
221 512
322 512
322 511
337 511
337 513
343 513
343 550
338 550
338 541
272 541
272 526
217 526
217 528
219 528
219 545
238 545
238 547
295 547
295 548
223 548
223 582
184 582
184 635
182 635
182 621
173 621
173 616
158 616
158 530
151 530
151 627
161 627
161 633
166 633
166 638
163 638
163 742
186 742
186 740
165 740
165 647
172 647
172 666
178 666
178 662
177 662
177 640
189 640
189 604
277 604
277 602
232 602
232 593
214 593
214 586
231 586
231 553
356 553
356 542
374 542
374 523
