66
138 924
138 970
137 970
137 978
136 978
136 1037
139 1037
139 1108
132 1108
132 1130
143 1130
143 1149
135 1149
135 1173
133 1173
133 1214
125 1214
125 1220
127 1220
127 1237
121 1237
121 1221
32 1221
32 1230
58 1230
58 1232
55 1232
55 1233
62 1233
62 1234
5 1234
5 1236
13 1236
13 1238
134 1238
134 1244
4 1244
4 1245
90 1245
90 1247
11 1247
11 1249
1 1249
1 1250
75 1250
75 1248
124 1248
124 1246
150 1246
150 1056
154 1056
154 1169
162 1169
162 1168
163 1168
163 1054
148 1054
148 1235
145 1235
145 1164
144 1164
144 961
158 961
158 957
142 957
142 924
