464
718 1070
718 1069
742 1069
742 1068
552 1068
552 1065
404 1065
404 1085
409 1085
409 1081
443 1081
443 1082
467 1082
467 1089
435 1089
435 1100
431 1100
431 1108
389 1108
389 1112
327 1112
327 1040
330 1040
330 1010
332 1010
332 994
338 994
338 988
360 988
360 983
375 983
375 999
377 999
377 1021
504 1021
504 959
509 959
509 671
503 671
503 644
483 644
483 631
510 631
510 611
426 611
426 619
424 619
424 633
379 633
379 697
378 697
378 645
374 645
374 643
373 643
373 572
365 572
365 799
261 799
261 846
242 846
242 900
240 900
240 914
235 914
235 915
216 915
216 854
219 854
219 841
218 841
218 849
217 849
217 788
220 788
220 734
212 734
212 721
213 721
213 698
211 698
211 583
210 583
210 763
214 763
214 776
215 776
215 916
243 916
243 917
221 917
221 921
225 921
225 932
201 932
201 1113
200 1113
200 1051
179 1051
179 1074
142 1074
142 1122
133 1122
133 1123
122 1123
122 1139
126 1139
126 1174
115 1174
115 1196
118 1196
118 1210
114 1210
114 1225
112 1225
112 1228
119 1228
119 1181
121 1181
121 1226
123 1226
123 1229
90 1229
90 1234
48 1234
48 1233
39 1233
39 1232
34 1232
34 1231
28 1231
28 1217
27 1217
27 1203
9 1203
9 1199
14 1199
14 1197
8 1197
8 1195
7 1195
7 1186
6 1186
6 1156
3 1156
3 1172
2 1172
2 1171
1 1171
1 1173
4 1173
4 1161
5 1161
5 1214
13 1214
13 1211
23 1211
23 1222
24 1222
24 1247
25 1247
25 1212
26 1212
26 1250
30 1250
30 1244
31 1244
31 1237
35 1237
35 1239
50 1239
50 1238
131 1238
131 1243
186 1243
186 1246
229 1246
229 1248
202 1248
202 1249
239 1249
239 1221
238 1221
238 1227
237 1227
237 1240
233 1240
233 1245
223 1245
223 1242
169 1242
169 1241
141 1241
141 1236
64 1236
64 1235
127 1235
127 1126
145 1126
145 1076
151 1076
151 1091
172 1091
172 1090
181 1090
181 1088
153 1088
153 1079
183 1079
183 1097
185 1097
185 1083
193 1083
193 1057
198 1057
198 1117
196 1117
196 1141
188 1141
188 1150
168 1150
168 1164
140 1164
140 1187
158 1187
158 1165
159 1165
159 1198
167 1198
167 1200
152 1200
152 1201
163 1201
163 1208
162 1208
162 1215
171 1215
171 1218
174 1218
174 1209
175 1209
175 1189
177 1189
177 1207
228 1207
228 1205
224 1205
224 1202
231 1202
231 1185
230 1185
230 1182
226 1182
226 1170
222 1170
222 1206
189 1206
189 1204
178 1204
178 1192
182 1192
182 1188
161 1188
161 1176
195 1176
195 1179
197 1179
197 1169
180 1169
180 1167
227 1167
227 1166
192 1166
192 1163
191 1163
191 1162
176 1162
176 1159
187 1159
187 1157
190 1157
190 1143
204 1143
204 954
209 954
209 949
232 949
232 936
234 936
234 920
236 920
236 930
241 930
241 941
245 941
245 913
246 913
246 898
249 898
249 885
247 885
247 897
244 897
244 852
263 852
263 810
265 810
265 845
270 845
270 830
271 830
271 818
274 818
274 806
334 806
334 807
366 807
366 712
367 712
367 772
368 772
368 602
370 602
370 616
372 616
372 701
382 701
382 670
386 670
386 667
415 667
415 659
444 659
444 658
428 658
428 646
447 646
447 663
452 663
452 639
461 639
461 800
463 800
463 843
464 843
464 618
468 618
468 630
478 630
478 754
470 754
470 817
472 817
472 761
481 761
481 647
496 647
496 782
507 782
507 816
508 816
508 865
501 865
501 964
502 964
502 990
498 990
498 1006
484 1006
484 993
488 993
488 903
489 903
489 859
487 859
487 856
482 856
482 945
479 945
479 1017
476 1017
476 980
427 980
427 929
429 929
429 934
450 934
450 894
433 894
433 925
410 925
410 896
406 896
406 871
397 871
397 933
398 933
398 953
418 953
418 958
425 958
425 960
388 960
388 1000
471 1000
471 1018
446 1018
446 1020
381 1020
381 989
384 989
384 984
380 984
380 979
358 979
358 987
326 987
326 1120
383 1120
383 1119
344 1119
344 1118
345 1118
345 1114
466 1114
466 1111
440 1111
440 1099
465 1099
465 1098
511 1098
511 1087
485 1087
485 1080
495 1080
495 1072
442 1072
442 1066
549 1066
549 1077
518 1077
518 1116
520 1116
520 1078
575 1078
575 1093
543 1093
543 1102
559 1102
559 1109
542 1109
542 1132
546 1132
546 1110
570 1110
570 1106
566 1106
566 1103
579 1103
579 1101
584 1101
584 1071
831 1071
831 1070
