88
24 3
24 4
41 4
41 18
39 18
39 8
20 8
20 12
17 12
17 11
16 11
16 14
18 14
18 23
11 23
11 20
15 20
15 13
6 13
6 28
4 28
4 29
1 29
1 35
3 35
3 40
5 40
5 37
22 37
22 41
29 41
29 38
25 38
25 36
19 36
19 34
21 34
21 33
32 33
32 32
28 32
28 31
2 31
2 30
7 30
7 17
10 17
10 22
8 22
8 27
9 27
9 26
23 26
23 15
26 15
26 21
30 21
30 9
37 9
37 16
33 16
33 19
34 19
34 24
36 24
36 39
38 39
38 50
44 50
44 49
43 49
43 45
45 45
45 48
50 48
50 46
49 46
49 42
48 42
48 44
47 44
47 47
46 47
46 43
40 43
40 25
42 25
42 3
