130
35 1
35 3
27 3
27 5
23 5
23 8
19 8
19 33
38 33
38 28
37 28
37 18
29 18
29 29
26 29
26 20
25 20
25 19
21 19
21 31
20 31
20 15
32 15
32 12
30 12
30 6
31 6
31 4
58 4
58 13
55 13
55 17
48 17
48 32
50 32
50 39
54 39
54 35
51 35
51 26
57 26
57 45
52 45
52 44
39 44
39 80
40 80
40 85
36 85
36 79
33 79
33 82
28 82
28 91
34 91
34 92
68 92
68 94
22 94
22 98
15 98
15 71
16 71
16 70
12 70
12 69
7 69
7 68
9 68
9 67
8 67
8 64
1 64
1 73
11 73
11 77
13 77
13 99
62 99
62 97
24 97
24 95
77 95
77 84
81 84
81 93
80 93
80 96
85 96
85 100
86 100
86 75
84 75
84 74
75 74
75 76
73 76
73 78
83 78
83 81
74 81
74 87
71 87
71 89
61 89
61 83
49 83
49 90
45 90
45 88
41 88
41 86
44 86
44 59
42 59
42 49
43 49
43 46
56 46
56 53
47 53
47 55
53 55
53 61
59 61
59 7
60 7
60 2
46 2
46 1
