130
137 15
137 13
115 13
115 10
69 10
69 4
74 4
74 2
42 2
42 3
28 3
28 5
5 5
5 6
29 6
29 7
61 7
61 8
58 8
58 14
84 14
84 25
70 25
70 41
68 41
68 45
55 45
55 52
56 52
56 82
53 82
53 59
51 59
51 57
52 57
52 56
49 56
49 49
45 49
45 23
15 23
15 19
1 19
1 26
19 26
19 24
35 24
35 36
30 36
30 35
7 35
7 32
3 32
3 27
2 27
2 51
4 51
4 38
34 38
34 40
43 40
43 60
39 60
39 77
36 77
36 98
23 98
23 93
31 93
31 90
22 90
22 99
38 99
38 96
41 96
41 95
40 95
40 69
44 69
44 84
60 84
60 68
62 68
62 89
64 89
64 151
57 151
57 143
32 143
32 145
54 145
54 147
48 147
48 158
76 158
76 130
72 130
72 97
80 97
80 43
79 43
79 74
78 74
78 87
67 87
67 104
66 104
66 103
65 103
65 65
59 65
59 54
73 54
73 48
71 48
71 29
77 29
77 39
98 39
98 22
93 22
93 16
96 16
96 18
103 18
103 11
113 11
113 20
139 20
139 15
