288
137 15
137 13
115 13
115 10
69 10
69 4
74 4
74 2
42 2
42 3
28 3
28 5
5 5
5 6
29 6
29 7
61 7
61 8
58 8
58 14
84 14
84 25
70 25
70 41
68 41
68 45
55 45
55 52
56 52
56 82
53 82
53 59
51 59
51 57
52 57
52 56
49 56
49 49
45 49
45 23
15 23
15 19
1 19
1 26
19 26
19 24
35 24
35 36
30 36
30 35
7 35
7 32
3 32
3 27
2 27
2 51
4 51
4 38
34 38
34 40
43 40
43 60
39 60
39 77
36 77
36 98
23 98
23 93
31 93
31 90
22 90
22 99
38 99
38 96
41 96
41 95
40 95
40 69
44 69
44 84
60 84
60 68
62 68
62 89
64 89
64 151
57 151
57 143
32 143
32 145
54 145
54 147
48 147
48 158
76 158
76 130
72 130
72 97
80 97
80 43
79 43
79 74
78 74
78 87
67 87
67 104
66 104
66 103
65 103
65 65
59 65
59 54
73 54
73 48
71 48
71 29
77 29
77 39
98 39
98 22
93 22
93 16
96 16
96 18
103 18
103 11
113 11
113 28
124 28
124 30
112 30
112 31
110 31
110 33
109 33
109 46
99 46
99 55
102 55
102 47
116 47
116 138
114 138
114 126
106 126
106 92
97 92
97 110
104 110
104 134
89 134
89 150
86 150
86 177
33 177
33 166
63 166
63 162
21 162
21 111
20 111
20 100
17 100
17 122
10 122
10 119
8 119
8 211
6 211
6 216
14 216
14 191
9 191
9 175
12 175
12 184
13 184
13 187
16 187
16 172
11 172
11 123
18 123
18 182
25 182
25 164
26 164
26 205
24 205
24 242
119 242
119 240
135 240
135 243
163 243
163 247
156 247
156 250
185 250
185 248
202 248
202 230
224 230
224 244
235 244
235 208
244 208
244 204
240 204
240 199
232 199
232 206
231 206
231 201
219 201
219 196
223 196
223 193
213 193
213 192
211 192
211 160
216 160
216 174
220 174
220 176
250 176
250 136
239 136
239 169
236 169
236 171
218 171
218 146
210 146
210 207
229 207
229 209
212 209
212 210
230 210
230 218
195 218
195 225
191 225
191 214
194 214
194 212
188 212
188 197
203 197
203 170
193 170
193 190
187 190
187 231
183 231
183 234
192 234
192 241
198 241
198 245
197 245
197 246
181 246
181 249
168 249
168 239
37 239
37 237
46 237
46 235
94 235
94 233
27 233
27 179
95 179
95 173
91 173
91 149
122 149
122 120
117 120
117 34
125 34
125 20
139 20
139 15
