492
102 1
102 4
28 4
28 2
8 2
8 3
22 3
22 6
84 6
84 5
100 5
100 12
112 12
112 17
91 17
91 16
81 16
81 18
59 18
59 15
64 15
64 11
39 11
39 9
33 9
33 8
24 8
24 13
18 13
18 10
15 10
15 47
20 47
20 36
30 36
30 49
11 49
11 70
36 70
36 78
23 78
23 79
67 79
67 92
40 92
40 85
35 85
35 89
13 89
13 101
34 101
34 106
113 106
113 105
134 105
134 103
44 103
44 104
41 104
41 94
71 94
71 74
94 74
94 55
106 55
106 87
96 87
96 99
105 99
105 100
159 100
159 102
192 102
192 58
193 58
193 82
196 82
196 84
222 84
222 96
219 96
219 107
201 107
201 108
227 108
227 83
232 83
232 98
236 98
236 117
234 117
234 132
235 132
235 140
231 140
231 141
225 141
225 115
221 115
221 116
210 116
210 119
224 119
224 142
217 142
217 122
205 122
205 120
200 120
200 121
169 121
169 129
122 129
122 123
110 123
110 126
111 126
111 136
98 136
98 134
86 134
86 128
83 128
83 127
87 127
87 125
90 125
90 111
88 111
88 113
85 113
85 110
62 110
62 109
25 109
25 112
80 112
80 114
43 114
43 118
75 118
75 138
136 138
136 137
120 137
120 133
148 133
148 131
135 131
135 130
177 130
177 124
216 124
216 150
237 150
237 147
244 147
244 180
238 180
238 162
229 162
229 164
228 164
228 157
215 157
215 139
212 139
212 155
208 155
208 173
220 173
220 177
223 177
223 182
230 182
230 187
189 187
189 176
184 176
184 160
183 160
183 163
181 163
181 174
180 174
180 178
174 178
174 151
188 151
188 144
173 144
173 145
154 145
154 153
150 153
150 154
167 154
167 156
143 156
143 167
144 167
144 185
142 185
142 168
138 168
138 189
145 189
145 169
152 169
152 159
153 159
153 161
157 161
157 171
172 171
172 172
170 172
170 175
158 175
158 188
239 188
239 183
245 183
245 186
242 186
242 193
246 193
246 237
233 237
233 239
240 239
240 245
243 245
243 247
206 247
206 246
204 246
204 201
147 201
147 206
132 206
132 217
128 217
128 208
124 208
124 214
108 214
108 215
115 215
115 219
121 219
121 235
74 235
74 232
70 232
70 197
51 197
51 179
55 179
55 181
52 181
52 190
57 190
57 158
53 158
53 148
50 148
50 170
47 170
47 202
48 202
48 200
60 200
60 204
26 204
26 210
12 210
12 205
10 205
10 212
21 212
21 213
27 213
27 222
14 222
14 221
16 221
16 216
3 216
3 184
5 184
5 166
6 166
6 165
9 165
9 149
4 149
4 146
7 146
7 143
1 143
1 152
2 152
2 225
38 225
38 223
37 223
37 209
46 209
46 211
66 211
66 198
68 198
68 240
72 240
72 236
95 236
95 238
118 238
118 241
126 241
126 218
131 218
131 230
156 230
156 228
164 228
164 227
171 227
171 234
168 234
168 250
186 250
186 226
165 226
165 220
139 220
139 224
146 224
146 229
133 229
133 207
160 207
160 203
197 203
197 231
194 231
194 243
199 243
199 233
203 233
203 244
187 244
187 249
202 249
202 248
248 248
248 242
250 242
250 194
249 194
249 192
247 192
247 135
241 135
241 81
198 81
198 73
209 73
209 67
218 67
218 62
226 62
226 40
214 40
214 52
213 52
213 61
211 61
211 56
207 56
207 72
195 72
195 42
182 42
182 41
178 41
178 51
161 51
161 60
162 60
162 64
151 64
151 75
163 75
163 77
149 77
149 80
166 80
166 86
175 86
175 71
176 71
176 66
179 66
179 50
190 50
190 88
191 88
191 97
185 97
185 95
127 95
127 93
141 93
141 91
116 91
116 90
107 90
107 65
129 65
129 44
114 44
114 43
101 43
101 45
104 45
104 46
89 46
89 69
82 69
82 68
61 68
61 57
63 57
63 48
58 48
58 76
54 76
54 63
42 63
42 59
29 59
29 54
19 54
19 53
32 53
32 38
69 38
69 39
155 39
155 33
140 33
140 35
137 35
137 29
99 29
99 28
92 28
92 30
125 30
125 37
79 37
79 31
76 31
76 32
31 32
31 34
17 34
17 14
45 14
45 27
56 27
56 25
73 25
73 26
119 26
119 24
49 24
49 23
97 23
97 22
130 22
130 7
123 7
123 21
103 21
103 20
109 20
109 19
117 19
117 1
