434
264 383
264 389
250 389
250 369
209 369
209 416
211 416
211 427
173 427
173 421
176 421
176 420
190 420
190 418
174 418
174 415
137 415
137 426
135 426
135 432
121 432
121 400
112 400
112 408
111 408
111 391
108 391
108 371
94 371
94 395
62 395
62 393
80 393
80 384
78 384
78 386
76 386
76 374
70 374
70 359
77 359
77 353
37 353
37 354
38 354
38 358
49 358
49 378
39 378
39 390
51 390
51 407
83 407
83 405
85 405
85 422
95 422
95 414
97 414
97 402
91 402
91 411
89 411
89 404
72 404
72 399
104 399
104 410
105 410
105 398
106 398
106 434
123 434
123 442
93 442
93 443
79 443
79 446
2 446
2 462
1 462
1 489
9 489
9 499
10 499
10 484
11 484
11 494
13 494
13 468
14 468
14 486
25 486
25 471
75 471
75 473
42 473
42 475
61 475
61 477
84 477
84 470
20 470
20 463
200 463
200 478
45 478
45 488
50 488
50 491
54 491
54 492
66 492
66 482
115 482
115 483
150 483
150 480
232 480
232 479
216 479
216 476
210 476
210 461
221 461
221 459
223 459
223 458
7 458
7 474
4 474
4 454
60 454
60 453
15 453
15 452
41 452
41 450
22 450
22 447
63 447
63 448
139 448
139 445
138 445
138 424
166 424
166 417
169 417
169 431
177 431
177 441
162 441
162 455
171 455
171 457
178 457
178 430
212 430
212 433
224 433
224 423
220 423
220 419
218 419
218 406
215 406
215 372
237 372
237 385
244 385
244 392
248 392
248 397
277 397
277 401
297 401
297 322
291 322
291 319
284 319
284 311
290 311
290 305
286 305
286 224
287 224
287 177
294 177
294 197
296 197
296 182
298 182
298 228
308 228
308 240
306 240
306 246
307 246
307 248
322 248
322 250
327 250
327 350
328 350
328 285
329 285
329 279
331 279
331 293
337 293
337 351
338 351
338 403
317 403
317 394
323 394
323 370
325 370
325 367
315 367
315 356
310 356
310 357
314 357
314 409
330 409
330 466
342 466
342 380
343 380
343 349
345 349
345 334
341 334
341 270
336 270
336 209
335 209
335 238
321 238
321 222
319 222
319 227
313 227
313 208
324 208
324 198
318 198
318 161
316 161
316 188
301 188
301 152
334 152
334 128
340 128
340 114
326 114
326 149
305 149
305 145
320 145
320 112
312 112
312 38
348 38
348 66
344 66
344 74
346 74
346 96
354 96
354 119
352 119
352 134
347 134
347 195
349 195
349 203
355 203
355 191
361 191
361 174
357 174
357 159
359 159
359 97
360 97
360 47
358 47
358 57
351 57
351 53
350 53
350 31
339 31
339 21
356 21
356 19
362 19
362 33
363 33
363 32
404 32
404 71
398 71
398 118
399 118
399 129
388 129
388 444
391 444
391 469
386 469
386 456
385 456
385 465
379 465
379 464
368 464
368 460
378 460
378 429
377 429
377 364
383 364
383 341
384 341
384 289
381 289
381 247
380 247
380 336
382 336
382 342
375 342
375 451
373 451
373 428
372 428
372 317
371 317
371 298
369 298
369 313
366 313
366 328
370 328
370 388
365 388
365 425
367 425
367 496
387 496
387 500
393 500
393 497
439 497
439 498
457 498
457 493
478 493
478 487
462 487
462 485
449 485
449 472
456 472
456 467
448 467
448 396
441 396
441 436
444 436
444 490
437 490
437 495
389 495
389 481
392 481
392 438
395 438
395 435
390 435
390 212
406 212
406 181
419 181
419 178
394 178
394 141
413 141
413 100
400 100
400 75
408 75
408 35
405 35
405 29
364 29
364 15
333 15
333 37
311 37
311 54
292 54
292 59
309 59
309 117
302 117
302 133
300 133
300 138
281 138
281 223
280 223
280 232
285 232
285 290
282 290
282 337
279 337
279 366
288 366
288 362
283 362
283 343
293 343
293 347
295 347
295 381
273 381
273 383
