198
264 383
264 389
250 389
250 369
209 369
209 416
211 416
211 427
173 427
173 421
176 421
176 420
190 420
190 418
174 418
174 415
137 415
137 426
135 426
135 432
121 432
121 400
112 400
112 408
111 408
111 391
108 391
108 371
94 371
94 395
62 395
62 393
80 393
80 384
78 384
78 386
76 386
76 374
70 374
70 359
77 359
77 353
37 353
37 354
38 354
38 358
49 358
49 378
39 378
39 390
51 390
51 407
83 407
83 405
85 405
85 422
95 422
95 414
97 414
97 402
91 402
91 411
89 411
89 404
72 404
72 399
104 399
104 410
105 410
105 398
106 398
106 434
123 434
123 442
93 442
93 443
79 443
79 446
2 446
2 462
1 462
1 489
9 489
9 499
10 499
10 484
11 484
11 494
13 494
13 468
14 468
14 486
25 486
25 471
75 471
75 473
42 473
42 475
61 475
61 477
84 477
84 470
20 470
20 463
200 463
200 478
45 478
45 488
50 488
50 491
54 491
54 492
66 492
66 482
115 482
115 483
150 483
150 480
232 480
232 479
216 479
216 476
210 476
210 461
221 461
221 459
223 459
223 458
7 458
7 474
4 474
4 454
60 454
60 453
15 453
15 452
41 452
41 450
22 450
22 447
63 447
63 448
139 448
139 445
138 445
138 424
166 424
166 417
169 417
169 431
177 431
177 441
162 441
162 455
171 455
171 457
178 457
178 430
212 430
212 433
224 433
224 423
220 423
220 419
218 419
218 406
215 406
215 372
237 372
237 385
244 385
244 392
248 392
248 397
277 397
277 401
297 401
297 322
291 322
291 319
284 319
284 311
290 311
290 305
282 305
282 337
279 337
279 366
288 366
288 362
283 362
283 343
293 343
293 347
295 347
295 381
273 381
273 383
