94
121 432
121 400
112 400
112 408
111 408
111 395
62 395
62 393
80 393
80 384
78 384
78 386
76 386
76 378
39 378
39 390
51 390
51 398
106 398
106 434
123 434
123 442
93 442
93 443
79 443
79 446
2 446
2 462
1 462
1 489
9 489
9 499
10 499
10 484
11 484
11 494
13 494
13 468
14 468
14 486
25 486
25 471
75 471
75 473
42 473
42 475
61 475
61 477
84 477
84 470
20 470
20 463
200 463
200 478
45 478
45 488
50 488
50 491
54 491
54 492
66 492
66 482
115 482
115 483
150 483
150 480
232 480
232 479
216 479
216 476
210 476
210 461
221 461
221 459
223 459
223 458
7 458
7 474
4 474
4 454
60 454
60 453
15 453
15 452
41 452
41 450
22 450
22 447
63 447
63 448
139 448
139 445
138 445
138 432
