92
72 8
72 30
34 30
34 29
1 29
1 33
3 33
3 34
20 34
20 36
110 36
110 37
112 37
112 32
54 32
54 31
78 31
78 27
88 27
88 9
169 9
169 18
99 18
99 20
115 20
115 19
225 19
225 17
232 17
232 10
266 10
266 15
269 15
269 13
374 13
374 11
437 11
437 16
434 16
434 21
420 21
420 25
565 25
565 162
534 162
534 170
530 170
530 62
529 62
529 60
531 60
531 89
532 89
532 42
480 42
480 50
479 50
479 54
466 54
466 59
488 59
488 51
504 51
504 66
478 66
478 73
513 73
513 84
515 84
515 49
509 49
509 43
523 43
523 48
519 48
519 112
522 112
522 164
526 164
526 180
567 180
567 40
576 40
576 35
574 35
574 24
445 24
445 22
443 22
443 12
441 12
441 8
