2288
72 8
72 30
34 30
34 29
1 29
1 33
3 33
3 34
20 34
20 36
110 36
110 37
112 37
112 32
54 32
54 31
78 31
78 27
88 27
88 9
169 9
169 18
99 18
99 20
115 20
115 19
225 19
225 17
232 17
232 10
266 10
266 15
269 15
269 13
374 13
374 11
437 11
437 16
434 16
434 21
420 21
420 25
565 25
565 162
534 162
534 170
530 170
530 62
529 62
529 60
531 60
531 89
532 89
532 38
511 38
511 42
480 42
480 50
479 50
479 54
466 54
466 59
488 59
488 51
504 51
504 66
478 66
478 73
513 73
513 84
493 84
493 90
483 90
483 91
486 91
486 99
467 99
467 92
458 92
458 87
442 87
442 101
394 101
394 105
192 105
192 97
172 97
172 113
167 113
167 102
171 102
171 65
163 65
163 127
166 127
166 156
176 156
176 119
177 119
177 157
179 157
179 181
173 181
173 176
168 176
168 204
186 204
186 161
201 161
201 166
208 166
208 207
211 207
211 173
216 173
216 138
234 138
234 135
233 135
233 130
206 130
206 149
178 149
178 129
248 129
248 131
263 131
263 159
289 159
289 152
348 152
348 178
367 178
367 183
372 183
372 219
371 219
371 230
353 230
353 348
357 348
357 327
356 327
356 268
364 268
364 385
366 385
366 363
369 363
369 350
377 350
377 307
383 307
383 434
373 434
373 460
391 460
391 411
384 411
384 380
387 380
387 239
385 239
385 198
393 198
393 218
397 218
397 548
380 548
380 547
381 547
381 546
390 546
390 543
363 543
363 545
344 545
344 552
342 552
342 487
343 487
343 420
317 420
317 396
316 396
316 384
325 384
325 315
324 315
324 190
242 190
242 223
245 223
245 208
256 208
256 210
260 210
260 238
262 238
262 249
264 249
264 197
275 197
275 217
282 217
282 255
283 255
283 201
310 201
310 314
312 314
312 286
315 286
315 326
287 326
287 328
321 328
321 337
294 337
294 339
318 339
318 355
291 355
291 332
272 332
272 338
207 338
207 333
184 333
184 331
183 331
183 342
197 342
197 343
273 343
273 346
193 346
193 344
185 344
185 347
222 347
222 349
236 349
236 357
297 357
297 369
290 369
290 412
293 412
293 431
300 431
300 451
296 451
296 470
267 470
267 468
285 468
285 452
277 452
277 455
268 455
268 419
265 419
265 403
252 403
252 365
218 365
218 362
191 362
191 366
158 366
158 358
151 358
151 360
157 360
157 361
143 361
143 373
164 373
164 374
134 374
134 375
154 375
154 379
187 379
187 391
175 391
175 389
71 389
71 387
97 387
97 382
64 382
64 397
80 397
80 399
118 399
118 398
121 398
121 400
152 400
152 404
145 404
145 406
98 406
98 409
103 409
103 426
94 426
94 456
70 456
70 513
90 513
90 503
106 503
106 498
127 498
127 557
124 557
124 519
96 519
96 514
93 514
93 531
114 531
114 562
81 562
81 571
37 571
37 622
28 622
28 783
18 783
18 730
24 730
24 716
23 716
23 685
19 685
19 677
17 677
17 704
12 704
12 706
13 706
13 815
6 815
6 993
5 993
5 1093
16 1093
16 1096
2 1096
2 1105
4 1105
4 1098
39 1098
39 1102
45 1102
45 1113
41 1113
41 1110
38 1110
38 1108
26 1108
26 1115
49 1115
49 1163
50 1163
50 1087
55 1087
55 1112
57 1112
57 1153
59 1153
59 1144
60 1144
60 1129
58 1129
58 1088
56 1088
56 1023
53 1023
53 967
139 967
139 960
138 960
138 965
74 965
74 964
22 964
22 991
27 991
27 1051
36 1051
36 1055
44 1055
44 1024
32 1024
32 998
40 998
40 989
31 989
31 969
51 969
51 1068
42 1068
42 1059
25 1059
25 1069
35 1069
35 1084
7 1084
7 1005
8 1005
8 875
11 875
11 882
10 882
10 925
9 925
9 1028
14 1028
14 729
15 729
15 787
82 787
82 788
21 788
21 789
46 789
46 798
75 798
75 790
104 790
104 799
92 799
92 816
100 816
100 809
107 809
107 821
116 821
116 774
108 774
108 762
126 762
126 800
136 800
136 776
130 776
130 775
129 775
129 756
101 756
101 779
87 779
87 708
63 708
63 720
83 720
83 731
86 731
86 764
85 764
85 778
62 778
62 784
52 784
52 780
29 780
29 623
65 623
65 614
61 614
61 590
43 590
43 588
48 588
48 572
77 572
77 586
76 586
76 629
73 629
73 626
68 626
68 628
66 628
66 650
102 650
102 647
123 647
123 644
67 644
67 633
69 633
69 638
89 638
89 641
131 641
131 632
122 632
122 627
117 627
117 621
125 621
125 618
132 618
132 625
142 625
142 619
140 619
140 617
79 617
79 605
119 605
119 602
91 602
91 569
133 569
133 479
120 479
120 496
84 496
84 490
111 490
111 485
95 485
95 443
113 443
113 438
128 438
128 437
109 437
109 436
105 436
105 408
174 408
174 393
194 393
194 377
205 377
205 392
237 392
237 367
240 367
240 395
244 395
244 425
238 425
238 435
217 435
217 439
212 439
212 442
247 442
247 428
257 428
257 471
298 471
298 454
307 454
307 446
302 446
302 444
335 444
335 499
336 499
336 564
303 564
303 536
322 536
322 553
334 553
334 476
330 476
330 550
329 550
329 528
135 528
135 549
137 549
137 560
146 560
146 573
148 573
148 554
149 554
149 532
213 532
213 533
226 533
226 535
228 535
228 541
198 541
198 558
203 558
203 577
209 577
209 542
278 542
278 538
246 538
246 530
199 530
199 529
279 529
279 537
295 537
295 539
299 539
299 567
349 567
349 579
346 579
346 581
359 581
359 565
339 565
339 449
341 449
341 559
401 559
401 574
395 574
395 637
389 637
389 603
382 603
382 639
375 639
375 646
351 646
351 657
370 657
370 653
365 653
365 649
376 649
376 652
388 652
388 658
392 658
392 659
396 659
396 580
402 580
402 417
399 417
399 209
403 209
403 329
405 329
405 583
406 583
406 243
408 243
408 692
337 692
337 691
331 691
331 667
328 667
328 696
352 696
352 713
320 713
320 703
306 703
306 723
284 723
284 726
274 726
274 738
271 738
271 727
249 727
249 743
308 743
308 745
221 745
221 715
258 715
258 719
259 719
259 718
281 718
281 694
270 694
270 675
251 675
251 679
253 679
253 701
231 701
231 695
250 695
250 678
230 678
230 634
188 634
188 643
170 643
170 613
200 613
200 607
182 607
182 597
162 597
162 595
161 595
161 608
150 608
150 611
153 611
153 640
159 640
159 615
160 615
160 665
195 665
195 636
227 636
227 662
219 662
219 676
196 676
196 672
156 672
156 683
224 683
224 698
220 698
220 687
214 687
214 688
204 688
204 714
165 714
165 712
147 712
147 751
155 751
155 747
189 747
189 740
180 740
180 736
190 736
190 724
202 724
202 748
280 748
280 752
304 752
304 757
235 757
235 758
239 758
239 770
254 770
254 781
301 781
301 786
311 786
311 773
319 773
319 737
313 737
313 741
292 741
292 735
305 735
305 734
309 734
309 717
386 717
386 710
378 710
378 693
439 693
439 721
326 721
326 750
327 750
327 749
332 749
332 771
347 771
347 782
350 782
350 818
368 818
368 813
355 813
355 761
358 761
358 753
404 753
404 759
400 759
400 822
398 822
398 823
144 823
144 826
210 826
210 829
229 829
229 838
243 838
243 837
261 837
261 824
407 824
407 746
340 746
340 739
379 739
379 722
436 722
436 742
440 742
440 674
428 674
428 620
432 620
432 416
429 416
429 202
433 202
433 206
435 206
435 192
438 192
438 144
430 144
430 140
427 140
427 160
425 160
425 137
421 137
421 196
417 196
417 275
419 275
419 319
424 319
424 284
423 284
423 263
426 263
426 654
418 654
418 680
431 680
431 682
415 682
415 423
416 423
416 184
412 184
412 256
414 256
414 459
413 459
413 661
411 661
411 686
409 686
409 318
410 318
410 175
360 175
360 146
333 146
333 147
286 147
286 132
361 132
361 133
505 133
505 126
487 126
487 128
181 128
181 124
241 124
241 116
255 116
255 120
276 120
276 121
323 121
323 118
288 118
288 115
215 115
215 109
422 109
422 111
459 111
459 107
475 107
475 108
500 108
500 103
489 103
489 100
515 100
515 49
509 49
509 43
523 43
523 48
519 48
519 112
522 112
522 164
526 164
526 180
516 180
516 171
469 171
469 191
465 191
465 187
462 187
462 469
457 469
457 301
460 301
460 276
456 276
456 142
454 142
454 317
455 317
455 484
461 484
461 521
447 521
447 486
453 486
453 440
448 440
448 422
452 422
452 336
450 336
450 251
449 251
449 287
446 287
446 527
648 527
648 524
612 524
612 502
621 502
621 493
697 493
697 492
757 492
757 497
747 497
747 500
653 500
653 509
671 509
671 526
685 526
685 523
721 523
721 522
683 522
683 518
765 518
765 561
751 561
751 589
743 589
743 587
745 587
745 582
744 582
744 544
742 544
742 594
717 594
717 596
710 596
710 551
678 551
678 555
673 555
673 556
703 556
703 563
707 563
707 592
706 592
706 584
705 584
705 591
667 591
667 604
665 604
665 744
664 744
664 669
662 669
662 666
661 666
661 599
660 599
660 616
656 616
656 575
654 575
654 630
655 630
655 702
659 702
659 765
663 765
663 755
666 755
666 842
652 842
652 808
645 808
645 834
651 834
651 850
649 850
649 859
642 859
642 863
647 863
647 873
701 873
701 874
650 874
650 877
758 877
758 880
690 880
690 881
786 881
786 879
778 879
778 876
732 876
732 869
730 869
730 867
704 867
704 861
692 861
692 857
746 857
746 862
784 862
784 871
795 871
795 1076
794 1076
794 1101
788 1101
788 1120
789 1120
789 1191
733 1191
733 1190
658 1190
658 1169
657 1169
657 1173
644 1173
644 1176
646 1176
646 1193
787 1193
787 1212
783 1212
783 1208
776 1208
776 1202
755 1202
755 1204
752 1204
752 1198
635 1198
635 1200
625 1200
625 1174
628 1174
628 1161
619 1161
619 1158
626 1158
626 1133
632 1133
632 1151
633 1151
633 1122
629 1122
629 1079
622 1079
622 1057
631 1057
631 1047
624 1047
624 1041
636 1041
636 1006
641 1006
641 996
638 996
638 971
616 971
616 948
623 948
623 936
614 936
614 888
611 888
611 909
609 909
609 865
620 865
620 849
615 849
615 848
598 848
598 889
595 889
595 1031
580 1031
580 1032
586 1032
586 1048
584 1048
584 1058
588 1058
588 1080
593 1080
593 1083
594 1083
594 1077
592 1077
592 1038
590 1038
590 1035
603 1035
603 928
604 928
604 870
605 870
605 858
607 858
607 961
610 961
610 956
613 956
613 983
634 983
634 1039
627 1039
627 1017
608 1017
608 1157
617 1157
617 1052
618 1052
618 1199
602 1199
602 1203
637 1203
637 1217
600 1217
600 1211
599 1211
599 1172
597 1172
597 1131
601 1131
601 1097
591 1097
591 1139
585 1139
585 1155
596 1155
596 1175
578 1175
578 1243
558 1243
558 1235
563 1235
563 1148
559 1148
559 1181
556 1181
556 1195
561 1195
561 1197
551 1197
551 1020
562 1020
562 1053
564 1053
564 1012
547 1012
547 1036
546 1036
546 1185
549 1185
549 1073
550 1073
550 1206
543 1206
543 1070
545 1070
545 1003
537 1003
537 1021
517 1021
517 1026
525 1026
525 1033
477 1033
477 997
484 997
484 982
474 982
474 1018
451 1018
451 1029
471 1029
471 1067
496 1067
496 1071
499 1071
499 1050
495 1050
495 1037
536 1037
536 1192
535 1192
535 1237
533 1237
533 1240
540 1240
540 1219
538 1219
538 1130
542 1130
542 1223
560 1223
560 1231
557 1231
557 1244
554 1244
554 1246
521 1246
521 1247
507 1247
507 1165
508 1165
508 1241
510 1241
510 1188
512 1188
512 1164
506 1164
506 1150
502 1150
502 1170
501 1170
501 1184
497 1184
497 1213
492 1213
492 1245
498 1245
498 1249
577 1249
577 1248
583 1248
583 1242
582 1242
582 1236
589 1236
589 1229
579 1229
579 1225
639 1225
639 1209
698 1209
698 1207
767 1207
767 1210
777 1210
777 1218
827 1218
827 1171
826 1171
826 1214
792 1214
792 1205
791 1205
791 1124
801 1124
801 1123
805 1123
805 1121
799 1121
799 1119
790 1119
790 1114
800 1114
800 1090
812 1090
812 1089
814 1089
814 1091
820 1091
820 1085
831 1085
831 913
834 913
834 1159
803 1159
803 1140
802 1140
802 1147
798 1147
798 1162
850 1162
850 941
855 941
855 984
853 984
853 1008
854 1008
854 1009
856 1009
856 953
859 953
859 962
857 962
857 1136
858 1136
858 1002
863 1002
863 1000
861 1000
861 926
862 926
862 903
852 903
852 917
849 917
849 981
847 981
847 1007
848 1007
848 1049
843 1049
843 1137
837 1137
837 1141
844 1141
844 1152
836 1152
836 922
840 922
840 1092
842 1092
842 1074
841 1074
841 785
828 785
828 793
821 793
821 769
818 769
818 796
835 796
835 802
817 802
817 946
815 946
815 954
822 954
822 980
811 980
811 937
809 937
809 900
808 900
808 883
804 883
804 931
806 931
806 944
810 944
810 990
823 990
823 872
819 872
819 803
830 803
830 999
825 999
825 828
824 828
824 1013
829 1013
829 1075
813 1075
813 1081
796 1081
796 845
793 845
793 868
785 868
785 852
737 852
737 856
680 856
680 855
724 855
724 840
738 840
738 839
716 839
716 854
668 854
668 836
669 836
669 851
670 851
670 795
676 795
676 843
677 843
677 709
688 709
688 766
689 766
689 733
694 733
694 811
729 811
729 820
779 820
779 814
771 814
771 810
768 810
768 806
735 806
735 804
696 804
696 732
700 732
700 728
702 728
702 794
719 794
719 772
722 772
722 668
773 668
773 664
756 664
756 663
739 663
739 651
727 651
727 660
715 660
715 700
718 700
718 754
711 754
711 725
695 725
695 711
691 711
691 699
675 699
675 791
672 791
672 600
687 600
687 609
708 609
708 598
709 598
709 606
759 606
759 570
770 570
770 534
772 534
772 517
763 517
763 508
714 508
714 512
712 512
712 501
728 501
728 505
760 505
760 491
643 491
643 488
640 488
640 475
674 475
674 477
720 477
720 473
748 473
748 467
734 467
734 472
630 472
630 466
731 466
731 464
762 464
762 351
766 351
766 345
782 345
782 334
726 334
726 313
693 313
693 316
723 316
723 401
725 401
725 407
699 407
699 415
684 415
684 293
682 293
682 291
686 291
686 306
769 306
769 304
741 304
741 272
780 272
780 280
871 280
871 262
898 262
898 288
928 288
928 282
997 282
997 283
1038 283
1038 295
915 295
915 298
895 298
895 294
892 294
892 308
912 308
912 312
963 312
963 325
880 325
880 322
864 322
864 310
846 310
846 441
851 441
851 364
860 364
860 378
883 378
883 430
942 430
942 376
893 376
893 383
937 383
937 394
932 394
932 402
940 402
940 429
891 429
891 421
884 421
884 354
868 354
868 340
976 340
976 309
949 309
949 300
944 300
944 296
967 296
967 305
983 305
983 302
990 302
990 297
1030 297
1030 341
1051 341
1051 311
1062 311
1062 299
1057 299
1057 303
1047 303
1047 292
1039 292
1039 289
1102 289
1102 266
1090 266
1090 248
1107 248
1107 254
1108 254
1108 233
1106 233
1106 199
1104 199
1104 195
1065 195
1065 185
1070 185
1070 179
1075 179
1075 94
1072 94
1072 93
1063 93
1063 71
1060 71
1060 70
1018 70
1018 55
1052 55
1052 57
1068 57
1068 56
1109 56
1109 61
1122 61
1122 72
1172 72
1172 76
1110 76
1110 122
1130 122
1130 114
1177 114
1177 106
1162 106
1162 95
1153 95
1153 85
1180 85
1180 104
1199 104
1199 88
1200 88
1200 155
1194 155
1194 123
1185 123
1185 136
1191 136
1191 143
1179 143
1179 168
1197 168
1197 169
1182 169
1182 177
1186 177
1186 388
1183 388
1183 424
1190 424
1190 453
1192 453
1192 847
1189 847
1189 844
1161 844
1161 835
1174 835
1174 690
1168 690
1168 612
1165 612
1165 447
1163 447
1163 593
1152 593
1152 601
1160 601
1160 610
1155 610
1155 631
1164 631
1164 648
1167 648
1167 707
1171 707
1171 827
1156 827
1156 797
1154 797
1154 884
1151 884
1151 891
1157 891
1157 907
1149 907
1149 792
1148 792
1148 825
1134 825
1134 777
1125 777
1125 760
1099 760
1099 763
974 763
974 689
975 689
975 655
977 655
977 684
987 684
987 681
979 681
979 670
984 670
984 656
995 656
995 645
1007 645
1007 635
996 635
996 642
969 642
969 671
968 671
968 673
971 673
971 697
972 697
972 767
1053 767
1053 768
1113 768
1113 807
1111 807
1111 830
1112 830
1112 841
1127 841
1127 916
1128 916
1128 846
1135 846
1135 831
1145 831
1145 933
1147 933
1147 938
1169 938
1169 901
1176 901
1176 897
1181 897
1181 950
1166 950
1166 957
1150 957
1150 963
1178 963
1178 985
1184 985
1184 1016
1175 1016
1175 1030
1146 1030
1146 952
1133 952
1133 943
1129 943
1129 1042
1132 1042
1132 1078
1131 1078
1131 1125
1120 1125
1120 1104
1124 1104
1124 1014
1123 1014
1123 1054
1121 1054
1121 1043
1115 1043
1115 1019
1114 1019
1114 1082
1119 1082
1119 1106
1118 1106
1118 1134
1105 1134
1105 1128
1094 1128
1094 1138
1088 1138
1088 1109
1086 1109
1086 1116
1084 1116
1084 1064
1095 1064
1095 1045
1093 1045
1093 1001
1085 1001
1085 959
1083 959
1083 1063
1080 1063
1080 893
1044 893
1044 895
1073 895
1073 902
1033 902
1033 832
1012 832
1012 817
1035 817
1035 801
982 801
982 819
1004 819
1004 805
1025 805
1025 812
1008 812
1008 899
1010 899
1010 833
1024 833
1024 905
1022 905
1022 906
1011 906
1011 908
1071 908
1071 919
1009 919
1009 915
1001 915
1001 918
1002 918
1002 924
1016 924
1016 929
1000 929
1000 939
1026 939
1026 972
1013 972
1013 974
1032 974
1032 958
1027 958
1027 932
1036 932
1036 927
1040 927
1040 920
1076 920
1076 945
1078 945
1078 1177
1069 1177
1069 1216
1046 1216
1046 1182
1028 1182
1028 1168
1058 1168
1058 1167
1020 1167
1020 1201
1019 1201
1019 1224
1005 1224
1005 1227
1042 1227
1042 1228
966 1228
966 1189
980 1189
980 1220
985 1220
985 1222
988 1222
988 1187
981 1187
981 1186
964 1186
964 1196
947 1196
947 1126
956 1126
956 1132
960 1132
960 1117
962 1117
962 1004
965 1004
965 976
961 976
961 988
959 988
959 1118
958 1118
958 1100
957 1100
957 1065
954 1065
954 921
953 921
953 940
938 940
938 910
923 910
923 904
913 904
913 934
911 934
911 955
904 955
904 878
908 878
908 864
888 864
888 866
894 866
894 912
881 912
881 885
875 885
875 970
876 970
876 975
873 975
873 887
869 887
869 986
897 986
897 995
890 995
890 1099
887 1099
887 1011
877 1011
877 1056
872 1056
872 1103
879 1103
879 1107
896 1107
896 1066
902 1066
902 951
901 951
901 968
886 968
886 942
878 942
878 935
899 935
899 886
903 886
903 977
905 977
905 1027
906 1027
906 979
907 979
907 966
910 966
910 978
946 978
946 987
943 987
943 994
950 994
950 1025
919 1025
919 1034
951 1034
951 992
952 992
952 1044
921 1044
921 1062
925 1062
925 1046
948 1046
948 1094
929 1094
929 1127
926 1127
926 1149
918 1149
918 1072
909 1072
909 1146
914 1146
914 1086
917 1086
917 1160
922 1160
922 1178
931 1178
931 1111
936 1111
936 1095
945 1095
945 1183
927 1183
927 1238
933 1238
933 1250
939 1250
939 1233
1101 1233
1101 1234
1103 1234
1103 1232
1242 1232
1242 1239
1245 1239
1245 1226
1239 1226
1239 1230
1077 1230
1077 1221
1074 1221
1074 1180
1096 1180
1096 1179
1079 1179
1079 1156
1089 1156
1089 1145
1116 1145
1116 1135
1140 1135
1140 1061
1144 1061
1144 1060
1136 1060
1136 1015
1137 1015
1137 1022
1139 1022
1139 1040
1187 1040
1187 947
1202 947
1202 930
1196 930
1196 896
1170 896
1170 898
1159 898
1159 860
1158 860
1158 853
1193 853
1193 370
1188 370
1188 278
1195 278
1195 193
1203 193
1203 163
1201 163
1201 78
1173 78
1173 69
1223 69
1223 68
1243 68
1243 64
1241 64
1241 63
1142 63
1142 58
1126 58
1126 53
1003 53
1003 74
978 74
978 75
993 75
993 77
1023 77
1023 81
1034 81
1034 79
1049 79
1049 96
1056 96
1056 98
1064 98
1064 139
1066 139
1066 141
1061 141
1061 172
1043 172
1043 225
1029 225
1029 234
1015 234
1015 236
1017 236
1017 240
845 240
845 237
934 237
934 235
1014 235
1014 227
999 227
999 220
992 220
992 211
991 211
991 226
941 226
941 228
930 228
930 221
920 221
920 215
916 215
916 222
882 222
882 194
889 194
889 148
867 148
867 134
865 134
865 145
866 145
866 153
870 153
870 151
874 151
874 224
885 224
885 232
838 232
838 205
833 205
833 241
986 241
986 242
994 242
994 244
1031 244
1031 229
1041 229
1041 245
1045 245
1045 212
1054 212
1054 213
1081 213
1081 200
1097 200
1097 246
973 246
973 247
998 247
998 253
1055 253
1055 250
1087 250
1087 277
1098 277
1098 281
900 281
900 269
924 269
924 261
839 261
839 267
807 267
807 270
816 270
816 273
797 273
797 274
832 274
832 279
781 279
781 271
740 271
740 290
679 290
679 330
681 330
681 433
713 433
713 413
736 413
736 335
753 335
753 352
749 352
749 414
750 414
750 427
754 427
754 368
761 368
761 463
606 463
606 525
587 525
587 520
463 520
463 321
464 321
464 214
470 214
470 203
490 203
490 189
491 189
491 182
567 182
567 40
576 40
576 35
574 35
574 24
445 24
445 22
443 22
443 12
441 12
441 8
