112
47 8
47 18
15 18
15 22
19 22
19 25
2 25
2 27
1 27
1 36
6 36
6 26
39 26
39 33
26 33
26 35
21 35
21 40
46 40
46 29
48 29
48 32
51 32
51 50
16 50
16 49
17 49
17 47
4 47
4 55
13 55
13 62
22 62
22 54
56 54
56 19
49 19
49 13
58 13
58 9
64 9
64 87
62 87
62 97
99 97
99 91
121 91
121 99
170 99
170 98
122 98
122 93
142 93
142 90
157 90
157 94
127 94
127 95
155 95
155 96
163 96
163 89
164 89
164 86
172 86
172 102
100 102
100 101
60 101
60 100
54 100
54 104
50 104
50 113
45 113
45 106
28 106
28 108
23 108
23 118
33 118
33 117
34 117
34 114
148 114
148 112
116 112
116 111
71 111
71 103
176 103
176 85
153 85
153 88
82 88
82 92
72 92
72 77
65 77
65 73
73 73
73 71
87 71
87 68
97 68
97 67
74 67
74 60
70 60
70 52
67 52
67 8
