2392
1238 1
1238 9
1237 9
1237 2
1233 2
1233 116
1232 116
1232 165
1231 165
1231 160
1229 160
1229 164
1228 164
1228 170
1224 170
1224 166
1223 166
1223 150
1222 150
1222 145
1220 145
1220 153
1221 153
1221 157
1214 157
1214 154
1216 154
1216 138
1218 138
1218 102
1219 102
1219 128
1225 128
1225 142
1226 142
1226 107
1227 107
1227 79
1217 79
1217 132
1213 132
1213 151
1215 151
1215 152
1212 152
1212 156
1203 156
1203 173
1205 173
1205 209
1204 209
1204 204
1200 204
1200 243
1199 243
1199 191
1201 191
1201 143
1188 143
1188 139
1179 139
1179 136
1202 136
1202 133
1181 133
1181 129
1207 129
1207 93
1206 93
1206 122
1196 122
1196 60
1142 60
1142 61
1139 61
1139 18
1130 18
1130 27
1086 27
1086 39
1088 39
1088 44
1065 44
1065 49
1063 49
1063 16
932 16
932 12
978 12
978 15
1004 15
1004 11
628 11
628 19
514 19
514 14
484 14
484 13
542 13
542 10
437 10
437 8
434 8
434 31
423 31
423 5
573 5
573 6
581 6
581 7
639 7
639 3
541 3
541 4
415 4
415 37
422 37
422 43
408 43
408 51
461 51
461 38
433 38
433 33
452 33
452 23
483 23
483 52
454 52
454 59
477 59
477 57
496 57
496 47
505 47
505 30
539 30
539 34
594 34
594 32
614 32
614 26
596 26
596 25
490 25
490 22
443 22
443 21
624 21
624 36
643 36
643 28
684 28
684 17
729 17
729 20
755 20
755 29
786 29
786 24
909 24
909 41
843 41
843 35
829 35
829 55
810 55
810 69
831 69
831 62
835 62
835 70
726 70
726 80
722 80
722 86
725 86
725 88
737 88
737 81
794 81
794 100
784 100
784 90
671 90
671 103
359 103
359 95
270 95
270 104
674 104
674 99
673 99
673 96
677 96
677 92
752 92
752 105
757 105
757 117
697 117
697 113
687 113
687 114
685 114
685 118
641 118
641 110
636 110
636 125
676 125
676 123
653 123
653 119
748 119
748 121
759 121
759 120
799 120
799 87
808 87
808 89
809 89
809 77
751 77
751 74
727 74
727 72
869 72
869 75
855 75
855 78
826 78
826 101
834 101
834 109
836 109
836 98
885 98
885 84
886 84
886 83
900 83
900 71
882 71
882 91
879 91
879 54
878 54
878 94
871 94
871 58
865 58
865 42
1042 42
1042 40
1056 40
1056 46
1054 46
1054 48
1049 48
1049 45
1040 45
1040 56
1075 56
1075 63
1092 63
1092 53
1059 53
1059 50
1134 50
1134 64
1111 64
1111 65
1129 65
1129 66
1118 66
1118 82
1121 82
1121 97
1119 97
1119 115
1131 115
1131 106
1132 106
1132 140
1151 140
1151 137
1138 137
1138 124
1144 124
1144 111
1155 111
1155 85
1146 85
1146 76
1127 76
1127 73
1120 73
1120 67
1178 67
1178 68
1195 68
1195 127
1194 127
1194 112
1193 112
1193 126
1176 126
1176 148
1182 148
1182 144
1198 144
1198 161
1192 161
1192 155
1190 155
1190 158
1191 158
1191 228
1172 228
1172 180
1163 180
1163 149
1133 149
1133 172
1125 172
1125 176
1135 176
1135 169
1140 169
1140 179
1115 179
1115 183
1150 183
1150 188
1159 188
1159 238
1147 238
1147 247
1160 247
1160 184
1166 184
1166 240
1169 240
1169 266
1175 266
1175 234
1197 234
1197 277
1208 277
1208 297
1141 297
1141 306
1126 306
1126 326
1128 326
1128 309
1164 309
1164 332
1136 332
1136 345
1117 345
1117 278
1112 278
1112 323
1110 323
1110 365
1148 365
1148 372
1149 372
1149 388
1170 388
1170 380
1177 380
1177 400
1187 400
1187 484
1185 484
1185 453
1180 453
1180 452
1173 452
1173 493
1174 493
1174 543
1165 543
1165 534
1044 534
1044 535
1076 535
1076 536
1016 536
1016 529
1017 529
1017 530
1025 530
1025 524
1023 524
1023 499
1053 499
1053 460
1024 460
1024 464
1020 464
1020 374
1051 374
1051 367
1001 367
1001 368
997 368
997 371
924 371
924 387
896 387
896 357
901 357
901 350
903 350
903 327
908 327
908 292
926 292
926 288
774 288
774 281
724 281
724 276
705 276
705 282
694 282
694 284
662 284
662 289
692 289
692 291
704 291
704 293
621 293
621 246
637 246
637 265
640 265
640 272
658 272
658 256
659 256
659 273
702 273
702 210
718 210
718 260
733 260
733 261
906 261
906 262
1026 262
1026 263
1070 263
1070 317
1057 317
1057 320
1082 320
1082 298
1097 298
1097 286
1072 286
1072 283
1079 283
1079 271
1099 271
1099 347
1100 347
1100 285
1101 285
1101 322
1106 322
1106 270
1094 270
1094 253
1034 253
1034 254
1090 254
1090 267
1073 267
1073 259
721 259
721 206
695 206
695 255
700 255
700 257
672 257
672 223
688 223
688 212
642 212
642 214
660 214
660 242
656 242
656 237
618 237
618 236
578 236
578 233
602 233
602 226
585 226
585 195
988 195
988 194
1033 194
1033 201
961 201
961 200
1027 200
1027 199
830 199
830 202
954 202
954 221
1036 221
1036 220
999 220
999 208
1046 208
1046 193
580 193
580 192
606 192
606 190
632 190
632 189
743 189
743 186
683 186
683 187
566 187
566 185
634 185
634 182
521 182
521 181
519 181
519 198
520 198
520 197
536 197
536 205
535 205
535 222
528 222
528 224
320 224
320 219
479 219
479 211
297 211
297 207
268 207
268 213
321 213
321 215
341 215
341 216
366 216
366 218
218 218
218 203
199 203
199 268
239 268
239 269
249 269
249 274
252 274
252 287
258 287
258 241
261 241
261 300
262 300
262 363
248 363
248 354
208 354
208 319
207 319
207 383
212 383
212 369
214 369
214 507
220 507
220 526
186 526
186 579
174 579
174 629
182 629
182 645
172 645
172 636
135 636
135 637
57 637
57 585
70 585
70 592
73 592
73 576
80 576
80 518
88 518
88 523
114 523
114 519
117 519
117 612
118 612
118 626
126 626
126 513
131 513
131 515
144 515
144 551
146 551
146 509
116 509
116 508
77 508
77 494
110 494
110 485
138 485
138 486
167 486
167 480
105 480
105 475
145 475
145 459
152 459
152 442
166 442
166 432
164 432
164 408
129 408
129 416
122 416
122 435
120 435
120 449
125 449
125 447
124 447
124 434
136 434
136 458
128 458
128 467
68 467
68 470
98 470
98 469
108 469
108 471
90 471
90 488
71 488
71 567
75 567
75 569
64 569
64 564
59 564
59 542
31 542
31 547
52 547
52 554
56 554
56 615
44 615
44 641
62 641
62 643
133 643
133 662
130 662
130 655
107 655
107 670
139 670
139 684
106 684
106 681
85 681
85 646
69 646
69 653
84 653
84 673
83 673
83 691
102 691
102 689
147 689
147 687
142 687
142 672
140 672
140 639
171 639
171 648
154 648
154 650
149 650
149 651
153 651
153 654
203 654
203 630
204 630
204 582
202 582
202 581
196 581
196 595
191 595
191 566
189 566
189 528
222 528
222 413
224 413
224 438
223 438
223 483
246 483
246 430
233 430
233 428
232 428
232 409
231 409
231 466
227 466
227 364
251 364
251 366
243 366
243 402
267 402
267 397
276 397
276 403
279 403
279 385
271 385
271 377
280 377
280 381
286 381
286 440
285 440
285 441
288 441
288 539
290 539
290 474
291 474
291 392
293 392
293 450
294 450
294 562
289 562
289 633
306 633
306 658
310 658
310 660
287 660
287 597
283 597
283 644
281 644
281 627
278 627
278 647
254 647
254 661
257 661
257 665
269 665
269 663
311 663
311 677
308 677
308 686
263 686
263 696
312 696
312 695
323 695
323 635
340 635
340 593
348 593
348 344
347 344
347 294
345 294
345 540
344 540
344 264
426 264
426 335
427 335
427 487
420 487
420 479
412 479
412 426
416 426
416 394
407 394
407 341
401 341
401 328
396 328
396 356
391 356
391 280
374 280
374 324
376 324
376 437
377 437
377 429
378 429
378 421
382 421
382 555
365 555
365 533
363 533
363 532
354 532
354 538
353 538
353 589
356 589
356 621
351 621
351 628
349 628
349 690
352 690
352 699
364 699
364 669
367 669
367 605
357 605
357 590
368 590
368 620
379 620
379 600
383 600
383 384
381 384
381 295
388 295
388 339
390 339
390 373
405 373
405 431
400 431
400 456
399 456
399 436
392 436
392 468
406 468
406 675
403 675
403 780
360 780
360 802
304 802
304 764
326 764
326 738
300 738
300 744
253 744
253 732
245 732
245 714
228 714
228 719
226 719
226 723
244 723
244 745
325 745
325 759
277 759
277 790
303 790
303 825
313 825
313 814
324 814
324 816
371 816
371 791
387 791
387 829
384 829
384 832
404 832
404 834
162 834
162 831
298 831
298 830
266 830
266 827
260 827
260 828
159 828
159 698
55 698
55 701
32 701
32 711
40 711
40 702
42 702
42 705
95 705
95 703
121 703
121 720
82 720
82 808
99 808
99 872
66 872
66 873
41 873
41 823
54 823
54 733
49 733
49 734
53 734
53 810
46 810
46 819
34 819
34 852
30 852
30 858
33 858
33 923
18 923
18 925
24 925
24 926
16 926
16 1009
21 1009
21 1038
28 1038
28 1042
36 1042
36 1031
26 1031
26 1020
38 1020
38 1027
45 1027
45 983
48 983
48 991
50 991
50 988
58 988
58 968
87 968
87 973
72 973
72 969
60 969
60 1041
61 1041
61 1054
67 1054
67 1055
89 1055
89 1056
119 1056
119 1060
76 1060
76 1077
137 1077
137 1076
81 1076
81 1075
176 1075
176 1079
193 1079
193 1073
190 1073
190 1070
115 1070
115 1068
184 1068
184 1066
238 1066
238 1064
209 1064
209 1063
134 1063
134 1048
111 1048
111 1051
63 1051
63 997
65 997
65 1007
79 1007
79 1028
91 1028
91 1040
97 1040
97 1013
100 1013
100 1024
109 1024
109 1037
112 1037
112 1047
113 1047
113 1005
74 1005
74 998
78 998
78 995
101 995
101 965
35 965
35 981
25 981
25 1010
37 1010
37 1015
23 1015
23 1016
22 1016
22 930
19 930
19 938
17 938
17 929
39 929
39 927
43 927
43 900
47 900
47 928
51 928
51 879
93 879
93 883
86 883
86 896
92 896
92 897
104 897
104 740
103 740
103 775
94 775
94 721
123 721
123 704
143 704
143 708
158 708
158 763
151 763
151 820
155 820
155 839
163 839
163 845
177 845
177 849
148 849
148 869
141 869
141 907
160 907
160 919
178 919
178 901
175 901
175 903
150 903
150 861
181 861
181 876
197 876
197 886
255 886
255 889
240 889
240 891
284 891
284 892
369 892
369 913
355 913
355 916
665 916
665 917
712 917
712 920
719 920
719 912
800 912
800 918
804 918
804 924
814 924
814 922
824 922
824 914
851 914
851 842
849 842
849 824
863 824
863 743
876 743
876 731
861 731
861 712
911 712
911 756
915 756
915 771
897 771
897 758
902 758
902 754
898 754
898 739
877 739
877 773
916 773
916 715
917 715
917 838
929 838
929 841
930 841
930 863
934 863
934 833
918 833
918 822
1002 822
1002 818
1007 818
1007 1003
1000 1003
1000 1006
1009 1006
1009 1026
995 1026
995 1030
993 1030
993 1022
986 1022
986 974
969 974
969 944
972 944
972 948
974 948
974 941
560 941
560 940
613 940
613 936
597 936
597 933
616 933
616 932
498 932
498 931
467 931
467 934
512 934
512 935
459 935
459 937
503 937
503 943
622 943
622 942
820 942
820 947
720 947
720 951
631 951
631 949
444 949
444 964
463 964
463 962
570 962
570 961
627 961
627 960
445 960
445 958
609 958
609 959
679 959
679 957
913 957
913 963
927 963
927 966
941 966
941 979
652 979
652 978
716 978
716 977
797 977
797 975
819 975
819 967
669 967
669 970
565 970
565 982
492 982
492 985
473 985
473 1014
475 1014
475 1002
494 1002
494 1017
517 1017
517 1018
522 1018
522 1012
497 1012
497 996
526 996
526 1000
595 1000
595 999
582 999
582 992
576 992
576 989
605 989
605 990
675 990
675 994
650 994
650 1001
647 1001
647 1004
682 1004
682 987
666 987
666 986
645 986
645 984
567 984
567 972
579 972
579 971
741 971
741 976
607 976
607 980
952 980
952 993
931 993
931 1008
936 1008
936 1062
956 1062
956 1065
958 1065
958 1069
960 1069
960 1067
1019 1067
1019 1074
1029 1074
1029 1072
1031 1072
1031 1071
1060 1071
1060 1078
1061 1078
1061 1088
1064 1088
1064 1110
1066 1110
1066 1149
991 1149
991 1151
989 1151
989 1141
1028 1141
1028 1140
967 1140
967 1132
973 1132
973 1115
1010 1115
1010 1113
987 1113
987 1102
985 1102
985 1092
938 1092
938 1087
547 1087
547 1138
546 1138
546 1139
557 1139
557 1150
550 1150
550 1163
556 1163
556 1175
552 1175
552 1181
486 1181
486 1180
482 1180
482 1179
516 1179
516 1178
495 1178
495 1177
511 1177
511 1176
501 1176
501 1171
493 1171
493 1172
476 1172
476 1184
540 1184
540 1190
524 1190
524 1200
599 1200
599 1205
611 1205
611 1207
589 1207
589 1214
661 1214
661 1227
625 1227
625 1230
548 1230
548 1229
525 1229
525 1221
333 1221
333 1219
588 1219
588 1218
386 1218
386 1217
335 1217
335 1210
215 1210
215 1208
217 1208
217 1202
358 1202
358 1198
292 1198
292 1201
206 1201
206 1213
198 1213
198 1235
230 1235
230 1238
229 1238
229 1240
213 1240
213 1241
236 1241
236 1245
188 1245
188 1244
185 1244
185 1193
132 1193
132 1192
10 1192
10 1186
4 1186
4 1174
1 1174
1 1237
5 1237
5 1250
13 1250
13 1246
12 1246
12 1231
8 1231
8 1248
7 1248
7 1215
15 1215
15 1228
20 1228
20 1199
14 1199
14 1196
6 1196
6 1206
3 1206
3 1194
96 1194
96 1195
180 1195
180 1226
183 1226
183 1247
211 1247
211 1249
247 1249
247 1233
242 1233
242 1211
272 1211
272 1223
282 1223
282 1222
515 1222
515 1225
509 1225
509 1224
466 1224
466 1236
530 1236
530 1239
601 1239
601 1243
615 1243
615 1242
657 1242
657 1234
563 1234
563 1232
664 1232
664 1212
646 1212
646 1209
680 1209
680 1203
638 1203
638 1204
623 1204
623 1197
559 1197
559 1191
590 1191
590 1189
564 1189
564 1168
584 1168
584 1173
603 1173
603 1164
569 1164
569 1161
608 1161
608 1159
600 1159
600 1157
604 1157
604 1147
610 1147
610 1142
598 1142
598 1146
593 1146
593 1148
568 1148
568 1098
620 1098
620 1094
549 1094
549 1089
922 1089
922 1091
937 1091
937 1099
950 1099
950 1095
970 1095
970 1125
962 1125
962 1152
976 1152
976 1160
1050 1160
1050 1158
1003 1158
1003 1155
1093 1155
1093 1154
1095 1154
1095 1137
1096 1137
1096 1130
1071 1130
1071 1135
1067 1135
1067 1104
1087 1104
1087 1083
1078 1083
1078 1082
1084 1082
1084 1081
1091 1081
1091 1080
1062 1080
1062 1061
943 1061
943 1057
1006 1057
1006 1058
1080 1058
1080 1053
1102 1053
1102 1050
1085 1050
1085 1039
1069 1039
1069 1043
1052 1043
1052 1036
1035 1036
1035 1045
1039 1045
1039 1046
1045 1046
1045 1049
1074 1049
1074 1052
947 1052
947 1044
951 1044
951 1025
953 1025
953 1019
957 1019
957 956
691 956
691 955
448 955
448 952
706 952
706 954
730 954
730 953
723 953
723 950
868 950
868 945
920 945
920 946
968 946
968 1011
981 1011
981 1033
1015 1033
1015 1034
1038 1034
1038 1035
1077 1035
1077 1032
1107 1032
1107 1023
1098 1023
1098 1021
1047 1021
1047 1029
1021 1029
1021 939
1014 939
1014 921
1011 921
1011 874
1008 874
1008 811
996 811
996 807
948 807
948 809
928 809
928 767
940 767
940 796
946 796
946 782
949 782
949 761
925 761
925 817
921 817
921 710
850 710
850 729
840 729
840 735
842 735
842 742
839 742
839 752
844 752
844 747
854 747
854 776
857 776
857 777
853 777
853 801
852 801
852 805
846 805
846 806
847 806
847 908
715 908
715 905
703 905
703 906
670 906
670 898
756 898
756 899
785 899
785 864
788 864
788 893
795 893
795 888
803 888
803 755
802 755
802 778
792 778
792 722
790 722
790 736
777 736
777 774
779 774
779 783
772 783
772 762
776 762
776 726
758 726
758 753
760 753
760 757
734 757
734 772
753 772
753 784
699 784
699 787
689 787
689 781
592 781
592 792
518 792
518 803
510 803
510 789
500 789
500 768
491 768
491 766
574 766
574 770
617 770
617 765
587 765
587 746
558 746
558 737
551 737
551 749
538 749
538 760
533 760
533 730
740 730
740 709
739 709
739 697
686 697
686 706
732 706
732 700
738 700
738 707
731 707
731 725
508 725
508 718
571 718
571 716
554 716
554 713
527 713
527 717
506 717
506 724
504 724
504 727
529 727
529 748
499 748
499 750
532 750
532 751
487 751
487 728
468 728
468 795
474 795
474 741
478 741
478 799
471 799
471 812
534 812
534 794
562 794
562 800
663 800
663 813
690 813
690 798
651 798
651 793
630 793
630 797
629 797
629 788
728 788
728 786
750 786
750 785
801 785
801 851
798 851
798 848
775 848
775 804
754 804
754 821
735 821
735 826
766 826
766 815
773 815
773 843
742 843
742 854
745 854
745 860
746 860
746 895
678 895
678 894
654 894
654 846
649 846
649 840
648 840
648 871
635 871
635 904
655 904
655 915
380 915
380 911
455 911
455 910
513 910
513 909
385 909
385 902
418 902
418 890
438 890
438 877
441 877
441 875
389 875
389 868
397 868
397 865
450 865
450 859
421 859
421 856
402 856
402 857
398 857
398 853
250 853
250 850
314 850
314 836
273 836
273 844
205 844
205 855
375 855
375 862
361 862
361 881
370 881
370 884
411 884
411 878
424 878
424 887
334 887
334 880
322 880
322 885
302 885
302 882
259 882
259 870
219 870
219 867
216 867
216 866
192 866
192 847
195 847
195 837
187 837
187 835
414 835
414 779
419 779
419 652
417 652
417 769
409 769
409 477
410 477
410 591
413 591
413 492
425 492
425 503
451 503
451 546
453 546
453 594
457 594
457 497
440 497
440 405
442 405
442 389
456 389
456 376
458 376
458 422
460 422
460 425
465 425
465 348
462 348
462 346
447 346
447 358
439 358
439 386
436 386
436 414
432 414
432 351
430 351
430 370
431 370
431 379
428 379
428 252
343 252
343 570
342 570
342 510
338 510
338 619
339 619
339 632
331 632
331 631
305 631
305 623
318 623
318 572
301 572
301 516
319 516
319 527
329 527
329 476
332 476
332 445
327 445
327 504
315 504
315 505
299 505
299 586
317 586
317 608
295 608
295 498
307 498
307 407
296 407
296 355
274 355
274 325
265 325
265 362
264 362
264 239
330 239
330 244
275 244
275 249
336 249
336 232
337 232
337 227
309 227
309 231
237 231
237 258
235 258
235 235
234 235
234 250
201 250
201 248
225 248
225 225
480 225
480 692
485 692
485 618
489 618
489 404
488 404
488 584
481 584
481 229
545 229
545 217
544 217
544 196
561 196
561 230
575 230
575 251
586 251
586 245
591 245
591 275
555 275
555 279
577 279
577 305
612 305
612 299
667 299
667 310
644 310
644 311
626 311
626 329
633 329
633 318
681 318
681 304
668 304
668 296
701 296
701 393
698 393
698 398
696 398
696 423
708 423
708 331
707 331
707 315
709 315
709 461
710 461
710 330
711 330
711 415
714 415
714 448
717 448
717 361
713 361
713 290
905 290
905 321
892 321
892 333
872 333
872 334
783 334
783 312
832 312
832 314
880 314
880 313
862 313
862 308
780 308
780 307
764 307
764 340
762 340
762 360
763 360
763 500
789 500
789 501
793 501
793 496
821 496
821 462
822 462
822 514
823 514
823 446
848 446
848 451
873 451
873 457
870 457
870 481
860 481
860 489
833 489
833 537
838 537
838 521
841 521
841 557
828 557
828 522
815 522
815 563
806 563
806 578
817 578
817 607
805 607
805 656
807 656
807 678
796 678
796 664
761 664
761 667
749 667
749 574
736 574
736 580
744 580
744 685
747 685
747 676
765 676
765 674
781 674
781 666
791 666
791 679
811 679
811 694
813 694
813 671
827 671
827 638
816 638
816 610
818 610
818 587
825 587
825 583
837 583
837 596
864 596
864 502
859 502
859 548
858 548
858 490
875 490
875 465
874 465
874 444
812 444
812 482
771 482
771 463
767 463
767 417
768 417
768 316
778 316
778 353
770 353
770 391
769 391
769 420
782 420
782 342
787 342
787 338
888 338
888 337
890 337
890 336
895 336
895 411
893 411
893 375
884 375
884 410
866 410
866 378
856 378
856 390
845 390
845 412
867 412
867 424
887 424
887 427
891 427
891 439
899 439
899 418
910 418
910 406
933 406
933 399
955 399
955 401
963 401
963 433
975 433
975 443
984 443
984 454
944 454
944 472
939 472
939 478
935 478
935 512
942 512
942 511
971 511
971 520
966 520
966 573
904 573
904 575
912 575
912 668
894 668
894 649
881 649
881 680
883 680
883 659
889 659
889 682
907 682
907 693
919 693
919 688
914 688
914 588
923 588
923 577
979 577
979 565
990 565
990 545
992 545
992 556
994 556
994 531
982 531
982 495
980 495
980 506
945 506
945 455
977 455
977 491
983 491
983 473
1005 473
1005 419
965 419
965 395
964 395
964 382
1012 382
1012 517
1013 517
1013 541
1048 541
1048 544
1143 544
1143 549
1108 549
1108 550
1113 550
1113 560
1109 560
1109 601
1152 601
1152 602
1022 602
1022 657
1030 657
1030 603
1103 603
1103 604
1037 604
1037 606
1105 606
1105 609
1032 609
1032 634
1041 634
1041 613
1104 613
1104 614
1055 614
1055 642
1068 642
1068 625
1058 625
1058 622
1083 622
1083 640
1081 640
1081 683
1089 683
1089 624
1122 624
1122 617
1156 617
1156 616
1157 616
1157 611
1161 611
1161 599
1153 599
1153 598
1116 598
1116 571
1123 571
1123 568
1114 568
1114 552
1158 552
1158 558
1124 558
1124 561
1137 561
1137 559
1171 559
1171 553
1186 553
1186 525
1189 525
1189 396
1184 396
1184 359
1168 359
1168 352
1145 352
1145 349
1154 349
1154 343
1167 343
1167 303
1162 303
1162 302
1183 302
1183 301
1209 301
1209 177
1210 177
1210 167
1211 167
1211 175
1235 175
1235 178
1245 178
1245 171
1249 171
1249 162
1248 162
1248 163
1242 163
1242 174
1230 174
1230 168
1234 168
1234 141
1236 141
1236 131
1239 131
1239 134
1243 134
1243 135
1241 135
1241 159
1247 159
1247 147
1250 147
1250 146
1244 146
1244 130
1246 130
1246 108
1240 108
1240 1
