94
3 26
3 89
1 89
1 92
2 92
2 94
21 94
21 91
12 91
12 90
7 90
7 82
6 82
6 77
11 77
11 28
5 28
5 27
14 27
14 50
15 50
15 55
17 55
17 46
28 46
28 45
30 45
30 56
23 56
23 74
25 74
25 76
26 76
26 88
58 88
58 87
63 87
63 85
51 85
51 65
54 65
54 63
41 63
41 66
35 66
35 70
45 70
45 79
39 79
39 78
27 78
27 73
24 73
24 57
34 57
34 54
36 54
36 60
69 60
69 61
95 61
95 62
74 62
74 75
72 75
72 80
82 80
82 81
90 81
90 72
86 72
86 71
75 71
75 64
99 64
99 59
47 59
47 53
60 53
60 52
31 52
31 51
33 51
33 41
20 41
20 40
56 40
56 38
52 38
52 37
18 37
18 30
32 30
32 26
