94
96 230
96 229
90 229
90 214
82 214
82 182
84 182
84 159
86 159
86 129
85 129
85 110
7 110
7 114
20 114
20 119
15 119
15 120
1 120
1 126
2 126
2 127
6 127
6 146
11 146
11 171
14 171
14 175
4 175
4 185
9 185
9 200
12 200
12 212
18 212
18 188
17 188
17 143
35 143
35 152
28 152
28 149
27 149
27 150
23 150
23 199
42 199
42 196
45 196
45 177
44 177
44 155
47 155
47 172
50 172
50 192
54 192
54 160
55 160
55 131
51 131
51 133
46 133
46 123
39 123
39 167
43 167
43 195
38 195
38 189
36 189
36 139
21 139
21 116
57 116
57 111
75 111
75 125
71 125
71 135
68 135
68 142
78 142
78 198
80 198
80 213
79 213
79 225
77 225
77 203
74 203
74 216
65 216
65 230
