524
39 980
39 974
48 974
48 938
18 938
18 788
21 788
21 787
20 787
20 657
25 657
25 647
47 647
47 352
46 352
46 348
36 348
36 345
1 345
1 346
29 346
29 351
45 351
45 452
44 452
44 631
41 631
41 633
35 633
35 530
31 530
31 514
28 514
28 550
33 550
33 597
24 597
24 589
26 589
26 551
16 551
16 702
15 702
15 699
14 699
14 563
9 563
9 573
4 573
4 580
12 580
12 673
3 673
3 748
7 748
7 780
8 780
8 728
10 728
10 885
11 885
11 753
17 753
17 949
19 949
19 943
38 943
38 981
59 981
59 985
30 985
30 994
49 994
49 1008
52 1008
52 990
51 990
51 987
61 987
61 1031
58 1031
58 1032
23 1032
23 1037
64 1037
64 1046
57 1046
57 1070
2 1070
2 1074
5 1074
5 1082
40 1082
40 1095
13 1095
13 1098
53 1098
53 1099
55 1099
55 1101
74 1101
74 1092
96 1092
96 1088
145 1088
145 1104
67 1104
67 1221
71 1221
71 1115
77 1115
77 1110
79 1110
79 1108
87 1108
87 1113
115 1113
115 1114
80 1114
80 1222
82 1222
82 1217
129 1217
129 1216
126 1216
126 1200
144 1200
144 1205
167 1205
167 1208
182 1208
182 1202
212 1202
212 1199
112 1199
112 1197
218 1197
218 1196
276 1196
276 1193
116 1193
116 1191
211 1191
211 1187
174 1187
174 1169
223 1169
223 1153
240 1153
240 1158
264 1158
264 1136
356 1136
356 1135
404 1135
404 1139
332 1139
332 1140
434 1140
434 1145
422 1145
422 1148
397 1148
397 1150
509 1150
509 1155
511 1155
511 1144
515 1144
515 1198
493 1198
493 1160
447 1160
447 1189
437 1189
437 1195
409 1195
409 1172
395 1172
395 1151
374 1151
374 1178
387 1178
387 1219
439 1219
439 1227
319 1227
319 1229
357 1229
357 1230
316 1230
316 1231
426 1231
426 1232
448 1232
448 1228
440 1228
440 1215
408 1215
408 1209
429 1209
429 1201
473 1201
473 1210
477 1210
477 1211
572 1211
572 1203
535 1203
535 1180
563 1180
563 1182
619 1182
619 1174
550 1174
550 1171
603 1171
603 1170
528 1170
528 1163
620 1163
620 1156
573 1156
573 1152
571 1152
571 1141
527 1141
527 1137
491 1137
491 1146
445 1146
445 1123
417 1123
417 1133
402 1133
402 1132
287 1132
287 1130
235 1130
235 1149
138 1149
138 1162
209 1162
209 1166
162 1166
162 1186
143 1186
143 1173
95 1173
95 1176
81 1176
81 1118
298 1118
298 1121
435 1121
435 1120
541 1120
541 1105
595 1105
595 1097
533 1097
533 894
521 894
521 851
536 851
536 852
576 852
576 805
590 805
590 796
543 796
543 733
549 733
549 672
555 672
555 605
547 605
547 542
562 542
562 549
581 549
581 539
591 539
591 534
575 534
575 475
577 475
577 479
579 479
579 474
589 474
589 455
588 455
588 451
569 451
569 366
565 366
565 370
560 370
560 461
570 461
570 528
559 528
559 360
605 360
605 384
606 384
606 520
607 520
607 428
609 428
609 659
597 659
597 927
596 927
596 1044
598 1044
598 749
599 749
599 920
600 920
600 993
601 993
601 850
604 850
604 832
608 832
608 865
610 865
610 827
602 827
602 671
611 671
611 729
614 729
614 770
616 770
616 404
615 404
615 681
613 681
613 439
612 439
612 374
617 374
617 371
621 371
621 430
636 430
636 437
679 437
679 415
700 415
700 460
689 460
689 449
681 449
681 468
683 468
683 470
625 470
625 540
629 540
629 546
630 546
630 545
650 545
650 616
644 616
644 646
643 646
643 599
639 599
639 655
640 655
640 662
648 662
648 710
651 710
651 526
775 526
775 525
631 525
631 485
682 485
682 473
702 473
702 410
646 410
646 400
674 400
674 398
623 398
623 365
626 365
626 356
551 356
551 378
548 378
548 401
556 401
556 495
545 495
545 543
542 543
542 806
561 806
561 811
574 811
574 849
518 849
518 898
500 898
500 892
452 892
452 883
507 883
507 872
510 872
510 837
516 837
516 836
499 836
499 834
480 834
480 828
481 828
481 821
490 821
490 808
503 808
503 790
497 790
497 712
501 712
501 757
502 757
502 696
492 696
492 682
478 682
478 685
468 685
468 690
484 690
484 711
470 711
470 762
467 762
467 810
474 810
474 722
476 722
476 841
496 841
496 848
498 848
498 870
494 870
494 871
483 871
483 873
463 873
463 858
462 858
462 869
456 869
456 844
464 844
464 795
453 795
453 829
450 829
450 857
431 857
431 853
446 853
446 845
428 845
428 899
433 899
433 866
444 866
444 901
416 901
416 905
443 905
443 915
459 915
459 909
460 909
460 904
532 904
532 923
530 923
530 1111
525 1111
525 1034
514 1034
514 1076
520 1076
520 1116
537 1116
537 1119
317 1119
317 1117
201 1117
201 1090
393 1090
393 1087
88 1087
88 1089
50 1089
50 1084
76 1084
76 1081
60 1081
60 1077
6 1077
6 1073
65 1073
65 1020
66 1020
66 980
