138
53 384
53 415
59 415
59 428
62 428
62 404
64 404
64 473
34 473
34 468
11 468
11 390
3 390
3 455
5 455
5 474
1 474
1 500
7 500
7 405
9 405
9 472
27 472
27 485
21 485
21 496
81 496
81 498
94 498
94 497
96 497
96 495
162 495
162 499
176 499
176 494
173 494
173 493
29 493
29 486
95 486
95 487
123 487
123 489
124 489
124 490
132 490
132 488
151 488
151 478
138 478
138 484
58 484
58 483
136 483
136 481
120 481
120 482
107 482
107 479
74 479
74 477
142 477
142 475
167 475
167 469
161 469
161 464
159 464
159 465
97 465
97 462
99 462
99 461
114 461
114 460
92 460
92 466
129 466
129 470
93 470
93 471
109 471
109 476
72 476
72 439
82 439
82 411
83 411
83 458
127 458
127 453
154 453
154 441
160 441
160 438
144 438
144 445
149 445
149 452
106 452
106 451
98 451
98 424
87 424
87 410
75 410
75 400
69 400
69 399
57 399
57 386
112 386
112 396
102 396
102 417
101 417
101 421
155 421
155 426
158 426
158 412
157 412
157 342
152 342
152 332
134 332
134 336
128 336
128 341
135 341
135 343
153 343
153 403
143 403
143 420
115 420
115 384
