262
1 2
1 11
2 11
2 6
6 6
6 7
9 7
9 9
12 9
12 49
20 49
20 59
15 59
15 54
11 54
11 68
7 68
7 130
8 130
8 136
16 136
16 135
10 135
10 91
13 91
13 73
28 73
28 82
30 82
30 84
50 84
50 77
73 77
73 81
66 81
66 98
17 98
17 141
23 141
23 211
22 211
22 234
34 234
34 222
36 222
36 220
41 220
41 237
58 237
58 224
63 224
63 191
82 191
82 194
232 194
232 197
195 197
195 199
349 199
349 200
377 200
377 198
425 198
425 207
458 207
458 201
531 201
531 193
540 193
540 215
556 215
556 226
561 226
561 228
557 228
557 283
590 283
590 289
615 289
615 282
692 282
692 308
656 308
656 312
614 312
614 307
372 307
372 302
426 302
426 292
416 292
416 287
388 287
388 296
375 296
375 268
362 268
362 276
361 276
361 285
358 285
358 273
298 273
298 272
337 272
337 252
334 252
334 271
323 271
323 262
321 262
321 261
316 261
316 263
322 263
322 267
315 267
315 266
280 266
280 288
274 288
274 464
273 464
273 420
248 420
248 463
244 463
244 450
241 450
241 471
238 471
238 341
236 341
236 334
224 334
224 290
216 290
216 327
222 327
222 313
223 313
223 329
219 329
219 443
220 443
220 355
237 355
237 363
229 363
229 469
172 469
172 470
174 470
174 534
141 534
141 850
129 850
129 824
140 824
140 823
116 823
116 839
103 839
103 851
142 851
142 838
173 838
173 834
144 834
144 586
152 586
152 585
148 585
148 535
180 535
180 495
179 495
179 490
192 490
192 481
256 481
256 478
251 478
251 424
261 424
261 465
275 465
275 403
278 403
278 391
279 391
279 293
288 293
288 291
287 291
287 274
347 274
347 277
356 277
356 301
354 301
354 310
594 310
594 316
693 316
693 297
708 297
708 281
592 281
592 279
563 279
563 231
564 231
564 189
498 189
498 196
415 196
415 192
139 192
139 187
60 187
60 216
47 216
47 218
24 218
24 195
26 195
26 154
27 154
27 134
19 134
19 118
18 118
18 100
68 100
68 86
78 86
78 85
86 85
86 80
335 80
335 79
286 79
286 78
114 78
114 75
100 75
100 74
369 74
369 72
94 72
94 71
21 71
21 41
14 41
14 8
42 8
42 5
3 5
3 3
5 3
5 2
