96
1 2
1 11
2 11
2 6
6 6
6 7
9 7
9 9
12 9
12 49
20 49
20 59
15 59
15 54
11 54
11 68
7 68
7 130
8 130
8 136
16 136
16 135
10 135
10 91
13 91
13 73
28 73
28 82
30 82
30 84
50 84
50 77
73 77
73 81
66 81
66 98
17 98
17 141
23 141
23 211
22 211
22 234
34 234
34 222
36 222
36 220
41 220
41 237
58 237
58 224
63 224
63 191
139 191
139 187
60 187
60 216
47 216
47 218
24 218
24 195
26 195
26 154
27 154
27 134
19 134
19 118
18 118
18 100
68 100
68 86
78 86
78 85
86 85
86 80
335 80
335 79
286 79
286 78
114 78
114 75
100 75
100 74
369 74
369 72
94 72
94 71
21 71
21 41
14 41
14 8
42 8
42 5
3 5
3 3
5 3
5 2
