1494
1 2
1 11
2 11
2 6
6 6
6 7
9 7
9 9
12 9
12 49
20 49
20 59
15 59
15 54
11 54
11 68
7 68
7 130
8 130
8 136
16 136
16 135
10 135
10 91
13 91
13 73
28 73
28 82
30 82
30 84
50 84
50 77
73 77
73 81
66 81
66 98
17 98
17 141
23 141
23 211
22 211
22 234
34 234
34 222
36 222
36 220
41 220
41 237
58 237
58 224
63 224
63 191
82 191
82 194
232 194
232 197
195 197
195 199
349 199
349 200
377 200
377 198
425 198
425 207
458 207
458 201
531 201
531 193
540 193
540 215
556 215
556 226
561 226
561 228
557 228
557 283
590 283
590 289
615 289
615 282
692 282
692 308
656 308
656 312
614 312
614 300
494 300
494 304
481 304
481 238
467 238
467 243
439 243
439 236
413 236
413 239
396 239
396 235
465 235
465 229
432 229
432 227
378 227
378 245
418 245
418 248
406 248
406 249
460 249
460 295
470 295
470 305
544 305
544 306
436 306
436 303
410 303
410 307
372 307
372 302
426 302
426 292
416 292
416 287
388 287
388 296
375 296
375 268
362 268
362 276
361 276
361 285
358 285
358 273
298 273
298 272
337 272
337 252
334 252
334 271
323 271
323 262
321 262
321 261
316 261
316 263
322 263
322 267
315 267
315 266
280 266
280 288
274 288
274 464
273 464
273 309
265 309
265 390
262 390
262 397
252 397
252 420
248 420
248 463
244 463
244 450
241 450
241 471
238 471
238 341
236 341
236 334
224 334
224 290
216 290
216 327
222 327
222 313
223 313
223 329
219 329
219 443
220 443
220 355
237 355
237 363
229 363
229 469
172 469
172 470
174 470
174 534
141 534
141 850
129 850
129 824
140 824
140 764
138 764
138 817
133 817
133 819
120 819
120 815
104 815
104 813
84 813
84 856
85 856
85 829
101 829
101 823
116 823
116 839
103 839
103 851
115 851
115 857
142 857
142 838
156 838
156 861
170 861
170 863
125 863
125 865
106 865
106 869
119 869
119 908
110 908
110 882
109 882
109 904
107 904
107 921
111 921
111 911
127 911
127 877
136 877
136 884
137 884
137 867
173 867
173 834
144 834
144 586
146 586
146 611
145 611
145 645
150 645
150 712
151 712
151 729
154 729
154 738
157 738
157 706
159 706
159 762
187 762
187 786
228 786
228 775
233 775
233 781
250 781
250 798
235 798
235 799
214 799
214 800
249 800
249 859
268 859
268 830
271 830
271 827
281 827
281 790
295 790
295 794
305 794
305 665
306 665
306 955
294 955
294 961
486 961
486 959
311 959
311 958
572 958
572 975
570 975
570 1111
574 1111
574 1182
548 1182
548 1057
549 1057
549 1025
546 1025
546 995
538 995
538 1069
539 1069
539 1128
542 1128
542 1029
545 1029
545 1180
502 1180
502 1178
501 1178
501 1189
397 1189
397 1186
405 1186
405 1183
384 1183
384 1163
387 1163
387 1179
395 1179
395 1168
504 1168
504 1167
390 1167
390 1164
403 1164
403 1158
430 1158
430 1157
360 1157
360 1108
370 1108
370 1095
365 1095
365 1088
359 1088
359 1062
348 1062
348 1054
342 1054
342 1038
341 1038
341 1033
340 1033
340 1097
339 1097
339 1149
333 1149
333 1129
332 1129
332 1130
320 1130
320 1133
297 1133
297 1127
314 1127
314 1115
326 1115
326 1042
318 1042
318 1091
317 1091
317 1089
303 1089
303 1103
231 1103
231 1104
309 1104
309 1119
230 1119
230 1110
122 1110
122 1114
171 1114
171 1116
225 1116
225 1117
121 1117
121 1100
96 1100
96 1085
126 1085
126 1086
131 1086
131 1075
128 1075
128 1074
132 1074
132 1048
108 1048
108 1041
99 1041
99 1055
93 1055
93 1056
90 1056
90 1024
81 1024
81 994
65 994
65 980
67 980
67 962
49 962
49 964
57 964
57 968
48 968
48 1003
51 1003
51 1005
52 1005
52 998
54 998
54 985
55 985
55 1007
56 1007
56 1030
59 1030
59 984
61 984
61 997
77 997
77 1026
88 1026
88 1039
89 1039
89 1059
91 1059
91 1063
113 1063
113 1065
102 1065
102 1073
98 1073
98 1081
105 1081
105 1082
92 1082
92 1105
117 1105
117 1122
227 1122
227 1120
239 1120
239 1123
270 1123
270 1124
284 1124
284 1135
304 1135
304 1137
283 1137
283 1136
158 1136
158 1132
149 1132
149 1139
267 1139
267 1141
163 1141
163 1145
162 1145
162 1147
259 1147
259 1148
310 1148
310 1138
327 1138
327 1134
329 1134
329 1146
331 1146
331 1156
289 1156
289 1155
166 1155
166 1159
135 1159
135 1162
134 1162
134 1177
313 1177
313 1181
324 1181
324 1173
198 1173
198 1165
194 1165
194 1172
168 1172
168 1160
343 1160
343 1064
352 1064
352 1098
353 1098
353 1142
345 1142
345 1143
357 1143
357 1144
344 1144
344 1174
351 1174
351 1184
386 1184
386 1187
364 1187
364 1197
373 1197
373 1220
380 1220
380 1203
379 1203
379 1198
382 1198
382 1223
398 1223
398 1230
385 1230
385 1232
409 1232
409 1206
414 1206
414 1224
417 1224
417 1204
399 1204
399 1212
394 1212
394 1218
407 1218
407 1219
392 1219
392 1210
389 1210
389 1195
474 1195
474 1194
408 1194
408 1191
528 1191
528 1190
537 1190
537 1185
575 1185
575 1102
577 1102
577 1096
573 1096
573 956
383 956
383 957
307 957
307 782
308 782
308 635
299 635
299 628
296 628
296 583
293 583
293 649
301 649
301 754
300 754
300 776
290 776
290 748
292 748
292 616
291 616
291 650
285 650
285 777
277 777
277 797
269 797
269 774
266 774
266 734
258 734
258 646
257 646
257 741
260 741
260 854
254 854
254 757
245 757
245 772
208 772
208 735
202 735
202 726
201 726
201 667
204 667
204 662
186 662
186 689
183 689
183 705
181 705
181 715
188 715
188 714
190 714
190 747
164 747
164 745
160 745
160 634
167 634
167 633
155 633
155 643
152 643
152 585
148 585
148 535
178 535
178 544
175 544
175 610
177 610
177 593
176 593
176 560
199 560
199 555
210 555
210 542
207 542
207 533
255 533
255 531
193 531
193 546
180 546
180 495
179 495
179 490
185 490
185 521
191 521
191 514
200 514
200 511
215 511
215 505
226 505
226 504
221 504
221 503
205 503
205 499
192 499
192 481
206 481
206 483
256 483
256 478
251 478
251 424
261 424
261 465
275 465
275 403
278 403
278 391
279 391
279 293
282 293
282 298
288 298
288 291
287 291
287 274
347 274
347 277
356 277
356 301
354 301
354 322
393 322
393 318
400 318
400 315
355 315
355 310
594 310
594 317
618 317
618 316
620 316
620 330
652 330
652 328
668 328
668 332
654 332
654 342
671 342
671 331
675 331
675 321
720 321
720 336
742 336
742 250
734 250
734 242
735 242
735 202
728 202
728 156
750 156
750 209
746 209
746 217
748 217
748 213
753 213
753 144
755 144
755 190
759 190
759 319
749 319
749 337
757 337
757 413
754 413
754 439
747 439
747 411
716 411
716 442
724 442
724 454
715 454
715 448
613 448
613 461
630 461
630 500
622 500
622 502
617 502
617 553
655 553
655 551
666 551
666 579
669 579
669 543
621 543
621 540
673 540
673 526
682 526
682 581
688 581
688 545
689 545
689 663
685 663
685 618
679 618
679 592
680 592
680 584
674 584
674 602
672 602
672 622
659 622
659 749
650 749
650 692
640 692
640 670
629 670
629 699
628 699
628 701
636 701
636 707
642 707
642 760
627 760
627 768
631 768
631 796
637 796
637 763
641 763
641 840
638 840
638 852
635 852
635 855
625 855
625 907
626 907
626 890
643 890
643 711
645 711
645 793
647 793
647 811
646 811
646 873
677 873
677 848
653 848
653 803
648 803
648 780
686 780
686 903
681 903
681 925
684 925
684 916
683 916
683 914
687 914
687 779
670 779
670 725
664 725
664 679
660 679
660 638
667 638
667 673
695 673
695 927
707 927
707 871
710 871
710 923
745 923
745 917
731 917
731 913
726 913
726 902
719 902
719 901
771 901
771 910
782 910
782 922
833 922
833 924
779 924
779 929
825 929
825 931
780 931
780 937
784 937
784 936
800 936
800 934
802 934
802 947
814 947
814 935
815 935
815 933
855 933
855 892
865 892
865 896
860 896
860 950
848 950
848 960
840 960
840 948
804 948
804 953
790 953
790 991
781 991
781 1001
787 1001
787 1008
676 1008
676 1010
785 1010
785 1016
624 1016
624 1017
794 1017
794 1043
812 1043
812 1045
819 1045
819 1046
773 1046
773 1087
764 1087
764 1061
743 1061
743 1058
741 1058
741 1066
756 1066
756 1076
751 1076
751 1099
766 1099
766 1109
740 1109
740 1090
737 1090
737 1101
729 1101
729 1154
795 1154
795 1161
799 1161
799 1175
808 1175
808 1193
813 1193
813 1205
818 1205
818 1176
846 1176
846 1171
806 1171
806 1152
816 1152
816 1150
730 1150
730 1131
738 1131
738 1113
772 1113
772 1125
777 1125
777 1094
776 1094
776 1080
774 1080
774 1079
775 1079
775 1051
778 1051
778 1047
810 1047
810 1050
850 1050
850 1036
853 1036
853 1032
897 1032
897 1044
907 1044
907 1068
908 1068
908 1071
903 1071
903 1092
899 1092
899 1112
900 1112
900 1153
904 1153
904 1084
910 1084
910 1208
893 1208
893 1201
888 1201
888 1200
887 1200
887 1229
891 1229
891 1215
892 1215
892 1214
931 1214
931 1222
965 1222
965 1225
947 1225
947 1227
935 1227
935 1228
981 1228
981 1226
990 1226
990 1237
998 1237
998 1248
1006 1248
1006 1249
1022 1249
1022 1240
1047 1240
1047 1242
1151 1242
1151 1243
1180 1243
1180 1245
1153 1245
1153 1247
1219 1247
1219 1250
1250 1250
1250 1246
1240 1246
1240 1170
1239 1170
1239 1166
1245 1166
1245 1126
1246 1126
1246 1022
1243 1022
1243 1037
1242 1037
1242 1121
1237 1121
1237 1216
1235 1216
1235 1244
1207 1244
1207 1231
1201 1231
1201 1199
1178 1199
1178 1188
1177 1188
1177 1020
1181 1020
1181 1011
1176 1011
1176 1014
1175 1014
1175 1072
1173 1072
1173 1023
1166 1023
1166 993
1185 993
1185 988
1211 988
1211 979
1206 979
1206 982
1193 982
1193 967
1197 967
1197 971
1218 971
1218 976
1221 976
1221 970
1208 970
1208 954
1205 954
1205 952
1216 952
1216 951
1204 951
1204 940
1203 940
1203 938
1196 938
1196 945
1190 945
1190 899
1189 899
1189 875
1136 875
1136 872
1094 872
1094 888
1125 888
1125 891
1112 891
1112 918
1096 918
1096 894
1095 894
1095 905
1087 905
1087 889
1063 889
1063 825
1064 825
1064 866
1065 866
1065 820
1084 820
1084 805
1114 805
1114 832
1108 832
1108 837
1194 837
1194 836
1209 836
1209 858
1232 858
1232 847
1226 847
1226 831
1224 831
1224 846
1215 846
1215 841
1212 841
1212 826
1214 826
1214 822
1184 822
1184 835
1161 835
1161 810
1168 810
1168 807
1217 807
1217 821
1223 821
1223 816
1233 816
1233 808
1247 808
1247 802
1241 802
1241 702
1249 702
1249 682
1248 682
1248 642
1244 642
1244 620
1229 620
1229 615
1104 615
1104 604
1067 604
1067 603
961 603
961 377
968 377
968 381
962 381
962 452
976 452
976 437
978 437
978 354
980 354
980 466
963 466
963 527
970 527
970 468
988 468
988 357
982 357
982 346
973 346
973 374
958 374
958 436
957 436
957 549
954 549
954 467
956 467
956 241
955 241
955 426
953 426
953 432
951 432
951 254
945 254
945 299
938 299
938 275
939 275
939 269
936 269
936 324
937 324
937 353
940 353
940 333
941 333
941 382
946 382
946 378
942 378
942 314
948 314
948 294
949 294
949 311
950 311
950 522
928 522
928 524
906 524
906 519
909 519
909 518
927 518
927 512
920 512
920 508
896 508
896 525
898 525
898 530
902 530
902 528
905 528
905 537
914 537
914 529
944 529
944 601
952 601
952 587
959 587
959 558
960 558
960 605
1048 605
1048 606
1077 606
1077 608
1101 608
1101 609
1081 609
1081 617
1220 617
1220 623
1225 623
1225 640
1156 640
1156 644
1227 644
1227 632
1234 632
1234 652
1231 652
1231 688
1236 688
1236 739
1238 739
1238 789
1230 789
1230 806
1152 806
1152 818
1144 818
1144 804
1078 804
1078 809
1052 809
1052 842
1062 842
1062 897
1072 897
1072 920
1135 920
1135 887
1138 887
1138 876
1188 876
1188 977
1170 977
1170 987
1165 987
1165 1034
1162 1034
1162 1106
1164 1106
1164 1083
1167 1083
1167 1060
1171 1060
1171 1067
1169 1067
1169 1070
1172 1070
1172 1202
1174 1202
1174 1207
1195 1207
1195 1211
1200 1211
1200 1238
1143 1238
1143 1241
1061 1241
1061 1239
1003 1239
1003 1236
1092 1236
1092 1235
993 1235
993 1221
986 1221
986 1217
932 1217
932 1213
934 1213
934 1209
911 1209
911 1169
921 1169
921 1151
923 1151
923 1140
924 1140
924 1118
926 1118
926 1107
915 1107
915 1093
922 1093
922 1053
919 1053
919 1052
913 1052
913 1035
901 1035
901 1031
826 1031
826 1049
824 1049
824 1040
823 1040
823 1027
797 1027
797 1012
847 1012
847 1009
834 1009
834 999
798 999
798 965
805 965
805 963
863 963
863 912
871 912
871 909
874 909
874 886
849 886
849 915
822 915
822 919
789 919
789 900
711 900
711 853
700 853
700 812
701 812
701 752
696 752
696 731
698 731
698 723
702 723
702 719
697 719
697 562
691 562
691 523
633 523
633 539
623 539
623 507
661 507
661 497
665 497
665 482
644 482
644 457
616 457
616 453
714 453
714 456
744 456
744 440
769 440
769 395
763 395
763 375
761 375
761 247
767 247
767 210
760 210
760 186
770 186
770 164
758 164
758 148
768 148
768 137
752 137
752 155
727 155
727 219
732 219
732 256
739 256
739 320
693 320
693 297
708 297
708 281
592 281
592 279
563 279
563 231
564 231
564 189
498 189
498 196
415 196
415 192
139 192
139 187
60 187
60 216
47 216
47 218
24 218
24 195
26 195
26 154
27 154
27 134
19 134
19 118
18 118
18 100
68 100
68 86
78 86
78 85
86 85
86 80
335 80
335 79
286 79
286 78
114 78
114 75
100 75
100 74
369 74
369 72
94 72
94 71
21 71
21 41
14 41
14 8
42 8
42 5
3 5
3 3
5 3
5 2
