152
1 2
1 4
2 4
2 10
35 10
35 11
43 11
43 14
36 14
36 23
40 23
40 33
30 33
30 63
26 63
26 64
34 64
34 45
37 45
37 38
53 38
53 72
59 72
59 67
60 67
60 73
55 73
55 128
54 128
54 80
51 80
51 121
47 121
47 86
41 86
41 89
42 89
42 117
24 117
24 85
27 85
27 81
23 81
23 59
11 59
11 68
5 68
5 53
7 53
7 48
8 48
8 46
4 46
4 50
3 50
3 69
16 69
16 74
18 74
18 97
17 97
17 107
19 107
19 98
20 98
20 115
12 115
12 119
10 119
10 116
9 116
9 120
13 120
13 123
29 123
29 124
22 124
22 137
28 137
28 129
39 129
39 130
32 130
32 147
33 147
33 146
50 146
50 139
38 139
38 131
44 131
44 133
56 133
56 75
61 75
61 57
57 57
57 34
74 34
74 41
98 41
98 44
110 44
110 56
109 56
109 104
113 104
113 70
114 70
114 112
115 112
115 100
117 100
117 127
119 127
119 144
87 144
87 143
78 143
78 145
147 145
147 140
120 140
120 118
118 118
118 101
130 101
130 82
121 82
121 60
122 60
122 42
144 42
144 40
111 40
111 39
82 39
82 36
76 36
76 32
52 32
52 27
48 27
48 24
46 24
46 18
58 18
58 17
45 17
45 9
14 9
14 2
