122
4 7
4 32
2 32
2 58
1 58
1 64
7 64
7 94
11 94
11 75
10 75
10 61
5 61
5 62
3 62
3 41
14 41
14 42
15 42
15 66
12 66
12 76
16 76
16 88
19 88
19 81
20 81
20 74
18 74
18 54
17 54
17 36
13 36
13 40
6 40
6 13
21 13
21 21
22 21
22 8
25 8
25 10
28 10
28 20
48 20
48 22
42 22
42 23
51 23
51 24
37 24
37 26
40 26
40 28
29 28
29 39
26 39
26 72
23 72
23 91
39 91
39 93
49 93
49 90
52 90
52 99
41 99
41 98
32 98
32 115
33 115
33 119
117 119
117 118
38 118
38 108
55 108
55 106
53 106
53 102
60 102
60 92
56 92
56 89
24 89
24 83
47 83
47 82
27 82
27 73
30 73
30 47
68 47
68 46
99 46
99 45
88 45
88 44
31 44
31 38
65 38
65 37
34 37
34 31
54 31
54 30
77 30
77 19
89 19
89 18
35 18
35 17
36 17
36 16
61 16
61 14
66 14
66 11
97 11
97 9
123 9
123 7
