194
3 4
3 5
9 5
9 27
2 27
2 7
1 7
1 31
7 31
7 32
4 32
4 52
18 52
18 47
16 47
16 50
15 50
15 45
12 45
12 51
8 51
8 43
6 43
6 39
5 39
5 36
20 36
20 69
19 69
19 84
30 84
30 90
65 90
65 82
64 82
64 89
52 89
52 79
50 79
50 77
67 77
67 91
68 91
68 96
69 96
69 75
81 75
81 80
70 80
70 83
72 83
72 81
79 81
79 95
86 95
86 97
91 97
91 92
88 92
88 87
96 87
96 98
97 98
97 93
99 93
99 99
98 99
98 100
100 100
100 86
92 86
92 78
87 78
87 94
82 94
82 85
85 85
85 74
71 74
71 66
66 66
66 65
62 65
62 67
60 67
60 73
48 73
48 68
47 68
47 76
42 76
42 54
51 54
51 57
56 57
56 64
95 64
95 61
94 61
94 53
93 53
93 63
75 63
75 62
78 62
78 58
57 58
57 56
59 56
59 49
55 49
55 40
45 40
45 26
58 26
58 17
61 17
61 23
63 23
63 22
77 22
77 24
89 24
89 18
74 18
74 14
84 14
84 12
90 12
90 6
80 6
80 9
83 9
83 10
76 10
76 11
73 11
73 15
53 15
53 25
49 25
49 20
46 20
46 21
44 21
44 42
54 42
54 48
37 48
37 55
36 55
36 59
41 59
41 88
35 88
35 71
33 71
33 38
43 38
43 34
40 34
40 37
39 37
39 35
38 35
38 30
34 30
34 16
28 16
28 13
27 13
27 19
31 19
31 44
32 44
32 46
29 46
29 72
25 72
25 70
24 70
24 60
22 60
22 41
26 41
26 29
21 29
21 28
14 28
14 33
10 33
10 8
13 8
13 4
