Removal 0: 
Solution 0: 
12 9
13 12
16 20
19 16
4 2
4 4
6 10

Solution 1: 
12 9
13 12
16 20
19 16
4 2
4 4
5 7

Solution 2: 
12 9
13 12
16 20
19 16
4 4
5 7
9 2

Solution 3: 
12 9
13 12
16 20
19 16
3 1
4 4
5 7

Solution 4: 
12 9
13 12
16 20
19 16
4 4
5 7
9 1

Solution 5: 
12 9
13 12
16 20
19 16
4 4
6 10
9 1

Solution 6: 
12 9
13 12
16 20
19 16
3 1
4 4
6 10

Solution 7: 
12 9
13 12
16 20
19 16
4 4
6 10
9 2

Solution 8: 
12 9
13 12
15 18
19 16
4 4
6 10
9 2

Solution 9: 
12 9
13 12
15 18
19 16
4 2
4 4
6 10

Solution 10: 
12 9
13 12
15 18
19 16
4 4
6 10
9 1

Solution 11: 
12 9
13 12
15 18
19 16
3 1
4 4
6 10

Solution 12: 
12 9
13 12
15 18
19 16
3 1
4 4
5 7

Solution 13: 
12 9
13 12
15 18
19 16
4 4
5 7
9 1

Solution 14: 
12 9
13 12
15 18
19 16
4 2
4 4
5 7

Solution 15: 
12 9
13 12
15 18
19 16
4 4
5 7
9 2

Solution 16: 
12 9
15 18
17 11
19 16
4 4
5 7
9 2

Solution 17: 
12 9
16 20
17 11
19 16
4 4
5 7
9 2

Solution 18: 
12 9
16 20
17 11
19 16
3 1
4 4
5 7

Solution 19: 
12 9
16 20
17 11
19 16
4 2
4 4
5 7

Solution 20: 
12 9
16 20
17 11
19 16
4 4
5 7
9 1

Solution 21: 
12 9
15 18
17 11
19 16
4 4
5 7
9 1

Solution 22: 
12 9
15 18
17 11
19 16
3 1
4 4
5 7

Solution 23: 
12 9
15 18
17 11
19 16
4 2
4 4
5 7

Solution 24: 
11 8
15 18
17 11
19 16
4 2
4 4
5 7

Solution 25: 
11 8
15 18
17 11
19 16
4 4
5 7
9 2

Solution 26: 
11 8
15 18
17 11
19 16
3 1
4 4
5 7

Solution 27: 
11 8
15 18
17 11
19 16
4 4
5 7
9 1

Solution 28: 
11 8
16 20
17 11
19 16
4 4
5 7
9 1

Solution 29: 
11 8
16 20
17 11
19 16
3 1
4 4
5 7

Solution 30: 
11 8
16 20
17 11
19 16
4 4
5 7
9 2

Solution 31: 
11 8
16 20
17 11
19 16
4 2
4 4
5 7

Solution 32: 
11 8
13 12
16 20
19 16
4 2
4 4
5 7

Solution 33: 
11 8
13 12
15 18
19 16
4 2
4 4
5 7

Solution 34: 
11 8
13 12
15 18
19 16
3 1
4 4
5 7

Solution 35: 
11 8
13 12
15 18
19 16
4 4
5 7
9 2

Solution 36: 
11 8
13 12
15 18
19 16
4 4
5 7
9 1

Solution 37: 
11 8
13 12
16 20
19 16
4 4
5 7
9 1

Solution 38: 
11 8
13 12
16 20
19 16
4 4
5 7
9 2

Solution 39: 
11 8
13 12
16 20
19 16
3 1
4 4
5 7

Solution 40: 
11 8
13 12
16 20
19 16
2 5
3 1
5 7

Solution 41: 
12 9
13 12
16 20
19 16
2 5
3 1
5 7

Solution 42: 
12 9
16 20
17 11
19 16
2 5
3 1
5 7

Solution 43: 
11 8
16 20
17 11
19 16
2 5
3 1
5 7

Solution 44: 
11 8
16 20
17 11
19 16
2 5
4 2
5 7

Solution 45: 
11 8
13 12
16 20
19 16
2 5
4 2
5 7

Solution 46: 
12 9
13 12
16 20
19 16
2 5
4 2
5 7

Solution 47: 
12 9
16 20
17 11
19 16
2 5
4 2
5 7

Solution 48: 
12 9
15 18
17 11
19 16
2 5
4 2
5 7

Solution 49: 
11 8
15 18
17 11
19 16
2 5
4 2
5 7

Solution 50: 
11 8
15 18
17 11
19 16
2 5
3 1
5 7

Solution 51: 
12 9
15 18
17 11
19 16
2 5
3 1
5 7

Solution 52: 
12 9
13 12
15 18
19 16
2 5
3 1
5 7

Solution 53: 
11 8
13 12
15 18
19 16
2 5
3 1
5 7

Solution 54: 
11 8
13 12
15 18
19 16
2 5
4 2
5 7

Solution 55: 
12 9
13 12
15 18
19 16
2 5
4 2
5 7

Solution 56: 
12 9
13 12
15 18
19 16
2 5
4 2
6 10

Solution 57: 
12 9
13 12
16 20
19 16
2 5
4 2
6 10

Solution 58: 
11 8
13 12
16 20
19 16
2 5
4 2
6 10

Solution 59: 
11 8
13 12
15 18
19 16
2 5
4 2
6 10

Solution 60: 
11 8
13 12
15 18
19 16
2 5
3 1
6 10

Solution 61: 
12 9
13 12
15 18
19 16
2 5
3 1
6 10

Solution 62: 
12 9
13 12
16 20
19 16
2 5
3 1
6 10

Solution 63: 
11 8
13 12
16 20
19 16
2 5
3 1
6 10

Solution 64: 
11 8
13 12
16 20
19 16
3 1
4 4
6 10

Solution 65: 
11 8
13 12
15 18
19 16
3 1
4 4
6 10

Solution 66: 
11 8
13 12
15 18
19 16
4 4
6 10
9 2

Solution 67: 
11 8
13 12
15 18
19 16
4 4
6 10
9 1

Solution 68: 
11 8
13 12
16 20
19 16
4 4
6 10
9 1

Solution 69: 
11 8
13 12
16 20
19 16
4 4
6 10
9 2

Solution 70: 
11 8
13 12
16 20
19 16
4 2
4 4
6 10

Solution 71: 
11 8
13 12
15 18
19 16
4 2
4 4
6 10

Solution 72: 
11 8
15 18
17 11
19 16
4 2
4 4
6 10

Solution 73: 
11 8
15 18
17 11
19 16
2 5
4 2
6 10

Solution 74: 
11 8
15 18
17 11
19 16
4 4
6 10
9 2

Solution 75: 
11 8
15 18
17 11
19 16
4 4
6 10
9 1

Solution 76: 
11 8
15 18
17 11
19 16
3 1
4 4
6 10

Solution 77: 
11 8
15 18
17 11
19 16
2 5
3 1
6 10

Solution 78: 
12 9
15 18
17 11
19 16
2 5
3 1
6 10

Solution 79: 
12 9
15 18
17 11
19 16
3 1
4 4
6 10

Solution 80: 
12 9
15 18
17 11
19 16
4 2
4 4
6 10

Solution 81: 
12 9
15 18
17 11
19 16
4 4
6 10
9 1

Solution 82: 
12 9
15 18
17 11
19 16
4 4
6 10
9 2

Solution 83: 
12 9
15 18
17 11
19 16
2 5
4 2
6 10

Solution 84: 
12 9
16 20
17 11
19 16
2 5
4 2
6 10

Solution 85: 
11 8
16 20
17 11
19 16
2 5
4 2
6 10

Solution 86: 
11 8
16 20
17 11
19 16
4 2
4 4
6 10

Solution 87: 
12 9
16 20
17 11
19 16
4 2
4 4
6 10

Solution 88: 
12 9
16 20
17 11
19 16
4 4
6 10
9 2

Solution 89: 
12 9
16 20
17 11
19 16
4 4
6 10
9 1

Solution 90: 
12 9
16 20
17 11
19 16
3 1
4 4
6 10

Solution 91: 
11 8
16 20
17 11
19 16
3 1
4 4
6 10

Solution 92: 
11 8
16 20
17 11
19 16
4 4
6 10
9 2

Solution 93: 
11 8
16 20
17 11
19 16
4 4
6 10
9 1

Solution 94: 
11 8
16 20
17 11
19 16
2 5
3 1
6 10

Solution 95: 
12 9
16 20
17 11
19 16
2 5
3 1
6 10

Number of solutions found: 96

Changes at vertices: 
New Vertex: 5 7
10 7 -> 10 6
----------------------------------
Removal 1: 
Solution 0: 
1 7
11 8
13 12
16 20
19 16
4 4
9 1

Solution 1: 
1 7
11 8
13 12
15 18
19 16
4 4
9 1

Solution 2: 
1 7
11 8
13 12
15 18
19 16
4 2
4 4

Solution 3: 
1 7
11 8
13 12
15 18
19 16
4 4
9 2

Solution 4: 
1 7
11 8
13 12
15 18
19 16
3 1
4 4

Solution 5: 
1 7
11 8
13 12
16 20
19 16
3 1
4 4

Solution 6: 
1 7
11 8
13 12
16 20
19 16
4 4
9 2

Solution 7: 
1 7
11 8
13 12
16 20
19 16
4 2
4 4

Solution 8: 
1 7
11 8
16 20
17 11
19 16
4 2
4 4

Solution 9: 
1 7
11 8
16 20
17 11
19 16
4 4
9 1

Solution 10: 
1 7
11 8
16 20
17 11
19 16
4 4
9 2

Solution 11: 
1 7
11 8
15 18
17 11
19 16
4 4
9 2

Solution 12: 
1 7
11 8
15 18
17 11
19 16
4 4
9 1

Solution 13: 
1 7
11 8
15 18
17 11
19 16
4 2
4 4

Solution 14: 
1 7
11 8
15 18
17 11
19 16
3 1
4 4

Solution 15: 
1 7
11 8
16 20
17 11
19 16
3 1
4 4

Solution 16: 
1 7
12 9
16 20
17 11
19 16
3 1
4 4

Solution 17: 
1 7
12 9
15 18
17 11
19 16
3 1
4 4

Solution 18: 
1 7
12 9
15 18
17 11
19 16
4 4
9 2

Solution 19: 
1 7
12 9
15 18
17 11
19 16
4 2
4 4

Solution 20: 
1 7
12 9
15 18
17 11
19 16
4 4
9 1

Solution 21: 
1 7
12 9
16 20
17 11
19 16
4 4
9 1

Solution 22: 
1 7
12 9
16 20
17 11
19 16
4 2
4 4

Solution 23: 
1 7
12 9
16 20
17 11
19 16
4 4
9 2

Solution 24: 
12 9
16 20
17 11
19 16
4 4
6 10
9 2

Solution 25: 
11 8
16 20
17 11
19 16
4 4
6 10
9 2

Solution 26: 
11 8
15 18
17 11
19 16
4 4
6 10
9 2

Solution 27: 
12 9
15 18
17 11
19 16
4 4
6 10
9 2

Solution 28: 
12 9
15 18
17 11
19 16
3 1
4 4
6 10

Solution 29: 
12 9
15 18
17 11
19 16
4 2
4 4
6 10

Solution 30: 
12 9
15 18
17 11
19 16
4 4
6 10
9 1

Solution 31: 
11 8
15 18
17 11
19 16
4 4
6 10
9 1

Solution 32: 
11 8
15 18
17 11
19 16
3 1
4 4
6 10

Solution 33: 
11 8
15 18
17 11
19 16
4 2
4 4
6 10

Solution 34: 
11 8
15 18
17 11
19 16
2 5
4 2
6 10

Solution 35: 
11 8
15 18
17 11
19 16
2 5
3 1
6 10

Solution 36: 
12 9
15 18
17 11
19 16
2 5
3 1
6 10

Solution 37: 
12 9
15 18
17 11
19 16
2 5
4 2
6 10

Solution 38: 
1 7
12 9
15 18
17 11
19 16
2 5
4 2

Solution 39: 
1 7
11 8
15 18
17 11
19 16
2 5
4 2

Solution 40: 
1 7
11 8
15 18
17 11
19 16
2 5
3 1

Solution 41: 
1 7
12 9
15 18
17 11
19 16
2 5
3 1

Solution 42: 
1 7
12 9
13 12
15 18
19 16
2 5
3 1

Solution 43: 
1 7
12 9
13 12
15 18
19 16
3 1
4 4

Solution 44: 
1 7
11 8
13 12
15 18
19 16
2 5
3 1

Solution 45: 
1 7
11 8
13 12
15 18
19 16
2 5
4 2

Solution 46: 
1 7
12 9
13 12
15 18
19 16
2 5
4 2

Solution 47: 
1 7
12 9
13 12
15 18
19 16
4 2
4 4

Solution 48: 
1 7
12 9
13 12
15 18
19 16
4 4
9 2

Solution 49: 
1 7
12 9
13 12
15 18
19 16
4 4
9 1

Solution 50: 
12 9
13 12
15 18
19 16
4 4
6 10
9 1

Solution 51: 
11 8
13 12
15 18
19 16
4 4
6 10
9 1

Solution 52: 
11 8
13 12
15 18
19 16
3 1
4 4
6 10

Solution 53: 
11 8
13 12
15 18
19 16
4 4
6 10
9 2

Solution 54: 
11 8
13 12
15 18
19 16
4 2
4 4
6 10

Solution 55: 
12 9
13 12
15 18
19 16
4 2
4 4
6 10

Solution 56: 
12 9
13 12
15 18
19 16
4 4
6 10
9 2

Solution 57: 
12 9
13 12
15 18
19 16
3 1
4 4
6 10

Solution 58: 
12 9
13 12
15 18
19 16
2 5
3 1
6 10

Solution 59: 
11 8
13 12
15 18
19 16
2 5
3 1
6 10

Solution 60: 
11 8
13 12
15 18
19 16
2 5
4 2
6 10

Solution 61: 
12 9
13 12
15 18
19 16
2 5
4 2
6 10

Solution 62: 
12 9
13 12
16 20
19 16
2 5
4 2
6 10

Solution 63: 
12 9
13 12
16 20
19 16
4 2
4 4
6 10

Solution 64: 
12 9
13 12
16 20
19 16
4 4
6 10
9 2

Solution 65: 
12 9
13 12
16 20
19 16
4 4
6 10
9 1

Solution 66: 
12 9
13 12
16 20
19 16
3 1
4 4
6 10

Solution 67: 
12 9
13 12
16 20
19 16
2 5
3 1
6 10

Solution 68: 
11 8
13 12
16 20
19 16
2 5
3 1
6 10

Solution 69: 
11 8
13 12
16 20
19 16
3 1
4 4
6 10

Solution 70: 
11 8
13 12
16 20
19 16
4 4
6 10
9 1

Solution 71: 
11 8
13 12
16 20
19 16
4 2
4 4
6 10

Solution 72: 
11 8
13 12
16 20
19 16
4 4
6 10
9 2

Solution 73: 
11 8
13 12
16 20
19 16
2 5
4 2
6 10

Solution 74: 
1 7
11 8
13 12
16 20
19 16
2 5
4 2

Solution 75: 
1 7
11 8
13 12
16 20
19 16
2 5
3 1

Solution 76: 
1 7
12 9
13 12
16 20
19 16
2 5
3 1

Solution 77: 
1 7
12 9
13 12
16 20
19 16
3 1
4 4

Solution 78: 
1 7
12 9
13 12
16 20
19 16
4 4
9 1

Solution 79: 
1 7
12 9
13 12
16 20
19 16
4 4
9 2

Solution 80: 
1 7
12 9
13 12
16 20
19 16
4 2
4 4

Solution 81: 
1 7
12 9
13 12
16 20
19 16
2 5
4 2

Solution 82: 
1 7
12 9
16 20
17 11
19 16
2 5
4 2

Solution 83: 
12 9
16 20
17 11
19 16
2 5
4 2
6 10

Solution 84: 
12 9
16 20
17 11
19 16
4 2
4 4
6 10

Solution 85: 
12 9
16 20
17 11
19 16
4 4
6 10
9 1

Solution 86: 
12 9
16 20
17 11
19 16
3 1
4 4
6 10

Solution 87: 
12 9
16 20
17 11
19 16
2 5
3 1
6 10

Solution 88: 
1 7
12 9
16 20
17 11
19 16
2 5
3 1

Solution 89: 
1 7
11 8
16 20
17 11
19 16
2 5
3 1

Solution 90: 
1 7
11 8
16 20
17 11
19 16
2 5
4 2

Solution 91: 
11 8
16 20
17 11
19 16
2 5
4 2
6 10

Solution 92: 
11 8
16 20
17 11
19 16
4 2
4 4
6 10

Solution 93: 
11 8
16 20
17 11
19 16
4 4
6 10
9 1

Solution 94: 
11 8
16 20
17 11
19 16
3 1
4 4
6 10

Solution 95: 
11 8
16 20
17 11
19 16
2 5
3 1
6 10

Number of solutions found: 96

Changes at vertices: 
3 2 -> 3 1
Change visibility: 4 2
----------------------------------
Removal 2: 
Solution 0: 
12 9
16 20
17 11
19 16
4 4
6 10

Solution 1: 
11 8
16 20
17 11
19 16
4 4
6 10

Solution 2: 
1 7
11 8
16 20
17 11
19 16
4 4

Solution 3: 
1 7
12 9
16 20
17 11
19 16
4 4

Solution 4: 
1 7
12 9
13 12
16 20
19 16
4 4

Solution 5: 
1 7
11 8
13 12
16 20
19 16
4 4

Solution 6: 
11 8
13 12
16 20
19 16
4 4
6 10

Solution 7: 
12 9
13 12
16 20
19 16
4 4
6 10

Solution 8: 
12 9
13 12
15 18
19 16
4 4
6 10

Solution 9: 
11 8
13 12
15 18
19 16
4 4
6 10

Solution 10: 
11 8
15 18
17 11
19 16
4 4
6 10

Solution 11: 
12 9
15 18
17 11
19 16
4 4
6 10

Solution 12: 
1 7
12 9
15 18
17 11
19 16
4 4

Solution 13: 
1 7
12 9
13 12
15 18
19 16
4 4

Solution 14: 
1 7
11 8
13 12
15 18
19 16
4 4

Solution 15: 
1 7
11 8
15 18
17 11
19 16
4 4

Number of solutions found: 16

Changes at vertices: 
New Vertex: 3 3
4 3 -> 4 2
----------------------------------
Removal 3: 
Solution 0: 
12 9
16 20
17 11
19 16
2 5
6 10

Solution 1: 
1 7
12 9
16 20
17 11
19 16
2 5

Solution 2: 
1 7
12 9
13 12
16 20
19 16
2 5

Solution 3: 
12 9
13 12
16 20
19 16
2 5
6 10

Solution 4: 
12 9
13 12
15 18
19 16
2 5
6 10

Solution 5: 
1 7
12 9
13 12
15 18
19 16
2 5

Solution 6: 
1 7
12 9
15 18
17 11
19 16
2 5

Solution 7: 
12 9
15 18
17 11
19 16
2 5
6 10

Solution 8: 
11 8
15 18
17 11
19 16
2 5
6 10

Solution 9: 
11 8
16 20
17 11
19 16
2 5
6 10

Solution 10: 
11 8
13 12
16 20
19 16
2 5
6 10

Solution 11: 
11 8
13 12
15 18
19 16
2 5
6 10

Solution 12: 
1 7
11 8
13 12
15 18
19 16
2 5

Solution 13: 
1 7
11 8
13 12
16 20
19 16
2 5

Solution 14: 
1 7
11 8
13 12
16 20
19 16
4 4

Solution 15: 
1 7
12 9
13 12
16 20
19 16
4 4

Solution 16: 
12 9
13 12
16 20
19 16
4 4
6 10

Solution 17: 
12 9
13 12
15 18
19 16
4 4
6 10

Solution 18: 
11 8
13 12
15 18
19 16
4 4
6 10

Solution 19: 
1 7
11 8
13 12
15 18
19 16
4 4

Solution 20: 
1 7
12 9
13 12
15 18
19 16
4 4

Solution 21: 
11 8
13 12
16 20
19 16
4 4
6 10

Solution 22: 
11 8
16 20
17 11
19 16
4 4
6 10

Solution 23: 
12 9
16 20
17 11
19 16
4 4
6 10

Solution 24: 
12 9
15 18
17 11
19 16
4 4
6 10

Solution 25: 
11 8
15 18
17 11
19 16
4 4
6 10

Solution 26: 
1 7
11 8
15 18
17 11
19 16
4 4

Solution 27: 
1 7
12 9
15 18
17 11
19 16
4 4

Solution 28: 
1 7
12 9
16 20
17 11
19 16
4 4

Solution 29: 
1 7
11 8
16 20
17 11
19 16
4 4

Solution 30: 
1 7
11 8
16 20
17 11
19 16
2 5

Solution 31: 
1 7
11 8
15 18
17 11
19 16
2 5

Number of solutions found: 32

Changes at vertices: 
2 4 -> 2 3
New Vertex: 4 4
----------------------------------
Removal 4: 
Solution 0: 
11 5
15 15
18 17
6 10
7 12
8 18

Solution 1: 
14 4
15 15
18 17
6 10
7 12
8 18

Solution 2: 
14 4
15 15
19 19
6 10
7 12
8 18

Solution 3: 
14 4
15 15
18 19
6 10
7 12
8 18

Solution 4: 
14 4
15 15
19 16
6 10
7 12
8 18

Solution 5: 
11 5
15 15
19 16
6 10
7 12
8 18

Solution 6: 
11 5
15 15
18 19
6 10
7 12
8 18

Solution 7: 
11 5
15 15
19 19
6 10
7 12
8 18

Solution 8: 
11 5
15 15
19 19
6 10
7 12
8 20

Solution 9: 
11 5
15 15
16 20
19 19
6 10
7 12

Solution 10: 
11 5
15 15
15 18
19 19
6 10
7 12

Solution 11: 
11 5
15 15
15 18
18 19
6 10
7 12

Solution 12: 
11 5
15 15
15 18
18 17
6 10
7 12

Solution 13: 
11 5
15 15
15 18
19 16
6 10
7 12

Solution 14: 
11 5
15 15
19 16
6 10
7 12
8 20

Solution 15: 
11 5
15 15
18 19
6 10
7 12
8 20

Solution 16: 
11 5
15 15
18 17
6 10
7 12
8 20

Solution 17: 
11 5
15 15
16 20
18 17
6 10
7 12

Solution 18: 
11 5
15 15
16 20
18 19
6 10
7 12

Solution 19: 
11 5
15 15
16 20
19 16
6 10
7 12

Solution 20: 
14 4
15 15
16 20
19 16
6 10
7 12

Solution 21: 
14 4
15 15
15 18
19 16
6 10
7 12

Solution 22: 
14 4
15 15
15 18
19 19
6 10
7 12

Solution 23: 
14 4
15 15
15 18
18 17
6 10
7 12

Solution 24: 
14 4
15 15
15 18
18 19
6 10
7 12

Solution 25: 
14 4
15 15
16 20
18 19
6 10
7 12

Solution 26: 
14 4
15 15
16 20
18 17
6 10
7 12

Solution 27: 
14 4
15 15
16 20
19 19
6 10
7 12

Solution 28: 
14 4
15 15
19 19
6 10
7 12
8 20

Solution 29: 
14 4
15 15
19 16
6 10
7 12
8 20

Solution 30: 
14 4
15 15
18 17
6 10
7 12
8 20

Solution 31: 
14 4
15 15
18 19
6 10
7 12
8 20

Solution 32: 
13 12
14 4
16 20
19 16
6 10
7 12

Solution 33: 
13 15
14 4
16 20
19 16
6 10
7 12

Solution 34: 
14 4
16 20
17 13
19 16
6 10
7 12

Solution 35: 
14 4
16 20
17 13
19 19
6 10
7 12

Solution 36: 
14 4
16 20
17 13
18 19
6 10
7 12

Solution 37: 
14 4
16 20
17 11
19 16
6 10
7 12

Solution 38: 
14 4
16 20
17 13
18 17
6 10
7 12

Solution 39: 
11 5
16 20
17 13
18 17
6 10
7 12

Solution 40: 
11 5
16 20
17 13
19 19
6 10
7 12

Solution 41: 
11 5
16 20
17 13
18 19
6 10
7 12

Solution 42: 
11 5
16 20
17 13
19 16
6 10
7 12

Solution 43: 
11 5
13 15
16 20
19 16
6 10
7 12

Solution 44: 
11 5
16 20
17 11
19 16
6 10
7 12

Solution 45: 
11 5
13 12
16 20
19 16
6 10
7 12

Solution 46: 
11 5
13 12
15 18
19 16
6 10
7 12

Solution 47: 
13 12
14 4
15 18
19 16
6 10
7 12

Solution 48: 
13 15
14 4
15 18
19 16
6 10
7 12

Solution 49: 
14 4
15 18
17 11
19 16
6 10
7 12

Solution 50: 
14 4
15 18
17 13
19 16
6 10
7 12

Solution 51: 
14 4
15 18
17 13
19 19
6 10
7 12

Solution 52: 
14 4
15 18
17 13
18 19
6 10
7 12

Solution 53: 
14 4
15 18
17 13
18 17
6 10
7 12

Solution 54: 
11 5
15 18
17 13
18 17
6 10
7 12

Solution 55: 
11 5
15 18
17 13
19 19
6 10
7 12

Solution 56: 
11 5
15 18
17 13
18 19
6 10
7 12

Solution 57: 
11 5
15 18
17 13
19 16
6 10
7 12

Solution 58: 
11 5
15 18
17 11
19 16
6 10
7 12

Solution 59: 
11 5
13 15
15 18
19 16
6 10
7 12

Solution 60: 
11 5
12 11
13 15
15 18
19 16
6 10

Solution 61: 
12 11
13 15
14 4
15 18
19 16
6 10

Solution 62: 
12 11
14 4
15 15
15 18
19 16
6 10

Solution 63: 
12 11
14 4
15 18
17 13
19 16
6 10

Solution 64: 
12 11
14 4
15 18
17 11
19 16
6 10

Solution 65: 
12 11
13 12
14 4
15 18
19 16
6 10

Solution 66: 
11 5
12 11
13 12
15 18
19 16
6 10

Solution 67: 
11 5
12 11
15 15
15 18
19 16
6 10

Solution 68: 
11 5
12 11
15 18
17 11
19 16
6 10

Solution 69: 
11 5
12 11
15 18
17 13
19 16
6 10

Solution 70: 
10 8
11 5
15 18
17 11
19 16
6 10

Solution 71: 
11 5
15 18
17 11
19 16
6 10
7 10

Solution 72: 
11 5
11 8
15 18
17 11
19 16
6 10

Solution 73: 
11 5
11 8
13 12
15 18
19 16
6 10

Solution 74: 
11 5
13 12
15 18
19 16
6 10
7 10

Solution 75: 
10 8
11 5
13 12
15 18
19 16
6 10

Solution 76: 
10 8
13 12
14 4
15 18
19 16
6 10

Solution 77: 
10 8
14 4
15 18
17 11
19 16
6 10

Solution 78: 
14 4
15 18
17 11
19 16
6 10
7 10

Solution 79: 
11 8
14 4
15 18
17 11
19 16
6 10

Solution 80: 
11 8
13 12
14 4
15 18
19 16
6 10

Solution 81: 
13 12
14 4
15 18
19 16
6 10
7 10

Solution 82: 
12 9
13 12
14 4
15 18
19 16
6 10

Solution 83: 
12 9
14 4
15 18
17 11
19 16
6 10

Solution 84: 
12 9
15 18
17 11
19 16
2 4
6 10

Solution 85: 
12 9
15 18
17 11
19 16
2 5
6 10

Solution 86: 
11 5
12 9
15 18
17 11
19 16
6 10

Solution 87: 
11 5
12 9
13 12
15 18
19 16
6 10

Solution 88: 
12 9
13 12
15 18
19 16
2 4
6 10

Solution 89: 
12 9
13 12
15 18
19 16
2 5
6 10

Solution 90: 
11 8
13 12
15 18
19 16
2 5
6 10

Solution 91: 
11 8
13 12
15 18
19 16
2 4
6 10

Solution 92: 
11 8
15 18
17 11
19 16
2 4
6 10

Solution 93: 
11 8
15 18
17 11
19 16
2 5
6 10

Solution 94: 
12 11
14 4
15 18
17 13
18 19
6 10

Solution 95: 
12 11
14 4
15 18
17 13
18 17
6 10

Solution 96: 
12 11
14 4
15 18
17 13
19 19
6 10

Solution 97: 
11 5
12 11
15 18
17 13
19 19
6 10

Solution 98: 
11 5
12 11
15 18
17 13
18 19
6 10

Solution 99: 
11 5
12 11
15 18
17 13
18 17
6 10

Solution 100: 
11 5
12 11
15 15
15 18
18 17
6 10

Solution 101: 
11 5
12 11
15 15
15 18
19 19
6 10

Solution 102: 
11 5
12 11
15 15
15 18
18 19
6 10

Solution 103: 
12 11
14 4
15 15
15 18
18 19
6 10

Solution 104: 
12 11
14 4
15 15
15 18
19 19
6 10

Solution 105: 
12 11
14 4
15 15
15 18
18 17
6 10

Solution 106: 
12 11
14 4
15 15
18 17
6 10
8 20

Solution 107: 
12 11
14 4
15 15
18 17
6 10
8 18

Solution 108: 
12 11
14 4
15 15
16 20
18 17
6 10

Solution 109: 
12 11
14 4
15 15
16 20
18 19
6 10

Solution 110: 
12 11
14 4
15 15
18 19
6 10
8 20

Solution 111: 
12 11
14 4
15 15
18 19
6 10
8 18

Solution 112: 
12 11
14 4
15 15
19 16
6 10
8 18

Solution 113: 
12 11
14 4
15 15
19 19
6 10
8 18

Solution 114: 
12 11
14 4
15 15
16 20
19 19
6 10

Solution 115: 
12 11
14 4
15 15
19 19
6 10
8 20

Solution 116: 
12 11
14 4
15 15
19 16
6 10
8 20

Solution 117: 
12 11
14 4
15 15
16 20
19 16
6 10

Solution 118: 
12 11
13 15
14 4
16 20
19 16
6 10

Solution 119: 
12 11
14 4
16 20
17 13
19 16
6 10

Solution 120: 
12 11
13 12
14 4
16 20
19 16
6 10

Solution 121: 
12 11
14 4
16 20
17 13
18 19
6 10

Solution 122: 
12 11
14 4
16 20
17 13
19 19
6 10

Solution 123: 
12 11
14 4
16 20
17 13
18 17
6 10

Solution 124: 
12 11
14 4
16 20
17 11
19 16
6 10

Solution 125: 
10 8
14 4
16 20
17 11
19 16
6 10

Solution 126: 
11 8
14 4
16 20
17 11
19 16
6 10

Solution 127: 
14 4
16 20
17 11
19 16
6 10
7 10

Solution 128: 
12 9
14 4
16 20
17 11
19 16
6 10

Solution 129: 
12 9
13 12
14 4
16 20
19 16
6 10

Solution 130: 
10 8
13 12
14 4
16 20
19 16
6 10

Solution 131: 
13 12
14 4
16 20
19 16
6 10
7 10

Solution 132: 
11 8
13 12
14 4
16 20
19 16
6 10

Solution 133: 
1 7
11 8
13 12
14 4
16 20
19 16

Solution 134: 
1 7
12 9
13 12
14 4
16 20
19 16

Solution 135: 
1 7
13 12
14 4
16 20
19 16
7 10

Solution 136: 
1 14
13 12
14 4
16 20
19 16
7 10

Solution 137: 
13 12
14 4
16 20
19 16
6 14
7 10

Solution 138: 
10 8
13 12
14 4
16 20
19 16
6 14

Solution 139: 
1 14
10 8
13 12
14 4
16 20
19 16

Solution 140: 
1 7
10 8
13 12
14 4
16 20
19 16

Solution 141: 
1 7
12 11
13 12
14 4
16 20
19 16

Solution 142: 
1 7
13 12
14 4
16 20
19 16
7 12

Solution 143: 
1 7
13 12
14 4
15 18
19 16
7 12

Solution 144: 
1 7
12 9
13 12
14 4
15 18
19 16

Solution 145: 
1 7
12 11
13 12
14 4
15 18
19 16

Solution 146: 
1 7
13 12
14 4
15 18
19 16
7 10

Solution 147: 
1 7
11 8
13 12
14 4
15 18
19 16

Solution 148: 
1 7
10 8
13 12
14 4
15 18
19 16

Solution 149: 
10 8
13 12
14 4
15 18
19 16
6 14

Solution 150: 
1 14
10 8
13 12
14 4
15 18
19 16

Solution 151: 
1 14
13 12
14 4
15 18
19 16
7 10

Solution 152: 
13 12
14 4
15 18
19 16
6 14
7 10

Solution 153: 
14 4
15 18
17 11
19 16
6 14
7 10

Solution 154: 
1 14
14 4
15 18
17 11
19 16
7 10

Solution 155: 
1 14
10 8
14 4
15 18
17 11
19 16

Solution 156: 
10 8
14 4
15 18
17 11
19 16
6 14

Solution 157: 
1 7
10 8
14 4
15 18
17 11
19 16

Solution 158: 
1 7
11 8
14 4
15 18
17 11
19 16

Solution 159: 
1 7
12 9
14 4
15 18
17 11
19 16

Solution 160: 
1 7
14 4
15 18
17 11
19 16
7 10

Solution 161: 
1 7
14 4
15 18
17 11
19 16
7 12

Solution 162: 
1 7
12 11
14 4
15 18
17 11
19 16

Solution 163: 
1 7
12 11
13 15
14 4
15 18
19 16

Solution 164: 
1 7
12 11
14 4
15 18
17 13
19 16

Solution 165: 
1 7
12 11
14 4
15 15
15 18
19 16

Solution 166: 
1 7
14 4
15 15
15 18
19 16
7 12

Solution 167: 
1 7
14 4
15 18
17 13
19 16
7 12

Solution 168: 
1 7
13 15
14 4
15 18
19 16
7 12

Solution 169: 
1 7
13 15
14 4
16 20
19 16
7 12

Solution 170: 
1 7
14 4
16 20
17 13
19 16
7 12

Solution 171: 
1 7
14 4
16 20
17 11
19 16
7 12

Solution 172: 
1 7
12 9
14 4
16 20
17 11
19 16

Solution 173: 
1 7
14 4
16 20
17 11
19 16
7 10

Solution 174: 
1 7
11 8
14 4
16 20
17 11
19 16

Solution 175: 
1 7
12 11
14 4
16 20
17 11
19 16

Solution 176: 
1 7
10 8
14 4
16 20
17 11
19 16

Solution 177: 
1 7
12 11
14 4
16 20
17 13
19 16

Solution 178: 
1 7
12 11
14 4
15 15
16 20
19 16

Solution 179: 
1 7
14 4
15 15
16 20
19 16
7 12

Solution 180: 
1 7
12 11
13 15
14 4
16 20
19 16

Solution 181: 
1 7
12 11
14 4
15 15
19 16
8 18

Solution 182: 
1 7
12 11
14 4
15 15
19 16
8 20

Solution 183: 
1 7
14 4
15 15
19 16
7 12
8 20

Solution 184: 
1 7
14 4
15 15
19 16
7 12
8 18

Solution 185: 
14 4
16 20
17 11
19 16
6 14
7 10

Solution 186: 
10 8
14 4
16 20
17 11
19 16
6 14

Solution 187: 
1 14
10 8
14 4
16 20
17 11
19 16

Solution 188: 
1 14
14 4
16 20
17 11
19 16
7 10

Solution 189: 
1 7
12 11
14 4
16 20
17 13
19 19

Solution 190: 
1 7
12 11
14 4
16 20
17 13
18 19

Solution 191: 
1 7
12 11
14 4
15 15
16 20
18 19

Solution 192: 
1 7
12 11
14 4
15 15
16 20
19 19

Solution 193: 
1 7
14 4
15 15
16 20
19 19
7 12

Solution 194: 
1 7
14 4
15 15
16 20
18 19
7 12

Solution 195: 
1 7
14 4
16 20
17 13
18 19
7 12

Solution 196: 
1 7
14 4
16 20
17 13
19 19
7 12

Solution 197: 
1 7
14 4
16 20
17 13
18 17
7 12

Solution 198: 
1 7
12 11
14 4
16 20
17 13
18 17

Solution 199: 
1 7
12 11
14 4
15 15
16 20
18 17

Solution 200: 
1 7
14 4
15 15
16 20
18 17
7 12

Solution 201: 
1 7
14 4
15 15
18 17
7 12
8 18

Solution 202: 
1 7
14 4
15 15
18 17
7 12
8 20

Solution 203: 
1 7
14 4
15 15
15 18
18 17
7 12

Solution 204: 
1 7
12 11
14 4
15 15
15 18
18 17

Solution 205: 
1 7
12 11
14 4
15 15
18 17
8 18

Solution 206: 
1 7
12 11
14 4
15 15
18 17
8 20

Solution 207: 
1 7
12 11
14 4
15 15
19 19
8 20

Solution 208: 
1 7
12 11
14 4
15 15
18 19
8 20

Solution 209: 
1 7
12 11
14 4
15 15
18 19
8 18

Solution 210: 
1 7
12 11
14 4
15 15
19 19
8 18

Solution 211: 
1 7
12 11
14 4
15 15
15 18
19 19

Solution 212: 
1 7
12 11
14 4
15 15
15 18
18 19

Solution 213: 
1 7
14 4
15 15
15 18
18 19
7 12

Solution 214: 
1 7
14 4
15 15
15 18
19 19
7 12

Solution 215: 
1 7
14 4
15 15
19 19
7 12
8 18

Solution 216: 
1 7
14 4
15 15
18 19
7 12
8 18

Solution 217: 
1 7
14 4
15 15
18 19
7 12
8 20

Solution 218: 
1 7
14 4
15 15
19 19
7 12
8 20

Solution 219: 
1 7
14 4
15 18
17 13
19 19
7 12

Solution 220: 
1 7
14 4
15 18
17 13
18 19
7 12

Solution 221: 
1 7
14 4
15 18
17 13
18 17
7 12

Solution 222: 
1 7
12 11
14 4
15 18
17 13
18 17

Solution 223: 
1 7
12 11
14 4
15 18
17 13
19 19

Solution 224: 
1 7
12 11
14 4
15 18
17 13
18 19

Solution 225: 
1 7
11 5
12 11
15 18
17 13
18 19

Solution 226: 
1 7
11 5
12 11
15 18
17 13
19 19

Solution 227: 
1 7
11 5
12 11
15 18
17 13
18 17

Solution 228: 
1 7
11 5
12 11
15 18
17 13
19 16

Solution 229: 
1 7
11 5
15 18
17 13
19 16
7 12

Solution 230: 
1 7
11 5
15 18
17 13
19 19
7 12

Solution 231: 
1 7
11 5
15 18
17 13
18 19
7 12

Solution 232: 
1 7
11 5
15 18
17 13
18 17
7 12

Solution 233: 
1 7
11 5
16 20
17 13
18 17
7 12

Solution 234: 
1 7
11 5
16 20
17 13
19 16
7 12

Solution 235: 
1 7
11 5
16 20
17 13
19 19
7 12

Solution 236: 
1 7
11 5
16 20
17 13
18 19
7 12

Solution 237: 
1 7
11 5
12 11
16 20
17 13
18 19

Solution 238: 
1 7
11 5
12 11
16 20
17 13
19 19

Solution 239: 
1 7
11 5
12 11
16 20
17 13
18 17

Solution 240: 
1 7
11 5
12 11
16 20
17 13
19 16

Solution 241: 
11 5
12 11
16 20
17 13
19 16
6 10

Solution 242: 
11 5
12 11
16 20
17 13
18 19
6 10

Solution 243: 
11 5
12 11
16 20
17 13
18 17
6 10

Solution 244: 
11 5
12 11
16 20
17 13
19 19
6 10

Solution 245: 
11 5
12 11
13 15
16 20
19 16
6 10

Solution 246: 
11 5
12 11
16 20
17 11
19 16
6 10

Solution 247: 
11 5
12 11
13 12
16 20
19 16
6 10

Solution 248: 
11 5
12 11
15 15
16 20
19 16
6 10

Solution 249: 
11 5
12 11
15 15
16 20
18 19
6 10

Solution 250: 
11 5
12 11
15 15
16 20
19 19
6 10

Solution 251: 
11 5
12 11
15 15
16 20
18 17
6 10

Solution 252: 
11 5
12 9
16 20
17 11
19 16
6 10

Solution 253: 
11 5
11 8
16 20
17 11
19 16
6 10

Solution 254: 
10 8
11 5
16 20
17 11
19 16
6 10

Solution 255: 
11 5
16 20
17 11
19 16
6 10
7 10

Solution 256: 
11 5
13 12
16 20
19 16
6 10
7 10

Solution 257: 
11 5
11 8
13 12
16 20
19 16
6 10

Solution 258: 
11 5
12 9
13 12
16 20
19 16
6 10

Solution 259: 
10 8
11 5
13 12
16 20
19 16
6 10

Solution 260: 
1 7
10 8
11 5
13 12
16 20
19 16

Solution 261: 
10 8
11 5
13 12
16 20
19 16
6 14

Solution 262: 
1 14
10 8
11 5
13 12
16 20
19 16

Solution 263: 
1 14
11 5
13 12
16 20
19 16
7 10

Solution 264: 
11 5
13 12
16 20
19 16
6 14
7 10

Solution 265: 
1 7
11 5
13 12
16 20
19 16
7 10

Solution 266: 
1 7
11 5
12 11
13 12
16 20
19 16

Solution 267: 
1 7
11 5
13 12
16 20
19 16
7 12

Solution 268: 
1 7
11 5
11 8
13 12
16 20
19 16

Solution 269: 
1 7
11 5
12 9
13 12
16 20
19 16

Solution 270: 
1 7
11 5
12 9
16 20
17 11
19 16

Solution 271: 
1 7
10 8
11 5
16 20
17 11
19 16

Solution 272: 
1 7
11 5
16 20
17 11
19 16
7 10

Solution 273: 
1 7
11 5
11 8
16 20
17 11
19 16

Solution 274: 
1 7
11 5
16 20
17 11
19 16
7 12

Solution 275: 
1 7
11 5
13 15
16 20
19 16
7 12

Solution 276: 
1 7
11 5
15 15
16 20
19 16
7 12

Solution 277: 
1 7
11 5
12 11
15 15
16 20
19 16

Solution 278: 
1 7
11 5
12 11
13 15
16 20
19 16

Solution 279: 
1 7
11 5
12 11
16 20
17 11
19 16

Solution 280: 
1 7
11 5
12 11
15 15
16 20
18 19

Solution 281: 
1 7
11 5
12 11
15 15
16 20
19 19

Solution 282: 
1 7
11 5
12 11
15 15
16 20
18 17

Solution 283: 
1 7
11 5
15 15
16 20
18 17
7 12

Solution 284: 
1 7
11 5
15 15
16 20
18 19
7 12

Solution 285: 
1 7
11 5
15 15
16 20
19 19
7 12

Solution 286: 
1 14
10 8
11 5
16 20
17 11
19 16

Solution 287: 
10 8
11 5
16 20
17 11
19 16
6 14

Solution 288: 
11 5
16 20
17 11
19 16
6 14
7 10

Solution 289: 
1 14
11 5
16 20
17 11
19 16
7 10

Solution 290: 
1 14
11 5
15 18
17 11
19 16
7 10

Solution 291: 
1 7
11 5
15 18
17 11
19 16
7 10

Solution 292: 
11 5
15 18
17 11
19 16
6 14
7 10

Solution 293: 
11 5
13 12
15 18
19 16
6 14
7 10

Solution 294: 
1 7
11 5
13 12
15 18
19 16
7 10

Solution 295: 
1 14
11 5
13 12
15 18
19 16
7 10

Solution 296: 
1 14
10 8
11 5
13 12
15 18
19 16

Solution 297: 
1 7
10 8
11 5
13 12
15 18
19 16

Solution 298: 
1 7
11 5
12 9
13 12
15 18
19 16

Solution 299: 
1 7
11 5
11 8
13 12
15 18
19 16

Solution 300: 
10 8
11 5
13 12
15 18
19 16
6 14

Solution 301: 
1 7
11 5
13 12
15 18
19 16
7 12

Solution 302: 
1 7
11 5
12 11
13 12
15 18
19 16

Solution 303: 
1 7
11 5
12 11
13 15
15 18
19 16

Solution 304: 
1 7
11 5
12 11
15 18
17 11
19 16

Solution 305: 
1 7
11 5
12 9
15 18
17 11
19 16

Solution 306: 
1 7
11 5
11 8
15 18
17 11
19 16

Solution 307: 
1 7
11 5
12 11
15 15
15 18
19 16

Solution 308: 
1 7
11 5
15 15
15 18
19 16
7 12

Solution 309: 
1 7
11 5
13 15
15 18
19 16
7 12

Solution 310: 
1 7
11 5
15 15
19 16
7 12
8 18

Solution 311: 
1 7
11 5
15 15
19 16
7 12
8 20

Solution 312: 
1 7
11 5
12 11
15 15
19 16
8 20

Solution 313: 
1 7
11 5
12 11
15 15
19 16
8 18

Solution 314: 
1 7
10 8
11 5
15 18
17 11
19 16

Solution 315: 
1 7
11 5
15 18
17 11
19 16
7 12

Solution 316: 
1 7
11 5
15 15
15 18
19 19
7 12

Solution 317: 
1 7
11 5
15 15
15 18
18 19
7 12

Solution 318: 
1 7
11 5
15 15
15 18
18 17
7 12

Solution 319: 
1 7
11 5
12 11
15 15
15 18
18 17

Solution 320: 
1 7
11 5
12 11
15 15
15 18
19 19

Solution 321: 
1 7
11 5
12 11
15 15
15 18
18 19

Solution 322: 
1 7
11 5
12 11
15 15
18 19
8 18

Solution 323: 
1 7
11 5
12 11
15 15
18 19
8 20

Solution 324: 
1 7
11 5
12 11
15 15
19 19
8 20

Solution 325: 
1 7
11 5
12 11
15 15
18 17
8 20

Solution 326: 
1 7
11 5
12 11
15 15
18 17
8 18

Solution 327: 
1 7
11 5
12 11
15 15
19 19
8 18

Solution 328: 
1 7
11 5
15 15
19 19
7 12
8 18

Solution 329: 
1 7
11 5
15 15
19 19
7 12
8 20

Solution 330: 
1 7
11 5
15 15
18 17
7 12
8 20

Solution 331: 
1 7
11 5
15 15
18 19
7 12
8 20

Solution 332: 
1 7
11 5
15 15
18 19
7 12
8 18

Solution 333: 
1 7
11 5
15 15
18 17
7 12
8 18

Solution 334: 
11 5
12 11
15 15
18 17
6 10
8 18

Solution 335: 
11 5
12 11
15 15
19 19
6 10
8 18

Solution 336: 
11 5
12 11
15 15
18 19
6 10
8 18

Solution 337: 
11 5
12 11
15 15
19 16
6 10
8 18

Solution 338: 
11 5
12 11
15 15
19 16
6 10
8 20

Solution 339: 
11 5
12 11
15 15
19 19
6 10
8 20

Solution 340: 
11 5
12 11
15 15
18 19
6 10
8 20

Solution 341: 
11 5
12 11
15 15
18 17
6 10
8 20

Solution 342: 
10 8
11 5
15 18
17 11
19 16
6 14

Solution 343: 
1 14
10 8
11 5
15 18
17 11
19 16

Solution 344: 
1 7
11 8
15 18
17 11
19 16
2 5

Solution 345: 
1 7
12 9
15 18
17 11
19 16
2 5

Solution 346: 
1 7
12 9
16 20
17 11
19 16
2 5

Solution 347: 
1 7
11 8
16 20
17 11
19 16
2 5

Solution 348: 
11 8
16 20
17 11
19 16
2 5
6 10

Solution 349: 
12 9
16 20
17 11
19 16
2 5
6 10

Solution 350: 
12 9
16 20
17 11
19 16
2 4
6 10

Solution 351: 
1 7
12 9
16 20
17 11
19 16
2 4

Solution 352: 
1 7
12 9
15 18
17 11
19 16
2 4

Solution 353: 
1 7
11 8
15 18
17 11
19 16
2 4

Solution 354: 
1 7
11 8
16 20
17 11
19 16
2 4

Solution 355: 
11 8
16 20
17 11
19 16
2 4
6 10

Solution 356: 
11 8
13 12
16 20
19 16
2 4
6 10

Solution 357: 
12 9
13 12
16 20
19 16
2 4
6 10

Solution 358: 
1 7
12 9
13 12
16 20
19 16
2 4

Solution 359: 
1 7
11 8
13 12
16 20
19 16
2 4

Solution 360: 
1 7
11 8
13 12
15 18
19 16
2 4

Solution 361: 
1 7
12 9
13 12
15 18
19 16
2 4

Solution 362: 
1 7
12 9
13 12
15 18
19 16
2 5

Solution 363: 
1 7
12 9
13 12
16 20
19 16
2 5

Solution 364: 
1 7
11 8
13 12
16 20
19 16
2 5

Solution 365: 
1 7
11 8
13 12
15 18
19 16
2 5

Solution 366: 
11 8
13 12
16 20
19 16
2 5
6 10

Solution 367: 
12 9
13 12
16 20
19 16
2 5
6 10

Number of solutions found: 368

Changes at vertices: 
Change visibility: 11 5
14 5 -> 14 4
----------------------------------
Removal 5: 
Solution 0: 
12 9
16 20
17 11
19 16
6 10

Solution 1: 
11 8
16 20
17 11
19 16
6 10

Solution 2: 
11 8
13 12
16 20
19 16
6 10

Solution 3: 
12 9
13 12
16 20
19 16
6 10

Solution 4: 
12 9
13 12
15 18
19 16
6 10

Solution 5: 
12 9
15 18
17 11
19 16
6 10

Solution 6: 
11 8
15 18
17 11
19 16
6 10

Solution 7: 
11 8
13 12
15 18
19 16
6 10

Solution 8: 
1 7
11 8
13 12
15 18
19 16

Solution 9: 
1 7
12 9
13 12
15 18
19 16

Solution 10: 
1 7
12 9
13 12
16 20
19 16

Solution 11: 
1 7
11 8
13 12
16 20
19 16

Solution 12: 
1 7
11 8
16 20
17 11
19 16

Solution 13: 
1 7
12 9
16 20
17 11
19 16

Solution 14: 
1 7
12 9
15 18
17 11
19 16

Solution 15: 
1 7
11 8
15 18
17 11
19 16

Number of solutions found: 16

Changes at vertices: 
New Vertex: 11 8
14 8 -> 14 5
----------------------------------
Removal 6: 
Solution 0: 
1 14
10 8
13 12
15 18
19 16

Solution 1: 
10 8
13 12
15 18
19 16
6 14

Solution 2: 
10 8
13 12
15 18
19 16
6 10

Solution 3: 
10 8
13 12
16 20
19 16
6 10

Solution 4: 
1 14
10 8
13 12
16 20
19 16

Solution 5: 
10 8
13 12
16 20
19 16
6 14

Solution 6: 
1 7
10 8
13 12
16 20
19 16

Solution 7: 
1 7
10 8
13 12
15 18
19 16

Solution 8: 
1 7
10 8
15 18
17 11
19 16

Solution 9: 
1 7
10 8
16 20
17 11
19 16

Solution 10: 
1 14
10 8
16 20
17 11
19 16

Solution 11: 
10 8
16 20
17 11
19 16
6 10

Solution 12: 
10 8
16 20
17 11
19 16
6 14

Solution 13: 
10 8
15 18
17 11
19 16
6 14

Solution 14: 
1 14
10 8
15 18
17 11
19 16

Solution 15: 
10 8
15 18
17 11
19 16
6 10

Solution 16: 
12 9
15 18
17 11
19 16
6 10

Solution 17: 
12 9
13 12
15 18
19 16
6 10

Solution 18: 
12 9
13 12
16 20
19 16
6 10

Solution 19: 
12 9
16 20
17 11
19 16
6 10

Solution 20: 
1 7
12 9
16 20
17 11
19 16

Solution 21: 
1 7
12 9
13 12
16 20
19 16

Solution 22: 
1 7
12 9
13 12
15 18
19 16

Solution 23: 
1 7
12 9
15 18
17 11
19 16

Number of solutions found: 24

Changes at vertices: 
19 17 -> 19 19
New Vertex: 18 17
----------------------------------
Removal 7: 
Solution 0: 
1 14
10 8
15 15
7 12
8 18

Solution 1: 
10 8
15 15
6 10
7 12
8 18

Solution 2: 
10 8
15 15
6 14
7 12
8 18

Solution 3: 
12 9
15 15
6 10
7 12
8 18

Solution 4: 
14 9
15 15
6 10
7 12
8 18

Solution 5: 
14 8
15 15
6 10
7 12
8 18

Solution 6: 
14 8
15 15
16 20
6 10
7 12

Solution 7: 
14 8
15 15
15 18
6 10
7 12

Solution 8: 
14 9
15 15
15 18
6 10
7 12

Solution 9: 
12 9
15 15
15 18
6 10
7 12

Solution 10: 
10 8
15 15
15 18
6 10
7 12

Solution 11: 
1 14
10 8
15 15
15 18
7 12

Solution 12: 
10 8
15 15
15 18
6 14
7 12

Solution 13: 
1 7
10 8
15 15
15 18
7 12

Solution 14: 
1 7
10 8
15 15
7 12
8 20

Solution 15: 
1 7
10 8
15 15
16 20
7 12

Solution 16: 
1 7
10 8
15 15
7 12
8 18

Solution 17: 
1 14
10 8
15 15
7 12
8 20

Solution 18: 
10 8
15 15
6 14
7 12
8 20

Solution 19: 
10 8
15 15
6 10
7 12
8 20

Solution 20: 
10 8
15 15
16 20
6 10
7 12

Solution 21: 
1 14
10 8
15 15
16 20
7 12

Solution 22: 
10 8
15 15
16 20
6 14
7 12

Solution 23: 
12 9
15 15
16 20
6 10
7 12

Solution 24: 
14 9
15 15
16 20
6 10
7 12

Solution 25: 
1 7
14 9
15 15
16 20
7 12

Solution 26: 
1 7
12 9
15 15
16 20
7 12

Solution 27: 
1 7
14 8
15 15
16 20
7 12

Solution 28: 
1 7
14 8
15 15
15 18
7 12

Solution 29: 
1 7
14 8
15 15
7 12
8 18

Solution 30: 
1 7
14 8
15 15
7 12
8 20

Solution 31: 
1 7
14 9
15 15
7 12
8 20

Solution 32: 
1 7
12 9
15 15
7 12
8 20

Solution 33: 
12 9
15 15
6 10
7 12
8 20

Solution 34: 
14 9
15 15
6 10
7 12
8 20

Solution 35: 
1 7
14 9
15 15
7 12
8 18

Solution 36: 
1 7
12 9
15 15
7 12
8 18

Solution 37: 
14 8
15 15
6 10
7 12
8 20

Solution 38: 
1 7
12 9
15 15
15 18
7 12

Solution 39: 
1 7
14 9
15 15
15 18
7 12

Solution 40: 
1 7
14 9
15 18
17 13
7 12

Solution 41: 
1 7
14 9
16 20
17 13
7 12

Solution 42: 
1 7
14 8
16 20
17 13
7 12

Solution 43: 
1 7
12 9
16 20
17 13
7 12

Solution 44: 
1 7
10 8
16 20
17 13
7 12

Solution 45: 
1 7
10 8
15 18
17 13
7 12

Solution 46: 
1 7
12 9
15 18
17 13
7 12

Solution 47: 
1 7
14 8
15 18
17 13
7 12

Solution 48: 
14 8
15 18
17 13
6 10
7 12

Solution 49: 
14 8
16 20
17 13
6 10
7 12

Solution 50: 
14 9
16 20
17 13
6 10
7 12

Solution 51: 
12 9
16 20
17 13
6 10
7 12

Solution 52: 
12 9
15 18
17 13
6 10
7 12

Solution 53: 
10 8
15 18
17 13
6 10
7 12

Solution 54: 
14 9
15 18
17 13
6 10
7 12

Solution 55: 
10 8
16 20
17 13
6 10
7 12

Solution 56: 
10 8
16 20
17 13
6 14
7 12

Solution 57: 
1 14
10 8
16 20
17 13
7 12

Solution 58: 
1 14
10 8
15 18
17 13
7 12

Solution 59: 
10 8
15 18
17 13
6 14
7 12

Solution 60: 
10 8
12 11
15 18
17 13
6 14

Solution 61: 
10 8
12 11
15 18
17 13
6 10

Solution 62: 
1 7
10 8
12 11
15 18
17 13

Solution 63: 
1 7
12 11
14 8
15 18
17 13

Solution 64: 
12 11
14 8
15 18
17 13
6 10

Solution 65: 
12 11
14 9
15 18
17 13
6 10

Solution 66: 
12 11
12 9
15 18
17 13
6 10

Solution 67: 
12 9
13 12
15 18
17 13
6 10

Solution 68: 
12 9
15 18
17 11
17 13
6 10

Solution 69: 
10 8
15 18
17 11
17 13
6 10

Solution 70: 
10 8
13 12
15 18
17 13
6 10

Solution 71: 
10 8
13 12
15 18
17 13
6 14

Solution 72: 
1 14
10 8
13 12
15 18
17 13

Solution 73: 
1 7
10 8
13 12
15 18
17 13

Solution 74: 
1 7
10 8
15 18
17 11
17 13

Solution 75: 
10 8
15 18
17 11
17 13
6 14

Solution 76: 
1 14
10 8
15 18
17 11
17 13

Solution 77: 
1 14
10 8
12 11
15 18
17 13

Solution 78: 
1 7
12 11
14 9
15 18
17 13

Solution 79: 
1 7
12 11
12 9
15 18
17 13

Solution 80: 
1 7
12 9
13 12
15 18
17 13

Solution 81: 
1 7
12 9
15 18
17 11
17 13

Solution 82: 
1 7
12 9
15 18
17 11
19 16

Solution 83: 
1 7
12 9
15 15
15 18
17 11

Solution 84: 
12 9
15 15
15 18
17 11
6 10

Solution 85: 
12 9
15 18
17 11
19 16
6 10

Solution 86: 
10 8
15 18
17 11
19 16
6 10

Solution 87: 
10 8
15 15
15 18
17 11
6 10

Solution 88: 
1 7
10 8
15 15
15 18
17 11

Solution 89: 
1 14
10 8
15 15
15 18
17 11

Solution 90: 
10 8
15 15
15 18
17 11
6 14

Solution 91: 
10 8
15 18
17 11
19 16
6 14

Solution 92: 
1 14
10 8
15 18
17 11
19 16

Solution 93: 
1 7
10 8
15 18
17 11
19 16

Solution 94: 
1 7
10 8
13 12
15 18
19 16

Solution 95: 
1 7
12 9
13 12
15 18
19 16

Solution 96: 
1 7
12 9
13 12
15 15
15 18

Solution 97: 
1 7
10 8
13 12
15 15
15 18

Solution 98: 
1 7
10 8
12 11
15 15
15 18

Solution 99: 
1 7
12 11
14 8
15 15
15 18

Solution 100: 
1 7
12 11
14 9
15 15
15 18

Solution 101: 
1 7
12 11
12 9
15 15
15 18

Solution 102: 
12 11
12 9
15 15
15 18
6 10

Solution 103: 
12 11
14 8
15 15
15 18
6 10

Solution 104: 
12 11
14 9
15 15
15 18
6 10

Solution 105: 
10 8
12 11
15 15
15 18
6 10

Solution 106: 
10 8
12 11
15 15
15 18
6 14

Solution 107: 
1 14
10 8
12 11
15 15
15 18

Solution 108: 
1 14
10 8
13 12
15 15
15 18

Solution 109: 
10 8
13 12
15 15
15 18
6 14

Solution 110: 
10 8
13 12
15 18
19 16
6 14

Solution 111: 
1 14
10 8
13 12
15 18
19 16

Solution 112: 
10 8
13 12
15 18
19 16
6 10

Solution 113: 
12 9
13 12
15 18
19 16
6 10

Solution 114: 
12 9
13 12
15 15
15 18
6 10

Solution 115: 
10 8
13 12
15 15
15 18
6 10

Solution 116: 
10 8
13 12
15 15
6 10
8 18

Solution 117: 
10 8
13 12
15 15
6 10
8 20

Solution 118: 
10 8
13 12
15 15
16 20
6 10

Solution 119: 
10 8
13 12
16 20
19 16
6 10

Solution 120: 
10 8
13 12
16 20
17 13
6 10

Solution 121: 
12 9
13 12
16 20
17 13
6 10

Solution 122: 
12 9
13 12
16 20
19 16
6 10

Solution 123: 
12 9
13 12
15 15
16 20
6 10

Solution 124: 
12 9
13 12
15 15
6 10
8 20

Solution 125: 
12 9
13 12
15 15
6 10
8 18

Solution 126: 
1 7
12 9
13 12
15 15
8 18

Solution 127: 
1 7
12 9
13 12
15 15
8 20

Solution 128: 
1 7
12 9
13 12
15 15
16 20

Solution 129: 
1 7
10 8
13 12
15 15
16 20

Solution 130: 
10 8
13 12
15 15
16 20
6 14

Solution 131: 
1 14
10 8
13 12
15 15
16 20

Solution 132: 
1 14
10 8
13 12
15 15
8 18

Solution 133: 
1 14
10 8
13 12
15 15
8 20

Solution 134: 
1 7
10 8
13 12
15 15
8 20

Solution 135: 
10 8
13 12
15 15
6 14
8 20

Solution 136: 
10 8
13 12
15 15
6 14
8 18

Solution 137: 
1 7
10 8
13 12
15 15
8 18

Solution 138: 
1 7
10 8
13 12
16 20
19 16

Solution 139: 
1 7
10 8
13 12
16 20
17 13

Solution 140: 
10 8
13 12
16 20
17 13
6 14

Solution 141: 
1 14
10 8
13 12
16 20
17 13

Solution 142: 
1 14
10 8
13 12
16 20
19 16

Solution 143: 
10 8
13 12
16 20
19 16
6 14

Solution 144: 
1 7
12 9
13 12
16 20
19 16

Solution 145: 
1 7
12 9
13 12
16 20
17 13

Solution 146: 
1 7
12 9
16 20
17 11
17 13

Solution 147: 
1 7
12 9
15 15
16 20
17 11

Solution 148: 
1 7
12 9
16 20
17 11
19 16

Solution 149: 
1 7
12 11
12 9
15 15
16 20

Solution 150: 
1 7
12 11
12 9
16 20
17 13

Solution 151: 
1 7
12 11
14 8
16 20
17 13

Solution 152: 
1 7
10 8
12 11
16 20
17 13

Solution 153: 
1 7
12 11
14 9
16 20
17 13

Solution 154: 
1 7
10 8
16 20
17 11
17 13

Solution 155: 
1 7
10 8
16 20
17 11
19 16

Solution 156: 
1 7
10 8
15 15
16 20
17 11

Solution 157: 
1 7
10 8
12 11
15 15
16 20

Solution 158: 
1 7
12 11
14 8
15 15
16 20

Solution 159: 
1 7
12 11
14 9
15 15
16 20

Solution 160: 
1 7
12 11
14 9
15 15
8 18

Solution 161: 
1 7
12 11
14 9
15 15
8 20

Solution 162: 
1 7
10 8
12 11
15 15
8 20

Solution 163: 
1 7
12 11
12 9
15 15
8 20

Solution 164: 
1 7
12 11
12 9
15 15
8 18

Solution 165: 
1 7
10 8
12 11
15 15
8 18

Solution 166: 
1 7
12 11
14 8
15 15
8 18

Solution 167: 
1 7
12 11
14 8
15 15
8 20

Solution 168: 
1 7
12 9
15 15
17 11
8 20

Solution 169: 
1 7
10 8
15 15
17 11
8 20

Solution 170: 
1 7
10 8
15 15
17 11
8 18

Solution 171: 
1 7
12 9
15 15
17 11
8 18

Solution 172: 
12 9
15 15
17 11
6 10
8 18

Solution 173: 
12 9
15 15
16 20
17 11
6 10

Solution 174: 
12 9
15 15
17 11
6 10
8 20

Solution 175: 
10 8
15 15
17 11
6 10
8 20

Solution 176: 
10 8
15 15
16 20
17 11
6 10

Solution 177: 
10 8
15 15
17 11
6 10
8 18

Solution 178: 
10 8
15 15
17 11
6 14
8 18

Solution 179: 
1 14
10 8
15 15
17 11
8 18

Solution 180: 
1 14
10 8
15 15
17 11
8 20

Solution 181: 
1 14
10 8
15 15
16 20
17 11

Solution 182: 
10 8
15 15
16 20
17 11
6 14

Solution 183: 
10 8
15 15
17 11
6 14
8 20

Solution 184: 
10 8
16 20
17 11
19 16
6 14

Solution 185: 
10 8
16 20
17 11
17 13
6 14

Solution 186: 
1 14
10 8
16 20
17 11
17 13

Solution 187: 
10 8
16 20
17 11
17 13
6 10

Solution 188: 
10 8
16 20
17 11
19 16
6 10

Solution 189: 
1 14
10 8
16 20
17 11
19 16

Solution 190: 
12 9
16 20
17 11
19 16
6 10

Solution 191: 
12 9
16 20
17 11
17 13
6 10

Solution 192: 
12 11
12 9
16 20
17 13
6 10

Solution 193: 
12 11
12 9
15 15
16 20
6 10

Solution 194: 
12 11
12 9
15 15
6 10
8 18

Solution 195: 
12 11
12 9
15 15
6 10
8 20

Solution 196: 
12 11
14 9
15 15
6 10
8 20

Solution 197: 
12 11
14 8
15 15
6 10
8 20

Solution 198: 
12 11
14 8
15 15
6 10
8 18

Solution 199: 
12 11
14 9
15 15
6 10
8 18

Solution 200: 
12 11
14 9
15 15
16 20
6 10

Solution 201: 
12 11
14 8
15 15
16 20
6 10

Solution 202: 
12 11
14 8
16 20
17 13
6 10

Solution 203: 
10 8
12 11
16 20
17 13
6 10

Solution 204: 
12 11
14 9
16 20
17 13
6 10

Solution 205: 
10 8
12 11
16 20
17 13
6 14

Solution 206: 
1 14
10 8
12 11
16 20
17 13

Solution 207: 
1 14
10 8
12 11
15 15
16 20

Solution 208: 
10 8
12 11
15 15
16 20
6 14

Solution 209: 
10 8
12 11
15 15
16 20
6 10

Solution 210: 
10 8
12 11
15 15
6 10
8 18

Solution 211: 
10 8
12 11
15 15
6 10
8 20

Solution 212: 
1 14
10 8
12 11
15 15
8 20

Solution 213: 
10 8
12 11
15 15
6 14
8 20

Solution 214: 
10 8
12 11
15 15
6 14
8 18

Solution 215: 
1 14
10 8
12 11
15 15
8 18

Number of solutions found: 216

Changes at vertices: 
16 18 -> 16 20
Change visibility: 15 18
----------------------------------
Removal 8: 
Solution 0: 
1 14
10 8
15 15
7 12

Solution 1: 
10 8
15 15
6 10
7 12

Solution 2: 
10 8
15 15
6 14
7 12

Solution 3: 
12 9
15 15
6 10
7 12

Solution 4: 
14 8
15 15
6 10
7 12

Solution 5: 
14 9
15 15
6 10
7 12

Solution 6: 
1 7
14 9
15 15
7 12

Solution 7: 
1 7
14 8
15 15
7 12

Solution 8: 
1 7
12 9
15 15
7 12

Solution 9: 
1 7
10 8
15 15
7 12

Solution 10: 
1 7
10 8
12 11
15 15

Solution 11: 
1 7
10 8
13 12
15 15

Solution 12: 
1 7
10 8
15 15
17 11

Solution 13: 
1 7
12 9
15 15
17 11

Solution 14: 
1 7
12 9
13 12
15 15

Solution 15: 
1 7
12 11
12 9
15 15

Solution 16: 
1 7
12 11
14 8
15 15

Solution 17: 
1 7
12 11
14 9
15 15

Solution 18: 
12 11
14 9
15 15
6 10

Solution 19: 
12 11
14 8
15 15
6 10

Solution 20: 
12 11
12 9
15 15
6 10

Solution 21: 
12 9
13 12
15 15
6 10

Solution 22: 
12 9
15 15
17 11
6 10

Solution 23: 
10 8
15 15
17 11
6 10

Solution 24: 
10 8
13 12
15 15
6 10

Solution 25: 
1 14
10 8
13 12
15 15

Solution 26: 
10 8
13 12
15 15
6 14

Solution 27: 
10 8
15 15
17 11
6 14

Solution 28: 
10 8
12 11
15 15
6 14

Solution 29: 
1 14
10 8
12 11
15 15

Solution 30: 
10 8
12 11
15 15
6 10

Solution 31: 
1 14
10 8
15 15
17 11

Number of solutions found: 32

Changes at vertices: 
New Vertex: 16 17
15 17 -> 15 18
----------------------------------
Removal 9: 
Solution 0: 
1 14
10 8
15 15
7 12

Solution 1: 
10 8
15 15
6 10
7 12

Solution 2: 
10 8
15 15
6 14
7 12

Solution 3: 
12 9
15 15
6 10
7 12

Solution 4: 
14 8
15 15
6 10
7 12

Solution 5: 
14 9
15 15
6 10
7 12

Solution 6: 
14 9
17 13
6 10
7 12

Solution 7: 
1 7
14 9
17 13
7 12

Solution 8: 
1 7
14 9
15 15
7 12

Solution 9: 
1 7
14 8
15 15
7 12

Solution 10: 
1 7
12 9
15 15
7 12

Solution 11: 
1 7
10 8
15 15
7 12

Solution 12: 
1 7
10 8
17 13
7 12

Solution 13: 
1 7
14 8
17 13
7 12

Solution 14: 
1 7
12 9
17 13
7 12

Solution 15: 
12 9
17 13
6 10
7 12

Solution 16: 
14 8
17 13
6 10
7 12

Solution 17: 
10 8
17 13
6 10
7 12

Solution 18: 
10 8
17 13
6 14
7 12

Solution 19: 
1 14
10 8
17 13
7 12

Solution 20: 
1 14
10 8
12 11
17 13

Solution 21: 
1 14
10 8
13 12
17 13

Solution 22: 
1 14
10 8
13 12
19 16

Solution 23: 
1 14
10 8
13 12
15 15

Solution 24: 
1 14
10 8
12 11
15 15

Solution 25: 
1 14
10 8
15 15
17 11

Solution 26: 
1 14
10 8
17 11
19 16

Solution 27: 
1 14
10 8
17 11
17 13

Solution 28: 
10 8
17 11
17 13
6 14

Solution 29: 
1 7
10 8
17 11
17 13

Solution 30: 
10 8
17 11
17 13
6 10

Solution 31: 
10 8
17 11
19 16
6 10

Solution 32: 
10 8
15 15
17 11
6 10

Solution 33: 
1 7
10 8
15 15
17 11

Solution 34: 
10 8
15 15
17 11
6 14

Solution 35: 
10 8
17 11
19 16
6 14

Solution 36: 
1 7
10 8
17 11
19 16

Solution 37: 
1 7
10 8
13 12
19 16

Solution 38: 
10 8
13 12
19 16
6 10

Solution 39: 
10 8
13 12
19 16
6 14

Solution 40: 
10 8
13 12
17 13
6 14

Solution 41: 
10 8
13 12
17 13
6 10

Solution 42: 
1 7
10 8
13 12
17 13

Solution 43: 
1 7
10 8
13 12
15 15

Solution 44: 
10 8
13 12
15 15
6 10

Solution 45: 
10 8
13 12
15 15
6 14

Solution 46: 
10 8
12 11
15 15
6 14

Solution 47: 
10 8
12 11
15 15
6 10

Solution 48: 
1 7
10 8
12 11
15 15

Solution 49: 
1 7
10 8
12 11
17 13

Solution 50: 
10 8
12 11
17 13
6 10

Solution 51: 
10 8
12 11
17 13
6 14

Solution 52: 
12 11
14 9
17 13
6 10

Solution 53: 
12 11
14 8
17 13
6 10

Solution 54: 
1 7
12 11
14 8
17 13

Solution 55: 
1 7
12 11
14 9
17 13

Solution 56: 
1 7
12 11
12 9
17 13

Solution 57: 
12 11
12 9
17 13
6 10

Solution 58: 
12 9
17 11
17 13
6 10

Solution 59: 
12 9
13 12
17 13
6 10

Solution 60: 
1 7
12 9
13 12
17 13

Solution 61: 
1 7
12 9
17 11
17 13

Solution 62: 
1 7
12 9
17 11
19 16

Solution 63: 
1 7
12 9
15 15
17 11

Solution 64: 
12 9
15 15
17 11
6 10

Solution 65: 
12 9
17 11
19 16
6 10

Solution 66: 
12 9
13 12
19 16
6 10

Solution 67: 
1 7
12 9
13 12
19 16

Solution 68: 
1 7
12 9
13 12
15 15

Solution 69: 
1 7
12 11
12 9
15 15

Solution 70: 
12 11
12 9
15 15
6 10

Solution 71: 
12 9
13 12
15 15
6 10

Solution 72: 
12 11
14 9
15 15
6 10

Solution 73: 
12 11
14 8
15 15
6 10

Solution 74: 
1 7
12 11
14 8
15 15

Solution 75: 
1 7
12 11
14 9
15 15

Number of solutions found: 76

Changes at vertices: 
New Vertex: 19 16
15 16 -> 15 17
----------------------------------
Removal 10: 
Solution 0: 
1 14
10 8
15 15
7 12

Solution 1: 
10 8
15 15
6 10
7 12

Solution 2: 
10 8
15 15
6 14
7 12

Solution 3: 
12 9
15 15
6 10
7 12

Solution 4: 
14 8
15 15
6 10
7 12

Solution 5: 
14 9
15 15
6 10
7 12

Solution 6: 
14 9
17 13
6 10
7 12

Solution 7: 
1 7
14 9
17 13
7 12

Solution 8: 
1 7
14 8
17 13
7 12

Solution 9: 
1 7
12 9
17 13
7 12

Solution 10: 
1 7
12 9
15 15
7 12

Solution 11: 
1 7
14 8
15 15
7 12

Solution 12: 
1 7
14 9
15 15
7 12

Solution 13: 
1 7
10 8
15 15
7 12

Solution 14: 
1 7
10 8
17 13
7 12

Solution 15: 
1 14
10 8
17 13
7 12

Solution 16: 
10 8
17 13
6 10
7 12

Solution 17: 
10 8
17 13
6 14
7 12

Solution 18: 
14 8
17 13
6 10
7 12

Solution 19: 
12 9
17 13
6 10
7 12

Solution 20: 
12 11
12 9
17 13
6 10

Solution 21: 
12 11
14 8
17 13
6 10

Solution 22: 
12 11
14 9
17 13
6 10

Solution 23: 
1 7
12 11
14 9
17 13

Solution 24: 
1 7
12 11
14 8
17 13

Solution 25: 
1 7
12 11
12 9
17 13

Solution 26: 
1 7
12 9
17 11
17 13

Solution 27: 
1 7
12 9
13 12
17 13

Solution 28: 
12 9
13 12
17 13
6 10

Solution 29: 
12 9
17 11
17 13
6 10

Solution 30: 
10 8
17 11
17 13
6 10

Solution 31: 
10 8
13 12
17 13
6 10

Solution 32: 
1 14
10 8
13 12
17 13

Solution 33: 
1 14
10 8
17 11
17 13

Solution 34: 
10 8
17 11
17 13
6 14

Solution 35: 
1 7
10 8
17 11
17 13

Solution 36: 
1 7
10 8
13 12
17 13

Solution 37: 
10 8
13 12
17 13
6 14

Solution 38: 
10 8
12 11
17 13
6 14

Solution 39: 
1 7
10 8
12 11
17 13

Solution 40: 
10 8
12 11
17 13
6 10

Solution 41: 
1 14
10 8
12 11
17 13

Solution 42: 
1 14
10 8
12 11
15 15

Solution 43: 
10 8
12 11
15 15
6 14

Solution 44: 
10 8
12 11
15 15
6 10

Solution 45: 
1 7
10 8
12 11
15 15

Solution 46: 
1 7
12 11
14 8
15 15

Solution 47: 
12 11
14 8
15 15
6 10

Solution 48: 
12 11
12 9
15 15
6 10

Solution 49: 
1 7
12 11
12 9
15 15

Solution 50: 
1 7
12 11
14 9
15 15

Solution 51: 
12 11
14 9
15 15
6 10

Solution 52: 
12 9
15 15
17 11
6 10

Solution 53: 
12 9
15 16
17 11
6 10

Solution 54: 
12 9
17 11
20 16
6 10

Solution 55: 
12 9
13 12
20 16
6 10

Solution 56: 
12 9
13 12
15 16
6 10

Solution 57: 
12 9
13 12
15 15
6 10

Solution 58: 
10 8
13 12
15 15
6 10

Solution 59: 
10 8
13 12
20 16
6 10

Solution 60: 
10 8
13 12
15 16
6 10

Solution 61: 
10 8
13 12
20 13
6 10

Solution 62: 
10 8
17 11
20 13
6 10

Solution 63: 
10 8
17 11
20 16
6 10

Solution 64: 
10 8
15 16
17 11
6 10

Solution 65: 
10 8
15 15
17 11
6 10

Solution 66: 
12 9
17 11
20 13
6 10

Solution 67: 
12 9
13 12
20 13
6 10

Solution 68: 
1 7
12 9
13 12
20 13

Solution 69: 
1 7
12 9
17 11
20 13

Solution 70: 
1 7
12 9
17 11
20 16

Solution 71: 
1 7
12 9
15 16
17 11

Solution 72: 
1 7
12 9
15 15
17 11

Solution 73: 
1 7
12 9
13 12
15 15

Solution 74: 
1 7
12 9
13 12
20 16

Solution 75: 
1 7
12 9
13 12
15 16

Solution 76: 
1 7
10 8
13 12
15 16

Solution 77: 
10 8
13 12
15 16
6 14

Solution 78: 
1 14
10 8
13 12
15 16

Solution 79: 
1 14
10 8
13 12
20 13

Solution 80: 
1 14
10 8
13 12
20 16

Solution 81: 
1 14
10 8
13 12
15 15

Solution 82: 
10 8
13 12
15 15
6 14

Solution 83: 
1 7
10 8
13 12
15 15

Solution 84: 
1 7
10 8
13 12
20 13

Solution 85: 
1 7
10 8
13 12
20 16

Solution 86: 
10 8
13 12
20 16
6 14

Solution 87: 
10 8
13 12
20 13
6 14

Solution 88: 
10 8
17 11
20 13
6 14

Solution 89: 
10 8
15 16
17 11
6 14

Solution 90: 
10 8
17 11
20 16
6 14

Solution 91: 
10 8
15 15
17 11
6 14

Solution 92: 
1 7
10 8
15 15
17 11

Solution 93: 
1 14
10 8
15 15
17 11

Solution 94: 
1 14
10 8
15 16
17 11

Solution 95: 
1 14
10 8
17 11
20 16

Solution 96: 
1 14
10 8
17 11
20 13

Solution 97: 
1 7
10 8
17 11
20 13

Solution 98: 
1 7
10 8
15 16
17 11

Solution 99: 
1 7
10 8
17 11
20 16

Number of solutions found: 100

Changes at vertices: 
20 15 -> 20 16
New Vertex: 15 15
----------------------------------
Removal 11: 
Solution 0: 
1 14
10 8
13 15
7 12

Solution 1: 
10 8
13 15
6 10
7 12

Solution 2: 
10 8
13 15
6 14
7 12

Solution 3: 
12 9
13 15
6 10
7 12

Solution 4: 
13 15
14 9
6 10
7 12

Solution 5: 
13 15
14 8
6 10
7 12

Solution 6: 
14 8
17 13
6 10
7 12

Solution 7: 
14 9
17 13
6 10
7 12

Solution 8: 
12 9
17 13
6 10
7 12

Solution 9: 
10 8
17 13
6 10
7 12

Solution 10: 
10 8
12 11
17 13
6 10

Solution 11: 
10 8
17 11
17 13
6 10

Solution 12: 
10 8
13 12
17 13
6 10

Solution 13: 
10 8
13 12
20 15
6 10

Solution 14: 
10 8
13 12
20 13
6 10

Solution 15: 
10 8
17 11
20 13
6 10

Solution 16: 
10 8
17 11
20 15
6 10

Solution 17: 
1 14
10 8
17 11
20 15

Solution 18: 
1 7
10 8
17 11
20 15

Solution 19: 
1 7
10 8
17 11
20 13

Solution 20: 
1 14
10 8
17 11
20 13

Solution 21: 
1 14
10 8
13 12
20 13

Solution 22: 
1 7
10 8
13 12
20 13

Solution 23: 
10 8
13 12
20 13
6 14

Solution 24: 
10 8
17 11
20 13
6 14

Solution 25: 
10 8
17 11
20 15
6 14

Solution 26: 
10 8
17 11
17 13
6 14

Solution 27: 
1 7
10 8
17 11
17 13

Solution 28: 
1 14
10 8
17 11
17 13

Solution 29: 
1 14
10 8
17 13
7 12

Solution 30: 
1 7
10 8
17 13
7 12

Solution 31: 
1 7
10 8
12 11
17 13

Solution 32: 
1 14
10 8
12 11
17 13

Solution 33: 
1 14
10 8
13 12
17 13

Solution 34: 
1 7
10 8
13 12
17 13

Solution 35: 
10 8
13 12
17 13
6 14

Solution 36: 
10 8
17 13
6 14
7 12

Solution 37: 
10 8
12 11
17 13
6 14

Solution 38: 
10 8
12 11
13 15
6 14

Solution 39: 
1 14
10 8
12 11
13 15

Solution 40: 
1 7
10 8
12 11
13 15

Solution 41: 
10 8
12 11
13 15
6 10

Solution 42: 
1 7
10 8
13 15
7 12

Solution 43: 
1 7
10 8
13 15
17 11

Solution 44: 
1 14
10 8
13 15
17 11

Solution 45: 
10 8
13 15
17 11
6 10

Solution 46: 
10 8
13 15
17 11
6 14

Solution 47: 
10 8
13 12
13 15
6 14

Solution 48: 
1 14
10 8
13 12
13 15

Solution 49: 
10 8
13 12
13 15
6 10

Solution 50: 
1 7
10 8
13 12
13 15

Solution 51: 
1 7
10 8
13 12
20 15

Solution 52: 
1 14
10 8
13 12
20 15

Solution 53: 
10 8
13 12
20 15
6 14

Solution 54: 
12 9
13 12
20 15
6 10

Solution 55: 
1 7
12 9
13 12
20 15

Solution 56: 
1 7
12 9
13 12
20 13

Solution 57: 
1 7
12 9
13 12
17 13

Solution 58: 
1 7
12 9
13 12
13 15

Solution 59: 
12 9
13 12
13 15
6 10

Solution 60: 
12 9
13 12
20 13
6 10

Solution 61: 
12 9
13 12
17 13
6 10

Solution 62: 
12 9
17 11
17 13
6 10

Solution 63: 
12 9
17 11
20 15
6 10

Solution 64: 
12 9
17 11
20 13
6 10

Solution 65: 
12 11
12 9
17 13
6 10

Solution 66: 
1 7
12 11
12 9
17 13

Solution 67: 
1 7
12 9
17 13
7 12

Solution 68: 
1 7
12 9
17 11
17 13

Solution 69: 
1 7
12 9
17 11
20 15

Solution 70: 
1 7
12 9
17 11
20 13

Solution 71: 
1 7
12 9
13 15
17 11

Solution 72: 
1 7
12 9
13 15
7 12

Solution 73: 
1 7
12 11
12 9
13 15

Solution 74: 
12 11
12 9
13 15
6 10

Solution 75: 
12 9
13 15
17 11
6 10

Solution 76: 
12 11
13 15
14 8
6 10

Solution 77: 
1 7
12 11
13 15
14 8

Solution 78: 
1 7
13 15
14 8
7 12

Solution 79: 
1 7
13 15
14 9
7 12

Solution 80: 
1 7
12 11
13 15
14 9

Solution 81: 
12 11
13 15
14 9
6 10

Solution 82: 
12 11
14 9
17 13
6 10

Solution 83: 
12 11
14 8
17 13
6 10

Solution 84: 
1 7
12 11
14 8
17 13

Solution 85: 
1 7
12 11
14 9
17 13

Solution 86: 
1 7
14 9
17 13
7 12

Solution 87: 
1 7
14 8
17 13
7 12

Number of solutions found: 88

Changes at vertices: 
Change visibility: 17 13
13 13 -> 13 15
----------------------------------
Removal 12: 
Solution 0: 
1 14
10 8
13 12

Solution 1: 
10 8
13 12
6 10

Solution 2: 
10 8
13 12
6 14

Solution 3: 
12 9
13 12
6 10

Solution 4: 
12 9
17 11
6 10

Solution 5: 
10 8
17 11
6 10

Solution 6: 
10 8
17 11
6 14

Solution 7: 
1 7
10 8
17 11

Solution 8: 
1 14
10 8
17 11

Solution 9: 
1 7
10 8
13 12

Solution 10: 
1 7
12 9
13 12

Solution 11: 
1 7
12 9
17 11

Number of solutions found: 12

Changes at vertices: 
17 12 -> 17 13
New Vertex: 13 12
----------------------------------
Removal 13: 
Solution 0: 
1 14
10 8
7 12

Solution 1: 
10 8
6 10
7 12

Solution 2: 
10 8
6 14
7 12

Solution 3: 
12 9
6 10
7 12

Solution 4: 
14 9
6 10
7 12

Solution 5: 
14 8
6 10
7 12

Solution 6: 
12 11
14 8
6 10

Solution 7: 
12 11
14 9
6 10

Solution 8: 
12 11
12 9
6 10

Solution 9: 
10 8
12 11
6 10

Solution 10: 
10 8
12 11
6 14

Solution 11: 
1 7
10 8
12 11

Solution 12: 
1 14
10 8
12 11

Solution 13: 
1 7
12 11
12 9

Solution 14: 
1 7
12 11
14 8

Solution 15: 
1 7
12 11
14 9

Solution 16: 
1 7
14 9
7 12

Solution 17: 
1 7
12 9
7 12

Solution 18: 
1 7
12 9
17 11

Solution 19: 
1 7
12 9
17 12

Solution 20: 
1 7
10 8
17 12

Solution 21: 
1 7
10 8
17 11

Solution 22: 
1 7
10 8
7 12

Solution 23: 
1 7
14 8
7 12

Solution 24: 
12 9
17 12
6 10

Solution 25: 
12 9
17 11
6 10

Solution 26: 
10 8
17 11
6 10

Solution 27: 
10 8
17 12
6 10

Solution 28: 
1 14
10 8
17 12

Solution 29: 
10 8
17 12
6 14

Solution 30: 
10 8
17 11
6 14

Solution 31: 
1 14
10 8
17 11

Number of solutions found: 32

Changes at vertices: 
Change visibility: 12 11
7 11 -> 7 12
----------------------------------
Removal 14: 
Solution 0: 
1 14
10 8

Solution 1: 
10 8
6 10

Solution 2: 
10 8
6 14

Solution 3: 
12 9
6 10

Solution 4: 
1 7
12 9

Solution 5: 
1 7
10 8

Number of solutions found: 6

Changes at vertices: 
12 10 -> 12 11
New Vertex: 7 10
----------------------------------
Removal 15: 
Solution 0: 
1 14
10 8

Solution 1: 
10 8
6 10

Solution 2: 
10 8
6 14

Solution 3: 
12 9
6 10

Solution 4: 
14 8
6 10

Solution 5: 
14 9
6 10

Solution 6: 
1 7
12 9

Solution 7: 
1 7
10 8

Number of solutions found: 8

Changes at vertices: 
New Vertex: 6 10
1 10 -> 1 14
----------------------------------
Removal 16: 
Solution 0: 
10 8

Number of solutions found: 1

Changes at vertices: 
New Vertex: 12 9
1 9 -> 1 10
----------------------------------
Removal 17: 
Solution 0: 
10 8

Solution 1: 
1 9

Number of solutions found: 2

Changes at vertices: 
Change visibility: 10 8
1 8 -> 1 9
----------------------------------
Removal 18: 
Solution 0: 
1 8

Solution 1: 
10 7

Solution 2: 
10 8

Solution 3: 
1 7

Number of solutions found: 4

