382
151 1
151 2
129 2
129 4
132 4
132 5
150 5
150 6
115 6
115 7
175 7
175 8
148 8
148 10
156 10
156 11
22 11
22 30
16 30
16 31
14 31
14 37
36 37
36 39
49 39
49 35
84 35
84 52
66 52
66 50
50 50
50 51
39 51
39 53
90 53
90 55
15 55
15 59
41 59
41 60
18 60
18 90
8 90
8 93
1 93
1 96
2 96
2 99
5 99
5 162
4 162
4 169
3 169
3 186
12 186
12 177
11 177
11 174
9 174
9 158
6 158
6 149
7 149
7 108
10 108
10 91
19 91
19 92
24 92
24 71
37 71
37 73
26 73
26 81
38 81
38 70
48 70
48 67
55 67
55 85
59 85
59 76
62 76
62 106
61 106
61 121
67 121
67 148
64 148
64 136
57 136
57 132
52 132
52 152
47 152
47 147
45 147
45 144
43 144
43 181
51 181
51 190
54 190
54 175
75 175
75 184
81 184
81 188
87 188
87 191
76 191
76 194
83 194
83 195
86 195
86 198
91 198
91 187
99 187
99 185
111 185
111 196
114 196
114 197
110 197
110 200
113 200
113 199
121 199
121 193
116 193
116 192
146 192
146 180
168 180
168 183
169 183
169 168
195 168
195 164
198 164
198 163
200 163
200 150
199 150
199 140
197 140
197 153
196 153
196 137
194 137
194 143
193 143
193 166
180 166
180 167
159 167
159 171
133 171
133 178
152 178
152 179
120 179
120 173
119 173
119 189
112 189
112 161
149 161
149 159
136 159
136 151
122 151
122 133
158 133
158 123
160 123
160 138
163 138
163 119
181 119
181 118
166 118
166 117
172 117
172 115
155 115
155 110
153 110
153 131
138 131
138 88
145 88
145 77
143 77
143 78
140 78
140 75
157 75
157 86
164 86
164 83
187 83
187 105
191 105
191 107
192 107
192 100
190 100
190 104
189 104
189 102
188 102
188 82
176 82
176 80
165 80
165 79
162 79
162 84
161 84
161 68
139 68
139 72
134 72
134 64
144 64
144 63
126 63
126 74
128 74
128 94
130 94
130 97
124 97
124 103
123 103
123 109
137 109
137 122
135 122
135 127
125 127
125 125
118 125
118 146
109 146
109 182
97 182
97 172
104 172
104 176
108 176
108 155
107 155
107 154
72 154
72 139
73 139
73 126
102 126
102 130
100 130
100 141
96 141
96 134
89 134
89 129
82 129
82 142
88 142
88 145
103 145
103 135
105 135
105 124
70 124
70 120
80 120
80 116
101 116
101 114
98 114
98 111
92 111
92 113
85 113
85 101
78 101
78 98
77 98
77 95
74 95
74 112
69 112
69 128
71 128
71 160
79 160
79 157
95 157
95 170
63 170
63 165
58 165
58 156
68 156
68 66
30 66
30 69
25 69
25 65
34 65
34 61
44 61
44 58
21 58
21 56
94 56
94 54
93 54
93 34
40 34
40 32
23 32
23 25
31 25
31 29
42 29
42 26
117 26
117 24
53 24
53 18
46 18
46 23
32 23
32 14
56 14
56 15
60 15
60 17
106 17
106 12
131 12
131 33
141 33
141 40
127 40
127 45
142 45
142 47
147 47
147 19
154 19
154 13
170 13
170 21
167 21
167 22
171 22
171 27
178 27
178 20
179 20
179 16
184 16
184 28
182 28
182 36
174 36
174 38
183 38
183 57
185 57
185 62
186 62
186 9
177 9
177 3
173 3
173 1
