164
85 5
85 52
89 52
89 118
83 118
83 201
84 201
84 130
88 130
88 184
87 184
87 223
78 223
78 196
79 196
79 25
47 25
47 30
2 30
2 36
1 36
1 44
22 44
22 45
12 45
12 60
27 60
27 156
25 156
25 95
21 95
21 113
20 113
20 162
15 162
15 153
16 153
16 131
14 131
14 98
9 98
9 134
13 134
13 164
10 164
10 176
8 176
8 182
5 182
5 193
6 193
6 195
11 195
11 199
19 199
19 172
17 172
17 167
23 167
23 174
24 174
24 209
18 209
18 212
26 212
26 230
33 230
33 229
34 229
34 207
35 207
35 160
31 160
31 80
32 80
32 120
36 120
36 139
41 139
41 175
40 175
40 189
38 189
38 228
43 228
43 231
44 231
44 246
45 246
45 185
46 185
46 173
42 173
42 59
29 59
29 133
30 133
30 140
28 140
28 58
39 58
39 53
37 53
37 39
3 39
3 32
59 32
59 27
60 27
60 26
72 26
72 37
75 37
75 85
71 85
71 63
67 63
67 69
63 69
63 78
61 78
61 136
62 136
62 222
64 222
64 123
74 123
74 163
65 163
65 183
68 183
68 219
66 219
66 249
54 249
54 226
53 226
53 248
51 248
51 206
49 206
49 211
48 211
48 213
50 213
50 250
69 250
69 245
70 245
70 179
73 179
73 171
76 171
76 146
77 146
77 239
82 239
82 238
90 238
90 12
91 12
91 13
92 13
92 5
