308
86 2
86 4
85 4
85 52
89 52
89 118
83 118
83 201
84 201
84 130
88 130
88 184
87 184
87 223
78 223
78 196
79 196
79 25
47 25
47 30
2 30
2 36
1 36
1 44
22 44
22 45
12 45
12 60
27 60
27 156
25 156
25 95
21 95
21 113
20 113
20 162
15 162
15 153
16 153
16 131
14 131
14 98
9 98
9 134
13 134
13 164
10 164
10 176
8 176
8 182
5 182
5 193
6 193
6 195
11 195
11 199
19 199
19 172
17 172
17 167
23 167
23 174
24 174
24 209
18 209
18 212
26 212
26 230
33 230
33 229
34 229
34 207
35 207
35 160
31 160
31 80
32 80
32 120
36 120
36 139
41 139
41 175
40 175
40 189
38 189
38 228
43 228
43 231
44 231
44 246
45 246
45 185
46 185
46 173
42 173
42 59
29 59
29 133
30 133
30 140
28 140
28 58
39 58
39 53
37 53
37 39
3 39
3 32
59 32
59 27
60 27
60 26
72 26
72 37
75 37
75 85
71 85
71 63
67 63
67 69
63 69
63 78
61 78
61 136
62 136
62 222
64 222
64 123
74 123
74 163
65 163
65 183
68 183
68 219
66 219
66 249
54 249
54 226
53 226
53 248
51 248
51 206
49 206
49 211
48 211
48 213
50 213
50 250
69 250
69 245
70 245
70 179
73 179
73 171
76 171
76 146
77 146
77 239
82 239
82 238
90 238
90 12
91 12
91 91
93 91
93 13
92 13
92 5
143 5
143 42
148 42
148 54
146 54
146 46
124 46
124 57
123 57
123 79
112 79
112 75
119 75
119 23
121 23
121 9
116 9
116 35
115 35
115 34
111 34
111 11
108 11
108 61
106 61
106 56
98 56
98 68
107 68
107 65
110 65
110 71
97 71
97 72
109 72
109 81
114 81
114 111
113 111
113 114
122 114
122 106
125 106
125 105
128 105
128 125
132 125
132 119
130 119
130 116
144 116
144 103
127 103
127 49
136 49
136 66
145 66
145 129
133 129
133 142
117 142
117 149
120 149
120 144
126 144
126 178
105 178
105 159
96 159
96 132
94 132
94 143
95 143
95 197
99 197
99 180
137 180
137 220
135 220
135 198
129 198
129 217
102 217
102 227
101 227
101 214
100 214
100 232
104 232
104 225
103 225
103 221
138 221
138 203
140 203
140 210
141 210
141 161
142 161
142 158
139 158
139 157
131 157
131 155
134 155
134 138
147 138
147 89
149 89
149 70
153 70
153 50
152 50
152 3
155 3
155 64
156 64
156 82
154 82
154 97
157 97
157 147
162 147
162 151
150 151
150 191
171 191
171 170
168 170
168 141
158 141
158 137
177 137
177 135
166 135
166 128
160 128
160 6
159 6
159 2
