96
49 1
49 2
41 2
41 7
37 7
37 6
32 6
32 8
4 8
4 11
5 11
5 18
7 18
7 37
2 37
2 45
1 45
1 47
9 47
9 48
25 48
25 50
27 50
27 44
19 44
19 46
6 46
6 43
24 43
24 41
23 41
23 26
26 26
26 35
28 35
28 34
29 34
29 31
30 31
30 28
34 28
34 49
35 49
35 30
43 30
43 24
44 24
44 27
47 27
47 29
46 29
46 32
48 32
48 23
42 23
42 16
40 16
40 25
39 25
39 17
38 17
38 19
36 19
36 20
33 20
33 15
21 15
21 12
20 12
20 21
22 21
22 38
18 38
18 13
17 13
17 33
16 33
16 42
15 42
15 36
14 36
14 40
11 40
11 22
10 22
10 39
8 39
8 14
13 14
13 10
12 10
12 9
45 9
45 4
50 4
50 1
