922
102 1
102 8
103 8
103 19
188 19
188 21
189 21
189 23
213 23
213 24
191 24
191 30
206 30
206 27
216 27
216 35
214 35
214 61
221 61
221 68
169 68
169 64
192 64
192 59
187 59
187 44
185 44
185 48
86 48
86 34
71 34
71 50
110 50
110 54
111 54
111 52
147 52
147 49
179 49
179 56
166 56
166 72
170 72
170 73
112 73
112 71
109 71
109 75
43 75
43 39
42 39
42 111
41 111
41 63
37 63
37 65
34 65
34 110
31 110
31 119
50 119
50 122
125 122
125 140
122 140
122 187
108 187
108 199
99 199
99 157
88 157
88 194
21 194
21 195
89 195
89 192
94 192
94 189
95 189
95 162
91 162
91 160
97 160
97 300
39 300
39 301
75 301
75 306
92 306
92 317
143 317
143 327
100 327
100 332
120 332
120 328
145 328
145 410
135 410
135 395
126 395
126 360
129 360
129 352
54 352
54 357
1 357
1 500
2 500
2 405
4 405
4 404
3 404
3 362
66 362
66 356
80 356
80 354
115 354
115 361
96 361
96 365
98 365
98 363
118 363
118 389
60 389
60 384
62 384
62 383
63 383
63 364
44 364
44 376
33 376
33 377
32 377
32 439
6 439
6 442
45 442
45 367
47 367
47 449
67 449
67 450
68 450
68 453
10 453
10 488
5 488
5 492
38 492
38 487
29 487
29 459
15 459
15 456
35 456
35 455
64 455
64 462
72 462
72 440
51 440
51 447
49 447
49 370
57 370
57 396
56 396
56 401
58 401
58 402
124 402
124 424
148 424
148 305
106 305
106 303
127 303
127 298
130 298
130 276
116 276
116 275
136 275
136 267
113 267
113 270
107 270
107 287
101 287
101 238
114 238
114 259
123 259
123 167
137 167
137 191
138 191
138 151
132 151
132 130
141 130
141 158
152 158
152 171
157 171
157 173
155 173
155 253
149 253
149 353
153 353
153 291
150 291
150 255
156 255
156 268
160 268
160 251
164 251
164 202
158 202
158 163
159 163
159 135
154 135
154 154
144 154
144 132
161 132
161 117
117 117
117 120
81 120
81 109
70 109
70 116
46 116
46 108
48 108
48 86
52 86
52 107
69 107
69 90
83 90
83 105
85 105
85 83
93 83
93 87
128 87
128 85
121 85
121 82
104 82
104 80
146 80
146 88
142 88
142 96
105 96
105 102
119 102
119 103
204 103
204 125
200 125
200 118
195 118
195 113
171 113
171 114
165 114
165 127
168 127
168 134
167 134
167 286
293 286
293 280
298 280
298 288
351 288
351 285
446 285
446 290
366 290
366 289
359 289
359 293
458 293
458 295
465 295
465 294
459 294
459 269
476 269
476 335
480 335
480 351
482 351
482 302
483 302
483 296
481 296
481 274
486 274
486 249
491 249
491 272
495 272
495 321
490 321
490 359
492 359
492 340
496 340
496 334
497 334
497 467
487 467
487 403
488 403
488 368
479 368
479 398
474 398
474 346
471 346
471 433
464 433
464 431
432 431
432 425
421 425
421 423
399 423
399 420
395 420
395 426
372 426
372 418
433 418
433 406
456 406
456 399
392 399
392 392
460 392
460 408
466 408
466 411
469 411
469 387
409 387
409 391
350 391
350 400
402 400
402 407
329 407
329 409
431 409
431 417
328 417
328 415
313 415
313 414
315 414
315 412
311 412
311 428
309 428
309 470
294 470
294 466
301 466
301 457
291 457
291 458
290 458
290 468
287 468
287 465
281 465
281 478
265 478
265 476
270 476
270 463
286 463
286 382
284 382
284 337
278 337
278 348
275 348
275 331
305 331
305 341
322 341
322 369
292 369
292 375
306 375
306 380
288 380
288 419
289 419
289 386
447 386
447 378
453 378
453 342
420 342
420 333
413 333
413 345
423 345
423 366
439 366
439 373
400 373
400 379
442 379
442 381
434 381
434 385
330 385
330 355
341 355
341 322
331 322
331 320
326 320
326 326
325 326
325 329
255 329
255 319
300 319
300 318
242 318
242 315
248 315
248 314
249 314
249 313
342 313
342 309
307 309
307 304
268 304
268 307
279 307
279 310
339 310
339 312
303 312
303 311
241 311
241 324
254 324
254 344
256 344
256 336
257 336
257 374
260 374
260 394
244 394
244 372
239 372
239 397
231 397
231 390
215 390
215 429
228 429
228 445
220 445
220 461
227 461
227 480
202 480
202 483
193 483
193 485
198 485
198 484
238 484
238 441
233 441
233 436
229 436
229 416
218 416
218 413
267 413
267 330
273 330
273 358
283 358
283 460
261 460
261 469
253 469
253 451
252 451
252 473
243 473
243 474
245 474
245 477
259 477
259 481
295 481
295 482
321 482
321 448
314 448
314 422
370 422
370 432
382 432
382 427
397 427
397 435
360 435
360 446
384 446
384 443
385 443
385 452
396 452
396 475
401 475
401 479
410 479
410 454
405 454
405 430
424 430
424 444
428 444
428 464
412 464
412 486
425 486
425 471
429 471
429 437
443 437
443 434
475 434
475 421
477 421
477 438
478 438
478 491
436 491
436 490
343 490
343 493
414 493
414 494
388 494
388 495
417 495
417 496
373 496
373 497
408 497
408 499
437 499
437 498
489 498
489 472
493 472
493 489
498 489
498 339
499 339
499 222
485 222
485 232
484 232
484 252
473 252
473 263
472 263
472 266
463 266
463 264
427 264
427 262
452 262
452 152
451 152
451 161
450 161
450 224
448 224
448 260
441 260
441 257
430 257
430 247
435 247
435 245
398 245
398 244
404 244
404 243
440 243
440 231
419 231
419 242
383 242
383 229
390 229
390 225
391 225
391 217
386 217
386 215
378 215
378 223
365 223
365 216
363 216
363 226
371 226
371 234
377 234
377 240
348 240
348 218
345 218
345 233
340 233
340 211
362 211
362 210
369 210
369 212
426 212
426 172
403 172
403 142
393 142
393 175
387 175
387 145
381 145
381 159
380 159
380 66
406 66
406 60
445 60
445 58
438 58
438 47
449 47
449 57
461 57
461 74
462 74
462 77
467 77
467 139
468 139
468 36
444 36
444 45
407 45
407 42
394 42
394 29
470 29
470 31
500 31
500 28
494 28
494 26
364 26
364 22
357 22
357 33
376 33
376 38
375 38
375 144
374 144
374 55
367 55
367 148
379 148
379 183
336 183
336 178
355 178
355 176
335 176
335 153
347 153
347 138
354 138
354 104
349 104
349 115
346 115
346 129
344 129
344 146
333 146
333 170
332 170
332 186
415 186
415 193
422 193
422 209
358 209
358 207
353 207
353 201
304 201
304 184
308 184
308 188
312 188
312 198
323 198
323 147
320 147
320 180
318 180
318 143
316 143
316 150
302 150
302 165
297 165
297 206
299 206
299 204
327 204
327 213
317 213
317 220
296 220
296 227
319 227
319 230
334 230
334 203
338 203
338 235
324 235
324 241
368 241
368 246
356 246
356 250
352 250
352 256
416 256
416 258
361 258
361 261
418 261
418 265
457 265
457 292
455 292
455 279
454 279
454 281
337 281
337 282
389 282
389 283
411 283
411 284
310 284
310 278
269 278
269 277
173 277
173 179
172 179
172 137
180 137
180 126
181 126
181 181
176 181
176 185
178 185
178 254
183 254
183 123
190 123
190 124
199 124
199 174
197 174
197 214
201 214
201 205
209 205
209 164
203 164
203 156
207 156
207 106
210 106
210 100
217 100
217 155
225 155
225 149
224 149
224 141
232 141
232 99
177 99
177 98
230 98
230 97
151 97
151 94
236 94
236 93
184 93
184 91
205 91
205 89
237 89
237 20
235 20
235 53
234 53
234 81
196 81
196 79
65 79
65 78
74 78
74 76
194 76
194 70
223 70
223 43
222 43
222 14
240 14
240 12
246 12
246 25
247 25
247 40
264 40
264 51
271 51
271 69
262 69
262 95
274 95
274 128
266 128
266 133
263 133
263 166
272 166
272 136
280 136
280 131
285 131
285 92
282 92
282 101
277 101
277 37
276 37
276 32
250 32
250 16
251 16
251 11
258 11
258 9
212 9
212 6
219 6
219 5
226 5
226 4
211 4
211 2
208 2
208 15
186 15
186 18
162 18
162 17
163 17
163 13
182 13
182 7
175 7
175 10
140 10
140 3
174 3
174 1
