280
186 168
186 175
188 175
188 177
182 177
182 169
185 169
185 156
179 156
179 103
90 103
90 126
89 126
89 143
86 143
86 145
78 145
78 119
65 119
65 125
57 125
57 130
50 130
50 127
40 127
40 128
9 128
9 121
28 121
28 117
51 117
51 116
25 116
25 120
10 120
10 96
7 96
7 98
4 98
4 131
11 131
11 129
42 129
42 133
13 133
13 136
36 136
36 140
43 140
43 139
70 139
70 153
69 153
69 193
61 193
61 196
68 196
68 200
72 200
72 186
73 186
73 185
71 185
71 162
74 162
74 173
75 173
75 146
79 146
79 205
3 205
3 215
1 215
1 216
6 216
6 211
31 211
31 210
63 210
63 206
84 206
84 207
123 207
123 209
125 209
125 213
138 213
138 212
159 212
159 203
166 203
166 214
168 214
168 189
167 189
167 202
151 202
151 208
145 208
145 190
132 190
132 197
130 197
130 198
104 198
104 204
80 204
80 152
94 152
94 159
93 159
93 157
81 157
81 192
82 192
82 161
87 161
87 166
96 166
96 179
97 179
97 154
95 154
95 142
92 142
92 137
102 137
102 132
108 132
108 149
106 149
106 174
105 174
105 184
141 184
141 181
109 181
109 167
116 167
116 158
127 158
127 170
131 170
131 172
161 172
161 178
162 178
162 171
164 171
164 160
128 160
128 155
137 155
137 151
121 151
121 147
117 147
117 150
114 150
114 135
111 135
111 118
101 118
101 105
112 105
112 108
124 108
124 110
133 110
133 106
163 106
163 114
174 114
174 191
172 191
172 194
169 194
169 199
176 199
176 122
177 122
177 217
140 217
140 218
17 218
17 220
52 220
52 219
171 219
171 228
155 228
155 226
165 226
165 221
160 221
160 225
113 225
113 227
22 227
22 223
48 223
48 224
56 224
56 222
16 222
16 231
83 231
83 240
66 240
66 242
35 242
35 234
23 234
23 239
18 239
18 248
30 248
30 250
41 250
41 249
44 249
44 247
20 247
20 243
33 243
33 238
34 238
34 244
47 244
47 246
62 246
62 245
77 245
77 241
85 241
85 229
91 229
91 230
120 230
120 233
99 233
99 237
122 237
122 236
175 236
175 235
129 235
129 232
181 232
181 195
178 195
178 180
197 180
197 188
250 188
250 187
200 187
200 183
214 183
214 182
202 182
202 138
210 138
210 95
206 95
206 71
207 71
207 56
213 56
213 55
204 55
204 75
205 75
205 87
203 87
203 101
208 101
208 107
198 107
198 168
