124
89 126
89 143
86 143
86 145
78 145
78 119
65 119
65 125
57 125
57 130
50 130
50 127
40 127
40 128
9 128
9 121
28 121
28 117
51 117
51 116
25 116
25 120
10 120
10 96
7 96
7 98
4 98
4 131
11 131
11 129
42 129
42 133
13 133
13 136
36 136
36 140
43 140
43 139
70 139
70 153
69 153
69 193
61 193
61 196
68 196
68 200
72 200
72 186
73 186
73 185
71 185
71 162
74 162
74 173
75 173
75 146
79 146
79 205
3 205
3 215
1 215
1 216
6 216
6 211
31 211
31 210
63 210
63 206
84 206
84 207
123 207
123 209
125 209
125 213
138 213
138 212
159 212
159 203
166 203
166 214
168 214
168 189
167 189
167 202
151 202
151 208
145 208
145 190
132 190
132 197
130 197
130 198
104 198
104 204
80 204
80 152
94 152
94 159
93 159
93 157
81 157
81 192
82 192
82 161
87 161
87 166
96 166
96 179
97 179
97 154
95 154
95 142
92 142
92 137
102 137
102 132
108 132
108 149
106 149
106 150
114 150
114 135
111 135
111 126
