166
71 2
71 16
53 16
53 18
7 18
7 17
5 17
5 67
6 67
6 31
8 31
8 34
10 34
10 39
12 39
12 26
11 26
11 21
26 21
26 23
69 23
69 27
67 27
67 37
68 37
68 85
73 85
73 42
74 42
74 97
75 97
75 134
64 134
64 129
15 129
15 175
14 175
14 135
3 135
3 121
1 121
1 130
2 130
2 145
13 145
13 191
21 191
21 197
29 197
29 201
30 201
30 193
47 193
47 188
17 188
17 187
41 187
41 186
57 186
57 185
23 185
23 181
39 181
39 183
60 183
60 182
87 182
87 179
62 179
62 180
33 180
33 166
31 166
31 170
24 170
24 178
16 178
16 140
19 140
19 139
20 139
20 144
22 144
22 131
61 131
61 138
80 138
80 65
79 65
79 46
78 46
78 68
76 68
76 38
72 38
72 73
70 73
70 19
77 19
77 3
81 3
81 40
83 40
83 36
84 36
84 62
89 62
89 55
88 55
88 30
86 30
86 28
85 28
85 14
82 14
82 5
117 5
117 8
95 8
95 54
91 54
91 101
108 101
108 106
110 106
110 118
135 118
135 149
155 149
155 159
196 159
196 158
161 158
161 152
165 152
165 151
169 151
169 150
156 150
156 148
149 148
149 146
140 146
140 142
144 142
144 114
133 114
133 105
122 105
122 103
111 103
111 100
93 100
93 77
97 77
97 76
92 76
92 60
96 60
96 10
104 10
104 9
119 9
119 6
118 6
118 2
