76
67 27
67 37
68 37
68 85
73 85
73 42
74 42
74 97
75 97
75 134
64 134
64 129
15 129
15 175
14 175
14 135
3 135
3 121
1 121
1 130
2 130
2 145
13 145
13 191
21 191
21 197
29 197
29 201
30 201
30 193
47 193
47 188
17 188
17 187
41 187
41 186
57 186
57 185
23 185
23 181
39 181
39 183
60 183
60 182
87 182
87 179
62 179
62 180
33 180
33 166
31 166
31 170
24 170
24 178
16 178
16 140
19 140
19 139
20 139
20 144
22 144
22 131
61 131
61 138
80 138
80 65
79 65
79 46
78 46
78 68
76 68
76 38
72 38
72 73
70 73
70 27
