194
6 1
6 18
7 18
7 20
8 20
8 25
12 25
12 22
20 22
20 10
30 10
30 37
27 37
27 26
13 26
13 30
25 30
25 38
31 38
31 41
23 41
23 40
5 40
5 42
40 42
40 36
47 36
47 34
49 34
49 28
43 28
43 24
38 24
38 15
58 15
58 21
60 21
60 11
69 11
69 8
77 8
77 27
75 27
75 39
78 39
78 13
80 13
80 33
98 33
98 44
97 44
97 47
94 47
94 43
55 43
55 46
76 46
76 51
65 51
65 49
57 49
57 54
62 54
62 52
63 52
63 56
28 56
28 57
72 57
72 63
64 63
64 61
1 61
1 62
35 62
35 66
61 66
61 67
66 67
66 65
68 65
68 73
67 73
67 98
54 98
54 91
51 91
51 79
56 79
56 77
41 77
41 76
24 76
24 75
15 75
15 68
4 68
4 71
9 71
9 81
16 81
16 85
21 85
21 80
44 80
44 82
33 82
33 84
46 84
46 89
26 89
26 87
17 87
17 86
14 86
14 93
50 93
50 92
53 92
53 94
37 94
37 95
48 95
48 96
22 96
22 97
2 97
2 99
3 99
3 100
70 100
70 74
82 74
82 88
83 88
83 83
85 83
85 90
88 90
88 78
90 78
90 64
92 64
92 59
87 59
87 72
86 72
86 70
71 70
71 69
74 69
74 60
73 60
73 55
79 55
79 45
89 45
89 53
95 53
95 50
99 50
99 48
100 48
100 31
84 31
84 19
81 19
81 7
93 7
93 3
59 3
59 2
45 2
45 4
42 4
42 14
36 14
36 29
39 29
39 32
32 32
32 17
34 17
34 5
29 5
29 6
19 6
19 9
11 9
11 12
18 12
18 16
10 16
10 1
