162
96 127
96 113
87 113
87 96
57 96
57 139
41 139
41 146
53 146
53 150
54 150
54 153
31 153
31 176
12 176
12 203
10 203
10 200
6 200
6 182
3 182
3 138
1 138
1 155
2 155
2 184
4 184
4 211
17 211
17 213
13 213
13 215
5 215
5 220
14 220
14 217
20 217
20 214
24 214
24 210
23 210
23 206
15 206
15 179
27 179
27 191
34 191
34 159
38 159
38 154
73 154
73 151
74 151
74 156
77 156
77 157
78 157
78 114
75 114
75 129
71 129
71 133
61 133
61 100
68 100
68 97
86 97
86 147
88 147
88 244
85 244
85 195
64 195
64 183
80 183
80 173
69 173
69 167
63 167
63 162
52 162
52 172
50 172
50 166
47 166
47 204
44 204
44 221
43 221
43 222
39 222
39 225
32 225
32 224
18 224
18 229
35 229
35 231
36 231
36 230
42 230
42 243
33 243
33 249
28 249
28 242
26 242
26 250
45 250
45 216
48 216
48 199
49 199
49 175
60 175
60 196
59 196
59 201
84 201
84 247
83 247
83 248
91 248
91 245
89 245
89 180
93 180
93 126
92 126
92 118
95 118
95 134
98 134
98 130
116 130
116 131
120 131
120 132
121 132
121 165
119 165
119 177
112 177
112 226
106 226
106 223
105 223
105 227
103 227
103 246
104 246
104 228
117 228
117 234
185 234
185 237
195 237
195 233
123 233
123 128
101 128
101 127
