180
8 13
8 11
1 11
1 14
74 14
74 20
137 20
137 21
150 21
150 26
107 26
107 30
104 30
104 29
81 29
81 35
91 35
91 32
97 32
97 31
136 31
136 28
149 28
149 53
148 53
148 39
73 39
73 38
52 38
52 91
51 91
51 160
50 160
50 125
44 125
44 158
43 158
43 139
40 139
40 126
36 126
36 27
41 27
41 37
69 37
69 36
67 36
67 24
49 24
49 23
22 23
22 25
4 25
4 22
3 22
3 34
5 34
5 33
32 33
32 105
29 105
29 170
30 170
30 117
33 117
33 188
34 188
34 111
35 111
35 186
39 186
39 189
47 189
47 175
45 175
45 168
48 168
48 190
70 190
70 187
90 187
90 210
84 210
84 200
76 200
76 214
79 214
79 215
80 215
80 212
82 212
82 234
83 234
83 236
86 236
86 245
89 245
89 229
98 229
98 242
100 242
100 273
38 273
38 274
19 274
19 306
12 306
12 298
10 298
10 299
9 299
9 355
11 355
11 362
6 362
6 363
7 363
7 384
13 384
13 368
15 368
15 375
23 375
23 433
25 433
25 331
21 331
21 307
27 307
27 281
28 281
28 279
66 279
66 275
101 275
101 272
105 272
105 261
103 261
103 248
113 248
113 246
111 246
111 211
110 211
110 209
116 209
116 199
112 199
112 191
95 191
95 183
88 183
88 180
59 180
59 176
61 176
61 162
53 162
53 150
54 150
54 86
55 86
55 40
139 40
139 60
151 60
151 46
155 46
155 41
158 41
158 19
77 19
77 17
157 17
157 16
125 16
125 15
108 15
108 13
