118
114 128
114 127
91 127
91 117
99 117
99 103
101 103
101 101
98 101
98 90
106 90
106 78
111 78
111 74
120 74
120 72
63 72
63 71
72 71
72 61
65 61
65 47
4 47
4 66
7 66
7 77
11 77
11 97
8 97
8 105
12 105
12 85
13 85
13 119
6 119
6 115
1 115
1 122
10 122
10 125
9 125
9 135
14 135
14 118
15 118
15 57
5 57
5 48
17 48
17 50
32 50
32 54
38 54
38 49
64 49
64 63
59 63
59 65
53 65
53 64
42 64
42 68
55 68
55 73
80 73
80 81
78 81
78 76
52 76
52 79
27 79
27 67
16 67
16 150
19 150
19 124
20 124
20 116
28 116
28 123
30 123
30 114
26 114
26 99
29 99
29 96
33 96
33 109
36 109
36 107
41 107
41 100
40 100
40 89
35 89
35 80
58 80
58 82
77 82
77 86
83 86
83 92
67 92
67 94
86 94
86 75
96 75
96 106
73 106
73 98
69 98
69 131
70 131
70 113
79 113
79 111
87 111
87 128
