292
354 212
354 209
331 209
331 205
386 205
386 93
390 93
390 20
328 20
328 15
34 15
34 33
3 33
3 42
1 42
1 46
31 46
31 45
35 45
35 25
52 25
52 26
115 26
115 16
125 16
125 17
289 17
289 21
381 21
381 44
383 44
383 103
382 103
382 189
372 189
372 201
278 201
278 210
266 210
266 200
227 200
227 235
151 235
151 247
158 247
158 313
138 313
138 302
128 302
128 217
139 217
139 226
143 226
143 192
132 192
132 177
144 177
144 164
147 164
147 160
120 160
120 79
193 79
193 82
171 82
171 90
181 90
181 87
186 87
186 96
192 96
192 107
172 107
172 100
162 100
162 128
163 128
163 153
164 153
164 138
178 138
178 140
184 140
184 109
213 109
213 127
217 127
217 61
38 61
38 63
81 63
81 84
76 84
76 64
58 64
58 122
55 122
55 99
43 99
43 112
42 112
42 124
56 124
56 172
48 172
48 215
44 215
44 271
41 271
41 273
37 273
37 308
47 308
47 295
49 295
49 408
30 408
30 386
27 386
27 450
13 450
13 300
18 300
18 288
19 288
19 285
24 285
24 223
16 223
16 233
20 233
20 277
9 277
9 132
8 132
8 95
6 95
6 47
5 47
5 265
4 265
4 310
7 310
7 454
28 454
28 504
22 504
22 551
23 551
23 645
21 645
21 581
12 581
12 748
11 748
11 753
10 753
10 814
2 814
2 870
14 870
14 860
17 860
17 739
15 739
15 668
25 668
25 562
26 562
26 506
29 506
29 550
33 550
33 527
32 527
32 409
50 409
50 372
73 372
73 427
53 427
53 428
66 428
66 435
71 435
71 436
75 436
75 400
82 400
82 459
99 459
99 463
102 463
102 432
89 432
89 429
92 429
92 411
109 411
109 495
90 495
90 566
86 566
86 536
72 536
72 538
70 538
70 520
68 520
68 744
64 744
64 750
63 750
63 810
61 810
61 815
51 815
51 813
46 813
46 790
36 790
36 840
40 840
40 826
39 826
39 825
69 825
69 587
84 587
84 745
85 745
85 718
91 718
91 518
94 518
94 591
98 591
98 655
95 655
95 859
146 859
146 849
108 849
108 836
101 836
101 529
104 529
104 521
105 521
105 816
107 816
107 746
110 746
110 293
83 293
83 383
77 383
77 365
54 365
54 299
57 299
57 143
60 143
60 117
65 117
65 108
103 108
103 83
93 83
93 68
113 68
113 62
156 62
156 69
174 69
174 72
153 72
153 74
114 74
114 178
127 178
127 238
123 238
123 317
167 317
167 250
169 250
169 240
242 240
242 203
258 203
258 212
