1844
620 579
620 577
622 577
622 542
606 542
606 540
618 540
618 499
598 499
598 791
576 791
576 781
558 781
558 780
553 780
553 765
549 765
549 652
547 652
547 541
480 541
480 682
466 682
466 727
467 727
467 736
456 736
456 749
396 749
396 848
419 848
419 877
432 877
432 882
437 882
437 883
395 883
395 945
398 945
398 1008
416 1008
416 992
423 992
423 1105
433 1105
433 1132
454 1132
454 1141
410 1141
410 1137
401 1137
401 1150
408 1150
408 1146
415 1146
415 1174
446 1174
446 1183
418 1183
418 1191
500 1191
500 1213
378 1213
378 1211
376 1211
376 1197
199 1197
199 1195
176 1195
176 1185
170 1185
170 1076
205 1076
205 1081
360 1081
360 1064
359 1064
359 1023
249 1023
249 997
231 997
231 991
237 991
237 888
281 888
281 887
293 887
293 875
290 875
290 868
274 868
274 811
166 811
166 793
185 793
185 786
145 786
145 768
141 768
141 735
136 735
136 691
137 691
137 658
140 658
140 458
133 458
133 377
149 377
149 376
191 376
191 354
230 354
230 366
379 366
379 272
374 272
374 216
350 216
350 213
321 213
321 212
354 212
354 209
331 209
331 205
386 205
386 93
390 93
390 20
328 20
328 15
34 15
34 33
3 33
3 42
1 42
1 46
31 46
31 45
35 45
35 25
52 25
52 26
115 26
115 16
125 16
125 17
289 17
289 21
381 21
381 44
383 44
383 103
382 103
382 189
372 189
372 201
278 201
278 210
266 210
266 200
227 200
227 235
151 235
151 247
158 247
158 313
138 313
138 302
128 302
128 217
139 217
139 226
143 226
143 192
132 192
132 177
144 177
144 164
147 164
147 160
120 160
120 79
193 79
193 82
171 82
171 90
181 90
181 87
186 87
186 96
192 96
192 107
172 107
172 100
162 100
162 128
163 128
163 153
164 153
164 138
178 138
178 140
184 140
184 109
213 109
213 127
217 127
217 58
214 58
214 57
111 57
111 55
100 55
100 54
45 54
45 61
38 61
38 63
81 63
81 84
76 84
76 64
58 64
58 122
55 122
55 99
43 99
43 112
42 112
42 124
56 124
56 172
48 172
48 215
44 215
44 271
41 271
41 273
37 273
37 308
47 308
47 295
49 295
49 408
30 408
30 386
27 386
27 450
13 450
13 300
18 300
18 288
19 288
19 285
24 285
24 223
16 223
16 233
20 233
20 277
9 277
9 132
8 132
8 95
6 95
6 47
5 47
5 265
4 265
4 310
7 310
7 454
28 454
28 504
22 504
22 551
23 551
23 645
21 645
21 581
12 581
12 748
11 748
11 753
10 753
10 814
2 814
2 870
14 870
14 860
17 860
17 739
15 739
15 668
25 668
25 562
26 562
26 506
29 506
29 550
33 550
33 527
32 527
32 409
50 409
50 372
73 372
73 427
53 427
53 428
66 428
66 435
71 435
71 436
75 436
75 400
82 400
82 459
99 459
99 463
102 463
102 432
89 432
89 429
92 429
92 411
109 411
109 495
90 495
90 566
86 566
86 536
72 536
72 538
70 538
70 520
68 520
68 744
64 744
64 750
63 750
63 810
61 810
61 815
51 815
51 813
46 813
46 790
36 790
36 840
40 840
40 826
39 826
39 825
69 825
69 587
84 587
84 745
85 745
85 718
91 718
91 518
94 518
94 591
98 591
98 655
95 655
95 859
146 859
146 849
108 849
108 836
101 836
101 529
104 529
104 521
105 521
105 816
107 816
107 746
110 746
110 293
83 293
83 383
77 383
77 282
106 282
106 157
80 157
80 176
97 176
97 261
96 261
96 196
67 196
67 220
87 220
87 227
88 227
88 256
78 256
78 245
62 245
62 365
54 365
54 299
57 299
57 143
59 143
59 152
60 152
60 117
65 117
65 108
79 108
79 121
74 121
74 130
103 130
103 83
93 83
93 68
113 68
113 62
156 62
156 69
174 69
174 72
153 72
153 74
114 74
114 178
127 178
127 238
123 238
123 317
167 317
167 250
169 250
169 240
242 240
242 203
258 203
258 214
307 214
307 222
285 222
285 269
291 269
291 249
295 249
295 251
311 251
311 304
305 304
305 331
198 331
198 290
201 290
201 279
215 279
215 274
226 274
226 246
187 246
187 328
112 328
112 338
142 338
142 345
168 345
168 339
189 339
189 337
316 337
316 303
325 303
325 335
327 335
327 254
312 254
312 228
371 228
371 333
375 333
375 364
363 364
363 357
332 357
332 355
244 355
244 350
179 350
179 374
124 374
124 397
126 397
126 405
121 405
121 592
116 592
116 593
117 593
117 766
118 766
118 646
129 646
129 477
130 477
130 599
134 599
134 767
131 767
131 776
119 776
119 829
122 829
122 828
154 828
154 838
159 838
159 833
161 833
161 820
204 820
204 824
218 824
218 831
219 831
219 843
220 843
220 812
238 812
238 834
247 834
247 837
229 837
229 842
232 842
232 851
269 851
269 879
235 879
235 957
236 957
236 986
225 986
225 970
212 970
212 1004
182 1004
182 1012
202 1012
202 1025
342 1025
342 1070
337 1070
337 1069
318 1069
318 1080
210 1080
210 1074
183 1074
183 1063
165 1063
165 1198
216 1198
216 1205
256 1205
256 1204
224 1204
224 1202
367 1202
367 1216
567 1216
567 1217
436 1217
436 1218
499 1218
499 1219
552 1219
552 1222
551 1222
551 1230
631 1230
631 1199
630 1199
630 1053
632 1053
632 1037
629 1037
629 978
628 978
628 871
627 871
627 1143
626 1143
626 967
625 967
625 1229
584 1229
584 1227
569 1227
569 1214
554 1214
554 1212
523 1212
523 1079
527 1079
527 1122
532 1122
532 1157
528 1157
528 1196
535 1196
535 1033
540 1033
540 1118
541 1118
541 1186
538 1186
538 1207
544 1207
544 1106
542 1106
542 919
539 919
539 903
543 903
543 895
537 895
537 912
496 912
496 898
494 898
494 914
525 914
525 918
530 918
530 963
531 963
531 969
536 969
536 977
534 977
534 1016
526 1016
526 1066
522 1066
522 1215
515 1215
515 1203
514 1203
514 1209
511 1209
511 1200
505 1200
505 1190
448 1190
448 1167
442 1167
442 1164
449 1164
449 1142
458 1142
458 1123
465 1123
465 1107
441 1107
441 1102
424 1102
424 958
412 958
412 1006
404 1006
404 904
426 904
426 921
439 921
439 902
402 902
402 892
440 892
440 872
429 872
429 865
491 865
491 864
425 864
425 861
420 861
420 857
462 857
462 856
452 856
452 846
399 846
399 777
397 777
397 772
407 772
407 752
481 752
481 609
482 609
482 560
498 560
498 546
518 546
518 544
545 544
545 552
546 552
546 801
561 801
561 796
608 796
608 787
619 787
619 784
610 784
610 783
613 783
613 747
600 747
600 530
602 530
602 590
623 590
623 584
642 584
642 632
644 632
644 617
647 617
647 589
659 589
659 692
658 692
658 698
635 698
635 761
633 761
633 832
634 832
634 847
638 847
638 798
636 798
636 782
640 782
640 797
643 797
643 774
637 774
637 711
639 711
639 723
666 723
666 694
722 694
722 717
707 717
707 721
679 721
679 755
686 755
686 819
680 819
680 852
677 852
677 869
684 869
684 1065
697 1065
697 1051
703 1051
703 923
702 923
702 909
710 909
710 885
759 885
759 890
758 890
758 910
729 910
729 931
717 931
717 932
730 932
730 1163
731 1163
731 1182
740 1182
740 1178
732 1178
732 1018
734 1018
734 913
755 913
755 926
766 926
766 917
854 917
854 925
780 925
780 927
745 927
745 941
756 941
756 950
768 950
768 990
763 990
763 1005
757 1005
757 1020
777 1020
777 974
782 974
782 1003
807 1003
807 987
811 987
811 1056
809 1056
809 1093
813 1093
813 1188
779 1188
779 1210
826 1210
826 1208
830 1208
830 1201
785 1201
785 1194
831 1194
831 1036
816 1036
816 1049
815 1049
815 1021
832 1021
832 1007
817 1007
817 972
776 972
776 952
786 952
786 953
837 953
837 955
863 955
863 939
774 939
774 959
771 959
771 929
866 929
866 1000
883 1000
883 1058
885 1058
885 1017
895 1017
895 1052
898 1052
898 1055
904 1055
904 1067
894 1067
894 1085
900 1085
900 1138
902 1138
902 1103
913 1103
913 1145
914 1145
914 1131
918 1131
918 1087
921 1087
921 1073
922 1073
922 1041
923 1041
923 1027
928 1027
928 1031
946 1031
946 1022
951 1022
951 966
976 966
976 933
978 933
978 853
972 853
972 823
970 823
970 930
963 930
963 867
966 867
966 803
969 803
969 821
980 821
980 818
973 818
973 769
975 769
975 757
979 757
979 697
1002 697
1002 703
1020 703
1020 841
1012 841
1012 862
1031 862
1031 863
1018 863
1018 886
997 886
997 908
998 908
998 1035
1003 1035
1003 1024
1007 1024
1007 971
1011 971
1011 1042
1006 1042
1006 1060
1026 1060
1026 1032
1021 1032
1021 965
1042 965
1042 1126
1060 1126
1060 1129
1074 1129
1074 1147
1047 1147
1047 1148
1028 1148
1028 1152
982 1152
982 1155
1044 1155
1044 1160
1066 1160
1066 1170
937 1170
937 1169
1010 1169
1010 1165
974 1165
974 1161
930 1161
930 1168
936 1168
936 1171
1078 1171
1078 1175
1079 1175
1079 1154
1085 1154
1085 1159
1081 1159
1081 1176
1086 1176
1086 1162
1090 1162
1090 1181
1091 1181
1091 1225
1080 1225
1080 1228
1084 1228
1084 1233
906 1233
906 1234
955 1234
955 1238
719 1238
719 1237
899 1237
899 1236
676 1236
676 1246
711 1246
711 1248
778 1248
778 1243
733 1243
733 1244
705 1244
705 1240
855 1240
855 1247
856 1247
856 1245
858 1245
858 1242
872 1242
872 1241
874 1241
874 1239
990 1239
990 1235
1075 1235
1075 1250
1247 1250
1247 1249
1087 1249
1087 1232
1089 1232
1089 1231
1088 1231
1088 1226
1121 1226
1121 1224
1248 1224
1248 1206
1250 1206
1250 1187
1246 1187
1246 1221
1245 1221
1245 1223
1094 1223
1094 1220
1092 1220
1092 1153
1083 1153
1083 1111
1093 1111
1093 1084
1112 1084
1112 1077
1195 1077
1195 1082
1192 1082
1192 1090
1201 1090
1201 1124
1241 1124
1241 1128
1200 1128
1200 1136
1223 1136
1223 1130
1244 1130
1244 1054
1249 1054
1249 1045
1240 1045
1240 1047
1235 1047
1235 1030
1239 1030
1239 1011
1233 1011
1233 684
1231 684
1231 516
1230 516
1230 510
1236 510
1236 424
1234 424
1234 392
1220 392
1220 320
1219 320
1219 229
1211 229
1211 147
1193 147
1193 137
1191 137
1191 166
1207 166
1207 243
1210 243
1210 292
1204 292
1204 179
1194 179
1194 185
1202 185
1202 356
1215 356
1215 371
1208 371
1208 404
1209 404
1209 419
1218 419
1218 503
1221 503
1221 415
1229 415
1229 659
1225 659
1225 687
1222 687
1222 788
1227 788
1227 981
1228 981
1228 1062
1238 1062
1238 1101
1226 1101
1226 1114
1216 1114
1216 1110
1224 1110
1224 1092
1217 1092
1217 1096
1212 1096
1212 1061
1206 1061
1206 1046
1214 1046
1214 1013
1199 1013
1199 989
1196 989
1196 1028
1203 1028
1203 1034
1198 1034
1198 1040
1205 1040
1205 1071
1130 1071
1130 1050
1146 1050
1146 1019
1152 1019
1152 1038
1172 1038
1172 947
1171 947
1171 936
1166 936
1166 934
1170 934
1170 874
1162 874
1162 778
1187 778
1187 568
1185 568
1185 165
1184 165
1184 332
1182 332
1182 219
1183 219
1183 78
1179 78
1179 39
1190 39
1190 28
1188 28
1188 22
1197 22
1197 24
1237 24
1237 34
1242 34
1242 19
1243 19
1243 14
1232 14
1232 12
1213 12
1213 10
1178 10
1178 88
1177 88
1177 70
1174 70
1174 183
1169 183
1169 9
1189 9
1189 8
1163 8
1163 30
1168 30
1168 162
1160 162
1160 267
1164 267
1164 494
1157 494
1157 465
1153 465
1153 440
1155 440
1155 360
1154 360
1154 358
1149 358
1149 195
1147 195
1147 352
1143 352
1143 342
1142 342
1142 106
1140 106
1140 307
1139 307
1139 197
1138 197
1138 412
1141 412
1141 461
1148 461
1148 472
1145 472
1145 474
1151 474
1151 555
1173 555
1173 441
1167 441
1167 362
1165 362
1165 305
1181 305
1181 594
1180 594
1180 612
1176 612
1176 570
1175 570
1175 630
1186 630
1186 771
1161 771
1161 942
1159 942
1159 789
1158 789
1158 705
1156 705
1156 980
1150 980
1150 979
1144 979
1144 1014
1135 1014
1135 973
1136 973
1136 742
1137 742
1137 139
1113 139
1113 135
1104 135
1104 113
1117 113
1117 53
1111 53
1111 67
1110 67
1110 76
1095 76
1095 97
1116 97
1116 102
1097 102
1097 144
1099 144
1099 151
1101 151
1101 142
1109 142
1109 150
1115 150
1115 159
1096 159
1096 161
1119 161
1119 218
1098 218
1098 326
1100 326
1100 367
1102 367
1102 500
1106 500
1106 515
1107 515
1107 368
1105 368
1105 315
1103 315
1103 231
1108 231
1108 259
1122 259
1122 270
1132 270
1132 598
1131 598
1131 725
1134 725
1134 726
1128 726
1128 616
1126 616
1126 574
1125 574
1125 665
1123 665
1123 806
1124 806
1124 850
1114 850
1114 858
1133 858
1133 982
1127 982
1127 1057
1129 1057
1129 1068
1118 1068
1118 1072
1120 1072
1120 1075
1082 1075
1082 1109
1077 1109
1077 1112
1045 1112
1045 1104
1076 1104
1076 1095
1071 1095
1071 1078
1043 1078
1043 964
1001 964
1001 900
1019 900
1019 891
1036 891
1036 839
1029 839
1029 708
1030 708
1030 656
1025 656
1025 438
1027 438
1027 324
1033 324
1033 489
1032 489
1032 559
1037 559
1037 740
1041 740
1041 531
1038 531
1038 241
1040 241
1040 236
1046 236
1046 242
1048 242
1048 221
1049 221
1049 291
1059 291
1059 280
1051 280
1051 190
1055 190
1055 202
1061 202
1061 319
1057 319
1057 513
1058 513
1058 539
1062 539
1062 601
1050 601
1050 622
1054 622
1054 940
1053 940
1053 960
1052 960
1052 1029
1073 1029
1073 922
1068 922
1068 948
1070 948
1070 993
1063 993
1063 1010
1056 1010
1056 626
1072 626
1072 621
1065 621
1065 583
1064 583
1064 487
1067 487
1067 199
1069 199
1069 186
1039 186
1039 154
1034 154
1034 174
1035 174
1035 316
1024 316
1024 484
1017 484
1017 375
1005 375
1005 418
1000 418
1000 455
1008 455
1008 470
995 470
995 306
996 306
996 198
993 198
993 194
991 194
991 148
988 148
988 253
987 253
987 65
977 65
977 60
983 60
983 50
950 50
950 92
924 92
924 145
926 145
926 120
943 120
943 104
948 104
948 115
949 115
949 98
964 98
964 94
965 94
965 77
985 77
985 421
984 421
984 442
986 442
986 340
989 340
989 311
992 311
992 491
1009 491
1009 586
999 586
999 625
994 625
994 666
1004 666
1004 681
962 681
962 679
960 679
960 647
981 647
981 628
956 628
956 608
935 608
935 575
929 575
929 492
931 492
931 490
925 490
925 524
927 524
927 634
952 634
952 615
954 615
954 686
1013 686
1013 662
1014 662
1014 588
1016 588
1016 619
1015 619
1015 678
1023 678
1023 751
1022 751
1022 689
933 689
933 743
932 743
932 754
940 754
940 729
942 729
942 773
947 773
947 817
953 817
953 759
944 759
944 716
938 716
938 713
941 713
941 704
934 704
934 700
959 700
959 707
958 707
958 710
968 710
968 696
971 696
971 730
967 730
967 720
957 720
957 785
961 785
961 962
939 962
939 988
945 988
945 1026
920 1026
920 961
917 961
917 1044
916 1044
916 1100
915 1100
915 1059
907 1059
907 1043
897 1043
897 968
908 968
908 1015
911 1015
911 1002
909 1002
909 1001
912 1001
912 946
905 946
905 943
919 943
919 935
893 935
893 949
896 949
896 984
891 984
891 999
871 999
871 937
868 937
868 899
869 899
869 893
910 893
910 878
903 878
903 884
901 884
901 866
865 866
865 880
864 880
864 894
862 894
862 915
838 915
838 906
802 906
802 905
792 905
792 911
788 911
788 881
790 881
790 873
728 873
728 876
700 876
700 995
701 995
701 1039
699 1039
699 1048
685 1048
685 956
693 956
693 938
690 938
690 822
692 822
692 809
696 809
696 756
698 756
698 758
709 758
709 731
695 731
695 728
714 728
714 795
718 795
718 794
716 794
716 792
720 792
720 802
725 802
725 683
689 683
689 673
687 673
687 669
741 669
741 676
747 676
747 635
760 635
760 607
765 607
765 638
750 638
750 641
769 641
769 677
746 677
746 764
748 764
748 733
770 733
770 629
772 629
772 636
773 636
773 763
775 763
775 605
764 605
764 563
739 563
739 525
742 525
742 505
744 505
744 413
752 413
752 353
761 353
761 423
754 423
754 486
767 486
767 514
749 514
749 549
783 549
783 554
784 554
784 654
787 654
787 620
797 620
797 637
814 637
814 606
822 606
822 613
823 613
823 603
808 603
808 602
800 602
800 573
793 573
793 564
796 564
796 556
848 556
848 557
833 557
833 651
843 651
843 660
845 660
845 664
835 664
835 835
867 835
867 827
870 827
870 808
888 808
888 537
890 537
890 318
884 318
884 207
879 207
879 85
878 85
878 230
876 230
876 155
873 155
873 398
880 398
880 359
882 359
882 349
886 349
886 399
889 399
889 508
887 508
887 779
881 779
881 805
875 805
875 807
861 807
861 830
839 830
839 770
852 770
852 642
840 642
840 572
851 572
851 439
860 439
860 369
853 369
853 323
857 323
857 208
859 208
859 149
829 149
829 169
805 169
805 163
789 163
789 182
818 182
818 181
794 181
794 175
847 175
847 171
844 171
844 158
849 158
849 281
850 281
850 548
781 548
781 478
762 478
762 336
708 336
708 395
713 395
713 361
727 361
727 402
737 402
737 363
743 363
743 456
738 456
738 475
735 475
735 545
736 545
736 667
704 667
704 653
683 653
683 649
667 649
667 610
661 610
661 595
681 595
681 582
715 582
715 580
688 580
688 579
