1150
357 412
357 409
245 409
245 1078
345 1078
345 1071
358 1071
358 1080
355 1080
355 1101
350 1101
350 1106
376 1106
376 1097
380 1097
380 1156
348 1156
348 1160
324 1160
324 1162
337 1162
337 1166
244 1166
244 1181
174 1181
174 1195
114 1195
114 1197
151 1197
151 1202
281 1202
281 1209
242 1209
242 1210
181 1210
181 1220
72 1220
72 1135
37 1135
37 1079
48 1079
48 1049
45 1049
45 1047
41 1047
41 1038
18 1038
18 759
29 759
29 576
26 576
26 566
44 566
44 545
22 545
22 494
33 494
33 493
27 493
27 485
2 485
2 484
5 484
5 444
1 444
1 818
3 818
3 495
7 495
7 713
8 713
8 574
9 574
9 641
11 641
11 488
16 488
16 591
28 591
28 752
13 752
13 761
12 761
12 1205
10 1205
10 1213
14 1213
14 1214
17 1214
17 1113
15 1113
15 1082
32 1082
32 1087
36 1087
36 1137
61 1137
61 1165
67 1165
67 1204
55 1204
55 1198
51 1198
51 1199
50 1199
50 1211
69 1211
69 1222
107 1222
107 1223
59 1223
59 1225
105 1225
105 1230
56 1230
56 1228
43 1228
43 1231
46 1231
46 1236
87 1236
87 1233
91 1233
91 1235
99 1235
99 1237
73 1237
73 1249
217 1249
217 1245
190 1245
190 1232
186 1232
186 1248
75 1248
75 1241
154 1241
154 1229
189 1229
189 1215
331 1215
331 1216
240 1216
240 1218
316 1218
316 1226
333 1226
333 1212
284 1212
284 1201
188 1201
188 1190
265 1190
265 1189
222 1189
222 1184
252 1184
252 1174
338 1174
338 1178
391 1178
391 1002
402 1002
402 1034
394 1034
394 1096
406 1096
406 1059
409 1059
409 890
413 890
413 902
429 902
429 938
426 938
426 996
435 996
435 1048
427 1048
427 1102
507 1102
507 1017
513 1017
513 977
509 977
509 895
506 895
506 808
526 808
526 831
531 831
531 854
529 854
529 894
532 894
532 828
537 828
537 816
539 816
539 1116
543 1116
543 1108
549 1108
549 1247
579 1247
579 1246
617 1246
617 1227
624 1227
624 1073
625 1073
625 1114
627 1114
627 1122
628 1122
628 1124
630 1124
630 1126
632 1126
632 1110
626 1110
626 1046
631 1046
631 1094
636 1094
636 1057
642 1057
642 1050
637 1050
637 990
640 990
640 905
645 905
645 1053
649 1053
649 1186
629 1186
629 1191
650 1191
650 954
651 954
651 928
659 928
659 923
660 923
660 709
657 709
657 560
670 560
670 544
678 544
678 481
679 481
679 487
686 487
686 491
690 491
690 508
716 508
716 502
717 502
717 538
692 538
692 526
681 526
681 575
723 575
723 489
733 489
733 646
714 646
714 602
689 602
689 661
698 661
698 772
695 772
695 998
708 998
708 1004
710 1004
710 1012
711 1012
711 1037
704 1037
704 1011
684 1011
684 1020
699 1020
699 1042
685 1042
685 1054
702 1054
702 1040
722 1040
722 1070
736 1070
736 1103
676 1103
676 1107
677 1107
677 1109
682 1109
682 1105
735 1105
735 1133
806 1133
806 1145
666 1145
666 1163
837 1163
837 1164
868 1164
868 1167
904 1167
904 1161
853 1161
853 1157
781 1157
781 1150
765 1150
765 1159
731 1159
731 1148
766 1148
766 1146
861 1146
861 1086
865 1086
865 978
866 978
866 999
884 999
884 962
899 962
899 939
901 939
901 906
897 906
897 924
887 924
887 927
874 927
874 964
867 964
867 887
862 887
862 911
860 911
860 1083
856 1083
856 877
858 877
858 810
857 810
857 552
869 552
869 616
872 616
872 644
863 644
863 686
870 686
870 790
875 790
875 817
893 817
893 690
914 690
914 715
898 715
898 725
896 725
896 785
903 785
903 717
910 717
910 716
912 716
912 755
915 755
915 628
946 628
946 705
939 705
939 663
932 663
932 758
923 758
923 804
935 804
935 867
926 867
926 873
934 873
934 879
937 879
937 767
933 767
933 677
938 677
938 747
940 747
940 1000
941 1000
941 1120
945 1120
945 1123
964 1123
964 1139
960 1139
960 1170
925 1170
925 1173
958 1173
958 1176
936 1176
936 1180
919 1180
919 1075
920 1075
920 1023
922 1023
922 844
921 844
921 976
918 976
918 1185
947 1185
947 1192
966 1192
966 1188
1003 1188
1003 1203
1051 1203
1051 1219
1054 1219
1054 1183
976 1183
976 1182
959 1182
959 1177
968 1177
968 1152
963 1152
963 1151
972 1151
972 1153
1008 1153
1008 1149
987 1149
987 1147
1007 1147
1007 1130
1032 1130
1032 796
1034 796
1034 1092
1040 1092
1040 944
1044 944
1044 940
1056 940
1056 936
1067 936
1067 891
1088 891
1088 857
1092 857
1092 850
1100 850
1100 1140
1112 1140
1112 1138
1113 1138
1113 1111
1118 1111
1118 1089
1115 1089
1115 1085
1111 1085
1111 1121
1103 1121
1103 813
1085 813
1085 762
1107 762
1107 656
1104 656
1104 648
1094 648
1094 642
1073 642
1073 638
1119 638
1119 634
1105 634
1105 630
1087 630
1087 623
1071 623
1071 608
1099 608
1099 614
1109 614
1109 606
1110 606
1110 604
1052 604
1052 662
1106 662
1106 760
1091 760
1091 707
1086 707
1086 684
1055 684
1055 697
1058 697
1058 689
1076 689
1076 744
1074 744
1074 880
1061 880
1061 934
1039 934
1039 1084
1037 1084
1037 974
1036 974
1036 912
1038 912
1038 726
1031 726
1031 728
1017 728
1017 694
1012 694
1012 737
1005 737
1005 741
1014 741
1014 766
1013 766
1013 779
1011 779
1011 798
997 798
997 803
1018 803
1018 959
1001 959
1001 885
1004 885
1004 866
996 866
996 967
994 967
994 970
1000 970
1000 971
1009 971
1009 993
1006 993
1006 1060
1002 1060
1002 1035
986 1035
986 896
992 896
992 671
989 671
989 598
980 598
980 780
977 780
977 814
981 814
981 848
982 848
982 892
978 892
978 1068
979 1068
979 1052
983 1052
983 1029
985 1029
985 1074
993 1074
993 1098
1019 1098
1019 1024
1010 1024
1010 972
1021 972
1021 942
1022 942
1022 768
1023 768
1023 784
1030 784
1030 830
1027 830
1027 956
1025 956
1025 952
1024 952
1024 963
1026 963
1026 1118
995 1118
995 1115
953 1115
953 1119
942 1119
942 732
943 732
943 941
967 941
967 932
951 932
951 819
956 819
956 720
948 720
948 670
961 670
961 667
949 667
949 619
911 619
911 678
902 678
902 673
895 673
895 665
907 665
907 527
906 527
906 651
891 651
891 512
890 512
890 603
889 603
889 683
892 683
892 722
885 722
885 733
886 733
886 776
873 776
873 710
876 710
876 565
879 565
879 585
883 585
883 516
881 516
881 500
800 500
800 499
877 499
877 498
792 498
792 466
790 466
790 468
788 468
788 503
833 503
833 510
808 510
808 532
859 532
859 506
871 506
871 537
802 537
802 522
798 522
798 541
844 541
844 550
811 550
811 569
815 569
815 601
846 601
846 581
848 581
848 607
847 607
847 611
840 611
840 675
838 675
838 843
831 843
831 738
832 738
832 672
818 672
818 806
816 806
816 856
819 856
819 778
822 778
822 802
823 802
823 871
820 871
820 1006
828 1006
828 909
826 909
826 811
824 811
824 700
829 700
829 800
830 800
830 921
834 921
834 901
841 901
841 618
849 618
849 587
854 587
854 821
852 821
852 1021
851 1021
851 951
850 951
850 1036
845 1036
845 957
842 957
842 1142
809 1142
809 1134
807 1134
807 1129
813 1129
813 1132
814 1132
814 1112
793 1112
793 1125
796 1125
796 1128
780 1128
780 1104
779 1104
779 1131
748 1131
748 1007
758 1007
758 1026
753 1026
753 1027
756 1027
756 1062
755 1062
755 1064
762 1064
762 916
763 916
763 910
761 910
761 836
778 836
778 832
757 832
757 833
745 833
745 851
759 851
759 863
752 863
752 898
737 898
737 930
743 930
743 997
724 997
724 994
730 994
730 985
726 985
726 960
700 960
700 889
727 889
727 870
706 870
706 839
728 839
728 835
697 835
697 774
703 774
703 645
701 645
701 637
707 637
707 640
712 640
712 749
709 749
709 765
705 765
705 775
718 775
718 770
725 770
725 756
734 756
734 751
715 751
715 724
732 724
732 727
742 727
742 730
749 730
749 658
739 658
739 701
740 701
740 711
741 711
741 723
738 723
738 505
764 505
764 595
767 595
767 692
773 692
773 650
782 650
782 615
777 615
777 580
783 580
783 547
785 547
785 525
784 525
784 507
775 507
775 551
774 551
774 633
772 633
772 657
769 657
769 629
768 629
768 475
754 475
754 497
750 497
750 473
713 473
713 483
693 483
693 474
663 474
663 476
669 476
669 557
658 557
658 559
656 559
656 855
653 855
653 875
648 875
648 904
621 904
621 917
623 917
623 1081
620 1081
620 1154
619 1154
619 1155
622 1155
622 1207
616 1207
616 1242
613 1242
613 1239
593 1239
593 1244
551 1244
551 1217
552 1217
552 1208
553 1208
553 1095
557 1095
557 1090
556 1090
556 1031
546 1031
546 1016
562 1016
562 1001
572 1001
572 888
569 888
569 827
571 827
571 769
567 769
567 757
566 757
566 824
564 824
564 948
560 948
560 1008
548 1008
548 988
559 988
559 937
544 937
544 1065
540 1065
540 570
536 570
536 621
535 621
535 801
530 801
530 530
538 530
538 521
542 521
542 477
541 477
541 472
534 472
534 471
533 471
533 501
528 501
528 496
522 496
522 617
517 617
517 655
523 655
523 753
505 753
505 825
503 825
503 1091
502 1091
502 1076
440 1076
440 1066
474 1066
474 1009
489 1009
489 734
486 734
486 712
498 712
498 524
490 524
490 540
487 540
487 519
464 519
464 520
414 520
414 517
393 517
393 546
412 546
412 555
442 555
442 572
455 572
455 542
493 542
493 687
480 687
480 612
479 612
479 609
459 609
459 610
465 610
465 652
462 652
462 703
449 703
449 739
400 739
400 745
397 745
397 721
404 721
404 695
379 695
379 777
389 777
389 750
425 750
425 746
469 746
469 693
484 693
484 742
478 742
478 987
468 987
468 943
475 943
475 931
457 931
457 961
456 961
456 1003
476 1003
476 1005
452 1005
452 969
447 969
447 915
446 915
446 876
444 876
444 897
433 897
433 881
399 881
399 935
407 935
407 955
395 955
395 975
387 975
387 947
386 947
386 1093
385 1093
385 1127
383 1127
383 1172
299 1172
299 1168
303 1168
303 1171
365 1171
365 1169
381 1169
381 1143
382 1143
382 1072
367 1072
367 1069
330 1069
330 1077
248 1077
248 973
247 973
247 958
253 958
253 1067
266 1067
266 1043
293 1043
293 1051
302 1051
302 1039
289 1039
289 918
295 918
295 900
298 900
298 846
296 846
296 795
283 795
283 868
285 868
285 1013
273 1013
273 982
268 982
268 781
276 781
276 731
292 731
292 620
301 620
301 558
300 558
300 567
287 567
287 627
282 627
282 531
297 531
297 515
277 515
277 632
278 632
278 696
270 696
270 682
269 682
269 740
263 740
263 1044
261 1044
261 981
259 981
259 600
262 600
262 562
256 562
256 861
255 861
255 1025
254 1025
254 807
250 807
250 599
246 599
246 588
249 588
249 411
251 411
251 420
305 420
305 412
