140
244 1172
244 1181
174 1181
174 1195
114 1195
114 1197
151 1197
151 1202
281 1202
281 1209
242 1209
242 1210
181 1210
181 1220
72 1220
72 1135
37 1135
37 1079
48 1079
48 1049
45 1049
45 1047
41 1047
41 1038
18 1038
18 759
29 759
29 576
26 576
26 566
44 566
44 545
22 545
22 494
33 494
33 493
27 493
27 485
2 485
2 484
5 484
5 444
1 444
1 818
3 818
3 495
7 495
7 713
8 713
8 574
9 574
9 641
11 641
11 488
16 488
16 591
28 591
28 752
13 752
13 761
12 761
12 1205
10 1205
10 1213
14 1213
14 1214
17 1214
17 1113
15 1113
15 1082
32 1082
32 1087
36 1087
36 1137
61 1137
61 1165
67 1165
67 1204
55 1204
55 1198
51 1198
51 1199
50 1199
50 1211
69 1211
69 1222
107 1222
107 1223
59 1223
59 1225
105 1225
105 1230
56 1230
56 1228
43 1228
43 1231
46 1231
46 1236
87 1236
87 1233
91 1233
91 1235
99 1235
99 1237
73 1237
73 1249
217 1249
217 1245
190 1245
190 1232
186 1232
186 1248
75 1248
75 1241
154 1241
154 1229
189 1229
189 1215
331 1215
331 1216
240 1216
240 1218
316 1218
316 1226
333 1226
333 1212
284 1212
284 1201
188 1201
188 1190
265 1190
265 1189
222 1189
222 1184
252 1184
252 1174
338 1174
338 1178
391 1178
391 1172
