234
28 370
28 369
6 369
6 364
10 364
10 359
1 359
1 479
2 479
2 372
3 372
3 705
20 705
20 752
18 752
18 754
24 754
24 850
27 850
27 902
50 902
50 929
120 929
120 922
127 922
127 931
91 931
91 938
93 938
93 939
103 939
103 935
116 935
116 942
126 942
126 997
153 997
153 978
142 978
142 971
134 971
134 967
130 967
130 949
128 949
128 941
143 941
143 976
175 976
175 990
173 990
173 1021
138 1021
138 1028
135 1028
135 1065
140 1065
140 1104
158 1104
158 1091
154 1091
154 1057
163 1057
163 1066
167 1066
167 1050
159 1050
159 1038
155 1038
155 1040
150 1040
150 1075
141 1075
141 1027
181 1027
181 1026
170 1026
170 1025
174 1025
174 1005
177 1005
177 960
186 960
186 1046
189 1046
189 944
196 944
196 1099
180 1099
180 1118
183 1118
183 1121
172 1121
172 1129
195 1129
195 1123
198 1123
198 1117
209 1117
209 1120
225 1120
225 1224
222 1224
222 1228
220 1228
220 1246
460 1246
460 1240
443 1240
443 1234
454 1234
454 1239
745 1239
745 1237
686 1237
686 1226
690 1226
690 1223
761 1223
761 1217
790 1217
790 1212
794 1212
794 1200
795 1200
795 1195
723 1195
723 1199
717 1199
717 1204
697 1204
697 1188
425 1188
425 1186
402 1186
402 1163
459 1163
459 1169
491 1169
491 1181
493 1181
493 1161
678 1161
678 1165
585 1165
585 1166
559 1166
559 1174
502 1174
502 1176
675 1176
675 1177
510 1177
510 1178
549 1178
549 1179
839 1179
839 1173
619 1173
619 1167
746 1167
746 1160
478 1160
478 1162
384 1162
384 1164
391 1164
391 1189
633 1189
633 1190
621 1190
621 1191
689 1191
689 1194
648 1194
648 1201
612 1201
612 1206
764 1206
764 1203
728 1203
728 1196
793 1196
793 1197
774 1197
774 1205
784 1205
784 1215
707 1215
707 1216
708 1216
708 1218
747 1218
747 1220
671 1220
671 1238
658 1238
658 1236
474 1236
474 1233
439 1233
439 1242
369 1242
369 1243
368 1243
368 1245
342 1245
342 1231
226 1231
226 1111
230 1111
230 1109
197 1109
197 936
187 936
187 959
156 959
156 920
104 920
104 928
79 928
79 910
152 910
152 908
129 908
129 901
37 901
37 897
36 897
36 893
29 893
29 703
4 703
4 370
