1456
28 370
28 369
6 369
6 364
10 364
10 359
1 359
1 479
2 479
2 372
3 372
3 705
20 705
20 752
18 752
18 754
24 754
24 850
27 850
27 902
50 902
50 929
120 929
120 922
127 922
127 931
91 931
91 938
93 938
93 939
103 939
103 935
116 935
116 942
126 942
126 997
153 997
153 978
142 978
142 971
134 971
134 967
130 967
130 949
128 949
128 941
143 941
143 976
175 976
175 990
173 990
173 1021
138 1021
138 1028
135 1028
135 1065
140 1065
140 1104
158 1104
158 1091
154 1091
154 1057
163 1057
163 1066
167 1066
167 1050
159 1050
159 1038
155 1038
155 1040
150 1040
150 1075
141 1075
141 1027
181 1027
181 1026
170 1026
170 1025
174 1025
174 1005
177 1005
177 960
186 960
186 1046
189 1046
189 944
196 944
196 1099
180 1099
180 1118
183 1118
183 1121
172 1121
172 1129
195 1129
195 1123
198 1123
198 1117
209 1117
209 1120
225 1120
225 1224
222 1224
222 1228
220 1228
220 1246
460 1246
460 1240
443 1240
443 1234
454 1234
454 1239
745 1239
745 1237
686 1237
686 1226
690 1226
690 1223
761 1223
761 1217
790 1217
790 1212
794 1212
794 1200
795 1200
795 1195
852 1195
852 1213
891 1213
891 1175
895 1175
895 1244
806 1244
806 1232
840 1232
840 1225
889 1225
889 1222
856 1222
856 1221
873 1221
873 1214
805 1214
805 1247
809 1247
809 1248
884 1248
884 1250
897 1250
897 1182
902 1182
902 1131
900 1131
900 1079
904 1079
904 1108
906 1108
906 1249
907 1249
907 1137
908 1137
908 1106
905 1106
905 1074
909 1074
909 1097
910 1097
910 1071
899 1071
899 1085
811 1085
811 1081
763 1081
763 1072
748 1072
748 1087
732 1087
732 1076
637 1076
637 1077
711 1077
711 1090
824 1090
824 1086
837 1086
837 1092
870 1092
870 1093
876 1093
876 1088
898 1088
898 1132
894 1132
894 1140
901 1140
901 1150
893 1150
893 1144
890 1144
890 1202
863 1202
863 1208
858 1208
858 1192
731 1192
731 1183
561 1183
561 1185
584 1185
584 1184
723 1184
723 1199
717 1199
717 1204
697 1204
697 1187
645 1187
645 1188
425 1188
425 1186
402 1186
402 1163
459 1163
459 1169
491 1169
491 1181
493 1181
493 1161
678 1161
678 1165
585 1165
585 1166
559 1166
559 1174
502 1174
502 1176
675 1176
675 1177
510 1177
510 1178
549 1178
549 1179
833 1179
833 1180
839 1180
839 1171
828 1171
828 1095
825 1095
825 1098
815 1098
815 1157
799 1157
799 1139
789 1139
789 1170
817 1170
817 1107
822 1107
822 1119
819 1119
819 1172
781 1172
781 1173
619 1173
619 1167
695 1167
695 1168
746 1168
746 1160
691 1160
691 1159
601 1159
601 1158
478 1158
478 1162
398 1162
398 1143
413 1143
413 1145
438 1145
438 1155
600 1155
600 1154
673 1154
673 1151
651 1151
651 1152
630 1152
630 1153
444 1153
444 1136
461 1136
461 1135
569 1135
569 1146
518 1146
518 1149
710 1149
710 1148
724 1148
724 1141
703 1141
703 1147
596 1147
596 1142
618 1142
618 1126
638 1126
638 1110
635 1110
635 1114
622 1114
622 1102
627 1102
627 1100
614 1100
614 1101
609 1101
609 1115
615 1115
615 1116
610 1116
610 1138
607 1138
607 1127
431 1127
431 1125
530 1125
530 1122
445 1122
445 1124
406 1124
406 1113
397 1113
397 1128
522 1128
522 1133
532 1133
532 1134
394 1134
394 1156
387 1156
387 1094
385 1094
385 1080
416 1080
416 1078
436 1078
436 1083
450 1083
450 1073
434 1073
434 1069
419 1069
419 1060
429 1060
429 1068
527 1068
527 1059
556 1059
556 1061
572 1061
572 1058
595 1058
595 1056
464 1056
464 1067
437 1067
437 1045
567 1045
567 1041
582 1041
582 1049
593 1049
593 1035
588 1035
588 1029
468 1029
468 1030
466 1030
466 1032
472 1032
472 1031
575 1031
575 1037
540 1037
540 1033
521 1033
521 1039
479 1039
479 1042
405 1042
405 1055
382 1055
382 1089
379 1089
379 1082
375 1082
375 1096
377 1096
377 1105
370 1105
370 1112
371 1112
371 1130
384 1130
384 1164
391 1164
391 1193
414 1193
414 1189
633 1189
633 1190
621 1190
621 1191
689 1191
689 1194
648 1194
648 1201
643 1201
643 1198
612 1198
612 1206
626 1206
626 1209
669 1209
669 1210
750 1210
750 1207
764 1207
764 1203
728 1203
728 1196
793 1196
793 1197
774 1197
774 1205
784 1205
784 1215
707 1215
707 1216
708 1216
708 1218
747 1218
747 1220
671 1220
671 1238
658 1238
658 1236
474 1236
474 1233
580 1233
580 1230
517 1230
517 1219
430 1219
430 1229
439 1229
439 1242
393 1242
393 1211
389 1211
389 1235
381 1235
381 1241
369 1241
369 1243
368 1243
368 1245
342 1245
342 1227
337 1227
337 1231
226 1231
226 1111
230 1111
230 1103
231 1103
231 1084
227 1084
227 1109
197 1109
197 936
199 936
199 932
187 932
187 959
156 959
156 920
160 920
160 948
176 948
176 934
168 934
168 919
104 919
104 928
79 928
79 910
152 910
152 906
169 906
169 909
202 909
202 916
205 916
205 917
216 917
216 918
313 918
313 953
298 953
298 955
295 955
295 965
239 965
239 970
303 970
303 980
323 980
323 973
327 973
327 985
311 985
311 998
288 998
288 999
279 999
279 1012
305 1012
305 1014
268 1014
268 1022
241 1022
241 1023
274 1023
274 1024
336 1024
336 1020
341 1020
341 954
331 954
331 914
245 914
245 912
312 912
312 911
271 911
271 905
146 905
146 908
129 908
129 899
124 899
124 898
85 898
85 901
37 901
37 897
36 897
36 763
49 763
49 831
58 831
58 730
55 730
55 758
54 758
54 721
53 721
53 728
51 728
51 713
52 713
52 674
59 674
59 673
48 673
48 725
41 725
41 740
40 740
40 727
39 727
39 653
61 653
61 683
60 683
60 690
62 690
62 679
65 679
65 822
66 822
66 842
67 842
67 779
69 779
69 708
74 708
74 712
73 712
73 772
76 772
76 843
64 843
64 882
87 882
87 884
212 884
212 858
324 858
324 868
442 868
442 870
503 870
503 877
709 877
709 885
714 885
714 875
740 875
740 865
742 865
742 862
783 862
783 871
769 871
769 890
753 890
753 894
874 894
874 903
877 903
877 926
871 926
871 907
860 907
860 957
864 957
864 1002
862 1002
862 984
859 984
859 974
842 974
842 940
846 940
846 937
832 937
832 966
798 966
798 968
782 968
782 996
804 996
804 989
808 989
808 975
854 975
854 1003
865 1003
865 969
866 969
866 933
878 933
878 1007
721 1007
721 993
733 993
733 979
752 979
752 972
765 972
765 956
759 956
759 962
756 962
756 945
751 945
751 952
737 952
737 958
726 958
726 951
719 951
719 1015
720 1015
720 1016
739 1016
739 1017
771 1017
771 1018
785 1018
785 1011
826 1011
826 1013
881 1013
881 1019
843 1019
843 1034
849 1034
849 1044
851 1044
851 1063
847 1063
847 1070
855 1070
855 1062
857 1062
857 1051
861 1051
861 1054
868 1054
868 1064
875 1064
875 1053
892 1053
892 1048
853 1048
853 1047
896 1047
896 1052
903 1052
903 1043
867 1043
867 1036
882 1036
882 1010
879 1010
879 892
777 892
777 888
801 888
801 883
848 883
848 845
821 845
821 854
814 854
814 861
788 861
788 837
659 837
659 826
641 826
641 816
694 816
694 813
820 813
820 806
674 806
674 799
791 799
791 797
827 797
827 782
845 782
845 777
818 777
818 735
834 735
834 729
888 729
888 700
883 700
883 686
886 686
886 665
887 665
887 578
844 578
844 508
838 508
838 503
823 503
823 493
768 493
768 505
796 505
796 522
786 522
786 520
775 520
775 532
779 532
779 545
762 545
762 544
743 544
743 495
729 495
729 502
730 502
730 504
712 504
712 557
713 557
713 518
722 518
722 563
755 563
755 560
758 560
758 546
780 546
780 531
836 531
836 562
835 562
835 567
830 567
830 652
829 652
829 682
807 682
807 664
776 664
776 658
738 658
738 596
754 596
754 650
757 650
757 581
766 581
766 576
662 576
662 536
699 536
699 540
706 540
706 461
705 461
705 462
685 462
685 457
684 457
684 427
683 427
683 463
672 463
672 453
670 453
670 446
664 446
664 362
665 362
665 356
687 356
687 371
688 371
688 367
698 367
698 357
704 357
704 336
679 336
679 317
649 317
649 325
628 325
628 329
660 329
660 332
644 332
644 349
653 349
653 351
652 351
652 352
657 352
657 355
663 355
663 469
696 469
696 478
693 478
693 483
677 483
677 480
667 480
667 486
668 486
668 489
701 489
701 494
692 494
692 514
702 514
702 526
680 526
680 519
676 519
676 525
656 525
656 542
650 542
650 551
661 551
661 556
646 556
646 583
538 583
538 589
533 589
533 587
455 587
455 511
467 511
467 537
488 537
488 569
509 569
509 575
639 575
639 572
547 572
547 553
520 553
520 561
513 561
513 552
564 552
564 565
604 565
604 558
566 558
566 554
577 554
577 535
546 535
546 538
541 538
541 547
505 547
505 541
489 541
489 529
579 529
579 527
555 527
555 516
544 516
544 509
537 509
537 523
512 523
512 513
525 513
525 500
514 500
514 490
534 490
534 485
528 485
528 488
495 488
495 492
484 492
484 521
471 521
471 515
476 515
476 506
463 506
463 507
453 507
453 591
516 591
516 593
605 593
605 584
681 584
681 577
682 577
682 582
736 582
736 601
727 601
727 603
735 603
735 660
767 660
767 663
741 663
741 666
625 666
625 680
632 680
632 678
654 678
654 681
760 681
760 675
666 675
666 672
734 672
734 667
797 667
797 688
841 688
841 610
831 610
831 588
869 588
869 620
880 620
880 654
885 654
885 669
872 669
872 723
816 723
816 781
810 781
810 791
715 791
715 788
700 788
700 793
718 793
718 792
803 792
803 794
636 794
636 807
716 807
716 810
613 810
613 827
634 827
634 836
640 836
640 838
583 838
583 808
586 808
586 829
590 829
590 815
598 815
598 764
592 764
592 756
576 756
576 748
515 748
515 747
462 747
462 711
441 711
441 738
422 738
422 715
354 715
354 717
378 717
378 719
376 719
376 726
339 726
339 720
277 720
277 624
272 624
272 571
270 571
270 548
269 548
269 498
280 498
280 416
161 416
161 407
243 407
243 415
289 415
289 458
290 458
290 418
299 418
299 661
296 661
296 631
292 631
292 704
293 704
293 638
294 638
294 710
309 710
309 685
315 685
315 533
316 533
316 487
317 487
317 656
320 656
320 528
321 528
321 465
319 465
319 442
314 442
314 677
301 677
301 642
307 642
307 555
310 555
310 510
306 510
306 497
308 497
308 491
300 491
300 410
287 410
287 406
284 406
284 405
157 405
157 419
237 419
237 428
208 428
208 432
171 432
171 433
106 433
106 394
113 394
113 399
122 399
122 380
162 380
162 383
192 383
192 377
119 377
119 376
215 376
215 386
193 386
193 387
233 387
233 398
178 398
178 400
244 400
244 404
275 404
275 392
258 392
258 388
329 388
329 385
234 385
234 381
223 381
223 373
97 373
97 363
101 363
101 186
108 186
108 225
102 225
102 311
121 311
121 307
145 307
145 290
238 290
238 287
217 287
217 285
297 285
297 278
345 278
345 276
363 276
363 302
403 302
403 303
432 303
432 310
506 310
506 308
551 308
551 297
565 297
565 244
524 244
524 271
499 271
499 256
427 256
427 239
500 239
500 230
492 230
492 211
557 211
557 205
386 205
386 208
428 208
428 207
485 207
485 218
451 218
451 216
415 216
415 214
352 214
352 210
330 210
330 204
273 204
273 221
302 221
302 231
326 231
326 240
282 240
282 237
246 237
246 200
242 200
242 241
278 241
278 246
332 246
332 229
333 229
333 226
409 226
409 223
440 223
440 232
482 232
482 235
420 235
420 257
483 257
483 262
490 262
490 282
473 282
473 280
449 280
449 279
424 279
424 286
396 286
396 299
388 299
388 272
457 272
457 266
334 266
334 277
249 277
249 261
250 261
250 260
139 260
139 267
218 267
218 269
203 269
203 270
144 270
144 306
136 306
136 284
107 284
107 245
164 245
164 242
179 242
179 233
228 233
228 201
194 201
194 209
210 209
210 215
191 215
191 228
110 228
110 219
111 219
111 166
114 166
114 157
131 157
131 178
206 178
206 183
240 183
240 164
232 164
232 172
214 172
214 177
137 177
137 168
148 168
148 159
133 159
133 171
132 171
132 156
94 156
94 258
92 258
92 176
83 176
83 318
84 318
84 293
86 293
86 295
88 295
88 249
89 249
89 379
90 379
90 391
95 391
95 165
98 165
98 360
96 360
96 375
100 375
100 412
99 412
99 439
224 439
224 435
248 435
248 421
264 421
264 423
265 423
265 611
259 611
259 573
263 573
263 570
254 570
254 630
247 630
247 671
251 671
251 697
255 697
255 614
262 614
262 632
260 632
260 657
261 657
261 724
266 724
266 482
267 482
267 760
276 760
276 733
286 733
286 743
291 743
291 734
390 734
390 736
418 736
418 742
448 742
448 774
511 774
511 750
536 750
536 755
539 755
539 761
589 761
589 780
581 780
581 768
563 768
563 769
553 769
553 775
578 775
578 784
523 784
523 790
545 790
545 812
550 812
550 819
571 819
571 817
573 817
573 798
574 798
574 833
487 833
487 821
477 821
477 839
744 839
744 849
778 849
778 859
725 859
725 869
597 869
597 874
558 874
558 873
591 873
591 866
446 866
446 863
355 863
355 856
151 856
151 878
118 878
118 880
77 880
77 844
78 844
78 787
82 787
82 766
80 766
80 707
68 707
68 648
35 648
35 811
33 811
33 893
29 893
29 703
4 703
4 370
