74
28 370
28 369
6 369
6 364
10 364
10 359
1 359
1 479
2 479
2 372
3 372
3 705
20 705
20 752
18 752
18 754
24 754
24 850
27 850
27 902
50 902
50 929
120 929
120 922
127 922
127 931
91 931
91 938
93 938
93 939
103 939
103 935
116 935
116 942
126 942
126 997
153 997
153 978
142 978
142 971
134 971
134 967
130 967
130 949
128 949
128 941
143 941
143 976
175 976
175 990
173 990
173 1005
177 1005
177 960
189 960
189 959
156 959
156 920
104 920
104 928
79 928
79 910
152 910
152 908
129 908
129 901
37 901
37 897
36 897
36 893
29 893
29 703
4 703
4 370
