300
193 66
193 65
27 65
27 64
138 64
138 63
67 63
67 60
1 60
1 73
3 73
3 93
4 93
4 102
5 102
5 105
6 105
6 84
7 84
7 230
10 230
10 219
28 219
28 196
32 196
32 221
113 221
113 222
112 222
112 224
92 224
92 231
71 231
71 237
131 237
131 241
133 241
133 242
26 242
26 243
41 243
41 275
43 275
43 266
50 266
50 280
52 280
52 254
77 254
77 283
22 283
22 278
25 278
25 277
15 277
15 289
34 289
34 290
2 290
2 292
19 292
19 301
30 301
30 303
31 303
31 295
45 295
45 285
49 285
49 288
72 288
72 298
57 298
57 291
51 291
51 333
63 333
63 316
53 316
53 312
70 312
70 305
62 305
62 299
78 299
78 296
73 296
73 284
81 284
81 287
95 287
95 272
125 272
125 279
121 279
121 286
123 286
123 300
127 300
127 282
129 282
129 314
108 314
108 310
104 310
104 345
106 345
106 359
93 359
93 361
80 361
80 370
79 370
79 338
74 338
74 344
56 344
56 357
60 357
60 379
94 379
94 402
98 402
98 417
109 417
109 419
65 419
65 441
86 441
86 438
76 438
76 434
107 434
107 429
122 429
122 416
119 416
119 427
118 427
118 407
120 407
120 401
117 401
117 385
105 385
105 383
102 383
102 378
103 378
103 368
111 368
111 372
115 372
115 353
110 353
110 322
145 322
145 324
147 324
147 320
151 320
151 297
162 297
162 358
161 358
161 347
155 347
155 354
150 354
150 430
149 430
149 487
183 487
183 488
196 488
196 493
225 493
225 498
200 498
200 497
141 497
141 494
99 494
99 500
228 500
228 495
293 495
293 491
212 491
212 489
329 489
329 499
351 499
351 490
344 490
344 476
393 476
393 474
343 474
343 496
341 496
341 466
311 466
311 462
267 462
267 472
247 472
247 399
259 399
259 398
301 398
301 394
241 394
241 468
236 468
236 408
235 408
235 439
234 439
234 470
238 470
238 471
232 471
232 473
272 473
272 463
288 463
288 465
302 465
302 469
298 469
298 479
336 479
336 483
250 483
250 485
207 485
207 492
201 492
201 486
152 486
152 484
154 484
154 480
153 480
153 373
167 373
167 363
158 363
158 360
163 360
163 331
164 331
164 294
142 294
142 293
135 293
135 281
173 281
173 276
148 276
148 269
114 269
114 267
85 267
85 257
124 257
124 248
66 248
66 247
144 247
144 240
139 240
139 236
91 236
91 232
116 232
116 210
156 210
156 207
197 207
197 205
220 205
220 202
84 202
84 201
83 201
83 200
90 200
90 187
20 187
20 204
24 204
24 211
8 211
8 104
9 104
9 79
13 79
13 66
