124
385 1030
385 1032
501 1032
501 1015
515 1015
515 892
510 892
510 879
272 879
272 877
44 877
44 925
34 925
34 948
19 948
19 908
8 908
8 959
6 959
6 1033
3 1033
3 1049
1 1049
1 1063
9 1063
9 919
12 919
12 1027
11 1027
11 1079
96 1079
96 1067
62 1067
62 1070
16 1070
16 1060
59 1060
59 1055
13 1055
13 1051
54 1051
54 1046
28 1046
28 1047
17 1047
17 1044
20 1044
20 1040
18 1040
18 1038
81 1038
81 1034
79 1034
79 1023
50 1023
50 1028
14 1028
14 965
43 965
43 939
48 939
48 968
46 968
46 974
57 974
57 942
64 942
64 930
55 930
55 964
49 964
49 918
66 918
66 903
61 903
61 880
76 880
76 881
176 881
176 878
214 878
214 884
305 884
305 885
394 885
394 894
437 894
437 889
446 889
446 882
462 882
462 883
493 883
493 893
514 893
514 973
512 973
512 1009
503 1009
503 1006
484 1006
484 1002
471 1002
471 1014
472 1014
472 1025
461 1025
461 1019
455 1019
455 1001
422 1001
422 999
415 999
415 977
414 977
414 1031
395 1031
395 1029
321 1029
321 1016
324 1016
324 1004
317 1004
317 1030
