482
365 120
365 158
357 158
357 136
354 136
354 171
359 171
359 268
358 268
358 352
356 352
356 367
318 367
318 357
241 357
241 356
250 356
250 336
286 336
286 334
274 334
274 323
227 323
227 322
138 322
138 303
128 303
128 302
148 302
148 300
125 300
125 288
6 288
6 317
1 317
1 319
11 319
11 362
16 362
16 390
19 390
19 373
18 373
18 359
12 359
12 329
14 329
14 311
15 311
15 308
7 308
7 293
33 293
33 294
79 294
79 290
116 290
116 296
36 296
36 304
136 304
136 326
191 326
191 330
126 330
126 332
230 332
230 333
231 333
231 325
245 325
245 339
196 339
196 335
80 335
80 337
44 337
44 402
23 402
23 406
48 406
48 414
51 414
51 404
60 404
60 364
58 364
58 360
62 360
62 347
67 347
67 409
70 409
70 418
29 418
29 419
95 419
95 383
81 383
81 381
74 381
74 361
75 361
75 377
100 377
100 374
91 374
91 372
85 372
85 349
153 349
153 348
98 348
98 342
93 342
93 340
235 340
235 355
187 355
187 354
180 354
180 358
299 358
299 363
292 363
292 375
248 375
248 379
184 379
184 407
193 407
193 405
211 405
211 416
215 416
215 425
53 425
53 436
27 436
27 437
37 437
37 438
69 438
69 440
31 440
31 443
120 443
120 441
131 441
131 442
139 442
139 454
155 454
155 455
140 455
140 456
285 456
285 460
181 460
181 461
192 461
192 463
207 463
207 462
287 462
287 452
269 452
269 449
253 449
253 453
173 453
173 444
174 444
174 439
167 439
167 435
92 435
92 434
112 434
112 431
158 431
158 433
162 433
162 430
277 430
277 427
221 427
221 399
238 399
238 408
234 408
234 415
316 415
316 421
313 421
313 451
320 451
320 417
329 417
329 447
334 447
334 448
340 448
340 423
341 423
341 428
343 428
343 459
351 459
351 424
352 424
352 450
353 450
353 422
344 422
344 413
257 413
257 400
261 400
261 403
338 403
338 401
333 401
333 395
307 395
307 386
276 386
276 392
275 392
275 393
263 393
263 398
242 398
242 397
229 397
229 394
220 394
220 382
300 382
300 368
361 368
361 273
370 273
370 280
369 280
369 370
373 370
373 387
385 387
385 389
391 389
391 412
397 412
397 410
409 410
409 396
412 396
412 388
403 388
403 371
433 371
433 378
447 378
447 391
461 391
461 376
470 376
470 384
490 384
490 411
494 411
494 420
426 420
426 429
435 429
435 432
443 432
443 426
495 426
495 445
420 445
420 476
304 476
304 480
258 480
258 475
244 475
244 474
330 474
330 468
134 468
134 465
21 465
21 464
20 464
20 466
130 466
130 469
272 469
272 470
322 470
322 473
311 473
311 472
179 472
179 477
190 477
190 478
178 478
178 471
176 471
176 479
127 479
127 481
337 481
337 482
437 482
437 484
202 484
202 483
168 483
168 486
135 486
135 500
264 500
264 498
266 498
266 490
260 490
260 494
226 494
226 489
280 489
280 488
225 488
225 497
199 497
199 485
303 485
303 499
315 499
315 492
355 492
355 487
451 487
451 491
424 491
424 493
446 493
446 495
453 495
453 496
459 496
459 467
425 467
425 446
473 446
473 458
481 458
481 457
500 457
500 365
499 365
499 369
398 369
398 284
418 284
418 346
421 346
421 350
428 350
428 324
472 324
472 331
438 331
438 343
456 343
456 351
493 351
493 345
498 345
498 341
489 341
489 328
479 328
479 327
482 327
482 321
462 321
462 316
477 316
477 289
497 289
497 275
480 275
480 276
475 276
475 314
419 314
419 272
405 272
405 282
392 282
392 295
395 295
395 385
374 385
374 380
381 380
381 366
375 366
375 344
372 344
372 270
378 270
378 260
380 260
380 253
362 253
362 247
360 247
360 190
364 190
364 217
366 217
366 181
367 181
367 122
371 122
371 137
368 137
368 140
379 140
379 121
382 121
382 150
386 150
386 82
407 82
407 109
406 109
406 173
415 173
415 189
417 189
417 182
431 182
431 196
430 196
430 209
432 209
432 256
411 256
411 231
400 231
400 257
436 257
436 227
441 227
441 236
450 236
450 234
455 234
455 267
478 267
478 174
476 174
476 244
460 244
460 266
458 266
458 218
440 218
440 214
439 214
439 169
408 169
408 81
384 81
384 108
377 108
377 120
