84
250 340
250 336
286 336
286 334
274 334
274 323
227 323
227 322
138 322
138 303
128 303
128 302
148 302
148 300
125 300
125 288
6 288
6 317
1 317
1 319
11 319
11 362
16 362
16 390
19 390
19 373
18 373
18 359
12 359
12 329
14 329
14 311
15 311
15 308
7 308
7 293
33 293
33 294
79 294
79 290
116 290
116 296
36 296
36 304
136 304
136 326
191 326
191 330
126 330
126 332
230 332
230 333
231 333
231 325
245 325
245 339
196 339
196 335
80 335
80 337
44 337
44 402
23 402
23 406
48 406
48 414
51 414
51 404
60 404
60 364
58 364
58 360
62 360
62 347
67 347
67 361
85 361
85 349
153 349
153 348
98 348
98 342
93 342
93 340
