222
318 367
318 357
241 357
241 356
250 356
250 336
286 336
286 334
274 334
274 323
227 323
227 322
138 322
138 303
128 303
128 302
148 302
148 300
125 300
125 288
6 288
6 317
1 317
1 319
11 319
11 362
16 362
16 390
19 390
19 373
18 373
18 359
12 359
12 329
14 329
14 311
15 311
15 308
7 308
7 293
33 293
33 294
79 294
79 290
116 290
116 296
36 296
36 304
136 304
136 326
191 326
191 330
126 330
126 332
230 332
230 333
231 333
231 325
245 325
245 339
196 339
196 335
80 335
80 337
44 337
44 402
23 402
23 406
48 406
48 414
51 414
51 404
60 404
60 364
58 364
58 360
62 360
62 347
67 347
67 409
70 409
70 418
29 418
29 419
95 419
95 383
81 383
81 381
74 381
74 361
75 361
75 377
100 377
100 374
91 374
91 372
85 372
85 349
153 349
153 348
98 348
98 342
93 342
93 340
235 340
235 355
187 355
187 354
180 354
180 358
299 358
299 363
292 363
292 375
248 375
248 379
184 379
184 407
193 407
193 405
211 405
211 416
215 416
215 425
53 425
53 436
27 436
27 437
37 437
37 438
69 438
69 440
31 440
31 443
120 443
120 441
131 441
131 442
139 442
139 454
155 454
155 455
140 455
140 456
285 456
285 460
181 460
181 461
192 461
192 463
207 463
207 462
287 462
287 452
269 452
269 449
253 449
253 453
173 453
173 444
174 444
174 439
167 439
167 435
92 435
92 434
112 434
112 431
158 431
158 433
162 433
162 430
277 430
277 427
221 427
221 399
238 399
238 408
234 408
234 415
316 415
316 421
313 421
313 451
320 451
320 417
329 417
329 447
334 447
334 448
340 448
340 423
341 423
341 428
343 428
343 459
351 459
351 424
352 424
352 450
353 450
353 422
344 422
344 413
257 413
257 400
261 400
261 403
338 403
338 401
333 401
333 398
242 398
242 397
229 397
229 394
220 394
220 382
300 382
300 368
361 368
361 367
