140
66 332
66 350
68 350
68 508
77 508
77 748
82 748
82 857
80 857
80 827
79 827
79 869
83 869
83 877
60 877
60 880
41 880
41 620
24 620
24 391
23 391
23 378
29 378
29 290
30 290
30 149
32 149
32 111
10 111
10 142
4 142
4 130
2 130
2 122
1 122
1 131
3 131
3 146
19 146
19 119
28 119
28 373
26 373
26 284
25 284
25 288
21 288
21 299
16 299
16 402
18 402
18 411
17 411
17 459
22 459
22 535
15 535
15 419
14 419
14 600
9 600
9 410
8 410
8 511
5 511
5 613
20 613
20 621
36 621
36 733
38 733
38 782
39 782
39 839
40 839
40 900
42 900
42 898
43 898
43 890
51 890
51 893
76 893
76 885
84 885
84 824
87 824
87 674
81 674
81 522
78 522
78 507
73 507
73 334
90 334
90 336
91 336
91 400
94 400
94 735
96 735
96 896
93 896
93 929
97 929
97 962
99 962
99 832
98 832
98 594
95 594
95 355
176 355
176 387
175 387
175 479
131 479
131 445
152 445
152 426
112 426
112 380
111 380
111 471
100 471
100 484
101 484
101 538
108 538
108 481
115 481
115 468
128 468
128 503
184 503
184 372
178 372
178 354
197 354
197 332
