434
66 332
66 350
68 350
68 508
77 508
77 748
82 748
82 857
80 857
80 827
79 827
79 869
83 869
83 877
60 877
60 880
41 880
41 620
24 620
24 391
23 391
23 378
29 378
29 290
30 290
30 149
32 149
32 111
10 111
10 142
4 142
4 130
2 130
2 122
1 122
1 131
3 131
3 146
19 146
19 119
28 119
28 373
26 373
26 284
25 284
25 288
21 288
21 299
16 299
16 402
18 402
18 411
17 411
17 459
22 459
22 535
15 535
15 419
14 419
14 600
9 600
9 410
8 410
8 511
5 511
5 613
20 613
20 621
36 621
36 733
38 733
38 782
39 782
39 839
40 839
40 900
42 900
42 898
43 898
43 890
51 890
51 893
76 893
76 885
84 885
84 824
87 824
87 674
81 674
81 522
78 522
78 507
73 507
73 334
90 334
90 336
91 336
91 400
94 400
94 735
96 735
96 896
93 896
93 929
97 929
97 962
99 962
99 832
98 832
98 594
95 594
95 355
176 355
176 387
175 387
175 479
131 479
131 445
152 445
152 426
112 426
112 380
120 380
120 368
111 368
111 471
100 471
100 484
101 484
101 538
108 538
108 481
115 481
115 468
128 468
128 536
146 536
146 541
116 541
116 565
134 565
134 582
117 582
117 858
161 858
161 922
154 922
154 1049
150 1049
150 978
149 978
149 1032
137 1032
137 935
138 935
138 899
105 899
105 918
103 918
103 923
104 923
104 946
119 946
119 1020
122 1020
122 944
123 944
123 937
127 937
127 914
130 914
130 925
133 925
133 1045
139 1045
139 1105
145 1105
145 1056
141 1056
141 1055
157 1055
157 1110
147 1110
147 1176
210 1176
210 1233
142 1233
142 1234
114 1234
114 1224
59 1224
59 1239
171 1239
171 1242
196 1242
196 1246
186 1246
186 1248
296 1248
296 1243
309 1243
309 1249
419 1249
419 1237
512 1237
512 1245
628 1245
628 1244
555 1244
555 1238
614 1238
614 1228
639 1228
639 1231
860 1231
860 1230
897 1230
897 1222
832 1222
832 1226
794 1226
794 1227
772 1227
772 1229
645 1229
645 1225
690 1225
690 1216
729 1216
729 1217
767 1217
767 1221
1100 1221
1100 1209
997 1209
997 1207
844 1207
844 1214
931 1214
931 1213
963 1213
963 1218
979 1218
979 1211
1047 1211
1047 1219
1028 1219
1028 1220
815 1220
815 1203
679 1203
679 1202
743 1202
743 1201
1169 1201
1169 1250
1170 1250
1170 1247
1171 1247
1171 1194
1167 1194
1167 1193
1161 1193
1161 1196
1103 1196
1103 1200
869 1200
869 1189
807 1189
807 1188
930 1188
930 1187
1125 1187
1125 1186
1096 1186
1096 1185
773 1185
773 1190
578 1190
578 1191
643 1191
643 1192
590 1192
590 1195
740 1195
740 1197
777 1197
777 1198
841 1198
841 1199
664 1199
664 1204
813 1204
813 1210
788 1210
788 1205
550 1205
550 1206
604 1206
604 1208
624 1208
624 1212
689 1212
689 1223
644 1223
644 1215
585 1215
585 1232
466 1232
466 1235
361 1235
361 1236
325 1236
325 1241
217 1241
217 1240
212 1240
212 1145
193 1145
193 1068
213 1068
213 1094
215 1094
215 1083
234 1083
234 830
227 830
227 734
228 734
228 643
278 643
278 649
261 649
261 656
281 656
281 682
303 682
303 693
423 693
423 703
373 703
373 705
402 705
402 731
379 731
379 754
382 754
382 760
406 760
406 751
418 751
418 741
388 741
388 740
428 740
428 737
452 737
452 768
458 768
458 736
404 736
404 713
429 713
429 697
463 697
463 691
461 691
461 690
465 690
465 685
374 685
374 684
305 684
305 669
304 669
304 662
299 662
299 637
226 637
226 653
218 653
218 702
216 702
216 729
209 729
209 755
211 755
211 769
219 769
219 714
224 714
224 746
225 746
225 881
233 881
233 938
221 938
221 974
231 974
231 1010
202 1010
202 1017
222 1017
222 1072
220 1072
220 1067
183 1067
183 1078
192 1078
192 1157
164 1157
164 1093
163 1093
163 936
162 936
162 845
125 845
125 826
124 826
124 808
118 808
118 626
165 626
165 609
155 609
155 576
153 576
153 503
184 503
184 372
178 372
178 354
197 354
197 332
