270
20 16
20 19
19 19
19 21
27 21
27 36
25 36
25 59
10 59
10 119
3 119
3 111
1 111
1 129
2 129
2 160
4 160
4 172
5 172
5 126
6 126
6 128
7 128
7 169
8 169
8 146
14 146
14 145
9 145
9 121
16 121
16 112
13 112
13 103
12 103
12 110
11 110
11 67
15 67
15 63
23 63
23 64
24 64
24 65
17 65
17 69
21 69
21 66
26 66
26 56
29 56
29 25
30 25
30 47
31 47
31 71
33 71
33 72
34 72
34 62
32 62
32 22
28 22
28 18
56 18
56 15
101 15
101 13
153 13
153 12
148 12
148 11
75 11
75 10
192 10
192 8
193 8
193 23
185 23
185 24
171 24
171 27
197 27
197 58
196 58
196 29
76 29
76 35
119 35
119 31
120 31
120 30
130 30
130 34
140 34
140 45
137 45
137 43
139 43
139 40
100 40
100 39
81 39
81 53
79 53
79 52
51 52
51 46
41 46
41 38
37 38
37 33
40 33
40 28
39 28
39 20
36 20
36 49
38 49
38 54
52 54
52 57
82 57
82 42
91 42
91 48
92 48
92 55
142 55
142 51
134 51
134 50
152 50
152 44
155 44
155 41
145 41
145 37
157 37
157 32
195 32
195 60
189 60
189 61
190 61
190 70
188 70
188 73
170 73
170 81
160 81
160 76
150 76
150 78
146 78
146 79
151 79
151 82
154 82
154 83
166 83
166 92
129 92
129 80
128 80
128 109
122 109
122 142
124 142
124 134
125 134
125 149
136 149
136 153
123 153
123 163
121 163
121 171
118 171
118 164
116 164
116 139
102 139
102 186
83 186
83 193
80 193
80 181
84 181
84 184
89 184
89 141
90 141
90 183
97 183
97 150
93 150
93 104
88 104
88 102
107 102
107 94
112 94
112 89
96 89
96 96
99 96
99 99
86 99
86 100
87 100
87 118
85 118
85 140
77 140
77 144
78 144
78 168
74 168
74 187
43 187
43 188
42 188
42 194
149 194
149 192
113 192
113 191
117 191
117 189
111 189
111 185
105 185
105 155
106 155
106 152
109 152
109 156
108 156
108 159
110 159
110 178
126 178
126 154
144 154
144 147
127 147
127 124
132 124
132 113
133 113
133 108
131 108
131 97
176 97
176 75
191 75
191 74
199 74
199 68
198 68
198 26
200 26
200 17
194 17
194 7
172 7
172 9
47 9
47 16
