84
20 16
20 19
19 19
19 21
27 21
27 36
25 36
25 59
10 59
10 119
3 119
3 111
1 111
1 129
2 129
2 160
4 160
4 172
5 172
5 126
6 126
6 128
7 128
7 169
8 169
8 146
14 146
14 145
9 145
9 121
16 121
16 112
13 112
13 103
12 103
12 110
11 110
11 67
15 67
15 63
23 63
23 64
24 64
24 65
17 65
17 69
21 69
21 66
26 66
26 56
29 56
29 25
30 25
30 47
31 47
31 71
33 71
33 72
34 72
34 62
32 62
32 22
28 22
28 18
56 18
56 15
101 15
101 13
153 13
153 12
148 12
148 11
75 11
75 10
192 10
192 8
193 8
193 17
194 17
194 7
172 7
172 9
47 9
47 16
