182
45 1
45 5
39 5
39 23
42 23
42 36
38 36
38 2
37 2
37 55
40 55
40 58
41 58
41 40
47 40
47 61
12 61
12 62
50 62
50 66
35 66
35 63
9 63
9 41
13 41
13 32
7 32
7 35
5 35
5 43
1 43
1 52
3 52
3 45
8 45
8 67
29 67
29 68
28 68
28 75
26 75
26 78
33 78
33 94
32 94
32 80
24 80
24 86
25 86
25 91
19 91
19 85
23 85
23 81
20 81
20 84
4 84
4 87
15 87
15 100
17 100
17 97
27 97
27 96
22 96
22 95
31 95
31 99
34 99
34 98
36 98
36 70
58 70
58 82
57 82
57 71
56 71
56 73
44 73
44 79
49 79
49 83
55 83
55 92
54 92
54 93
63 93
63 89
72 89
72 74
73 74
73 76
74 76
74 72
76 72
76 64
70 64
70 69
69 69
69 60
95 60
95 57
97 57
97 18
100 18
100 11
99 11
99 9
98 9
98 8
79 8
79 12
88 12
88 15
84 15
84 24
77 24
77 31
86 31
86 26
80 26
80 25
87 25
87 17
91 17
91 21
96 21
96 33
93 33
93 39
89 39
89 34
78 34
78 38
81 38
81 37
83 37
83 42
94 42
94 46
92 46
92 54
90 54
90 48
85 48
85 53
82 53
82 51
75 51
75 59
68 59
68 77
71 77
71 88
62 88
62 90
59 90
59 65
64 65
64 50
67 50
67 47
66 47
66 30
65 30
65 14
61 14
61 10
60 10
60 44
53 44
53 56
52 56
52 49
48 49
48 28
43 28
43 20
46 20
46 13
51 13
51 1
