146
122 99
122 108
125 108
125 110
63 110
63 112
51 112
51 73
48 73
48 63
52 63
52 58
50 58
50 49
47 49
47 111
44 111
44 119
58 119
58 120
68 120
68 114
76 114
76 117
126 117
126 118
103 118
103 121
116 121
116 125
113 125
113 129
96 129
96 130
93 130
93 127
43 127
43 84
14 84
14 77
37 77
37 74
7 74
7 71
2 71
2 69
1 69
1 75
3 75
3 76
8 76
8 87
16 87
16 90
5 90
5 94
12 94
12 96
26 96
26 102
22 102
22 107
35 107
35 101
30 101
30 91
38 91
38 85
42 85
42 103
41 103
41 128
46 128
46 131
56 131
56 132
49 132
49 134
40 134
40 137
45 137
45 138
53 138
53 148
105 148
105 147
129 147
129 149
138 149
138 150
141 150
141 115
144 115
144 83
145 83
145 66
150 66
150 41
149 41
149 35
148 35
148 37
147 37
147 32
146 32
146 39
142 39
142 70
143 70
143 97
139 97
139 92
135 92
135 104
136 104
136 106
140 106
140 145
128 145
128 146
66 146
66 144
104 144
104 142
91 142
91 141
75 141
75 143
65 143
65 140
71 140
71 139
57 139
57 136
60 136
60 135
59 135
59 133
120 133
120 122
131 122
131 116
118 116
118 113
127 113
127 99
