256
55 1
55 2
99 2
99 4
77 4
77 17
69 17
69 5
67 5
67 16
62 16
62 21
70 21
70 20
82 20
82 47
79 47
79 42
78 42
78 43
73 43
73 52
89 52
89 56
111 56
111 53
112 53
112 57
98 57
98 60
101 60
101 98
95 98
95 89
87 89
87 81
80 81
80 80
74 80
74 82
84 82
84 86
72 86
72 100
81 100
81 105
94 105
94 99
122 99
122 108
125 108
125 110
102 110
102 109
63 109
63 112
51 112
51 73
48 73
48 63
52 63
52 58
50 58
50 49
47 49
47 111
44 111
44 119
58 119
58 120
68 120
68 114
76 114
76 117
126 117
126 118
103 118
103 121
116 121
116 125
113 125
113 129
96 129
96 130
93 130
93 126
61 126
61 124
64 124
64 123
54 123
54 127
43 127
43 79
39 79
39 84
14 84
14 77
18 77
18 78
37 78
37 74
7 74
7 71
2 71
2 69
1 69
1 75
3 75
3 76
8 76
8 87
16 87
16 90
5 90
5 94
12 94
12 96
26 96
26 102
22 102
22 107
35 107
35 101
30 101
30 91
38 91
38 85
42 85
42 103
41 103
41 128
46 128
46 131
56 131
56 132
49 132
49 134
40 134
40 137
45 137
45 138
53 138
53 148
105 148
105 147
129 147
129 149
138 149
138 150
141 150
141 115
144 115
144 83
145 83
145 66
150 66
150 41
149 41
149 35
148 35
148 37
147 37
147 32
146 32
146 39
142 39
142 70
143 70
143 97
139 97
139 92
135 92
135 104
136 104
136 106
140 106
140 145
128 145
128 146
66 146
66 144
104 144
104 142
91 142
91 141
75 141
75 143
65 143
65 140
71 140
71 139
57 139
57 136
60 136
60 135
59 135
59 133
120 133
120 122
131 122
131 116
118 116
118 113
127 113
127 93
124 93
124 88
121 88
121 95
108 95
108 64
114 64
114 30
107 30
107 26
119 26
119 25
106 25
106 38
110 38
110 48
100 48
100 51
90 51
90 19
88 19
88 18
85 18
85 34
86 34
86 36
83 36
83 9
92 9
92 6
109 6
109 13
97 13
97 14
133 14
133 15
134 15
134 11
137 11
137 10
117 10
117 12
115 12
115 3
123 3
123 8
130 8
130 7
132 7
132 1
