138
14 11
14 33
5 33
5 34
4 34
4 30
2 30
2 4
1 4
1 35
19 35
19 36
18 36
18 58
15 58
15 45
12 45
12 62
8 62
8 70
6 70
6 78
7 78
7 72
11 72
11 68
13 68
13 77
16 77
16 64
10 64
10 63
21 63
21 56
20 56
20 51
23 51
23 47
24 47
24 44
22 44
22 32
17 32
17 12
43 12
43 14
45 14
45 13
46 13
46 15
28 15
28 17
29 17
29 23
26 23
26 28
27 28
27 41
32 41
32 49
35 49
35 46
38 46
38 52
40 52
40 43
52 43
52 40
96 40
96 48
91 48
91 50
61 50
61 90
60 90
60 67
58 67
58 99
57 99
57 119
67 119
67 157
71 157
71 166
75 166
75 169
64 169
64 181
76 181
76 196
78 196
78 163
80 163
80 153
94 153
94 150
115 150
115 146
68 146
68 100
63 100
63 75
62 75
62 71
77 71
77 69
69 69
69 66
73 66
73 55
88 55
88 54
84 54
84 53
102 53
102 42
99 42
99 39
59 39
59 37
37 37
37 31
36 31
36 27
33 27
33 25
47 25
47 24
55 24
55 22
44 22
44 20
30 20
30 19
34 19
34 18
48 18
48 11
