818
247 1
247 4
204 4
204 2
193 2
193 3
112 3
112 33
120 33
120 97
127 97
127 90
131 90
131 41
151 41
151 38
125 38
125 32
160 32
160 31
162 31
162 127
170 127
170 138
161 138
161 129
107 129
107 135
110 135
110 143
159 143
159 147
101 147
101 139
86 139
86 120
106 120
106 99
89 99
89 59
92 59
92 43
90 43
90 13
80 13
80 19
87 19
87 49
88 49
88 111
97 111
97 118
85 118
85 136
84 136
84 149
141 149
141 154
104 154
104 174
98 174
98 151
94 151
94 167
95 167
95 213
157 213
157 214
186 214
186 215
239 215
239 210
176 210
176 190
207 190
207 193
269 193
269 212
279 212
279 217
251 217
251 241
231 241
231 246
258 246
258 239
260 239
260 251
208 251
208 247
205 247
205 255
259 255
259 270
262 270
262 279
250 279
250 284
436 284
436 285
277 285
277 286
266 286
266 287
139 287
139 289
219 289
219 288
226 288
226 290
117 290
117 262
99 262
99 298
96 298
96 326
115 326
115 324
119 324
119 316
137 316
137 329
100 329
100 331
243 331
243 342
135 342
135 382
121 382
121 395
138 395
138 396
105 396
105 409
91 409
91 411
116 411
116 419
74 419
74 420
93 420
93 422
69 422
69 394
59 394
59 410
44 410
44 404
18 404
18 416
25 416
25 424
39 424
39 412
49 412
49 435
40 435
40 438
16 438
16 441
10 441
10 429
5 429
5 369
1 369
1 451
12 451
12 455
14 455
14 452
34 452
34 450
21 450
21 445
46 445
46 442
53 442
53 434
57 434
57 432
78 432
78 431
81 431
81 454
82 454
82 425
64 425
64 403
66 403
66 423
83 423
83 428
118 428
118 401
153 401
153 398
140 398
140 365
154 365
154 358
148 358
148 354
145 354
145 345
143 345
143 343
245 343
245 402
224 402
224 397
244 397
244 375
215 375
215 384
229 384
229 386
242 386
242 390
237 390
237 391
227 391
227 393
206 393
206 406
246 406
246 405
257 405
257 363
256 363
256 400
255 400
255 387
249 387
249 355
265 355
265 348
248 348
248 340
285 340
285 357
323 357
323 353
339 353
339 356
375 356
375 359
301 359
301 371
322 371
322 376
325 376
325 378
320 378
320 383
308 383
308 385
324 385
324 399
316 399
316 407
218 407
218 417
212 417
212 447
312 447
312 453
399 453
399 459
330 459
330 461
346 461
346 462
342 462
342 463
348 463
348 466
311 466
311 465
253 465
253 472
203 472
203 470
177 470
177 475
156 475
156 487
171 487
171 494
179 494
179 483
189 483
189 476
202 476
202 473
306 473
306 498
310 498
310 490
317 490
317 489
315 489
315 471
272 471
272 468
358 468
358 460
392 460
392 474
353 474
353 478
386 478
386 479
373 479
373 481
379 481
379 488
384 488
384 480
402 480
402 496
407 496
407 464
410 464
410 497
421 497
421 499
423 499
423 493
452 493
452 500
460 500
460 491
458 491
458 492
422 492
422 495
411 495
411 486
418 486
418 485
439 485
439 484
416 484
416 477
447 477
447 469
414 469
414 482
412 482
412 467
415 467
415 458
477 458
477 444
492 444
492 414
500 414
500 370
442 370
442 366
419 366
419 372
455 372
455 373
496 373
496 377
459 377
459 374
449 374
449 380
403 380
403 381
491 381
491 388
485 388
485 392
483 392
483 433
417 433
417 436
433 436
433 439
468 439
468 448
464 448
464 456
413 456
413 457
401 457
401 449
338 449
338 446
236 446
236 443
263 443
263 437
305 437
305 415
296 415
296 418
292 418
292 426
303 426
303 430
232 430
232 440
213 440
213 427
264 427
264 413
238 413
238 408
307 408
307 421
326 421
326 379
328 379
328 364
318 364
318 367
304 367
304 361
319 361
319 362
350 362
350 360
390 360
390 351
398 351
398 350
376 350
376 347
369 347
369 349
327 349
327 352
302 352
302 344
297 344
297 336
299 336
299 330
172 330
172 328
149 328
149 327
155 327
155 315
158 315
158 321
178 321
178 320
209 320
209 325
313 325
313 323
357 323
357 317
356 317
356 307
355 307
355 319
240 319
240 318
252 318
252 310
182 310
182 309
167 309
167 306
199 306
199 305
114 305
114 312
163 312
163 311
217 311
217 314
190 314
190 313
103 313
103 271
108 271
108 295
111 295
111 301
123 301
123 302
293 302
293 300
146 300
146 299
281 299
281 297
128 297
128 294
130 294
130 291
432 291
432 293
438 293
438 304
487 304
487 308
474 308
474 334
482 334
482 322
495 322
495 264
499 264
499 263
498 263
498 228
475 228
475 209
481 209
481 225
489 225
489 216
486 216
486 165
479 165
479 195
471 195
471 220
472 220
472 229
461 229
461 208
453 208
453 238
462 238
462 243
429 243
429 245
427 245
427 257
431 257
431 267
435 267
435 265
463 265
463 259
467 259
467 231
494 231
494 278
493 278
493 303
440 303
440 283
426 283
426 282
393 282
393 281
298 281
298 280
378 280
378 276
387 276
387 274
394 274
394 219
395 219
395 203
391 203
391 192
385 192
385 163
380 163
380 160
366 160
366 166
361 166
361 175
354 175
354 176
349 176
349 158
367 158
367 156
371 156
371 74
389 74
389 65
405 65
405 66
396 66
396 77
397 77
397 85
400 85
400 108
444 108
444 113
441 113
441 133
443 133
443 150
424 150
424 159
445 159
445 119
454 119
454 134
476 134
476 144
480 144
480 131
466 131
466 128
470 128
470 76
490 76
490 105
484 105
484 122
497 122
497 75
488 75
488 40
473 40
473 37
430 37
430 35
425 35
425 44
420 44
420 61
428 61
428 62
434 62
434 63
446 63
446 83
448 83
448 89
451 89
451 78
457 78
457 68
450 68
450 60
437 60
437 46
478 46
478 57
469 57
469 94
465 94
465 109
456 109
456 106
404 106
404 82
406 82
406 91
409 91
409 84
408 84
408 58
388 58
388 71
374 71
374 45
370 45
370 124
365 124
365 104
364 104
364 121
362 121
362 112
363 112
363 102
351 102
351 145
345 145
345 153
343 153
343 177
383 177
383 184
372 184
372 185
368 185
368 200
335 200
335 201
314 201
314 204
321 204
321 207
331 207
331 223
333 223
333 206
381 206
381 252
382 252
382 258
377 258
377 277
360 277
360 261
347 261
347 256
336 256
336 248
337 248
337 235
352 235
352 230
341 230
341 233
332 233
332 237
329 237
329 240
334 240
334 260
340 260
340 266
359 266
359 272
309 272
309 273
344 273
344 275
267 275
267 234
268 234
268 249
270 249
270 236
280 236
280 222
288 222
288 194
276 194
276 191
241 191
241 189
166 189
166 187
211 187
211 178
210 178
210 171
164 171
164 205
109 205
109 179
113 179
113 170
124 170
124 162
132 162
132 172
144 172
144 148
180 148
180 142
183 142
183 140
197 140
197 132
187 132
187 126
175 126
175 115
174 115
174 146
173 146
173 125
168 125
168 30
194 30
194 36
188 36
188 39
191 39
191 67
196 67
196 54
192 54
192 48
201 48
201 29
165 29
165 27
142 27
142 24
133 24
133 22
184 22
184 18
150 18
150 15
152 15
152 9
147 9
147 10
136 10
136 11
134 11
134 8
126 8
126 21
122 21
122 7
198 7
198 6
129 6
129 5
254 5
254 1
