238
243 336
243 342
135 342
135 382
121 382
121 395
138 395
138 396
105 396
105 409
91 409
91 411
116 411
116 419
74 419
74 420
93 420
93 422
69 422
69 394
59 394
59 410
44 410
44 404
18 404
18 416
25 416
25 424
39 424
39 412
49 412
49 435
40 435
40 438
16 438
16 441
10 441
10 429
5 429
5 369
1 369
1 451
12 451
12 455
14 455
14 452
34 452
34 450
21 450
21 445
46 445
46 442
53 442
53 434
57 434
57 432
78 432
78 431
81 431
81 454
82 454
82 425
64 425
64 403
66 403
66 423
83 423
83 428
118 428
118 401
153 401
153 398
140 398
140 365
154 365
154 358
148 358
148 354
145 354
145 345
143 345
143 343
245 343
245 402
224 402
224 397
244 397
244 375
215 375
215 384
229 384
229 386
242 386
242 390
237 390
237 391
227 391
227 393
206 393
206 406
246 406
246 405
257 405
257 363
256 363
256 400
255 400
255 387
249 387
249 355
265 355
265 348
248 348
248 340
285 340
285 357
323 357
323 353
339 353
339 356
375 356
375 359
301 359
301 371
322 371
322 376
325 376
325 378
320 378
320 383
308 383
308 385
324 385
324 399
316 399
316 407
218 407
218 417
212 417
212 447
312 447
312 453
399 453
399 459
330 459
330 461
346 461
346 462
342 462
342 463
348 463
348 466
311 466
311 465
253 465
253 472
203 472
203 470
177 470
177 475
156 475
156 487
171 487
171 494
179 494
179 483
189 483
189 476
202 476
202 473
306 473
306 498
310 498
310 490
317 490
317 489
315 489
315 471
272 471
272 468
358 468
358 460
392 460
392 474
353 474
353 478
386 478
386 479
373 479
373 481
379 481
379 488
384 488
384 480
402 480
402 496
407 496
407 464
410 464
410 485
439 485
439 484
416 484
416 482
412 482
412 467
415 467
415 458
477 458
477 457
401 457
401 449
338 449
338 446
236 446
236 443
263 443
263 440
213 440
213 427
264 427
264 413
238 413
238 408
326 408
326 379
328 379
328 367
304 367
304 361
350 361
350 360
390 360
390 352
302 352
302 344
297 344
297 336
