574
262 277
262 279
250 279
250 284
436 284
436 285
277 285
277 286
266 286
266 287
139 287
139 289
219 289
219 288
226 288
226 290
117 290
117 262
99 262
99 298
96 298
96 326
115 326
115 324
119 324
119 316
137 316
137 329
100 329
100 331
243 331
243 342
135 342
135 382
121 382
121 395
138 395
138 396
105 396
105 409
91 409
91 411
116 411
116 419
74 419
74 420
93 420
93 422
69 422
69 394
59 394
59 410
44 410
44 404
18 404
18 416
25 416
25 424
39 424
39 412
49 412
49 435
40 435
40 438
16 438
16 441
10 441
10 429
5 429
5 369
1 369
1 451
12 451
12 455
14 455
14 452
34 452
34 450
21 450
21 445
46 445
46 442
53 442
53 434
57 434
57 432
78 432
78 431
81 431
81 454
82 454
82 425
64 425
64 403
66 403
66 423
83 423
83 428
118 428
118 401
153 401
153 398
140 398
140 365
154 365
154 358
148 358
148 354
145 354
145 345
143 345
143 343
245 343
245 402
224 402
224 397
244 397
244 375
215 375
215 384
229 384
229 386
242 386
242 390
237 390
237 391
227 391
227 393
206 393
206 406
246 406
246 405
257 405
257 363
256 363
256 400
255 400
255 387
249 387
249 355
265 355
265 348
248 348
248 340
285 340
285 357
323 357
323 353
339 353
339 356
375 356
375 359
301 359
301 371
322 371
322 376
325 376
325 378
320 378
320 383
308 383
308 385
324 385
324 399
316 399
316 407
218 407
218 417
212 417
212 447
312 447
312 453
399 453
399 459
330 459
330 461
346 461
346 462
342 462
342 463
348 463
348 466
311 466
311 465
253 465
253 472
203 472
203 470
177 470
177 475
156 475
156 487
171 487
171 494
179 494
179 483
189 483
189 476
202 476
202 473
306 473
306 498
310 498
310 490
317 490
317 489
315 489
315 471
272 471
272 468
358 468
358 460
392 460
392 474
353 474
353 478
386 478
386 479
373 479
373 481
379 481
379 488
384 488
384 480
402 480
402 496
407 496
407 464
410 464
410 497
421 497
421 499
423 499
423 493
452 493
452 500
460 500
460 491
458 491
458 492
422 492
422 495
411 495
411 486
418 486
418 485
439 485
439 484
416 484
416 477
447 477
447 469
414 469
414 482
412 482
412 467
415 467
415 458
477 458
477 444
492 444
492 414
500 414
500 370
442 370
442 366
419 366
419 372
455 372
455 373
496 373
496 377
459 377
459 374
449 374
449 380
403 380
403 381
491 381
491 388
485 388
485 392
483 392
483 433
417 433
417 436
433 436
433 439
468 439
468 448
464 448
464 456
413 456
413 457
401 457
401 449
338 449
338 446
236 446
236 443
263 443
263 437
305 437
305 415
296 415
296 418
292 418
292 426
303 426
303 430
232 430
232 440
213 440
213 427
264 427
264 413
238 413
238 408
307 408
307 421
326 421
326 379
328 379
328 364
318 364
318 367
304 367
304 361
319 361
319 362
350 362
350 360
390 360
390 351
398 351
398 350
376 350
376 347
369 347
369 349
327 349
327 352
302 352
302 344
297 344
297 336
299 336
299 330
172 330
172 328
149 328
149 327
155 327
155 315
158 315
158 321
178 321
178 320
209 320
209 325
313 325
313 323
357 323
357 317
356 317
356 307
355 307
355 319
240 319
240 318
252 318
252 310
182 310
182 309
167 309
167 306
199 306
199 305
114 305
114 312
163 312
163 311
217 311
217 314
190 314
190 313
103 313
103 271
108 271
108 295
111 295
111 301
123 301
123 302
293 302
293 300
146 300
146 299
281 299
281 297
128 297
128 294
130 294
130 291
432 291
432 293
438 293
438 304
487 304
487 308
474 308
474 334
482 334
482 322
495 322
495 264
499 264
499 263
498 263
498 228
475 228
475 209
481 209
481 225
489 225
489 216
486 216
486 165
479 165
479 195
471 195
471 220
472 220
472 229
461 229
461 208
453 208
453 238
462 238
462 243
429 243
429 245
427 245
427 257
431 257
431 267
435 267
435 265
463 265
463 259
467 259
467 231
494 231
494 278
493 278
493 303
440 303
440 283
426 283
426 282
393 282
393 281
298 281
298 280
378 280
378 276
387 276
387 274
394 274
394 219
395 219
395 203
391 203
391 192
385 192
385 176
349 176
349 158
367 158
367 156
371 156
371 74
389 74
389 65
405 65
405 66
396 66
396 77
397 77
397 85
400 85
400 108
444 108
444 113
441 113
441 133
443 133
443 150
424 150
424 159
445 159
445 119
454 119
454 134
476 134
476 144
480 144
480 131
466 131
466 128
470 128
470 76
490 76
490 105
484 105
484 122
497 122
497 75
488 75
488 44
420 44
420 61
428 61
428 62
434 62
434 63
450 63
450 60
437 60
437 46
478 46
478 57
469 57
469 94
465 94
465 109
456 109
456 106
404 106
404 82
408 82
408 58
388 58
388 71
370 71
370 124
351 124
351 145
345 145
345 153
343 153
343 177
383 177
383 184
372 184
372 185
368 185
368 200
335 200
335 201
314 201
314 204
321 204
321 207
331 207
331 223
333 223
333 206
381 206
381 252
382 252
382 258
377 258
377 277
