84
9 9
9 13
1 13
1 20
2 20
2 21
17 21
17 18
14 18
14 11
18 11
18 29
51 29
51 23
27 23
27 14
34 14
34 10
164 10
164 15
156 15
156 16
58 16
58 17
152 17
152 19
141 19
141 22
166 22
166 12
169 12
169 25
117 25
117 24
108 24
108 28
107 28
107 38
106 38
106 53
110 53
110 56
104 56
104 59
147 59
147 61
131 61
131 75
129 75
129 68
126 68
126 79
171 79
171 76
203 76
203 71
165 71
165 69
204 69
204 65
167 65
167 64
155 64
155 62
207 62
207 60
162 60
162 51
145 51
145 50
109 50
109 49
124 49
124 44
111 44
111 37
116 37
116 30
115 30
115 27
140 27
140 26
183 26
183 9
