170
9 9
9 13
1 13
1 20
2 20
2 21
17 21
17 18
14 18
14 11
18 11
18 29
51 29
51 23
27 23
27 14
34 14
34 10
164 10
164 15
156 15
156 16
58 16
58 17
152 17
152 19
141 19
141 22
166 22
166 12
169 12
169 25
117 25
117 24
108 24
108 28
107 28
107 38
106 38
106 53
110 53
110 56
104 56
104 59
147 59
147 61
131 61
131 75
129 75
129 68
126 68
126 79
171 79
171 76
203 76
203 71
165 71
165 69
204 69
204 63
176 63
176 65
167 65
167 64
155 64
155 62
207 62
207 58
208 58
208 93
177 93
177 95
209 95
209 97
187 97
187 123
163 123
163 105
132 105
132 120
144 120
144 128
88 128
88 116
65 116
65 125
79 125
79 133
59 133
59 108
61 108
61 114
118 114
118 102
99 102
99 101
89 101
89 99
101 99
101 94
94 94
94 81
36 81
36 80
42 80
42 77
41 77
41 78
20 78
20 91
47 91
47 85
53 85
53 84
78 84
78 86
87 86
87 104
105 104
105 106
86 106
86 107
100 107
100 109
114 109
114 111
97 111
97 110
62 110
62 100
57 100
57 134
80 134
80 124
85 124
85 129
154 129
154 118
160 118
160 126
197 126
197 121
192 121
192 115
193 115
193 103
220 103
220 98
212 98
212 54
196 54
196 60
162 60
162 51
145 51
145 50
109 50
109 49
124 49
124 44
111 44
111 37
116 37
116 30
115 30
115 27
140 27
140 26
183 26
183 9
