180
8 102
8 95
1 95
1 120
2 120
2 133
58 133
58 135
111 135
111 127
117 127
117 130
167 130
167 140
162 140
162 144
160 144
160 145
148 145
148 167
158 167
158 188
166 188
166 184
174 184
174 195
178 195
178 189
189 189
189 187
210 187
210 190
194 190
194 202
144 202
144 180
138 180
138 166
142 166
142 154
134 154
134 159
129 159
129 191
131 191
131 194
130 194
130 203
225 203
225 209
227 209
227 214
203 214
203 211
206 211
206 207
197 207
197 215
234 215
234 216
149 216
149 248
123 248
123 222
137 222
137 221
143 221
143 205
139 205
139 218
132 218
132 208
112 208
112 210
118 210
118 226
116 226
116 233
121 233
121 247
98 247
98 241
95 241
95 238
33 238
33 240
25 240
25 237
26 237
26 229
40 229
40 236
69 236
69 235
70 235
70 228
56 228
56 230
66 230
66 231
50 231
50 225
43 225
43 227
36 227
36 201
35 201
35 192
30 192
30 219
29 219
29 176
81 176
81 186
109 186
109 162
108 162
108 164
104 164
104 178
94 178
94 185
91 185
91 156
92 156
92 155
103 155
103 153
87 153
87 183
82 183
82 173
28 173
28 193
27 193
27 220
23 220
23 234
17 234
17 239
10 239
10 242
97 242
97 246
67 246
67 249
152 249
152 223
157 223
157 217
246 217
246 213
244 213
244 212
229 212
229 200
212 200
212 181
181 181
181 174
180 174
180 169
165 169
165 163
156 163
156 157
164 157
164 151
169 151
169 128
191 128
191 126
86 126
86 129
93 129
93 134
90 134
90 132
3 132
3 102
