72
7 156
7 66
1 66
1 91
2 91
2 90
6 90
6 128
3 128
3 136
4 136
4 178
5 178
5 157
8 157
8 172
43 172
43 164
44 164
44 173
49 173
49 200
65 200
65 189
56 189
56 183
70 183
70 196
104 196
104 199
110 199
110 198
168 198
168 186
132 186
132 182
116 182
116 184
115 184
115 185
127 185
127 187
149 187
149 190
164 190
164 191
158 191
158 193
148 193
148 197
122 197
122 195
83 195
83 194
71 194
71 180
72 180
72 179
58 179
58 175
64 175
64 171
55 171
55 166
63 166
63 163
39 163
39 170
33 170
33 167
13 167
13 156
