222
53 48
53 46
50 46
50 42
51 42
51 38
47 38
47 26
22 26
22 33
21 33
21 69
11 69
11 72
9 72
9 74
10 74
10 156
7 156
7 66
1 66
1 91
2 91
2 90
6 90
6 128
3 128
3 136
4 136
4 178
5 178
5 157
8 157
8 172
43 172
43 164
44 164
44 173
49 173
49 200
65 200
65 189
56 189
56 183
70 183
70 196
104 196
104 199
110 199
110 198
168 198
168 186
132 186
132 182
119 182
119 174
116 174
116 184
115 184
115 185
127 185
127 188
147 188
147 187
149 187
149 190
164 190
164 191
158 191
158 193
148 193
148 197
122 197
122 192
101 192
101 195
83 195
83 181
85 181
85 160
88 160
88 158
81 158
81 194
71 194
71 180
72 180
72 177
73 177
73 176
68 176
68 179
58 179
58 175
64 175
64 171
55 171
55 166
63 166
63 161
35 161
35 163
39 163
39 170
33 170
33 167
13 167
13 95
12 95
12 71
23 71
23 28
24 28
24 103
19 103
19 107
17 107
17 97
14 97
14 141
18 141
18 142
57 142
57 137
66 137
66 109
69 109
69 106
108 106
108 99
111 99
111 133
109 133
109 116
107 116
107 151
97 151
97 150
106 150
106 144
103 144
103 148
102 148
102 145
89 145
89 146
100 146
100 147
27 147
27 152
59 152
59 153
76 153
76 155
182 155
182 159
178 159
178 168
181 168
181 169
195 169
195 165
199 165
199 162
190 162
190 143
165 143
165 149
159 149
159 154
112 154
112 114
135 114
135 117
151 117
151 115
172 115
172 113
142 113
142 112
118 112
118 111
161 111
161 110
124 110
124 105
137 105
137 104
120 104
120 102
143 102
143 100
160 100
160 98
99 98
99 101
54 101
54 119
32 119
32 120
38 120
38 121
48 121
48 125
40 125
40 129
41 129
41 130
45 130
45 135
28 135
28 138
36 138
36 139
37 139
37 140
20 140
20 122
25 122
25 79
30 79
30 48
