132
1 5
1 38
4 38
4 40
6 40
6 45
8 45
8 18
7 18
7 15
3 15
3 31
2 31
2 11
10 11
10 19
13 19
13 9
29 9
29 12
37 12
37 10
30 10
30 8
5 8
5 7
55 7
55 17
57 17
57 16
74 16
74 22
68 22
68 29
67 29
67 21
59 21
59 33
51 33
51 24
58 24
58 20
40 20
40 26
31 26
31 23
25 23
25 37
24 37
24 28
16 28
16 27
14 27
14 87
18 87
18 83
26 83
26 88
19 88
19 89
21 89
21 91
27 91
27 100
71 100
71 99
38 99
38 98
95 98
95 96
89 96
89 94
87 94
87 93
98 93
98 90
96 90
96 86
92 86
92 92
83 92
83 95
53 95
53 85
47 85
47 84
45 84
45 97
28 97
28 78
20 78
20 82
17 82
17 57
15 57
15 53
22 53
22 56
23 56
23 48
32 48
32 52
42 52
42 55
35 55
35 71
33 71
33 75
36 75
36 58
44 58
44 51
65 51
65 50
48 50
48 49
34 49
34 34
60 34
60 32
64 32
64 30
69 30
69 25
90 25
90 14
80 14
80 13
70 13
70 6
12 6
12 5
