108
6 47
6 60
2 60
2 69
1 69
1 80
3 80
3 94
16 94
16 100
20 100
20 88
24 88
24 92
29 92
29 91
28 91
28 72
27 72
27 79
25 79
25 70
34 70
34 67
73 67
73 76
71 76
71 81
58 81
58 89
59 89
59 93
65 93
65 83
74 83
74 97
55 97
55 95
54 95
54 98
85 98
85 99
93 99
93 75
91 75
91 68
88 68
88 78
84 78
84 77
83 77
83 85
89 85
89 96
75 96
75 90
81 90
81 64
46 64
46 63
31 63
31 62
21 62
21 65
76 65
76 66
19 66
19 84
13 84
13 82
9 82
9 86
23 86
23 87
4 87
4 74
5 74
5 71
10 71
10 73
12 73
12 59
7 59
7 48
44 48
44 50
45 50
45 49
96 49
96 51
40 51
40 52
87 52
87 53
22 53
22 54
60 54
60 56
72 56
72 58
78 58
78 57
80 57
80 55
92 55
92 61
98 61
98 47
