264
1 150
1 197
18 197
18 221
4 221
4 228
30 228
30 227
34 227
34 424
33 424
33 672
48 672
48 659
53 659
53 693
7 693
7 691
38 691
38 684
20 684
20 679
16 679
16 674
6 674
6 483
17 483
17 448
21 448
21 452
24 452
24 593
25 593
25 441
27 441
27 562
32 562
32 383
26 383
26 390
31 390
31 400
22 400
22 412
23 412
23 428
15 428
15 426
5 426
5 720
8 720
8 778
10 778
10 784
28 784
28 780
49 780
49 797
52 797
52 772
96 772
96 754
109 754
109 773
132 773
132 777
135 777
135 812
168 812
168 809
136 809
136 770
115 770
115 764
147 764
147 762
179 762
179 786
173 786
173 814
12 814
12 843
13 843
13 818
55 818
55 832
66 832
66 841
68 841
68 896
65 896
65 937
50 937
50 974
62 974
62 1002
51 1002
51 1006
70 1006
70 1012
71 1012
71 1147
74 1147
74 827
95 827
95 823
214 823
214 813
182 813
182 805
181 805
181 803
187 803
187 753
207 753
207 734
236 734
236 756
229 756
229 796
272 796
272 798
233 798
233 810
288 810
288 800
337 800
337 851
344 851
344 850
430 850
430 849
392 849
392 845
445 845
445 824
461 824
461 863
423 863
423 877
424 877
424 897
421 897
421 892
409 892
409 885
402 885
402 854
394 854
394 855
375 855
375 857
356 857
356 858
335 858
335 864
360 864
360 872
381 872
381 878
362 878
362 876
354 876
354 883
286 883
286 888
209 888
209 900
204 900
204 973
244 973
244 976
273 976
273 965
264 965
264 946
282 946
282 941
374 941
374 935
248 935
248 919
332 919
332 918
211 918
211 895
217 895
217 893
417 893
417 899
436 899
436 881
454 881
454 867
465 867
465 859
463 859
463 821
437 821
437 833
431 833
431 817
352 817
352 794
252 794
252 748
247 748
247 743
254 743
254 739
261 739
261 731
169 731
169 740
125 740
125 742
82 742
82 751
63 751
63 755
35 755
35 761
29 761
29 746
9 746
9 707
11 707
11 697
61 697
61 689
138 689
138 688
78 688
78 687
54 687
54 666
58 666
58 646
42 646
42 645
56 645
56 642
45 642
45 639
36 639
36 608
43 608
43 498
41 498
41 406
39 406
39 213
60 213
60 209
148 209
148 207
57 207
57 200
116 200
116 193
19 193
19 192
3 192
3 150
