2248
1 150
1 197
18 197
18 221
4 221
4 228
30 228
30 227
34 227
34 424
33 424
33 672
48 672
48 659
53 659
53 693
7 693
7 691
38 691
38 684
20 684
20 679
16 679
16 674
6 674
6 483
17 483
17 448
21 448
21 452
24 452
24 593
25 593
25 441
27 441
27 562
32 562
32 383
26 383
26 390
31 390
31 400
22 400
22 412
23 412
23 428
15 428
15 426
5 426
5 720
8 720
8 778
10 778
10 784
28 784
28 780
49 780
49 797
52 797
52 772
96 772
96 754
109 754
109 773
132 773
132 777
135 777
135 812
168 812
168 809
136 809
136 770
115 770
115 764
147 764
147 762
179 762
179 786
173 786
173 814
12 814
12 843
13 843
13 818
55 818
55 832
66 832
66 841
68 841
68 896
65 896
65 937
50 937
50 974
62 974
62 1002
51 1002
51 1006
70 1006
70 1012
71 1012
71 1147
74 1147
74 827
95 827
95 823
214 823
214 813
182 813
182 805
181 805
181 803
187 803
187 753
207 753
207 734
236 734
236 756
229 756
229 796
272 796
272 798
233 798
233 810
288 810
288 800
337 800
337 851
344 851
344 850
430 850
430 849
392 849
392 845
445 845
445 824
461 824
461 863
423 863
423 877
424 877
424 897
421 897
421 892
409 892
409 885
402 885
402 854
394 854
394 855
375 855
375 857
356 857
356 858
335 858
335 864
360 864
360 872
381 872
381 878
362 878
362 876
354 876
354 883
286 883
286 888
209 888
209 900
204 900
204 973
244 973
244 976
183 976
183 982
142 982
142 985
156 985
156 988
155 988
155 996
157 996
157 997
118 997
118 993
103 993
103 922
99 922
99 971
100 971
100 1004
120 1004
120 1013
91 1013
91 1014
152 1014
152 1007
154 1007
154 998
184 998
184 1017
193 1017
193 989
189 989
189 980
227 980
227 977
273 977
273 965
264 965
264 946
282 946
282 941
314 941
314 942
341 942
341 944
349 944
349 947
307 947
307 951
351 951
351 953
342 953
342 981
350 981
350 1015
365 1015
365 1016
367 1016
367 1044
348 1044
348 1057
399 1057
399 1043
462 1043
462 1046
413 1046
413 1097
369 1097
369 1114
343 1114
343 1152
372 1152
372 1150
346 1150
346 1136
376 1136
376 1157
410 1157
410 1148
379 1148
379 1119
389 1119
389 1144
403 1144
403 1104
420 1104
420 1127
432 1127
432 1091
442 1091
442 1052
444 1052
444 1096
438 1096
438 1184
433 1184
433 1177
418 1177
418 1171
416 1171
416 1181
390 1181
390 1178
333 1178
333 1167
321 1167
321 1169
311 1169
311 1164
277 1164
277 1172
269 1172
269 1185
265 1185
265 1194
245 1194
245 1223
257 1223
257 1225
267 1225
267 1221
276 1221
276 1216
336 1216
336 1215
263 1215
263 1202
324 1202
324 1200
458 1200
458 1204
481 1204
481 1203
460 1203
460 1199
701 1199
701 1206
787 1206
787 1208
532 1208
532 1210
702 1210
702 1209
838 1209
838 1207
835 1207
835 1201
873 1201
873 1211
885 1211
885 1214
899 1214
899 1192
975 1192
975 1180
930 1180
930 1191
909 1191
909 1176
931 1176
931 1179
957 1179
957 1168
1023 1168
1023 1165
937 1165
937 1133
943 1133
943 1142
1030 1142
1030 1130
1042 1130
1042 1108
1121 1108
1121 1102
1110 1102
1110 1094
1108 1094
1108 1081
1156 1081
1156 1079
1165 1079
1165 1218
1154 1218
1154 1182
1150 1182
1150 1205
1147 1205
1147 1212
1148 1212
1148 1226
1161 1226
1161 1219
1166 1219
1166 1227
1169 1227
1169 839
1176 839
1176 868
1179 868
1179 873
1180 873
1180 954
1173 954
1173 1122
1174 1122
1174 1217
1172 1217
1172 1222
1178 1222
1178 1161
1184 1161
1184 1055
1187 1055
1187 1041
1188 1041
1188 1029
1192 1029
1192 1163
1209 1163
1209 875
1212 875
1212 1026
1214 1026
1214 774
1213 774
1213 759
1211 759
1211 654
1233 654
1233 621
1229 621
1229 583
1242 583
1242 591
1241 591
1241 668
1240 668
1240 686
1219 686
1219 678
1217 678
1217 722
1218 722
1218 713
1237 713
1237 698
1239 698
1239 1166
1232 1166
1232 1190
1230 1190
1230 1186
1221 1186
1221 1230
1170 1230
1170 1232
1223 1232
1223 1233
1194 1233
1194 1234
1185 1234
1185 1238
1234 1238
1234 1246
1228 1246
1228 1239
1181 1239
1181 1245
1183 1245
1183 1248
1171 1248
1171 1247
1164 1247
1164 1240
1163 1240
1163 1249
1186 1249
1186 1243
1198 1243
1198 1242
1200 1242
1200 1241
1216 1241
1216 1250
1249 1250
1249 1244
1250 1244
1250 1236
1248 1236
1248 1231
1247 1231
1247 1229
1246 1229
1246 1228
1244 1228
1244 1224
1238 1224
1238 1235
1225 1235
1225 1237
1224 1237
1224 1220
1245 1220
1245 1213
1226 1213
1226 1193
1243 1193
1243 535
1236 535
1236 573
1235 573
1235 549
1231 549
1231 563
1227 563
1227 625
1222 625
1222 566
1220 566
1220 519
1210 519
1210 523
1199 523
1199 649
1201 649
1201 1123
1205 1123
1205 1117
1204 1117
1204 1020
1203 1020
1203 913
1206 913
1206 879
1202 879
1202 545
1215 545
1215 607
1208 607
1208 861
1207 861
1207 1154
1197 1154
1197 920
1191 920
1191 787
1190 787
1190 828
1189 828
1189 994
1195 994
1195 1125
1196 1125
1196 1126
1193 1126
1193 1023
1175 1023
1175 967
1177 967
1177 1009
1182 1009
1182 838
1168 838
1168 1022
1167 1022
1167 1074
1107 1074
1107 1098
1089 1098
1089 1092
1066 1092
1066 1089
1046 1089
1046 1056
1139 1056
1139 1058
1149 1058
1149 1060
1079 1060
1079 1063
1133 1063
1133 1071
1153 1071
1153 1034
1125 1034
1125 1053
1025 1053
1025 1066
1008 1066
1008 1050
988 1050
988 1045
969 1045
969 991
978 991
978 1033
1009 1033
1009 1032
1044 1032
1044 1031
1027 1031
1027 1028
1138 1028
1138 1025
1117 1025
1117 1027
1043 1027
1043 1018
984 1018
984 1001
1035 1001
1035 983
1001 983
1001 986
962 986
962 1049
970 1049
970 1047
977 1047
977 1070
955 1070
955 1080
954 1080
954 975
985 975
985 955
938 955
938 945
944 945
944 869
983 869
983 870
990 870
990 822
996 822
996 811
1003 811
1003 874
1005 874
1005 933
1034 933
1034 915
1033 915
1033 928
1022 928
1022 737
1026 737
1026 729
1024 729
1024 716
1018 716
1018 676
1017 676
1017 656
1000 656
1000 663
1004 663
1004 690
1007 690
1007 665
1011 665
1011 736
1012 736
1012 763
1016 763
1016 890
1014 890
1014 924
1006 924
1006 806
994 806
994 789
998 789
998 497
1031 497
1031 512
1050 512
1050 522
1102 522
1102 482
1109 482
1109 572
1090 572
1090 531
1083 531
1083 638
1075 638
1075 695
1067 695
1067 718
1074 718
1074 758
1077 758
1077 741
1082 741
1082 835
1064 835
1064 862
1062 862
1062 891
1073 891
1073 914
1086 914
1086 701
1085 701
1085 657
1078 657
1078 643
1091 643
1091 807
1092 807
1092 908
1093 908
1093 633
1094 633
1094 728
1096 728
1096 681
1099 681
1099 588
1111 588
1111 692
1106 692
1106 696
1118 696
1118 708
1115 708
1115 776
1119 776
1119 637
1113 637
1113 480
1071 480
1071 436
1087 436
1087 420
1084 420
1084 419
1136 419
1136 418
1112 418
1112 416
1070 416
1070 488
1095 488
1095 501
1058 501
1058 484
1055 484
1055 493
941 493
941 492
902 492
902 494
973 494
973 595
986 595
986 685
974 685
974 715
987 715
987 538
992 538
992 725
989 725
989 825
976 825
976 775
961 775
961 779
947 779
947 829
959 829
959 842
965 842
965 816
967 816
967 860
934 860
934 916
939 916
939 925
924 925
924 927
921 927
921 848
920 848
920 884
918 884
918 894
913 894
913 887
910 887
910 846
903 846
903 926
906 926
906 930
898 930
898 515
892 515
892 487
888 487
888 504
875 504
875 464
874 464
874 438
864 438
864 450
863 450
863 444
849 444
849 429
840 429
840 479
845 479
845 490
842 490
842 630
836 630
836 627
830 627
830 603
820 603
820 587
812 587
812 641
806 641
806 431
800 431
800 410
817 410
817 415
833 415
833 404
901 404
901 398
904 398
904 407
926 407
926 405
1160 405
1160 231
1162 231
1162 142
1158 142
1158 210
1152 210
1152 323
1155 323
1155 294
1157 294
1157 332
1159 332
1159 403
945 403
945 399
908 399
908 389
890 389
890 401
848 401
848 393
814 393
814 395
797 395
797 386
860 386
860 385
857 385
857 380
878 380
878 387
933 387
933 381
1088 381
1088 377
1144 377
1144 373
1151 373
1151 368
1131 368
1131 364
1127 364
1127 367
1124 367
1124 371
1114 371
1114 358
1128 358
1128 329
1126 329
1126 327
1103 327
1103 337
1076 337
1076 336
1065 336
1065 338
1072 338
1072 344
1056 344
1056 316
1061 316
1061 311
971 311
971 321
936 321
936 319
922 319
922 317
911 317
911 314
872 314
872 303
870 303
870 320
853 320
853 324
841 324
841 302
980 302
980 301
1045 301
1045 291
1020 291
1020 289
968 289
968 293
972 293
972 296
958 296
958 298
935 298
935 295
925 295
925 282
905 282
905 299
893 299
893 257
1069 257
1069 259
1013 259
1013 266
946 266
946 267
1039 267
1039 269
1052 269
1052 279
1054 279
1054 262
1080 262
1080 261
1122 261
1122 263
1132 263
1132 264
1120 264
1120 270
1146 270
1146 268
1143 268
1143 236
1141 236
1141 240
1140 240
1140 232
1145 232
1145 220
1142 220
1142 177
1137 177
1137 171
1135 171
1135 179
1116 179
1116 173
1105 173
1105 180
993 180
993 169
966 169
966 159
982 159
982 153
995 153
995 163
1021 163
1021 156
1040 156
1040 155
1057 155
1057 130
1100 130
1100 131
1123 131
1123 123
1098 123
1098 128
1097 128
1097 98
1051 98
1051 119
952 119
952 120
964 120
964 122
1041 122
1041 136
1036 136
1036 148
960 148
960 161
949 161
949 151
928 151
928 186
929 186
929 187
1134 187
1134 216
1129 216
1129 226
1130 226
1130 258
1104 258
1104 256
1019 256
1019 255
923 255
923 253
963 253
963 248
1002 248
1002 235
1037 235
1037 244
1068 244
1068 239
1048 239
1048 234
1063 234
1063 233
1059 233
1059 230
1029 230
1029 217
997 217
997 218
1010 218
1010 223
999 223
999 247
940 247
940 252
880 252
880 287
871 287
871 292
854 292
854 278
839 278
839 304
831 304
831 326
886 326
886 322
1053 322
1053 353
1032 353
1032 351
1015 351
1015 357
1049 357
1049 359
1060 359
1060 347
1101 347
1101 365
1047 365
1047 369
1081 369
1081 375
837 375
837 378
834 378
834 384
798 384
798 374
810 374
810 370
796 370
796 564
799 564
799 732
801 732
801 910
807 910
807 964
858 964
858 984
866 984
866 1075
856 1075
856 1072
832 1072
832 1095
855 1095
855 1116
828 1116
828 1124
823 1124
823 1140
677 1140
677 1135
790 1135
790 1129
775 1129
775 1132
584 1132
584 1111
601 1111
601 1115
628 1115
628 1085
629 1085
629 1086
651 1086
651 1103
664 1103
664 1090
655 1090
655 1087
769 1087
769 1118
784 1118
784 1042
779 1042
779 999
793 999
793 995
795 995
795 992
778 992
778 1064
776 1064
776 1062
732 1062
732 1078
704 1078
704 1084
663 1084
663 1077
706 1077
706 1059
693 1059
693 1005
675 1005
675 1008
680 1008
680 1073
671 1073
671 1021
669 1021
669 972
667 972
667 1024
665 1024
665 898
658 898
658 968
645 968
645 934
647 934
647 795
648 795
648 682
657 682
657 651
656 651
656 601
649 601
649 634
643 634
643 658
621 658
621 620
641 620
641 617
622 617
622 586
620 586
620 596
602 596
602 578
654 578
654 584
686 584
686 614
679 614
679 673
698 673
698 648
709 648
709 709
710 709
710 865
708 865
708 853
707 853
707 840
700 840
700 907
697 907
697 952
712 952
712 834
716 834
716 943
720 943
720 902
718 902
718 819
733 819
733 871
729 871
729 880
724 880
724 882
731 882
731 949
736 949
736 969
738 969
738 956
744 956
744 929
746 929
746 909
748 909
748 978
751 978
751 905
734 905
734 831
763 831
763 767
766 767
766 730
771 730
771 721
761 721
761 640
759 640
759 520
741 520
741 510
743 510
743 485
745 485
745 454
756 454
756 453
768 453
768 486
782 486
782 475
791 475
791 466
773 466
773 417
772 417
772 439
762 439
762 442
735 442
735 590
737 590
737 662
740 662
740 554
752 554
752 526
753 526
753 609
757 609
757 765
758 765
758 799
750 799
750 808
721 808
721 636
692 636
692 575
691 575
691 559
608 559
608 533
616 533
616 546
719 546
719 425
715 425
715 402
714 402
714 536
683 536
683 525
597 525
597 541
575 541
575 556
585 556
585 561
661 561
661 570
637 570
637 574
634 574
634 571
577 571
577 581
599 581
599 582
598 582
598 612
596 612
596 613
591 613
591 655
603 655
603 632
618 632
618 664
626 664
626 669
640 669
640 683
636 683
636 750
595 750
595 745
561 745
561 802
572 802
572 749
576 749
576 771
583 771
583 769
633 769
633 782
632 782
632 785
639 785
639 826
646 826
646 906
642 906
642 932
624 932
624 923
623 923
623 948
610 948
610 970
638 970
638 990
659 990
659 939
662 939
662 1065
650 1065
650 1054
630 1054
630 1051
625 1051
625 1110
556 1110
556 1134
668 1134
668 1139
558 1139
558 1137
530 1137
530 1107
527 1107
527 1121
515 1121
515 1036
533 1036
533 1010
518 1010
518 1000
519 1000
519 950
517 950
517 938
514 938
514 1019
511 1019
511 804
516 804
516 599
509 599
509 540
495 540
495 558
493 558
493 392
522 392
522 408
529 408
529 422
534 422
534 376
537 376
537 391
535 391
535 434
557 434
557 432
543 432
543 423
554 423
554 421
545 421
545 362
560 362
560 360
546 360
546 361
505 361
505 382
490 382
490 491
489 491
489 830
491 830
491 1048
487 1048
487 820
479 820
479 530
486 530
486 342
504 342
504 348
600 348
600 346
699 346
699 345
520 345
520 343
521 343
521 340
536 340
536 315
605 315
605 272
587 272
587 245
589 245
589 254
606 254
606 238
607 238
607 307
615 307
615 300
614 300
614 276
617 276
617 222
612 222
612 241
609 241
609 206
611 206
611 202
631 202
631 203
619 203
619 208
695 208
695 204
777 204
777 224
780 224
780 190
785 190
785 166
781 166
781 157
703 157
703 146
696 146
696 141
725 141
725 140
788 140
788 83
789 83
789 124
794 124
794 79
792 79
792 21
783 21
783 134
786 134
786 137
676 137
676 158
660 158
660 112
666 112
666 96
713 96
713 84
728 84
728 105
726 105
726 107
722 107
722 129
755 129
755 121
767 121
767 116
754 116
754 69
774 69
774 67
760 67
760 46
749 46
749 97
742 97
742 91
730 91
730 45
739 45
739 2
670 2
670 10
635 10
635 3
466 3
466 8
414 8
414 9
523 9
523 5
549 5
549 4
564 4
564 14
568 14
568 6
590 6
590 19
366 19
366 16
371 16
371 15
323 15
323 17
312 17
312 68
320 68
320 118
322 118
322 168
310 168
310 167
305 167
305 54
304 54
304 109
303 109
303 95
298 95
298 44
290 44
290 28
287 28
287 164
285 164
285 182
289 182
289 219
292 219
292 172
294 172
294 139
295 139
295 115
300 115
300 138
302 138
302 143
297 143
297 188
299 188
299 225
306 225
306 205
309 205
309 181
317 181
317 175
325 175
325 18
331 18
331 20
594 20
594 11
682 11
682 7
711 7
711 30
705 30
705 37
690 37
690 40
717 40
717 35
727 35
727 47
723 47
723 73
694 73
694 61
688 61
688 41
687 41
687 29
684 29
684 31
672 31
672 60
673 60
673 70
681 70
681 80
652 80
652 145
653 145
653 184
674 184
674 195
627 195
627 189
604 189
604 196
678 196
678 176
689 176
689 170
685 170
685 162
770 162
770 183
765 183
765 185
764 185
764 198
747 198
747 199
593 199
593 212
582 212
582 273
581 273
581 249
579 249
579 242
574 242
574 260
578 260
578 288
588 288
588 306
570 306
570 76
573 76
573 72
563 72
563 56
571 56
571 51
562 51
562 74
566 74
566 87
550 87
550 63
452 63
452 59
456 59
456 52
440 52
440 64
524 64
524 75
443 75
443 78
419 78
419 89
401 89
401 86
396 86
396 152
393 152
393 125
388 125
388 58
382 58
382 350
383 350
383 132
384 132
384 335
385 335
385 160
387 160
387 174
386 174
386 194
391 194
391 372
405 372
405 394
363 394
363 427
347 427
347 409
357 409
357 397
355 397
355 388
345 388
345 352
361 352
361 355
364 355
364 349
353 349
353 339
380 339
380 330
368 330
368 290
359 290
359 331
358 331
358 334
339 334
339 459
340 459
340 476
373 476
373 449
370 449
370 396
404 396
404 411
400 411
400 414
415 414
415 379
407 379
407 366
406 366
406 363
422 363
422 354
449 354
449 356
453 356
453 341
428 341
428 328
439 328
439 318
457 318
457 308
455 308
455 286
435 286
435 309
429 309
429 297
426 297
426 280
412 280
412 285
425 285
425 325
395 325
395 271
397 271
397 251
398 251
398 110
408 110
408 104
468 104
468 111
494 111
494 102
411 102
411 101
499 101
499 100
544 100
544 108
551 108
551 103
553 103
553 99
483 99
483 92
434 92
434 85
471 85
471 82
531 82
531 88
569 88
569 265
567 265
567 310
565 310
565 312
580 312
580 313
528 313
528 305
526 305
526 284
539 284
539 283
555 283
555 243
552 243
552 274
548 274
548 275
538 275
538 281
525 281
525 333
485 333
485 477
478 477
478 788
476 788
476 623
473 623
473 703
472 703
472 837
482 837
482 856
475 856
475 962
474 962
474 1083
492 1083
492 1088
484 1088
484 1105
480 1105
480 1131
488 1131
488 1160
496 1160
496 622
498 622
498 600
497 600
497 567
506 567
506 626
513 626
513 744
500 744
500 866
501 866
501 979
502 979
502 1003
503 1003
503 790
510 790
510 1011
508 1011
508 1039
507 1039
507 1069
512 1069
512 1138
540 1138
540 1156
542 1156
542 1162
547 1162
547 1158
559 1158
559 1159
613 1159
613 1151
644 1151
644 1146
592 1146
592 1153
586 1153
586 1141
803 1141
803 1145
859 1145
859 1143
867 1143
867 1061
869 1061
869 940
861 940
861 957
847 957
847 961
815 961
815 931
819 931
819 886
811 886
811 852
818 852
818 836
822 836
822 844
825 844
825 815
813 815
813 768
827 768
827 757
829 757
829 694
824 694
824 677
808 677
808 714
826 714
826 733
804 733
804 747
816 747
816 752
809 752
809 801
802 801
802 611
805 611
805 667
821 667
821 660
846 660
846 652
844 652
844 647
851 647
851 577
852 577
852 553
850 553
850 635
843 635
843 521
862 521
862 524
865 524
865 489
868 489
868 517
894 517
894 726
895 726
895 585
896 585
896 710
897 710
897 889
891 889
891 903
887 903
887 912
883 912
883 727
884 727
884 700
876 700
876 712
881 712
881 847
882 847
882 936
912 936
912 958
914 958
914 959
916 959
916 904
917 904
917 963
979 963
979 966
950 966
950 987
951 987
951 1030
948 1030
948 1082
942 1082
942 1035
927 1035
927 1101
956 1101
956 1076
981 1076
981 1100
991 1100
991 1067
1038 1067
1038 1068
1028 1068
1028 1106
953 1106
953 1109
919 1109
919 1112
932 1112
932 1149
915 1149
915 1155
907 1155
907 1120
900 1120
900 1173
889 1173
889 1175
877 1175
877 1183
879 1183
879 1197
541 1197
541 1198
477 1198
477 1196
315 1196
315 1195
275 1195
275 1189
301 1189
301 1187
327 1187
327 1188
470 1188
470 1170
469 1170
469 1174
448 1174
448 1128
450 1128
450 1113
446 1113
446 1099
451 1099
451 1093
464 1093
464 1040
467 1040
467 1037
459 1037
459 1038
377 1038
377 960
374 960
374 921
259 921
259 935
248 935
248 919
332 919
332 918
211 918
211 895
217 895
217 893
417 893
417 899
427 899
427 911
436 911
436 881
441 881
441 917
447 917
447 901
454 901
454 867
465 867
465 859
463 859
463 821
437 821
437 833
431 833
431 817
352 817
352 794
252 794
252 748
247 748
247 743
254 743
254 739
260 739
260 766
279 766
279 783
281 783
281 793
378 793
378 792
319 792
319 791
313 791
313 781
308 781
308 760
261 760
261 731
190 731
190 723
174 723
174 724
169 724
169 740
130 740
130 719
125 719
125 742
106 742
106 738
122 738
122 735
82 735
82 751
63 751
63 755
35 755
35 761
29 761
29 746
9 746
9 707
11 707
11 697
14 697
14 711
37 711
37 706
185 706
185 705
212 705
212 717
232 717
232 629
240 629
240 619
243 619
243 644
242 644
242 670
251 670
251 592
253 592
253 500
255 500
255 532
271 532
271 604
274 604
274 511
278 511
278 568
280 568
280 602
293 602
293 616
328 616
328 624
329 624
329 594
334 594
334 631
330 631
330 661
326 661
326 680
338 680
338 565
318 565
318 580
316 580
316 598
283 598
283 569
296 569
296 542
284 542
284 496
250 496
250 615
215 615
215 628
224 628
224 618
231 618
231 702
171 702
171 704
40 704
40 699
61 699
61 689
138 689
138 688
78 688
78 687
54 687
54 666
58 666
58 646
42 646
42 645
56 645
56 642
45 642
45 639
36 639
36 608
43 608
43 498
41 498
41 406
39 406
39 213
60 213
60 209
148 209
148 207
57 207
57 200
116 200
116 193
19 193
19 192
3 192
3 150
