216
130 337
130 336
197 336
197 335
110 335
110 333
35 333
35 330
65 330
65 328
32 328
32 275
5 275
5 298
6 298
6 374
3 374
3 425
2 425
2 468
1 468
1 477
4 477
4 475
16 475
16 481
14 481
14 488
10 488
10 491
13 491
13 496
34 496
34 499
55 499
55 498
59 498
59 497
46 497
46 495
113 495
113 493
142 493
142 500
146 500
146 482
133 482
133 492
112 492
112 494
67 494
67 490
96 490
96 487
74 487
74 485
68 485
68 483
63 483
63 489
15 489
15 486
37 486
37 484
20 484
20 480
18 480
18 459
17 459
17 452
11 452
11 429
9 429
9 369
8 369
8 291
22 291
22 285
31 285
31 315
23 315
23 321
19 321
19 381
24 381
24 442
29 442
29 440
42 440
42 472
50 472
50 473
51 473
51 476
53 476
53 479
62 479
62 478
60 478
60 474
57 474
57 450
54 450
54 439
49 439
49 431
41 431
41 364
43 364
43 408
61 408
61 401
78 401
78 393
94 393
94 404
122 404
122 402
177 402
177 405
205 405
205 411
214 411
214 419
203 419
203 415
202 415
202 416
155 416
155 412
123 412
123 413
109 413
109 418
117 418
117 420
70 420
70 421
75 421
75 423
131 423
131 424
154 424
154 422
235 422
235 417
231 417
231 414
215 414
215 410
217 410
217 406
312 406
312 409
336 409
336 403
342 403
342 397
329 397
329 395
287 395
287 396
298 396
298 400
178 400
178 399
127 399
127 398
143 398
143 392
48 392
48 366
58 366
58 371
64 371
64 388
353 388
353 391
364 391
364 387
225 387
225 386
86 386
86 385
97 385
97 384
105 384
105 380
186 380
186 379
265 379
265 378
158 378
158 377
156 377
156 376
170 376
170 375
69 375
69 370
114 370
114 368
91 368
91 367
73 367
73 362
39 362
39 432
27 432
27 407
26 407
26 390
36 390
36 389
25 389
25 337
