132
130 337
130 336
197 336
197 335
110 335
110 333
35 333
35 330
65 330
65 328
32 328
32 275
5 275
5 298
6 298
6 374
3 374
3 425
2 425
2 468
1 468
1 477
4 477
4 475
16 475
16 481
14 481
14 488
10 488
10 491
13 491
13 496
34 496
34 499
55 499
55 498
59 498
59 497
46 497
46 495
113 495
113 493
142 493
142 500
146 500
146 482
133 482
133 492
112 492
112 494
67 494
67 490
96 490
96 487
74 487
74 485
68 485
68 483
63 483
63 489
15 489
15 486
37 486
37 484
20 484
20 480
18 480
18 459
17 459
17 452
11 452
11 429
9 429
9 369
8 369
8 291
22 291
22 285
31 285
31 315
23 315
23 321
19 321
19 381
24 381
24 442
29 442
29 440
42 440
42 472
50 472
50 473
51 473
51 476
53 476
53 479
62 479
62 478
60 478
60 474
57 474
57 450
54 450
54 439
49 439
49 431
41 431
41 364
43 364
43 408
61 408
61 401
78 401
78 393
94 393
94 398
143 398
143 392
48 392
48 366
73 366
73 362
39 362
39 432
27 432
27 407
26 407
26 390
36 390
36 389
25 389
25 337
