432
418 245
418 252
416 252
416 254
487 254
487 267
460 267
460 262
456 262
456 266
452 266
452 264
445 264
445 269
489 269
489 283
459 283
459 280
435 280
435 295
414 295
414 292
410 292
410 287
402 287
402 296
457 296
457 293
472 293
472 301
446 301
446 307
370 307
370 309
430 309
430 310
352 310
352 288
256 288
256 314
291 314
291 317
289 317
289 341
130 341
130 336
197 336
197 335
110 335
110 333
35 333
35 330
65 330
65 328
32 328
32 275
5 275
5 298
6 298
6 374
3 374
3 425
2 425
2 468
1 468
1 477
4 477
4 475
16 475
16 481
14 481
14 488
10 488
10 491
13 491
13 496
34 496
34 499
55 499
55 498
59 498
59 497
46 497
46 495
113 495
113 493
142 493
142 500
146 500
146 482
133 482
133 492
112 492
112 494
67 494
67 490
96 490
96 487
74 487
74 485
68 485
68 483
63 483
63 489
15 489
15 486
37 486
37 484
20 484
20 480
18 480
18 459
17 459
17 452
11 452
11 429
9 429
9 369
8 369
8 291
22 291
22 285
31 285
31 315
23 315
23 321
19 321
19 381
24 381
24 442
29 442
29 440
42 440
42 472
50 472
50 473
51 473
51 476
53 476
53 479
62 479
62 478
60 478
60 474
57 474
57 450
54 450
54 439
49 439
49 431
41 431
41 364
43 364
43 408
61 408
61 401
78 401
78 393
94 393
94 404
122 404
122 402
177 402
177 405
205 405
205 411
214 411
214 419
203 419
203 415
202 415
202 416
155 416
155 412
123 412
123 413
109 413
109 418
117 418
117 420
70 420
70 421
75 421
75 423
131 423
131 424
154 424
154 422
235 422
235 417
231 417
231 414
215 414
215 410
217 410
217 406
312 406
312 409
336 409
336 403
342 403
342 397
329 397
329 395
287 395
287 396
298 396
298 400
178 400
178 399
127 399
127 398
143 398
143 392
48 392
48 366
58 366
58 371
64 371
64 388
353 388
353 394
354 394
354 391
364 391
364 383
366 383
366 433
363 433
363 427
360 427
360 434
359 434
359 430
347 430
347 428
308 428
308 447
283 447
283 437
260 437
260 446
195 446
195 443
87 443
87 456
89 456
89 458
79 458
79 470
71 470
71 471
90 471
90 461
120 461
120 463
125 463
125 462
166 462
166 460
179 460
179 457
141 457
141 455
102 455
102 444
108 444
108 451
140 451
140 454
301 454
301 464
268 464
268 467
271 467
271 469
294 469
294 466
344 466
344 465
317 465
317 453
153 453
153 448
111 448
111 445
162 445
162 449
345 449
345 441
328 441
328 436
348 436
348 438
365 438
365 435
368 435
368 426
367 426
367 382
333 382
333 372
331 372
331 353
275 353
275 350
230 350
230 355
224 355
224 349
240 349
240 348
200 348
200 351
208 351
208 352
209 352
209 361
229 361
229 365
295 365
295 360
242 360
242 359
252 359
252 354
284 354
284 356
330 356
330 387
225 387
225 386
86 386
86 385
97 385
97 384
105 384
105 380
186 380
186 379
265 379
265 378
158 378
158 377
156 377
156 376
170 376
170 375
69 375
69 370
107 370
107 373
114 373
114 368
91 368
91 367
73 367
73 362
52 362
52 357
47 357
47 347
45 347
45 358
39 358
39 432
27 432
27 407
26 407
26 390
36 390
36 339
38 339
38 338
28 338
28 363
33 363
33 389
25 389
25 337
100 337
100 342
175 342
175 345
262 345
262 344
189 344
189 343
270 343
270 346
293 346
293 340
304 340
304 334
302 334
302 313
263 313
263 294
288 294
288 289
314 289
314 290
350 290
350 311
437 311
437 316
453 316
453 308
462 308
462 302
467 302
467 304
476 304
476 300
492 300
492 277
495 277
495 265
490 265
490 253
439 253
439 235
444 235
444 206
442 206
442 198
478 198
478 196
441 196
441 228
438 228
438 245
