136
12 127
12 141
11 141
11 169
8 169
8 118
7 118
7 113
9 113
9 91
4 91
4 71
13 71
13 57
1 57
1 103
2 103
2 60
3 60
3 116
6 116
6 121
5 121
5 178
14 178
14 129
57 129
57 130
76 130
76 133
56 133
56 147
88 147
88 156
86 156
86 157
35 157
35 158
20 158
20 160
42 160
42 163
50 163
50 166
36 166
36 173
40 173
40 174
41 174
41 180
27 180
27 185
33 185
33 183
37 183
37 184
45 184
45 177
54 177
54 171
49 171
49 167
79 167
79 170
81 170
81 172
102 172
102 168
122 168
122 175
110 175
110 176
105 176
105 181
112 181
112 182
100 182
100 187
87 187
87 191
111 191
111 190
197 190
197 196
196 196
196 199
137 199
137 198
171 198
171 193
161 193
161 192
143 192
143 194
135 194
135 195
133 195
133 200
198 200
198 197
199 197
199 189
89 189
89 188
132 188
132 186
118 186
118 179
131 179
131 165
61 165
61 164
114 164
114 159
92 159
92 143
62 143
62 137
116 137
116 139
108 139
108 144
145 144
145 142
151 142
151 140
144 140
144 138
140 138
140 136
103 136
103 135
66 135
66 134
109 134
109 127
