Removal 0: 
Solution 0: 
12 15
17 17
17 20
3 9
4 1
6 12
7 4
9 7

Solution 1: 
12 15
17 17
17 20
4 1
5 8
6 12
7 4
9 7

Solution 2: 
12 15
17 17
17 20
4 1
5 8
7 11
7 4
9 7

Solution 3: 
12 15
15 1
17 17
17 20
5 8
7 11
7 4
9 7

Solution 4: 
12 15
13 2
17 17
17 20
5 8
7 11
7 4
9 7

Solution 5: 
12 15
15 2
17 17
17 20
5 8
7 11
7 4
9 7

Solution 6: 
12 15
15 2
17 17
17 20
5 8
6 12
7 4
9 7

Solution 7: 
12 15
13 2
17 17
17 20
5 8
6 12
7 4
9 7

Solution 8: 
12 15
15 1
17 17
17 20
5 8
6 12
7 4
9 7

Solution 9: 
12 15
15 1
17 17
17 20
3 9
6 12
7 4
9 7

Solution 10: 
12 15
13 2
17 17
17 20
3 9
6 12
7 4
9 7

Solution 11: 
12 15
15 2
17 17
17 20
3 9
6 12
7 4
9 7

Solution 12: 
12 15
15 2
17 17
17 20
3 9
7 11
7 4
9 7

Solution 13: 
12 15
13 2
17 17
17 20
3 9
7 11
7 4
9 7

Solution 14: 
12 15
17 17
17 20
3 9
4 1
7 11
7 4
9 7

Solution 15: 
12 15
15 1
17 17
17 20
3 9
7 11
7 4
9 7

Solution 16: 
12 15
15 1
17 17
18 19
3 9
7 11
7 4
9 7

Solution 17: 
12 15
15 1
17 17
19 19
3 9
7 11
7 4
9 7

Solution 18: 
12 15
15 1
17 17
19 20
3 9
7 11
7 4
9 7

Solution 19: 
12 15
13 2
17 17
19 20
3 9
7 11
7 4
9 7

Solution 20: 
12 15
15 2
17 17
19 20
3 9
7 11
7 4
9 7

Solution 21: 
12 15
15 2
17 17
19 19
3 9
7 11
7 4
9 7

Solution 22: 
12 15
15 2
17 17
18 19
3 9
7 11
7 4
9 7

Solution 23: 
12 15
13 2
17 17
18 19
3 9
7 11
7 4
9 7

Solution 24: 
12 15
13 2
17 17
19 19
3 9
7 11
7 4
9 7

Solution 25: 
12 15
17 17
19 19
3 9
4 1
7 11
7 4
9 7

Solution 26: 
12 15
17 17
18 19
3 9
4 1
7 11
7 4
9 7

Solution 27: 
12 15
17 17
19 20
3 9
4 1
7 11
7 4
9 7

Solution 28: 
12 15
17 17
19 20
3 9
4 1
6 12
7 4
9 7

Solution 29: 
12 15
15 2
17 17
19 20
3 9
6 12
7 4
9 7

Solution 30: 
12 15
13 2
17 17
19 20
3 9
6 12
7 4
9 7

Solution 31: 
12 15
15 1
17 17
19 20
3 9
6 12
7 4
9 7

Solution 32: 
12 15
15 1
17 17
18 19
3 9
6 12
7 4
9 7

Solution 33: 
12 15
15 1
17 17
19 19
3 9
6 12
7 4
9 7

Solution 34: 
12 15
15 2
17 17
19 19
3 9
6 12
7 4
9 7

Solution 35: 
12 15
15 2
17 17
18 19
3 9
6 12
7 4
9 7

Solution 36: 
12 15
13 2
17 17
18 19
3 9
6 12
7 4
9 7

Solution 37: 
12 15
13 2
17 17
19 19
3 9
6 12
7 4
9 7

Solution 38: 
12 15
17 17
19 19
3 9
4 1
6 12
7 4
9 7

Solution 39: 
12 15
17 17
18 19
3 9
4 1
6 12
7 4
9 7

Solution 40: 
12 15
18 19
20 16
3 9
4 1
6 12
7 4
9 7

Solution 41: 
12 15
13 2
18 19
20 16
3 9
6 12
7 4
9 7

Solution 42: 
12 15
15 1
18 19
20 16
3 9
6 12
7 4
9 7

Solution 43: 
12 15
15 2
18 19
20 16
3 9
6 12
7 4
9 7

Solution 44: 
12 15
15 2
18 19
20 16
3 9
7 11
7 4
9 7

Solution 45: 
12 15
15 1
18 19
20 16
3 9
7 11
7 4
9 7

Solution 46: 
12 15
18 19
20 16
3 9
4 1
7 11
7 4
9 7

Solution 47: 
12 15
13 2
18 19
20 16
3 9
7 11
7 4
9 7

Solution 48: 
12 15
13 2
17 20
20 16
3 9
7 11
7 4
9 7

Solution 49: 
12 15
15 1
17 20
20 16
3 9
7 11
7 4
9 7

Solution 50: 
12 15
17 20
20 16
3 9
4 1
7 11
7 4
9 7

Solution 51: 
12 15
15 2
17 20
20 16
3 9
7 11
7 4
9 7

Solution 52: 
12 15
15 2
17 20
20 16
3 9
6 12
7 4
9 7

Solution 53: 
12 15
17 20
20 16
3 9
4 1
6 12
7 4
9 7

Solution 54: 
12 15
15 1
17 20
20 16
3 9
6 12
7 4
9 7

Solution 55: 
12 15
13 2
17 20
20 16
3 9
6 12
7 4
9 7

Solution 56: 
10 6
12 15
13 2
17 20
20 16
3 9
6 12
7 4

Solution 57: 
11 6
12 15
13 2
17 20
20 16
3 9
6 12
7 4

Solution 58: 
11 7
12 15
13 2
17 20
20 16
3 9
6 12
7 4

Solution 59: 
11 7
12 15
13 2
18 19
20 16
3 9
6 12
7 4

Solution 60: 
10 6
12 15
13 2
18 19
20 16
3 9
6 12
7 4

Solution 61: 
11 6
12 15
13 2
18 19
20 16
3 9
6 12
7 4

Solution 62: 
11 6
12 15
18 19
20 16
3 9
4 1
6 12
7 4

Solution 63: 
11 6
12 15
15 1
18 19
20 16
3 9
6 12
7 4

Solution 64: 
11 6
12 15
15 2
18 19
20 16
3 9
6 12
7 4

Solution 65: 
11 6
12 15
15 2
17 20
20 16
3 9
6 12
7 4

Solution 66: 
11 6
12 15
15 1
17 20
20 16
3 9
6 12
7 4

Solution 67: 
11 6
12 15
17 20
20 16
3 9
4 1
6 12
7 4

Solution 68: 
10 6
12 15
17 20
20 16
3 9
4 1
6 12
7 4

Solution 69: 
11 7
12 15
17 20
20 16
3 9
4 1
6 12
7 4

Solution 70: 
11 7
12 15
15 1
17 20
20 16
3 9
6 12
7 4

Solution 71: 
10 6
12 15
15 1
17 20
20 16
3 9
6 12
7 4

Solution 72: 
10 6
12 15
15 2
17 20
20 16
3 9
6 12
7 4

Solution 73: 
11 7
12 15
15 2
17 20
20 16
3 9
6 12
7 4

Solution 74: 
11 7
12 15
15 2
17 17
17 20
3 9
6 12
7 4

Solution 75: 
10 6
12 15
15 2
17 17
17 20
3 9
6 12
7 4

Solution 76: 
11 6
12 15
15 2
17 17
17 20
3 9
6 12
7 4

Solution 77: 
11 6
12 15
13 2
17 17
17 20
3 9
6 12
7 4

Solution 78: 
11 6
12 15
15 1
17 17
17 20
3 9
6 12
7 4

Solution 79: 
11 6
12 15
17 17
17 20
3 9
4 1
6 12
7 4

Solution 80: 
10 6
12 15
17 17
17 20
3 9
4 1
6 12
7 4

Solution 81: 
10 6
12 15
13 2
17 17
17 20
3 9
6 12
7 4

Solution 82: 
10 6
12 15
15 1
17 17
17 20
3 9
6 12
7 4

Solution 83: 
11 7
12 15
15 1
17 17
17 20
3 9
6 12
7 4

Solution 84: 
11 7
12 15
13 2
17 17
17 20
3 9
6 12
7 4

Solution 85: 
11 7
12 15
17 17
17 20
3 9
4 1
6 12
7 4

Solution 86: 
11 7
12 15
17 17
19 19
3 9
4 1
6 12
7 4

Solution 87: 
11 7
12 15
17 17
19 20
3 9
4 1
6 12
7 4

Solution 88: 
11 7
12 15
17 17
18 19
3 9
4 1
6 12
7 4

Solution 89: 
11 7
12 15
15 2
17 17
18 19
3 9
6 12
7 4

Solution 90: 
11 7
12 15
15 2
17 17
19 20
3 9
6 12
7 4

Solution 91: 
11 7
12 15
13 2
17 17
19 20
3 9
6 12
7 4

Solution 92: 
11 7
12 15
13 2
17 17
18 19
3 9
6 12
7 4

Solution 93: 
11 7
12 15
13 2
17 17
19 19
3 9
6 12
7 4

Solution 94: 
11 7
12 15
15 2
17 17
19 19
3 9
6 12
7 4

Solution 95: 
11 7
12 15
15 1
17 17
19 19
3 9
6 12
7 4

Solution 96: 
11 7
12 15
15 1
17 17
19 20
3 9
6 12
7 4

Solution 97: 
11 7
12 15
15 1
17 17
18 19
3 9
6 12
7 4

Solution 98: 
11 7
12 15
15 1
18 19
20 16
3 9
6 12
7 4

Solution 99: 
11 7
12 15
15 2
18 19
20 16
3 9
6 12
7 4

Solution 100: 
11 7
12 15
18 19
20 16
3 9
4 1
6 12
7 4

Solution 101: 
10 6
12 15
18 19
20 16
3 9
4 1
6 12
7 4

Solution 102: 
10 6
12 15
17 17
18 19
3 9
4 1
6 12
7 4

Solution 103: 
11 6
12 15
17 17
18 19
3 9
4 1
6 12
7 4

Solution 104: 
11 6
12 15
15 2
17 17
18 19
3 9
6 12
7 4

Solution 105: 
11 6
12 15
15 1
17 17
18 19
3 9
6 12
7 4

Solution 106: 
11 6
12 15
13 2
17 17
18 19
3 9
6 12
7 4

Solution 107: 
10 6
12 15
13 2
17 17
18 19
3 9
6 12
7 4

Solution 108: 
10 6
12 15
15 2
17 17
18 19
3 9
6 12
7 4

Solution 109: 
10 6
12 15
15 1
17 17
18 19
3 9
6 12
7 4

Solution 110: 
10 6
12 15
15 1
18 19
20 16
3 9
6 12
7 4

Solution 111: 
10 6
12 15
15 2
18 19
20 16
3 9
6 12
7 4

Solution 112: 
10 6
12 15
15 2
17 17
19 19
3 9
6 12
7 4

Solution 113: 
10 6
12 15
15 2
17 17
19 20
3 9
6 12
7 4

Solution 114: 
10 6
12 15
13 2
17 17
19 20
3 9
6 12
7 4

Solution 115: 
10 6
12 15
17 17
19 20
3 9
4 1
6 12
7 4

Solution 116: 
10 6
12 15
15 1
17 17
19 20
3 9
6 12
7 4

Solution 117: 
10 6
12 15
15 1
17 17
19 19
3 9
6 12
7 4

Solution 118: 
10 6
12 15
13 2
17 17
19 19
3 9
6 12
7 4

Solution 119: 
10 6
12 15
17 17
19 19
3 9
4 1
6 12
7 4

Solution 120: 
11 6
12 15
17 17
19 19
3 9
4 1
6 12
7 4

Solution 121: 
11 6
12 15
17 17
19 20
3 9
4 1
6 12
7 4

Solution 122: 
11 6
12 15
13 2
17 17
19 20
3 9
6 12
7 4

Solution 123: 
11 6
12 15
15 2
17 17
19 20
3 9
6 12
7 4

Solution 124: 
11 6
12 15
15 2
17 17
19 19
3 9
6 12
7 4

Solution 125: 
11 6
12 15
13 2
17 17
19 19
3 9
6 12
7 4

Solution 126: 
11 6
12 15
15 1
17 17
19 19
3 9
6 12
7 4

Solution 127: 
11 6
12 15
15 1
17 17
19 20
3 9
6 12
7 4

Solution 128: 
11 6
12 15
15 1
17 17
19 20
3 9
7 11
7 4

Solution 129: 
11 6
12 15
15 1
17 17
19 19
3 9
7 11
7 4

Solution 130: 
11 6
12 15
15 1
17 17
18 19
3 9
7 11
7 4

Solution 131: 
11 6
12 15
17 17
18 19
3 9
4 1
7 11
7 4

Solution 132: 
11 6
12 15
15 2
17 17
18 19
3 9
7 11
7 4

Solution 133: 
11 6
12 15
13 2
17 17
18 19
3 9
7 11
7 4

Solution 134: 
11 6
12 15
13 2
17 17
19 20
3 9
7 11
7 4

Solution 135: 
11 6
12 15
13 2
17 17
19 19
3 9
7 11
7 4

Solution 136: 
11 6
12 15
13 2
17 17
17 20
3 9
7 11
7 4

Solution 137: 
11 6
12 15
17 17
17 20
3 9
4 1
7 11
7 4

Solution 138: 
11 6
12 15
15 2
17 17
17 20
3 9
7 11
7 4

Solution 139: 
11 6
12 15
15 1
17 17
17 20
3 9
7 11
7 4

Solution 140: 
11 6
12 15
17 17
19 19
3 9
4 1
7 11
7 4

Solution 141: 
11 6
12 15
15 2
17 17
19 19
3 9
7 11
7 4

Solution 142: 
11 6
12 15
15 2
17 17
19 20
3 9
7 11
7 4

Solution 143: 
11 6
12 15
17 17
19 20
3 9
4 1
7 11
7 4

Solution 144: 
11 7
12 15
17 17
19 20
3 9
4 1
7 11
7 4

Solution 145: 
10 6
12 15
17 17
19 20
3 9
4 1
7 11
7 4

Solution 146: 
10 6
12 15
15 2
17 17
19 20
3 9
7 11
7 4

Solution 147: 
11 7
12 15
15 2
17 17
19 20
3 9
7 11
7 4

Solution 148: 
11 7
12 15
15 2
17 17
18 19
3 9
7 11
7 4

Solution 149: 
10 6
12 15
15 2
17 17
18 19
3 9
7 11
7 4

Solution 150: 
10 6
12 15
17 17
18 19
3 9
4 1
7 11
7 4

Solution 151: 
11 7
12 15
17 17
18 19
3 9
4 1
7 11
7 4

Solution 152: 
11 7
12 15
17 17
17 20
3 9
4 1
7 11
7 4

Solution 153: 
10 6
12 15
17 17
17 20
3 9
4 1
7 11
7 4

Solution 154: 
10 6
12 15
17 17
19 19
3 9
4 1
7 11
7 4

Solution 155: 
11 7
12 15
17 17
19 19
3 9
4 1
7 11
7 4

Solution 156: 
11 7
12 15
15 2
17 17
19 19
3 9
7 11
7 4

Solution 157: 
11 7
12 15
13 2
17 17
19 19
3 9
7 11
7 4

Solution 158: 
11 7
12 15
15 1
17 17
19 19
3 9
7 11
7 4

Solution 159: 
10 6
12 15
15 1
17 17
19 19
3 9
7 11
7 4

Solution 160: 
10 6
12 15
15 2
17 17
19 19
3 9
7 11
7 4

Solution 161: 
10 6
12 15
13 2
17 17
19 19
3 9
7 11
7 4

Solution 162: 
10 6
12 15
13 2
17 17
19 20
3 9
7 11
7 4

Solution 163: 
10 6
12 15
13 2
17 17
17 20
3 9
7 11
7 4

Solution 164: 
11 7
12 15
13 2
17 17
17 20
3 9
7 11
7 4

Solution 165: 
11 7
12 15
13 2
17 17
19 20
3 9
7 11
7 4

Solution 166: 
11 7
12 15
15 1
17 17
19 20
3 9
7 11
7 4

Solution 167: 
11 7
12 15
15 1
17 17
18 19
3 9
7 11
7 4

Solution 168: 
11 7
12 15
15 1
17 17
17 20
3 9
7 11
7 4

Solution 169: 
11 7
12 15
15 2
17 17
17 20
3 9
7 11
7 4

Solution 170: 
10 6
12 15
15 2
17 17
17 20
3 9
7 11
7 4

Solution 171: 
10 6
12 15
15 1
17 17
17 20
3 9
7 11
7 4

Solution 172: 
10 6
12 15
15 1
17 17
19 20
3 9
7 11
7 4

Solution 173: 
10 6
12 15
15 1
17 17
18 19
3 9
7 11
7 4

Solution 174: 
10 6
12 15
13 2
17 17
18 19
3 9
7 11
7 4

Solution 175: 
11 7
12 15
13 2
17 17
18 19
3 9
7 11
7 4

Solution 176: 
10 6
12 15
13 2
17 17
18 19
2 3
3 9
7 11

Solution 177: 
10 6
12 15
13 2
17 17
18 19
2 4
3 9
7 11

Solution 178: 
12 15
13 2
17 17
18 19
2 4
3 9
7 11
9 7

Solution 179: 
12 15
13 2
17 17
18 19
2 3
3 9
7 11
9 7

Solution 180: 
12 15
13 2
17 17
18 19
3 9
4 3
7 11
9 7

Solution 181: 
10 6
12 15
13 2
17 17
18 19
3 9
4 3
7 11

Solution 182: 
12 15
13 2
17 17
18 19
3 9
4 3
6 12
9 7

Solution 183: 
12 15
13 2
17 17
18 19
2 3
3 9
6 12
9 7

Solution 184: 
12 15
13 2
17 17
18 19
2 4
3 9
6 12
9 7

Solution 185: 
12 15
13 2
18 19
2 4
20 16
3 9
6 12
9 7

Solution 186: 
12 15
13 2
18 19
2 3
20 16
3 9
6 12
9 7

Solution 187: 
12 15
13 2
18 19
20 16
3 9
4 3
6 12
9 7

Solution 188: 
12 15
13 2
18 19
20 16
3 9
4 3
7 11
9 7

Solution 189: 
12 15
13 2
18 19
2 3
20 16
3 9
7 11
9 7

Solution 190: 
12 15
13 2
18 19
2 4
20 16
3 9
7 11
9 7

Solution 191: 
12 15
13 2
17 20
2 4
20 16
3 9
7 11
9 7

Solution 192: 
12 15
13 2
17 17
17 20
2 4
3 9
7 11
9 7

Solution 193: 
12 15
13 2
17 17
19 19
2 4
3 9
7 11
9 7

Solution 194: 
12 15
13 2
17 17
19 20
2 4
3 9
7 11
9 7

Solution 195: 
12 15
13 2
17 17
19 20
2 3
3 9
7 11
9 7

Solution 196: 
12 15
13 2
17 17
19 19
2 3
3 9
7 11
9 7

Solution 197: 
12 15
13 2
17 17
19 19
3 9
4 3
7 11
9 7

Solution 198: 
12 15
13 2
17 17
19 20
3 9
4 3
7 11
9 7

Solution 199: 
12 15
13 2
17 17
17 20
3 9
4 3
7 11
9 7

Solution 200: 
12 15
13 2
17 17
17 20
2 3
3 9
7 11
9 7

Solution 201: 
12 15
13 2
17 20
2 3
20 16
3 9
7 11
9 7

Solution 202: 
12 15
13 2
17 20
20 16
3 9
4 3
7 11
9 7

Solution 203: 
12 15
13 2
17 20
20 16
3 9
4 3
6 12
9 7

Solution 204: 
12 15
13 2
17 20
2 4
20 16
3 9
6 12
9 7

Solution 205: 
12 15
13 2
17 20
2 3
20 16
3 9
6 12
9 7

Solution 206: 
12 15
13 2
17 17
17 20
2 3
3 9
6 12
9 7

Solution 207: 
12 15
13 2
17 17
17 20
2 4
3 9
6 12
9 7

Solution 208: 
12 15
13 2
17 17
17 20
3 9
4 3
6 12
9 7

Solution 209: 
12 15
13 2
17 17
19 20
3 9
4 3
6 12
9 7

Solution 210: 
12 15
13 2
17 17
19 19
3 9
4 3
6 12
9 7

Solution 211: 
12 15
13 2
17 17
19 19
2 3
3 9
6 12
9 7

Solution 212: 
12 15
13 2
17 17
19 19
2 4
3 9
6 12
9 7

Solution 213: 
12 15
13 2
17 17
19 20
2 4
3 9
6 12
9 7

Solution 214: 
12 15
13 2
17 17
19 20
2 3
3 9
6 12
9 7

Solution 215: 
12 15
13 2
17 17
19 20
2 3
5 8
6 12
9 7

Solution 216: 
12 15
13 2
17 17
19 19
2 3
5 8
6 12
9 7

Solution 217: 
12 15
13 2
17 17
18 19
2 3
5 8
6 12
9 7

Solution 218: 
12 15
13 2
17 17
17 20
2 3
5 8
6 12
9 7

Solution 219: 
12 15
13 2
17 17
17 20
2 3
5 8
7 11
9 7

Solution 220: 
12 15
13 2
17 17
18 19
2 3
5 8
7 11
9 7

Solution 221: 
12 15
13 2
17 17
19 19
2 3
5 8
7 11
9 7

Solution 222: 
12 15
13 2
17 17
19 20
2 3
5 8
7 11
9 7

Solution 223: 
12 15
13 2
17 17
19 20
4 3
5 8
7 11
9 7

Solution 224: 
12 15
13 2
17 17
19 20
2 4
5 8
7 11
9 7

Solution 225: 
12 15
13 2
17 17
19 20
5 8
7 11
7 4
9 7

Solution 226: 
12 15
13 2
17 17
19 20
5 8
6 12
7 4
9 7

Solution 227: 
12 15
13 2
17 17
19 20
4 3
5 8
6 12
9 7

Solution 228: 
12 15
13 2
17 17
19 20
2 4
5 8
6 12
9 7

Solution 229: 
12 15
13 2
17 17
19 19
2 4
5 8
6 12
9 7

Solution 230: 
12 15
13 2
17 17
17 20
2 4
5 8
6 12
9 7

Solution 231: 
12 15
13 2
17 17
18 19
2 4
5 8
6 12
9 7

Solution 232: 
12 15
13 2
17 17
18 19
2 4
5 8
7 11
9 7

Solution 233: 
12 15
13 2
17 17
19 19
2 4
5 8
7 11
9 7

Solution 234: 
12 15
13 2
17 17
17 20
2 4
5 8
7 11
9 7

Solution 235: 
12 15
13 2
17 17
17 20
4 3
5 8
7 11
9 7

Solution 236: 
12 15
13 2
17 17
19 19
4 3
5 8
7 11
9 7

Solution 237: 
12 15
13 2
17 17
19 19
5 8
7 11
7 4
9 7

Solution 238: 
12 15
13 2
17 17
18 19
5 8
7 11
7 4
9 7

Solution 239: 
12 15
13 2
17 17
18 19
4 3
5 8
7 11
9 7

Solution 240: 
12 15
13 2
17 17
18 19
4 3
5 8
6 12
9 7

Solution 241: 
12 15
13 2
17 17
17 20
4 3
5 8
6 12
9 7

Solution 242: 
12 15
13 2
17 17
19 19
4 3
5 8
6 12
9 7

Solution 243: 
12 15
13 2
17 17
19 19
5 8
6 12
7 4
9 7

Solution 244: 
12 15
13 2
17 17
18 19
5 8
6 12
7 4
9 7

Solution 245: 
12 15
15 1
17 17
18 19
5 8
6 12
7 4
9 7

Solution 246: 
12 15
15 2
17 17
18 19
5 8
6 12
7 4
9 7

Solution 247: 
12 15
17 17
18 19
4 1
5 8
6 12
7 4
9 7

Solution 248: 
12 15
17 17
18 19
4 1
5 8
7 11
7 4
9 7

Solution 249: 
12 15
15 1
17 17
18 19
5 8
7 11
7 4
9 7

Solution 250: 
12 15
15 2
17 17
18 19
5 8
7 11
7 4
9 7

Solution 251: 
12 15
15 2
17 17
19 20
5 8
7 11
7 4
9 7

Solution 252: 
12 15
15 2
17 17
19 19
5 8
7 11
7 4
9 7

Solution 253: 
12 15
15 1
17 17
19 19
5 8
7 11
7 4
9 7

Solution 254: 
12 15
17 17
19 19
4 1
5 8
7 11
7 4
9 7

Solution 255: 
12 15
17 17
19 20
4 1
5 8
7 11
7 4
9 7

Solution 256: 
12 15
15 1
17 17
19 20
5 8
7 11
7 4
9 7

Solution 257: 
12 15
15 1
17 17
19 20
5 8
6 12
7 4
9 7

Solution 258: 
12 15
15 1
17 17
19 19
5 8
6 12
7 4
9 7

Solution 259: 
12 15
15 2
17 17
19 19
5 8
6 12
7 4
9 7

Solution 260: 
12 15
17 17
19 19
4 1
5 8
6 12
7 4
9 7

Solution 261: 
12 15
17 17
19 20
4 1
5 8
6 12
7 4
9 7

Solution 262: 
12 15
15 2
17 17
19 20
5 8
6 12
7 4
9 7

Solution 263: 
12 15
15 2
17 20
20 16
5 8
6 12
7 4
9 7

Solution 264: 
12 15
15 2
18 19
20 16
5 8
6 12
7 4
9 7

Solution 265: 
12 15
15 2
18 19
20 16
5 8
7 11
7 4
9 7

Solution 266: 
12 15
15 2
17 20
20 16
5 8
7 11
7 4
9 7

Solution 267: 
12 15
13 2
17 20
20 16
5 8
7 11
7 4
9 7

Solution 268: 
12 15
17 20
20 16
4 1
5 8
7 11
7 4
9 7

Solution 269: 
12 15
15 1
17 20
20 16
5 8
7 11
7 4
9 7

Solution 270: 
12 15
15 1
17 20
20 16
5 8
6 12
7 4
9 7

Solution 271: 
12 15
17 20
20 16
4 1
5 8
6 12
7 4
9 7

Solution 272: 
12 15
13 2
17 20
20 16
5 8
6 12
7 4
9 7

Solution 273: 
12 15
13 2
18 19
20 16
5 8
6 12
7 4
9 7

Solution 274: 
12 15
15 1
18 19
20 16
5 8
6 12
7 4
9 7

Solution 275: 
12 15
18 19
20 16
4 1
5 8
6 12
7 4
9 7

Solution 276: 
12 15
18 19
20 16
4 1
5 8
7 11
7 4
9 7

Solution 277: 
12 15
13 2
18 19
20 16
5 8
7 11
7 4
9 7

Solution 278: 
12 15
15 1
18 19
20 16
5 8
7 11
7 4
9 7

Solution 279: 
10 6
12 15
15 1
18 19
20 16
5 8
7 11
7 4

Solution 280: 
11 7
12 15
15 1
18 19
20 16
5 8
7 11
7 4

Solution 281: 
11 6
12 15
15 1
18 19
20 16
5 8
7 11
7 4

Solution 282: 
11 6
12 15
15 1
18 19
20 16
5 8
6 12
7 4

Solution 283: 
10 6
12 15
15 1
18 19
20 16
5 8
6 12
7 4

Solution 284: 
11 7
12 15
15 1
18 19
20 16
5 8
6 12
7 4

Solution 285: 
11 7
12 15
15 1
18 19
20 16
3 9
7 11
7 4

Solution 286: 
10 6
12 15
15 1
18 19
20 16
3 9
7 11
7 4

Solution 287: 
11 6
12 15
15 1
18 19
20 16
3 9
7 11
7 4

Solution 288: 
11 6
12 15
15 2
18 19
20 16
3 9
7 11
7 4

Solution 289: 
11 6
12 15
13 2
18 19
20 16
3 9
7 11
7 4

Solution 290: 
11 6
12 15
18 19
20 16
3 9
4 1
7 11
7 4

Solution 291: 
11 6
12 15
18 19
20 16
4 1
5 8
7 11
7 4

Solution 292: 
11 6
12 15
15 2
18 19
20 16
5 8
7 11
7 4

Solution 293: 
11 6
12 15
13 2
18 19
20 16
5 8
7 11
7 4

Solution 294: 
11 6
12 15
13 2
18 19
20 16
5 8
6 12
7 4

Solution 295: 
11 6
12 15
15 2
18 19
20 16
5 8
6 12
7 4

Solution 296: 
11 6
12 15
18 19
20 16
4 1
5 8
6 12
7 4

Solution 297: 
11 6
12 15
17 17
18 19
4 1
5 8
6 12
7 4

Solution 298: 
11 6
12 15
15 1
17 17
18 19
5 8
6 12
7 4

Solution 299: 
11 6
12 15
13 2
17 17
18 19
5 8
6 12
7 4

Solution 300: 
11 6
12 15
15 2
17 17
18 19
5 8
6 12
7 4

Solution 301: 
11 7
12 15
15 2
17 17
18 19
5 8
6 12
7 4

Solution 302: 
11 7
12 15
15 1
17 17
18 19
5 8
6 12
7 4

Solution 303: 
10 6
12 15
15 1
17 17
18 19
5 8
6 12
7 4

Solution 304: 
10 6
12 15
15 2
17 17
18 19
5 8
6 12
7 4

Solution 305: 
10 6
12 15
17 17
18 19
4 1
5 8
6 12
7 4

Solution 306: 
11 7
12 15
17 17
18 19
4 1
5 8
6 12
7 4

Solution 307: 
11 7
12 15
13 2
17 17
18 19
5 8
6 12
7 4

Solution 308: 
10 6
12 15
13 2
17 17
18 19
5 8
6 12
7 4

Solution 309: 
10 6
12 15
13 2
18 19
20 16
5 8
6 12
7 4

Solution 310: 
10 6
12 15
15 2
18 19
20 16
5 8
6 12
7 4

Solution 311: 
10 6
12 15
18 19
20 16
4 1
5 8
6 12
7 4

Solution 312: 
11 7
12 15
18 19
20 16
4 1
5 8
6 12
7 4

Solution 313: 
11 7
12 15
13 2
18 19
20 16
5 8
6 12
7 4

Solution 314: 
11 7
12 15
15 2
18 19
20 16
5 8
6 12
7 4

Solution 315: 
12 15
13 2
18 19
2 3
20 16
5 8
6 12
9 7

Solution 316: 
12 15
13 2
18 19
2 4
20 16
5 8
6 12
9 7

Solution 317: 
12 15
13 2
18 19
20 16
4 3
5 8
6 12
9 7

Solution 318: 
12 15
13 2
17 20
20 16
4 3
5 8
6 12
9 7

Solution 319: 
12 15
13 2
17 20
2 4
20 16
5 8
6 12
9 7

Solution 320: 
12 15
13 2
17 20
2 3
20 16
5 8
6 12
9 7

Solution 321: 
11 6
12 15
13 2
17 20
20 16
5 8
6 12
7 4

Solution 322: 
10 6
12 15
13 2
17 20
20 16
5 8
6 12
7 4

Solution 323: 
11 7
12 15
13 2
17 20
20 16
5 8
6 12
7 4

Solution 324: 
11 7
12 15
13 2
17 17
17 20
5 8
6 12
7 4

Solution 325: 
10 6
12 15
13 2
17 17
17 20
5 8
6 12
7 4

Solution 326: 
11 6
12 15
13 2
17 17
17 20
5 8
6 12
7 4

Solution 327: 
11 6
12 15
13 2
17 17
19 20
5 8
6 12
7 4

Solution 328: 
11 6
12 15
13 2
17 17
19 19
5 8
6 12
7 4

Solution 329: 
11 7
12 15
13 2
17 17
19 19
5 8
6 12
7 4

Solution 330: 
11 7
12 15
13 2
17 17
19 20
5 8
6 12
7 4

Solution 331: 
10 6
12 15
13 2
17 17
19 20
5 8
6 12
7 4

Solution 332: 
10 6
12 15
13 2
17 17
19 19
5 8
6 12
7 4

Solution 333: 
10 6
12 15
15 2
17 17
19 19
5 8
6 12
7 4

Solution 334: 
10 6
12 15
15 1
17 17
19 19
5 8
6 12
7 4

Solution 335: 
10 6
12 15
17 17
19 19
4 1
5 8
6 12
7 4

Solution 336: 
10 6
12 15
17 17
19 20
4 1
5 8
6 12
7 4

Solution 337: 
10 6
12 15
17 17
17 20
4 1
5 8
6 12
7 4

Solution 338: 
10 6
12 15
15 1
17 17
17 20
5 8
6 12
7 4

Solution 339: 
10 6
12 15
15 1
17 17
19 20
5 8
6 12
7 4

Solution 340: 
10 6
12 15
15 2
17 17
19 20
5 8
6 12
7 4

Solution 341: 
10 6
12 15
15 2
17 17
17 20
5 8
6 12
7 4

Solution 342: 
10 6
12 15
15 2
17 20
20 16
5 8
6 12
7 4

Solution 343: 
10 6
12 15
15 1
17 20
20 16
5 8
6 12
7 4

Solution 344: 
10 6
12 15
17 20
20 16
4 1
5 8
6 12
7 4

Solution 345: 
11 6
12 15
17 20
20 16
4 1
5 8
6 12
7 4

Solution 346: 
11 7
12 15
17 20
20 16
4 1
5 8
6 12
7 4

Solution 347: 
11 7
12 15
15 1
17 20
20 16
5 8
6 12
7 4

Solution 348: 
11 7
12 15
15 2
17 20
20 16
5 8
6 12
7 4

Solution 349: 
11 6
12 15
15 2
17 20
20 16
5 8
6 12
7 4

Solution 350: 
11 6
12 15
15 1
17 20
20 16
5 8
6 12
7 4

Solution 351: 
11 6
12 15
15 1
17 17
17 20
5 8
6 12
7 4

Solution 352: 
11 6
12 15
15 2
17 17
17 20
5 8
6 12
7 4

Solution 353: 
11 6
12 15
17 17
17 20
4 1
5 8
6 12
7 4

Solution 354: 
11 7
12 15
17 17
17 20
4 1
5 8
6 12
7 4

Solution 355: 
11 7
12 15
15 1
17 17
17 20
5 8
6 12
7 4

Solution 356: 
11 7
12 15
15 2
17 17
17 20
5 8
6 12
7 4

Solution 357: 
11 7
12 15
15 2
17 17
19 20
5 8
6 12
7 4

Solution 358: 
11 7
12 15
15 2
17 17
19 19
5 8
6 12
7 4

Solution 359: 
11 7
12 15
15 1
17 17
19 19
5 8
6 12
7 4

Solution 360: 
11 7
12 15
15 1
17 17
19 20
5 8
6 12
7 4

Solution 361: 
11 7
12 15
17 17
19 20
4 1
5 8
6 12
7 4

Solution 362: 
11 7
12 15
17 17
19 19
4 1
5 8
6 12
7 4

Solution 363: 
11 6
12 15
17 17
19 19
4 1
5 8
6 12
7 4

Solution 364: 
11 6
12 15
17 17
19 20
4 1
5 8
6 12
7 4

Solution 365: 
11 6
12 15
15 2
17 17
19 20
5 8
6 12
7 4

Solution 366: 
11 6
12 15
15 1
17 17
19 20
5 8
6 12
7 4

Solution 367: 
11 6
12 15
15 1
17 17
19 19
5 8
6 12
7 4

Solution 368: 
11 6
12 15
15 2
17 17
19 19
5 8
6 12
7 4

Solution 369: 
11 6
12 15
15 2
17 17
19 19
5 8
7 11
7 4

Solution 370: 
11 6
12 15
15 2
17 17
19 20
5 8
7 11
7 4

Solution 371: 
11 6
12 15
15 2
17 17
18 19
5 8
7 11
7 4

Solution 372: 
11 6
12 15
15 1
17 17
18 19
5 8
7 11
7 4

Solution 373: 
11 6
12 15
17 17
18 19
4 1
5 8
7 11
7 4

Solution 374: 
11 6
12 15
17 17
19 20
4 1
5 8
7 11
7 4

Solution 375: 
11 6
12 15
15 1
17 17
19 20
5 8
7 11
7 4

Solution 376: 
11 6
12 15
15 1
17 17
19 19
5 8
7 11
7 4

Solution 377: 
11 6
12 15
17 17
19 19
4 1
5 8
7 11
7 4

Solution 378: 
11 6
12 15
17 17
17 20
4 1
5 8
7 11
7 4

Solution 379: 
11 6
12 15
15 1
17 17
17 20
5 8
7 11
7 4

Solution 380: 
11 6
12 15
13 2
17 17
17 20
5 8
7 11
7 4

Solution 381: 
11 6
12 15
13 2
17 17
19 20
5 8
7 11
7 4

Solution 382: 
11 6
12 15
13 2
17 17
18 19
5 8
7 11
7 4

Solution 383: 
11 6
12 15
13 2
17 17
19 19
5 8
7 11
7 4

Solution 384: 
11 6
12 15
15 2
17 17
17 20
5 8
7 11
7 4

Solution 385: 
11 6
12 15
15 2
17 20
20 16
5 8
7 11
7 4

Solution 386: 
11 6
12 15
15 1
17 20
20 16
5 8
7 11
7 4

Solution 387: 
11 6
12 15
17 20
20 16
4 1
5 8
7 11
7 4

Solution 388: 
11 6
12 15
13 2
17 20
20 16
5 8
7 11
7 4

Solution 389: 
11 7
12 15
13 2
17 20
20 16
5 8
7 11
7 4

Solution 390: 
10 6
12 15
13 2
17 20
20 16
5 8
7 11
7 4

Solution 391: 
10 6
12 15
13 2
18 19
20 16
5 8
7 11
7 4

Solution 392: 
11 7
12 15
13 2
18 19
20 16
5 8
7 11
7 4

Solution 393: 
11 7
12 15
15 2
18 19
20 16
5 8
7 11
7 4

Solution 394: 
11 7
12 15
18 19
20 16
4 1
5 8
7 11
7 4

Solution 395: 
10 6
12 15
18 19
20 16
4 1
5 8
7 11
7 4

Solution 396: 
10 6
12 15
17 20
20 16
4 1
5 8
7 11
7 4

Solution 397: 
11 7
12 15
17 20
20 16
4 1
5 8
7 11
7 4

Solution 398: 
11 7
12 15
15 2
17 20
20 16
5 8
7 11
7 4

Solution 399: 
11 7
12 15
15 1
17 20
20 16
5 8
7 11
7 4

Solution 400: 
10 6
12 15
15 1
17 20
20 16
5 8
7 11
7 4

Solution 401: 
10 6
12 15
15 2
17 20
20 16
5 8
7 11
7 4

Solution 402: 
10 6
12 15
15 2
18 19
20 16
5 8
7 11
7 4

Solution 403: 
10 6
12 15
15 2
17 17
18 19
5 8
7 11
7 4

Solution 404: 
10 6
12 15
15 2
17 17
19 20
5 8
7 11
7 4

Solution 405: 
10 6
12 15
15 2
17 17
19 19
5 8
7 11
7 4

Solution 406: 
10 6
12 15
15 2
17 17
17 20
5 8
7 11
7 4

Solution 407: 
10 6
12 15
15 1
17 17
17 20
5 8
7 11
7 4

Solution 408: 
10 6
12 15
13 2
17 17
17 20
5 8
7 11
7 4

Solution 409: 
10 6
12 15
17 17
17 20
4 1
5 8
7 11
7 4

Solution 410: 
10 6
12 15
17 17
19 20
4 1
5 8
7 11
7 4

Solution 411: 
10 6
12 15
17 17
19 19
4 1
5 8
7 11
7 4

Solution 412: 
10 6
12 15
17 17
18 19
4 1
5 8
7 11
7 4

Solution 413: 
10 6
12 15
13 2
17 17
18 19
5 8
7 11
7 4

Solution 414: 
10 6
12 15
15 1
17 17
18 19
5 8
7 11
7 4

Solution 415: 
10 6
12 15
15 1
17 17
19 20
5 8
7 11
7 4

Solution 416: 
10 6
12 15
13 2
17 17
19 20
5 8
7 11
7 4

Solution 417: 
10 6
12 15
13 2
17 17
19 19
5 8
7 11
7 4

Solution 418: 
10 6
12 15
15 1
17 17
19 19
5 8
7 11
7 4

Solution 419: 
11 7
12 15
15 1
17 17
19 19
5 8
7 11
7 4

Solution 420: 
11 7
12 15
15 1
17 17
19 20
5 8
7 11
7 4

Solution 421: 
11 7
12 15
13 2
17 17
19 20
5 8
7 11
7 4

Solution 422: 
11 7
12 15
13 2
17 17
19 19
5 8
7 11
7 4

Solution 423: 
11 7
12 15
15 2
17 17
19 19
5 8
7 11
7 4

Solution 424: 
11 7
12 15
15 2
17 17
19 20
5 8
7 11
7 4

Solution 425: 
11 7
12 15
15 2
17 17
17 20
5 8
7 11
7 4

Solution 426: 
11 7
12 15
13 2
17 17
17 20
5 8
7 11
7 4

Solution 427: 
11 7
12 15
13 2
17 17
18 19
5 8
7 11
7 4

Solution 428: 
11 7
12 15
15 2
17 17
18 19
5 8
7 11
7 4

Solution 429: 
11 7
12 15
15 1
17 17
18 19
5 8
7 11
7 4

Solution 430: 
11 7
12 15
15 1
17 17
17 20
5 8
7 11
7 4

Solution 431: 
11 7
12 15
17 17
17 20
4 1
5 8
7 11
7 4

Solution 432: 
11 7
12 15
17 17
19 20
4 1
5 8
7 11
7 4

Solution 433: 
11 7
12 15
17 17
19 19
4 1
5 8
7 11
7 4

Solution 434: 
11 7
12 15
17 17
18 19
4 1
5 8
7 11
7 4

Solution 435: 
11 7
12 15
18 19
20 16
3 9
4 1
7 11
7 4

Solution 436: 
11 7
12 15
17 20
20 16
3 9
4 1
7 11
7 4

Solution 437: 
11 7
12 15
15 2
17 20
20 16
3 9
7 11
7 4

Solution 438: 
11 7
12 15
15 2
18 19
20 16
3 9
7 11
7 4

Solution 439: 
11 7
12 15
13 2
18 19
20 16
3 9
7 11
7 4

Solution 440: 
11 7
12 15
13 2
17 20
20 16
3 9
7 11
7 4

Solution 441: 
11 7
12 15
15 1
17 20
20 16
3 9
7 11
7 4

Solution 442: 
11 6
12 15
15 1
17 20
20 16
3 9
7 11
7 4

Solution 443: 
11 6
12 15
15 2
17 20
20 16
3 9
7 11
7 4

Solution 444: 
11 6
12 15
17 20
20 16
3 9
4 1
7 11
7 4

Solution 445: 
11 6
12 15
13 2
17 20
20 16
3 9
7 11
7 4

Solution 446: 
10 6
12 15
13 2
17 20
20 16
3 9
7 11
7 4

Solution 447: 
10 6
12 15
15 1
17 20
20 16
3 9
7 11
7 4

Solution 448: 
10 6
12 15
15 2
17 20
20 16
3 9
7 11
7 4

Solution 449: 
10 6
12 15
17 20
20 16
3 9
4 1
7 11
7 4

Solution 450: 
10 6
12 15
18 19
20 16
3 9
4 1
7 11
7 4

Solution 451: 
10 6
12 15
13 2
18 19
20 16
3 9
7 11
7 4

Solution 452: 
10 6
12 15
15 2
18 19
20 16
3 9
7 11
7 4

Solution 453: 
10 6
12 15
13 2
18 19
2 3
20 16
3 9
7 11

Solution 454: 
10 6
12 15
13 2
18 19
2 4
20 16
3 9
7 11

Solution 455: 
10 6
12 15
13 2
18 19
2 4
20 16
5 8
7 11

Solution 456: 
10 6
12 15
13 2
17 17
18 19
2 4
5 8
7 11

Solution 457: 
12 15
13 2
18 19
2 4
20 16
5 8
7 11
9 7

Solution 458: 
12 15
13 2
18 19
2 3
20 16
5 8
7 11
9 7

Solution 459: 
12 15
13 2
18 19
20 16
4 3
5 8
7 11
9 7

Solution 460: 
10 6
12 15
13 2
18 19
20 16
4 3
5 8
7 11

Solution 461: 
10 6
12 15
13 2
17 17
18 19
4 3
5 8
7 11

Solution 462: 
10 6
12 15
13 2
17 17
18 19
2 3
5 8
7 11

Solution 463: 
10 6
12 15
13 2
18 19
2 3
20 16
5 8
7 11

Solution 464: 
10 6
12 15
13 2
18 19
20 16
3 9
4 3
7 11

Solution 465: 
10 6
12 15
13 2
17 20
20 16
3 9
4 3
7 11

Solution 466: 
10 6
12 15
13 2
17 17
17 20
3 9
4 3
7 11

Solution 467: 
10 6
12 15
13 2
17 17
19 20
3 9
4 3
7 11

Solution 468: 
10 6
12 15
13 2
17 17
19 19
3 9
4 3
7 11

Solution 469: 
10 6
12 15
13 2
17 17
19 19
4 3
5 8
7 11

Solution 470: 
10 6
12 15
13 2
17 17
19 20
4 3
5 8
7 11

Solution 471: 
10 6
12 15
13 2
17 17
17 20
4 3
5 8
7 11

Solution 472: 
10 6
12 15
13 2
17 17
17 20
2 3
5 8
7 11

Solution 473: 
10 6
12 15
13 2
17 17
17 20
2 4
5 8
7 11

Solution 474: 
10 6
12 15
13 2
17 17
19 20
2 4
5 8
7 11

Solution 475: 
10 6
12 15
13 2
17 17
19 19
2 4
5 8
7 11

Solution 476: 
10 6
12 15
13 2
17 17
19 19
2 3
5 8
7 11

Solution 477: 
10 6
12 15
13 2
17 17
19 20
2 3
5 8
7 11

Solution 478: 
10 6
12 15
13 2
17 17
19 20
2 3
3 9
7 11

Solution 479: 
10 6
12 15
13 2
17 17
19 19
2 3
3 9
7 11

Solution 480: 
10 6
12 15
13 2
17 17
17 20
2 3
3 9
7 11

Solution 481: 
10 6
12 15
13 2
17 17
17 20
2 4
3 9
7 11

Solution 482: 
10 6
12 15
13 2
17 17
19 20
2 4
3 9
7 11

Solution 483: 
10 6
12 15
13 2
17 17
19 19
2 4
3 9
7 11

Solution 484: 
10 6
12 15
13 2
17 20
2 4
20 16
3 9
7 11

Solution 485: 
10 6
12 15
13 2
17 20
2 4
20 16
5 8
7 11

Solution 486: 
12 15
13 2
17 20
2 4
20 16
5 8
7 11
9 7

Solution 487: 
12 15
13 2
17 20
2 3
20 16
5 8
7 11
9 7

Solution 488: 
12 15
13 2
17 20
20 16
4 3
5 8
7 11
9 7

Solution 489: 
10 6
12 15
13 2
17 20
20 16
4 3
5 8
7 11

Solution 490: 
10 6
12 15
13 2
17 20
2 3
20 16
5 8
7 11

Solution 491: 
10 6
12 15
13 2
17 20
2 3
20 16
3 9
7 11

Number of solutions found: 492

Changes at vertices: 
4 2 -> 4 1
Change visibility: 13 2
----------------------------------
Removal 1: 
Solution 0: 
12 15
17 17
17 20
3 9
6 12
7 4
9 7

Solution 1: 
12 15
17 17
17 20
5 8
6 12
7 4
9 7

Solution 2: 
12 15
17 17
17 20
5 8
7 11
7 4
9 7

Solution 3: 
12 15
17 20
20 16
5 8
7 11
7 4
9 7

Solution 4: 
12 15
17 20
20 16
5 8
6 12
7 4
9 7

Solution 5: 
12 15
18 19
20 16
5 8
6 12
7 4
9 7

Solution 6: 
12 15
17 17
18 19
5 8
6 12
7 4
9 7

Solution 7: 
12 15
17 17
19 20
5 8
6 12
7 4
9 7

Solution 8: 
12 15
17 17
19 19
5 8
6 12
7 4
9 7

Solution 9: 
12 15
17 17
19 19
5 8
7 11
7 4
9 7

Solution 10: 
12 15
17 17
19 20
5 8
7 11
7 4
9 7

Solution 11: 
12 15
17 17
18 19
5 8
7 11
7 4
9 7

Solution 12: 
12 15
18 19
20 16
5 8
7 11
7 4
9 7

Solution 13: 
11 7
12 15
18 19
20 16
5 8
7 11
7 4

Solution 14: 
11 6
12 15
18 19
20 16
5 8
7 11
7 4

Solution 15: 
10 6
12 15
18 19
20 16
5 8
7 11
7 4

Solution 16: 
10 6
12 15
17 17
18 19
5 8
7 11
7 4

Solution 17: 
11 6
12 15
17 17
18 19
5 8
7 11
7 4

Solution 18: 
11 7
12 15
17 17
18 19
5 8
7 11
7 4

Solution 19: 
11 7
12 15
17 17
18 19
5 8
6 12
7 4

Solution 20: 
11 7
12 15
18 19
20 16
5 8
6 12
7 4

Solution 21: 
10 6
12 15
18 19
20 16
5 8
6 12
7 4

Solution 22: 
11 6
12 15
18 19
20 16
5 8
6 12
7 4

Solution 23: 
11 6
12 15
17 17
18 19
5 8
6 12
7 4

Solution 24: 
10 6
12 15
17 17
18 19
5 8
6 12
7 4

Solution 25: 
10 6
12 15
17 17
18 19
3 9
6 12
7 4

Solution 26: 
10 6
12 15
18 19
20 16
3 9
6 12
7 4

Solution 27: 
10 6
12 15
18 19
20 16
3 9
7 11
7 4

Solution 28: 
11 6
12 15
18 19
20 16
3 9
7 11
7 4

Solution 29: 
12 15
18 19
20 16
3 9
7 11
7 4
9 7

Solution 30: 
11 7
12 15
18 19
20 16
3 9
7 11
7 4

Solution 31: 
11 7
12 15
17 17
18 19
3 9
7 11
7 4

Solution 32: 
11 6
12 15
17 17
18 19
3 9
7 11
7 4

Solution 33: 
10 6
12 15
17 17
18 19
3 9
7 11
7 4

Solution 34: 
12 15
17 17
18 19
3 9
7 11
7 4
9 7

Solution 35: 
12 15
17 17
19 20
3 9
7 11
7 4
9 7

Solution 36: 
12 15
17 17
17 20
3 9
7 11
7 4
9 7

Solution 37: 
12 15
17 17
19 19
3 9
7 11
7 4
9 7

Solution 38: 
11 6
12 15
17 17
19 19
3 9
7 11
7 4

Solution 39: 
11 6
12 15
17 17
19 20
3 9
7 11
7 4

Solution 40: 
11 6
12 15
17 17
17 20
3 9
7 11
7 4

Solution 41: 
10 6
12 15
17 17
17 20
3 9
7 11
7 4

Solution 42: 
11 7
12 15
17 17
17 20
3 9
7 11
7 4

Solution 43: 
11 7
12 15
17 17
19 19
3 9
7 11
7 4

Solution 44: 
11 7
12 15
17 17
19 20
3 9
7 11
7 4

Solution 45: 
10 6
12 15
17 17
19 20
3 9
7 11
7 4

Solution 46: 
10 6
12 15
17 17
19 19
3 9
7 11
7 4

Solution 47: 
10 6
12 15
17 20
20 16
3 9
7 11
7 4

Solution 48: 
12 15
17 20
20 16
3 9
7 11
7 4
9 7

Solution 49: 
11 6
12 15
17 20
20 16
3 9
7 11
7 4

Solution 50: 
11 7
12 15
17 20
20 16
3 9
7 11
7 4

Solution 51: 
11 7
12 15
17 20
20 16
3 9
6 12
7 4

Solution 52: 
10 6
12 15
17 20
20 16
3 9
6 12
7 4

Solution 53: 
12 15
17 20
20 16
3 9
6 12
7 4
9 7

Solution 54: 
11 6
12 15
17 20
20 16
3 9
6 12
7 4

Solution 55: 
11 6
12 15
17 17
17 20
3 9
6 12
7 4

Solution 56: 
11 7
12 15
17 17
17 20
3 9
6 12
7 4

Solution 57: 
10 6
12 15
17 17
17 20
3 9
6 12
7 4

Solution 58: 
10 6
12 15
17 17
19 20
3 9
6 12
7 4

Solution 59: 
10 6
12 15
17 17
19 19
3 9
6 12
7 4

Solution 60: 
11 7
12 15
17 17
19 19
3 9
6 12
7 4

Solution 61: 
12 15
17 17
19 19
3 9
6 12
7 4
9 7

Solution 62: 
11 6
12 15
17 17
19 19
3 9
6 12
7 4

Solution 63: 
11 6
12 15
17 17
19 20
3 9
6 12
7 4

Solution 64: 
11 6
12 15
17 17
18 19
3 9
6 12
7 4

Solution 65: 
11 6
12 15
18 19
20 16
3 9
6 12
7 4

Solution 66: 
12 15
18 19
20 16
3 9
6 12
7 4
9 7

Solution 67: 
11 7
12 15
18 19
20 16
3 9
6 12
7 4

Solution 68: 
11 7
12 15
17 17
18 19
3 9
6 12
7 4

Solution 69: 
12 15
17 17
18 19
3 9
6 12
7 4
9 7

Solution 70: 
12 15
17 17
19 20
3 9
6 12
7 4
9 7

Solution 71: 
11 7
12 15
17 17
19 20
3 9
6 12
7 4

Solution 72: 
11 7
12 15
17 17
19 20
5 8
6 12
7 4

Solution 73: 
11 7
12 15
17 17
19 19
5 8
6 12
7 4

Solution 74: 
11 7
12 15
17 17
17 20
5 8
6 12
7 4

Solution 75: 
11 7
12 15
17 17
17 20
5 8
7 11
7 4

Solution 76: 
11 7
12 15
17 17
19 19
5 8
7 11
7 4

Solution 77: 
11 7
12 15
17 17
19 20
5 8
7 11
7 4

Solution 78: 
10 6
12 15
17 17
19 20
5 8
7 11
7 4

Solution 79: 
11 6
12 15
17 17
19 20
5 8
7 11
7 4

Solution 80: 
11 6
12 15
17 17
19 20
5 8
6 12
7 4

Solution 81: 
10 6
12 15
17 17
19 20
5 8
6 12
7 4

Solution 82: 
10 6
12 15
17 17
17 20
5 8
6 12
7 4

Solution 83: 
10 6
12 15
17 17
19 19
5 8
6 12
7 4

Solution 84: 
10 6
12 15
17 17
19 19
5 8
7 11
7 4

Solution 85: 
10 6
12 15
17 17
17 20
5 8
7 11
7 4

Solution 86: 
11 6
12 15
17 17
17 20
5 8
7 11
7 4

Solution 87: 
11 6
12 15
17 17
19 19
5 8
7 11
7 4

Solution 88: 
11 6
12 15
17 17
19 19
5 8
6 12
7 4

Solution 89: 
11 6
12 15
17 17
17 20
5 8
6 12
7 4

Solution 90: 
11 6
12 15
17 20
20 16
5 8
6 12
7 4

Solution 91: 
11 7
12 15
17 20
20 16
5 8
6 12
7 4

Solution 92: 
10 6
12 15
17 20
20 16
5 8
6 12
7 4

Solution 93: 
10 6
12 15
17 20
20 16
5 8
7 11
7 4

Solution 94: 
11 7
12 15
17 20
20 16
5 8
7 11
7 4

Solution 95: 
11 6
12 15
17 20
20 16
5 8
7 11
7 4

Number of solutions found: 96

Changes at vertices: 
New Vertex: 4 3
13 3 -> 13 2
----------------------------------
Removal 2: 
Solution 0: 
12 15
17 17
17 20
3 9
6 12
7 4
9 7

Solution 1: 
12 15
17 17
17 20
5 8
6 12
7 4
9 7

Solution 2: 
12 15
13 3
17 17
17 20
5 8
6 12
9 7

Solution 3: 
12 15
13 3
17 17
19 20
5 8
6 12
9 7

Solution 4: 
12 15
13 3
17 17
18 19
5 8
6 12
9 7

Solution 5: 
12 15
17 17
18 19
5 8
6 12
7 4
9 7

Solution 6: 
12 15
17 17
19 20
5 8
6 12
7 4
9 7

Solution 7: 
12 15
17 17
19 19
5 8
6 12
7 4
9 7

Solution 8: 
12 15
13 3
17 17
19 19
5 8
6 12
9 7

Solution 9: 
12 15
13 3
17 20
20 16
5 8
6 12
9 7

Solution 10: 
12 15
13 3
17 20
20 16
3 9
6 12
9 7

Solution 11: 
12 15
13 3
18 19
20 16
3 9
6 12
9 7

Solution 12: 
12 15
13 3
18 19
20 16
5 8
6 12
9 7

Solution 13: 
12 15
13 3
18 19
20 16
5 8
7 11
9 7

Solution 14: 
12 15
13 3
17 20
20 16
5 8
7 11
9 7

Solution 15: 
10 6
12 15
13 3
17 20
20 16
5 8
7 11

Solution 16: 
10 6
12 15
13 3
18 19
20 16
5 8
7 11

Solution 17: 
10 6
12 15
13 3
18 19
20 16
3 9
7 11

Solution 18: 
12 15
13 3
18 19
20 16
3 9
7 11
9 7

Solution 19: 
12 15
13 3
17 20
20 16
3 9
7 11
9 7

Solution 20: 
10 6
12 15
13 3
17 20
20 16
3 9
7 11

Solution 21: 
10 6
12 15
13 3
17 17
17 20
3 9
7 11

Solution 22: 
10 6
12 15
13 3
17 17
19 20
3 9
7 11

Solution 23: 
10 6
12 15
13 3
17 17
19 19
3 9
7 11

Solution 24: 
10 6
12 15
13 3
17 17
18 19
3 9
7 11

Solution 25: 
12 15
13 3
17 17
18 19
3 9
7 11
9 7

Solution 26: 
12 15
13 3
17 17
18 19
3 9
6 12
9 7

Solution 27: 
12 15
13 3
17 17
18 19
5 8
7 11
9 7

Solution 28: 
10 6
12 15
13 3
17 17
18 19
5 8
7 11

Solution 29: 
10 6
12 15
13 3
17 17
19 19
5 8
7 11

Solution 30: 
10 6
12 15
13 3
17 17
19 20
5 8
7 11

Solution 31: 
10 6
12 15
13 3
17 17
17 20
5 8
7 11

Solution 32: 
12 15
13 3
17 17
17 20
5 8
7 11
9 7

Solution 33: 
12 15
13 3
17 17
17 20
3 9
7 11
9 7

Solution 34: 
12 15
13 3
17 17
17 20
3 9
6 12
9 7

Solution 35: 
12 15
13 3
17 17
19 19
3 9
6 12
9 7

Solution 36: 
12 15
13 3
17 17
19 20
3 9
6 12
9 7

Solution 37: 
12 15
13 3
17 17
19 20
3 9
7 11
9 7

Solution 38: 
12 15
13 3
17 17
19 19
3 9
7 11
9 7

Solution 39: 
12 15
13 3
17 17
19 19
5 8
7 11
9 7

Solution 40: 
12 15
13 3
17 17
19 20
5 8
7 11
9 7

Solution 41: 
12 15
17 17
19 20
5 8
7 11
7 4
9 7

Solution 42: 
11 6
12 15
17 17
19 20
5 8
7 11
7 4

Solution 43: 
11 7
12 15
17 17
19 20
5 8
7 11
7 4

Solution 44: 
11 7
12 15
17 17
19 20
3 9
7 11
7 4

Solution 45: 
11 6
12 15
17 17
19 20
3 9
7 11
7 4

Solution 46: 
12 15
17 17
19 20
3 9
7 11
7 4
9 7

Solution 47: 
10 6
12 15
17 17
19 20
3 9
7 11
7 4

Solution 48: 
10 6
12 15
17 17
19 20
5 8
7 11
7 4

Solution 49: 
10 6
12 15
17 17
19 20
5 8
6 12
7 4

Solution 50: 
11 7
12 15
17 17
19 20
5 8
6 12
7 4

Solution 51: 
11 6
12 15
17 17
19 20
5 8
6 12
7 4

Solution 52: 
11 6
12 15
17 17
19 20
3 9
6 12
7 4

Solution 53: 
11 7
12 15
17 17
19 20
3 9
6 12
7 4

Solution 54: 
12 15
17 17
19 20
3 9
6 12
7 4
9 7

Solution 55: 
10 6
12 15
17 17
19 20
3 9
6 12
7 4

Solution 56: 
10 6
12 15
17 17
19 19
3 9
6 12
7 4

Solution 57: 
10 6
12 15
17 17
18 19
3 9
6 12
7 4

Solution 58: 
10 6
12 15
17 17
17 20
3 9
6 12
7 4

Solution 59: 
11 7
12 15
17 17
17 20
3 9
6 12
7 4

Solution 60: 
11 6
12 15
17 17
17 20
3 9
6 12
7 4

Solution 61: 
11 6
12 15
17 17
18 19
3 9
6 12
7 4

Solution 62: 
11 6
12 15
17 17
19 19
3 9
6 12
7 4

Solution 63: 
12 15
17 17
19 19
3 9
6 12
7 4
9 7

Solution 64: 
12 15
17 17
18 19
3 9
6 12
7 4
9 7

Solution 65: 
11 7
12 15
17 17
18 19
3 9
6 12
7 4

Solution 66: 
11 7
12 15
17 17
19 19
3 9
6 12
7 4

Solution 67: 
11 7
12 15
17 17
19 19
5 8
6 12
7 4

Solution 68: 
10 6
12 15
17 17
19 19
5 8
6 12
7 4

Solution 69: 
11 6
12 15
17 17
19 19
5 8
6 12
7 4

Solution 70: 
11 6
12 15
17 17
18 19
5 8
6 12
7 4

Solution 71: 
11 6
12 15
17 17
17 20
5 8
6 12
7 4

Solution 72: 
10 6
12 15
17 17
17 20
5 8
6 12
7 4

Solution 73: 
11 7
12 15
17 17
17 20
5 8
6 12
7 4

Solution 74: 
11 7
12 15
17 17
18 19
5 8
6 12
7 4

Solution 75: 
10 6
12 15
17 17
18 19
5 8
6 12
7 4

Solution 76: 
10 6
12 15
18 19
20 16
5 8
6 12
7 4

Solution 77: 
12 15
18 19
20 16
5 8
6 12
7 4
9 7

Solution 78: 
11 6
12 15
18 19
20 16
5 8
6 12
7 4

Solution 79: 
11 7
12 15
18 19
20 16
5 8
6 12
7 4

Solution 80: 
11 7
12 15
17 20
20 16
5 8
6 12
7 4

Solution 81: 
12 15
17 20
20 16
5 8
6 12
7 4
9 7

Solution 82: 
11 6
12 15
17 20
20 16
5 8
6 12
7 4

Solution 83: 
10 6
12 15
17 20
20 16
5 8
6 12
7 4

Solution 84: 
10 6
12 15
17 20
20 16
3 9
6 12
7 4

Solution 85: 
11 7
12 15
17 20
20 16
3 9
6 12
7 4

Solution 86: 
12 15
17 20
20 16
3 9
6 12
7 4
9 7

Solution 87: 
12 15
18 19
20 16
3 9
6 12
7 4
9 7

Solution 88: 
10 6
12 15
18 19
20 16
3 9
6 12
7 4

Solution 89: 
11 6
12 15
18 19
20 16
3 9
6 12
7 4

Solution 90: 
11 7
12 15
18 19
20 16
3 9
6 12
7 4

Solution 91: 
11 6
12 15
17 20
20 16
3 9
6 12
7 4

Solution 92: 
11 6
12 15
17 20
20 16
3 9
7 11
7 4

Solution 93: 
11 7
12 15
17 20
20 16
3 9
7 11
7 4

Solution 94: 
10 6
12 15
17 20
20 16
3 9
7 11
7 4

Solution 95: 
10 6
12 15
17 17
17 20
3 9
7 11
7 4

Solution 96: 
11 7
12 15
17 17
17 20
3 9
7 11
7 4

Solution 97: 
11 6
12 15
17 17
17 20
3 9
7 11
7 4

Solution 98: 
12 15
17 17
17 20
3 9
7 11
7 4
9 7

Solution 99: 
12 15
17 20
20 16
3 9
7 11
7 4
9 7

Solution 100: 
12 15
18 19
20 16
3 9
7 11
7 4
9 7

Solution 101: 
12 15
17 17
18 19
3 9
7 11
7 4
9 7

Solution 102: 
12 15
17 17
19 19
3 9
7 11
7 4
9 7

Solution 103: 
11 7
12 15
17 17
19 19
3 9
7 11
7 4

Solution 104: 
11 6
12 15
17 17
19 19
3 9
7 11
7 4

Solution 105: 
10 6
12 15
17 17
19 19
3 9
7 11
7 4

Solution 106: 
10 6
12 15
17 17
18 19
3 9
7 11
7 4

Solution 107: 
11 7
12 15
17 17
18 19
3 9
7 11
7 4

Solution 108: 
11 6
12 15
17 17
18 19
3 9
7 11
7 4

Solution 109: 
11 6
12 15
18 19
20 16
3 9
7 11
7 4

Solution 110: 
10 6
12 15
18 19
20 16
3 9
7 11
7 4

Solution 111: 
11 7
12 15
18 19
20 16
3 9
7 11
7 4

Solution 112: 
11 7
12 15
18 19
20 16
5 8
7 11
7 4

Solution 113: 
11 7
12 15
17 20
20 16
5 8
7 11
7 4

Solution 114: 
11 6
12 15
17 20
20 16
5 8
7 11
7 4

Solution 115: 
10 6
12 15
17 20
20 16
5 8
7 11
7 4

Solution 116: 
10 6
12 15
18 19
20 16
5 8
7 11
7 4

Solution 117: 
11 6
12 15
18 19
20 16
5 8
7 11
7 4

Solution 118: 
12 15
18 19
20 16
5 8
7 11
7 4
9 7

Solution 119: 
12 15
17 20
20 16
5 8
7 11
7 4
9 7

Solution 120: 
12 15
17 17
17 20
5 8
7 11
7 4
9 7

Solution 121: 
12 15
17 17
19 19
5 8
7 11
7 4
9 7

Solution 122: 
12 15
17 17
18 19
5 8
7 11
7 4
9 7

Solution 123: 
11 7
12 15
17 17
18 19
5 8
7 11
7 4

Solution 124: 
11 6
12 15
17 17
18 19
5 8
7 11
7 4

Solution 125: 
10 6
12 15
17 17
18 19
5 8
7 11
7 4

Solution 126: 
10 6
12 15
17 17
19 19
5 8
7 11
7 4

Solution 127: 
10 6
12 15
17 17
17 20
5 8
7 11
7 4

Solution 128: 
11 6
12 15
17 17
17 20
5 8
7 11
7 4

Solution 129: 
11 7
12 15
17 17
17 20
5 8
7 11
7 4

Solution 130: 
11 7
12 15
17 17
19 19
5 8
7 11
7 4

Solution 131: 
11 6
12 15
17 17
19 19
5 8
7 11
7 4

Number of solutions found: 132

Changes at vertices: 
Change visibility: 7 4
13 4 -> 13 3
----------------------------------
Removal 3: 
Solution 0: 
12 15
17 17
17 20
3 9
6 12
7 4
9 7

Solution 1: 
12 15
17 17
17 20
5 8
6 12
7 4
9 7

Solution 2: 
12 15
17 17
17 20
5 8
7 11
7 4
9 7

Solution 3: 
12 15
17 17
19 19
5 8
7 11
7 4
9 7

Solution 4: 
12 15
17 17
19 20
5 8
7 11
7 4
9 7

Solution 5: 
12 15
17 17
18 19
5 8
7 11
7 4
9 7

Solution 6: 
12 15
17 17
18 19
5 8
6 12
7 4
9 7

Solution 7: 
12 15
17 17
19 19
5 8
6 12
7 4
9 7

Solution 8: 
12 15
17 17
19 20
5 8
6 12
7 4
9 7

Solution 9: 
12 15
18 19
20 16
5 8
6 12
7 4
9 7

Solution 10: 
12 15
18 19
20 16
3 9
6 12
7 4
9 7

Solution 11: 
12 15
17 17
18 19
3 9
6 12
7 4
9 7

Solution 12: 
12 15
17 17
19 19
3 9
6 12
7 4
9 7

Solution 13: 
12 15
17 17
19 20
3 9
6 12
7 4
9 7

Solution 14: 
12 15
17 20
20 16
3 9
6 12
7 4
9 7

Solution 15: 
12 15
17 20
20 16
5 8
6 12
7 4
9 7

Solution 16: 
12 15
17 20
20 16
5 8
7 11
7 4
9 7

Solution 17: 
12 15
18 19
20 16
5 8
7 11
7 4
9 7

Solution 18: 
12 15
18 19
20 16
3 9
7 11
7 4
9 7

Solution 19: 
12 15
17 20
20 16
3 9
7 11
7 4
9 7

Solution 20: 
12 15
17 17
17 20
3 9
7 11
7 4
9 7

Solution 21: 
12 15
17 17
19 19
3 9
7 11
7 4
9 7

Solution 22: 
12 15
17 17
19 20
3 9
7 11
7 4
9 7

Solution 23: 
12 15
17 17
18 19
3 9
7 11
7 4
9 7

Solution 24: 
10 6
12 15
17 17
18 19
3 9
7 11
7 4

Solution 25: 
11 7
12 15
17 17
18 19
3 9
7 11
7 4

Solution 26: 
11 6
12 15
17 17
18 19
3 9
7 11
7 4

Solution 27: 
11 6
12 15
17 17
18 19
3 9
6 12
7 4

Solution 28: 
11 7
12 15
17 17
18 19
3 9
6 12
7 4

Solution 29: 
10 6
12 15
17 17
18 19
3 9
6 12
7 4

Solution 30: 
10 6
12 15
17 17
18 19
5 8
6 12
7 4

Solution 31: 
10 6
12 15
17 17
18 19
5 8
7 11
7 4

Solution 32: 
11 7
12 15
17 17
18 19
5 8
7 11
7 4

Solution 33: 
11 6
12 15
17 17
18 19
5 8
7 11
7 4

Solution 34: 
11 6
12 15
17 17
18 19
5 8
6 12
7 4

Solution 35: 
11 7
12 15
17 17
18 19
5 8
6 12
7 4

Solution 36: 
11 7
12 15
17 17
19 19
5 8
6 12
7 4

Solution 37: 
11 7
12 15
17 17
19 20
5 8
6 12
7 4

Solution 38: 
11 7
12 15
17 17
17 20
5 8
6 12
7 4

Solution 39: 
11 7
12 15
17 17
17 20
3 9
6 12
7 4

Solution 40: 
11 7
12 15
17 17
19 19
3 9
6 12
7 4

Solution 41: 
11 7
12 15
17 17
19 20
3 9
6 12
7 4

Solution 42: 
10 6
12 15
17 17
19 20
3 9
6 12
7 4

Solution 43: 
11 6
12 15
17 17
19 20
3 9
6 12
7 4

Solution 44: 
11 6
12 15
17 17
19 19
3 9
6 12
7 4

Solution 45: 
11 6
12 15
17 17
17 20
3 9
6 12
7 4

Solution 46: 
10 6
12 15
17 17
17 20
3 9
6 12
7 4

Solution 47: 
10 6
12 15
17 17
19 19
3 9
6 12
7 4

Solution 48: 
10 6
12 15
17 17
19 19
5 8
6 12
7 4

Solution 49: 
10 6
12 15
17 17
17 20
5 8
6 12
7 4

Solution 50: 
11 6
12 15
17 17
17 20
5 8
6 12
7 4

Solution 51: 
11 6
12 15
17 17
19 19
5 8
6 12
7 4

Solution 52: 
11 6
12 15
17 17
19 20
5 8
6 12
7 4

Solution 53: 
10 6
12 15
17 17
19 20
5 8
6 12
7 4

Solution 54: 
10 6
12 15
17 17
19 20
5 8
7 11
7 4

Solution 55: 
11 7
12 15
17 17
19 20
5 8
7 11
7 4

Solution 56: 
11 6
12 15
17 17
19 20
5 8
7 11
7 4

Solution 57: 
11 6
12 15
17 17
19 20
3 9
7 11
7 4

Solution 58: 
11 7
12 15
17 17
19 20
3 9
7 11
7 4

Solution 59: 
10 6
12 15
17 17
19 20
3 9
7 11
7 4

Solution 60: 
10 6
12 15
17 17
17 20
3 9
7 11
7 4

Solution 61: 
10 6
12 15
17 17
19 19
3 9
7 11
7 4

Solution 62: 
10 6
12 15
17 17
19 19
5 8
7 11
7 4

Solution 63: 
10 6
12 15
17 17
17 20
5 8
7 11
7 4

Solution 64: 
11 7
12 15
17 17
17 20
5 8
7 11
7 4

Solution 65: 
11 6
12 15
17 17
17 20
5 8
7 11
7 4

Solution 66: 
11 6
12 15
17 17
19 19
5 8
7 11
7 4

Solution 67: 
11 7
12 15
17 17
19 19
5 8
7 11
7 4

Solution 68: 
11 7
12 15
17 17
19 19
3 9
7 11
7 4

Solution 69: 
11 6
12 15
17 17
19 19
3 9
7 11
7 4

Solution 70: 
11 6
12 15
17 17
17 20
3 9
7 11
7 4

Solution 71: 
11 7
12 15
17 17
17 20
3 9
7 11
7 4

Solution 72: 
11 7
12 15
17 20
20 16
3 9
7 11
7 4

Solution 73: 
11 7
12 15
18 19
20 16
3 9
7 11
7 4

Solution 74: 
11 6
12 15
18 19
20 16
3 9
7 11
7 4

Solution 75: 
10 6
12 15
18 19
20 16
3 9
7 11
7 4

Solution 76: 
10 6
12 15
17 20
20 16
3 9
7 11
7 4

Solution 77: 
11 6
12 15
17 20
20 16
3 9
7 11
7 4

Solution 78: 
11 6
12 15
17 20
20 16
3 9
6 12
7 4

Solution 79: 
11 7
12 15
17 20
20 16
3 9
6 12
7 4

Solution 80: 
10 6
12 15
17 20
20 16
3 9
6 12
7 4

Solution 81: 
10 6
12 15
18 19
20 16
3 9
6 12
7 4

Solution 82: 
11 7
12 15
18 19
20 16
3 9
6 12
7 4

Solution 83: 
11 6
12 15
18 19
20 16
3 9
6 12
7 4

Solution 84: 
11 6
12 15
18 19
20 16
5 8
6 12
7 4

Solution 85: 
11 6
12 15
17 20
20 16
5 8
6 12
7 4

Solution 86: 
10 6
12 15
17 20
20 16
5 8
6 12
7 4

Solution 87: 
10 6
12 15
18 19
20 16
5 8
6 12
7 4

Solution 88: 
11 7
12 15
18 19
20 16
5 8
6 12
7 4

Solution 89: 
11 7
12 15
17 20
20 16
5 8
6 12
7 4

Solution 90: 
11 7
12 15
17 20
20 16
5 8
7 11
7 4

Solution 91: 
11 7
12 15
18 19
20 16
5 8
7 11
7 4

Solution 92: 
11 6
12 15
18 19
20 16
5 8
7 11
7 4

Solution 93: 
11 6
12 15
17 20
20 16
5 8
7 11
7 4

Solution 94: 
10 6
12 15
17 20
20 16
5 8
7 11
7 4

Solution 95: 
10 6
12 15
18 19
20 16
5 8
7 11
7 4

Solution 96: 
10 6
12 15
13 5
18 19
20 16
5 8
7 11

Solution 97: 
10 5
10 6
12 15
18 19
20 16
5 8
7 11

Solution 98: 
10 6
12 15
13 4
18 19
20 16
5 8
7 11

Solution 99: 
10 6
12 15
13 4
17 20
20 16
5 8
7 11

Solution 100: 
10 5
10 6
12 15
17 20
20 16
5 8
7 11

Solution 101: 
10 6
12 15
13 5
17 20
20 16
5 8
7 11

Solution 102: 
12 15
13 5
17 20
20 16
5 8
7 11
9 7

Solution 103: 
12 15
13 4
17 20
20 16
5 8
7 11
9 7

Solution 104: 
10 5
12 15
17 20
20 16
5 8
7 11
9 7

Solution 105: 
10 5
11 6
12 15
17 20
20 16
5 8
7 11

Solution 106: 
10 5
11 7
12 15
17 20
20 16
5 8
7 11

Solution 107: 
10 5
11 7
12 15
18 19
20 16
5 8
7 11

Solution 108: 
10 5
11 6
12 15
18 19
20 16
5 8
7 11

Solution 109: 
10 5
12 15
18 19
20 16
5 8
7 11
9 7

Solution 110: 
12 15
13 4
18 19
20 16
5 8
7 11
9 7

Solution 111: 
12 15
13 5
18 19
20 16
5 8
7 11
9 7

Solution 112: 
12 15
13 5
18 19
20 16
5 8
6 12
9 7

Solution 113: 
12 15
13 4
18 19
20 16
5 8
6 12
9 7

Solution 114: 
10 5
12 15
18 19
20 16
5 8
6 12
9 7

Solution 115: 
10 5
12 15
17 20
20 16
5 8
6 12
9 7

Solution 116: 
12 15
13 4
17 20
20 16
5 8
6 12
9 7

Solution 117: 
12 15
13 5
17 20
20 16
5 8
6 12
9 7

Solution 118: 
12 15
13 5
17 20
20 16
3 9
6 12
9 7

Solution 119: 
12 15
13 5
18 19
20 16
3 9
6 12
9 7

Solution 120: 
12 15
13 4
18 19
20 16
3 9
6 12
9 7

Solution 121: 
12 15
13 4
17 20
20 16
3 9
6 12
9 7

Solution 122: 
12 15
13 4
17 20
20 16
3 9
7 11
9 7

Solution 123: 
12 15
13 4
18 19
20 16
3 9
7 11
9 7

Solution 124: 
12 15
13 5
18 19
20 16
3 9
7 11
9 7

Solution 125: 
10 6
12 15
13 5
18 19
20 16
3 9
7 11

Solution 126: 
10 6
12 15
13 4
18 19
20 16
3 9
7 11

Solution 127: 
10 5
10 6
12 15
18 19
20 16
3 9
7 11

Solution 128: 
10 5
11 7
12 15
18 19
20 16
3 9
7 11

Solution 129: 
10 5
11 6
12 15
18 19
20 16
3 9
7 11

Solution 130: 
10 5
12 15
18 19
20 16
3 9
7 11
9 7

Solution 131: 
10 5
12 15
17 20
20 16
3 9
7 11
9 7

Solution 132: 
10 5
11 7
12 15
17 20
20 16
3 9
7 11

Solution 133: 
10 5
11 6
12 15
17 20
20 16
3 9
7 11

Solution 134: 
10 5
10 6
12 15
17 20
20 16
3 9
7 11

Solution 135: 
10 6
12 15
13 4
17 20
20 16
3 9
7 11

Solution 136: 
10 6
12 15
13 5
17 20
20 16
3 9
7 11

Solution 137: 
12 15
13 5
17 20
20 16
3 9
7 11
9 7

Solution 138: 
10 5
12 15
17 20
20 16
3 9
6 12
9 7

Solution 139: 
10 5
12 15
18 19
20 16
3 9
6 12
9 7

Solution 140: 
10 5
12 15
17 17
18 19
3 9
6 12
9 7

Solution 141: 
12 15
13 5
17 17
18 19
3 9
6 12
9 7

Solution 142: 
12 15
13 4
17 17
18 19
3 9
6 12
9 7

Solution 143: 
12 15
13 4
17 17
19 19
3 9
6 12
9 7

Solution 144: 
12 15
13 4
17 17
19 20
3 9
6 12
9 7

Solution 145: 
12 15
13 4
17 17
17 20
3 9
6 12
9 7

Solution 146: 
12 15
13 5
17 17
17 20
3 9
6 12
9 7

Solution 147: 
10 5
12 15
17 17
17 20
3 9
6 12
9 7

Solution 148: 
10 5
12 15
17 17
19 20
3 9
6 12
9 7

Solution 149: 
10 5
12 15
17 17
19 19
3 9
6 12
9 7

Solution 150: 
12 15
13 5
17 17
19 19
3 9
6 12
9 7

Solution 151: 
12 15
13 5
17 17
19 20
3 9
6 12
9 7

Solution 152: 
12 15
13 5
17 17
19 20
5 8
6 12
9 7

Solution 153: 
12 15
13 5
17 17
19 19
5 8
6 12
9 7

Solution 154: 
12 15
13 5
17 17
18 19
5 8
6 12
9 7

Solution 155: 
12 15
13 5
17 17
17 20
5 8
6 12
9 7

Solution 156: 
12 15
13 4
17 17
17 20
5 8
6 12
9 7

Solution 157: 
10 5
12 15
17 17
17 20
5 8
6 12
9 7

Solution 158: 
10 5
12 15
17 17
18 19
5 8
6 12
9 7

Solution 159: 
10 5
12 15
17 17
19 20
5 8
6 12
9 7

Solution 160: 
10 5
12 15
17 17
19 19
5 8
6 12
9 7

Solution 161: 
12 15
13 4
17 17
19 19
5 8
6 12
9 7

Solution 162: 
12 15
13 4
17 17
18 19
5 8
6 12
9 7

Solution 163: 
12 15
13 4
17 17
19 20
5 8
6 12
9 7

Solution 164: 
12 15
13 4
17 17
19 20
5 8
7 11
9 7

Solution 165: 
10 5
12 15
17 17
19 20
5 8
7 11
9 7

Solution 166: 
12 15
13 5
17 17
19 20
5 8
7 11
9 7

Solution 167: 
10 5
11 6
12 15
17 17
19 20
5 8
7 11

Solution 168: 
10 5
11 7
12 15
17 17
19 20
5 8
7 11

Solution 169: 
10 5
10 6
12 15
17 17
19 20
5 8
7 11

Solution 170: 
10 6
12 15
13 4
17 17
19 20
5 8
7 11

Solution 171: 
10 6
12 15
13 5
17 17
19 20
5 8
7 11

Solution 172: 
10 6
12 15
13 5
17 17
19 19
5 8
7 11

Solution 173: 
10 6
12 15
13 5
17 17
17 20
5 8
7 11

Solution 174: 
10 6
12 15
13 5
17 17
18 19
5 8
7 11

Solution 175: 
10 6
12 15
13 4
17 17
18 19
5 8
7 11

Solution 176: 
10 6
12 15
13 4
17 17
19 19
5 8
7 11

Solution 177: 
10 6
12 15
13 4
17 17
17 20
5 8
7 11

Solution 178: 
12 15
13 4
17 17
17 20
5 8
7 11
9 7

Solution 179: 
12 15
13 4
17 17
19 19
5 8
7 11
9 7

Solution 180: 
12 15
13 4
17 17
18 19
5 8
7 11
9 7

Solution 181: 
12 15
13 5
17 17
18 19
5 8
7 11
9 7

Solution 182: 
12 15
13 5
17 17
19 19
5 8
7 11
9 7

Solution 183: 
12 15
13 5
17 17
17 20
5 8
7 11
9 7

Solution 184: 
10 5
12 15
17 17
17 20
5 8
7 11
9 7

Solution 185: 
10 5
11 6
12 15
17 17
17 20
5 8
7 11

Solution 186: 
10 5
11 7
12 15
17 17
17 20
5 8
7 11

Solution 187: 
10 5
11 7
12 15
17 17
18 19
5 8
7 11

Solution 188: 
10 5
11 6
12 15
17 17
18 19
5 8
7 11

Solution 189: 
10 5
12 15
17 17
18 19
5 8
7 11
9 7

Solution 190: 
10 5
12 15
17 17
19 19
5 8
7 11
9 7

Solution 191: 
10 5
11 6
12 15
17 17
19 19
5 8
7 11

Solution 192: 
10 5
11 7
12 15
17 17
19 19
5 8
7 11

Solution 193: 
10 5
10 6
12 15
17 17
19 19
5 8
7 11

Solution 194: 
10 5
10 6
12 15
17 17
17 20
5 8
7 11

Solution 195: 
10 5
10 6
12 15
17 17
18 19
5 8
7 11

Solution 196: 
10 5
10 6
12 15
17 17
18 19
3 9
7 11

Solution 197: 
10 6
12 15
13 5
17 17
18 19
3 9
7 11

Solution 198: 
10 6
12 15
13 4
17 17
18 19
3 9
7 11

Solution 199: 
10 6
12 15
13 4
17 17
19 20
3 9
7 11

Solution 200: 
10 6
12 15
13 4
17 17
17 20
3 9
7 11

Solution 201: 
10 6
12 15
13 4
17 17
19 19
3 9
7 11

Solution 202: 
10 6
12 15
13 5
17 17
19 19
3 9
7 11

Solution 203: 
10 5
10 6
12 15
17 17
19 19
3 9
7 11

Solution 204: 
10 5
10 6
12 15
17 17
17 20
3 9
7 11

Solution 205: 
10 6
12 15
13 5
17 17
17 20
3 9
7 11

Solution 206: 
10 6
12 15
13 5
17 17
19 20
3 9
7 11

Solution 207: 
10 5
10 6
12 15
17 17
19 20
3 9
7 11

Solution 208: 
10 5
11 7
12 15
17 17
19 20
3 9
7 11

Solution 209: 
10 5
11 6
12 15
17 17
19 20
3 9
7 11

Solution 210: 
10 5
12 15
17 17
19 20
3 9
7 11
9 7

Solution 211: 
12 15
13 4
17 17
19 20
3 9
7 11
9 7

Solution 212: 
12 15
13 5
17 17
19 20
3 9
7 11
9 7

Solution 213: 
12 15
13 5
17 17
19 19
3 9
7 11
9 7

Solution 214: 
12 15
13 4
17 17
19 19
3 9
7 11
9 7

Solution 215: 
12 15
13 4
17 17
18 19
3 9
7 11
9 7

Solution 216: 
12 15
13 5
17 17
18 19
3 9
7 11
9 7

Solution 217: 
12 15
13 5
17 17
17 20
3 9
7 11
9 7

Solution 218: 
12 15
13 4
17 17
17 20
3 9
7 11
9 7

Solution 219: 
10 5
12 15
17 17
17 20
3 9
7 11
9 7

Solution 220: 
10 5
12 15
17 17
19 19
3 9
7 11
9 7

Solution 221: 
10 5
12 15
17 17
18 19
3 9
7 11
9 7

Solution 222: 
10 5
11 6
12 15
17 17
18 19
3 9
7 11

Solution 223: 
10 5
11 7
12 15
17 17
18 19
3 9
7 11

Solution 224: 
10 5
11 7
12 15
17 17
19 19
3 9
7 11

Solution 225: 
10 5
11 6
12 15
17 17
19 19
3 9
7 11

Solution 226: 
10 5
11 6
12 15
17 17
17 20
3 9
7 11

Solution 227: 
10 5
11 7
12 15
17 17
17 20
3 9
7 11

Number of solutions found: 228

Changes at vertices: 
7 5 -> 7 4
Change visibility: 10 5
----------------------------------
Removal 4: 
Solution 0: 
12 15
17 17
17 20
3 9
6 12
9 7

Solution 1: 
12 15
17 17
17 20
5 8
6 12
9 7

Solution 2: 
12 15
17 17
17 20
5 8
7 11
9 7

Solution 3: 
12 15
17 17
19 20
5 8
7 11
9 7

Solution 4: 
12 15
17 17
18 19
5 8
7 11
9 7

Solution 5: 
12 15
17 17
19 19
5 8
7 11
9 7

Solution 6: 
12 15
17 20
20 16
5 8
7 11
9 7

Solution 7: 
12 15
18 19
20 16
5 8
7 11
9 7

Solution 8: 
12 15
18 19
20 16
5 8
6 12
9 7

Solution 9: 
12 15
17 17
18 19
5 8
6 12
9 7

Solution 10: 
12 15
17 17
19 20
5 8
6 12
9 7

Solution 11: 
12 15
17 17
19 19
5 8
6 12
9 7

Solution 12: 
12 15
17 20
20 16
5 8
6 12
9 7

Solution 13: 
10 6
12 15
17 20
20 16
5 8
7 11

Solution 14: 
10 6
12 15
18 19
20 16
5 8
7 11

Solution 15: 
10 6
12 15
17 17
18 19
5 8
7 11

Solution 16: 
10 6
12 15
17 17
19 20
5 8
7 11

Solution 17: 
10 6
12 15
17 17
19 19
5 8
7 11

Solution 18: 
10 6
12 15
17 17
17 20
5 8
7 11

Solution 19: 
10 6
12 15
17 17
17 20
3 9
7 11

Solution 20: 
12 15
17 17
17 20
3 9
7 11
9 7

Solution 21: 
12 15
17 17
19 20
3 9
7 11
9 7

Solution 22: 
12 15
17 17
19 19
3 9
7 11
9 7

Solution 23: 
12 15
17 17
18 19
3 9
7 11
9 7

Solution 24: 
12 15
17 17
18 19
3 9
6 12
9 7

Solution 25: 
12 15
17 17
19 20
3 9
6 12
9 7

Solution 26: 
12 15
17 17
19 19
3 9
6 12
9 7

Solution 27: 
10 6
12 15
17 17
19 19
3 9
7 11

Solution 28: 
10 6
12 15
17 17
18 19
3 9
7 11

Solution 29: 
10 6
12 15
17 17
19 20
3 9
7 11

Solution 30: 
10 6
12 15
17 20
20 16
3 9
7 11

Solution 31: 
10 6
12 15
18 19
20 16
3 9
7 11

Solution 32: 
12 15
18 19
20 16
3 9
7 11
9 7

Solution 33: 
12 15
17 20
20 16
3 9
7 11
9 7

Solution 34: 
12 15
17 20
20 16
3 9
6 12
9 7

Solution 35: 
12 15
18 19
20 16
3 9
6 12
9 7

Number of solutions found: 36

Changes at vertices: 
7 6 -> 7 5
New Vertex: 10 6
----------------------------------
Removal 5: 
Solution 0: 
12 15
17 17
17 20
3 9
6 12
7 6

Solution 1: 
12 15
17 17
17 20
5 8
6 12
7 6

Solution 2: 
12 15
17 17
17 20
5 8
7 11
7 6

Solution 3: 
12 15
17 17
19 20
5 8
7 11
7 6

Solution 4: 
12 15
17 17
18 19
5 8
7 11
7 6

Solution 5: 
12 15
17 17
19 19
5 8
7 11
7 6

Solution 6: 
12 15
17 17
19 19
5 8
6 12
7 6

Solution 7: 
12 15
17 17
18 19
5 8
6 12
7 6

Solution 8: 
12 15
17 17
19 20
5 8
6 12
7 6

Solution 9: 
12 15
18 19
20 16
5 8
6 12
7 6

Solution 10: 
12 15
18 19
20 16
3 9
6 12
7 6

Solution 11: 
12 15
17 17
18 19
3 9
6 12
7 6

Solution 12: 
12 15
17 17
19 20
3 9
6 12
7 6

Solution 13: 
12 15
17 17
19 19
3 9
6 12
7 6

Solution 14: 
12 15
17 20
20 16
3 9
6 12
7 6

Solution 15: 
12 15
17 20
20 16
5 8
6 12
7 6

Solution 16: 
12 15
17 20
20 16
5 8
7 11
7 6

Solution 17: 
12 15
18 19
20 16
5 8
7 11
7 6

Solution 18: 
12 15
18 19
20 16
3 9
7 11
7 6

Solution 19: 
12 15
17 20
20 16
3 9
7 11
7 6

Solution 20: 
12 15
17 17
17 20
3 9
7 11
7 6

Solution 21: 
12 15
17 17
19 20
3 9
7 11
7 6

Solution 22: 
12 15
17 17
19 19
3 9
7 11
7 6

Solution 23: 
12 15
17 17
18 19
3 9
7 11
7 6

Solution 24: 
11 6
12 15
17 17
18 19
3 9
7 11

Solution 25: 
12 15
17 17
18 19
3 9
7 11
9 7

Solution 26: 
11 7
12 15
17 17
18 19
3 9
7 11

Solution 27: 
12 15
17 17
18 19
3 9
6 12
9 7

Solution 28: 
12 15
17 17
18 19
5 8
6 12
9 7

Solution 29: 
12 15
17 17
18 19
5 8
7 11
9 7

Solution 30: 
11 6
12 15
17 17
18 19
5 8
7 11

Solution 31: 
11 7
12 15
17 17
18 19
5 8
7 11

Solution 32: 
11 7
12 15
17 17
19 19
5 8
7 11

Solution 33: 
11 7
12 15
17 17
17 20
5 8
7 11

Solution 34: 
11 7
12 15
17 17
19 20
5 8
7 11

Solution 35: 
12 15
17 17
19 20
5 8
7 11
9 7

Solution 36: 
11 6
12 15
17 17
19 20
5 8
7 11

Solution 37: 
11 6
12 15
17 17
19 19
5 8
7 11

Solution 38: 
11 6
12 15
17 17
17 20
5 8
7 11

Solution 39: 
12 15
17 17
17 20
5 8
7 11
9 7

Solution 40: 
12 15
17 17
19 19
5 8
7 11
9 7

Solution 41: 
12 15
17 17
19 19
3 9
7 11
9 7

Solution 42: 
12 15
17 17
17 20
3 9
7 11
9 7

Solution 43: 
12 15
17 17
19 20
3 9
7 11
9 7

Solution 44: 
11 6
12 15
17 17
19 20
3 9
7 11

Solution 45: 
11 7
12 15
17 17
19 20
3 9
7 11

Solution 46: 
11 7
12 15
17 17
19 19
3 9
7 11

Solution 47: 
11 7
12 15
17 17
17 20
3 9
7 11

Solution 48: 
11 6
12 15
17 17
17 20
3 9
7 11

Solution 49: 
11 6
12 15
17 17
19 19
3 9
7 11

Solution 50: 
12 15
17 17
19 19
3 9
6 12
9 7

Solution 51: 
12 15
17 17
17 20
3 9
6 12
9 7

Solution 52: 
12 15
17 17
19 20
3 9
6 12
9 7

Solution 53: 
12 15
17 17
19 20
5 8
6 12
9 7

Solution 54: 
12 15
17 17
19 19
5 8
6 12
9 7

Solution 55: 
12 15
17 17
17 20
5 8
6 12
9 7

Solution 56: 
12 15
17 20
20 16
5 8
6 12
9 7

Solution 57: 
12 15
17 20
20 16
5 8
7 11
9 7

Solution 58: 
12 15
17 20
20 16
3 9
7 11
9 7

Solution 59: 
12 15
17 20
20 16
3 9
6 12
9 7

Solution 60: 
12 15
18 19
20 16
3 9
6 12
9 7

Solution 61: 
12 15
18 19
20 16
3 9
7 11
9 7

Solution 62: 
12 15
18 19
20 16
5 8
7 11
9 7

Solution 63: 
12 15
18 19
20 16
5 8
6 12
9 7

Solution 64: 
11 6
12 15
18 19
20 16
5 8
7 11

Solution 65: 
11 7
12 15
18 19
20 16
5 8
7 11

Solution 66: 
11 7
12 15
18 19
20 16
3 9
7 11

Solution 67: 
11 6
12 15
18 19
20 16
3 9
7 11

Solution 68: 
11 6
12 15
17 20
20 16
3 9
7 11

Solution 69: 
11 7
12 15
17 20
20 16
3 9
7 11

Solution 70: 
11 7
12 15
17 20
20 16
5 8
7 11

Solution 71: 
11 6
12 15
17 20
20 16
5 8
7 11

Number of solutions found: 72

Changes at vertices: 
7 7 -> 7 6
Change visibility: 9 7
----------------------------------
Removal 6: 
Solution 0: 
12 15
17 17
17 20
3 9
7 11

Solution 1: 
12 15
17 17
17 20
5 8
7 11

Solution 2: 
12 15
17 17
19 20
5 8
7 11

Solution 3: 
12 15
17 17
19 19
5 8
7 11

Solution 4: 
12 15
17 17
18 19
5 8
7 11

Solution 5: 
12 15
17 17
18 19
3 9
7 11

Solution 6: 
12 15
17 17
19 19
3 9
7 11

Solution 7: 
12 15
17 17
19 20
3 9
7 11

Solution 8: 
12 15
17 20
20 16
3 9
7 11

Solution 9: 
12 15
18 19
20 16
3 9
7 11

Solution 10: 
12 15
18 19
20 16
5 8
7 11

Solution 11: 
12 15
17 20
20 16
5 8
7 11

Number of solutions found: 12

Changes at vertices: 
7 10 -> 7 7
New Vertex: 9 10
----------------------------------
Removal 7: 
Solution 0: 
12 15
17 17
17 20
3 9
7 11

Solution 1: 
12 15
17 17
17 20
5 8
7 11

Solution 2: 
12 15
17 17
19 20
5 8
7 11

Solution 3: 
12 15
17 17
18 19
5 8
7 11

Solution 4: 
12 15
17 17
19 19
5 8
7 11

Solution 5: 
12 15
17 17
19 19
3 9
7 11

Solution 6: 
12 15
17 17
18 19
3 9
7 11

Solution 7: 
12 15
17 17
19 20
3 9
7 11

Solution 8: 
12 15
17 20
20 16
3 9
7 11

Solution 9: 
12 15
18 19
20 16
3 9
7 11

Solution 10: 
12 15
18 19
20 16
5 8
7 11

Solution 11: 
12 15
17 20
20 16
5 8
7 11

Number of solutions found: 12

Changes at vertices: 
New Vertex: 7 11
14 11 -> 14 10
----------------------------------
Removal 8: 
Solution 0: 
12 15
17 17
17 20
3 9
6 12

Solution 1: 
12 15
17 17
17 20
5 8
6 12

Solution 2: 
12 15
14 11
17 17
17 20
5 8

Solution 3: 
12 15
14 11
17 17
19 20
5 8

Solution 4: 
12 15
14 11
17 17
18 19
5 8

Solution 5: 
12 15
14 11
17 17
19 19
5 8

Solution 6: 
12 15
17 17
19 19
5 8
6 12

Solution 7: 
12 15
17 17
19 20
5 8
6 12

Solution 8: 
12 15
17 17
18 19
5 8
6 12

Solution 9: 
12 15
17 17
18 19
3 9
6 12

Solution 10: 
12 15
17 17
19 20
3 9
6 12

Solution 11: 
12 15
14 11
17 17
19 20
3 9

Solution 12: 
12 15
14 11
17 17
17 20
3 9

Solution 13: 
12 15
14 11
17 17
19 19
3 9

Solution 14: 
12 15
17 17
19 19
3 9
6 12

Solution 15: 
12 15
14 11
17 17
18 19
3 9

Solution 16: 
12 15
14 11
18 19
20 16
3 9

Solution 17: 
12 15
14 11
17 20
20 16
3 9

Solution 18: 
12 15
17 20
20 16
3 9
6 12

Solution 19: 
12 15
18 19
20 16
3 9
6 12

Solution 20: 
12 15
18 19
20 16
5 8
6 12

Solution 21: 
12 15
14 11
18 19
20 16
5 8

Solution 22: 
12 15
14 11
17 20
20 16
5 8

Solution 23: 
12 15
17 20
20 16
5 8
6 12

Number of solutions found: 24

Changes at vertices: 
Change visibility: 18 19
17 19 -> 17 20
----------------------------------
Removal 9: 
Solution 0: 
12 15
17 17
3 9
6 12

Solution 1: 
12 15
17 17
5 8
6 12

Solution 2: 
12 15
14 11
17 17
5 8

Solution 3: 
12 15
14 11
17 17
3 9

Number of solutions found: 4

Changes at vertices: 
New Vertex: 18 18
17 18 -> 17 19
----------------------------------
Removal 10: 
Solution 0: 
12 15
17 17
3 9
6 12

Solution 1: 
12 15
17 17
5 8
6 12

Solution 2: 
12 15
14 11
17 17
5 8

Solution 3: 
12 15
14 11
20 16
5 8

Solution 4: 
12 15
20 16
5 8
6 12

Solution 5: 
12 15
20 16
3 9
6 12

Solution 6: 
12 15
14 11
20 16
3 9

Solution 7: 
12 15
14 11
17 17
3 9

Number of solutions found: 8

Changes at vertices: 
20 17 -> 20 18
New Vertex: 17 17
----------------------------------
Removal 11: 
Solution 0: 
12 15
3 9
6 12
8 17

Solution 1: 
12 15
5 8
6 12
8 17

Solution 2: 
12 15
14 11
5 8
8 17

Solution 3: 
14 11
16 15
5 8
8 17

Solution 4: 
14 11
16 14
5 8
8 17

Solution 5: 
14 11
14 14
5 8
8 17

Solution 6: 
14 14
5 8
6 12
8 17

Solution 7: 
14 14
3 9
6 12
8 17

Solution 8: 
14 11
14 14
3 9
8 17

Solution 9: 
14 11
16 15
3 9
8 17

Solution 10: 
14 11
16 14
3 9
8 17

Solution 11: 
12 15
14 11
3 9
8 17

Solution 12: 
12 15
12 16
14 11
3 9

Solution 13: 
12 15
14 11
20 17
3 9

Solution 14: 
12 15
14 11
20 16
3 9

Solution 15: 
12 16
14 11
16 14
3 9

Solution 16: 
12 16
14 11
16 15
3 9

Solution 17: 
12 16
14 11
14 14
3 9

Solution 18: 
12 16
14 11
14 14
5 8

Solution 19: 
12 16
14 11
16 14
5 8

Solution 20: 
12 16
14 11
16 15
5 8

Solution 21: 
12 15
12 16
14 11
5 8

Solution 22: 
12 15
14 11
20 17
5 8

Solution 23: 
12 15
14 11
20 16
5 8

Solution 24: 
12 15
20 16
5 8
6 12

Solution 25: 
12 15
12 16
5 8
6 12

Solution 26: 
12 15
20 17
5 8
6 12

Solution 27: 
12 16
14 14
5 8
6 12

Solution 28: 
12 16
14 14
3 9
6 12

Solution 29: 
12 15
12 16
3 9
6 12

Solution 30: 
12 15
20 17
3 9
6 12

Solution 31: 
12 15
20 16
3 9
6 12

Number of solutions found: 32

Changes at vertices: 
Change visibility: 12 16
8 16 -> 8 17
----------------------------------
Removal 12: 
Solution 0: 
12 15
3 9
6 12

Solution 1: 
12 15
5 8
6 12

Solution 2: 
12 15
14 11
5 8

Solution 3: 
12 15
14 11
3 9

Number of solutions found: 4

Changes at vertices: 
New Vertex: 12 15
8 15 -> 8 16
----------------------------------
Removal 13: 
Solution 0: 
3 9
6 12
8 15

Solution 1: 
5 8
6 12
8 15

Solution 2: 
14 11
5 8
8 15

Solution 3: 
14 11
16 14
5 8

Solution 4: 
14 11
14 14
5 8

Solution 5: 
14 11
16 15
5 8

Solution 6: 
14 14
5 8
6 12

Solution 7: 
14 14
3 9
6 12

Solution 8: 
14 11
14 14
3 9

Solution 9: 
14 11
16 15
3 9

Solution 10: 
14 11
16 14
3 9

Solution 11: 
14 11
3 9
8 15

Number of solutions found: 12

Changes at vertices: 
Change visibility: 14 14
8 14 -> 8 15
----------------------------------
Removal 14: 
Solution 0: 
14 11
3 9

Solution 1: 
14 11
5 8

Number of solutions found: 2

Changes at vertices: 
14 13 -> 14 14
New Vertex: 8 13
----------------------------------
Removal 15: 
Solution 0: 
3 9
6 12

Solution 1: 
5 8
6 12

Solution 2: 
14 11
5 8

Solution 3: 
14 11
3 9

Number of solutions found: 4

Changes at vertices: 
14 12 -> 14 13
New Vertex: 6 12
----------------------------------
Removal 16: 
Solution 0: 
1 9
3 12

Solution 1: 
3 12
3 9

Solution 2: 
3 12
5 8

Solution 3: 
5 11
5 8

Solution 4: 
14 12
5 8

Solution 5: 
14 11
5 8

Solution 6: 
14 11
3 9

Solution 7: 
3 9
5 11

Solution 8: 
1 9
5 11

Solution 9: 
14 12
3 9

Solution 10: 
1 8
3 12

Solution 11: 
1 8
5 11

Number of solutions found: 12

Changes at vertices: 
Change visibility: 5 11
3 11 -> 3 12
----------------------------------
Removal 17: 
Solution 0: 
5 8

Solution 1: 
3 9

Number of solutions found: 2

Changes at vertices: 
5 9 -> 5 11
New Vertex: 3 9
----------------------------------
Removal 18: 
Solution 0: 
1 9

Solution 1: 
5 8

Solution 2: 
5 9

Solution 3: 
1 8

Number of solutions found: 4

