294
1 27
1 61
3 61
3 65
4 65
4 73
27 73
27 63
30 63
30 60
42 60
42 45
8 45
8 7
9 7
9 11
11 11
11 30
17 30
17 8
35 8
35 9
68 9
68 25
96 25
96 26
113 26
113 28
158 28
158 24
136 24
136 23
198 23
198 22
301 22
301 238
305 238
305 226
307 226
307 221
302 221
302 78
319 78
319 92
310 92
310 248
309 248
309 286
306 286
306 281
294 281
294 233
290 233
290 272
283 272
283 256
287 256
287 216
289 216
289 203
292 203
292 180
295 180
295 174
299 174
299 155
266 155
266 144
264 144
264 50
262 50
262 80
259 80
259 139
258 139
258 118
253 118
253 181
260 181
260 128
263 128
263 158
284 158
284 187
282 187
282 278
285 278
285 282
296 282
296 284
256 284
256 288
229 288
229 328
228 328
228 317
213 317
213 231
211 231
211 185
209 185
209 138
215 138
215 135
214 135
214 107
220 107
220 109
245 109
245 195
241 195
241 206
238 206
238 209
248 209
248 142
249 142
249 97
222 97
222 81
208 81
208 68
225 68
225 54
224 54
224 48
235 48
235 49
254 49
254 41
257 41
257 35
265 35
265 37
277 37
277 33
273 33
273 31
190 31
190 76
189 76
189 77
192 77
192 42
200 42
200 32
217 32
217 44
206 44
206 71
207 71
207 319
212 319
212 338
219 338
219 325
227 325
227 390
233 390
233 381
236 381
236 354
239 354
239 332
244 332
244 376
291 376
291 375
303 375
303 386
286 386
286 388
298 388
298 393
300 393
300 401
304 401
304 402
317 402
317 384
322 384
322 371
275 371
275 366
274 366
274 364
332 364
332 365
350 365
350 363
394 363
394 369
387 369
387 372
402 372
402 392
366 392
366 399
341 399
341 404
353 404
353 419
359 419
359 425
365 425
365 416
375 416
375 415
370 415
370 405
371 405
371 398
416 398
416 389
468 389
468 387
433 387
433 379
418 379
418 362
250 362
250 360
247 360
247 335
278 335
278 331
261 331
261 330
232 330
232 307
297 307
297 306
271 306
271 305
326 305
326 303
288 303
288 300
268 300
268 296
231 296
231 290
281 290
281 289
339 289
339 287
329 287
329 276
321 276
321 274
379 274
379 271
323 271
323 261
336 261
336 259
316 259
316 254
327 254
327 237
335 237
335 235
315 235
315 225
311 225
311 102
325 102
325 88
324 88
324 67
308 67
308 21
272 21
272 20
103 20
103 19
71 19
71 15
127 15
127 14
99 14
99 13
75 13
75 6
7 6
7 10
6 10
6 46
21 46
21 51
39 51
39 58
5 58
5 27
