954
1 27
1 61
3 61
3 65
4 65
4 73
27 73
27 63
30 63
30 60
42 60
42 45
8 45
8 7
9 7
9 11
11 11
11 30
17 30
17 8
35 8
35 9
68 9
68 25
96 25
96 26
113 26
113 28
158 28
158 24
136 24
136 23
198 23
198 22
301 22
301 238
305 238
305 226
307 226
307 221
302 221
302 78
319 78
319 92
310 92
310 248
309 248
309 286
306 286
306 281
294 281
294 233
290 233
290 272
283 272
283 256
287 256
287 216
289 216
289 203
292 203
292 180
295 180
295 174
299 174
299 155
266 155
266 144
264 144
264 50
262 50
262 80
259 80
259 139
258 139
258 118
253 118
253 181
260 181
260 128
263 128
263 158
284 158
284 187
282 187
282 278
285 278
285 282
296 282
296 284
256 284
256 288
229 288
229 328
228 328
228 317
213 317
213 231
211 231
211 185
209 185
209 138
215 138
215 135
214 135
214 107
220 107
220 109
245 109
245 195
241 195
241 206
238 206
238 209
248 209
248 142
249 142
249 97
222 97
222 81
208 81
208 68
225 68
225 54
224 54
224 48
235 48
235 49
254 49
254 41
257 41
257 35
265 35
265 37
277 37
277 33
273 33
273 31
190 31
190 76
189 76
189 77
192 77
192 42
200 42
200 32
217 32
217 44
206 44
206 71
207 71
207 319
212 319
212 338
219 338
219 325
227 325
227 390
233 390
233 381
236 381
236 354
239 354
239 332
244 332
244 376
291 376
291 375
303 375
303 386
286 386
286 388
298 388
298 393
300 393
300 401
304 401
304 402
317 402
317 384
322 384
322 371
275 371
275 366
274 366
274 364
332 364
332 365
350 365
350 363
394 363
394 369
387 369
387 372
402 372
402 392
366 392
366 399
341 399
341 404
353 404
353 419
359 419
359 425
365 425
365 416
367 416
367 452
313 452
313 460
312 460
312 461
280 461
280 451
234 451
234 449
320 449
320 448
210 448
210 427
216 427
216 421
218 421
218 433
226 433
226 439
230 439
230 437
242 437
242 418
205 418
205 408
203 408
203 414
194 414
194 411
201 411
201 406
196 406
196 394
193 394
193 395
188 395
188 340
186 340
186 409
182 409
182 336
184 336
184 186
163 186
163 192
179 192
179 200
153 200
153 183
125 183
125 202
119 202
119 196
121 196
121 193
111 193
111 204
110 204
110 179
106 179
106 147
109 147
109 137
117 137
117 159
134 159
134 163
124 163
124 175
122 175
122 176
156 176
156 173
160 173
160 170
137 170
137 167
173 167
173 178
175 178
175 172
185 172
185 166
180 166
180 160
187 160
187 113
172 113
172 156
159 156
159 151
144 151
144 154
133 154
133 152
135 152
135 150
168 150
168 149
170 149
170 120
169 120
169 86
165 86
165 133
164 133
164 145
120 145
120 119
108 119
108 105
148 105
148 121
151 121
151 104
162 104
162 100
102 100
102 116
100 116
100 157
97 157
97 90
56 90
56 87
51 87
51 89
54 89
54 95
81 95
81 93
94 93
94 164
101 164
101 122
104 122
104 103
107 103
107 111
105 111
105 199
20 199
20 197
33 197
33 184
31 184
31 153
25 153
25 194
13 194
13 189
14 189
14 143
16 143
16 134
40 134
40 126
38 126
38 117
36 117
36 131
22 131
22 101
19 101
19 132
12 132
12 230
23 230
23 242
26 242
26 249
28 249
28 223
24 223
24 201
29 201
29 257
45 257
45 268
44 268
44 277
63 277
63 280
46 280
46 283
48 283
48 291
69 291
69 293
62 293
62 297
84 297
84 312
83 312
83 322
79 322
79 299
76 299
76 353
73 353
73 318
72 318
72 346
61 346
61 333
59 333
59 302
57 302
57 323
58 323
58 465
60 465
60 429
65 429
65 430
67 430
67 483
53 483
53 487
149 487
149 488
128 488
128 490
152 490
152 494
155 494
155 495
126 495
126 491
118 491
118 492
52 492
52 497
55 497
55 493
64 493
64 500
85 500
85 499
123 499
123 498
82 498
82 496
157 496
157 489
150 489
150 486
140 486
140 485
116 485
116 482
114 482
114 484
70 484
70 383
66 383
66 380
77 380
77 351
86 351
86 440
87 440
87 458
80 458
80 481
89 481
89 428
90 428
90 410
91 410
91 359
88 359
88 355
92 355
92 295
78 295
78 275
50 275
50 266
47 266
47 265
49 265
49 247
37 247
37 243
32 243
32 228
41 228
41 211
34 211
34 208
93 208
93 212
130 212
130 224
98 224
98 227
95 227
95 240
112 240
112 239
132 239
132 262
131 262
131 273
143 273
143 279
141 279
141 356
147 356
147 244
142 244
142 213
145 213
145 234
146 234
146 229
166 229
166 207
167 207
167 292
171 292
171 210
177 210
177 309
174 309
174 352
176 352
176 350
178 350
178 264
183 264
183 267
181 267
181 420
191 420
191 438
195 438
195 426
197 426
197 431
202 431
202 435
199 435
199 450
223 450
223 456
204 456
204 478
237 478
237 479
251 479
251 476
334 476
334 475
252 475
252 473
330 473
330 471
333 471
333 470
467 470
467 472
378 472
378 477
469 477
469 474
481 474
481 480
494 480
494 469
343 469
343 467
385 467
385 464
362 464
362 463
348 463
348 466
318 466
318 468
221 468
221 457
279 457
279 462
434 462
434 459
473 459
473 447
455 447
455 453
458 453
458 454
448 454
448 455
380 455
380 446
479 446
479 445
425 445
425 444
499 444
499 443
375 443
375 413
372 413
372 415
370 415
370 405
371 405
371 398
405 398
405 417
398 417
398 442
490 442
490 441
476 441
476 436
482 436
482 423
451 423
451 434
421 434
421 422
416 422
416 389
449 389
449 391
445 391
445 397
442 397
442 412
487 412
487 400
488 400
488 403
489 403
489 432
491 432
491 424
500 424
500 407
498 407
498 382
497 382
497 374
484 374
484 378
483 378
483 396
468 396
468 377
441 377
441 385
439 385
439 387
433 387
433 373
495 373
495 367
493 367
493 358
485 358
485 368
478 368
478 370
471 370
471 361
447 361
447 357
422 357
422 379
418 379
418 362
250 362
250 360
247 360
247 335
278 335
278 329
267 329
267 331
261 331
261 330
232 330
232 307
240 307
240 310
243 310
243 324
331 324
331 326
381 326
381 327
397 327
397 337
406 337
406 341
409 341
409 343
377 343
377 342
374 342
374 345
431 345
431 349
496 349
496 344
486 344
486 347
454 347
454 334
452 334
452 314
446 314
446 110
437 110
437 106
465 106
465 141
462 141
462 124
461 124
461 148
464 148
464 188
459 188
459 168
457 168
457 162
453 162
453 205
460 205
460 232
456 232
456 285
463 285
463 270
470 270
470 251
474 251
474 130
472 130
472 177
466 177
466 112
475 112
475 96
435 96
435 125
426 125
426 241
413 241
413 220
415 220
415 114
419 114
419 171
420 171
420 83
414 83
414 217
411 217
411 218
410 218
410 222
407 222
407 214
404 214
404 215
393 215
393 123
395 123
395 74
396 74
396 53
436 53
436 66
403 66
403 72
430 72
430 70
477 70
477 64
480 64
480 62
492 62
492 57
450 57
450 55
440 55
440 52
401 52
401 47
390 47
390 169
391 169
391 182
392 182
392 219
400 219
400 253
384 253
384 69
388 69
388 82
389 82
389 43
386 43
386 38
383 38
383 260
423 260
423 263
427 263
427 255
429 255
429 258
432 258
432 252
417 252
417 246
424 246
424 250
428 250
428 136
443 136
443 236
444 236
444 348
438 348
438 339
408 339
408 313
412 313
412 301
399 301
399 304
369 304
369 320
340 320
340 321
246 321
246 316
255 316
255 308
269 308
269 315
293 315
293 311
297 311
297 306
271 306
271 305
326 305
326 303
288 303
288 298
270 298
270 300
268 300
268 296
231 296
231 290
276 290
276 294
281 294
281 289
339 289
339 287
329 287
329 276
321 276
321 274
379 274
379 190
349 190
349 161
344 161
344 146
338 146
338 129
358 129
358 140
361 140
361 127
357 127
357 115
342 115
342 99
382 99
382 98
346 98
346 91
337 91
337 165
347 165
347 191
360 191
360 198
376 198
376 269
356 269
356 271
323 271
323 261
336 261
336 259
316 259
316 254
327 254
327 237
335 237
335 235
315 235
315 225
311 225
311 102
325 102
325 88
324 88
324 67
308 67
308 21
272 21
272 20
103 20
103 19
71 19
71 15
127 15
127 14
99 14
99 13
75 13
75 6
7 6
7 10
6 10
6 46
21 46
21 51
39 51
39 58
5 58
5 27
