432
211 17
211 19
244 19
244 21
176 21
176 24
183 24
183 25
201 25
201 26
208 26
208 30
202 30
202 27
137 27
137 28
152 28
152 31
88 31
88 15
80 15
80 10
78 10
78 37
184 37
184 38
196 38
196 36
135 36
135 33
130 33
130 34
96 34
96 32
214 32
214 29
228 29
228 35
220 35
220 39
219 39
219 40
216 40
216 52
217 52
217 105
221 105
221 109
222 109
222 148
209 148
209 131
156 131
156 138
158 138
158 141
101 141
101 140
64 140
64 137
56 137
56 143
17 143
17 123
21 123
21 104
79 104
79 118
68 118
68 120
74 120
74 121
87 121
87 122
109 122
109 115
112 115
112 114
108 114
108 113
100 113
100 119
81 119
81 106
97 106
97 90
119 90
119 99
127 99
127 100
136 100
136 98
178 98
178 97
179 97
179 124
153 124
153 125
181 125
181 92
177 92
177 95
164 95
164 96
139 96
139 93
132 93
132 91
145 91
145 87
189 87
189 80
157 80
157 81
52 81
52 79
50 79
50 71
83 71
83 73
84 73
84 74
107 74
107 75
85 75
85 77
77 77
77 78
170 78
170 57
182 57
182 62
193 62
193 65
197 65
197 53
180 53
180 51
162 51
162 56
161 56
161 49
160 49
160 61
169 61
169 72
121 72
121 70
118 70
118 66
63 66
63 63
61 63
61 60
76 60
76 46
70 46
70 45
60 45
60 47
54 47
54 55
69 55
69 58
39 58
39 67
82 67
82 69
45 69
45 86
46 86
46 83
73 83
73 82
175 82
175 84
159 84
159 85
144 85
144 89
93 89
93 103
15 103
15 101
11 101
11 110
16 110
16 144
38 144
38 147
117 147
117 163
94 163
94 162
115 162
115 161
90 161
90 160
32 160
32 159
92 159
92 153
8 153
8 117
10 117
10 116
6 116
6 112
2 112
2 108
1 108
1 146
5 146
5 156
19 156
19 154
91 154
91 158
27 158
27 165
28 165
28 172
34 172
34 164
40 164
40 169
47 169
47 166
86 166
86 173
98 173
98 177
57 177
57 174
43 174
43 178
187 178
187 181
225 181
225 182
226 182
226 180
233 180
233 194
215 194
215 189
210 189
210 188
207 188
207 190
203 190
203 183
102 183
102 184
67 184
67 185
186 185
186 186
126 186
126 191
155 191
155 187
198 187
198 200
191 200
191 198
190 198
190 202
174 202
174 195
185 195
185 192
141 192
141 206
131 206
131 203
116 203
116 199
114 199
114 201
59 201
59 230
143 230
143 231
51 231
51 227
55 227
55 216
49 216
49 219
25 219
25 221
30 221
30 220
41 220
41 222
48 222
48 224
44 224
44 235
71 235
71 234
89 234
89 232
140 232
140 240
129 240
129 244
105 244
105 245
99 245
99 241
42 241
42 242
36 242
36 233
35 233
35 237
26 237
26 236
3 236
3 246
18 246
18 239
29 239
29 243
66 243
66 247
75 247
75 249
37 249
37 250
125 250
125 248
149 248
149 238
151 238
151 218
148 218
148 214
168 214
168 213
146 213
146 215
142 215
142 223
138 223
138 226
123 226
123 229
72 229
72 228
103 228
103 225
65 225
65 217
62 217
62 205
113 205
113 207
147 207
147 208
110 208
110 211
150 211
150 193
154 193
154 209
172 209
172 210
173 210
173 204
188 204
188 212
206 212
206 197
200 197
200 196
234 196
234 179
194 179
194 171
165 171
165 175
166 175
166 176
124 176
124 170
134 170
134 157
133 157
133 168
106 168
106 167
128 167
128 155
122 155
122 142
167 142
167 133
171 133
171 132
192 132
192 145
204 145
204 139
205 139
205 149
227 149
227 107
235 107
235 126
236 126
236 111
237 111
237 94
218 94
218 44
241 44
241 43
246 43
246 42
229 42
229 41
239 41
239 23
199 23
199 22
247 22
247 18
223 18
223 17
