298
1 9
1 11
13 11
13 15
22 15
22 20
20 20
20 42
24 42
24 33
25 33
25 59
5 59
5 78
7 78
7 68
11 68
11 60
18 60
18 67
43 67
43 89
70 89
70 88
74 88
74 97
76 97
76 108
56 108
56 107
51 107
51 112
26 112
26 106
38 106
38 102
31 102
31 104
2 104
2 195
4 195
4 193
8 193
8 200
28 200
28 194
32 194
32 190
27 190
27 186
55 186
55 187
34 187
34 189
40 189
40 196
64 196
64 197
80 197
80 199
107 199
107 198
90 198
90 188
84 188
84 192
71 192
71 185
65 185
65 183
98 183
98 175
97 175
97 154
102 154
102 171
109 171
109 174
111 174
111 173
122 173
122 169
120 169
120 167
127 167
127 172
142 172
142 164
143 164
143 160
139 160
139 134
141 134
141 128
140 128
140 123
144 123
144 95
146 95
146 75
152 75
152 74
157 74
157 69
166 69
166 65
168 65
168 84
174 84
174 94
159 94
159 117
151 117
151 118
163 118
163 129
160 129
160 121
147 121
147 124
158 124
158 133
164 133
164 101
170 101
170 113
171 113
171 142
167 142
167 144
150 144
150 147
161 147
161 152
179 152
179 116
183 116
183 130
181 130
181 150
182 150
182 176
191 176
191 145
188 145
188 138
189 138
189 119
195 119
195 131
193 131
193 135
199 135
199 132
198 132
198 79
197 79
197 72
196 72
196 76
192 76
192 80
194 80
194 86
190 86
190 103
185 103
185 96
187 96
187 93
186 93
186 92
177 92
177 136
175 136
175 73
184 73
184 71
200 71
200 70
178 70
178 64
176 64
176 58
173 58
173 57
149 57
149 63
138 63
138 85
133 85
133 77
128 77
128 98
121 98
121 99
119 99
119 53
130 53
130 47
129 47
129 51
116 51
116 44
123 44
123 26
118 26
118 37
115 37
115 27
113 27
113 23
101 23
101 19
148 19
148 10
154 10
154 24
153 24
153 41
156 41
156 25
162 25
162 22
165 22
165 16
169 16
169 46
180 46
180 29
172 29
172 4
155 4
155 5
145 5
145 17
99 17
99 40
100 40
100 32
105 32
105 31
110 31
110 55
95 55
95 56
112 56
112 43
114 43
114 66
117 66
117 100
124 100
124 105
125 105
125 148
132 148
132 149
135 149
135 143
126 143
126 141
131 141
131 91
136 91
136 125
137 125
137 165
108 165
108 170
106 170
106 159
103 159
103 151
96 151
96 181
37 181
37 182
17 182
17 184
6 184
6 191
3 191
3 114
57 114
57 111
61 111
61 109
78 109
78 87
46 87
46 61
35 61
35 13
41 13
41 12
33 12
33 9
