250
149 50
149 175
134 175
134 157
131 157
131 135
139 135
139 132
135 132
135 131
141 131
141 115
91 115
91 110
76 110
76 101
54 101
54 99
38 99
38 91
37 91
37 73
73 73
73 72
57 72
57 58
83 58
83 54
84 54
84 39
13 39
13 29
8 29
8 22
32 22
32 20
30 20
30 19
1 19
1 53
19 53
19 48
20 48
20 46
9 46
9 43
26 43
26 64
25 64
25 65
24 65
24 77
27 77
27 69
28 69
28 87
14 87
14 84
10 84
10 66
4 66
4 67
3 67
3 93
6 93
6 111
2 111
2 164
5 164
5 145
7 145
7 155
11 155
11 88
31 88
31 42
52 42
52 41
59 41
59 45
56 45
56 47
79 47
79 57
48 57
48 70
34 70
34 103
55 103
55 105
60 105
60 107
58 107
58 151
71 151
71 156
86 156
86 163
77 163
77 168
74 168
74 183
66 183
66 199
62 199
62 202
69 202
69 204
51 204
51 206
47 206
47 193
43 193
43 198
12 198
12 216
15 216
15 205
44 205
44 196
45 196
45 209
17 209
17 213
39 213
39 215
35 215
35 221
29 221
29 225
22 225
22 227
21 227
21 229
18 229
18 233
33 233
33 223
46 223
46 222
50 222
50 214
49 214
49 210
80 210
80 207
88 207
88 173
95 173
95 179
97 179
97 166
90 166
90 159
96 159
96 149
61 149
61 112
63 112
63 142
64 142
64 106
65 106
65 133
70 133
70 141
98 141
98 153
101 153
101 150
102 150
102 158
105 158
105 208
123 208
123 201
127 201
127 184
121 184
121 167
118 167
118 191
111 191
111 154
109 154
109 194
119 194
119 188
120 188
120 203
106 203
106 147
103 147
103 140
124 140
124 139
115 139
115 123
68 123
68 117
137 117
137 126
125 126
125 137
130 137
130 176
128 176
128 178
132 178
132 180
156 180
156 162
151 162
151 60
163 60
163 55
168 55
168 63
165 63
165 76
174 76
174 79
171 79
171 80
175 80
175 102
172 102
172 136
177 136
177 127
204 127
204 125
185 125
185 116
178 116
178 109
181 109
181 92
187 92
187 85
227 85
227 83
209 83
209 81
194 81
194 74
195 74
195 71
169 71
169 50
