454
202 25
202 17
181 17
181 16
159 16
159 15
121 15
121 20
67 20
67 12
37 12
37 11
70 11
70 7
98 7
98 14
112 14
112 13
129 13
129 9
137 9
137 6
68 6
68 8
52 8
52 10
35 10
35 28
77 28
77 27
72 27
72 24
75 24
75 21
102 21
102 34
105 34
105 29
153 29
153 19
162 19
162 31
184 31
184 23
200 23
200 26
235 26
235 37
236 37
236 36
237 36
237 38
213 38
213 45
62 45
62 43
99 43
99 40
19 40
19 41
10 41
10 42
14 42
14 50
17 50
17 44
38 44
38 49
108 49
108 48
148 48
148 47
157 47
157 54
132 54
132 52
93 52
93 53
57 53
57 55
109 55
109 58
91 58
91 56
74 56
74 59
89 59
89 60
167 60
167 57
189 57
189 46
214 46
214 51
219 51
219 76
220 76
220 104
221 104
221 82
224 82
224 149
225 149
225 168
185 168
185 173
178 173
178 152
182 152
182 106
179 106
179 103
187 103
187 95
198 95
198 94
183 94
183 90
58 90
58 86
96 86
96 84
180 84
180 83
155 83
155 67
42 67
42 63
6 63
6 93
2 93
2 114
3 114
3 121
22 121
22 113
23 113
23 126
1 126
1 131
13 131
13 135
11 135
11 138
18 138
18 147
21 147
21 153
27 153
27 148
28 148
28 144
26 144
26 129
16 129
16 128
25 128
25 102
15 102
15 96
9 96
9 120
4 120
4 97
5 97
5 98
8 98
8 89
7 89
7 64
20 64
20 68
24 68
24 70
34 70
34 71
39 71
39 73
143 73
143 74
139 74
139 75
134 75
134 81
120 81
120 79
81 79
81 78
65 78
65 80
83 80
83 85
29 85
29 88
43 88
43 91
63 91
63 111
56 111
56 107
55 107
55 108
46 108
46 115
53 115
53 117
64 117
64 176
59 176
59 182
66 182
66 92
171 92
171 99
149 99
149 101
175 101
175 109
172 109
172 127
174 127
174 136
152 136
152 194
150 194
150 203
151 203
151 204
154 204
154 210
156 210
156 145
170 145
170 160
161 160
161 208
163 208
163 219
145 219
145 137
147 137
147 125
131 125
131 124
123 124
123 191
122 191
122 119
119 119
119 193
117 193
117 202
113 202
113 164
104 164
104 165
97 165
97 156
103 156
103 132
90 132
90 130
82 130
82 116
127 116
127 112
118 112
118 110
76 110
76 123
79 123
79 154
85 154
85 159
87 159
87 133
92 133
92 134
88 134
88 166
111 166
111 201
110 201
110 184
107 184
107 214
114 214
114 225
100 225
100 232
94 232
94 234
106 234
106 245
95 245
95 240
86 240
86 231
84 231
84 223
73 223
73 226
69 226
69 227
78 227
78 229
61 229
61 233
60 233
60 241
41 241
41 216
32 216
32 195
47 195
47 207
49 207
49 187
54 187
54 172
50 172
50 185
48 185
48 179
45 179
45 174
44 174
44 186
36 186
36 183
33 183
33 189
30 189
30 190
31 190
31 220
40 220
40 242
51 242
51 246
101 246
101 250
124 250
124 243
115 243
115 218
126 218
126 143
130 143
130 146
140 146
140 141
125 141
125 140
144 140
144 170
142 170
142 205
135 205
135 167
133 167
133 237
138 237
138 247
141 247
141 236
194 236
194 238
190 238
190 248
195 248
195 249
206 249
206 244
193 244
193 239
234 239
234 235
146 235
146 224
166 224
166 228
188 228
188 230
199 230
199 222
136 222
136 221
204 221
204 217
210 217
210 198
211 198
211 200
215 200
215 206
240 206
240 211
239 211
239 215
243 215
243 188
242 188
242 181
250 181
250 175
248 175
248 163
238 163
238 199
233 199
233 196
218 196
218 192
216 192
216 197
207 197
207 212
192 212
192 213
168 213
168 209
165 209
165 177
169 177
169 180
176 180
176 151
177 151
177 178
191 178
191 171
208 171
208 169
232 169
232 142
229 142
229 139
231 139
231 118
230 118
230 105
226 105
226 100
227 100
227 62
228 62
228 39
241 39
241 35
249 35
249 30
247 30
247 25
