78
2 136
2 118
1 118
1 139
12 139
12 140
20 140
20 145
15 145
15 148
11 148
11 165
13 165
13 172
6 172
6 171
4 171
4 174
3 174
3 175
14 175
14 191
21 191
21 185
17 185
17 179
30 179
30 177
35 177
35 178
37 178
37 169
39 169
39 158
41 158
41 163
71 163
71 190
70 190
70 182
59 182
59 189
47 189
47 197
55 197
55 194
121 194
121 192
135 192
135 157
137 157
137 164
150 164
150 160
157 160
157 156
134 156
134 183
108 183
108 188
95 188
95 186
92 186
92 176
73 176
73 162
58 162
58 161
57 161
57 154
32 154
32 168
28 168
28 159
22 159
22 152
23 152
23 136
