172
761 944
761 976
774 976
774 1046
766 1046
766 977
757 977
757 1005
764 1005
764 1031
758 1031
758 1064
760 1064
760 1153
750 1153
750 1141
624 1141
624 1143
715 1143
715 1161
779 1161
779 1164
674 1164
674 1166
668 1166
668 1174
711 1174
711 1176
620 1176
620 1181
576 1181
576 1209
552 1209
552 1213
459 1213
459 1212
381 1212
381 1215
530 1215
530 1235
332 1235
332 1233
523 1233
523 1231
395 1231
395 1230
266 1230
266 1221
249 1221
249 1207
269 1207
269 1204
240 1204
240 1201
183 1201
183 1199
236 1199
236 1198
259 1198
259 1194
292 1194
292 1191
297 1191
297 1188
298 1188
298 1177
349 1177
349 1169
281 1169
281 1157
172 1157
172 1160
122 1160
122 1156
98 1156
98 1094
87 1094
87 1192
84 1192
84 1218
78 1218
78 1106
31 1106
31 1111
41 1111
41 1113
1 1113
1 1118
16 1118
16 1122
17 1122
17 1123
36 1123
36 1116
52 1116
52 1108
67 1108
67 1167
44 1167
44 1126
8 1126
8 1140
9 1140
9 1250
26 1250
26 1246
10 1246
10 1131
32 1131
32 1217
46 1217
46 1178
69 1178
69 1219
58 1219
58 1248
70 1248
70 1227
72 1227
72 1220
82 1220
82 1232
85 1232
85 1226
93 1226
93 1225
88 1225
88 1119
97 1119
97 1163
229 1163
229 1159
276 1159
276 1185
251 1185
251 1175
201 1175
201 1179
221 1179
221 1197
188 1197
188 1193
171 1193
171 1183
170 1183
170 1203
224 1203
224 1236
533 1236
533 1223
558 1223
558 1214
584 1214
584 1211
590 1211
590 1234
600 1234
600 1182
685 1182
685 1195
627 1195
627 1202
692 1202
692 1186
765 1186
765 1173
781 1173
781 1107
784 1107
784 1038
777 1038
777 944
