1122
919 242
919 266
917 266
917 259
909 259
909 278
936 278
936 258
941 258
941 321
880 321
880 335
854 335
854 307
786 307
786 327
815 327
815 340
799 340
799 343
883 343
883 344
516 344
516 347
962 347
962 354
1070 354
1070 356
1144 356
1144 355
1192 355
1192 380
1156 380
1156 392
1154 392
1154 394
1152 394
1152 608
1150 608
1150 664
1171 664
1171 679
1184 679
1184 686
1157 686
1157 701
1149 701
1149 716
1166 716
1166 692
1168 692
1168 694
1173 694
1173 732
1188 732
1188 891
1177 891
1177 851
1179 851
1179 808
1176 808
1176 773
1175 773
1175 750
1174 750
1174 756
1172 756
1172 823
1164 823
1164 801
1163 801
1163 828
1170 828
1170 892
1178 892
1178 911
1161 911
1161 914
1148 914
1148 800
1146 800
1146 763
1147 763
1147 739
1143 739
1143 528
1123 528
1123 583
1117 583
1117 640
1137 640
1137 684
1116 684
1116 736
1111 736
1111 812
1118 812
1118 895
1108 895
1108 909
1107 909
1107 901
1102 901
1102 905
1103 905
1103 916
1119 916
1119 856
1129 856
1129 867
1128 867
1128 994
1115 994
1115 936
1109 936
1109 920
1104 920
1104 929
1100 929
1100 917
1092 917
1092 924
1098 924
1098 959
1101 959
1101 969
1110 969
1110 996
1132 996
1132 1001
1095 1001
1095 1101
1086 1101
1086 1073
1073 1073
1073 1051
1076 1051
1076 1044
1067 1044
1067 1030
1078 1030
1078 1015
1063 1015
1063 864
1065 864
1065 751
1020 751
1020 656
879 656
879 635
929 635
929 634
811 634
811 623
633 623
633 618
307 618
307 594
339 594
339 533
291 533
291 564
280 564
280 565
289 565
289 571
293 571
293 629
192 629
192 617
169 617
169 475
179 475
179 443
24 443
24 450
99 450
99 575
86 575
86 561
61 561
61 556
76 556
76 539
94 539
94 525
83 525
83 523
80 523
80 535
79 535
79 468
96 468
96 452
40 452
40 457
34 457
34 482
38 482
38 490
39 490
39 479
57 479
57 526
25 526
25 514
20 514
20 536
23 536
23 531
30 531
30 530
71 530
71 542
51 542
51 547
29 547
29 563
3 563
3 568
35 568
35 582
43 582
43 587
53 587
53 616
103 616
103 470
104 470
104 592
106 592
106 574
111 574
111 688
377 688
377 685
366 685
366 683
270 683
270 676
731 676
731 691
726 691
726 759
640 759
640 758
663 758
663 749
722 749
722 741
508 741
508 718
517 718
517 702
397 702
397 715
392 715
392 742
399 742
399 1008
473 1008
473 1002
432 1002
432 993
416 993
416 990
542 990
542 983
594 983
594 968
593 968
593 967
719 967
719 966
622 966
622 961
519 961
519 957
671 957
671 955
618 955
618 946
623 946
623 941
639 941
639 935
701 935
701 934
837 934
837 940
761 940
761 976
774 976
774 1046
766 1046
766 977
757 977
757 1005
764 1005
764 1031
758 1031
758 1064
760 1064
760 1153
750 1153
750 1141
624 1141
624 1143
715 1143
715 1161
779 1161
779 1164
674 1164
674 1166
668 1166
668 1174
711 1174
711 1176
620 1176
620 1181
576 1181
576 1209
552 1209
552 1213
459 1213
459 1212
381 1212
381 1215
530 1215
530 1235
332 1235
332 1233
523 1233
523 1231
395 1231
395 1230
266 1230
266 1221
249 1221
249 1207
269 1207
269 1204
240 1204
240 1201
183 1201
183 1199
236 1199
236 1198
259 1198
259 1194
292 1194
292 1191
297 1191
297 1188
298 1188
298 1177
349 1177
349 1169
281 1169
281 1157
172 1157
172 1160
122 1160
122 1156
98 1156
98 1094
87 1094
87 1192
84 1192
84 1218
78 1218
78 1106
31 1106
31 1111
41 1111
41 1113
1 1113
1 1118
16 1118
16 1122
17 1122
17 1123
36 1123
36 1116
52 1116
52 1108
67 1108
67 1167
44 1167
44 1126
8 1126
8 1140
9 1140
9 1250
26 1250
26 1246
10 1246
10 1131
32 1131
32 1217
46 1217
46 1178
69 1178
69 1219
58 1219
58 1248
70 1248
70 1227
72 1227
72 1220
82 1220
82 1232
85 1232
85 1226
93 1226
93 1225
88 1225
88 1119
97 1119
97 1163
229 1163
229 1159
276 1159
276 1185
251 1185
251 1175
201 1175
201 1179
221 1179
221 1197
188 1197
188 1193
171 1193
171 1183
170 1183
170 1203
224 1203
224 1236
533 1236
533 1223
558 1223
558 1214
584 1214
584 1211
590 1211
590 1234
600 1234
600 1182
685 1182
685 1195
627 1195
627 1202
692 1202
692 1186
765 1186
765 1173
781 1173
781 1107
784 1107
784 1038
777 1038
777 944
780 944
780 952
795 952
795 958
813 958
813 948
818 948
818 981
791 981
791 1112
808 1112
808 1127
810 1127
810 1099
814 1099
814 1136
801 1136
801 1189
807 1189
807 1139
820 1139
820 1180
848 1180
848 1172
821 1172
821 1102
828 1102
828 1083
794 1083
794 1088
792 1088
792 1078
798 1078
798 992
812 992
812 1068
824 1068
824 1052
817 1052
817 1035
819 1035
819 1000
840 1000
840 933
560 933
560 939
607 939
607 942
502 942
502 988
492 988
492 989
480 989
480 949
465 949
465 963
463 963
463 973
413 973
413 1006
405 1006
405 879
407 879
407 906
408 906
408 951
410 951
410 838
450 838
450 850
445 850
445 858
545 858
545 862
541 862
541 865
553 865
553 910
525 910
525 918
528 918
528 913
566 913
566 912
569 912
569 880
723 880
723 878
855 878
855 883
851 883
851 904
877 904
877 890
864 890
864 886
870 886
870 876
965 876
965 829
960 829
960 791
967 791
967 783
982 783
982 712
981 712
981 699
984 699
984 693
968 693
968 678
923 678
923 681
959 681
959 709
935 709
935 762
933 762
933 774
911 774
911 776
939 776
939 784
943 784
943 713
958 713
958 719
961 719
961 717
980 717
980 779
966 779
966 785
948 785
948 793
949 793
949 860
940 860
940 870
907 870
907 873
698 873
698 877
578 877
578 874
661 874
661 869
657 869
657 871
591 871
591 868
768 868
768 866
604 866
604 863
574 863
574 861
838 861
838 855
507 855
507 854
914 854
914 848
876 848
876 832
894 832
894 817
885 817
885 830
875 830
875 806
796 806
796 803
745 803
745 809
767 809
767 810
752 810
752 814
695 814
695 816
800 816
800 818
783 818
783 840
805 840
805 853
455 853
455 804
452 804
452 833
442 833
442 819
435 819
435 822
404 822
404 711
411 711
411 746
464 746
464 737
505 737
505 744
696 744
696 748
612 748
612 752
625 752
625 755
608 755
608 764
458 764
458 767
466 767
466 768
483 768
483 765
630 765
630 766
632 766
632 772
645 772
645 761
735 761
735 760
738 760
738 714
740 714
740 675
258 675
258 677
247 677
247 680
231 680
231 687
113 687
113 573
115 573
115 577
118 577
118 448
77 448
77 444
168 444
168 619
164 619
164 529
163 529
163 620
186 620
186 630
222 630
222 631
210 631
210 638
274 638
274 633
356 633
356 653
371 653
371 643
406 643
406 636
421 636
421 646
461 646
461 641
547 641
547 628
498 628
498 627
295 627
295 540
301 540
301 625
453 625
453 621
499 621
499 624
712 624
712 626
790 626
790 637
858 637
858 657
753 657
753 655
742 655
742 658
694 658
694 650
669 650
669 645
660 645
660 644
649 644
649 659
776 659
776 661
785 661
785 667
797 667
797 672
833 672
833 673
946 673
946 671
803 671
803 669
804 669
804 670
830 670
830 662
905 662
905 660
979 660
979 665
975 665
975 666
1015 666
1015 754
1027 754
1027 753
1061 753
1061 769
1003 769
1003 770
1010 770
1010 771
1054 771
1054 775
1062 775
1062 777
1016 777
1016 813
1018 813
1018 781
1025 781
1025 778
1040 778
1040 780
1064 780
1064 821
1058 821
1058 1043
1059 1043
1059 1065
1055 1065
1055 1170
1088 1170
1088 1165
1112 1165
1112 1171
1125 1171
1125 1147
1180 1147
1180 1146
1216 1146
1216 1162
1213 1162
1213 1242
1220 1242
1220 1244
1114 1244
1114 1229
1089 1229
1089 1190
1068 1190
1068 1200
1056 1200
1056 1206
1050 1206
1050 1224
1071 1224
1071 1222
1082 1222
1082 1240
1044 1240
1044 1210
1041 1210
1041 1142
1039 1142
1039 1097
1036 1097
1036 1130
1030 1130
1030 1089
1023 1089
1023 1079
1034 1079
1034 1010
1031 1010
1031 1004
1022 1004
1022 1018
1006 1018
1006 985
1008 985
1008 943
997 943
997 962
1005 962
1005 971
1007 971
1007 972
1002 972
1002 1012
1000 1012
1000 1017
989 1017
989 1049
1014 1049
1014 1061
1019 1061
1019 1132
1017 1132
1017 1124
1013 1124
1013 1110
1012 1110
1012 1115
999 1115
999 1125
993 1125
993 1128
987 1128
987 1134
1035 1134
1035 1184
1033 1184
1033 1187
1037 1187
1037 1228
1043 1228
1043 1241
1083 1241
1083 1239
1113 1239
1113 1245
1049 1245
1049 1243
1026 1243
1026 1249
1096 1249
1096 1247
1222 1247
1222 1238
1248 1238
1248 1237
1217 1237
1217 1216
1238 1216
1238 928
1237 928
1237 915
1240 915
1240 882
1212 882
1212 888
1223 888
1223 889
1229 889
1229 907
1231 907
1231 908
1233 908
1233 945
1234 945
1234 960
1235 960
1235 1208
1228 1208
1228 1205
1224 1205
1224 1158
1219 1158
1219 1145
1097 1145
1097 1149
1087 1149
1087 1154
1057 1154
1057 1084
1085 1084
1085 1091
1079 1091
1079 1144
1099 1144
1099 1041
1121 1041
1121 1003
1135 1003
1135 926
1130 926
1130 872
1136 872
1136 805
1131 805
1131 798
1124 798
1124 698
1126 698
1126 696
1138 696
1138 605
1133 605
1133 597
1139 597
1139 570
1127 570
1127 560
1141 560
1141 703
1142 703
1142 898
1145 898
1145 947
1162 947
1162 921
1200 921
1200 950
1186 950
1186 1026
1202 1026
1202 1037
1230 1037
1230 1013
1227 1013
1227 1019
1226 1019
1226 1022
1208 1022
1208 807
1207 807
1207 837
1206 837
1206 1011
1191 1011
1191 1007
1201 1007
1201 802
1203 802
1203 795
1198 795
1198 919
1195 919
1195 794
1190 794
1190 668
1187 668
1187 663
1169 663
1169 649
1167 649
1167 639
1165 639
1165 647
1160 647
1160 615
1185 615
1185 614
1155 614
1155 464
1158 464
1158 438
1153 438
1153 400
1225 400
1225 409
1209 409
1209 410
1249 410
1249 406
1246 406
1246 405
1250 405
1250 404
1247 404
1247 403
1245 403
1245 379
1244 379
1244 402
1241 402
1241 408
1239 408
1239 397
1196 397
1196 399
1159 399
1159 385
1183 385
1183 386
1199 386
1199 393
1242 393
1242 387
1243 387
1243 384
1218 384
1218 383
1232 383
1232 346
1215 346
1215 274
1236 274
1236 253
1211 253
1211 265
1210 265
1210 374
1214 374
1214 370
1221 370
1221 381
1205 381
1205 368
1193 368
1193 353
1204 353
1204 352
1028 352
1028 351
973 351
973 345
884 345
884 342
823 342
823 310
845 310
845 341
889 341
889 322
947 322
947 303
952 303
952 295
955 295
955 311
974 311
974 280
995 280
995 255
994 255
994 232
1032 232
1032 230
1197 230
1197 228
1105 228
1105 229
1011 229
1011 231
990 231
990 267
964 267
964 289
945 289
945 242
