150
147 405
147 415
151 415
151 447
146 447
146 452
138 452
138 450
130 450
130 422
111 422
111 472
87 472
87 476
66 476
66 485
52 485
52 490
67 490
67 496
3 496
3 497
1 497
1 500
2 500
2 499
25 499
25 498
68 498
68 491
85 491
85 483
76 483
76 477
89 477
89 479
118 479
118 482
126 482
126 478
122 478
122 475
123 475
123 459
121 459
121 443
115 443
115 440
125 440
125 425
128 425
128 468
129 468
129 484
134 484
134 460
144 460
144 456
152 456
152 421
155 421
155 413
159 413
159 435
211 435
211 438
453 438
453 444
437 444
437 441
432 441
432 453
433 453
433 457
441 457
441 451
450 451
450 464
455 464
455 448
458 448
458 445
459 445
459 471
466 471
466 469
463 469
463 467
473 467
473 466
464 466
464 449
468 449
468 458
474 458
474 446
461 446
461 439
457 439
457 437
276 437
276 429
233 429
233 427
296 427
296 423
327 423
327 418
366 418
366 414
326 414
326 410
385 410
385 424
388 424
388 416
398 416
398 419
460 419
460 432
478 432
478 436
479 436
479 428
471 428
471 430
469 430
469 409
470 409
470 406
451 406
451 417
418 417
418 412
445 412
445 411
416 411
416 408
334 408
334 407
319 407
319 420
295 420
295 426
228 426
228 431
219 431
219 433
191 433
191 405
