108
163 113
163 118
161 118
161 119
150 119
150 138
139 138
139 131
117 131
117 129
100 129
100 127
93 127
93 96
83 96
83 100
84 100
84 103
81 103
81 147
82 147
82 189
64 189
64 194
47 194
47 190
3 190
3 182
1 182
1 193
10 193
10 192
30 192
30 195
70 195
70 196
2 196
2 198
53 198
53 200
75 200
75 199
76 199
76 197
77 197
77 191
95 191
95 179
92 179
92 170
96 170
96 168
97 168
97 165
98 165
98 155
90 155
90 184
88 184
88 116
89 116
89 107
87 107
87 142
86 142
86 183
85 183
85 97
91 97
91 144
94 144
94 132
128 132
128 134
106 134
106 151
107 151
107 143
109 143
109 145
112 145
112 137
114 137
114 140
113 140
113 160
119 160
119 162
147 162
147 158
118 158
118 156
115 156
115 136
133 136
133 139
160 139
160 130
174 130
174 123
166 123
166 126
165 126
165 125
164 125
164 115
176 115
176 113
