84
77 495
77 496
17 496
17 499
5 499
5 486
14 486
14 463
8 463
8 446
9 446
9 439
33 439
33 428
1 428
1 488
2 488
2 430
3 430
3 500
41 500
41 498
74 498
74 497
215 497
215 477
192 477
192 475
200 475
200 476
217 476
217 471
214 471
214 469
211 469
211 470
181 470
181 465
155 465
155 368
157 368
157 338
156 338
156 296
152 296
152 356
154 356
154 455
151 455
151 408
127 408
127 391
143 391
143 371
132 371
132 370
135 370
135 359
126 359
126 354
121 354
121 289
116 289
116 377
117 377
117 459
139 459
139 456
129 456
129 453
118 453
118 384
124 384
124 413
144 413
144 424
148 424
148 464
142 464
142 466
167 466
167 478
213 478
213 495
