532
248 2
248 78
234 78
234 102
171 102
171 99
231 99
231 95
174 95
174 96
166 96
166 94
229 94
229 91
204 91
204 71
184 71
184 83
197 83
197 89
164 89
164 85
179 85
179 72
178 72
178 74
163 74
163 105
165 105
165 109
206 109
206 103
226 103
226 127
239 127
239 132
240 132
240 168
244 168
244 197
225 197
225 220
224 220
224 235
98 235
98 234
61 234
61 231
90 231
90 227
60 227
60 222
177 222
177 219
140 219
140 218
182 218
182 210
209 210
209 208
115 208
115 205
159 205
159 202
131 202
131 182
162 182
162 181
91 181
91 201
70 201
70 183
65 183
65 162
72 162
72 166
66 166
66 176
112 176
112 171
122 171
122 163
138 163
138 79
150 79
150 117
146 117
146 142
149 142
149 136
153 136
153 70
158 70
158 67
147 67
147 76
137 76
137 130
133 130
133 143
130 143
130 98
128 98
128 93
120 93
120 73
113 73
113 59
102 59
102 75
109 75
109 110
87 110
87 119
86 119
86 56
71 56
71 82
84 82
84 100
78 100
78 121
80 121
80 122
85 122
85 120
103 120
103 124
111 124
111 149
107 149
107 141
95 141
95 147
88 147
88 151
125 151
125 156
104 156
104 172
73 172
73 160
69 160
69 154
67 154
67 155
57 155
57 169
48 169
48 204
50 204
50 184
58 184
58 209
81 209
81 211
160 211
160 212
52 212
52 223
49 223
49 256
56 256
56 228
59 228
59 260
54 260
54 275
64 275
64 304
63 304
63 276
47 276
47 326
53 326
53 311
51 311
51 287
55 287
55 309
76 309
76 265
62 265
62 245
68 245
68 249
75 249
75 248
79 248
79 236
101 236
101 279
100 279
100 293
82 293
82 335
92 335
92 344
97 344
97 328
93 328
93 315
106 315
106 323
108 323
108 366
94 366
94 396
77 396
77 496
17 496
17 499
5 499
5 486
14 486
14 463
8 463
8 446
9 446
9 439
33 439
33 428
1 428
1 488
2 488
2 430
3 430
3 500
41 500
41 498
74 498
74 497
215 497
215 477
192 477
192 475
200 475
200 476
217 476
217 471
214 471
214 469
211 469
211 470
181 470
181 458
168 458
168 451
170 451
170 454
173 454
173 425
176 425
176 427
188 427
188 449
199 449
199 438
202 438
202 436
193 436
193 358
221 358
221 353
233 353
233 363
238 363
238 350
190 350
190 355
189 355
189 339
216 339
216 332
237 332
237 302
242 302
242 285
227 285
227 284
236 284
236 281
205 281
205 286
210 286
210 301
228 301
228 308
235 308
235 329
207 329
207 334
198 334
198 306
203 306
203 305
201 305
201 303
195 303
195 313
185 313
185 331
187 331
187 357
183 357
183 393
191 393
191 419
175 419
175 402
172 402
172 362
169 362
169 442
161 442
161 465
155 465
155 368
157 368
157 338
156 338
156 296
152 296
152 356
154 356
154 455
151 455
151 408
127 408
127 391
143 391
143 371
132 371
132 370
135 370
135 359
126 359
126 294
123 294
123 354
121 354
121 289
119 289
119 272
134 272
134 278
141 278
141 268
180 268
180 262
136 262
136 270
114 270
114 273
116 273
116 377
117 377
117 459
139 459
139 456
129 456
129 453
118 453
118 384
124 384
124 413
144 413
144 424
148 424
148 464
142 464
142 466
167 466
167 480
208 480
208 478
213 478
213 495
212 495
212 494
83 494
83 479
89 479
89 412
96 412
96 433
99 433
99 407
110 407
110 237
145 237
145 238
245 238
245 191
246 191
246 126
241 126
241 92
243 92
243 86
247 86
247 111
249 111
249 8
250 8
250 17
251 17
251 64
257 64
257 66
264 66
264 87
263 87
263 148
262 148
262 137
258 137
258 290
259 290
259 307
254 307
254 314
255 314
255 340
256 340
256 312
432 312
432 316
435 316
435 325
429 325
429 317
415 317
415 321
413 321
413 318
406 318
406 330
438 330
438 337
426 337
426 342
451 342
451 336
457 336
457 327
473 327
473 351
462 351
462 347
371 347
371 349
383 349
383 352
480 352
480 345
476 345
476 320
485 320
485 333
488 333
488 341
492 341
492 360
481 360
481 387
479 387
479 386
477 386
477 388
428 388
428 378
392 378
392 379
381 379
381 385
414 385
414 389
388 389
388 390
333 390
333 383
380 383
380 382
290 382
290 380
358 380
358 361
347 361
347 372
346 372
346 367
321 367
321 369
280 369
280 373
318 373
318 376
278 376
278 411
294 411
294 403
288 403
288 394
299 394
299 395
329 395
329 392
490 392
490 398
495 398
495 319
444 319
444 310
260 310
260 240
261 240
261 152
265 152
265 150
266 150
266 65
301 65
301 63
309 63
309 62
267 62
267 61
253 61
253 58
252 58
252 2
