212
98 235
98 234
61 234
61 231
90 231
90 228
59 228
59 236
101 236
101 279
100 279
100 293
82 293
82 335
92 335
92 344
97 344
97 328
93 328
93 315
106 315
106 323
108 323
108 366
94 366
94 396
77 396
77 496
17 496
17 499
5 499
5 486
14 486
14 463
8 463
8 446
9 446
9 439
33 439
33 428
1 428
1 488
2 488
2 430
3 430
3 500
41 500
41 498
74 498
74 497
215 497
215 477
192 477
192 475
200 475
200 476
217 476
217 471
214 471
214 469
211 469
211 470
181 470
181 458
168 458
168 451
170 451
170 454
173 454
173 425
176 425
176 427
188 427
188 449
199 449
199 438
202 438
202 436
193 436
193 358
221 358
221 353
233 353
233 363
238 363
238 350
190 350
190 355
189 355
189 339
216 339
216 332
237 332
237 302
242 302
242 285
227 285
227 284
236 284
236 281
205 281
205 286
210 286
210 301
228 301
228 308
235 308
235 329
207 329
207 334
198 334
198 306
203 306
203 305
201 305
201 303
195 303
195 313
185 313
185 331
187 331
187 357
183 357
183 393
191 393
191 419
175 419
175 402
172 402
172 362
169 362
169 442
161 442
161 465
155 465
155 368
157 368
157 338
156 338
156 296
152 296
152 356
154 356
154 455
151 455
151 408
127 408
127 391
143 391
143 371
132 371
132 370
135 370
135 359
126 359
126 294
123 294
123 354
121 354
121 289
119 289
119 272
134 272
134 278
141 278
141 268
180 268
180 262
136 262
136 270
114 270
114 273
116 273
116 377
117 377
117 459
139 459
139 456
129 456
129 453
118 453
118 384
124 384
124 413
144 413
144 424
148 424
148 464
142 464
142 466
167 466
167 480
208 480
208 478
213 478
213 495
212 495
212 494
83 494
83 479
89 479
89 412
96 412
96 433
99 433
99 407
110 407
110 237
145 237
145 238
245 238
245 235
