3626
575 921
575 1084
528 1084
528 1082
497 1082
497 1039
510 1039
510 863
511 863
511 762
512 762
512 747
509 747
509 729
385 729
385 731
314 731
314 745
362 745
362 744
365 744
365 753
2 753
2 834
1 834
1 1097
55 1097
55 1098
118 1098
118 1103
89 1103
89 1113
80 1113
80 1115
82 1115
82 1124
79 1124
79 1128
78 1128
78 1159
81 1159
81 1158
115 1158
115 1150
117 1150
117 1165
28 1165
28 1200
32 1200
32 1223
16 1223
16 1219
7 1219
7 1325
19 1325
19 1257
9 1257
9 1241
44 1241
44 1253
39 1253
39 1256
25 1256
25 1270
21 1270
21 1330
26 1330
26 1377
15 1377
15 1456
18 1456
18 1435
24 1435
24 1473
29 1473
29 1405
27 1405
27 1304
31 1304
31 1296
34 1296
34 1295
42 1295
42 1255
47 1255
47 1307
45 1307
45 1313
48 1313
48 1631
41 1631
41 1536
38 1536
38 1656
59 1656
59 1632
54 1632
54 1621
56 1621
56 1450
63 1450
63 1433
57 1433
57 1431
52 1431
52 1570
51 1570
51 1388
66 1388
66 1425
67 1425
67 1391
69 1391
69 1437
72 1437
72 1311
70 1311
70 1347
64 1347
64 1272
61 1272
61 1190
58 1190
58 1343
53 1343
53 1378
50 1378
50 1359
49 1359
49 1185
33 1185
33 1167
71 1167
71 1174
112 1174
112 1187
110 1187
110 1198
113 1198
113 1333
164 1333
164 1393
161 1393
161 1465
180 1465
180 1470
178 1470
178 1492
155 1492
155 1471
152 1471
152 1474
144 1474
144 1481
140 1481
140 1484
121 1484
121 1593
122 1593
122 1651
125 1651
125 1749
204 1749
204 1745
247 1745
247 1739
364 1739
364 1742
343 1742
343 1776
300 1776
300 1760
259 1760
259 1771
280 1771
280 1774
278 1774
278 1778
297 1778
297 1787
292 1787
292 1792
303 1792
303 1784
340 1784
340 1807
490 1807
490 1818
522 1818
522 1815
534 1815
534 1804
548 1804
548 1847
539 1847
539 2026
538 2026
538 2025
537 2025
537 1863
536 1863
536 2010
535 2010
535 2046
561 2046
561 2078
559 2078
559 2096
585 2096
585 2076
573 2076
573 2070
583 2070
583 2055
571 2055
571 2066
562 2066
562 2044
543 2044
543 1932
545 1932
545 1881
558 1881
558 1873
572 1873
572 1944
577 1944
577 1841
563 1841
563 1870
557 1870
557 1876
549 1876
549 1812
566 1812
566 1817
586 1817
586 1946
605 1946
605 1949
608 1949
608 1945
619 1945
619 1941
587 1941
587 1837
588 1837
588 1767
592 1767
592 1842
595 1842
595 1797
615 1797
615 1895
616 1895
616 1853
623 1853
623 1911
639 1911
639 1934
651 1934
651 1913
650 1913
650 1846
646 1846
646 1869
629 1869
629 1907
624 1907
624 1811
653 1811
653 1825
637 1825
637 1826
658 1826
658 1923
667 1923
667 2017
670 2017
670 2069
666 2069
666 2053
626 2053
626 2085
625 2085
625 2101
618 2101
618 2112
630 2112
630 2189
620 2189
620 2421
628 2421
628 2387
627 2387
627 2312
633 2312
633 2253
635 2253
635 2363
636 2363
636 2240
641 2240
641 2237
640 2237
640 2214
642 2214
642 2282
645 2282
645 2077
656 2077
656 2307
657 2307
657 2122
662 2122
662 2309
643 2309
643 2340
649 2340
649 2407
714 2407
714 2459
705 2459
705 2500
717 2500
717 2405
703 2405
703 2404
668 2404
668 2374
688 2374
688 2354
687 2354
687 2148
682 2148
682 2238
680 2238
680 2306
684 2306
684 2310
675 2310
675 2368
659 2368
659 2358
655 2358
655 2355
663 2355
663 2205
664 2205
664 2072
671 2072
671 1880
665 1880
665 1806
660 1806
660 1773
701 1773
701 1794
735 1794
735 1844
732 1844
732 1899
757 1899
757 1988
753 1988
753 2035
778 2035
778 2088
773 2088
773 2152
758 2152
758 2163
734 2163
734 2164
750 2164
750 2194
737 2194
737 2185
724 2185
724 2423
736 2423
736 2469
782 2469
782 2461
775 2461
775 2453
803 2453
803 2450
806 2450
806 2430
812 2430
812 2406
804 2406
804 2399
824 2399
824 2393
795 2393
795 2377
787 2377
787 2414
790 2414
790 2408
801 2408
801 2434
756 2434
756 2456
738 2456
738 2416
725 2416
725 2193
733 2193
733 2195
726 2195
726 2207
789 2207
789 2199
794 2199
794 2187
768 2187
768 2183
781 2183
781 2121
807 2121
807 2123
822 2123
822 2103
785 2103
785 2098
786 2098
786 1996
791 1996
791 2002
818 2002
818 2000
805 2000
805 1989
797 1989
797 1967
769 1967
769 1990
764 1990
764 2007
759 2007
759 1956
760 1956
760 1886
741 1886
741 1803
749 1803
749 1819
751 1819
751 1793
720 1793
720 1765
555 1765
555 1786
504 1786
504 1769
476 1769
476 1772
429 1772
429 1805
347 1805
347 1743
354 1743
354 1755
357 1755
357 1754
386 1754
386 1748
455 1748
455 1747
462 1747
462 1746
516 1746
516 1741
388 1741
388 1738
436 1738
436 1735
405 1735
405 1728
171 1728
171 1729
210 1729
210 1731
148 1731
148 1730
158 1730
158 1723
319 1723
319 1724
691 1724
691 1726
951 1726
951 1734
939 1734
939 1775
966 1775
966 1782
933 1782
933 1764
929 1764
929 2005
925 2005
925 2146
913 2146
913 2119
904 2119
904 2196
901 2196
901 2125
890 2125
890 2131
869 2131
869 2147
883 2147
883 2297
868 2297
868 2248
860 2248
860 2323
863 2323
863 2326
836 2326
836 2342
843 2342
843 2327
881 2327
881 2329
872 2329
872 2335
877 2335
877 2332
916 2332
916 2330
896 2330
896 2322
867 2322
867 2300
893 2300
893 2299
889 2299
889 2264
907 2264
907 2217
920 2217
920 2215
885 2215
885 2167
886 2167
886 2188
888 2188
888 2138
897 2138
897 2132
898 2132
898 2212
922 2212
922 2172
926 2172
926 2108
931 2108
931 1856
934 1856
934 1849
942 1849
942 1871
941 1871
941 1970
958 1970
958 1983
936 1983
936 2054
944 2054
944 2068
940 2068
940 2087
952 2087
952 2092
953 2092
953 1992
954 1992
954 1993
968 1993
968 1957
964 1957
964 1938
963 1938
963 1937
960 1937
960 1929
957 1929
957 1950
950 1950
950 1838
932 1838
932 1830
978 1830
978 1864
989 1864
989 2086
991 2086
991 2231
997 2231
997 2370
992 2370
992 2362
909 2362
909 2367
947 2367
947 2375
959 2375
959 2376
1003 2376
1003 2302
1005 2302
1005 2311
1008 2311
1008 2271
1015 2271
1015 2227
996 2227
996 2003
994 2003
994 1894
995 1894
995 1751
981 1751
981 1737
982 1737
982 1722
217 1722
217 1719
187 1719
187 1720
141 1720
141 1733
129 1733
129 1700
134 1700
134 1659
159 1659
159 1676
181 1676
181 1681
153 1681
153 1697
168 1697
168 1701
160 1701
160 1708
310 1708
310 1709
591 1709
591 1689
584 1689
584 1672
613 1672
613 1664
743 1664
743 1670
828 1670
828 1669
847 1669
847 1660
831 1660
831 1666
813 1666
813 1665
829 1665
829 1657
715 1657
715 1547
695 1547
695 1512
708 1512
708 1354
709 1354
709 1520
718 1520
718 1505
722 1505
722 1496
729 1496
729 1528
727 1528
727 1615
746 1615
746 1652
748 1652
748 1509
761 1509
761 1525
796 1525
796 1551
779 1551
779 1552
763 1552
763 1627
765 1627
765 1643
774 1643
774 1634
788 1634
788 1606
783 1606
783 1585
816 1585
816 1603
826 1603
826 1583
766 1583
766 1568
819 1568
819 1543
827 1543
827 1557
835 1557
835 1639
859 1639
859 1629
851 1629
851 1618
845 1618
845 1633
837 1633
837 1519
817 1519
817 1523
784 1523
784 1515
767 1515
767 1513
840 1513
840 1514
862 1514
862 1499
858 1499
858 1413
908 1413
908 1357
910 1357
910 1320
923 1320
923 1358
927 1358
927 1485
961 1485
961 1108
969 1108
969 1323
985 1323
985 1362
973 1362
973 1379
986 1379
986 1420
1012 1420
1012 1423
1016 1423
1016 1537
988 1537
988 1559
990 1559
990 1556
999 1556
999 1563
1017 1563
1017 1421
1020 1421
1020 1422
1030 1422
1030 1402
1029 1402
1029 1371
1023 1371
1023 1373
1028 1373
1028 1384
1001 1384
1001 1389
1010 1389
1010 1407
1014 1407
1014 1412
993 1412
993 1352
1036 1352
1036 1315
1040 1315
1040 1324
1042 1324
1042 1364
1048 1364
1048 1327
1051 1327
1051 1334
1055 1334
1055 1350
1060 1350
1060 1339
1074 1339
1074 1351
1078 1351
1078 1356
1105 1356
1105 1344
1201 1344
1201 1342
1252 1342
1252 1345
1241 1345
1241 1361
1271 1361
1271 1369
1405 1369
1405 1367
1561 1367
1561 1366
1335 1366
1335 1363
1492 1363
1492 1360
1495 1360
1495 1355
1260 1355
1260 1335
1163 1335
1163 1340
1095 1340
1095 1316
1056 1316
1056 1312
1025 1312
1025 1310
1129 1310
1129 1305
1145 1305
1145 1303
1137 1303
1137 1302
1009 1302
1009 1308
1018 1308
1018 1326
1000 1326
1000 1322
971 1322
971 1287
972 1287
972 1286
980 1286
980 1294
1146 1294
1146 1293
984 1293
984 1244
1402 1244
1402 1238
1323 1238
1323 1231
1406 1231
1406 1233
1454 1233
1454 1221
1453 1221
1453 1206
1468 1206
1468 1248
1519 1248
1519 1252
1553 1252
1553 1266
1707 1266
1707 1267
1536 1267
1536 1268
1762 1268
1762 1273
1556 1273
1556 1271
1277 1271
1277 1269
1136 1269
1136 1284
1153 1284
1153 1275
1368 1275
1368 1285
1184 1285
1184 1291
1520 1291
1520 1282
1511 1282
1511 1281
1627 1281
1627 1279
1460 1279
1460 1290
1448 1290
1448 1277
1549 1277
1549 1276
1715 1276
1715 1280
1863 1280
1863 1283
1873 1283
1873 1297
1862 1297
1862 1396
1826 1396
1826 1415
1832 1415
1832 1438
1825 1438
1825 1445
1841 1445
1841 1444
1973 1444
1973 1451
1948 1451
1948 1453
1976 1453
1976 1454
2023 1454
2023 1430
2017 1430
2017 1429
2006 1429
2006 1428
2070 1428
2070 1427
2181 1427
2181 1432
2099 1432
2099 1439
2187 1439
2187 1441
2382 1441
2382 1486
2381 1486
2381 1442
2359 1442
2359 1446
2376 1446
2376 1455
1821 1455
1821 1463
2157 1463
2157 1462
1885 1462
1885 1460
1858 1460
1858 1459
1901 1459
1901 1461
2032 1461
2032 1457
2380 1457
2380 1507
2375 1507
2375 1690
2374 1690
2374 1688
2369 1688
2369 1692
2387 1692
2387 1637
2386 1637
2386 1594
2378 1594
2378 1517
2388 1517
2388 1740
2385 1740
2385 1750
2353 1750
2353 1715
2348 1715
2348 1712
2321 1712
2321 1698
2354 1698
2354 1655
2339 1655
2339 1673
2287 1673
2287 1654
2342 1654
2342 1649
2292 1649
2292 1608
2320 1608
2320 1605
2280 1605
2280 1658
2284 1658
2284 1667
2275 1667
2275 1638
2271 1638
2271 1569
2269 1569
2269 1623
2257 1623
2257 1635
2268 1635
2268 1650
2258 1650
2258 1679
2265 1679
2265 1682
2277 1682
2277 1680
2345 1680
2345 1695
2325 1695
2325 1693
2311 1693
2311 1725
2303 1725
2303 1759
2306 1759
2306 1763
2358 1763
2358 1781
2343 1781
2343 1821
2312 1821
2312 1835
2289 1835
2289 1839
2328 1839
2328 1833
2344 1833
2344 1861
2305 1861
2305 1879
2364 1879
2364 1780
2368 1780
2368 1761
2391 1761
2391 1791
2383 1791
2383 1893
2330 1893
2330 1919
2373 1919
2373 1915
2363 1915
2363 1914
2338 1914
2338 1908
2357 1908
2357 1902
2384 1902
2384 1813
2389 1813
2389 1887
2393 1887
2393 1736
2395 1736
2395 1732
2405 1732
2405 1705
2409 1705
2409 1647
2411 1647
2411 1686
2421 1686
2421 1779
2419 1779
2419 1816
2417 1816
2417 1882
2428 1882
2428 1896
2427 1896
2427 1930
2410 1930
2410 1931
2177 1931
2177 1971
2178 1971
2178 1975
2189 1975
2189 1979
2173 1979
2173 2004
2158 2004
2158 1991
2066 1991
2066 1961
2062 1961
2062 1926
2048 1926
2048 1912
2013 1912
2013 1904
2063 1904
2063 1903
2018 1903
2018 1820
2005 1820
2005 1831
1997 1831
1997 1885
1958 1885
1958 1897
1998 1897
1998 1916
2039 1916
2039 1925
2035 1925
2035 1935
2019 1935
2019 1943
1888 1943
1888 1955
1875 1955
1875 1981
1900 1981
1900 2032
1902 2032
1902 2039
1908 2039
1908 2047
1917 2047
1917 2042
1927 2042
1927 2016
1947 2016
1947 2027
1953 2027
1953 1986
1971 1986
1971 1977
1914 1977
1914 1972
2014 1972
2014 2106
2007 2106
2007 2095
1932 2095
1932 2082
1911 2082
1911 2075
1895 2075
1895 2079
1793 2079
1793 2071
1789 2071
1789 2031
1788 2031
1788 1918
1786 1918
1786 1921
1782 1921
1782 1867
1741 1867
1741 1848
1736 1848
1736 1857
1724 1857
1724 1852
1669 1852
1669 1845
1596 1845
1596 1808
1598 1808
1598 1822
1651 1822
1651 1809
1687 1809
1687 1802
1626 1802
1626 1785
1570 1785
1570 1834
1575 1834
1575 1865
1590 1865
1590 1878
1618 1878
1618 1889
1622 1889
1622 1920
1717 1920
1717 1917
1634 1917
1634 1858
1654 1858
1654 1859
1650 1859
1650 1868
1653 1868
1653 1866
1658 1866
1658 1888
1679 1888
1679 1891
1682 1891
1682 1874
1740 1874
1740 1898
1764 1898
1764 1883
1771 1883
1771 1924
1765 1924
1765 1951
1748 1951
1748 1953
1769 1953
1769 2036
1761 2036
1761 2048
1594 2048
1594 2043
1583 2043
1583 2051
1773 2051
1773 1984
1772 1984
1772 1942
1777 1942
1777 2061
1623 2061
1623 2058
1486 2058
1486 2056
1461 2056
1461 2059
1480 2059
1480 2060
1292 2060
1292 2062
1647 2062
1647 2064
1187 2064
1187 2030
1206 2030
1206 1982
1207 1982
1207 1997
1217 1997
1217 1910
1220 1910
1220 2009
1283 2009
1283 2015
1362 2015
1362 2021
1353 2021
1353 2034
1319 2034
1319 2033
1285 2033
1285 2041
1390 2041
1390 2028
1393 2028
1393 2013
1465 2013
1465 2020
1535 2020
1535 2040
1559 2040
1559 2029
1566 2029
1566 2018
1503 2018
1503 2012
1347 2012
1347 1980
1400 1980
1400 1973
1546 1973
1546 1966
1387 1966
1387 1832
1389 1832
1389 1756
1343 1756
1343 1753
1339 1753
1339 1727
1404 1727
1404 1783
1409 1783
1409 1718
1443 1718
1443 1799
1463 1799
1463 1827
1457 1827
1457 1851
1456 1851
1456 1892
1531 1892
1531 1900
1532 1900
1532 1890
1517 1890
1517 1877
1476 1877
1476 1850
1474 1850
1474 1875
1464 1875
1464 1758
1447 1758
1447 1713
1329 1713
1329 1711
1330 1711
1330 1584
1365 1584
1365 1558
1367 1558
1367 1566
1386 1566
1386 1576
1410 1576
1410 1599
1398 1599
1398 1624
1373 1624
1373 1613
1397 1613
1397 1602
1359 1602
1359 1607
1360 1607
1360 1610
1340 1610
1340 1628
1432 1628
1432 1587
1427 1587
1427 1580
1431 1580
1431 1574
1442 1574
1442 1642
1444 1642
1444 1573
1466 1573
1466 1591
1506 1591
1506 1609
1514 1609
1514 1592
1518 1592
1518 1612
1521 1612
1521 1567
1416 1567
1416 1560
1388 1560
1388 1555
1395 1555
1395 1539
1436 1539
1436 1553
1502 1553
1502 1538
1349 1538
1349 1542
1328 1542
1328 1590
1324 1590
1324 1702
1325 1702
1325 1717
1333 1717
1333 1757
1382 1757
1382 1766
1326 1766
1326 1796
1297 1796
1297 1800
1295 1800
1295 1795
1316 1795
1316 1762
1289 1762
1289 1814
1282 1814
1282 1789
1284 1789
1284 1768
1253 1768
1253 1777
1242 1777
1242 1668
1240 1668
1240 1661
1197 1661
1197 1677
1142 1677
1142 1684
1171 1684
1171 1678
1214 1678
1214 1704
1221 1704
1221 1714
1232 1714
1232 1683
1235 1683
1235 1744
1233 1744
1233 1810
1256 1810
1256 1843
1301 1843
1301 1840
1304 1840
1304 1823
1351 1823
1351 1801
1354 1801
1354 1790
1334 1790
1334 1770
1371 1770
1371 1788
1377 1788
1377 1855
1381 1855
1381 1862
1363 1862
1363 1854
1245 1854
1245 1860
1274 1860
1274 1872
1366 1872
1366 1884
1384 1884
1384 1905
1385 1905
1385 1974
1336 1974
1336 1965
1361 1965
1361 1928
1331 1928
1331 1906
1314 1906
1314 1952
1311 1952
1311 1927
1302 1927
1302 1936
1288 1936
1288 1976
1306 1976
1306 2006
1281 2006
1281 1958
1257 1958
1257 1959
1258 1959
1258 1962
1263 1962
1263 1987
1225 1987
1225 1985
1230 1985
1230 1909
1216 1909
1216 1940
1212 1940
1212 1969
1195 1969
1195 2024
1182 2024
1182 2023
1177 2023
1177 1978
1174 1978
1174 2065
1165 2065
1165 2084
1172 2084
1172 2097
1173 2097
1173 2110
1158 2110
1158 2104
1154 2104
1154 2186
1143 2186
1143 2225
1175 2225
1175 2228
1200 2228
1200 2218
1194 2218
1194 2117
1188 2117
1188 2141
1192 2141
1192 2219
1144 2219
1144 2206
1159 2206
1159 2114
1202 2114
1202 2100
1204 2100
1204 2067
1774 2067
1774 2083
1921 2083
1921 2102
1865 2102
1865 2107
2044 2107
2044 2090
2043 2090
2043 2099
2016 2099
2016 1998
2025 1998
2025 1999
2022 1999
2022 2057
2026 2057
2026 2089
2029 2089
2029 2011
2030 2011
2030 1968
1954 1968
1954 1960
2001 1960
2001 1947
2021 1947
2021 1939
2037 1939
2037 1948
2051 1948
2051 1963
2042 1963
2042 1995
2112 1995
2112 2008
2193 2008
2193 2014
2127 2014
2127 2037
2120 2037
2120 2091
2093 2091
2093 2080
2111 2080
2111 2074
2092 2074
2092 2052
2077 2052
2077 2113
2097 2113
2097 2094
2107 2094
2107 2126
1806 2126
1806 2124
1796 2124
1796 2156
1814 2156
1814 2157
1839 2157
1839 2153
1956 2153
1956 2159
1882 2159
1882 2160
1776 2160
1776 2170
1737 2170
1737 2158
1697 2158
1697 2176
1695 2176
1695 2144
1712 2144
1712 2135
1675 2135
1675 2143
1631 2143
1631 2145
1629 2145
1629 2168
1591 2168
1591 2173
1243 2173
1243 2180
1251 2180
1251 2191
1261 2191
1261 2184
1313 2184
1313 2203
1327 2203
1327 2200
1408 2200
1408 2197
1439 2197
1439 2201
1378 2201
1378 2208
1307 2208
1307 2209
1239 2209
1239 2220
1218 2220
1218 2314
1223 2314
1223 2283
1229 2283
1229 2278
1224 2278
1224 2247
1338 2247
1338 2244
1580 2244
1580 2257
1579 2257
1579 2261
1412 2261
1412 2304
1421 2304
1421 2305
1374 2305
1374 2269
1411 2269
1411 2263
1370 2263
1370 2316
1332 2316
1332 2318
1345 2318
1345 2319
1312 2319
1312 2320
1369 2320
1369 2324
1227 2324
1227 2325
1247 2325
1247 2328
1291 2328
1291 2331
1417 2331
1417 2321
1437 2321
1437 2308
1513 2308
1513 2317
1530 2317
1530 2294
1494 2294
1494 2290
1418 2290
1418 2262
1426 2262
1426 2270
1845 2270
1845 2273
1702 2273
1702 2279
1780 2279
1780 2285
1657 2285
1657 2284
1534 2284
1534 2287
1791 2287
1791 2274
1935 2274
1935 2292
2028 2292
2028 2295
2020 2295
2020 2301
1874 2301
1874 2298
1880 2298
1880 2289
1739 2289
1739 2296
1572 2296
1572 2345
1699 2345
1699 2348
1635 2348
1635 2349
1704 2349
1704 2344
1599 2344
1599 2338
1574 2338
1574 2303
2096 2303
2096 2293
2165 2293
2165 2350
2131 2350
2131 2353
2169 2353
2169 2336
2170 2336
2170 2315
2167 2315
2167 2245
2166 2245
2166 2286
2083 2286
2083 2281
2082 2281
2082 2291
2065 2291
2065 2280
2036 2280
2036 2277
1990 2277
1990 2259
2004 2259
2004 2276
2081 2276
2081 2221
2079 2221
2079 2275
2012 2275
2012 2258
1987 2258
1987 2272
1979 2272
1979 2233
1949 2233
1949 2234
1938 2234
1938 2232
1898 2232
1898 2252
1905 2252
1905 2251
1950 2251
1950 2256
1907 2256
1907 2266
1937 2266
1937 2268
1732 2268
1732 2267
1538 2267
1538 2265
1655 2265
1655 2260
1638 2260
1638 2255
1770 2255
1770 2229
1803 2229
1803 2226
1768 2226
1768 2249
1616 2249
1616 2250
1609 2250
1609 2241
1567 2241
1567 2243
1540 2243
1540 2236
1452 2236
1452 2239
1429 2239
1429 2242
1299 2242
1299 2246
1236 2246
1236 2224
1264 2224
1264 2222
1259 2222
1259 2210
1380 2210
1380 2211
1507 2211
1507 2204
1496 2204
1496 2192
1483 2192
1483 2190
1415 2190
1415 2181
1293 2181
1293 2174
1422 2174
1422 2175
1666 2175
1666 2149
1674 2149
1674 2178
1963 2178
1963 2179
1974 2179
1974 2177
1753 2177
1753 2171
1784 2171
1784 2169
1787 2169
1787 2162
1982 2162
1982 2150
1952 2150
1952 2151
1824 2151
1824 2142
1910 2142
1910 2140
1890 2140
1890 2137
1810 2137
1810 2136
1800 2136
1800 2130
1835 2130
1835 2127
2098 2127
2098 2129
2100 2129
2100 2134
2148 2134
2148 2128
2119 2128
2119 2118
2145 2118
2145 2111
2153 2111
2153 2081
2161 2081
2161 2073
2151 2073
2151 2093
2152 2093
2152 2109
2140 2109
2140 2105
2124 2105
2124 2038
2141 2038
2141 2022
2205 2022
2205 2049
2192 2049
2192 2050
2226 2050
2226 2166
2218 2166
2218 2161
2224 2161
2224 2133
2216 2133
2216 2139
2198 2139
2198 2223
2200 2223
2200 2334
2210 2334
2210 2351
2242 2351
2242 2366
2367 2366
2367 2371
2245 2371
2245 2373
2298 2373
2298 2372
2370 2372
2370 2365
2251 2365
2251 2361
2307 2361
2307 2360
2469 2360
2469 2364
2480 2364
2480 2369
2484 2369
2484 2411
2482 2411
2482 2442
2478 2442
2478 2438
2476 2438
2476 2465
2366 2465
2366 2462
2447 2462
2447 2457
2429 2457
2429 2458
2267 2458
2267 2444
2326 2444
2326 2451
2443 2451
2443 2431
2424 2431
2424 2425
2452 2425
2452 2417
2190 2417
2190 2409
2168 2409
2168 2382
1728 2382
1728 2381
1904 2381
1904 2380
1785 2380
1785 2379
1729 2379
1729 2378
1441 2378
1441 2394
1086 2394
1086 2463
1079 2463
1079 2426
1076 2426
1076 2419
1062 2419
1062 2448
1054 2448
1054 2491
1047 2491
1047 2471
1043 2471
1043 2497
1050 2497
1050 2498
1034 2498
1034 2499
1089 2499
1089 2482
1073 2482
1073 2478
1166 2478
1166 2487
1315 2487
1315 2490
1226 2490
1226 2492
1630 2492
1630 2493
1607 2493
1607 2494
1636 2494
1636 2496
1643 2496
1643 2495
1649 2495
1649 2489
1430 2489
1430 2488
1396 2488
1396 2483
1722 2483
1722 2481
1394 2481
1394 2484
1231 2484
1231 2479
1246 2479
1246 2477
1106 2477
1106 2473
1092 2473
1092 2474
1061 2474
1061 2472
1082 2472
1082 2470
1088 2470
1088 2410
1087 2410
1087 2397
1357 2397
1357 2401
1160 2401
1160 2403
1403 2403
1403 2402
1537 2402
1537 2400
1407 2400
1407 2398
1392 2398
1392 2396
1504 2396
1504 2395
1524 2395
1524 2392
1555 2392
1555 2385
1624 2385
1624 2388
1646 2388
1646 2391
1760 2391
1760 2390
1663 2390
1663 2389
1823 2389
1823 2386
1766 2386
1766 2383
2009 2383
2009 2384
2159 2384
2159 2418
2438 2418
2438 2420
2355 2420
2355 2427
2255 2427
2255 2432
2225 2432
2225 2439
2206 2439
2206 2445
2196 2445
2196 2440
2000 2440
2000 2435
2072 2435
2072 2429
2095 2429
2095 2428
1995 2428
1995 2443
1859 2443
1859 2449
2031 2449
2031 2447
2059 2447
2059 2454
2076 2454
2076 2452
2201 2452
2201 2460
2240 2460
2240 2433
2262 2433
2262 2437
2310 2437
2310 2436
2372 2436
2372 2422
2425 2422
2425 2424
2422 2424
2422 2441
2254 2441
2254 2480
2204 2480
2204 2485
2174 2485
2174 2476
2113 2476
2113 2486
2341 2486
2341 2475
2274 2475
2274 2468
2489 2468
2489 2467
2294 2467
2294 2464
2315 2464
2315 2466
2490 2466
2490 2446
2499 2446
2499 2415
2500 2415
2500 2412
2487 2412
2487 2413
2488 2413
2488 2455
2486 2455
2486 2347
2458 2347
2458 2216
2468 2216
2468 2202
2471 2202
2471 2235
2472 2235
2472 2154
2470 2154
2470 2120
2474 2120
2474 2116
2473 2116
2473 2115
2467 2115
2467 2165
2462 2165
2462 2198
2457 2198
2457 2254
2456 2254
2456 2352
2437 2352
2437 2343
2444 2343
2444 2337
2436 2337
2436 2333
2426 2333
2426 2313
2414 2313
2414 2339
2415 2339
2415 2356
2459 2356
2459 2359
2442 2359
2442 2357
2243 2357
2243 2288
2235 2288
2235 2346
2228 2346
2228 2341
2211 2341
2211 2230
2208 2230
2208 2182
2222 2182
2222 2213
2230 2213
2230 2155
2231 2155
2231 2063
2227 2063
2227 2045
2219 2045
2219 2019
2209 2019
2209 2001
2213 2001
2213 1994
2212 1994
2212 1964
2207 1964
2207 1954
2185 1954
2185 1933
2435 1933
2435 1901
2440 1901
2440 1829
2434 1829
2434 1824
2433 1824
2433 1752
2432 1752
2432 1710
2453 1710
2453 1721
2445 1721
2445 1828
2449 1828
2449 1836
2451 1836
2451 1922
2454 1922
2454 1798
2455 1798
2455 1687
2450 1687
2450 1696
2423 1696
2423 1674
2413 1674
2413 1646
2399 1646
2399 1630
2398 1630
2398 1577
2403 1577
2403 1479
2394 1479
2394 1671
2400 1671
2400 1716
2396 1716
2396 1685
2392 1685
2392 1447
2407 1447
2407 1440
2194 1440
2194 1426
2132 1426
2132 1419
2067 1419
2067 1414
2050 1414
2050 1417
2034 1417
2034 1418
1999 1418
1999 1416
1994 1416
1994 1434
2010 1434
2010 1436
1837 1436
1837 1408
1869 1408
1869 1337
1897 1337
1897 1349
1969 1349
1969 1338
2015 1338
2015 1348
2073 1348
2073 1328
2053 1328
2053 1321
1985 1321
1985 1306
1955 1306
1955 1317
1942 1317
1942 1332
1870 1332
1870 1331
1876 1331
1876 1278
1860 1278
1860 1274
1899 1274
1899 1261
1714 1261
1714 1263
1798 1263
1798 1262
1807 1262
1807 1264
1710 1264
1710 1260
1573 1260
1573 1265
1562 1265
1562 1240
1512 1240
1512 1205
1450 1205
1450 1193
1446 1193
1446 1182
1510 1182
1510 1179
1508 1179
1508 1178
1551 1178
1551 1166
1662 1166
1662 1160
1578 1160
1578 1162
1563 1162
1563 1163
1479 1163
1479 1171
1455 1171
1455 1164
1420 1164
1420 1180
1435 1180
1435 1211
1445 1211
1445 1225
1148 1225
1148 1226
1084 1226
1084 1202
1099 1202
1099 1156
1185 1156
1185 1153
1196 1153
1196 1152
1102 1152
1102 1141
1114 1141
1114 1148
1189 1148
1189 1147
1272 1147
1272 1136
1134 1136
1134 1132
1300 1132
1300 1135
1298 1135
1298 1138
1280 1138
1280 1143
1375 1143
1375 1134
1526 1134
1526 1133
1568 1133
1568 1118
1501 1118
1501 1117
1481 1117
1481 1114
1364 1114
1364 1116
1161 1116
1161 1121
1119 1121
1119 1125
1179 1125
1179 1126
1383 1126
1383 1119
1489 1119
1489 1127
1529 1127
1529 1130
1190 1130
1190 1129
1104 1129
1104 1139
1107 1139
1107 1140
1094 1140
1094 1172
1067 1172
1067 1229
1070 1229
1070 1230
1127 1230
1127 1227
1262 1227
1262 1239
1057 1239
1057 1237
970 1237
970 1176
979 1176
979 1170
975 1170
975 1161
977 1161
977 1107
943 1107
943 1234
914 1234
914 1188
912 1188
912 1212
911 1212
911 1245
938 1245
938 1236
946 1236
946 1309
945 1309
945 1383
949 1383
949 1173
956 1173
956 1480
935 1480
935 1410
930 1410
930 1386
928 1386
928 1314
915 1314
915 1319
906 1319
906 1251
903 1251
903 1318
900 1318
900 1209
875 1209
875 1204
879 1204
879 1175
874 1175
874 1250
880 1250
880 1249
876 1249
876 1243
891 1243
891 1365
887 1365
887 1374
902 1374
902 1341
905 1341
905 1399
894 1399
894 1406
873 1406
873 1105
842 1105
842 1111
841 1111
841 1109
834 1109
834 1112
870 1112
870 1292
866 1292
866 1401
861 1401
861 1411
855 1411
855 1299
854 1299
854 1409
850 1409
850 1346
852 1346
852 1336
848 1336
848 1476
856 1476
856 1497
857 1497
857 1506
747 1506
747 1595
745 1595
745 1564
731 1564
731 1511
730 1511
730 1487
811 1487
811 1491
839 1491
839 1490
821 1490
821 1483
810 1483
810 1477
814 1477
814 1475
815 1475
815 1469
832 1469
832 1468
802 1468
802 1467
800 1467
800 1424
740 1424
740 1443
744 1443
744 1449
772 1449
772 1448
792 1448
792 1472
799 1472
799 1478
771 1478
771 1482
723 1482
723 1488
710 1488
710 1300
719 1300
719 1298
713 1298
713 1289
707 1289
707 1213
698 1213
698 1197
699 1197
699 1186
689 1186
689 1184
601 1184
601 1194
593 1194
593 1195
568 1195
568 1144
553 1144
553 1137
546 1137
546 1120
542 1120
542 1146
544 1146
544 1168
554 1168
554 1199
631 1199
631 1191
661 1191
661 1192
697 1192
697 1220
685 1220
685 1224
610 1224
610 1242
692 1242
692 1247
648 1247
648 1254
507 1254
507 1216
508 1216
508 1101
487 1101
487 1110
500 1110
500 1201
499 1201
499 1235
494 1235
494 1214
411 1214
411 1210
404 1210
404 1102
399 1102
399 1122
391 1122
391 1149
381 1149
381 1154
378 1154
378 1189
371 1189
371 1181
356 1181
356 1104
349 1104
349 1183
338 1183
338 1196
403 1196
403 1207
326 1207
326 1203
301 1203
301 1208
305 1208
305 1217
369 1217
369 1215
410 1215
410 1218
482 1218
482 1222
480 1222
480 1232
465 1232
465 1246
479 1246
479 1258
694 1258
694 1288
681 1288
681 1368
683 1368
683 1382
460 1382
460 1381
478 1381
478 1380
469 1380
469 1372
415 1372
415 1370
375 1370
375 1375
277 1375
277 1376
397 1376
397 1385
518 1385
518 1390
609 1390
609 1392
556 1392
556 1394
472 1394
472 1403
261 1403
261 1404
486 1404
486 1400
532 1400
532 1398
632 1398
632 1387
677 1387
677 1395
676 1395
676 1397
686 1397
686 1301
706 1301
706 1494
690 1494
690 1521
693 1521
693 1565
704 1565
704 1581
712 1581
712 1620
652 1620
652 1619
607 1619
607 1622
622 1622
622 1648
702 1648
702 1641
673 1641
673 1636
711 1636
711 1662
540 1662
540 1694
529 1694
529 1596
437 1596
437 1598
336 1598
336 1586
368 1586
368 1578
367 1578
367 1582
337 1582
337 1550
332 1550
332 1545
466 1545
466 1548
427 1548
427 1549
467 1549
467 1554
474 1554
474 1544
317 1544
317 1541
515 1541
515 1526
390 1526
390 1510
454 1510
454 1503
533 1503
533 1498
552 1498
552 1501
560 1501
560 1531
547 1531
547 1579
550 1579
550 1535
564 1535
564 1572
565 1572
565 1588
567 1588
567 1589
570 1589
570 1571
582 1571
582 1616
596 1616
596 1597
594 1597
594 1575
597 1575
597 1508
590 1508
590 1561
574 1561
574 1533
569 1533
569 1504
598 1504
598 1540
602 1540
602 1495
606 1495
606 1614
614 1614
614 1604
611 1604
611 1493
468 1493
468 1489
464 1489
464 1500
361 1500
361 1502
377 1502
377 1527
333 1527
333 1518
294 1518
294 1516
244 1516
244 1522
330 1522
330 1529
269 1529
269 1532
498 1532
498 1534
315 1534
315 1611
341 1611
341 1617
348 1617
348 1600
524 1600
524 1653
521 1653
521 1625
513 1625
513 1640
517 1640
517 1699
433 1699
433 1706
335 1706
335 1707
222 1707
222 1703
194 1703
194 1691
183 1691
183 1663
176 1663
176 1645
132 1645
132 1644
135 1644
135 1626
130 1626
130 1675
128 1675
128 1562
136 1562
136 1601
163 1601
163 1546
139 1546
139 1530
156 1530
156 1524
185 1524
185 1466
192 1466
192 1464
177 1464
177 1458
173 1458
173 1452
169 1452
169 1353
166 1353
166 1329
116 1329
116 1228
114 1228
114 1177
127 1177
127 1259
131 1259
131 1145
119 1145
119 1131
92 1131
92 1123
146 1123
146 1100
172 1100
172 1169
179 1169
179 1106
195 1106
195 1155
203 1155
203 1157
211 1157
211 1151
199 1151
199 1142
197 1142
197 1099
150 1099
150 1083
126 1083
126 1088
60 1088
60 1090
23 1090
23 1095
3 1095
3 755
274 755
274 756
4 756
4 987
14 987
14 903
11 903
11 897
12 897
12 890
5 890
5 793
13 793
13 818
6 818
6 820
17 820
17 784
84 784
84 785
106 785
106 780
65 780
65 779
22 779
22 766
225 766
225 767
85 767
85 774
98 774
98 776
191 776
191 773
206 773
206 772
220 772
220 778
229 778
229 788
251 788
251 761
288 761
288 806
320 806
320 826
308 826
308 875
311 875
311 904
313 904
313 971
327 971
327 984
328 984
328 843
321 843
321 962
316 962
316 829
355 829
355 799
351 799
351 768
350 768
350 792
304 792
304 770
334 770
334 763
318 763
318 758
88 758
88 760
10 760
10 791
8 791
8 757
295 757
295 754
416 754
416 751
373 751
373 748
425 748
425 738
430 738
430 730
445 730
445 733
503 733
503 858
506 858
506 958
505 958
505 1023
502 1023
502 814
501 814
501 902
496 902
496 886
493 886
493 970
488 970
488 866
492 866
492 816
491 816
491 862
473 862
473 992
237 992
237 995
374 995
374 1018
389 1018
389 1026
383 1026
383 1033
438 1033
438 1030
423 1030
423 1011
406 1011
406 994
331 994
331 993
483 993
483 989
495 989
495 1080
489 1080
489 1063
475 1063
475 1065
325 1065
325 1062
307 1062
307 1036
360 1036
360 1014
353 1014
353 1013
293 1013
293 1041
306 1041
306 1057
299 1057
299 1067
324 1067
324 1066
485 1066
485 1069
419 1069
419 1071
432 1071
432 1073
484 1073
484 1086
551 1086
551 1087
481 1087
481 1089
519 1089
519 1091
435 1091
435 1078
287 1078
287 1074
283 1074
283 1076
262 1076
262 1085
329 1085
329 1081
431 1081
431 1092
580 1092
580 1055
581 1055
581 938
612 938
612 974
617 974
617 981
621 981
621 983
647 983
647 944
838 944
838 951
976 951
976 980
1006 980
1006 979
983 979
983 945
878 945
878 943
846 943
846 942
770 942
770 939
634 939
634 932
1041 932
1041 969
1065 969
1065 955
1063 955
1063 924
1013 924
1013 930
864 930
864 918
1052 918
1052 899
1085 899
1085 954
1090 954
1090 928
1101 928
1101 922
1098 922
1098 893
1045 893
1045 884
1151 884
1151 934
1103 934
1103 952
1149 952
1149 953
1150 953
1150 965
1133 965
1133 973
1135 973
1135 977
1138 977
1138 967
1350 967
1350 912
1372 912
1372 919
1485 919
1485 911
1586 911
1586 916
1656 916
1656 894
1698 894
1698 914
1696 914
1696 925
1720 925
1720 936
1690 936
1690 933
1642 933
1642 946
1604 946
1604 949
1615 949
1615 950
1640 950
1640 959
1376 959
1376 968
1645 968
1645 961
1620 961
1620 960
1678 960
1678 972
1719 972
1719 975
1723 975
1723 909
1738 909
1738 966
1749 966
1749 948
1752 948
1752 941
1751 941
1751 889
1754 889
1754 844
1790 844
1790 838
1816 838
1816 830
1588 830
1588 821
1584 821
1584 817
1593 817
1593 765
1589 765
1589 701
1603 701
1603 705
1847 705
1847 697
1867 697
1867 710
1757 710
1757 711
1716 711
1716 707
1672 707
1672 741
1659 741
1659 749
1686 749
1686 746
1694 746
1694 732
1691 732
1691 727
1726 727
1726 737
1755 737
1755 743
1799 743
1799 750
1802 750
1802 728
1834 728
1834 734
1849 734
1849 769
1801 769
1801 771
1795 771
1795 783
1920 783
1920 794
1912 794
1912 812
1928 812
1928 839
1866 839
1866 861
1872 861
1872 859
1989 859
1989 900
1970 900
1970 901
1892 901
1892 926
1903 926
1903 906
1959 906
1959 982
1951 982
1951 976
1939 976
1939 978
1924 978
1924 996
1215 996
1215 997
1072 997
1072 1001
1169 1001
1169 1012
1199 1012
1199 1010
1244 1010
1244 1015
1049 1015
1049 1017
1208 1017
1208 1022
1115 1022
1115 1027
1066 1027
1066 1024
1033 1024
1033 1029
1205 1029
1205 1044
1058 1044
1058 1043
1004 1043
1004 1045
871 1045
871 1049
1100 1049
1100 1047
1083 1047
1083 1046
1122 1046
1122 1054
1528 1054
1528 1072
1542 1072
1542 1064
1557 1064
1557 1060
1606 1060
1606 1061
1667 1061
1667 1051
1522 1051
1522 1053
1317 1053
1317 1052
1305 1052
1305 1050
1209 1050
1209 1021
1265 1021
1265 1028
1308 1028
1308 1020
1310 1020
1310 1034
1478 1034
1478 1040
1491 1040
1491 1032
1498 1032
1498 1031
1424 1031
1424 1019
1434 1019
1434 1016
1320 1016
1320 1009
1493 1009
1493 1005
1337 1005
1337 1004
1569 1004
1569 1003
1276 1003
1276 1007
1191 1007
1191 998
1883 998
1883 999
1891 999
1891 1000
1848 1000
1848 1048
1846 1048
1846 1042
1828 1042
1828 1056
1830 1056
1830 1070
1831 1070
1831 1079
1833 1079
1833 1075
1852 1075
1852 1059
1850 1059
1850 1025
1857 1025
1857 1037
1877 1037
1877 1035
1925 1035
1925 986
1960 986
1960 988
2142 988
2142 1077
2138 1077
2138 1002
2136 1002
2136 1038
2122 1038
2122 1058
2130 1058
2130 1094
2134 1094
2134 1096
2149 1096
2149 1093
2155 1093
2155 1006
2147 1006
2147 991
2146 991
2146 990
2180 990
2180 985
1967 985
1967 937
1986 937
1986 929
2003 929
2003 848
1981 848
1981 845
1941 845
1941 815
1930 815
1930 789
1975 789
1975 800
1964 800
1964 813
1966 813
1966 811
2008 811
2008 807
2038 807
2038 795
2047 795
2047 802
2080 802
2080 764
2058 764
2058 790
1992 790
1992 786
1991 786
1991 798
1988 798
1988 781
1943 781
1943 777
1812 777
1812 775
1854 775
1854 739
1984 739
1984 736
2049 736
2049 742
2054 742
2054 740
2102 740
2102 726
2064 726
2064 722
1819 722
1819 721
1808 721
1808 725
1692 725
1692 719
1744 719
1744 716
1843 716
1843 715
1735 715
1735 712
1946 712
1946 717
1977 717
1977 714
2078 714
2078 708
2071 708
2071 700
1980 700
1980 693
2091 693
2091 691
2041 691
2041 687
2129 687
2129 681
2101 681
2101 670
2137 670
2137 669
2283 669
2283 660
2286 660
2286 561
2281 561
2281 552
2282 552
2282 500
2285 500
2285 521
2290 521
2290 515
2293 515
2293 564
2297 564
2297 405
2295 405
2295 378
2090 378
2090 372
2162 372
2162 364
1804 364
1804 458
1805 458
1805 400
1809 400
1809 483
1811 483
1811 504
1797 504
1797 487
1730 487
1730 493
1731 493
1731 503
1745 503
1745 499
1733 499
1733 496
1775 496
1775 516
1648 516
1648 514
1644 514
1644 543
1585 543
1585 537
1625 537
1625 511
1613 511
1613 519
1600 519
1600 509
1612 509
1612 491
1617 491
1617 482
1619 482
1619 465
1597 465
1597 463
1571 463
1571 531
1550 531
1550 476
1497 476
1497 468
1565 468
1565 447
1587 447
1587 440
1592 440
1592 431
1462 431
1462 427
1254 427
1254 438
1554 438
1554 451
1527 451
1527 453
1449 453
1449 477
1488 477
1488 505
1500 505
1500 502
1499 502
1499 485
1541 485
1541 544
1681 544
1681 541
1817 541
1817 539
1683 539
1683 535
1677 535
1677 530
1668 530
1668 528
1673 528
1673 517
1844 517
1844 492
1822 492
1822 467
1965 467
1965 466
1827 466
1827 461
2094 461
2094 459
1813 459
1813 417
1864 417
1864 367
2027 367
2027 368
1919 368
1919 374
1887 374
1887 385
1896 385
1896 393
1944 393
1944 399
1962 399
1962 408
1993 408
1993 383
1968 383
1968 377
1978 377
1978 369
2052 369
2052 380
2241 380
2241 398
2250 398
2250 403
2273 403
2273 501
2276 501
2276 593
2278 593
2278 565
2279 565
2279 663
2089 663
2089 682
1940 682
1940 709
1886 709
1886 692
1818 692
1818 702
1763 702
1763 695
1581 695
1581 759
1576 759
1576 782
1577 782
1577 832
1621 832
1621 833
1746 833
1746 857
1742 857
1742 892
1614 892
1614 895
1602 895
1602 907
1342 907
1342 920
1341 920
1341 963
1228 963
1228 964
1186 964
1186 957
1155 957
1155 956
1318 956
1318 947
1266 947
1266 940
1168 940
1168 927
1178 927
1178 923
1219 923
1219 915
1152 915
1152 883
882 883
882 887
865 887
865 888
1026 888
1026 910
1038 910
1038 917
809 917
809 921
