74
1 834
1 1097
55 1097
55 1098
118 1098
118 1103
89 1103
89 1113
80 1113
80 1115
82 1115
82 1124
79 1124
79 1128
78 1128
78 1159
81 1159
81 1158
115 1158
115 1150
117 1150
117 1165
28 1165
28 1200
32 1200
32 1223
16 1223
16 1219
7 1219
7 1325
19 1325
19 1257
9 1257
9 1241
44 1241
44 1253
39 1253
39 1256
25 1256
25 1270
21 1270
21 1330
26 1330
26 1377
15 1377
15 1435
29 1435
29 1405
27 1405
27 1304
31 1304
31 1296
34 1296
34 1295
42 1295
42 1255
49 1255
49 1185
33 1185
33 1167
131 1167
131 1145
119 1145
119 1131
92 1131
92 1123
146 1123
146 1100
197 1100
197 1099
150 1099
150 1095
3 1095
3 834
