1134
1 834
1 1097
55 1097
55 1098
118 1098
118 1103
89 1103
89 1113
80 1113
80 1115
82 1115
82 1124
79 1124
79 1128
78 1128
78 1159
81 1159
81 1158
115 1158
115 1150
117 1150
117 1165
28 1165
28 1200
32 1200
32 1223
16 1223
16 1219
7 1219
7 1325
19 1325
19 1257
9 1257
9 1241
44 1241
44 1253
39 1253
39 1256
25 1256
25 1270
21 1270
21 1330
26 1330
26 1377
15 1377
15 1456
18 1456
18 1435
24 1435
24 1473
29 1473
29 1405
27 1405
27 1304
31 1304
31 1296
34 1296
34 1295
42 1295
42 1255
47 1255
47 1307
45 1307
45 1313
48 1313
48 1631
41 1631
41 1536
38 1536
38 1656
59 1656
59 1632
54 1632
54 1621
56 1621
56 1450
63 1450
63 1433
57 1433
57 1431
52 1431
52 1570
51 1570
51 1388
66 1388
66 1425
67 1425
67 1391
69 1391
69 1437
72 1437
72 1311
70 1311
70 1347
64 1347
64 1272
61 1272
61 1190
58 1190
58 1343
53 1343
53 1378
50 1378
50 1359
49 1359
49 1185
33 1185
33 1167
71 1167
71 1174
112 1174
112 1187
110 1187
110 1198
113 1198
113 1333
164 1333
164 1393
161 1393
161 1465
180 1465
180 1470
178 1470
178 1492
155 1492
155 1471
152 1471
152 1474
144 1474
144 1481
140 1481
140 1484
121 1484
121 1593
122 1593
122 1651
125 1651
125 1749
204 1749
204 1745
247 1745
247 1739
364 1739
364 1742
343 1742
343 1776
300 1776
300 1760
259 1760
259 1771
280 1771
280 1774
278 1774
278 1778
297 1778
297 1787
292 1787
292 1792
303 1792
303 1784
340 1784
340 1807
490 1807
490 1818
522 1818
522 1815
534 1815
534 1804
548 1804
548 1847
539 1847
539 2026
538 2026
538 2025
537 2025
537 1863
536 1863
536 2010
535 2010
535 2046
561 2046
561 2078
559 2078
559 2096
585 2096
585 2076
573 2076
573 2070
583 2070
583 2055
571 2055
571 2066
562 2066
562 2044
543 2044
543 1932
545 1932
545 1881
558 1881
558 1873
572 1873
572 1944
577 1944
577 1841
563 1841
563 1870
557 1870
557 1876
549 1876
549 1812
566 1812
566 1817
586 1817
586 1946
605 1946
605 1949
608 1949
608 1945
619 1945
619 1941
587 1941
587 1837
588 1837
588 1767
592 1767
592 1842
595 1842
595 1797
615 1797
615 1895
616 1895
616 1853
623 1853
623 1911
639 1911
639 1934
651 1934
651 1913
650 1913
650 1846
646 1846
646 1869
629 1869
629 1907
624 1907
624 1811
653 1811
653 1825
637 1825
637 1826
658 1826
658 1923
667 1923
667 2017
670 2017
670 2069
666 2069
666 2053
626 2053
626 2085
625 2085
625 2101
618 2101
618 2112
630 2112
630 2189
620 2189
620 2421
628 2421
628 2387
627 2387
627 2312
633 2312
633 2253
635 2253
635 2363
636 2363
636 2240
641 2240
641 2237
640 2237
640 2214
642 2214
642 2282
645 2282
645 2077
656 2077
656 2307
657 2307
657 2122
662 2122
662 2309
643 2309
643 2340
649 2340
649 2407
714 2407
714 2459
705 2459
705 2500
717 2500
717 2405
703 2405
703 2404
668 2404
668 2374
688 2374
688 2354
687 2354
687 2148
682 2148
682 2238
680 2238
680 2306
684 2306
684 2310
675 2310
675 2368
659 2368
659 2358
655 2358
655 2355
663 2355
663 2205
664 2205
664 2072
671 2072
671 1880
665 1880
665 1806
660 1806
660 1773
701 1773
701 1794
735 1794
735 1844
732 1844
732 1899
757 1899
757 1988
753 1988
753 2035
778 2035
778 2088
773 2088
773 2152
758 2152
758 2163
734 2163
734 2164
750 2164
750 2194
737 2194
737 2185
724 2185
724 2423
736 2423
736 2469
782 2469
782 2461
775 2461
775 2453
803 2453
803 2450
806 2450
806 2430
812 2430
812 2406
804 2406
804 2399
824 2399
824 2393
795 2393
795 2377
787 2377
787 2414
790 2414
790 2408
801 2408
801 2434
756 2434
756 2456
738 2456
738 2416
725 2416
725 2193
733 2193
733 2195
726 2195
726 2207
789 2207
789 2199
794 2199
794 2187
768 2187
768 2183
781 2183
781 2121
807 2121
807 2123
822 2123
822 2103
785 2103
785 2098
786 2098
786 1996
791 1996
791 2002
818 2002
818 2000
805 2000
805 1989
797 1989
797 1967
769 1967
769 1990
764 1990
764 2007
759 2007
759 1956
760 1956
760 1886
741 1886
741 1803
749 1803
749 1819
751 1819
751 1793
720 1793
720 1765
555 1765
555 1786
504 1786
504 1769
476 1769
476 1772
429 1772
429 1805
347 1805
347 1743
354 1743
354 1755
357 1755
357 1754
386 1754
386 1748
455 1748
455 1747
462 1747
462 1746
516 1746
516 1741
388 1741
388 1738
436 1738
436 1735
405 1735
405 1728
171 1728
171 1729
210 1729
210 1731
148 1731
148 1730
158 1730
158 1723
319 1723
319 1724
691 1724
691 1726
951 1726
951 1734
939 1734
939 1775
966 1775
966 1782
933 1782
933 1764
929 1764
929 2005
925 2005
925 2146
913 2146
913 2119
904 2119
904 2196
901 2196
901 2125
890 2125
890 2131
869 2131
869 2147
883 2147
883 2297
868 2297
868 2248
860 2248
860 2323
863 2323
863 2326
836 2326
836 2342
843 2342
843 2327
881 2327
881 2329
872 2329
872 2335
877 2335
877 2332
916 2332
916 2330
896 2330
896 2322
867 2322
867 2300
893 2300
893 2299
889 2299
889 2264
907 2264
907 2217
920 2217
920 2215
885 2215
885 2167
886 2167
886 2188
888 2188
888 2138
897 2138
897 2132
898 2132
898 2212
922 2212
922 2172
926 2172
926 2108
931 2108
931 1856
934 1856
934 1849
942 1849
942 1871
941 1871
941 1970
958 1970
958 1983
936 1983
936 2054
944 2054
944 2068
940 2068
940 2087
952 2087
952 2092
953 2092
953 1992
954 1992
954 1993
968 1993
968 1957
964 1957
964 1938
963 1938
963 1937
960 1937
960 1929
957 1929
957 1950
950 1950
950 1838
932 1838
932 1830
978 1830
978 1864
989 1864
989 2086
991 2086
991 2231
997 2231
997 2370
992 2370
992 2362
909 2362
909 2367
947 2367
947 2375
959 2375
959 2376
1003 2376
1003 2302
1005 2302
1005 2311
1008 2311
1008 2271
1015 2271
1015 2227
996 2227
996 2003
994 2003
994 1894
995 1894
995 1751
981 1751
981 1737
982 1737
982 1722
217 1722
217 1719
187 1719
187 1720
141 1720
141 1733
129 1733
129 1700
134 1700
134 1659
159 1659
159 1676
181 1676
181 1681
153 1681
153 1697
168 1697
168 1701
160 1701
160 1708
310 1708
310 1709
591 1709
591 1689
584 1689
584 1672
613 1672
613 1664
743 1664
743 1670
828 1670
828 1669
847 1669
847 1660
831 1660
831 1666
813 1666
813 1665
829 1665
829 1657
715 1657
715 1547
695 1547
695 1512
708 1512
708 1354
709 1354
709 1520
718 1520
718 1505
722 1505
722 1496
729 1496
729 1528
727 1528
727 1615
746 1615
746 1652
748 1652
748 1509
761 1509
761 1525
796 1525
796 1551
779 1551
779 1552
763 1552
763 1627
765 1627
765 1643
774 1643
774 1634
788 1634
788 1606
783 1606
783 1585
816 1585
816 1603
826 1603
826 1583
766 1583
766 1568
819 1568
819 1543
827 1543
827 1557
835 1557
835 1639
859 1639
859 1629
851 1629
851 1618
845 1618
845 1633
837 1633
837 1519
817 1519
817 1523
784 1523
784 1515
767 1515
767 1513
840 1513
840 1514
862 1514
862 1499
858 1499
858 1413
908 1413
908 1357
910 1357
910 1320
923 1320
923 1358
927 1358
927 1485
961 1485
961 1108
969 1108
969 1323
985 1323
985 1362
973 1362
973 1379
986 1379
986 1420
1012 1420
1012 1423
1016 1423
1016 1537
988 1537
988 1559
990 1559
990 1556
999 1556
999 1563
1017 1563
1017 1421
1020 1421
1020 1422
1030 1422
1030 1402
1029 1402
1029 1371
1023 1371
1023 1373
1028 1373
1028 1384
1001 1384
1001 1389
1010 1389
1010 1407
1014 1407
1014 1412
993 1412
993 1352
1036 1352
1036 1315
1040 1315
1040 1324
1042 1324
1042 1364
1048 1364
1048 1327
1051 1327
1051 1334
1055 1334
1055 1350
1060 1350
1060 1339
1074 1339
1074 1351
1078 1351
1078 1356
1105 1356
1105 1344
1201 1344
1201 1342
1252 1342
1252 1345
1241 1345
1241 1361
1271 1361
1271 1369
1405 1369
1405 1367
1561 1367
1561 1366
1335 1366
1335 1363
1492 1363
1492 1360
1495 1360
1495 1355
1260 1355
1260 1335
1163 1335
1163 1340
1095 1340
1095 1316
1056 1316
1056 1312
1025 1312
1025 1310
1129 1310
1129 1305
1145 1305
1145 1303
1137 1303
1137 1302
1009 1302
1009 1308
1018 1308
1018 1326
1000 1326
1000 1322
971 1322
971 1287
972 1287
972 1286
980 1286
980 1294
1146 1294
1146 1293
984 1293
984 1244
1402 1244
1402 1238
1323 1238
1323 1231
1406 1231
1406 1233
1454 1233
1454 1221
1453 1221
1453 1206
1468 1206
1468 1248
1519 1248
1519 1252
1553 1252
1553 1266
1707 1266
1707 1267
1536 1267
1536 1268
1762 1268
1762 1273
1556 1273
1556 1271
1277 1271
1277 1269
1136 1269
1136 1284
1153 1284
1153 1275
1368 1275
1368 1285
1184 1285
1184 1291
1520 1291
1520 1282
1511 1282
1511 1281
1627 1281
1627 1279
1460 1279
1460 1290
1448 1290
1448 1277
1549 1277
1549 1276
1715 1276
1715 1280
1863 1280
1863 1283
1873 1283
1873 1297
1862 1297
1862 1396
1826 1396
1826 1415
1832 1415
1832 1438
1825 1438
1825 1445
1841 1445
1841 1444
2023 1444
2023 1436
1837 1436
1837 1408
1869 1408
1869 1337
2073 1337
2073 1332
1870 1332
1870 1331
1876 1331
1876 1278
1860 1278
1860 1274
1899 1274
1899 1265
1562 1265
1562 1240
1512 1240
1512 1205
1435 1205
1435 1211
1445 1211
1445 1225
1148 1225
1148 1226
1084 1226
1084 1202
1099 1202
1099 1156
1185 1156
1185 1153
1196 1153
1196 1152
1102 1152
1102 1141
1114 1141
1114 1148
1189 1148
1189 1147
1272 1147
1272 1136
1134 1136
1134 1132
1300 1132
1300 1135
1298 1135
1298 1138
1280 1138
1280 1143
1375 1143
1375 1134
1526 1134
1526 1133
1568 1133
1568 1118
1501 1118
1501 1117
1481 1117
1481 1114
1364 1114
1364 1116
1161 1116
1161 1121
1119 1121
1119 1125
1179 1125
1179 1126
1383 1126
1383 1119
1489 1119
1489 1127
1529 1127
1529 1130
1190 1130
1190 1129
1104 1129
1104 1139
1107 1139
1107 1140
1094 1140
1094 1172
1067 1172
1067 1229
1070 1229
1070 1230
1127 1230
1127 1227
1262 1227
1262 1239
1057 1239
1057 1237
970 1237
970 1176
979 1176
979 1170
975 1170
975 1161
977 1161
977 1107
943 1107
943 1234
914 1234
914 1188
912 1188
912 1212
911 1212
911 1245
938 1245
938 1236
946 1236
946 1309
945 1309
945 1383
949 1383
949 1173
956 1173
956 1480
935 1480
935 1410
930 1410
930 1386
928 1386
928 1319
891 1319
891 1365
887 1365
887 1374
902 1374
902 1341
905 1341
905 1399
894 1399
894 1406
861 1406
861 1411
855 1411
855 1299
854 1299
854 1409
850 1409
850 1346
852 1346
852 1336
848 1336
848 1476
856 1476
856 1497
857 1497
857 1506
747 1506
747 1595
745 1595
745 1564
731 1564
731 1511
730 1511
730 1488
710 1488
710 1301
706 1301
706 1494
690 1494
690 1521
693 1521
693 1565
704 1565
704 1581
712 1581
712 1620
652 1620
652 1619
607 1619
607 1622
622 1622
622 1648
702 1648
702 1641
673 1641
673 1636
711 1636
711 1662
540 1662
540 1694
517 1694
517 1699
433 1699
433 1706
335 1706
335 1707
222 1707
222 1703
194 1703
194 1691
183 1691
183 1663
176 1663
176 1645
130 1645
130 1675
128 1675
128 1562
163 1562
163 1546
139 1546
139 1530
156 1530
156 1524
185 1524
185 1466
192 1466
192 1464
177 1464
177 1458
173 1458
173 1452
169 1452
169 1353
166 1353
166 1329
116 1329
116 1228
114 1228
114 1177
131 1177
131 1145
119 1145
119 1131
92 1131
92 1123
146 1123
146 1100
197 1100
197 1099
150 1099
150 1095
3 1095
3 834
