222
1 834
1 1097
55 1097
55 1098
118 1098
118 1103
89 1103
89 1113
80 1113
80 1115
82 1115
82 1124
79 1124
79 1128
78 1128
78 1159
81 1159
81 1158
115 1158
115 1150
117 1150
117 1165
28 1165
28 1200
32 1200
32 1223
16 1223
16 1219
7 1219
7 1325
19 1325
19 1257
9 1257
9 1241
44 1241
44 1253
39 1253
39 1256
25 1256
25 1270
21 1270
21 1330
26 1330
26 1377
15 1377
15 1456
18 1456
18 1435
24 1435
24 1473
29 1473
29 1405
27 1405
27 1304
31 1304
31 1296
34 1296
34 1295
42 1295
42 1255
47 1255
47 1307
45 1307
45 1313
48 1313
48 1631
41 1631
41 1536
38 1536
38 1656
59 1656
59 1632
54 1632
54 1621
56 1621
56 1450
63 1450
63 1433
57 1433
57 1431
52 1431
52 1570
51 1570
51 1388
66 1388
66 1425
67 1425
67 1391
69 1391
69 1437
72 1437
72 1311
70 1311
70 1347
64 1347
64 1272
61 1272
61 1190
58 1190
58 1343
53 1343
53 1378
50 1378
50 1359
49 1359
49 1185
33 1185
33 1167
71 1167
71 1174
112 1174
112 1187
110 1187
110 1198
113 1198
113 1333
164 1333
164 1393
161 1393
161 1465
180 1465
180 1470
178 1470
178 1492
155 1492
155 1471
152 1471
152 1474
144 1474
144 1481
140 1481
140 1484
121 1484
121 1593
122 1593
122 1651
125 1651
125 1749
204 1749
204 1745
247 1745
247 1739
364 1739
364 1742
343 1742
343 1776
300 1776
300 1760
259 1760
259 1771
280 1771
280 1774
278 1774
278 1778
297 1778
297 1787
292 1787
292 1792
303 1792
303 1784
340 1784
340 1807
490 1807
490 1818
522 1818
522 1815
534 1815
534 1804
429 1804
429 1805
347 1805
347 1743
516 1743
516 1741
388 1741
388 1738
436 1738
436 1735
405 1735
405 1733
129 1733
129 1700
134 1700
134 1675
128 1675
128 1562
163 1562
163 1546
139 1546
139 1530
156 1530
156 1524
185 1524
185 1466
192 1466
192 1464
177 1464
177 1458
173 1458
173 1452
169 1452
169 1353
166 1353
166 1329
116 1329
116 1228
114 1228
114 1177
131 1177
131 1145
119 1145
119 1131
92 1131
92 1123
146 1123
146 1100
197 1100
197 1099
150 1099
150 1095
3 1095
3 834
