576
369 1
369 29
366 29
366 73
358 73
358 72
365 72
365 50
354 50
354 8
348 8
348 21
352 21
352 56
350 56
350 65
349 65
349 117
351 117
351 145
353 145
353 127
355 127
355 112
356 112
356 119
359 119
359 116
357 116
357 87
367 87
367 125
368 125
368 104
371 104
371 196
374 196
374 210
362 210
362 209
340 209
340 206
342 206
342 189
347 189
347 184
336 184
336 157
334 157
334 114
339 114
339 113
343 113
343 74
344 74
344 126
345 126
345 39
341 39
341 38
346 38
346 22
338 22
338 100
332 100
332 124
333 124
333 216
363 216
363 228
322 228
322 224
308 224
308 183
301 183
301 151
297 151
297 156
291 156
291 211
299 211
299 191
300 191
300 190
303 190
303 213
306 213
306 237
307 237
307 230
313 230
313 267
304 267
304 269
315 269
315 298
318 298
318 299
310 299
310 301
316 301
316 308
311 308
311 356
314 356
314 314
317 314
317 312
319 312
319 363
294 363
294 377
360 377
360 378
373 378
373 388
285 388
285 383
275 383
275 366
273 366
273 360
289 360
289 322
288 322
288 338
279 338
279 352
284 352
284 359
272 359
272 350
271 350
271 410
225 410
225 395
181 395
181 406
178 406
178 379
211 379
211 374
213 374
213 385
214 385
214 375
263 375
263 331
262 331
262 367
231 367
231 362
170 362
170 391
165 391
165 381
155 381
155 393
161 393
161 396
167 396
167 434
169 434
169 436
198 436
198 438
265 438
265 442
232 442
232 445
267 445
267 443
268 443
268 450
195 450
195 466
281 466
281 418
282 418
282 461
293 461
293 485
102 485
102 486
125 486
125 487
139 487
139 491
72 491
72 490
50 490
50 479
54 479
54 460
48 460
48 421
49 421
49 361
47 361
47 336
34 336
34 397
20 397
20 415
11 415
11 414
1 414
1 422
8 422
8 441
21 441
21 400
25 400
25 409
37 409
37 343
44 343
44 403
45 403
45 493
144 493
144 494
168 494
168 492
184 492
184 488
227 488
227 489
290 489
290 499
191 499
191 495
141 495
141 496
151 496
151 497
162 497
162 498
173 498
173 500
309 500
309 481
305 481
305 463
302 463
302 480
298 480
298 455
283 455
283 417
280 417
280 444
278 444
278 459
264 459
264 456
274 456
274 439
276 439
276 433
171 433
171 429
270 429
270 426
277 426
277 425
269 425
269 420
255 420
255 424
254 424
254 427
219 427
219 423
175 423
175 364
193 364
193 368
212 368
212 370
210 370
210 371
176 371
176 411
237 411
237 412
361 412
361 390
312 390
312 405
325 405
325 408
295 408
295 389
398 389
398 335
399 335
399 320
401 320
401 311
405 311
405 123
406 123
406 103
409 103
409 128
407 128
407 147
408 147
408 149
424 149
424 148
455 148
455 140
444 140
444 138
464 138
464 180
465 180
465 171
470 171
470 193
456 193
456 195
414 195
414 215
418 215
418 220
428 220
428 207
430 207
430 254
427 254
427 261
416 261
416 407
417 407
417 326
426 326
426 337
431 337
431 315
423 315
423 303
429 303
429 272
432 272
432 304
434 304
434 399
438 399
438 416
440 416
440 323
441 323
441 401
446 401
446 413
460 413
460 386
458 386
458 348
450 348
450 334
449 334
449 365
452 365
452 392
448 392
448 310
461 310
461 239
447 239
447 257
443 257
443 249
437 249
437 198
425 198
425 202
421 202
421 197
471 197
471 306
472 306
472 384
473 384
473 382
477 382
477 351
474 351
474 176
475 176
475 252
479 252
479 266
485 266
485 264
487 264
487 294
494 294
494 273
495 273
495 229
499 229
499 226
493 226
493 227
492 227
492 263
490 263
490 217
496 217
496 165
488 165
488 168
483 168
483 188
491 188
491 200
486 200
486 248
482 248
482 245
484 245
484 240
476 240
476 155
478 155
478 137
466 137
466 136
435 136
435 130
410 130
410 85
436 85
436 66
422 66
422 10
442 10
442 14
439 14
439 95
433 95
433 102
463 102
463 133
453 133
453 134
468 134
468 110
467 110
467 83
459 83
459 61
451 61
451 68
445 68
445 11
454 11
454 32
480 32
480 44
497 44
497 51
498 51
498 28
489 28
489 20
500 20
500 13
481 13
481 12
457 12
457 6
462 6
462 9
469 9
469 4
393 4
393 15
412 15
412 5
419 5
419 18
415 18
415 60
413 60
413 47
411 47
411 54
389 54
389 67
420 67
420 71
382 71
382 86
383 86
383 92
388 92
388 77
394 77
394 88
390 88
390 152
400 152
400 143
402 143
402 144
403 144
403 280
397 280
397 276
385 276
385 295
386 295
386 300
384 300
384 302
387 302
387 277
391 277
391 290
404 290
404 297
396 297
396 333
395 333
395 345
392 345
392 376
364 376
364 373
320 373
320 305
324 305
324 325
326 325
326 372
327 372
327 355
335 355
335 354
337 354
337 339
330 339
330 330
331 330
331 285
329 285
329 309
328 309
328 293
323 293
323 247
321 247
321 231
379 231
379 187
375 187
375 154
378 154
378 131
381 131
381 111
380 111
380 107
372 107
372 89
370 89
370 48
377 48
377 19
376 19
376 1
