906
369 1
369 29
366 29
366 73
358 73
358 72
365 72
365 50
354 50
354 8
348 8
348 21
352 21
352 56
350 56
350 65
349 65
349 117
351 117
351 145
353 145
353 127
355 127
355 112
356 112
356 119
359 119
359 116
357 116
357 87
367 87
367 125
368 125
368 104
371 104
371 196
374 196
374 210
362 210
362 209
340 209
340 206
342 206
342 189
347 189
347 184
336 184
336 157
334 157
334 114
339 114
339 113
343 113
343 74
344 74
344 126
345 126
345 39
341 39
341 38
346 38
346 22
338 22
338 100
332 100
332 124
333 124
333 216
363 216
363 228
322 228
322 224
308 224
308 183
301 183
301 151
297 151
297 156
291 156
291 211
299 211
299 191
300 191
300 190
303 190
303 213
306 213
306 237
307 237
307 230
313 230
313 267
304 267
304 269
315 269
315 298
318 298
318 299
310 299
310 301
316 301
316 308
311 308
311 356
314 356
314 314
317 314
317 312
319 312
319 363
294 363
294 377
360 377
360 378
373 378
373 388
285 388
285 383
275 383
275 366
273 366
273 360
289 360
289 322
288 322
288 338
279 338
279 352
284 352
284 359
272 359
272 350
271 350
271 410
225 410
225 395
181 395
181 406
178 406
178 379
211 379
211 374
213 374
213 385
214 385
214 375
263 375
263 331
266 331
266 321
220 321
220 319
287 319
287 317
153 317
153 286
143 286
143 318
217 318
217 324
262 324
262 367
231 367
231 341
216 341
216 362
207 362
207 347
188 347
188 357
172 357
172 340
170 340
170 391
165 391
165 381
155 381
155 393
161 393
161 396
167 396
167 434
169 434
169 436
198 436
198 438
265 438
265 442
232 442
232 445
267 445
267 443
268 443
268 450
241 450
241 446
195 446
195 466
239 466
239 469
251 469
251 470
164 470
164 457
179 457
179 462
192 462
192 449
145 449
145 451
174 451
174 452
160 452
160 458
158 458
158 465
140 465
140 471
260 471
260 467
261 467
261 472
157 472
157 473
281 473
281 418
282 418
282 464
286 464
286 461
293 461
293 485
244 485
244 484
234 484
234 482
177 482
177 478
127 478
127 483
102 483
102 486
125 486
125 487
139 487
139 491
72 491
72 490
50 490
50 479
54 479
54 460
48 460
48 421
49 421
49 361
47 361
47 332
46 332
46 336
41 336
41 327
34 327
34 397
22 397
22 394
20 394
20 415
11 415
11 203
12 203
12 287
18 287
18 288
24 288
24 296
26 296
26 265
28 265
28 281
64 281
64 271
73 271
73 275
65 275
65 283
68 283
68 278
70 278
70 292
75 292
75 282
74 282
74 258
91 258
91 201
78 201
78 179
67 179
67 174
126 174
126 291
123 291
123 313
122 313
122 328
92 328
92 428
87 428
87 369
82 369
82 435
83 435
83 474
84 474
84 404
85 404
85 475
61 475
61 440
60 440
60 468
59 468
59 454
58 454
58 476
86 476
86 437
96 437
96 349
106 349
106 353
113 353
113 432
112 432
112 380
111 380
111 398
97 398
97 402
108 402
108 448
114 448
114 477
120 477
120 358
119 358
119 387
116 387
116 419
115 419
115 342
103 342
103 346
101 346
101 329
124 329
124 307
129 307
129 182
133 182
133 289
134 289
134 274
138 274
138 214
137 214
137 150
135 150
135 175
131 175
131 160
107 160
107 146
104 146
104 142
118 142
118 139
130 139
130 129
150 129
150 118
136 118
136 120
121 120
121 132
117 132
117 135
99 135
99 141
98 141
98 164
90 164
90 163
66 163
66 167
100 167
100 173
63 173
63 178
62 178
62 186
69 186
69 192
77 192
77 199
76 199
76 205
71 205
71 221
79 221
79 234
81 234
81 255
57 255
57 251
39 251
39 223
35 223
35 170
33 170
33 169
36 169
36 53
38 53
38 159
40 159
40 109
43 109
43 31
80 31
80 37
88 37
88 45
89 45
89 94
94 94
94 93
95 93
95 76
105 76
105 70
110 70
110 46
128 46
128 36
132 36
132 33
149 33
149 55
152 55
152 97
147 97
147 105
146 105
146 98
142 98
142 106
148 106
148 108
154 108
154 30
109 30
109 26
156 26
156 41
182 41
182 64
186 64
186 69
187 69
187 84
180 84
180 121
199 121
199 96
200 96
200 242
202 242
202 80
204 80
204 81
228 81
228 91
230 91
230 90
253 90
253 79
190 79
190 82
189 82
189 34
196 34
196 23
93 23
93 27
30 27
30 40
31 40
31 235
32 235
32 262
53 262
53 279
29 279
29 253
19 253
19 218
16 218
16 204
14 204
14 185
7 185
7 268
6 268
6 316
5 316
5 208
4 208
4 259
2 259
2 284
3 284
3 344
9 344
9 222
10 222
10 414
1 414
1 422
8 422
8 441
21 441
21 400
25 400
25 409
37 409
37 343
44 343
44 403
45 403
45 493
144 493
144 494
168 494
168 492
184 492
184 488
227 488
227 489
290 489
290 499
191 499
191 495
141 495
141 496
151 496
151 497
162 497
162 498
173 498
173 500
309 500
309 481
305 481
305 463
302 463
302 480
298 480
298 447
296 447
296 453
292 453
292 455
283 455
283 417
280 417
280 444
278 444
278 459
264 459
264 456
274 456
274 439
276 439
276 430
221 430
221 431
205 431
205 433
171 433
171 429
270 429
270 426
277 426
277 425
269 425
269 420
255 420
255 424
254 424
254 427
219 427
219 423
175 423
175 364
193 364
193 368
212 368
212 370
210 370
210 371
176 371
176 411
237 411
237 412
361 412
361 390
312 390
312 405
325 405
325 408
295 408
295 389
398 389
398 335
399 335
399 320
401 320
401 311
405 311
405 123
406 123
406 103
409 103
409 128
407 128
407 147
408 147
408 149
424 149
424 148
455 148
455 140
444 140
444 138
464 138
464 180
465 180
465 171
470 171
470 193
456 193
456 195
414 195
414 215
418 215
418 220
428 220
428 207
430 207
430 254
427 254
427 261
416 261
416 407
417 407
417 326
426 326
426 337
431 337
431 315
423 315
423 303
429 303
429 272
432 272
432 304
434 304
434 399
438 399
438 416
440 416
440 323
441 323
441 401
446 401
446 413
460 413
460 386
458 386
458 348
450 348
450 334
449 334
449 365
452 365
452 392
448 392
448 310
461 310
461 239
447 239
447 257
443 257
443 249
437 249
437 198
425 198
425 202
421 202
421 197
471 197
471 306
472 306
472 384
473 384
473 382
477 382
477 351
474 351
474 176
475 176
475 252
479 252
479 266
485 266
485 264
487 264
487 294
494 294
494 273
495 273
495 229
499 229
499 226
493 226
493 227
492 227
492 263
490 263
490 217
496 217
496 165
488 165
488 168
483 168
483 188
491 188
491 200
486 200
486 248
482 248
482 245
484 245
484 240
476 240
476 155
478 155
478 137
466 137
466 136
435 136
435 130
410 130
410 85
436 85
436 66
422 66
422 10
442 10
442 14
439 14
439 95
433 95
433 102
463 102
463 133
453 133
453 134
468 134
468 110
467 110
467 83
459 83
459 61
451 61
451 68
445 68
445 11
454 11
454 32
480 32
480 44
497 44
497 51
498 51
498 28
489 28
489 20
500 20
500 13
481 13
481 12
457 12
457 6
462 6
462 9
469 9
469 4
393 4
393 15
412 15
412 5
419 5
419 18
415 18
415 60
413 60
413 47
411 47
411 54
389 54
389 67
420 67
420 71
382 71
382 86
383 86
383 92
388 92
388 77
394 77
394 88
390 88
390 152
400 152
400 143
402 143
402 144
403 144
403 280
397 280
397 276
385 276
385 295
386 295
386 300
384 300
384 302
387 302
387 277
391 277
391 290
404 290
404 297
396 297
396 333
395 333
395 345
392 345
392 376
364 376
364 373
320 373
320 305
324 305
324 325
326 325
326 372
327 372
327 355
335 355
335 354
337 354
337 339
330 339
330 330
331 330
331 285
329 285
329 309
328 309
328 293
323 293
323 247
321 247
321 231
379 231
379 187
375 187
375 154
378 154
378 131
381 131
381 111
380 111
380 107
372 107
372 89
370 89
370 48
377 48
377 19
376 19
376 1
