318
132 19
132 9
109 9
109 39
111 39
111 146
108 146
108 138
97 138
97 109
104 109
104 105
98 105
98 46
94 46
94 16
100 16
100 14
8 14
8 38
3 38
3 64
2 64
2 59
1 59
1 73
4 73
4 130
5 130
5 97
6 97
6 44
10 44
10 18
69 18
69 15
79 15
79 20
19 20
19 21
14 21
14 24
38 24
38 22
77 22
77 28
62 28
62 40
48 40
48 54
54 54
54 107
47 107
47 84
50 84
50 71
40 71
40 89
41 89
41 101
42 101
42 145
33 145
33 158
39 158
39 180
35 180
35 176
25 176
25 175
21 175
21 173
18 173
18 154
16 154
16 165
17 165
17 171
15 171
15 182
36 182
36 190
13 190
13 197
22 197
22 202
26 202
26 215
30 215
30 211
32 211
32 213
34 213
34 201
61 201
61 203
57 203
57 206
66 206
66 208
70 208
70 217
67 217
67 235
46 235
46 237
44 237
44 238
20 238
20 229
9 229
9 250
11 250
11 239
52 239
52 249
105 249
105 248
175 248
175 241
194 241
194 234
189 234
189 236
180 236
180 226
198 226
198 224
202 224
202 223
178 223
178 221
200 221
200 214
181 214
181 210
211 210
211 209
215 209
215 198
222 198
222 187
176 187
176 189
195 189
195 188
216 188
216 192
219 192
219 196
186 196
186 205
174 205
174 207
166 207
166 230
169 230
169 245
140 245
140 247
115 247
115 244
133 244
133 222
148 222
148 225
160 225
160 219
157 219
157 218
138 218
138 220
120 220
120 227
126 227
126 232
121 232
121 243
110 243
110 246
76 246
76 242
65 242
65 240
87 240
87 231
83 231
83 228
81 228
81 184
63 184
63 185
78 185
78 233
73 233
73 200
53 200
53 199
29 199
29 212
27 212
27 193
31 193
31 194
51 194
51 142
49 142
49 177
45 177
45 144
43 144
43 110
58 110
58 83
59 83
59 68
55 68
55 51
56 51
56 45
60 45
60 48
71 48
71 86
72 86
72 93
74 93
74 41
80 41
80 49
89 49
89 72
91 72
91 99
88 99
88 106
92 106
92 121
95 121
95 134
93 134
93 125
85 125
85 155
84 155
84 178
122 178
122 179
123 179
123 168
116 168
116 169
114 169
114 174
90 174
90 164
101 164
101 163
86 163
86 152
113 152
113 149
103 149
103 148
112 148
112 10
118 10
118 25
136 25
136 143
131 143
131 82
127 82
127 62
125 62
125 36
124 36
124 108
128 108
128 111
130 111
130 153
139 153
139 151
149 151
149 157
135 157
135 159
117 159
117 167
144 167
144 166
119 166
119 162
158 162
158 160
151 160
151 156
163 156
163 135
171 135
171 117
182 117
182 118
197 118
197 115
170 115
170 124
167 124
167 132
161 132
161 147
141 147
141 94
137 94
137 23
156 23
156 19
