172
37 22
37 27
63 27
63 30
62 30
62 33
44 33
44 37
39 37
39 43
45 43
45 44
48 44
48 45
28 45
28 51
30 51
30 62
27 62
27 66
26 66
26 69
21 69
21 31
23 31
23 28
25 28
25 14
20 14
20 2
1 2
1 5
2 5
2 3
4 3
4 6
15 6
15 39
13 39
13 42
9 42
9 9
8 9
8 47
3 47
3 85
6 85
6 91
7 91
7 74
14 74
14 73
12 73
12 53
10 53
10 55
11 55
11 64
5 64
5 49
16 49
16 41
17 41
17 16
22 16
22 29
18 29
18 58
19 58
19 79
24 79
24 88
33 88
33 87
34 87
34 97
35 97
35 59
32 59
32 76
29 76
29 65
31 65
31 46
36 46
36 48
50 48
50 52
56 52
56 35
64 35
64 50
65 50
65 54
59 54
59 68
49 68
49 77
42 77
42 92
43 92
43 93
46 93
46 95
40 95
40 98
57 98
57 96
55 96
55 94
70 94
70 90
86 90
86 100
88 100
88 99
89 99
89 89
76 89
76 81
79 81
79 75
84 75
84 78
83 78
83 82
92 82
92 61
93 61
93 60
95 60
95 56
77 56
77 57
87 57
87 63
85 63
85 67
80 67
80 71
75 71
75 80
74 80
74 84
61 84
61 83
60 83
60 86
52 86
52 72
53 72
53 70
69 70
69 32
66 32
66 26
67 26
67 25
38 25
38 24
81 24
81 23
82 23
82 36
90 36
90 38
94 38
94 40
100 40
100 34
91 34
91 22
