186
32 30
32 34
24 34
24 58
25 58
25 60
26 60
26 74
18 74
18 82
17 82
17 79
5 79
5 43
9 43
9 36
1 36
1 84
20 84
20 91
31 91
31 108
2 108
2 117
3 117
3 116
7 116
7 110
4 110
4 109
33 109
33 72
29 72
29 73
28 73
28 80
27 80
27 56
34 56
34 67
37 67
37 46
36 46
36 35
38 35
38 31
39 31
39 49
40 49
40 71
41 71
41 122
23 122
23 124
30 124
30 128
58 128
58 129
35 129
35 134
86 134
86 135
63 135
63 138
52 138
52 143
19 143
19 145
11 145
11 146
21 146
21 148
15 148
15 147
12 147
12 149
16 149
16 150
22 150
22 144
53 144
53 142
66 142
66 141
131 141
131 140
54 140
54 139
77 139
77 136
78 136
78 137
143 137
143 130
145 130
145 133
146 133
146 123
138 123
138 125
124 125
124 121
121 121
121 126
122 126
122 132
48 132
48 131
90 131
90 127
47 127
47 120
97 120
97 119
98 119
98 111
91 111
91 118
73 118
73 107
79 107
79 97
81 97
81 102
96 102
96 99
99 99
99 114
102 114
102 113
107 113
107 105
104 105
104 104
129 104
129 101
125 101
125 96
132 96
132 112
135 112
135 106
141 106
141 93
144 93
144 70
148 70
148 66
139 66
139 100
137 100
137 98
136 98
136 89
134 89
134 90
116 90
116 87
130 87
130 75
72 75
72 78
89 78
89 76
105 76
105 83
94 83
94 85
71 85
71 92
87 92
87 94
85 94
85 95
76 95
76 103
69 103
69 115
42 115
42 81
44 81
44 37
45 37
45 32
64 32
64 30
