96
30 1004
30 1011
6 1011
6 990
5 990
5 951
4 951
4 827
1 827
1 832
2 832
2 842
3 842
3 1016
48 1016
48 1005
50 1005
50 1015
61 1015
61 1021
130 1021
130 1019
152 1019
152 1031
147 1031
147 1060
143 1060
143 1064
131 1064
131 1062
138 1062
138 1057
103 1057
103 1059
102 1059
102 1097
101 1097
101 1185
257 1185
257 1187
479 1187
479 1195
460 1195
460 1201
307 1201
307 1200
303 1200
303 1203
217 1203
217 1210
132 1210
132 1208
83 1208
83 1111
77 1111
77 1095
74 1095
74 1106
58 1106
58 1109
60 1109
60 1124
73 1124
73 1133
80 1133
80 1212
342 1212
342 1205
527 1205
527 1194
873 1194
873 1193
839 1193
839 1192
488 1192
488 1188
504 1188
504 1186
690 1186
690 1184
534 1184
534 1183
104 1183
104 1088
114 1088
114 1072
149 1072
149 1036
183 1036
183 1018
124 1018
124 1020
91 1020
91 1010
204 1010
204 1004
