1300
833 331
833 320
715 320
715 318
494 318
494 349
456 349
456 386
432 386
432 358
425 358
425 388
427 388
427 439
430 439
430 454
431 454
431 501
435 501
435 420
437 420
437 506
441 506
441 574
434 574
434 582
428 582
428 624
445 624
445 646
447 646
447 666
398 666
398 639
408 639
408 547
405 547
405 510
424 510
424 505
412 505
412 468
422 468
422 413
421 413
421 355
420 355
420 308
400 308
400 366
401 366
401 309
415 309
415 357
407 357
407 372
416 372
416 370
419 370
419 411
409 411
409 412
411 412
411 485
404 485
404 623
386 623
386 622
381 622
381 674
377 674
377 681
384 681
384 677
393 677
393 642
397 642
397 670
423 670
423 715
413 715
413 723
436 723
436 740
390 740
390 745
361 745
361 737
372 737
372 735
356 735
356 683
359 683
359 679
368 679
368 656
351 656
351 637
355 637
355 449
362 449
362 571
365 571
365 425
358 425
358 384
348 384
348 385
354 385
354 395
337 395
337 396
331 396
331 382
329 382
329 394
311 394
311 363
300 363
300 360
318 360
318 353
264 353
264 330
272 330
272 335
305 335
305 334
289 334
289 326
283 326
283 327
260 327
260 359
232 359
232 391
216 391
216 426
254 426
254 437
249 437
249 460
245 460
245 483
234 483
234 477
197 477
197 486
196 486
196 457
142 457
142 446
135 446
135 373
133 373
133 404
121 404
121 415
126 415
126 423
115 423
115 488
100 488
100 469
99 469
99 546
112 546
112 525
107 525
107 521
116 521
116 532
117 532
117 435
129 435
129 455
140 455
140 463
125 463
125 479
127 479
127 474
144 474
144 499
145 499
145 464
148 464
148 481
167 481
167 490
171 490
171 458
188 458
188 459
182 459
182 466
187 466
187 487
246 487
246 472
262 472
262 443
268 443
268 433
276 433
276 421
233 421
233 362
281 362
281 397
278 397
278 406
302 406
302 409
314 409
314 401
347 401
347 414
350 414
350 701
352 701
352 747
369 747
369 752
13 752
13 757
7 757
7 908
11 908
11 937
18 937
18 941
40 941
40 954
41 954
41 968
38 968
38 958
32 958
32 966
10 966
10 995
26 995
26 975
24 975
24 973
14 973
14 971
44 971
44 972
42 972
42 977
34 977
34 980
37 980
37 1001
94 1001
94 999
120 999
120 1002
320 1002
320 1007
323 1007
323 1013
255 1013
255 1003
30 1003
30 1011
6 1011
6 990
5 990
5 951
4 951
4 827
1 827
1 832
2 832
2 842
3 842
3 1016
48 1016
48 1005
50 1005
50 1015
61 1015
61 1021
130 1021
130 1019
152 1019
152 1031
147 1031
147 1060
143 1060
143 1064
131 1064
131 1062
138 1062
138 1057
103 1057
103 1059
102 1059
102 1097
101 1097
101 1185
257 1185
257 1187
479 1187
479 1195
460 1195
460 1201
307 1201
307 1200
303 1200
303 1203
217 1203
217 1210
132 1210
132 1208
83 1208
83 1111
77 1111
77 1069
76 1069
76 1095
74 1095
74 1106
58 1106
58 1109
60 1109
60 1126
70 1126
70 1124
73 1124
73 1133
80 1133
80 1212
201 1212
201 1223
526 1223
526 1229
633 1229
633 1226
602 1226
602 1220
598 1220
598 1219
521 1219
521 1217
702 1217
702 1216
294 1216
294 1218
258 1218
258 1215
243 1215
243 1214
342 1214
342 1205
527 1205
527 1194
606 1194
606 1197
739 1197
739 1196
850 1196
850 1231
831 1231
831 1227
819 1227
819 1202
791 1202
791 1213
803 1213
803 1232
864 1232
864 1207
866 1207
866 1199
869 1199
869 1234
875 1234
875 1241
903 1241
903 1239
889 1239
889 1235
894 1235
894 1221
900 1221
900 1154
881 1154
881 1132
884 1132
884 1150
909 1150
909 1173
918 1173
918 1242
842 1242
842 1246
798 1246
798 1248
913 1248
913 1247
919 1247
919 1147
915 1147
915 1144
890 1144
890 1149
885 1149
885 1137
892 1137
892 1115
891 1115
891 1058
882 1058
882 1090
879 1090
879 1028
917 1028
917 1027
981 1027
981 1023
1098 1023
1098 1035
1083 1035
1083 1033
1054 1033
1054 1029
1024 1029
1024 1030
1008 1030
1008 1043
1016 1043
1016 1045
964 1045
964 1050
993 1050
993 1061
969 1061
969 1063
1003 1063
1003 1084
986 1084
986 1065
951 1065
951 1077
930 1077
930 1079
978 1079
978 1089
997 1089
997 1103
1000 1103
1000 1120
973 1120
973 1110
960 1110
960 1136
934 1136
934 1209
936 1209
936 1250
939 1250
939 1152
945 1152
945 1157
952 1157
952 1165
959 1165
959 1171
946 1171
946 1233
950 1233
950 1228
947 1228
947 1222
949 1222
949 1204
962 1204
962 1206
955 1206
955 1238
963 1238
963 1236
966 1236
966 1225
988 1225
988 1159
990 1159
990 1153
989 1153
989 1151
944 1151
944 1138
1001 1138
1001 1129
1002 1129
1002 1108
1009 1108
1009 1096
1006 1096
1006 1076
1005 1076
1005 1052
1050 1052
1050 1081
1032 1081
1032 1086
1011 1086
1011 1243
1013 1243
1013 1249
1053 1249
1053 1245
1059 1245
1059 1244
1064 1244
1064 1237
1049 1237
1049 1230
1026 1230
1026 1240
1025 1240
1025 1211
1056 1211
1056 1141
1055 1141
1055 1156
1045 1156
1045 1125
1114 1125
1114 1116
1157 1116
1157 1119
1211 1119
1211 1104
1119 1104
1119 1102
1103 1102
1103 1118
1090 1118
1090 1114
1057 1114
1057 1123
1036 1123
1036 1148
1043 1148
1043 1182
1040 1182
1040 1176
1039 1176
1039 1158
1022 1158
1022 1164
1015 1164
1015 1087
1047 1087
1047 1082
1052 1082
1052 1085
1085 1085
1085 1083
1071 1083
1071 1055
1215 1055
1215 1073
1225 1073
1225 1053
1121 1053
1121 1051
1027 1051
1027 1046
1074 1046
1074 1037
1078 1037
1078 1042
1080 1042
1080 1039
1120 1039
1120 1034
1136 1034
1136 1026
1111 1026
1111 1025
1128 1025
1128 1024
1204 1024
1204 1022
877 1022
877 1130
878 1130
878 1145
847 1145
847 1135
854 1135
854 1101
844 1101
844 1143
820 1143
820 1146
811 1146
811 1155
830 1155
830 1160
823 1160
823 1161
853 1161
853 1162
704 1162
704 1163
899 1163
899 1174
895 1174
895 1198
888 1198
888 1224
873 1224
873 1193
839 1193
839 1189
828 1189
828 1190
748 1190
748 1191
780 1191
780 1192
488 1192
488 1188
504 1188
504 1186
690 1186
690 1184
534 1184
534 1180
560 1180
560 1178
880 1178
880 1167
786 1167
786 1166
746 1166
746 1168
562 1168
562 1170
723 1170
723 1169
758 1169
758 1172
874 1172
874 1175
531 1175
531 1177
403 1177
403 1179
388 1179
388 1181
105 1181
105 1183
104 1183
104 1088
110 1088
110 1105
123 1105
123 1134
137 1134
137 1131
136 1131
136 1093
114 1093
114 1072
139 1072
139 1094
149 1094
149 1036
164 1036
164 1049
156 1049
156 1056
157 1056
157 1091
203 1091
203 1078
213 1078
213 1074
248 1074
248 1100
259 1100
259 1099
284 1099
284 1092
285 1092
285 1117
273 1117
273 1107
153 1107
153 1113
175 1113
175 1121
198 1121
198 1112
240 1112
240 1140
288 1140
288 1128
250 1128
250 1122
252 1122
252 1127
291 1127
291 1142
295 1142
295 1139
296 1139
296 1098
290 1098
290 1080
280 1080
280 1075
274 1075
274 1071
328 1071
328 1048
315 1048
315 1038
275 1038
275 1040
309 1040
309 1044
263 1044
263 1054
316 1054
316 1066
222 1066
222 1067
205 1067
205 1068
218 1068
218 1070
168 1070
168 1047
165 1047
165 1041
183 1041
183 1017
150 1017
150 1018
124 1018
124 1020
91 1020
91 1010
204 1010
204 1004
219 1004
219 1006
212 1006
212 1008
221 1008
221 1014
330 1014
330 1000
186 1000
186 998
335 998
335 997
56 997
56 989
71 989
71 978
81 978
81 976
62 976
62 988
49 988
49 984
46 984
46 979
52 979
52 969
54 969
54 930
22 930
22 923
12 923
12 892
43 892
43 889
9 889
9 844
39 844
39 841
72 841
72 946
67 946
67 965
68 965
68 950
122 950
122 955
179 955
179 929
185 929
185 952
195 952
195 926
172 926
172 888
235 888
235 919
231 919
231 943
199 943
199 970
207 970
207 959
208 959
208 964
239 964
239 963
211 963
211 949
269 949
269 863
306 863
306 861
327 861
327 890
332 890
332 855
366 855
366 858
375 858
375 866
345 866
345 869
391 869
391 870
387 870
387 883
389 883
389 885
385 885
385 893
392 893
392 860
538 860
538 856
613 856
613 862
672 862
672 854
568 854
568 853
612 853
612 852
801 852
801 851
805 851
805 868
692 868
692 880
610 880
610 900
645 900
645 901
576 901
576 944
577 944
577 938
591 938
591 942
621 942
621 940
655 940
655 956
653 956
653 961
651 961
651 967
698 967
698 945
695 945
695 962
693 962
693 933
649 933
649 911
632 911
632 928
629 928
629 920
615 920
615 935
580 935
580 903
675 903
675 899
624 899
624 896
735 896
735 907
722 907
722 927
728 927
728 957
731 957
731 953
732 953
732 960
767 960
767 931
778 931
778 912
806 912
806 974
814 974
814 947
816 947
816 918
822 918
822 906
861 906
861 902
810 902
810 909
774 909
774 913
770 913
770 904
769 904
769 921
743 921
743 891
741 891
741 884
725 884
725 895
614 895
614 882
738 882
738 871
799 871
799 878
845 878
845 876
904 876
904 875
924 875
924 874
927 874
927 865
920 865
920 872
836 872
836 850
518 850
518 846
515 846
515 857
465 857
465 859
433 859
433 848
399 848
399 849
349 849
349 843
340 843
340 847
267 847
267 917
266 917
266 864
261 864
261 925
247 925
247 873
177 873
177 879
242 879
242 886
194 886
194 887
166 887
166 922
163 922
163 934
174 934
174 936
161 936
161 932
162 932
162 898
160 898
160 905
151 905
151 894
146 894
146 948
95 948
95 924
113 924
113 916
90 916
90 939
78 939
78 910
79 910
79 845
75 845
75 840
47 840
47 838
16 838
16 828
109 828
109 830
277 830
277 829
304 829
304 831
244 831
244 833
108 833
108 834
299 834
299 836
214 836
214 837
236 837
236 839
376 839
376 835
334 835
334 824
223 824
223 825
192 825
192 823
111 823
111 826
106 826
106 822
119 822
119 821
45 821
45 819
450 819
450 820
567 820
567 815
541 815
541 813
594 813
594 811
585 811
585 810
607 810
607 816
630 816
630 791
620 791
620 795
557 795
557 802
604 802
604 806
543 806
543 792
339 792
339 788
324 788
324 789
301 789
301 790
256 790
256 800
55 800
55 786
36 786
36 794
31 794
31 784
23 784
23 798
20 798
20 799
25 799
25 801
230 801
230 805
202 805
202 812
93 812
93 814
241 814
241 803
265 803
265 796
271 796
271 793
378 793
378 797
379 797
379 807
500 807
500 804
529 804
529 808
443 808
443 809
506 809
506 818
463 818
463 817
15 817
15 781
27 781
27 765
98 765
98 778
141 778
141 764
155 764
155 779
96 779
96 783
134 783
134 782
178 782
178 776
229 776
229 777
279 777
279 773
336 773
336 774
360 774
360 772
429 772
429 771
374 771
374 767
270 767
270 775
170 775
170 766
370 766
370 762
353 762
353 760
82 760
82 761
313 761
313 763
21 763
21 759
17 759
17 753
128 753
128 754
227 754
227 755
237 755
237 756
287 756
287 758
373 758
373 746
444 746
444 725
442 725
442 698
455 698
455 654
462 654
462 650
457 650
457 601
438 601
438 597
470 597
470 588
472 588
472 562
464 562
464 578
461 578
461 593
446 593
446 540
451 540
451 531
449 531
449 399
466 399
466 478
468 478
468 461
471 461
471 371
469 371
469 354
511 354
511 343
501 343
501 336
513 336
513 319
665 319
665 322
812 322
812 321
827 321
827 323
766 323
766 324
762 324
762 332
530 332
530 403
519 403
519 410
523 410
523 418
532 418
532 416
537 416
537 380
544 380
544 456
586 456
586 508
554 508
554 520
552 520
552 539
549 539
549 587
547 587
547 614
548 614
548 619
476 619
476 627
477 627
477 663
481 663
481 669
473 669
473 692
474 692
474 712
761 712
761 711
893 711
893 710
475 710
475 708
818 708
818 707
522 707
522 699
517 699
517 688
491 688
491 667
487 667
487 660
694 660
694 658
597 658
597 657
509 657
509 647
514 647
514 643
516 643
516 636
508 636
508 631
502 631
502 628
492 628
492 620
553 620
553 533
558 533
558 509
590 509
590 442
550 442
550 398
546 398
546 374
536 374
536 333
929 333
929 331
