152
27 2
27 17
29 17
29 23
11 23
11 13
5 13
5 15
1 15
1 80
2 80
2 78
15 78
15 60
14 60
14 73
4 73
4 72
3 72
3 48
6 48
6 14
8 14
8 22
9 22
9 54
10 54
10 53
17 53
17 75
23 75
23 67
22 67
22 70
20 70
20 59
24 59
24 84
25 84
25 76
26 76
26 65
32 65
32 56
19 56
19 63
18 63
18 47
21 47
21 39
16 39
16 52
12 52
12 32
13 32
13 24
31 24
31 26
33 26
33 35
34 35
34 21
30 21
30 4
28 4
28 3
35 3
35 33
36 33
36 36
37 36
37 46
39 46
39 12
38 12
38 6
66 6
66 7
45 7
45 20
49 20
49 18
61 18
61 16
63 16
63 25
69 25
69 10
80 10
80 28
71 28
71 27
67 27
67 29
64 29
64 30
72 30
72 31
76 31
76 40
43 40
43 89
47 89
47 90
42 90
42 79
40 79
40 81
41 81
41 100
52 100
52 99
65 99
65 96
94 96
94 95
55 95
55 97
44 97
44 91
58 91
58 85
46 85
46 66
59 66
59 64
50 64
50 45
57 45
57 44
81 44
81 43
48 43
48 42
79 42
79 41
78 41
78 38
84 38
84 37
86 37
86 34
82 34
82 19
85 19
85 11
88 11
88 9
75 9
75 5
68 5
68 2
