82
57 48
57 53
28 53
28 57
27 57
27 52
21 52
21 62
30 62
30 58
33 58
33 65
48 65
48 64
49 64
49 66
15 66
15 91
11 91
11 92
8 92
8 100
7 100
7 115
9 115
9 121
12 121
12 95
13 95
13 124
1 124
1 142
2 142
2 139
5 139
5 148
3 148
3 150
6 150
6 138
4 138
4 128
10 128
10 146
19 146
19 145
14 145
14 104
17 104
17 105
18 105
18 78
20 78
20 76
16 76
16 67
53 67
53 83
25 83
25 84
44 84
44 88
38 88
38 101
35 101
35 97
24 97
24 86
23 86
23 99
22 99
22 102
51 102
51 85
55 85
55 61
86 61
86 60
40 60
40 54
59 54
59 48
