108
246 675
246 573
247 573
247 385
228 385
228 507
226 507
226 530
223 530
223 651
219 651
219 540
214 540
214 473
213 473
213 544
218 544
218 636
212 636
212 526
201 526
201 546
204 546
204 561
208 561
208 653
224 653
224 625
225 625
225 748
229 748
229 752
202 752
202 755
207 755
207 779
210 779
210 845
184 845
184 952
164 952
164 970
153 970
153 943
138 943
138 989
188 989
188 980
197 980
197 1090
187 1090
187 1071
173 1071
173 1108
168 1108
168 1119
1 1119
1 1121
193 1121
193 1114
177 1114
177 1075
180 1075
180 1091
195 1091
195 1146
64 1146
64 1145
57 1145
57 1151
200 1151
200 1156
205 1156
205 1172
206 1172
206 1140
196 1140
196 1110
198 1110
198 1103
199 1103
199 935
185 935
185 894
203 894
203 867
216 867
216 785
211 785
211 761
230 761
230 765
232 765
232 711
231 711
231 439
233 439
233 419
234 419
234 404
244 404
244 756
264 756
264 724
249 724
249 696
257 696
257 675
