238
80 33
80 14
48 14
48 23
10 23
10 30
9 30
9 64
2 64
2 50
1 50
1 74
6 74
6 81
7 81
7 80
11 80
11 94
12 94
12 68
20 68
20 56
24 56
24 109
23 109
23 126
21 126
21 143
22 143
22 197
30 197
30 173
28 173
28 192
27 192
27 142
29 142
29 137
39 137
39 191
38 191
38 195
41 195
41 194
40 194
40 134
37 134
37 114
42 114
42 164
46 164
46 187
62 187
62 196
119 196
119 193
135 193
135 190
179 190
179 188
180 188
180 200
185 200
185 199
184 199
184 198
182 198
182 155
178 155
178 158
173 158
173 154
168 154
168 160
181 160
181 169
172 169
172 163
164 163
164 179
169 179
169 181
162 181
162 184
167 184
167 189
130 189
130 186
121 186
121 183
96 183
96 180
92 180
92 168
93 168
93 166
101 166
101 174
151 174
151 162
153 162
153 175
161 175
161 152
158 152
158 156
160 156
160 161
154 161
154 157
128 157
128 159
129 159
129 171
118 171
118 170
123 170
123 167
113 167
113 165
91 165
91 178
87 178
87 177
84 177
84 176
51 176
51 182
53 182
53 185
47 185
47 149
55 149
55 153
61 153
61 172
64 172
64 146
67 146
67 150
69 150
69 140
116 140
116 147
117 147
117 148
122 148
122 144
127 144
127 141
125 141
125 124
124 124
124 135
115 135
115 139
104 139
104 132
108 132
108 133
112 133
112 131
97 131
97 125
94 125
94 128
71 128
71 129
63 129
63 145
56 145
56 130
50 130
50 136
54 136
54 138
45 138
45 151
44 151
44 117
43 117
43 113
35 113
35 127
32 127
32 115
31 115
31 112
25 112
25 78
26 78
26 55
17 55
17 62
16 62
16 45
15 45
15 52
13 52
13 40
14 40
14 35
52 35
52 51
58 51
58 82
49 82
49 88
66 88
66 87
60 87
60 53
59 53
59 47
68 47
68 31
70 31
70 60
73 60
73 26
36 26
36 25
57 25
57 21
77 21
77 16
79 16
79 73
78 73
78 99
76 99
76 110
74 110
74 118
83 118
83 83
82 83
82 33
