216
1 1
1 8
19 8
19 4
81 4
81 6
70 6
70 5
51 5
51 9
68 9
68 10
83 10
83 11
85 11
85 15
90 15
90 14
93 14
93 7
96 7
96 2
102 2
102 13
123 13
123 12
124 12
124 66
126 66
126 67
111 67
111 54
98 54
98 60
97 60
97 49
89 49
89 99
112 99
112 98
115 98
115 105
116 105
116 140
113 140
113 141
69 141
69 132
75 132
75 128
78 128
78 133
91 133
91 134
80 134
80 138
87 138
87 137
92 137
92 125
88 125
88 126
54 126
54 124
73 124
73 109
34 109
34 102
37 102
37 97
61 97
61 107
49 107
49 108
72 108
72 101
77 101
77 53
82 53
82 45
84 45
84 31
79 31
79 32
76 32
76 44
71 44
71 29
56 29
56 20
47 20
47 21
46 21
46 28
39 28
39 39
36 39
36 38
31 38
31 33
26 33
26 30
17 30
17 65
13 65
13 50
8 50
8 34
10 34
10 19
6 19
6 18
11 18
11 17
30 17
30 16
4 16
4 22
2 22
2 25
5 25
5 51
7 51
7 55
3 55
3 63
9 63
9 56
12 56
12 75
14 75
14 73
15 73
15 76
23 76
23 61
24 61
24 59
27 59
27 52
18 52
18 41
35 41
35 43
40 43
40 35
44 35
44 36
53 36
53 26
48 26
48 24
50 24
50 23
55 23
55 37
59 37
59 46
74 46
74 100
64 100
64 104
62 104
62 85
58 85
58 80
60 80
60 83
65 83
65 79
57 79
57 95
43 95
43 89
20 89
20 115
33 115
33 113
42 113
42 112
28 112
28 90
29 90
29 110
66 110
66 123
41 123
41 142
119 142
119 135
117 135
117 129
122 129
122 117
121 117
121 106
120 106
120 96
101 96
101 92
105 92
105 91
94 91
94 72
107 72
107 70
100 70
100 57
109 57
109 58
108 58
108 68
127 68
127 3
125 3
125 1
