102
87 26
87 31
64 31
64 33
65 33
65 45
71 45
71 42
66 42
66 34
75 34
75 53
69 53
69 49
74 49
74 48
67 48
67 54
63 54
63 59
70 59
70 56
72 56
72 57
76 57
76 41
78 41
78 39
80 39
80 61
77 61
77 62
56 62
56 66
51 66
51 69
60 69
60 76
50 76
50 77
55 77
55 81
57 81
57 82
43 82
43 85
53 85
53 88
7 88
7 91
4 91
4 89
3 89
3 23
5 23
5 10
9 10
9 8
1 8
1 9
2 9
2 95
12 95
12 94
24 94
24 93
25 93
25 100
26 100
26 99
33 99
33 98
27 98
27 90
49 90
49 92
54 92
54 97
58 97
58 87
59 87
59 84
61 84
61 96
62 96
62 63
81 63
81 35
93 35
93 43
92 43
92 36
84 36
84 46
99 46
99 47
100 47
100 29
97 29
97 28
96 28
96 26
