66
63 2387
63 2386
58 2386
58 2369
48 2369
48 2306
29 2306
29 2276
31 2276
31 2267
34 2267
34 2205
18 2205
18 2250
19 2250
19 2266
17 2266
17 2291
2 2291
2 2261
1 2261
1 2294
9 2294
9 2305
20 2305
20 2311
25 2311
25 2230
28 2230
28 2244
27 2244
27 2317
36 2317
36 2319
42 2319
42 2308
33 2308
33 2307
44 2307
44 2437
86 2437
86 2476
93 2476
93 2480
23 2480
23 2488
32 2488
32 2484
35 2484
35 2493
38 2493
38 2495
52 2495
52 2489
55 2489
55 2496
60 2496
60 2499
70 2499
70 2498
65 2498
65 2494
98 2494
98 2401
71 2401
71 2387
