214
311 1369
311 1389
312 1389
312 1397
192 1397
192 1399
154 1399
154 1402
15 1402
15 1418
66 1418
66 1801
67 1801
67 1547
68 1547
68 2387
63 2387
63 2386
58 2386
58 2369
48 2369
48 2306
29 2306
29 2276
31 2276
31 2267
34 2267
34 2205
18 2205
18 2250
19 2250
19 2266
17 2266
17 2291
2 2291
2 2261
1 2261
1 2294
9 2294
9 2305
20 2305
20 2311
25 2311
25 2230
28 2230
28 2244
27 2244
27 2317
36 2317
36 2319
42 2319
42 2308
33 2308
33 2307
44 2307
44 2437
86 2437
86 2476
93 2476
93 2480
23 2480
23 2488
32 2488
32 2484
35 2484
35 2493
38 2493
38 2495
52 2495
52 2489
55 2489
55 2496
60 2496
60 2500
78 2500
78 2499
70 2499
70 2498
65 2498
65 2494
94 2494
94 2497
98 2497
98 2401
71 2401
71 2042
72 2042
72 2016
76 2016
76 2009
69 2009
69 1807
74 1807
74 1600
73 1600
73 1579
75 1579
75 1416
16 1416
16 1405
161 1405
161 1409
103 1409
103 1420
139 1420
139 1423
142 1423
142 1477
128 1477
128 1485
111 1485
111 1507
109 1507
109 1514
110 1514
110 1587
124 1587
124 1611
121 1611
121 1631
126 1631
126 1706
127 1706
127 1821
131 1821
131 1848
108 1848
108 1812
101 1812
101 1822
106 1822
106 1851
118 1851
118 1852
113 1852
113 1906
130 1906
130 2038
115 2038
115 2039
119 2039
119 2060
135 2060
135 1533
136 1533
136 1690
137 1690
137 1859
143 1859
143 1681
138 1681
138 1516
147 1516
147 1644
150 1644
150 1410
184 1410
184 1404
349 1404
349 1391
315 1391
315 1370
524 1370
524 1375
380 1375
380 1435
382 1435
382 1431
383 1431
383 1474
516 1474
516 1475
444 1475
444 1481
692 1481
692 1498
677 1498
677 1502
626 1502
626 1488
601 1488
601 1493
607 1493
607 1504
696 1504
696 1511
687 1511
687 1515
709 1515
709 1538
657 1538
657 1537
636 1537
636 1541
714 1541
714 1480
1024 1480
1024 1473
387 1473
387 1417
389 1417
389 1415
405 1415
405 1385
507 1385
507 1384
554 1384
554 1379
530 1379
530 1374
643 1374
643 1372
833 1372
833 1369
