108
15 1404
15 1418
66 1418
66 1801
67 1801
67 1547
68 1547
68 2387
63 2387
63 2386
58 2386
58 2369
48 2369
48 2306
29 2306
29 2276
31 2276
31 2267
34 2267
34 2205
18 2205
18 2250
19 2250
19 2266
17 2266
17 2291
2 2291
2 2261
1 2261
1 2294
9 2294
9 2305
20 2305
20 2311
25 2311
25 2230
28 2230
28 2244
27 2244
27 2317
36 2317
36 2319
42 2319
42 2308
33 2308
33 2307
44 2307
44 2437
86 2437
86 2476
93 2476
93 2480
23 2480
23 2488
32 2488
32 2484
35 2484
35 2493
38 2493
38 2495
52 2495
52 2489
55 2489
55 2496
60 2496
60 2500
78 2500
78 2499
70 2499
70 2498
65 2498
65 2494
94 2494
94 2497
98 2497
98 2401
71 2401
71 2042
72 2042
72 2016
76 2016
76 2009
69 2009
69 1807
74 1807
74 1600
73 1600
73 1579
75 1579
75 1416
16 1416
16 1405
161 1405
161 1409
103 1409
103 1420
139 1420
139 1423
142 1423
142 1477
128 1477
128 1485
111 1485
111 1507
150 1507
150 1410
184 1410
184 1404
