818
56 8
56 15
53 15
53 30
58 30
58 90
44 90
44 285
40 285
40 341
39 341
39 362
38 362
38 364
24 364
24 383
21 383
21 389
12 389
12 418
9 418
9 468
26 468
26 473
20 473
20 491
7 491
7 437
1 437
1 457
6 457
6 495
10 495
10 498
16 498
16 497
46 497
46 479
49 479
49 499
59 499
59 500
92 500
92 496
55 496
55 477
33 477
33 453
41 453
41 452
17 452
17 433
19 433
19 427
18 427
18 397
37 397
37 398
61 398
61 406
86 406
86 422
73 422
73 423
87 423
87 402
90 402
90 394
54 394
54 395
43 395
43 382
52 382
52 347
48 347
48 343
45 343
45 183
47 183
47 95
51 95
51 154
64 154
64 180
70 180
70 235
67 235
67 191
60 191
60 231
62 231
62 245
71 245
71 284
72 284
72 271
84 271
84 266
78 266
78 179
77 179
77 173
75 173
75 167
83 167
83 178
91 178
91 118
85 118
85 152
76 152
76 150
69 150
69 155
74 155
74 158
66 158
66 140
57 140
57 99
79 99
79 93
80 93
80 83
65 83
65 74
88 74
88 59
81 59
81 64
63 64
63 54
82 54
82 35
89 35
89 27
68 27
68 11
175 11
175 9
371 9
371 6
394 6
394 13
350 13
350 12
342 12
342 18
374 18
374 19
277 19
277 25
236 25
236 40
238 40
238 51
208 51
208 55
240 55
240 61
250 61
250 65
386 65
386 63
410 63
410 69
370 69
370 68
177 68
177 67
159 67
159 71
283 71
283 75
93 75
93 79
137 79
137 85
176 85
176 76
265 76
265 80
222 80
222 82
255 82
255 81
279 81
279 98
264 98
264 86
248 86
248 89
200 89
200 92
171 92
171 102
151 102
151 104
196 104
196 106
191 106
191 109
227 109
227 91
232 91
232 101
239 101
239 103
266 103
266 105
262 105
262 111
293 111
293 113
299 113
299 110
268 110
268 107
285 107
285 77
295 77
295 73
288 73
288 72
423 72
423 87
411 87
411 97
413 97
413 115
377 115
377 116
401 116
401 117
416 117
416 133
409 133
409 144
399 144
399 124
397 124
397 119
387 119
387 126
379 126
379 125
337 125
337 128
366 128
366 129
359 129
359 131
369 131
369 127
391 127
391 134
364 134
364 138
343 138
343 143
325 143
325 141
251 141
251 147
267 147
267 160
258 160
258 156
229 156
229 157
210 157
210 254
211 254
211 246
213 246
213 261
212 261
212 304
181 304
181 268
179 268
179 297
163 297
163 283
169 283
169 257
173 257
173 249
166 249
166 220
168 220
168 217
194 217
194 221
202 221
202 225
209 225
209 215
154 215
154 242
148 242
148 218
142 218
142 159
105 159
105 176
106 176
106 232
104 232
104 229
98 229
98 130
97 130
97 273
100 273
100 368
99 368
99 404
96 404
96 378
95 378
95 353
94 353
94 429
112 429
112 428
103 428
103 380
101 380
101 265
102 265
102 252
109 252
109 255
107 255
107 410
110 410
110 302
111 302
111 234
108 234
108 182
117 182
117 168
134 168
134 219
114 219
114 349
113 349
113 358
116 358
116 393
119 393
119 409
122 409
122 414
129 414
129 474
160 474
160 463
144 463
144 461
143 461
143 450
170 450
170 478
131 478
131 481
161 481
161 483
183 483
183 470
188 470
188 492
180 492
180 494
219 494
219 480
230 480
230 435
237 435
237 401
241 401
241 385
271 385
271 387
269 387
269 388
274 388
274 489
275 489
275 490
298 490
298 488
281 488
281 485
312 485
312 484
321 484
321 472
445 472
445 467
454 467
454 455
450 455
450 434
355 434
355 432
349 432
349 375
408 375
408 384
428 384
428 391
434 391
434 424
440 424
440 408
447 408
447 417
451 417
451 405
444 405
444 377
438 377
438 373
356 373
356 367
363 367
363 365
414 365
414 356
372 356
372 359
405 359
405 361
365 361
365 350
388 350
388 355
462 355
462 363
469 363
469 352
455 352
455 351
393 351
393 344
361 344
361 360
346 360
346 440
353 440
353 439
389 439
389 441
402 441
402 446
403 446
403 438
448 438
448 444
424 444
424 449
439 449
439 459
418 459
418 465
436 465
436 471
317 471
317 482
311 482
311 476
287 476
287 436
309 436
309 445
304 445
304 456
315 456
315 443
316 443
316 451
326 451
326 462
338 462
338 464
345 464
345 458
352 458
352 454
334 454
334 407
329 407
329 416
278 416
278 396
306 396
306 392
284 392
284 370
247 370
247 376
243 376
243 372
233 372
233 400
234 400
234 411
231 411
231 421
225 421
225 460
216 460
216 469
215 469
215 475
207 475
207 442
205 442
205 354
201 354
201 374
197 374
197 369
195 369
195 345
190 345
190 399
186 399
186 366
178 366
178 379
184 379
184 413
149 413
149 426
174 426
174 419
189 419
189 425
185 425
185 430
193 430
193 381
203 381
203 487
198 487
198 486
199 486
199 466
192 466
192 448
152 448
152 447
130 447
130 420
132 420
132 415
147 415
147 386
146 386
146 412
133 412
133 403
140 403
140 324
145 324
145 300
139 300
139 296
141 296
141 293
127 293
127 327
135 327
135 371
128 371
128 390
120 390
120 357
125 357
125 348
121 348
121 330
118 330
118 312
115 312
115 230
123 230
123 263
124 263
124 253
126 253
126 222
138 222
138 244
164 244
164 224
157 224
157 223
165 223
165 247
158 247
158 256
162 256
162 270
153 270
153 250
150 250
150 286
155 286
155 299
156 299
156 303
172 303
172 319
167 319
167 332
204 332
204 334
226 334
226 331
182 331
182 329
320 329
320 328
330 328
330 317
348 317
348 322
390 322
390 337
426 337
426 340
435 340
435 342
479 342
479 335
483 335
483 295
481 295
481 282
493 282
493 294
496 294
496 493
497 493
497 346
499 346
499 277
477 277
477 259
474 259
474 301
475 301
475 306
476 306
476 339
468 339
468 290
392 290
392 291
339 291
339 292
467 292
467 336
398 336
398 321
396 321
396 318
382 318
382 308
367 308
367 316
323 316
323 325
303 325
303 315
322 315
322 309
289 309
289 313
302 313
302 326
253 326
253 323
187 323
187 305
224 305
224 280
259 280
259 278
290 278
290 281
297 281
297 287
300 287
300 279
294 279
294 262
314 262
314 228
256 228
256 233
244 233
244 227
246 227
246 226
254 226
254 214
245 214
245 216
242 216
242 236
221 236
221 239
257 239
257 248
263 248
263 238
301 238
301 260
286 260
286 274
235 274
235 251
223 251
223 269
220 269
220 289
214 289
214 195
217 195
217 174
218 174
218 164
260 164
260 163
273 163
273 162
310 162
310 166
282 166
282 171
354 171
354 177
358 177
358 175
360 175
360 172
373 172
373 170
427 170
427 184
422 184
422 185
407 185
407 187
406 187
406 186
319 186
319 188
460 188
460 169
344 169
344 161
276 161
276 149
270 149
270 145
292 145
292 142
305 142
305 146
463 146
463 137
446 137
446 136
417 136
417 112
421 112
421 108
433 108
433 96
441 96
441 66
486 66
486 62
482 62
482 60
252 60
252 48
272 48
272 29
249 29
249 26
341 26
341 24
328 24
328 23
472 23
472 22
308 22
308 20
419 20
419 17
458 17
458 16
431 16
431 10
473 10
473 7
449 7
449 5
336 5
336 8
