94
44 93
44 285
40 285
40 341
39 341
39 362
38 362
38 364
24 364
24 383
21 383
21 389
12 389
12 418
9 418
9 468
26 468
26 473
20 473
20 491
7 491
7 437
1 437
1 457
6 457
6 495
10 495
10 498
16 498
16 497
46 497
46 479
49 479
49 499
59 499
59 500
92 500
92 496
55 496
55 477
33 477
33 453
41 453
41 452
17 452
17 433
19 433
19 427
18 427
18 397
37 397
37 398
61 398
61 406
86 406
86 422
73 422
73 423
87 423
87 402
90 402
90 394
54 394
54 395
43 395
43 382
52 382
52 347
48 347
48 343
45 343
45 183
47 183
47 95
51 95
51 154
64 154
64 180
70 180
70 235
78 235
78 179
77 179
77 173
75 173
75 167
91 167
91 158
66 158
66 140
57 140
57 99
79 99
79 93
