154
211 300
211 314
212 314
212 404
134 404
134 402
125 402
125 392
136 392
136 395
155 395
155 397
156 397
156 394
161 394
161 390
86 390
86 388
75 388
75 384
62 384
62 372
137 372
137 369
71 369
71 368
55 368
55 373
50 373
50 366
48 366
48 364
36 364
36 396
43 396
43 435
33 435
33 441
37 441
37 440
42 440
42 442
116 442
116 436
107 436
107 430
60 430
60 411
69 411
69 408
53 408
53 434
45 434
45 400
52 400
52 393
90 393
90 391
124 391
124 405
279 405
279 420
265 420
265 459
240 459
240 462
128 462
128 463
122 463
122 467
102 467
102 470
96 470
96 484
10 484
10 483
1 483
1 498
74 498
74 499
3 499
3 500
97 500
97 497
207 497
207 496
234 496
234 494
206 494
206 492
169 492
169 495
8 495
8 493
2 493
2 491
4 491
4 489
58 489
58 490
77 490
77 488
174 488
174 487
6 487
6 485
7 485
7 486
100 486
100 480
110 480
110 469
112 469
112 474
172 474
172 473
144 473
144 472
153 472
153 471
131 471
131 466
262 466
262 465
267 465
267 460
268 460
268 423
269 423
269 422
276 422
276 429
278 429
278 427
291 427
291 438
294 438
294 443
296 443
296 401
295 401
295 399
226 399
226 398
228 398
228 378
222 378
222 375
218 375
218 302
225 302
225 304
227 304
227 300
