126
4 3
4 7
1 7
1 11
2 11
2 9
3 9
3 39
5 39
5 6
14 6
14 5
19 5
19 25
24 25
24 42
8 42
8 44
12 44
12 53
20 53
20 62
7 62
7 64
6 64
6 66
9 66
9 73
11 73
11 74
32 74
32 98
30 98
30 193
18 193
18 167
21 167
21 160
10 160
10 213
15 213
15 218
26 218
26 230
29 230
29 228
27 228
27 219
37 219
37 214
22 214
22 209
16 209
16 206
42 206
42 205
50 205
50 211
60 211
60 235
62 235
62 250
99 250
99 249
67 249
67 223
124 223
124 234
122 234
122 240
102 240
102 246
123 246
123 248
138 248
138 229
139 229
139 225
218 225
218 226
201 226
201 227
173 227
173 231
168 231
168 237
141 237
141 242
151 242
151 239
202 239
202 238
183 238
183 236
206 236
206 233
208 233
208 232
219 232
219 224
128 224
128 222
69 222
69 220
64 220
64 204
23 204
23 197
31 197
31 195
36 195
36 186
34 186
34 99
35 99
35 76
33 76
33 72
41 72
41 69
13 69
13 67
17 67
17 65
25 65
25 3
