322
101 199
101 194
103 194
103 135
109 135
109 102
108 102
108 60
65 60
65 74
66 74
66 81
69 81
69 66
68 66
68 62
83 62
83 86
72 86
72 98
70 98
70 101
86 101
86 61
106 61
106 91
107 91
107 117
104 117
104 121
98 121
98 137
89 137
89 173
99 173
99 200
122 200
122 204
118 204
118 211
111 211
111 215
110 215
110 206
67 206
67 213
24 213
24 243
1 243
1 249
7 249
7 250
63 250
63 248
48 248
48 247
8 247
8 246
6 246
6 245
10 245
10 244
60 244
60 241
41 241
41 220
43 220
43 238
45 238
45 240
51 240
51 222
55 222
55 231
56 231
56 219
52 219
52 218
58 218
58 216
90 216
90 212
95 212
95 228
125 228
125 226
147 226
147 225
158 225
158 196
159 196
159 217
160 217
160 174
143 174
143 167
137 167
137 162
152 162
152 155
163 155
163 125
162 125
162 126
149 126
149 109
157 109
157 116
166 116
166 143
169 143
169 106
173 106
173 114
178 114
178 100
175 100
175 97
168 97
168 95
167 95
167 90
154 90
154 96
151 96
151 82
172 82
172 54
176 54
176 42
174 42
174 38
165 38
165 25
193 25
193 52
194 52
194 104
191 104
191 134
190 134
190 177
189 177
189 208
187 208
187 179
186 179
186 214
183 214
183 80
185 80
185 68
180 68
180 72
181 72
181 111
182 111
182 224
184 224
184 236
202 236
202 239
223 239
223 242
242 242
242 237
243 237
243 234
216 234
216 223
213 223
213 183
231 183
231 209
233 209
233 227
224 227
224 229
229 229
229 233
237 233
237 232
239 232
239 186
236 186
236 169
235 169
235 188
232 188
232 166
225 166
225 175
214 175
214 172
211 172
211 176
220 176
220 178
212 178
212 235
203 235
203 221
204 221
204 207
209 207
209 193
208 193
208 144
207 144
207 94
221 94
221 118
218 118
218 112
217 112
217 122
210 122
210 139
228 139
228 129
219 129
219 119
227 119
227 87
226 87
226 79
222 79
222 92
215 92
215 63
201 63
201 128
205 128
205 138
199 138
199 158
198 158
198 168
200 168
200 230
192 230
192 159
195 159
195 67
197 67
197 58
196 58
196 24
179 24
179 23
177 23
177 14
206 14
206 11
188 11
188 13
170 13
170 9
247 9
247 40
241 40
241 47
240 47
240 43
238 43
238 45
234 45
234 55
246 55
246 57
248 57
248 132
245 132
245 142
250 142
250 70
249 70
249 2
244 2
244 8
230 8
230 7
164 7
164 29
161 29
161 65
171 65
171 77
145 77
145 88
138 88
138 89
150 89
150 99
141 99
141 130
146 130
146 147
148 147
148 153
136 153
136 164
135 164
135 171
140 171
140 185
144 185
144 182
153 182
153 190
155 190
155 192
156 192
156 203
142 203
142 198
139 198
139 197
134 197
134 210
132 210
132 199
