204
118 210
118 211
111 211
111 215
110 215
110 206
67 206
67 213
24 213
24 243
1 243
1 249
7 249
7 250
63 250
63 248
48 248
48 247
8 247
8 246
6 246
6 245
10 245
10 244
60 244
60 241
41 241
41 220
43 220
43 238
45 238
45 240
51 240
51 222
55 222
55 231
56 231
56 219
52 219
52 218
58 218
58 216
90 216
90 212
95 212
95 228
125 228
125 226
147 226
147 225
158 225
158 196
159 196
159 217
160 217
160 174
143 174
143 167
137 167
137 162
152 162
152 155
163 155
163 125
162 125
162 126
149 126
149 109
157 109
157 116
166 116
166 143
169 143
169 106
173 106
173 114
178 114
178 100
175 100
175 97
168 97
168 95
167 95
167 90
154 90
154 96
151 96
151 82
172 82
172 54
176 54
176 42
174 42
174 38
165 38
165 25
193 25
193 52
194 52
194 104
191 104
191 134
190 134
190 177
189 177
189 208
187 208
187 179
186 179
186 214
183 214
183 80
185 80
185 68
180 68
180 72
181 72
181 111
182 111
182 224
184 224
184 236
202 236
202 239
223 239
223 242
242 242
242 237
243 237
243 234
216 234
216 223
213 223
213 183
231 183
231 209
233 209
233 227
224 227
224 229
229 229
229 233
237 233
237 232
239 232
239 186
236 186
236 169
235 169
235 188
232 188
232 166
225 166
225 175
214 175
214 172
211 172
211 176
220 176
220 178
212 178
212 235
203 235
203 230
192 230
192 159
195 159
195 67
197 67
197 58
196 58
196 24
164 24
164 29
161 29
161 65
171 65
171 77
145 77
145 88
138 88
138 89
150 89
150 99
141 99
141 130
146 130
146 147
148 147
148 153
136 153
136 164
135 164
135 171
140 171
140 182
153 182
153 190
155 190
155 192
156 192
156 203
134 203
134 210
