994
204 7
204 8
5 8
5 10
164 10
164 23
148 23
148 26
110 26
110 32
74 32
74 60
20 60
20 56
1 56
1 62
2 62
2 57
3 57
3 71
4 71
4 63
76 63
76 65
78 65
78 79
73 79
73 86
65 86
65 111
69 111
69 115
70 115
70 133
45 133
45 176
44 176
44 127
41 127
41 262
42 262
42 260
43 260
43 221
46 221
46 407
23 407
23 406
38 406
38 298
40 298
40 286
37 286
37 392
34 392
34 337
35 337
35 351
36 351
36 296
32 296
32 384
26 384
26 362
29 362
29 315
30 315
30 356
31 356
31 185
28 185
28 350
24 350
24 229
27 229
27 201
25 201
25 144
12 144
12 140
7 140
7 160
16 160
16 175
8 175
8 257
6 257
6 259
10 259
10 267
11 267
11 251
9 251
9 233
14 233
14 199
15 199
15 243
18 243
18 219
17 219
17 202
21 202
21 194
22 194
22 408
47 408
47 263
48 263
48 170
51 170
51 143
53 143
53 211
54 211
54 291
52 291
52 193
50 193
50 261
49 261
49 332
55 332
55 311
56 311
56 344
57 344
57 226
59 226
59 415
33 415
33 424
19 424
19 412
13 412
13 428
39 428
39 420
62 420
62 397
64 397
64 390
127 390
127 400
128 400
128 472
129 472
129 465
130 465
130 473
140 473
140 480
189 480
189 481
215 481
215 482
222 482
222 475
270 475
270 474
250 474
250 469
291 469
291 470
309 470
309 471
380 471
380 468
271 468
271 467
397 467
397 456
412 456
412 451
424 451
424 483
391 483
391 484
374 484
374 485
365 485
365 490
382 490
382 489
413 489
413 488
388 488
388 487
406 487
406 486
416 486
416 492
421 492
421 498
450 498
450 499
475 499
475 497
459 497
459 496
483 496
483 495
499 495
499 500
500 500
500 494
437 494
437 493
432 493
432 491
427 491
427 440
420 440
420 447
419 447
419 450
418 450
418 449
411 449
411 454
409 454
409 442
405 442
405 452
390 452
390 464
256 464
256 463
335 463
335 457
338 457
338 438
340 438
340 439
410 439
410 437
334 437
334 461
311 461
311 460
285 460
285 445
282 445
282 459
268 459
268 448
232 448
232 466
224 466
224 453
221 453
221 462
217 462
217 476
213 476
213 455
211 455
211 446
209 446
209 458
212 458
212 478
199 478
199 479
188 479
188 477
152 477
152 443
173 443
173 441
150 441
150 444
141 444
141 417
138 417
138 388
87 388
87 385
187 385
187 382
66 382
66 380
190 380
190 387
198 387
198 409
197 409
197 413
205 413
205 381
201 381
201 374
161 374
161 372
193 372
193 370
186 370
186 368
119 368
119 367
107 367
107 376
181 376
181 377
71 377
71 378
63 378
63 371
61 371
61 248
60 248
60 177
58 177
58 134
67 134
67 152
68 152
68 154
72 154
72 102
79 102
79 89
81 89
81 112
82 112
82 124
75 124
75 209
80 209
80 339
95 339
95 301
92 301
92 236
94 236
94 173
93 173
93 146
90 146
90 213
91 213
91 331
85 331
85 186
83 186
83 145
88 145
88 101
89 101
89 44
86 44
86 51
77 51
77 34
100 34
100 38
142 38
142 41
111 41
111 43
146 43
146 42
174 42
174 39
145 39
145 28
176 28
176 19
194 19
194 82
184 82
184 80
180 80
180 59
117 59
117 54
116 54
116 110
115 110
115 107
113 107
113 126
112 126
112 151
126 151
126 158
149 158
149 182
192 182
192 187
134 187
134 206
114 206
114 215
132 215
132 216
97 216
97 237
101 237
101 256
137 256
137 258
144 258
144 253
108 253
108 249
157 249
157 272
159 272
159 273
109 273
109 292
105 292
105 307
96 307
96 316
98 316
98 366
99 366
99 330
103 330
103 325
160 325
160 338
166 338
166 341
106 341
106 340
136 340
136 335
104 335
104 343
165 343
165 349
124 349
124 355
168 355
168 347
171 347
171 334
162 334
162 323
147 323
147 320
123 320
123 318
154 318
154 313
122 313
122 295
125 295
125 287
158 287
158 304
163 304
163 245
133 245
133 239
131 239
131 244
102 244
102 220
121 220
121 232
156 232
156 192
170 192
170 189
195 189
195 156
203 156
203 122
191 122
191 181
169 181
169 100
178 100
178 104
175 104
175 167
182 167
182 161
185 161
185 113
179 113
179 95
167 95
167 92
183 92
183 88
153 88
153 138
151 138
151 142
155 142
155 150
143 150
143 108
135 108
135 137
139 137
139 141
120 141
120 61
172 61
172 68
177 68
177 83
202 83
202 72
200 72
200 58
196 58
196 12
210 12
210 29
208 29
208 35
206 35
206 37
218 37
218 90
225 90
225 78
239 78
239 103
263 103
263 98
248 98
248 97
261 97
261 96
264 96
264 45
284 45
284 47
269 47
269 81
265 81
265 91
290 91
290 94
266 94
266 109
302 109
302 73
275 73
275 66
274 66
274 55
272 55
272 48
307 48
307 50
306 50
306 131
314 131
314 149
316 149
316 198
289 198
289 207
262 207
262 205
216 205
216 214
281 214
281 210
296 210
296 247
278 247
278 252
308 252
308 227
319 227
319 225
304 225
304 203
320 203
320 123
321 123
321 166
330 166
330 274
328 274
328 269
260 269
260 271
253 271
253 277
228 277
228 379
227 379
227 416
226 416
226 419
230 419
230 375
231 375
231 414
254 414
254 421
259 421
259 426
303 426
303 410
273 410
273 404
294 404
294 393
293 393
293 402
280 402
280 383
292 383
292 360
279 360
279 396
255 396
255 411
238 411
238 405
241 405
241 389
240 389
240 358
237 358
237 398
233 398
233 391
234 391
234 284
299 284
299 297
287 297
287 308
283 308
283 293
286 293
286 285
251 285
251 288
257 288
257 305
258 305
258 303
267 303
267 312
305 312
305 299
318 299
318 290
322 290
322 324
300 324
300 327
315 327
315 329
356 329
356 345
370 345
370 365
394 365
394 359
407 359
407 348
414 348
414 333
408 333
408 326
404 326
404 357
372 357
372 353
381 353
381 346
371 346
371 342
369 342
369 270
376 270
376 212
377 212
377 223
378 223
378 231
393 231
393 139
398 139
398 195
417 195
417 196
429 196
429 171
430 171
430 254
433 254
433 264
453 264
453 222
455 222
455 238
458 238
458 255
454 255
454 265
441 265
441 369
444 369
444 432
428 432
428 434
474 434
474 435
439 435
439 436
489 436
489 363
490 363
490 423
491 423
491 431
498 431
498 430
493 430
493 427
494 427
494 373
495 373
495 354
497 354
497 317
496 317
496 234
492 234
492 319
486 319
486 275
485 275
485 125
484 125
484 224
481 224
481 114
479 114
479 336
480 336
480 322
487 322
487 352
488 352
488 433
456 433
456 429
472 429
472 401
482 401
482 395
478 395
478 364
477 364
477 394
471 394
471 399
470 399
470 418
466 418
466 328
464 328
464 403
463 403
463 386
460 386
460 425
457 425
457 422
446 422
446 361
448 361
448 306
442 306
442 282
443 282
443 302
445 302
445 300
449 300
449 266
468 266
468 230
469 230
469 179
476 179
476 147
467 147
467 153
465 153
465 148
447 148
447 159
436 159
436 163
435 163
435 183
434 183
434 242
440 242
440 235
438 235
438 174
451 174
451 157
462 157
462 155
473 155
473 178
461 178
461 200
452 200
452 250
431 250
431 162
426 162
426 169
415 169
415 172
425 172
425 184
423 184
423 191
422 191
422 190
401 190
401 180
402 180
402 165
400 165
400 87
396 87
396 75
389 75
389 33
392 33
392 11
399 11
399 5
403 5
403 2
395 2
395 9
384 9
384 76
383 76
383 106
385 106
385 105
386 105
386 84
387 84
387 228
379 228
379 197
375 197
375 218
373 218
373 240
368 240
368 136
366 136
366 99
364 99
364 22
352 22
352 3
350 3
350 20
345 20
345 70
343 70
343 30
339 30
339 69
341 69
341 49
342 49
342 120
336 120
336 129
337 129
337 128
346 128
346 67
354 67
354 52
351 52
351 25
353 25
353 27
357 27
357 188
358 188
358 204
359 204
359 116
360 116
360 168
367 168
367 309
362 309
362 208
361 208
361 314
363 314
363 321
355 321
355 310
349 310
349 217
348 217
348 246
347 246
347 268
344 268
344 294
327 294
327 289
301 289
301 283
312 283
312 281
252 281
252 280
288 280
288 279
276 279
276 278
317 278
317 276
331 276
331 241
332 241
332 164
333 164
333 132
329 132
329 119
325 119
325 121
326 121
326 135
324 135
324 130
323 130
323 117
313 117
313 118
310 118
310 46
298 46
298 14
297 14
297 36
295 36
295 40
277 40
277 31
249 31
249 93
247 93
247 15
246 15
246 4
245 4
245 85
242 85
242 77
219 77
219 74
244 74
244 6
243 6
243 21
236 21
236 53
229 53
229 64
220 64
220 18
235 18
235 17
223 17
223 13
214 13
214 7
