308
324 132
324 151
251 151
251 143
239 143
239 150
220 150
220 155
319 155
319 160
221 160
221 158
145 158
145 154
159 154
159 141
139 141
139 142
131 142
131 149
105 149
105 173
116 173
116 176
101 176
101 200
122 200
122 204
183 204
183 199
117 199
117 195
154 195
154 185
229 185
229 180
275 180
275 179
147 179
147 178
120 178
120 169
155 169
155 162
223 162
223 161
328 161
328 133
342 133
342 174
368 174
368 153
394 153
394 152
387 152
387 148
410 148
410 257
392 257
392 279
385 279
385 290
396 290
396 261
406 261
406 340
415 340
415 437
409 437
409 444
399 444
399 441
407 441
407 423
391 423
391 431
381 431
381 435
330 435
330 430
306 430
306 421
307 421
307 380
305 380
305 368
313 368
313 343
320 343
320 334
290 334
290 345
291 345
291 369
287 369
287 381
161 381
161 383
253 383
253 387
192 387
192 388
64 388
64 390
135 390
135 395
222 395
222 398
204 398
204 399
54 399
54 433
50 433
50 443
53 443
53 466
55 466
55 432
58 432
58 426
59 426
59 492
36 492
36 496
32 496
32 491
24 491
24 485
4 485
4 418
17 418
17 412
1 412
1 416
3 416
3 488
13 488
13 494
29 494
29 495
18 495
18 497
31 497
31 499
38 499
38 493
80 493
80 477
90 477
90 483
108 483
108 471
110 471
110 486
130 486
130 480
140 480
140 498
142 498
142 500
143 500
143 479
127 479
127 470
112 470
112 463
146 463
146 464
148 464
148 467
181 467
181 468
172 468
172 481
191 481
191 465
205 465
205 472
195 472
195 475
225 475
225 474
227 474
227 460
228 460
228 473
230 473
230 458
240 458
240 457
241 457
241 469
254 469
254 459
244 459
244 452
255 452
255 453
256 453
256 454
267 454
267 450
177 450
177 451
207 451
207 455
167 455
167 461
158 461
158 462
107 462
107 478
102 478
102 476
60 476
60 425
70 425
70 438
91 438
91 428
93 428
93 424
103 424
103 419
76 419
76 403
78 403
78 411
94 411
94 410
125 410
125 409
129 409
129 408
217 408
217 407
242 407
242 406
259 406
259 405
132 405
132 401
236 401
236 389
245 389
245 392
247 392
247 391
264 391
264 386
281 386
281 413
280 413
280 449
283 449
283 402
289 402
289 396
293 396
293 341
310 341
310 362
301 362
301 414
294 414
294 434
304 434
304 436
383 436
383 439
395 439
395 429
405 429
405 440
397 440
397 445
325 445
325 442
312 442
312 448
377 448
377 446
401 446
401 447
416 447
416 324
417 324
417 326
419 326
419 422
421 422
421 327
423 327
423 304
422 304
422 300
412 300
412 291
411 291
411 216
413 216
413 147
352 147
352 144
344 144
344 159
343 159
343 132
