82
59 476
59 492
36 492
36 496
32 496
32 491
24 491
24 485
4 485
4 418
17 418
17 412
1 412
1 416
3 416
3 488
13 488
13 494
29 494
29 495
18 495
18 497
31 497
31 499
38 499
38 493
80 493
80 477
90 477
90 483
108 483
108 471
110 471
110 486
130 486
130 480
140 480
140 498
142 498
142 500
143 500
143 479
127 479
127 470
112 470
112 463
146 463
146 464
148 464
148 467
181 467
181 468
172 468
172 481
191 481
191 465
205 465
205 472
195 472
195 475
225 475
225 474
227 474
227 460
228 460
228 473
230 473
230 458
240 458
240 457
241 457
241 459
244 459
244 455
167 455
167 461
158 461
158 462
107 462
107 478
102 478
102 476
