212
126 221
126 222
111 222
111 224
116 224
116 223
118 223
118 232
50 232
50 234
42 234
42 230
7 230
7 195
6 195
6 188
1 188
1 235
5 235
5 237
33 237
33 236
45 236
45 241
46 241
46 238
94 238
94 243
82 243
82 242
78 242
78 244
39 244
39 247
51 247
51 249
47 249
47 250
69 250
69 248
62 248
62 246
109 246
109 245
100 245
100 233
122 233
122 239
119 239
119 240
132 240
132 177
133 177
133 187
154 187
154 178
169 178
169 182
167 182
167 186
168 186
168 207
165 207
165 205
163 205
163 212
173 212
173 209
174 209
174 225
179 225
179 219
180 219
180 185
184 185
184 197
197 197
197 196
202 196
202 155
205 155
205 208
206 208
206 191
212 191
212 165
215 165
215 133
194 133
194 136
199 136
199 144
190 144
190 135
187 135
187 163
195 163
195 145
207 145
207 134
211 134
211 151
201 151
201 150
200 150
200 171
182 171
182 174
189 174
189 184
178 184
178 113
162 113
162 126
157 126
157 109
156 109
156 98
210 98
210 97
237 97
237 102
247 102
247 104
232 104
232 114
221 114
221 117
216 117
216 122
217 122
217 129
231 129
231 120
226 120
226 116
243 116
243 118
236 118
236 119
244 119
244 112
234 112
234 111
242 111
242 106
248 106
248 75
238 75
238 78
246 78
246 95
219 95
219 96
155 96
155 121
150 121
150 124
146 124
146 99
138 99
138 57
147 57
147 83
143 83
143 94
159 94
159 93
229 93
229 81
233 81
233 61
220 61
220 73
218 73
218 89
214 89
214 63
213 63
213 58
208 58
208 72
204 72
204 12
225 12
225 11
198 11
198 14
203 14
203 91
185 91
185 87
183 87
183 82
149 82
149 51
136 51
136 92
134 92
134 127
164 127
164 125
176 125
176 180
177 180
177 200
175 200
175 201
171 201
171 176
131 176
131 221
