118
73 559
73 578
43 578
43 576
1 576
1 579
89 579
89 564
111 564
111 560
139 560
139 561
185 561
185 568
216 568
216 570
196 570
196 575
245 575
245 592
235 592
235 627
251 627
251 631
242 631
242 659
203 659
203 664
190 664
190 620
219 620
219 596
211 596
211 610
183 610
183 662
172 662
172 878
164 878
164 871
163 871
163 822
162 822
162 608
161 608
161 910
174 910
174 912
154 912
154 913
175 913
175 934
188 934
188 930
220 930
220 999
209 999
209 1006
225 1006
225 1012
186 1012
186 1045
168 1045
168 1058
181 1058
181 1062
167 1062
167 1039
160 1039
160 1060
165 1060
165 1181
150 1181
150 1185
42 1185
42 1190
105 1190
105 1189
170 1189
170 1066
191 1066
191 1028
226 1028
226 1023
261 1023
261 1013
227 1013
227 996
222 996
222 961
223 961
223 906
230 906
230 905
206 905
206 900
179 900
179 841
176 841
176 778
194 778
194 776
182 776
182 724
204 724
204 661
298 661
298 657
279 657
279 638
254 638
254 634
243 634
243 632
260 632
260 611
247 611
247 559
