1162
73 559
73 578
43 578
43 576
1 576
1 579
89 579
89 564
111 564
111 560
139 560
139 561
185 561
185 568
216 568
216 570
196 570
196 575
245 575
245 592
235 592
235 627
251 627
251 631
242 631
242 659
203 659
203 664
190 664
190 620
219 620
219 596
211 596
211 610
183 610
183 662
172 662
172 878
164 878
164 871
163 871
163 822
162 822
162 608
161 608
161 910
174 910
174 912
154 912
154 913
175 913
175 934
188 934
188 930
220 930
220 999
209 999
209 1006
225 1006
225 1012
186 1012
186 1045
168 1045
168 1058
181 1058
181 1062
167 1062
167 1039
160 1039
160 1060
165 1060
165 1181
150 1181
150 1185
42 1185
42 1190
6 1190
6 1209
19 1209
19 1196
94 1196
94 1215
103 1215
103 1224
109 1224
109 1221
105 1221
105 1189
155 1189
155 1212
143 1212
143 1341
138 1341
138 1441
125 1441
125 1495
124 1495
124 1469
121 1469
121 1669
122 1669
122 1628
123 1628
123 1620
126 1620
126 1533
131 1533
131 1543
128 1543
128 1686
61 1686
61 1677
50 1677
50 1673
48 1673
48 1632
77 1632
77 1639
102 1639
102 1635
116 1635
116 1633
99 1633
99 1594
7 1594
7 1593
65 1593
65 1591
5 1591
5 1589
45 1589
45 1561
66 1561
66 1554
57 1554
57 1484
38 1484
38 1448
22 1448
22 1462
12 1462
12 1485
53 1485
53 1489
34 1489
34 1496
46 1496
46 1497
35 1497
35 1529
28 1529
28 1568
30 1568
30 1583
23 1583
23 1566
24 1566
24 1525
9 1525
9 1563
2 1563
2 1680
3 1680
3 1871
4 1871
4 1601
97 1601
97 1618
90 1618
90 1627
51 1627
51 1629
41 1629
41 1911
44 1911
44 1913
40 1913
40 1965
27 1965
27 2023
25 2023
25 2031
26 2031
26 2056
31 2056
31 2060
55 2060
55 2042
64 2042
64 2082
63 2082
63 2152
69 2152
69 2081
70 2081
70 2204
86 2204
86 2239
84 2239
84 2242
93 2242
93 2163
88 2163
88 2156
76 2156
76 2131
101 2131
101 2019
106 2019
106 2054
107 2054
107 2059
112 2059
112 2245
62 2245
62 2276
58 2276
58 2302
20 2302
20 2243
21 2243
21 2240
18 2240
18 1972
14 1972
14 1964
15 1964
15 1958
13 1958
13 1815
17 1815
17 1809
11 1809
11 2125
10 2125
10 2313
29 2313
29 2351
36 2351
36 2322
80 2322
80 2300
71 2300
71 2275
95 2275
95 2273
67 2273
67 2250
115 2250
115 2219
134 2219
134 2227
142 2227
142 2259
120 2259
120 2315
118 2315
118 2360
117 2360
117 2379
360 2379
360 2376
253 2376
253 2378
130 2378
130 2367
141 2367
141 2364
156 2364
156 2352
184 2352
184 2349
259 2349
259 2374
411 2374
411 2385
429 2385
429 2399
421 2399
421 2386
419 2386
419 2411
417 2411
417 2393
397 2393
397 2394
381 2394
381 2389
374 2389
374 2402
403 2402
403 2415
428 2415
428 2401
433 2401
433 2452
680 2452
680 2451
791 2451
791 2448
469 2448
469 2445
875 2445
875 2442
823 2442
823 2438
908 2438
908 2431
1171 2431
1171 2446
927 2446
927 2454
935 2454
935 2447
1235 2447
1235 2427
1212 2427
1212 2418
1464 2418
1464 2471
1400 2471
1400 2467
1314 2467
1314 2457
1355 2457
1355 2456
1291 2456
1291 2458
1290 2458
1290 2468
1297 2468
1297 2469
1364 2469
1364 2476
1382 2476
1382 2477
1432 2477
1432 2474
1466 2474
1466 2484
1186 2484
1186 2482
1012 2482
1012 2487
778 2487
778 2483
863 2483
863 2480
839 2480
839 2464
829 2464
829 2478
813 2478
813 2479
764 2479
764 2491
1025 2491
1025 2494
582 2494
582 2492
601 2492
601 2473
574 2473
574 2495
1104 2495
1104 2493
1075 2493
1075 2490
845 2490
845 2489
1004 2489
1004 2488
1293 2488
1293 2486
1367 2486
1367 2485
1465 2485
1465 2498
1471 2498
1471 2417
1205 2417
1205 2407
1418 2407
1418 2405
1444 2405
1444 2410
1482 2410
1482 2416
1800 2416
1800 2443
1729 2443
1729 2432
1697 2432
1697 2499
1764 2499
1764 2470
1752 2470
1752 2481
1716 2481
1716 2465
1747 2465
1747 2463
1739 2463
1739 2455
1741 2455
1741 2449
1810 2449
1810 2419
1812 2419
1812 2462
1995 2462
1995 2461
1983 2461
1983 2409
1986 2409
1986 2356
1981 2356
1981 2428
1976 2428
1976 2460
1817 2460
1817 2437
1880 2437
1880 2450
1864 2450
1864 2453
1896 2453
1896 2434
1925 2434
1925 2423
1926 2423
1926 2303
1928 2303
1928 2264
1936 2264
1936 2260
1927 2260
1927 2246
1950 2246
1950 2268
2031 2268
2031 2286
2050 2286
2050 2459
2045 2459
2045 2466
2034 2466
2034 2472
2051 2472
2051 2496
2063 2496
2063 2500
2071 2500
2071 2497
2067 2497
2067 2422
2068 2422
2068 2475
2090 2475
2090 2441
2080 2441
2080 2421
2132 2421
2132 2408
2100 2408
2100 2403
2196 2403
2196 2398
2129 2398
2129 2397
2096 2397
2096 2420
2052 2420
2052 2289
2059 2289
2059 2290
2070 2290
2070 2362
2076 2362
2076 2312
2077 2312
2077 2287
2066 2287
2066 2278
2043 2278
2043 2274
2047 2274
2047 2265
2069 2265
2069 2267
2294 2267
2294 2271
2296 2271
2296 2270
2311 2270
2311 2263
2324 2263
2324 2256
2252 2256
2252 2258
2224 2258
2224 2253
2220 2253
2220 2255
2212 2255
2212 2261
2238 2261
2238 2262
2001 2262
2001 2266
1966 2266
1966 2231
1943 2231
1943 2211
1669 2211
1669 2189
1732 2189
1732 2187
1838 2187
1838 2175
1765 2175
1765 2181
1710 2181
1710 2183
1676 2183
1676 2184
1588 2184
1588 2185
1642 2185
1642 2192
1654 2192
1654 2188
1667 2188
1667 2209
1662 2209
1662 2210
1521 2210
1521 2201
1558 2201
1558 2197
1543 2197
1543 2180
1539 2180
1539 2142
1551 2142
1551 2154
1578 2154
1578 2016
1577 2016
1577 1820
1579 1820
1579 1782
1580 1782
1580 1910
1581 1910
1581 1916
1582 1916
1582 1713
1576 1713
1576 1649
1595 1649
1595 1545
1594 1545
1594 1606
1591 1606
1591 1491
1596 1491
1596 1474
1593 1474
1593 1394
1587 1394
1587 1384
1601 1384
1601 1377
1603 1377
1603 1382
1607 1382
1607 1314
1691 1314
1691 1329
1698 1329
1698 1334
1708 1334
1708 1298
1692 1298
1692 1236
1689 1236
1689 1175
1726 1175
1726 1220
1738 1220
1738 1208
1748 1208
1748 1273
1749 1273
1749 1267
1762 1267
1762 1300
1784 1300
1784 1419
1770 1419
1770 1423
1855 1423
1855 1424
1825 1424
1825 1429
1944 1429
1944 1353
1938 1353
1938 1270
1937 1270
1937 1390
1935 1390
1935 1230
1933 1230
1933 1395
1931 1395
1931 1422
1911 1422
1911 1323
1910 1323
1910 1411
1890 1411
1890 1413
1860 1413
1860 1378
1849 1378
1849 1408
1846 1408
1846 1412
1815 1412
1815 1406
1808 1406
1808 1397
1824 1397
1824 1393
1820 1393
1820 1396
1790 1396
1790 1347
1791 1347
1791 1261
1796 1261
1796 1254
1826 1254
1826 1295
1828 1295
1828 1245
1807 1245
1807 1243
1839 1243
1839 1305
1852 1305
1852 1303
1873 1303
1873 1290
1862 1290
1862 1276
1848 1276
1848 1293
1843 1293
1843 1239
1802 1239
1802 1235
1806 1235
1806 1223
1794 1223
1794 1226
1803 1226
1803 1234
1793 1234
1793 1242
1776 1242
1776 1278
1766 1278
1766 1140
1769 1140
1769 1144
1779 1144
1779 1137
1778 1137
1778 1109
1736 1109
1736 1108
1720 1108
1720 1115
1759 1115
1759 1126
1750 1126
1750 1192
1740 1192
1740 1170
1694 1170
1694 1150
1678 1150
1678 1177
1675 1177
1675 1171
1659 1171
1659 1178
1668 1178
1668 1199
1685 1199
1685 1213
1670 1213
1670 1265
1656 1265
1656 1313
1616 1313
1616 1312
1599 1312
1599 1350
1585 1350
1585 1416
1583 1416
1583 1426
1590 1426
1590 1648
1573 1648
1573 1668
1572 1668
1572 1768
1574 1768
1574 2010
1568 2010
1568 2117
1562 2117
1562 2111
1526 2111
1526 2070
1532 2070
1532 2006
1529 2006
1529 2024
1525 2024
1525 2035
1522 2035
1522 1806
1524 1806
1524 1726
1517 1726
1517 1592
1515 1592
1515 2095
1505 2095
1505 1555
1509 1555
1509 1505
1512 1505
1512 1331
1523 1331
1523 1342
1549 1342
1549 1315
1531 1315
1531 1296
1553 1296
1553 1157
1550 1157
1550 1092
1514 1092
1514 1079
1533 1079
1533 1016
1592 1016
1592 1026
1567 1026
1567 1030
1559 1030
1559 1068
1563 1068
1563 1094
1565 1094
1565 1091
1566 1091
1566 1042
1564 1042
1564 1035
1560 1035
1560 1033
1598 1033
1598 1014
1611 1014
1611 1003
1721 1003
1721 1008
1754 1008
1754 994
1751 994
1751 989
1743 989
1743 976
1730 976
1730 964
1847 964
1847 958
1978 958
1978 967
2036 967
2036 972
2035 972
2035 973
2114 973
2114 978
2112 978
2112 987
2148 987
2148 1009
2147 1009
2147 1080
2151 1080
2151 1055
2160 1055
2160 1113
2173 1113
2173 1116
2198 1116
2198 1131
2197 1131
2197 1203
2190 1203
2190 1231
2184 1231
2184 1232
2186 1232
2186 1279
2193 1279
2193 1277
2208 1277
2208 1182
2206 1182
2206 1260
2191 1260
2191 1246
2199 1246
2199 1179
2215 1179
2215 1132
2234 1132
2234 1124
2237 1124
2237 1162
2241 1162
2241 1286
2178 1286
2178 1365
2174 1365
2174 1355
2097 1355
2097 1359
2092 1359
2092 1348
2082 1348
2082 1349
2081 1349
2081 1352
2033 1352
2033 1357
2057 1357
2057 1360
2158 1360
2158 1366
2153 1366
2153 1369
2164 1369
2164 1380
2170 1380
2170 1367
2181 1367
2181 1321
2187 1321
2187 1297
2185 1297
2185 1289
2214 1289
2214 1354
2216 1354
2216 1337
2229 1337
2229 1294
2232 1294
2232 1346
2240 1346
2240 1333
2233 1333
2233 1310
2242 1310
2242 1112
2203 1112
2203 1155
2202 1155
2202 1123
2201 1123
2201 1111
2247 1111
2247 1125
2248 1125
2248 1134
2256 1134
2256 1146
2258 1146
2258 1281
2261 1281
2261 1328
2262 1328
2262 1136
2274 1136
2274 1222
2272 1222
2272 1344
2273 1344
2273 1271
2282 1271
2282 1229
2281 1229
2281 1128
2257 1128
2257 1118
2280 1118
2280 1110
2172 1110
2172 1099
2165 1099
2165 1054
2159 1054
2159 1052
2149 1052
2149 977
2121 977
2121 970
2041 970
2041 957
1723 957
1723 969
1722 969
1722 986
1727 986
1727 1000
1638 1000
1638 1001
1556 1001
1556 1015
1484 1015
1484 1077
1480 1077
1480 1090
1497 1090
1497 1093
1498 1093
1498 1072
1513 1072
1513 1101
1473 1101
1473 974
1470 974
1470 982
1461 982
1461 993
1472 993
1472 1122
1548 1122
1548 1158
1500 1158
1500 1148
1488 1148
1488 1266
1492 1266
1492 1253
1511 1253
1511 1250
1520 1250
1520 1233
1489 1233
1489 1195
1495 1195
1495 1169
1510 1169
1510 1160
1541 1160
1541 1173
1542 1173
1542 1176
1544 1176
1544 1268
1506 1268
1506 1335
1494 1335
1494 1383
1508 1383
1508 1527
1493 1527
1493 1553
1504 1553
1504 1968
1499 1968
1499 2123
1516 2123
1516 1731
1519 1731
1519 2213
1774 2213
1774 2217
1914 2217
1914 2228
1942 2228
1942 2232
1960 2232
1960 2254
1952 2254
1952 2233
1919 2233
1919 2257
1916 2257
1916 2283
1909 2283
1909 2285
1923 2285
1923 2299
1912 2299
1912 2329
1922 2329
1922 2412
1861 2412
1861 2414
1879 2414
1879 2424
1858 2424
1858 2425
1851 2425
1851 2436
1823 2436
1823 2413
1487 2413
1487 2406
1449 2406
1449 2404
1182 2404
1182 2426
1061 2426
1061 2429
978 2429
978 2430
857 2430
857 2433
841 2433
841 2435
751 2435
751 2439
546 2439
546 2440
627 2440
627 2444
435 2444
435 2372
271 2372
271 2355
335 2355
335 2348
132 2348
132 2280
145 2280
145 2279
148 2279
148 2214
144 2214
144 2206
114 2206
114 2137
119 2137
119 2108
146 2108
146 2051
108 2051
108 2002
100 2002
100 2113
78 2113
78 2104
74 2104
74 2034
39 2034
39 2030
37 2030
37 2028
33 2028
33 1982
54 1982
54 1918
47 1918
47 1866
56 1866
56 1789
85 1789
85 1783
52 1783
52 1779
75 1779
75 1698
149 1698
149 1663
199 1663
199 1658
210 1658
210 1651
201 1651
201 1641
200 1641
200 1638
158 1638
158 1636
129 1636
129 1572
140 1572
140 1542
133 1542
133 1455
136 1455
136 1454
147 1454
147 1252
157 1252
157 1238
170 1238
170 1066
191 1066
191 1028
226 1028
226 1023
261 1023
261 1013
227 1013
227 996
222 996
222 961
223 961
223 906
230 906
230 905
206 905
206 900
179 900
179 841
176 841
176 778
194 778
194 776
182 776
182 724
204 724
204 661
298 661
298 657
279 657
279 638
254 638
254 634
243 634
243 632
260 632
260 611
247 611
247 559
