204
73 559
73 578
43 578
43 576
1 576
1 579
89 579
89 564
111 564
111 560
139 560
139 561
185 561
185 568
216 568
216 570
196 570
196 575
245 575
245 592
235 592
235 627
251 627
251 631
242 631
242 659
203 659
203 664
190 664
190 620
219 620
219 596
211 596
211 610
183 610
183 662
172 662
172 878
164 878
164 871
163 871
163 822
162 822
162 608
161 608
161 910
174 910
174 912
154 912
154 913
175 913
175 934
188 934
188 930
220 930
220 999
209 999
209 1006
225 1006
225 1012
186 1012
186 1045
168 1045
168 1058
181 1058
181 1062
167 1062
167 1039
160 1039
160 1060
165 1060
165 1181
150 1181
150 1185
42 1185
42 1190
6 1190
6 1209
19 1209
19 1196
94 1196
94 1215
103 1215
103 1224
109 1224
109 1221
105 1221
105 1189
155 1189
155 1212
143 1212
143 1341
138 1341
138 1441
125 1441
125 1495
124 1495
124 1469
121 1469
121 1669
122 1669
122 1628
123 1628
123 1620
126 1620
126 1533
131 1533
131 1543
128 1543
128 1686
61 1686
61 1677
50 1677
50 1673
48 1673
48 1632
77 1632
77 1639
102 1639
102 1635
116 1635
116 1633
99 1633
99 1594
7 1594
7 1593
65 1593
65 1591
5 1591
5 1589
2 1589
2 1601
97 1601
97 1618
90 1618
90 1627
51 1627
51 1629
41 1629
41 1698
149 1698
149 1663
199 1663
199 1658
210 1658
210 1651
201 1651
201 1641
200 1641
200 1638
158 1638
158 1636
129 1636
129 1572
140 1572
140 1542
133 1542
133 1455
136 1455
136 1454
147 1454
147 1252
157 1252
157 1238
170 1238
170 1066
191 1066
191 1028
226 1028
226 1023
261 1023
261 1013
227 1013
227 996
222 996
222 961
223 961
223 906
230 906
230 905
206 905
206 900
179 900
179 841
176 841
176 778
194 778
194 776
182 776
182 724
204 724
204 661
298 661
298 657
279 657
279 638
254 638
254 634
243 634
243 632
260 632
260 611
247 611
247 559
