96
10 24
10 51
8 51
8 100
7 100
7 45
1 45
1 64
2 64
2 76
6 76
6 79
5 79
5 82
4 82
4 101
3 101
3 104
11 104
11 92
16 92
16 69
15 69
15 70
13 70
13 50
17 50
17 33
29 33
29 32
31 32
31 26
39 26
39 41
26 41
26 42
20 42
20 48
23 48
23 46
30 46
30 49
42 49
42 75
44 75
44 63
53 63
53 85
56 85
56 102
75 102
75 119
71 119
71 115
54 115
54 116
27 116
27 118
35 118
35 122
78 122
78 97
63 97
63 93
95 93
95 91
73 91
73 88
74 88
74 86
76 86
76 77
70 77
70 71
55 71
55 61
66 61
66 58
88 58
88 57
51 57
51 54
48 54
48 47
41 47
41 35
49 35
49 34
43 34
43 31
46 31
46 30
59 30
59 28
69 28
69 24
