412
103 162
103 154
90 154
90 160
67 160
67 164
152 164
152 167
151 167
151 202
147 202
147 213
190 213
190 204
203 204
203 205
206 205
206 212
217 212
217 228
197 228
197 242
341 242
341 248
330 248
330 250
318 250
318 265
321 265
321 268
361 268
361 276
367 276
367 272
366 272
366 271
370 271
370 283
355 283
355 292
359 292
359 296
360 296
360 300
310 300
310 304
285 304
285 308
204 308
204 310
121 310
121 312
108 312
108 396
112 396
112 359
110 359
110 357
113 357
113 413
117 413
117 425
96 425
96 426
68 426
68 423
50 423
50 419
61 419
61 415
53 415
53 354
72 354
72 353
62 353
62 341
31 341
31 352
3 352
3 369
1 369
1 370
2 370
2 373
36 373
36 342
49 342
49 428
157 428
157 421
118 421
118 417
146 417
146 412
124 412
124 391
123 391
123 345
149 345
149 343
115 343
115 333
186 333
186 336
244 336
244 377
246 377
246 374
249 374
249 362
255 362
255 399
238 399
238 398
242 398
242 383
231 383
231 389
227 389
227 401
201 401
201 440
202 440
202 455
189 455
189 449
185 449
185 450
171 450
171 456
167 456
167 453
160 453
160 451
95 451
95 452
19 452
19 454
10 454
10 468
5 468
5 483
7 483
7 469
8 469
8 493
12 493
12 494
9 494
9 497
14 497
14 474
21 474
21 466
16 466
16 465
32 465
32 475
33 475
33 490
30 490
30 476
26 476
26 496
29 496
29 499
34 499
34 478
39 478
39 482
65 482
65 479
74 479
74 477
107 477
107 489
156 489
156 492
162 492
162 488
205 488
205 495
170 495
170 498
220 498
220 481
209 481
209 486
154 486
154 487
109 487
109 480
128 480
128 485
134 485
134 470
120 470
120 464
91 464
91 472
88 472
88 467
82 467
82 471
86 471
86 473
46 473
46 462
144 462
144 463
155 463
155 458
42 458
42 460
84 460
84 461
23 461
23 459
11 459
11 457
210 457
210 416
226 416
226 432
223 432
223 448
232 448
232 447
243 447
243 444
282 444
282 439
301 439
301 442
292 442
292 445
395 445
395 436
337 436
337 431
354 431
354 430
335 430
335 433
328 433
328 434
296 434
296 435
336 435
336 441
372 441
372 443
313 443
313 438
274 438
274 437
230 437
230 410
228 410
228 400
248 400
248 403
258 403
258 378
270 378
270 402
269 402
269 385
266 385
266 429
289 429
289 427
272 427
272 424
295 424
295 420
277 420
277 422
271 422
271 358
278 358
278 407
299 407
299 411
334 411
334 418
378 418
378 409
352 409
352 404
365 404
365 395
339 395
339 408
325 408
325 384
332 384
332 379
346 379
346 388
344 388
344 394
348 394
348 371
317 371
317 375
297 375
297 392
279 392
279 367
286 367
286 366
288 366
288 361
287 361
287 346
291 346
291 351
294 351
294 360
331 360
331 348
293 348
293 340
322 340
322 339
265 339
265 350
256 350
256 347
262 347
262 335
235 335
235 330
193 330
193 327
191 327
191 328
188 328
188 332
122 332
122 323
127 323
127 311
159 311
159 315
169 315
169 317
143 317
143 321
172 321
172 325
178 325
178 324
247 324
247 320
252 320
252 322
267 322
267 319
333 319
333 318
208 318
208 309
276 309
276 313
306 313
306 314
327 314
327 303
345 303
345 307
347 307
347 305
363 305
363 295
368 295
368 289
369 289
369 285
371 285
371 266
358 266
358 257
324 257
324 255
353 255
353 241
298 241
298 234
376 234
376 233
356 233
356 232
234 232
234 240
215 240
215 229
224 229
224 222
222 222
222 201
179 201
179 207
158 207
158 206
153 206
153 165
164 165
164 177
168 177
168 162
