968
90 7
90 10
75 10
75 15
69 15
69 16
71 16
71 20
41 20
41 24
38 24
38 30
25 30
25 121
23 121
23 94
19 94
19 69
12 69
12 64
1 64
1 71
2 71
2 168
3 168
3 361
5 361
5 317
9 317
9 231
4 231
4 130
6 130
6 125
8 125
8 117
7 117
7 79
10 79
10 114
14 114
14 101
15 101
15 123
13 123
13 129
18 129
18 139
11 139
11 173
20 173
20 166
22 166
22 137
26 137
26 48
65 48
65 57
54 57
54 53
47 53
47 72
36 72
36 209
35 209
35 223
28 223
28 228
30 228
30 230
33 230
33 255
31 255
31 236
29 236
29 239
27 239
27 273
24 273
24 274
55 274
55 286
44 286
44 302
43 302
43 382
52 382
52 403
61 403
61 369
56 369
56 355
50 355
50 371
49 371
49 313
45 313
45 307
68 307
68 304
46 304
46 303
53 303
53 296
62 296
62 284
67 284
67 257
59 257
59 266
48 266
48 248
42 248
42 263
34 263
34 240
39 240
39 183
40 183
40 170
37 170
37 73
125 73
125 70
66 70
66 46
78 46
78 45
126 45
126 78
112 78
112 88
111 88
111 92
118 92
118 97
114 97
114 100
102 100
102 107
94 107
94 105
82 105
82 108
72 108
72 225
74 225
74 116
76 116
76 208
77 208
77 237
80 237
80 250
81 250
81 234
85 234
85 261
86 261
86 224
87 224
87 401
106 401
106 404
109 404
109 391
107 391
107 390
96 390
96 397
95 397
95 384
97 384
97 351
117 351
117 350
108 350
108 348
147 348
147 338
128 338
128 343
101 343
101 339
122 339
122 325
134 325
134 285
139 285
139 294
135 294
135 337
140 337
140 310
145 310
145 301
143 301
143 280
137 280
137 278
132 278
132 315
120 315
120 329
98 329
98 345
104 345
104 349
93 349
93 290
88 290
88 275
92 275
92 216
89 216
89 215
79 215
79 112
100 112
100 110
110 110
110 111
121 111
121 84
127 84
127 42
103 42
103 39
131 39
131 98
124 98
124 118
123 118
123 128
149 128
149 199
163 199
163 217
195 217
195 271
177 271
177 299
173 299
173 242
168 242
168 245
169 245
169 254
165 254
165 306
172 306
172 344
181 344
181 342
176 342
176 320
179 320
179 279
178 279
178 272
190 272
190 293
194 293
194 298
196 298
196 324
208 324
208 319
206 319
206 309
199 309
199 258
197 258
197 196
191 196
191 212
166 212
166 185
152 185
152 174
157 174
157 158
155 158
155 153
202 153
202 161
207 161
207 210
210 210
210 181
211 181
211 164
219 164
219 103
218 103
218 96
225 96
225 109
254 109
254 178
261 178
261 162
273 162
273 201
243 201
243 144
233 144
233 218
237 218
237 295
231 295
231 378
241 378
241 364
236 364
236 375
234 375
234 331
235 331
235 305
242 305
242 308
244 308
244 434
313 434
313 433
328 433
328 431
350 431
350 423
398 423
398 430
395 430
395 435
329 435
329 436
323 436
323 443
321 443
321 448
354 448
354 437
366 437
366 439
375 439
375 441
397 441
397 456
389 456
389 459
311 459
311 460
394 460
394 461
270 461
270 458
213 458
213 453
220 453
220 450
227 450
227 447
180 447
180 440
185 440
185 413
200 413
200 412
183 412
183 438
175 438
175 426
174 426
174 457
186 457
186 462
161 462
161 468
192 468
192 454
193 454
193 449
209 449
209 475
223 475
223 479
212 479
212 484
265 484
265 487
301 487
301 474
319 474
319 488
333 488
333 481
379 481
379 482
337 482
337 490
369 490
369 483
412 483
412 485
383 485
383 500
413 500
413 499
460 499
460 498
425 498
425 496
405 496
405 497
392 497
392 495
384 495
384 494
481 494
481 493
439 493
439 486
448 486
448 477
449 477
449 491
455 491
455 489
487 489
487 492
490 492
490 478
471 478
471 476
386 476
386 473
363 473
363 472
422 472
422 471
298 471
298 480
224 480
224 470
252 470
252 469
230 469
230 467
229 467
229 465
257 465
257 463
267 463
267 466
291 466
291 464
402 464
402 455
403 455
403 420
435 420
435 427
408 427
408 445
406 445
406 452
411 452
411 446
423 446
423 444
443 444
443 451
447 451
447 425
446 425
446 419
420 419
420 418
344 418
344 421
343 421
343 414
355 414
355 405
347 405
347 393
404 393
404 394
380 394
380 408
479 408
479 415
480 415
480 417
483 417
483 416
495 416
495 442
496 442
496 422
497 422
497 410
485 410
485 407
468 407
468 406
387 406
387 402
390 402
390 396
445 396
445 400
452 400
452 392
342 392
342 395
297 395
297 398
287 398
287 399
326 399
326 411
336 411
336 424
334 424
334 429
325 429
325 428
320 428
320 432
249 432
249 409
245 409
245 291
238 291
238 282
239 282
239 202
251 202
251 318
253 318
253 383
339 383
339 389
458 389
458 388
459 388
459 387
414 387
414 385
393 385
393 386
340 386
340 376
351 376
351 374
377 374
377 373
409 373
409 372
364 372
364 370
427 370
427 379
466 379
466 380
486 380
486 357
494 357
494 356
488 356
488 353
453 353
453 347
442 347
442 332
431 332
431 323
418 323
418 327
428 327
428 341
434 341
434 354
421 354
421 358
432 358
432 360
475 360
475 365
401 365
401 359
378 359
378 362
322 362
322 363
353 363
353 366
456 366
456 367
484 367
484 377
440 377
440 368
304 368
304 381
255 381
255 249
259 249
259 352
260 352
260 326
266 326
266 322
268 322
268 300
262 300
262 229
271 229
271 265
272 265
272 346
275 346
275 340
274 340
274 321
280 321
280 334
316 334
316 336
335 336
335 335
376 335
376 253
429 253
429 256
430 256
430 251
374 251
374 260
371 260
371 252
372 252
372 247
491 247
491 241
498 241
498 268
493 268
493 262
489 262
489 264
470 264
470 267
472 267
472 270
469 270
469 276
461 276
461 283
437 283
437 281
419 281
419 287
407 287
407 289
462 289
462 297
478 297
478 292
474 292
474 269
499 269
499 277
500 277
500 238
482 238
482 243
391 243
391 244
370 244
370 328
367 328
367 312
346 312
346 311
318 311
318 314
310 314
310 200
305 200
305 151
303 151
303 142
361 142
361 150
365 150
365 156
348 156
348 157
345 157
345 172
349 172
349 175
359 175
359 182
356 182
356 188
357 188
357 190
331 190
331 193
327 193
327 204
341 204
341 206
352 206
352 197
358 197
358 191
360 191
360 186
381 186
381 189
424 189
424 205
388 205
388 207
382 207
382 226
399 226
399 227
410 227
410 235
457 235
457 232
492 232
492 221
477 221
477 222
416 222
416 220
385 220
385 219
400 219
400 214
465 214
465 213
417 213
417 211
441 211
441 198
450 198
450 195
436 195
436 194
463 194
463 192
438 192
438 187
464 187
464 184
396 184
396 180
426 180
426 171
444 171
444 169
476 169
476 148
467 148
467 147
454 147
454 145
433 145
433 152
473 152
473 165
451 165
451 167
415 167
415 176
373 176
373 179
368 179
368 136
330 136
330 141
306 141
306 135
309 135
309 132
312 132
312 131
324 131
324 133
338 133
338 126
332 126
332 120
315 120
315 115
307 115
307 134
295 134
295 246
294 246
294 259
299 259
299 330
300 330
300 154
302 154
302 333
289 333
289 233
283 233
283 203
285 203
285 160
282 160
282 288
278 288
278 316
277 316
277 177
276 177
276 138
264 138
264 155
263 155
263 113
293 113
293 102
248 102
248 106
226 106
226 86
222 86
222 55
232 55
232 59
240 59
240 63
246 63
246 82
250 82
250 60
256 60
256 56
258 56
258 67
288 67
288 74
284 74
284 76
296 76
296 85
314 85
314 87
292 87
292 93
362 93
362 89
317 89
317 83
308 83
308 65
290 65
290 61
281 61
281 58
286 58
286 44
269 44
269 47
215 47
215 43
228 43
228 41
214 41
214 49
187 49
187 90
184 90
184 75
164 75
164 77
182 77
182 80
171 80
171 99
189 99
189 91
188 91
188 54
201 54
201 66
198 66
198 81
203 81
203 50
279 50
279 51
247 51
247 52
221 52
221 95
216 95
216 124
217 124
217 159
205 159
205 146
204 146
204 149
159 149
159 143
158 143
158 140
153 140
153 163
151 163
151 127
146 127
146 119
130 119
130 122
129 122
129 104
133 104
133 37
113 37
113 38
63 38
63 40
32 40
32 36
57 36
57 33
58 33
58 28
60 28
60 22
51 22
51 21
70 21
70 25
83 25
83 12
99 12
99 8
115 8
115 14
105 14
105 27
138 27
138 31
73 31
73 29
64 29
64 32
154 32
154 26
116 26
116 9
136 9
136 7
