292
114 65
114 11
98 11
98 24
94 24
94 20
67 20
67 17
61 17
61 13
17 13
17 54
15 54
15 61
2 61
2 78
3 78
3 88
1 88
1 112
9 112
9 106
10 106
10 145
12 145
12 104
6 104
6 98
13 98
13 97
4 97
4 93
11 93
11 89
8 89
8 76
5 76
5 69
7 69
7 63
19 63
19 49
21 49
21 50
29 50
29 47
99 47
99 42
73 42
73 36
69 36
69 43
63 43
63 44
48 44
48 45
27 45
27 37
25 37
25 48
18 48
18 23
34 23
34 19
23 19
23 18
33 18
33 15
58 15
58 22
38 22
38 25
110 25
110 21
112 21
112 40
108 40
108 34
101 34
101 46
109 46
109 82
90 82
90 81
85 81
85 83
77 83
77 86
107 86
107 85
133 85
133 74
151 74
151 84
144 84
144 115
137 115
137 114
128 114
128 107
82 107
82 103
125 103
125 102
80 102
80 105
81 105
81 108
124 108
124 128
131 128
131 133
78 133
78 129
57 129
57 117
46 117
46 121
31 121
31 118
22 118
22 169
36 169
36 172
79 172
79 173
106 173
106 171
127 171
127 178
180 178
180 182
178 182
178 184
142 184
142 185
104 185
104 188
95 188
95 191
91 191
91 197
75 197
75 194
68 194
68 204
59 204
59 202
49 202
49 196
50 196
50 192
41 192
41 199
30 199
30 212
39 212
39 213
42 213
42 203
43 203
43 216
44 216
44 221
40 221
40 234
55 234
55 232
60 232
60 237
76 237
76 236
92 236
92 235
150 235
150 233
204 233
204 231
65 231
65 230
121 230
121 227
197 227
197 223
222 223
222 229
232 229
232 241
194 241
194 239
83 239
83 238
72 238
72 240
113 240
113 248
140 248
140 250
186 250
186 247
174 247
174 246
189 246
189 243
192 243
192 245
205 245
205 249
206 249
206 244
209 244
209 242
233 242
233 218
240 218
240 198
245 198
245 179
236 179
236 183
237 183
237 208
220 208
220 214
219 214
219 181
217 181
217 215
229 215
229 210
230 210
230 224
225 224
225 222
188 222
188 225
120 225
120 228
64 228
64 226
56 226
56 219
86 219
86 217
93 217
93 211
45 211
45 206
54 206
54 205
97 205
97 189
122 189
122 187
129 187
129 186
185 186
185 177
130 177
130 175
145 175
145 170
115 170
115 168
84 168
84 167
71 167
71 166
24 166
24 122
51 122
51 119
52 119
52 134
134 134
134 127
135 127
135 120
152 120
152 99
147 99
147 90
156 90
156 80
153 80
153 70
126 70
126 77
123 77
123 79
119 79
119 65
