130
92 99
92 94
100 94
100 90
93 90
93 77
97 77
97 49
87 49
87 39
68 39
68 38
27 38
27 35
81 35
81 34
7 34
7 21
17 21
17 3
1 3
1 5
12 5
12 14
3 14
3 20
6 20
6 40
83 40
83 58
89 58
89 60
65 60
65 51
37 51
37 48
71 48
71 43
74 43
74 41
19 41
19 46
16 46
16 56
11 56
11 45
8 45
8 47
10 47
10 57
9 57
9 80
4 80
4 81
18 81
18 53
20 53
20 55
24 55
24 61
69 61
69 62
23 62
23 70
44 70
44 68
38 68
38 69
36 69
36 67
55 67
55 63
63 63
63 72
61 72
61 74
76 74
76 83
40 83
40 82
25 82
25 79
28 79
28 76
21 76
21 88
35 88
35 84
77 84
77 89
78 89
78 66
86 66
86 65
88 65
88 105
102 105
102 106
159 106
159 107
126 107
126 109
163 109
163 110
156 110
156 112
149 112
149 120
99 120
99 115
110 115
110 111
96 111
96 116
95 116
95 121
157 121
157 117
165 117
165 114
172 114
172 104
103 104
103 103
153 103
153 102
90 102
90 101
160 101
160 99
