112
212 1184
212 1191
180 1191
180 1182
31 1182
31 1186
62 1186
62 1188
34 1188
34 1195
1 1195
1 1196
37 1196
37 1193
61 1193
61 1199
65 1199
65 1189
74 1189
74 1183
155 1183
155 1185
169 1185
169 1187
179 1187
179 1197
191 1197
191 1198
195 1198
195 1200
213 1200
213 1192
236 1192
236 1203
192 1203
192 1201
83 1201
83 1204
53 1204
53 1205
40 1205
40 1206
153 1206
153 1208
178 1208
178 1215
184 1215
184 1219
174 1219
174 1220
260 1220
260 1241
243 1241
243 1227
231 1227
231 1221
168 1221
168 1210
154 1210
154 1213
27 1213
27 1216
146 1216
146 1225
96 1225
96 1223
66 1223
66 1224
86 1224
86 1229
36 1229
36 1231
51 1231
51 1239
57 1239
57 1234
150 1234
150 1237
151 1237
151 1233
171 1233
171 1232
94 1232
94 1226
194 1226
194 1236
182 1236
182 1243
275 1243
275 1230
277 1230
277 1228
292 1228
292 1238
324 1238
324 1235
296 1235
296 1222
280 1222
280 1217
185 1217
185 1207
244 1207
244 1202
256 1202
256 1162
247 1162
247 1169
242 1169
242 1174
248 1174
248 1184
