336
5 12
5 21
4 21
4 11
1 11
1 28
2 28
2 27
6 27
6 71
3 71
3 78
10 78
10 76
11 76
11 24
12 24
12 58
14 58
14 35
24 35
24 75
16 75
16 81
26 81
26 67
25 67
25 33
20 33
20 31
27 31
27 26
21 26
21 22
9 22
9 32
8 32
8 65
7 65
7 19
18 19
18 15
13 15
13 13
38 13
38 20
71 20
71 23
73 23
73 25
68 25
68 38
76 38
76 36
80 36
80 29
81 29
81 62
78 62
78 64
65 64
65 74
72 74
72 66
82 66
82 90
67 90
67 113
69 113
69 121
83 121
83 126
63 126
63 34
64 34
64 30
60 30
60 147
52 147
52 124
54 124
54 118
59 118
59 56
32 56
32 42
43 42
43 39
30 39
30 63
34 63
34 70
36 70
36 73
31 73
31 87
35 87
35 138
33 138
33 152
37 152
37 60
42 60
42 98
48 98
48 69
56 69
56 80
58 80
58 107
57 107
57 106
55 106
55 83
53 83
53 92
51 92
51 155
61 155
61 117
62 117
62 148
84 148
84 141
85 141
85 154
75 154
75 172
99 172
99 167
115 167
115 165
112 165
112 157
124 157
124 158
132 158
132 142
138 142
138 177
135 177
135 197
139 197
139 143
141 143
141 151
144 151
144 144
148 144
148 153
149 153
149 183
159 183
159 194
175 194
175 192
168 192
168 188
193 188
193 191
197 191
197 189
200 189
200 187
192 187
192 184
202 184
202 182
235 182
235 169
233 169
233 119
243 119
243 163
238 163
238 173
237 173
237 239
225 239
225 235
219 235
219 240
213 240
213 227
180 227
180 229
150 229
150 226
126 226
126 221
127 221
127 216
171 216
171 215
182 215
182 218
188 218
188 212
215 212
215 211
208 211
208 206
201 206
201 202
165 202
165 203
194 203
194 208
137 208
137 210
133 210
133 214
128 214
128 198
123 198
123 224
120 224
120 228
109 228
109 209
117 209
117 205
107 205
107 217
103 217
103 207
92 207
92 219
91 219
91 204
104 204
104 200
49 200
49 199
45 199
45 201
79 201
79 213
50 213
50 220
88 220
88 222
89 222
89 223
74 223
74 225
77 225
77 234
98 234
98 232
142 232
142 233
167 233
167 237
177 237
177 238
179 238
179 231
119 231
119 230
211 230
211 241
228 241
228 242
210 242
210 244
191 244
191 246
181 246
181 249
186 249
186 250
196 250
196 248
204 248
204 245
222 245
222 243
232 243
232 247
239 247
239 236
242 236
242 195
241 195
241 196
240 196
240 170
245 170
245 175
246 175
246 190
244 190
244 193
249 193
249 186
247 186
247 185
250 185
250 150
248 150
248 115
231 115
231 178
229 178
229 180
212 180
212 181
160 181
160 176
183 176
183 174
161 174
161 168
155 168
155 139
131 139
131 146
129 146
129 156
106 156
106 166
94 166
94 171
90 171
90 162
93 162
93 161
87 161
87 116
70 116
70 91
86 91
86 18
44 18
44 12
