174
127 65
127 75
131 75
131 84
124 84
124 101
121 101
121 89
105 89
105 82
90 82
90 72
78 72
78 59
65 59
65 110
64 110
64 125
67 125
67 134
54 134
54 108
63 108
63 107
62 107
62 103
55 103
55 23
3 23
3 91
4 91
4 60
6 60
6 140
8 140
8 146
2 146
2 141
1 141
1 147
11 147
11 94
9 94
9 61
10 61
10 81
12 81
12 116
13 116
13 109
14 109
14 70
16 70
16 98
17 98
17 55
21 55
21 44
7 44
7 35
15 35
15 37
22 37
22 31
18 31
18 30
40 30
40 43
44 43
44 27
30 27
30 24
46 24
46 115
41 115
41 112
31 112
31 121
32 121
32 123
24 123
24 124
28 124
28 127
33 127
33 130
34 130
34 145
35 145
35 149
43 149
43 137
38 137
38 126
48 126
48 113
51 113
51 33
49 33
49 50
50 50
50 111
47 111
47 28
52 28
52 93
53 93
53 135
71 135
71 120
72 120
72 117
86 117
86 118
88 118
88 129
80 129
80 133
93 133
93 138
100 138
100 150
104 150
104 148
108 148
108 144
102 144
102 143
101 143
101 142
103 142
103 139
106 139
106 136
97 136
97 131
96 131
96 128
95 128
95 122
89 122
89 119
99 119
99 114
70 114
70 106
66 106
66 64
68 64
68 78
69 78
69 71
77 71
77 79
76 79
76 85
98 85
98 90
113 90
113 92
111 92
111 96
119 96
119 102
128 102
128 100
137 100
137 97
138 97
138 68
136 68
136 95
133 95
133 65
