194
6 2
6 27
5 27
5 29
7 29
7 35
4 35
4 26
1 26
1 40
12 40
12 43
2 43
2 46
25 46
25 53
60 53
60 54
55 54
55 55
53 55
53 56
67 56
67 52
75 52
75 58
64 58
64 57
35 57
35 60
33 60
33 61
18 61
18 59
14 59
14 70
17 70
17 91
15 91
15 93
27 93
27 92
65 92
65 88
61 88
61 86
70 86
70 84
68 84
68 77
47 77
47 80
58 80
58 83
54 83
54 89
52 89
52 90
44 90
44 78
42 78
42 79
36 79
36 87
24 87
24 74
31 74
31 75
38 75
38 76
39 76
39 71
40 71
40 72
51 72
51 68
74 68
74 65
37 65
37 66
63 66
63 67
48 67
48 69
20 69
20 63
45 63
45 64
69 64
69 62
76 62
76 49
32 49
32 48
62 48
62 47
28 47
28 45
16 45
16 41
19 41
19 38
46 38
46 32
41 32
41 31
30 31
30 37
29 37
29 28
13 28
13 36
11 36
11 33
8 33
8 7
9 7
9 3
10 3
10 8
22 8
22 9
26 9
26 10
73 10
73 11
57 11
57 16
59 16
59 23
56 23
56 14
50 14
50 12
43 12
43 20
49 20
49 24
72 24
72 21
71 21
71 18
79 18
79 13
81 13
81 34
80 34
80 39
83 39
83 73
84 73
84 42
91 42
91 51
92 51
92 44
98 44
98 82
93 82
93 81
89 81
89 94
85 94
85 95
95 95
95 85
97 85
97 97
78 97
78 96
77 96
77 98
86 98
86 99
96 99
96 100
99 100
99 50
100 50
100 30
82 30
82 22
90 22
90 19
94 19
94 17
88 17
88 15
87 15
87 6
34 6
34 5
23 5
23 2
