126
162 347
162 336
181 336
181 335
204 335
204 334
235 334
235 330
274 330
274 328
255 328
255 322
276 322
276 307
283 307
283 306
268 306
268 304
245 304
245 303
248 303
248 298
200 298
200 292
208 292
208 278
161 278
161 291
105 291
105 280
70 280
70 310
55 310
55 315
88 315
88 317
53 317
53 318
71 318
71 332
76 332
76 326
78 326
78 331
87 331
87 341
89 341
89 350
15 350
15 355
8 355
8 319
3 319
3 262
1 262
1 308
2 308
2 344
6 344
6 345
5 345
5 356
21 356
21 351
64 351
64 352
86 352
86 353
72 353
72 357
34 357
34 359
77 359
77 358
85 358
85 360
26 360
26 362
59 362
59 363
93 363
93 312
92 312
92 311
82 311
82 281
103 281
103 283
96 283
96 349
101 349
101 368
114 368
114 361
109 361
109 348
102 348
102 296
97 296
97 293
194 293
194 286
198 286
198 285
203 285
203 290
196 290
196 301
224 301
224 313
228 313
228 316
229 316
229 320
254 320
254 323
163 323
163 325
185 325
185 324
243 324
243 329
212 329
212 333
160 333
160 347
