76
161 286
161 291
105 291
105 280
70 280
70 310
55 310
55 315
88 315
88 317
53 317
53 318
71 318
71 332
76 332
76 326
78 326
78 331
87 331
87 341
89 341
89 350
15 350
15 355
8 355
8 319
3 319
3 262
1 262
1 308
2 308
2 344
6 344
6 345
5 345
5 356
21 356
21 351
64 351
64 352
86 352
86 353
72 353
72 357
34 357
34 359
77 359
77 358
85 358
85 360
26 360
26 362
59 362
59 363
93 363
93 312
92 312
92 311
82 311
82 281
103 281
103 283
96 283
96 349
101 349
101 368
114 368
114 361
109 361
109 348
102 348
102 296
97 296
97 293
194 293
194 286
