110
113 791
113 717
109 717
109 667
143 667
143 660
40 660
40 634
41 634
41 618
15 618
15 602
1 602
1 622
37 622
37 657
36 657
36 665
82 665
82 701
78 701
78 751
88 751
88 661
107 661
107 714
106 714
106 776
60 776
60 767
58 767
58 787
51 787
51 959
50 959
50 880
46 880
46 892
44 892
44 905
47 905
47 885
48 885
48 1051
49 1051
49 1066
64 1066
64 996
63 996
63 1044
54 1044
54 995
65 995
65 1086
80 1086
80 1104
146 1104
146 1106
218 1106
218 1094
265 1094
265 1081
267 1081
267 1103
288 1103
288 1096
296 1096
296 1098
378 1098
378 1088
315 1088
315 1084
363 1084
363 1080
231 1080
231 1089
189 1089
189 1091
178 1091
178 1100
105 1100
105 1074
87 1074
87 1073
562 1073
562 1072
176 1072
176 1069
77 1069
77 1067
66 1067
66 1054
85 1054
85 1052
68 1052
68 979
53 979
53 874
59 874
59 854
56 854
56 849
52 849
52 815
102 815
102 812
73 812
73 793
201 793
201 791
