432
113 791
113 717
109 717
109 667
143 667
143 660
40 660
40 634
41 634
41 618
15 618
15 602
1 602
1 622
37 622
37 657
36 657
36 665
82 665
82 701
78 701
78 751
88 751
88 661
107 661
107 714
106 714
106 776
60 776
60 767
58 767
58 787
51 787
51 959
50 959
50 880
46 880
46 892
44 892
44 905
47 905
47 885
48 885
48 1051
49 1051
49 1066
64 1066
64 996
63 996
63 1044
54 1044
54 995
65 995
65 1086
80 1086
80 1104
146 1104
146 1106
218 1106
218 1094
265 1094
265 1081
267 1081
267 1103
288 1103
288 1096
296 1096
296 1098
338 1098
338 1109
337 1109
337 1127
324 1127
324 1126
329 1126
329 1118
278 1118
278 1122
263 1122
263 1117
313 1117
313 1114
182 1114
182 1116
257 1116
257 1123
212 1123
212 1121
181 1121
181 1107
177 1107
177 1125
95 1125
95 1158
76 1158
76 1174
97 1174
97 1182
117 1182
117 1172
133 1172
133 1170
100 1170
100 1169
145 1169
145 1150
184 1150
184 1157
193 1157
193 1151
247 1151
247 1178
245 1178
245 1183
241 1183
241 1205
233 1205
233 1221
290 1221
290 1214
487 1214
487 1215
422 1215
422 1216
335 1216
335 1217
671 1217
671 1206
801 1206
801 1204
697 1204
697 1203
918 1203
918 1199
997 1199
997 1201
993 1201
993 1222
1002 1222
1002 1197
876 1197
876 1202
644 1202
644 1208
631 1208
631 1200
628 1200
628 1207
625 1207
625 1209
630 1209
630 1210
585 1210
585 1211
576 1211
576 1212
286 1212
286 1219
258 1219
258 1195
275 1195
275 1198
285 1198
285 1194
281 1194
281 1184
254 1184
254 1190
248 1190
248 1144
235 1144
235 1145
147 1145
147 1142
101 1142
101 1128
397 1128
397 1164
405 1164
405 1166
428 1166
428 1141
444 1141
444 1163
451 1163
451 1181
548 1181
548 1179
531 1179
531 1162
509 1162
509 1173
452 1173
452 1153
449 1153
449 1152
476 1152
476 1140
434 1140
434 1138
497 1138
497 1148
536 1148
536 1075
530 1075
530 1090
521 1090
521 1077
493 1077
493 1078
499 1078
499 1093
463 1093
463 1095
431 1095
431 1099
510 1099
510 1101
478 1101
478 1108
484 1108
484 1120
516 1120
516 1097
502 1097
502 1092
527 1092
527 1129
534 1129
534 1137
411 1137
411 1124
359 1124
359 1110
378 1110
378 1088
315 1088
315 1084
363 1084
363 1080
231 1080
231 1089
189 1089
189 1091
178 1091
178 1100
105 1100
105 1074
87 1074
87 1073
562 1073
562 1070
559 1070
559 1071
508 1071
508 1072
176 1072
176 1069
77 1069
77 1067
66 1067
66 1054
85 1054
85 1002
86 1002
86 932
93 932
93 884
112 884
112 893
116 893
116 882
83 882
83 1042
79 1042
79 1022
71 1022
71 975
72 975
72 907
70 907
70 1052
68 1052
68 979
53 979
53 874
59 874
59 854
56 854
56 849
52 849
52 815
102 815
102 812
73 812
73 793
163 793
163 846
162 846
162 850
160 850
160 811
152 811
152 929
158 929
158 894
156 894
156 860
157 860
157 864
167 864
167 819
173 819
173 816
171 816
171 794
185 794
185 808
192 808
192 830
187 830
187 1028
198 1028
198 962
264 962
264 980
222 980
222 994
211 994
211 1030
302 1030
302 1032
323 1032
323 1036
398 1036
398 1050
373 1050
373 1053
379 1053
379 1055
360 1055
360 1057
321 1057
321 1063
362 1063
362 1059
424 1059
424 1047
468 1047
468 1065
512 1065
512 1064
504 1064
504 1056
546 1056
546 1043
503 1043
503 1061
469 1061
469 982
467 982
467 998
465 998
465 997
460 997
460 1023
453 1023
453 1021
429 1021
429 1016
380 1016
380 1019
417 1019
417 1029
230 1029
230 1026
238 1026
238 1013
223 1013
223 987
260 987
260 985
304 985
304 991
293 991
293 1014
301 1014
301 1004
307 1004
307 986
311 986
311 999
312 999
312 973
306 973
306 984
289 984
289 948
340 948
340 954
355 954
355 957
394 957
394 971
426 971
426 974
491 974
491 972
518 972
518 944
410 944
410 947
488 947
488 950
439 950
439 956
517 956
517 963
477 963
477 967
403 967
403 953
400 953
400 943
243 943
243 951
240 951
240 941
191 941
191 837
201 837
201 791
