216
7 135
7 114
8 114
8 52
6 52
6 25
1 25
1 30
3 30
3 32
5 32
5 139
22 139
22 145
2 145
2 148
30 148
30 142
26 142
26 140
24 140
24 137
29 137
29 136
33 136
33 150
34 150
34 149
35 149
35 134
28 134
28 124
32 124
32 127
52 127
52 116
57 116
57 126
82 126
82 125
107 125
107 128
62 128
62 129
63 129
63 130
47 130
47 133
106 133
106 131
135 131
135 144
114 144
114 147
147 147
147 146
144 146
144 143
137 143
137 141
146 141
146 111
149 111
149 99
143 99
143 92
150 92
150 89
142 89
142 79
136 79
136 77
139 77
139 66
145 66
145 62
133 62
133 54
120 54
120 49
129 49
129 46
124 46
124 40
126 40
126 39
108 39
108 35
73 35
73 16
70 16
70 31
69 31
69 28
68 28
68 20
64 20
64 34
53 34
53 45
48 45
48 50
59 50
59 44
60 44
60 41
58 41
58 38
65 38
65 37
66 37
66 36
89 36
89 42
116 42
116 60
110 60
110 61
118 61
118 64
100 64
100 51
90 51
90 48
103 48
103 47
77 47
77 53
80 53
80 63
81 63
81 58
84 58
84 69
74 69
74 72
93 72
93 70
92 70
92 65
115 65
115 67
113 67
113 73
105 73
105 74
40 74
40 87
43 87
43 86
44 86
44 88
23 88
23 96
25 96
25 90
31 90
31 91
56 91
56 93
55 93
55 107
51 107
51 98
39 98
39 95
50 95
50 94
38 94
38 108
71 108
71 104
88 104
88 103
99 103
99 101
112 101
112 100
67 100
67 84
75 84
75 83
46 83
46 75
54 75
54 76
111 76
111 80
123 80
123 71
130 71
130 81
141 81
141 106
148 106
148 109
132 109
132 113
128 113
128 117
109 117
109 122
96 122
96 123
85 123
85 121
61 121
61 115
37 115
37 120
19 120
19 132
20 132
20 138
14 138
14 135
