106
7 135
7 114
8 114
8 52
6 52
6 25
1 25
1 30
3 30
3 32
5 32
5 139
22 139
22 145
2 145
2 148
30 148
30 142
26 142
26 140
24 140
24 137
29 137
29 136
33 136
33 150
34 150
34 149
35 149
35 134
28 134
28 124
32 124
32 127
52 127
52 116
57 116
57 126
82 126
82 125
107 125
107 128
62 128
62 129
63 129
63 130
47 130
47 133
106 133
106 131
135 131
135 144
114 144
114 147
147 147
147 146
144 146
144 143
137 143
137 141
146 141
146 111
149 111
149 99
143 99
143 92
150 92
150 89
142 89
142 79
136 79
136 77
139 77
139 67
113 67
113 73
105 73
105 74
123 74
123 71
130 71
130 81
141 81
141 106
148 106
148 109
132 109
132 113
128 113
128 117
109 117
109 122
96 122
96 123
85 123
85 121
61 121
61 115
37 115
37 120
19 120
19 132
20 132
20 138
14 138
14 135
