350
161 8
161 22
155 22
155 24
145 24
145 28
127 28
127 26
110 26
110 17
57 17
57 43
56 43
56 74
55 74
55 73
54 73
54 34
53 34
53 97
58 97
58 106
50 106
50 108
30 108
30 104
37 104
37 88
31 88
31 95
29 95
29 81
49 81
49 64
48 64
48 39
36 39
36 33
28 33
28 53
21 53
21 36
15 36
15 38
3 38
3 35
2 35
2 44
4 44
4 42
20 42
20 45
16 45
16 57
34 57
34 47
47 47
47 77
27 77
27 79
19 79
19 67
11 67
11 78
5 78
5 110
6 110
6 84
7 84
7 80
24 80
24 111
61 111
61 130
77 130
77 149
74 149
74 151
41 151
41 147
42 147
42 139
23 139
23 146
9 146
9 153
10 153
10 155
38 155
38 152
44 152
44 158
64 158
64 159
43 159
43 165
1 165
1 175
8 175
8 179
17 179
17 178
25 178
25 176
35 176
35 174
18 174
18 166
45 166
45 170
71 170
71 157
78 157
78 131
79 131
79 140
87 140
87 138
80 138
80 135
82 135
82 124
62 124
62 41
63 41
63 21
109 21
109 30
122 30
122 31
126 31
126 29
163 29
163 23
162 23
162 19
167 19
167 10
203 10
203 156
201 156
201 93
200 93
200 102
198 102
198 133
197 133
197 160
192 160
192 144
193 144
193 116
196 116
196 92
194 92
194 51
191 51
191 85
190 85
190 137
189 137
189 16
178 16
178 52
182 52
182 50
183 50
183 54
181 54
181 55
174 55
174 59
172 59
172 61
132 61
132 65
123 65
123 70
164 70
164 69
159 69
159 68
154 68
154 62
179 62
179 72
171 72
171 76
184 76
184 27
188 27
188 128
187 128
187 91
177 91
177 96
173 96
173 90
144 90
144 103
186 103
186 118
160 118
160 117
140 117
140 132
133 132
133 145
136 145
136 164
146 164
146 126
175 126
175 142
176 142
176 148
185 148
185 180
195 180
195 168
199 168
199 182
209 182
209 171
210 171
210 167
214 167
214 173
219 173
219 196
224 196
224 197
217 197
217 200
221 200
221 205
212 205
212 203
180 203
180 202
157 202
157 204
153 204
153 201
148 201
148 189
169 189
169 193
165 193
165 198
202 198
202 190
170 190
170 186
129 186
129 188
124 188
124 209
104 209
104 187
111 187
111 183
108 183
108 184
84 184
84 214
81 214
81 219
90 219
90 224
88 224
88 232
92 232
92 226
96 226
96 216
85 216
85 208
91 208
91 207
102 207
102 211
106 211
106 213
125 213
125 210
130 210
130 194
139 194
139 195
143 195
143 192
147 192
147 228
137 228
137 220
120 220
120 221
131 221
131 236
128 236
128 233
105 233
105 241
67 241
67 242
76 242
76 244
46 244
46 246
60 246
60 249
33 249
33 234
32 234
32 240
14 240
14 239
26 239
26 237
12 237
12 250
70 250
70 248
65 248
65 247
99 247
99 245
118 245
118 243
117 243
117 238
166 238
166 231
149 231
149 218
152 218
152 206
232 206
232 191
235 191
235 185
220 185
220 163
208 163
208 169
205 169
205 115
204 115
204 8
