88
11 97
11 43
3 43
3 32
5 32
5 12
15 12
15 11
1 11
1 105
6 105
6 54
4 54
4 72
2 72
2 45
10 45
10 66
7 66
7 67
9 67
9 119
34 119
34 116
36 116
36 15
146 15
146 122
145 122
145 22
63 22
63 20
56 20
56 17
46 17
46 48
60 48
60 44
62 44
62 41
50 41
50 30
65 30
65 29
87 29
87 27
47 27
47 23
139 23
139 25
143 25
143 68
130 68
130 88
129 88
129 69
128 69
128 76
126 76
126 70
122 70
122 78
117 78
117 98
124 98
124 89
135 89
135 73
138 73
138 99
137 99
137 103
127 103
127 104
141 104
141 126
148 126
148 14
35 14
35 108
33 108
33 117
25 117
25 118
12 118
12 107
32 107
32 97
