266
11 3
11 2
1 2
1 5
49 5
49 4
71 4
71 10
73 10
73 9
74 9
74 17
93 17
93 14
86 14
86 8
131 8
131 12
105 12
105 19
88 19
88 22
77 22
77 25
65 25
65 20
58 20
58 23
44 23
44 21
36 21
36 27
92 27
92 30
94 30
94 33
107 33
107 28
110 28
110 26
114 26
114 34
119 34
119 24
112 24
112 13
121 13
121 15
136 15
136 18
135 18
135 16
125 16
125 29
120 29
120 125
118 125
118 67
117 67
117 94
115 94
115 79
108 79
108 72
109 72
109 51
111 51
111 44
95 44
95 41
91 41
91 61
104 61
104 71
89 71
89 77
100 77
100 81
31 81
31 63
38 63
38 48
40 48
40 70
43 70
43 78
83 78
83 35
79 35
79 46
64 46
64 36
63 36
63 37
37 37
37 38
33 38
33 39
52 39
52 43
53 43
53 42
62 42
62 59
75 59
75 53
76 53
76 64
57 64
57 65
51 65
51 69
46 69
46 50
55 50
55 45
17 45
17 54
2 54
2 89
9 89
9 124
14 124
14 139
16 139
16 148
22 148
22 146
25 146
25 143
27 143
27 142
29 142
29 136
24 136
24 145
21 145
21 138
18 138
18 123
10 123
10 84
7 84
7 74
8 74
8 73
5 73
5 85
6 85
6 87
3 87
3 66
4 66
4 55
13 55
13 62
15 62
15 58
19 58
19 49
32 49
32 56
26 56
26 83
80 83
80 82
96 82
96 116
59 116
59 114
70 114
70 105
69 105
69 103
66 103
66 112
60 112
60 106
48 106
48 91
47 91
47 109
45 109
45 98
39 98
39 99
30 99
30 93
28 93
28 100
20 100
20 104
12 104
12 108
23 108
23 111
35 111
35 115
50 115
50 117
34 117
34 122
54 122
54 121
61 121
61 119
67 119
67 120
103 120
103 113
106 113
106 107
102 107
102 118
97 118
97 101
98 101
98 97
101 97
101 80
113 80
113 96
116 96
116 128
81 128
81 134
78 134
78 126
68 126
68 137
56 137
56 127
42 127
42 130
41 130
41 140
72 140
72 144
90 144
90 141
87 141
87 131
99 131
99 135
130 135
130 132
122 132
122 31
129 31
129 32
123 32
123 60
138 60
138 57
128 57
128 47
133 47
133 40
140 40
140 11
132 11
132 7
82 7
82 6
85 6
85 3
