138
11 3
11 2
1 2
1 5
49 5
49 4
71 4
71 10
73 10
73 9
74 9
74 17
93 17
93 14
86 14
86 8
131 8
131 12
105 12
105 19
88 19
88 22
77 22
77 25
65 25
65 20
58 20
58 23
44 23
44 21
36 21
36 27
92 27
92 30
94 30
94 33
107 33
107 28
110 28
110 26
114 26
114 34
119 34
119 24
112 24
112 13
121 13
121 15
136 15
136 18
135 18
135 16
125 16
125 29
120 29
120 125
118 125
118 94
115 94
115 79
108 79
108 72
109 72
109 51
111 51
111 44
95 44
95 41
91 41
91 61
104 61
104 71
89 71
89 77
100 77
100 81
31 81
31 63
38 63
38 48
17 48
17 54
2 54
2 89
9 89
9 124
14 124
14 139
16 139
16 148
22 148
22 146
25 146
25 143
27 143
27 142
29 142
29 136
24 136
24 145
21 145
21 138
18 138
18 123
10 123
10 84
7 84
7 74
5 74
5 85
6 85
6 87
3 87
3 66
4 66
4 55
19 55
19 49
32 49
32 56
26 56
26 82
101 82
101 80
113 80
113 96
116 96
116 128
122 128
122 31
140 31
140 11
132 11
132 7
82 7
82 6
85 6
85 3
