364
2 7
2 16
1 16
1 24
3 24
3 30
4 30
4 19
42 19
42 18
54 18
54 14
29 14
29 13
11 13
11 15
5 15
5 10
15 10
15 11
64 11
64 23
60 23
60 42
35 42
35 45
40 45
40 46
27 46
27 51
33 51
33 47
52 47
52 53
58 53
58 44
87 44
87 41
104 41
104 39
105 39
105 40
162 40
162 50
200 50
200 52
179 52
179 55
188 55
188 56
196 56
196 59
214 59
214 60
215 60
215 66
225 66
225 64
230 64
230 72
228 72
228 103
229 103
229 114
222 114
222 97
221 97
221 116
231 116
231 77
232 77
232 129
216 129
216 128
210 128
210 98
204 98
204 101
208 101
208 107
172 107
172 109
209 109
209 130
211 130
211 136
187 136
187 134
186 134
186 122
169 122
169 159
171 159
171 148
178 148
178 163
170 163
170 167
158 167
158 180
167 180
167 181
174 181
174 191
176 191
176 196
194 196
194 197
191 197
191 199
163 199
163 203
138 203
138 200
135 200
135 198
140 198
140 189
123 189
123 165
131 165
131 166
134 166
134 188
147 188
147 153
150 153
150 146
157 146
157 124
151 124
151 127
146 127
146 132
143 132
143 118
132 118
132 119
115 119
115 120
103 120
103 117
106 117
106 105
141 105
141 110
149 110
149 111
153 111
153 104
101 104
101 123
112 123
112 131
102 131
102 135
137 135
137 142
124 142
124 156
122 156
122 141
96 141
96 84
91 84
91 83
85 83
85 76
57 76
57 95
69 95
69 106
76 106
76 93
59 93
59 87
92 87
92 88
80 88
80 115
55 115
55 102
43 102
43 86
49 86
49 75
48 75
48 80
45 80
45 78
24 78
24 73
22 73
22 85
12 85
12 69
10 69
10 81
6 81
6 91
17 91
17 92
9 92
9 100
8 100
8 133
7 133
7 143
20 143
20 125
21 125
21 99
16 99
16 94
26 94
26 79
38 79
38 89
41 89
41 112
46 112
46 108
50 108
50 138
47 138
47 152
53 152
53 121
90 121
90 126
86 126
86 137
79 137
79 147
89 147
89 139
94 139
94 144
116 144
116 149
72 149
72 151
120 151
120 174
118 174
118 164
114 164
114 154
109 154
109 171
107 171
107 179
117 179
117 187
110 187
110 192
78 192
78 193
77 193
77 194
129 194
129 190
133 190
133 207
136 207
136 209
130 209
130 208
126 208
126 205
100 205
100 216
66 216
66 212
18 212
18 219
23 219
23 215
56 215
56 224
62 224
62 243
31 243
31 234
19 234
19 237
14 237
14 226
13 226
13 241
25 241
25 244
119 244
119 242
75 242
75 240
70 240
70 235
63 235
63 229
67 229
67 222
71 222
71 217
144 217
144 214
159 214
159 213
113 213
113 211
164 211
164 210
177 210
177 204
195 204
195 202
190 202
190 201
201 201
201 195
192 195
192 186
182 186
182 185
237 185
237 184
175 184
175 182
184 182
184 176
160 176
160 170
183 170
183 161
180 161
180 145
202 145
202 140
236 140
236 113
235 113
235 63
239 63
239 62
219 62
219 61
220 61
220 58
203 58
203 54
212 54
212 49
185 49
185 48
197 48
197 38
142 38
142 37
166 37
166 36
61 36
61 35
65 35
65 7
