118
114 45
114 17
87 17
87 26
73 26
73 24
17 24
17 83
15 83
15 94
7 94
7 116
1 116
1 134
2 134
2 150
6 150
6 142
8 142
8 132
5 132
5 148
3 148
3 129
10 129
10 127
11 127
11 98
12 98
12 96
16 96
16 102
18 102
18 121
19 121
19 119
21 119
21 72
20 72
20 31
46 31
46 33
78 33
78 32
48 32
48 30
36 30
36 25
38 25
38 28
50 28
50 29
82 29
82 27
97 27
97 21
92 21
92 18
112 18
112 34
104 34
104 35
111 35
111 56
106 56
106 57
103 57
103 38
35 38
35 39
51 39
51 40
99 40
99 54
77 54
77 52
98 52
98 50
32 50
32 55
33 55
33 67
30 67
30 92
23 92
23 107
22 107
22 135
24 135
24 138
27 138
27 93
28 93
28 139
29 139
29 143
26 143
26 147
71 147
71 149
90 149
90 145
80 145
80 146
37 146
37 144
31 144
31 80
34 80
34 53
58 53
58 51
65 51
65 58
145 58
145 49
125 49
125 45
