284
129 1
129 2
115 2
115 3
119 3
119 45
114 45
114 10
108 10
108 9
95 9
95 12
86 12
86 14
42 14
42 19
43 19
43 16
83 16
83 17
87 17
87 26
73 26
73 24
17 24
17 83
15 83
15 94
7 94
7 116
1 116
1 134
2 134
2 150
6 150
6 142
8 142
8 132
5 132
5 148
3 148
3 129
10 129
10 127
11 127
11 98
12 98
12 96
16 96
16 102
18 102
18 121
19 121
19 119
21 119
21 72
20 72
20 31
46 31
46 33
78 33
78 32
48 32
48 30
36 30
36 25
38 25
38 28
50 28
50 29
82 29
82 27
97 27
97 21
92 21
92 18
112 18
112 34
104 34
104 35
111 35
111 56
106 56
106 57
103 57
103 38
35 38
35 39
51 39
51 40
99 40
99 54
77 54
77 52
98 52
98 44
93 44
93 48
79 48
79 50
32 50
32 55
33 55
33 67
30 67
30 92
23 92
23 107
22 107
22 135
24 135
24 138
27 138
27 93
28 93
28 139
29 139
29 143
26 143
26 147
71 147
71 149
90 149
90 137
85 137
85 136
61 136
61 140
57 140
57 141
62 141
62 145
80 145
80 146
37 146
37 144
31 144
31 80
34 80
34 53
58 53
58 51
65 51
65 63
60 63
60 64
55 64
55 66
52 66
52 69
39 69
39 70
67 70
67 71
56 71
56 78
66 78
66 114
64 114
64 117
63 117
63 82
59 82
59 84
45 84
45 101
44 101
44 120
40 120
40 123
41 123
41 122
49 122
49 87
53 87
53 118
69 118
69 103
70 103
70 85
75 85
75 113
72 113
72 131
74 131
74 133
91 133
91 124
76 124
76 74
68 74
68 60
84 60
84 58
100 58
100 73
101 73
101 76
110 76
110 81
118 81
118 88
94 88
94 89
81 89
81 110
88 110
88 95
89 95
89 105
102 105
102 100
96 100
96 97
109 97
109 109
113 109
113 111
116 111
116 115
130 115
130 112
132 112
132 108
121 108
121 91
123 91
123 104
128 104
128 79
126 79
126 75
124 75
124 68
117 68
117 65
107 65
107 61
120 61
120 59
142 59
142 99
144 99
144 126
137 126
137 125
133 125
133 130
143 130
143 128
149 128
149 106
145 106
145 47
141 47
141 46
140 46
140 49
125 49
125 43
127 43
127 42
135 42
135 37
136 37
136 8
138 8
138 36
139 36
139 13
147 13
147 15
148 15
148 11
150 11
150 4
146 4
146 7
134 7
134 41
122 41
122 5
131 5
131 1
