84
79 2266
79 2250
87 2250
87 2248
26 2248
26 2220
33 2220
33 1663
12 1663
12 1581
17 1581
17 1580
13 1580
13 1558
8 1558
8 1530
5 1530
5 1488
9 1488
9 1419
3 1419
3 1411
6 1411
6 1397
1 1397
1 1499
2 1499
2 1567
4 1567
4 1645
10 1645
10 1577
11 1577
11 1676
24 1676
24 1691
20 1691
20 1693
31 1693
31 2165
29 2165
29 2144
25 2144
25 2067
27 2067
27 1906
21 1906
21 2228
22 2228
22 2270
39 2270
39 2260
51 2260
51 2274
219 2274
219 2276
77 2276
77 2285
147 2285
147 2280
215 2280
215 2303
203 2303
203 2312
177 2312
177 2307
106 2307
106 2348
76 2348
76 2364
83 2364
83 2359
98 2359
98 2363
118 2363
118 2313
204 2313
204 2309
227 2309
227 2272
206 2272
206 2271
183 2271
183 2266
