690
782 1228
782 1189
811 1189
811 1185
810 1185
810 1172
790 1172
790 1165
840 1165
840 1130
858 1130
858 1294
857 1294
857 1327
861 1327
861 1347
865 1347
865 1341
864 1341
864 1267
863 1267
863 1136
897 1136
897 1440
901 1440
901 1537
918 1537
918 1629
922 1629
922 1728
910 1728
910 1779
914 1779
914 1821
886 1821
886 1829
862 1829
862 1817
799 1817
799 1800
707 1800
707 1802
742 1802
742 1860
659 1860
659 1871
675 1871
675 1874
653 1874
653 1921
678 1921
678 1924
614 1924
614 1936
372 1936
372 1944
291 1944
291 1960
266 1960
266 1942
259 1942
259 1861
207 1861
207 1853
125 1853
125 1990
112 1990
112 2015
121 2015
121 2195
114 2195
114 2167
117 2167
117 2057
116 2057
116 2154
109 2154
109 2192
104 2192
104 2039
82 2039
82 2045
96 2045
96 2058
80 2058
80 2116
85 2116
85 2183
88 2183
88 2168
100 2168
100 2082
84 2082
84 2080
103 2080
103 2210
115 2210
115 2211
126 2211
126 2204
124 2204
124 2180
122 2180
122 2177
123 2177
123 2011
119 2011
119 2004
113 2004
113 1994
129 1994
129 2047
133 2047
133 2056
142 2056
142 2113
205 2113
205 2146
211 2146
211 2140
212 2140
212 2155
198 2155
198 2156
197 2156
197 2172
195 2172
195 2179
181 2179
181 2200
165 2200
165 2219
163 2219
163 2266
79 2266
79 2250
87 2250
87 2248
26 2248
26 2220
33 2220
33 1663
12 1663
12 1581
17 1581
17 1580
13 1580
13 1558
8 1558
8 1530
5 1530
5 1488
9 1488
9 1419
3 1419
3 1411
6 1411
6 1397
1 1397
1 1499
2 1499
2 1567
4 1567
4 1645
10 1645
10 1577
11 1577
11 1676
24 1676
24 1691
20 1691
20 1693
31 1693
31 2165
29 2165
29 2144
25 2144
25 2067
27 2067
27 1906
21 1906
21 2228
22 2228
22 2270
39 2270
39 2260
51 2260
51 2274
219 2274
219 2276
77 2276
77 2285
147 2285
147 2280
215 2280
215 2303
203 2303
203 2312
177 2312
177 2307
106 2307
106 2348
76 2348
76 2364
83 2364
83 2359
98 2359
98 2363
111 2363
111 2385
138 2385
138 2388
144 2388
144 2370
152 2370
152 2414
149 2414
149 2390
140 2390
140 2433
110 2433
110 2432
127 2432
127 2412
108 2412
108 2415
107 2415
107 2442
146 2442
146 2453
101 2453
101 2456
158 2456
158 2434
157 2434
157 2404
156 2404
156 2448
154 2448
154 2455
153 2455
153 2396
155 2396
155 2340
120 2340
120 2365
118 2365
118 2313
185 2313
185 2331
168 2331
168 2408
171 2408
171 2445
403 2445
403 2462
354 2462
354 2466
416 2466
416 2458
429 2458
429 2431
482 2431
482 2438
485 2438
485 2463
496 2463
496 2450
512 2450
512 2446
510 2446
510 2439
490 2439
490 2454
489 2454
489 2426
477 2426
477 2424
437 2424
437 2430
426 2430
426 2444
418 2444
418 2425
411 2425
411 2423
597 2423
597 2422
766 2422
766 2447
786 2447
786 2427
769 2427
769 2421
488 2421
488 2420
479 2420
479 2418
491 2418
491 2417
448 2417
448 2413
430 2413
430 2416
407 2416
407 2437
384 2437
384 2443
179 2443
179 2441
182 2441
182 2379
187 2379
187 2371
180 2371
180 2382
175 2382
175 2368
186 2368
186 2338
202 2338
202 2319
204 2319
204 2309
218 2309
218 2311
213 2311
213 2377
210 2377
210 2410
228 2410
228 2322
231 2322
231 2318
227 2318
227 2272
206 2272
206 2252
226 2252
226 2255
235 2255
235 2247
190 2247
190 2271
183 2271
183 2242
221 2242
221 2232
229 2232
229 2243
239 2243
239 2227
194 2227
194 2233
193 2233
193 2237
169 2237
169 2244
167 2244
167 2206
184 2206
184 2202
222 2202
222 2201
334 2201
334 2174
327 2174
327 2198
311 2198
311 2191
224 2191
224 2126
230 2126
230 2118
232 2118
232 2189
233 2189
233 2178
238 2178
238 2107
145 2107
145 2046
143 2046
143 1998
131 1998
131 1857
166 1857
166 1865
174 1865
174 1892
159 1892
159 1886
151 1886
151 1917
164 1917
164 1898
199 1898
199 1893
188 1893
188 1864
242 1864
242 1879
244 1879
244 1912
241 1912
241 1932
240 1932
240 1970
247 1970
247 1974
365 1974
365 1981
284 1981
284 1982
363 1982
363 1986
373 1986
373 1973
377 1973
377 1966
304 1966
304 1965
378 1965
378 1962
441 1962
441 1952
458 1952
458 1959
493 1959
493 1958
693 1958
693 1951
434 1951
434 1961
431 1961
431 1953
381 1953
381 1941
520 1941
520 1940
552 1940
552 1948
655 1948
655 1949
690 1949
690 1947
662 1947
662 1933
735 1933
735 1900
722 1900
722 1876
752 1876
752 1850
743 1850
743 1838
750 1838
750 1801
783 1801
783 1806
797 1806
797 1867
816 1867
816 1832
860 1832
860 1835
854 1835
854 1848
892 1848
892 1849
915 1849
915 1843
925 1843
925 1496
924 1496
924 1836
923 1836
923 1519
908 1519
908 1517
904 1517
904 1226
900 1226
900 1128
836 1128
836 1116
819 1116
819 1113
817 1113
817 1164
780 1164
780 1212
724 1212
724 1210
745 1210
745 1055
753 1055
753 1049
749 1049
749 1010
761 1010
761 1011
793 1011
793 1015
792 1015
792 1026
798 1026
798 1034
818 1034
818 1013
825 1013
825 1027
834 1027
834 1031
835 1031
835 922
829 922
829 864
832 864
832 783
830 783
830 586
833 586
833 571
837 571
837 523
814 523
814 395
809 395
809 367
807 367
807 338
821 338
821 332
828 332
828 296
820 296
820 287
831 287
831 291
839 291
839 284
849 284
849 285
970 285
970 280
1020 280
1020 313
1023 313
1023 278
876 278
876 275
934 275
934 272
1177 272
1177 218
1202 218
1202 221
1194 221
1194 225
1453 225
1453 237
1480 237
1480 226
1473 226
1473 223
1533 223
1533 232
1543 232
1543 230
1612 230
1612 240
1741 240
1741 233
1811 233
1811 231
1879 231
1879 241
1887 241
1887 239
1886 239
1886 216
1852 216
1852 222
1690 222
1690 209
1631 209
1631 211
1448 211
1448 210
1443 210
1443 224
1310 224
1310 213
1283 213
1283 220
1250 220
1250 205
2074 205
2074 217
2078 217
2078 294
2067 294
2067 281
2061 281
2061 234
2057 234
2057 265
2059 265
2059 292
2063 292
2063 319
2068 319
2068 325
2062 325
2062 443
2056 443
2056 455
2060 455
2060 462
1759 462
1759 446
1769 446
1769 427
1843 427
1843 417
1847 417
1847 418
1909 418
1909 415
1975 415
1975 412
1894 412
1894 406
1746 406
1746 463
2090 463
2090 441
2098 441
2098 428
2119 428
2119 393
2082 393
2082 339
2093 339
2093 316
2081 316
2081 203
1063 203
1063 128
1061 128
1061 206
1237 206
1237 215
1168 215
1168 263
1171 263
1171 270
812 270
812 273
866 273
866 282
777 282
777 297
770 297
770 299
784 299
784 308
785 308
785 374
787 374
787 398
789 398
789 416
791 416
791 327
803 327
803 350
802 350
802 524
826 524
826 902
827 902
827 1008
822 1008
822 1009
741 1009
741 1170
715 1170
715 1228
