566
4 180
4 225
1 225
1 233
6 233
6 241
18 241
18 271
19 271
19 207
14 207
14 213
11 213
11 182
17 182
17 188
31 188
31 200
98 200
98 195
64 195
64 184
100 184
100 185
102 185
102 191
131 191
131 167
140 167
140 160
151 160
151 156
169 156
169 148
171 148
171 104
168 104
168 96
163 96
163 86
166 86
166 75
269 75
269 71
403 71
403 77
402 77
402 78
389 78
389 113
368 113
368 119
359 119
359 100
358 100
358 106
351 106
351 112
356 112
356 114
344 114
344 116
279 116
279 90
319 90
319 87
288 87
288 84
292 84
292 83
299 83
299 80
273 80
273 81
209 81
209 97
223 97
223 94
266 94
266 102
252 102
252 129
258 129
258 111
270 111
270 132
272 132
272 92
274 92
274 95
277 95
277 122
312 122
312 127
313 127
313 126
383 126
383 144
318 144
318 143
306 143
306 202
329 202
329 206
346 206
346 196
361 196
361 194
367 194
367 221
322 221
322 212
327 212
327 209
304 209
304 208
303 208
303 217
256 217
256 222
253 222
253 216
265 216
265 211
212 211
212 232
188 232
188 237
216 237
216 244
186 244
186 239
182 239
182 236
172 236
172 240
87 240
87 243
120 243
120 249
46 249
46 252
55 252
55 272
32 272
32 285
26 285
26 289
37 289
37 306
39 306
39 317
41 317
41 380
38 380
38 395
33 395
33 376
29 376
29 374
28 374
28 470
30 470
30 471
35 471
35 426
48 426
48 386
52 386
52 397
50 397
50 416
53 416
53 447
54 447
54 387
57 387
57 392
73 392
73 385
76 385
76 391
80 391
80 373
92 373
92 367
103 367
103 365
106 365
106 368
231 368
231 372
330 372
330 422
382 422
382 423
350 423
350 428
335 428
335 425
316 425
316 427
291 427
291 430
240 430
240 429
184 429
184 424
154 424
154 412
228 412
228 411
261 411
261 401
326 401
326 400
320 400
320 399
263 399
263 396
161 396
161 398
129 398
129 404
208 404
208 410
189 410
189 408
139 408
139 414
99 414
99 461
125 461
125 457
190 457
190 468
234 468
234 466
194 466
194 460
246 460
246 462
271 462
271 463
287 463
287 465
302 465
302 458
245 458
245 453
363 453
363 448
378 448
378 472
353 472
353 477
352 477
352 476
347 476
347 478
315 478
315 484
321 484
321 488
293 488
293 486
289 486
289 479
276 479
276 489
373 489
373 482
362 482
362 480
470 480
470 469
472 469
472 454
471 454
471 415
477 415
477 490
439 490
439 491
424 491
424 492
431 492
431 496
427 496
427 498
432 498
432 493
443 493
443 494
474 494
474 499
476 499
476 495
483 495
483 487
482 487
482 485
480 485
480 483
484 483
484 474
496 474
496 481
490 481
490 500
497 500
497 497
500 497
500 443
499 443
499 354
498 354
498 467
494 467
494 473
478 473
478 383
468 383
468 405
467 405
467 381
446 381
446 388
434 388
434 393
452 393
452 394
429 394
429 384
420 384
420 406
456 406
456 417
428 417
428 421
453 421
453 433
454 433
454 419
460 419
460 459
455 459
455 475
384 475
384 464
395 464
395 455
400 455
400 413
409 413
409 434
414 434
414 390
411 390
411 355
405 355
405 362
406 362
406 403
398 403
398 371
396 371
396 444
296 444
296 452
295 452
295 446
164 446
164 449
237 449
237 456
142 456
142 451
114 451
114 450
157 450
157 445
149 445
149 441
192 441
192 442
204 442
204 439
197 439
197 437
232 437
232 436
215 436
215 435
150 435
150 438
127 438
127 440
101 440
101 420
123 420
123 431
202 431
202 432
388 432
388 409
349 409
349 418
348 418
348 407
343 407
343 402
338 402
338 370
249 370
249 369
268 369
268 366
259 366
259 360
308 360
308 359
337 359
337 357
311 357
311 358
286 358
286 356
247 356
247 364
173 364
173 363
133 363
133 361
79 361
79 377
77 377
77 382
72 382
72 379
47 379
47 389
44 389
44 378
43 378
43 277
40 277
40 274
62 274
62 255
81 255
81 253
156 253
156 250
152 250
152 246
226 246
226 238
222 238
222 220
217 220
217 215
227 215
227 214
238 214
238 218
244 218
244 223
380 223
380 204
372 204
372 203
370 203
370 193
341 193
341 199
339 199
339 198
336 198
336 197
309 197
309 155
379 155
379 153
365 153
365 151
437 151
437 149
473 149
473 147
445 147
445 145
386 145
386 124
314 124
314 123
381 123
381 115
392 115
392 107
393 107
393 105
435 105
435 101
417 101
417 99
390 99
390 93
415 93
415 91
391 91
391 88
407 88
407 82
404 82
404 70
214 70
214 73
187 73
187 74
63 74
63 76
128 76
128 89
122 89
122 79
111 79
111 85
105 85
105 98
110 98
110 103
91 103
91 135
65 135
65 134
58 134
58 139
60 139
60 141
84 141
84 140
94 140
94 120
115 120
115 137
126 137
126 118
147 118
147 117
160 117
160 128
155 128
155 130
153 130
153 142
146 142
146 158
132 158
132 161
107 161
107 164
112 164
112 183
89 183
89 180
