112
17 1781
17 1748
4 1748
4 1715
23 1715
23 1709
1 1709
1 1771
16 1771
16 1779
2 1779
2 1789
170 1789
170 1791
160 1791
160 1792
217 1792
217 1794
386 1794
386 1793
292 1793
292 1757
333 1757
333 1774
385 1774
385 1747
377 1747
377 1733
466 1733
466 1739
477 1739
477 1728
406 1728
406 1726
371 1726
371 1752
324 1752
324 1719
492 1719
492 1716
503 1716
503 1765
547 1765
547 1753
706 1753
706 1766
659 1766
659 1768
680 1768
680 1777
640 1777
640 1810
665 1810
665 1805
744 1805
744 1795
731 1795
731 1796
705 1796
705 1804
701 1804
701 1785
708 1785
708 1732
681 1732
681 1724
677 1724
677 1749
582 1749
582 1743
611 1743
611 1738
567 1738
567 1751
527 1751
527 1758
512 1758
512 1714
424 1714
424 1717
356 1717
356 1710
318 1710
318 1737
323 1737
323 1746
243 1746
243 1707
240 1707
240 1767
291 1767
291 1787
267 1787
267 1788
44 1788
44 1786
148 1786
148 1762
166 1762
166 1761
159 1761
159 1712
155 1712
155 1754
152 1754
152 1622
147 1622
147 1780
142 1780
142 1783
116 1783
116 1781
