894
923 245
923 238
928 238
928 228
770 228
770 250
771 250
771 248
783 248
783 252
639 252
639 247
590 247
590 254
689 254
689 261
714 261
714 256
769 256
769 284
532 284
532 307
517 307
517 312
382 312
382 336
370 336
370 343
398 343
398 369
319 369
319 393
489 393
489 388
496 388
496 399
502 399
502 408
631 408
631 409
145 409
145 404
201 404
201 384
83 384
83 481
75 481
75 523
56 523
56 514
71 514
71 483
40 483
40 524
79 524
79 596
54 596
54 627
51 627
51 745
76 745
76 765
39 765
39 848
34 848
34 1074
25 1074
25 1097
26 1097
26 1345
28 1345
28 1547
81 1547
81 1478
96 1478
96 1698
99 1698
99 1574
104 1574
104 1535
122 1535
122 1642
103 1642
103 1744
105 1744
105 1776
36 1776
36 1781
17 1781
17 1748
4 1748
4 1715
23 1715
23 1709
1 1709
1 1771
16 1771
16 1779
2 1779
2 1789
170 1789
170 1791
160 1791
160 1792
217 1792
217 1794
386 1794
386 1793
292 1793
292 1757
333 1757
333 1774
385 1774
385 1747
377 1747
377 1733
466 1733
466 1739
477 1739
477 1728
406 1728
406 1726
371 1726
371 1752
324 1752
324 1719
492 1719
492 1716
503 1716
503 1765
547 1765
547 1753
706 1753
706 1766
659 1766
659 1768
680 1768
680 1777
640 1777
640 1810
665 1810
665 1805
744 1805
744 1795
731 1795
731 1796
705 1796
705 1804
701 1804
701 1785
708 1785
708 1732
681 1732
681 1724
677 1724
677 1749
582 1749
582 1743
611 1743
611 1738
567 1738
567 1751
527 1751
527 1758
512 1758
512 1714
424 1714
424 1717
356 1717
356 1710
318 1710
318 1737
323 1737
323 1746
243 1746
243 1707
240 1707
240 1767
291 1767
291 1787
267 1787
267 1788
44 1788
44 1786
148 1786
148 1762
166 1762
166 1761
159 1761
159 1712
155 1712
155 1754
152 1754
152 1622
258 1622
258 1620
268 1620
268 1646
310 1646
310 1638
316 1638
316 1626
311 1626
311 1633
280 1633
280 1504
293 1504
293 1560
315 1560
315 1517
321 1517
321 1468
307 1468
307 1464
277 1464
277 1452
342 1452
342 1458
365 1458
365 1518
364 1518
364 1556
392 1556
392 1526
395 1526
395 1483
447 1483
447 1503
479 1503
479 1514
488 1514
488 1536
478 1536
478 1566
442 1566
442 1587
418 1587
418 1532
416 1532
416 1545
410 1545
410 1589
471 1589
471 1599
473 1599
473 1586
505 1586
505 1615
501 1615
501 1631
510 1631
510 1651
511 1651
511 1614
516 1614
516 1644
518 1644
518 1591
538 1591
538 1650
540 1650
540 1601
546 1601
546 1624
571 1624
571 1610
576 1610
576 1609
583 1609
583 1552
580 1552
580 1572
566 1572
566 1537
572 1537
572 1516
561 1516
561 1513
655 1513
655 1512
588 1512
588 1498
746 1498
746 1509
761 1509
761 1502
795 1502
795 1486
742 1486
742 1470
755 1470
755 1469
688 1469
688 1429
843 1429
843 1427
863 1427
863 1430
901 1430
901 1405
942 1405
942 1366
953 1366
953 1370
986 1370
986 1453
978 1453
978 1521
987 1521
987 1534
977 1534
977 1561
1008 1561
1008 1583
1014 1583
1014 1542
1026 1542
1026 1557
1016 1557
1016 1571
1020 1571
1020 1662
1042 1662
1042 1667
1088 1667
1088 1668
999 1668
999 1649
964 1649
964 1573
935 1573
935 1594
938 1594
938 1600
948 1600
948 1632
951 1632
951 1669
1098 1669
1098 1671
1092 1671
1092 1681
1075 1681
1075 1674
1017 1674
1017 1700
1002 1700
1002 1735
1007 1735
1007 1711
1019 1711
1019 1723
1034 1723
1034 1770
1101 1770
1101 1784
1059 1784
1059 1790
1099 1790
1099 1814
1156 1814
1156 1812
1115 1812
1115 1813
1112 1813
1112 1322
1110 1322
1110 1798
1102 1798
1102 1725
1084 1725
1084 1764
1040 1764
1040 1745
1063 1745
1063 1720
1036 1720
1036 1760
1035 1760
1035 1697
1033 1697
1033 1682
1090 1682
1090 1689
1097 1689
1097 1684
1107 1684
1107 1656
1105 1656
1105 1640
1087 1640
1087 1659
1077 1659
1077 1663
1058 1663
1058 1657
1046 1657
1046 1660
1039 1660
1039 1559
1057 1559
1057 1564
1054 1564
1054 1635
1061 1635
1061 1558
1073 1558
1073 1554
1052 1554
1052 1550
1032 1550
1032 1459
1024 1459
1024 1490
1027 1490
1027 1528
1028 1528
1028 1511
1030 1511
1030 1539
992 1539
992 1484
989 1484
989 1347
969 1347
969 1324
968 1324
968 1326
941 1326
941 1321
939 1321
939 1329
927 1329
927 1355
949 1355
949 1362
875 1362
875 1334
867 1334
867 1356
834 1356
834 1361
832 1361
832 1374
889 1374
889 1377
904 1377
904 1379
888 1379
888 1385
913 1385
913 1388
892 1388
892 1426
800 1426
800 1425
649 1425
649 1449
673 1449
673 1471
648 1471
648 1494
662 1494
662 1488
762 1488
762 1495
753 1495
753 1496
559 1496
559 1538
565 1538
565 1584
491 1584
491 1541
499 1541
499 1482
401 1482
401 1451
351 1451
351 1434
358 1434
358 1417
313 1417
313 1422
334 1422
334 1424
302 1424
302 1446
273 1446
273 1568
274 1568
274 1593
250 1593
250 1596
256 1596
256 1603
276 1603
276 1605
265 1605
265 1618
260 1618
260 1608
206 1608
206 1612
234 1612
234 1619
171 1619
171 1489
172 1489
172 1523
183 1523
183 1507
191 1507
191 1500
195 1500
195 1402
168 1402
168 1404
178 1404
178 1481
167 1481
167 1408
165 1408
165 1394
200 1394
200 1371
175 1371
175 1380
164 1380
164 1522
161 1522
161 1519
151 1519
151 1438
147 1438
147 1780
142 1780
142 1783
116 1783
116 1665
139 1665
139 1474
112 1474
112 1416
111 1416
111 1462
97 1462
97 1359
95 1359
95 1367
93 1367
93 1368
91 1368
91 1333
82 1333
82 1465
98 1465
98 1467
69 1467
69 1131
68 1131
68 1461
62 1461
62 1384
66 1384
66 1228
61 1228
61 1031
57 1031
57 1026
53 1026
53 955
49 955
49 1053
58 1053
58 1132
42 1132
42 1144
59 1144
59 1256
50 1256
50 1273
48 1273
48 1420
47 1420
47 1480
80 1480
80 1543
30 1543
30 1365
32 1365
32 1182
31 1182
31 1153
33 1153
33 1297
35 1297
35 882
43 882
43 808
77 808
77 668
67 668
67 663
73 663
73 619
84 619
84 575
85 575
85 652
88 652
88 572
101 572
101 908
102 908
102 766
109 766
109 842
115 842
115 1091
123 1091
123 1069
133 1069
133 1218
146 1218
146 1233
156 1233
156 1265
157 1265
157 1242
173 1242
173 1183
153 1183
153 1216
137 1216
137 1125
140 1125
140 1039
129 1039
129 811
132 811
132 797
131 797
131 649
127 649
127 582
124 582
124 552
128 552
128 436
121 436
121 669
125 669
125 769
118 769
118 920
117 920
117 675
114 675
114 498
113 498
113 545
94 545
94 434
87 434
87 396
143 396
143 412
653 412
653 413
793 413
793 407
521 407
521 387
408 387
408 391
407 391
407 340
414 340
414 337
397 337
397 315
508 315
508 317
534 317
534 321
552 321
552 305
543 305
543 316
542 316
542 293
587 293
587 292
605 292
605 287
694 287
694 285
785 285
785 229
813 229
813 246
827 246
827 236
839 236
839 233
873 233
873 325
679 325
679 341
606 341
606 348
695 348
695 331
709 331
709 352
781 352
781 349
773 349
773 338
717 338
717 332
801 332
801 327
838 327
838 354
860 354
860 358
864 358
864 421
855 421
855 423
859 423
859 446
829 446
829 455
608 455
608 422
490 422
490 470
453 470
453 473
388 473
388 478
381 478
381 484
252 484
252 476
231 476
231 477
230 477
230 492
221 492
221 607
225 607
225 611
242 611
242 643
236 643
236 660
238 660
238 698
244 698
244 685
247 685
247 647
251 647
251 784
264 784
264 843
269 843
269 801
270 801
270 869
282 869
282 851
285 851
285 883
294 883
294 997
288 997
288 1100
300 1100
300 1013
303 1013
303 1111
262 1111
262 1146
298 1146
298 1149
271 1149
271 1155
301 1155
301 1127
374 1127
374 1106
411 1106
411 1112
400 1112
400 1120
380 1120
380 1126
417 1126
417 1117
419 1117
419 1166
331 1166
331 1165
210 1165
210 1077
185 1077
185 1135
184 1135
184 1174
182 1174
182 1288
227 1288
227 1279
190 1279
190 1147
192 1147
192 1079
196 1079
196 1272
216 1272
216 1209
212 1209
212 1225
198 1225
198 1249
197 1249
197 1116
199 1116
199 1163
205 1163
205 1167
432 1167
432 1148
440 1148
440 1130
426 1130
426 1105
348 1105
348 1118
340 1118
340 1081
306 1081
306 1060
305 1060
305 1035
312 1035
312 1021
309 1021
309 967
299 967
299 1016
295 1016
295 887
296 887
296 873
289 873
289 839
281 839
281 822
279 822
279 782
253 782
253 681
255 681
255 563
249 563
249 562
223 562
223 511
241 511
241 495
235 495
235 485
405 485
405 474
498 474
498 425
593 425
593 437
592 437
592 449
549 449
549 463
841 463
841 451
869 451
869 326
874 326
874 245
