3490
1640 50
1640 55
1701 55
1701 75
1521 75
1521 83
1610 83
1610 86
1433 86
1433 87
1243 87
1243 90
1254 90
1254 99
1202 99
1202 110
1389 110
1389 113
1265 113
1265 134
1315 134
1315 127
1327 127
1327 135
1332 135
1332 136
1359 136
1359 115
1424 115
1424 417
979 417
979 420
973 420
973 375
991 375
991 371
976 371
976 350
918 350
918 264
923 264
923 238
928 238
928 228
770 228
770 250
771 250
771 248
783 248
783 252
639 252
639 247
590 247
590 254
689 254
689 261
714 261
714 256
769 256
769 284
532 284
532 307
517 307
517 312
382 312
382 336
370 336
370 343
398 343
398 369
319 369
319 393
489 393
489 388
496 388
496 399
502 399
502 408
631 408
631 409
145 409
145 404
201 404
201 384
83 384
83 481
75 481
75 523
56 523
56 514
71 514
71 483
40 483
40 524
79 524
79 596
54 596
54 627
51 627
51 745
76 745
76 765
39 765
39 848
34 848
34 1074
25 1074
25 1097
26 1097
26 1345
28 1345
28 1547
81 1547
81 1478
96 1478
96 1698
99 1698
99 1574
104 1574
104 1535
122 1535
122 1642
103 1642
103 1744
105 1744
105 1776
36 1776
36 1781
17 1781
17 1748
4 1748
4 1715
23 1715
23 1709
1 1709
1 1771
16 1771
16 1779
2 1779
2 1789
170 1789
170 1791
160 1791
160 1792
217 1792
217 1794
386 1794
386 1793
292 1793
292 1757
333 1757
333 1774
385 1774
385 1747
377 1747
377 1733
466 1733
466 1739
477 1739
477 1728
406 1728
406 1726
371 1726
371 1752
324 1752
324 1719
492 1719
492 1716
503 1716
503 1765
547 1765
547 1753
706 1753
706 1766
659 1766
659 1768
680 1768
680 1777
640 1777
640 1810
665 1810
665 1805
744 1805
744 1795
731 1795
731 1796
705 1796
705 1804
701 1804
701 1785
708 1785
708 1732
681 1732
681 1724
677 1724
677 1749
582 1749
582 1743
611 1743
611 1738
567 1738
567 1751
527 1751
527 1758
512 1758
512 1714
424 1714
424 1717
356 1717
356 1710
318 1710
318 1737
323 1737
323 1746
243 1746
243 1707
240 1707
240 1767
291 1767
291 1787
267 1787
267 1788
44 1788
44 1786
148 1786
148 1762
166 1762
166 1761
159 1761
159 1712
155 1712
155 1754
152 1754
152 1622
258 1622
258 1620
268 1620
268 1646
310 1646
310 1638
316 1638
316 1626
311 1626
311 1633
280 1633
280 1504
293 1504
293 1560
315 1560
315 1517
321 1517
321 1468
307 1468
307 1464
277 1464
277 1452
342 1452
342 1458
365 1458
365 1518
364 1518
364 1556
392 1556
392 1526
395 1526
395 1483
447 1483
447 1503
479 1503
479 1514
488 1514
488 1536
478 1536
478 1566
442 1566
442 1587
418 1587
418 1532
416 1532
416 1545
410 1545
410 1589
471 1589
471 1599
473 1599
473 1586
505 1586
505 1615
501 1615
501 1631
510 1631
510 1651
511 1651
511 1614
516 1614
516 1644
518 1644
518 1591
538 1591
538 1650
540 1650
540 1601
546 1601
546 1624
571 1624
571 1610
576 1610
576 1609
583 1609
583 1552
580 1552
580 1572
566 1572
566 1537
572 1537
572 1516
561 1516
561 1513
655 1513
655 1512
588 1512
588 1498
746 1498
746 1509
761 1509
761 1502
795 1502
795 1486
742 1486
742 1470
755 1470
755 1469
688 1469
688 1429
843 1429
843 1427
863 1427
863 1430
901 1430
901 1405
942 1405
942 1366
953 1366
953 1370
986 1370
986 1453
978 1453
978 1521
987 1521
987 1534
977 1534
977 1561
1008 1561
1008 1583
1014 1583
1014 1542
1026 1542
1026 1557
1016 1557
1016 1571
1020 1571
1020 1662
1042 1662
1042 1667
1088 1667
1088 1668
999 1668
999 1649
964 1649
964 1573
935 1573
935 1594
938 1594
938 1600
948 1600
948 1632
951 1632
951 1669
1098 1669
1098 1671
1092 1671
1092 1681
1075 1681
1075 1674
1017 1674
1017 1700
1002 1700
1002 1735
1007 1735
1007 1711
1019 1711
1019 1723
1034 1723
1034 1770
1101 1770
1101 1784
1059 1784
1059 1790
1099 1790
1099 1814
1156 1814
1156 1812
1115 1812
1115 1813
1112 1813
1112 1322
1110 1322
1110 1798
1102 1798
1102 1725
1084 1725
1084 1764
1040 1764
1040 1745
1063 1745
1063 1720
1036 1720
1036 1760
1035 1760
1035 1697
1033 1697
1033 1682
1090 1682
1090 1689
1097 1689
1097 1684
1107 1684
1107 1656
1105 1656
1105 1640
1087 1640
1087 1659
1077 1659
1077 1663
1058 1663
1058 1657
1046 1657
1046 1660
1039 1660
1039 1559
1057 1559
1057 1564
1054 1564
1054 1635
1061 1635
1061 1558
1073 1558
1073 1554
1052 1554
1052 1550
1032 1550
1032 1459
1024 1459
1024 1490
1027 1490
1027 1528
1028 1528
1028 1511
1030 1511
1030 1539
992 1539
992 1484
989 1484
989 1347
969 1347
969 1324
968 1324
968 1326
941 1326
941 1321
939 1321
939 1329
927 1329
927 1355
949 1355
949 1362
875 1362
875 1334
867 1334
867 1356
834 1356
834 1361
832 1361
832 1374
889 1374
889 1377
904 1377
904 1379
888 1379
888 1385
913 1385
913 1388
892 1388
892 1426
800 1426
800 1425
649 1425
649 1449
673 1449
673 1471
648 1471
648 1494
662 1494
662 1488
762 1488
762 1495
753 1495
753 1496
559 1496
559 1538
565 1538
565 1584
491 1584
491 1541
499 1541
499 1482
401 1482
401 1451
351 1451
351 1434
358 1434
358 1417
313 1417
313 1422
334 1422
334 1424
302 1424
302 1446
273 1446
273 1568
274 1568
274 1593
250 1593
250 1596
256 1596
256 1603
276 1603
276 1605
265 1605
265 1618
260 1618
260 1608
206 1608
206 1612
234 1612
234 1619
171 1619
171 1489
172 1489
172 1523
183 1523
183 1507
191 1507
191 1500
195 1500
195 1402
168 1402
168 1404
178 1404
178 1481
167 1481
167 1408
165 1408
165 1394
200 1394
200 1371
175 1371
175 1380
164 1380
164 1522
161 1522
161 1519
151 1519
151 1438
147 1438
147 1780
142 1780
142 1783
116 1783
116 1665
139 1665
139 1474
112 1474
112 1416
111 1416
111 1462
97 1462
97 1359
95 1359
95 1367
93 1367
93 1368
91 1368
91 1333
82 1333
82 1465
98 1465
98 1467
69 1467
69 1131
68 1131
68 1461
62 1461
62 1384
66 1384
66 1228
61 1228
61 1031
57 1031
57 1026
53 1026
53 955
49 955
49 1053
58 1053
58 1132
42 1132
42 1144
59 1144
59 1256
50 1256
50 1273
48 1273
48 1420
47 1420
47 1480
80 1480
80 1543
30 1543
30 1365
32 1365
32 1182
31 1182
31 1153
33 1153
33 1297
35 1297
35 882
43 882
43 808
77 808
77 668
67 668
67 663
73 663
73 619
84 619
84 575
85 575
85 652
88 652
88 572
101 572
101 908
102 908
102 766
109 766
109 842
115 842
115 1091
123 1091
123 1069
133 1069
133 1218
146 1218
146 1233
156 1233
156 1265
157 1265
157 1242
173 1242
173 1183
153 1183
153 1216
137 1216
137 1125
140 1125
140 1039
129 1039
129 811
132 811
132 797
131 797
131 649
127 649
127 582
124 582
124 552
128 552
128 436
121 436
121 669
125 669
125 769
118 769
118 920
117 920
117 675
114 675
114 498
113 498
113 545
94 545
94 434
87 434
87 396
143 396
143 412
653 412
653 413
793 413
793 407
521 407
521 387
408 387
408 391
407 391
407 340
414 340
414 337
397 337
397 315
508 315
508 317
534 317
534 321
552 321
552 305
543 305
543 316
542 316
542 293
587 293
587 292
605 292
605 287
694 287
694 285
785 285
785 229
813 229
813 246
827 246
827 236
839 236
839 233
873 233
873 325
679 325
679 341
606 341
606 348
695 348
695 331
709 331
709 352
781 352
781 349
773 349
773 338
717 338
717 332
801 332
801 327
838 327
838 354
860 354
860 358
864 358
864 421
855 421
855 423
859 423
859 446
829 446
829 455
608 455
608 422
490 422
490 470
453 470
453 473
388 473
388 478
381 478
381 484
252 484
252 476
231 476
231 477
230 477
230 492
221 492
221 607
225 607
225 611
242 611
242 643
236 643
236 660
238 660
238 698
244 698
244 685
247 685
247 647
251 647
251 784
264 784
264 843
269 843
269 801
270 801
270 869
282 869
282 851
285 851
285 883
294 883
294 997
288 997
288 1100
300 1100
300 1013
303 1013
303 1111
262 1111
262 1146
298 1146
298 1149
271 1149
271 1155
301 1155
301 1127
374 1127
374 1106
411 1106
411 1112
400 1112
400 1120
380 1120
380 1126
417 1126
417 1117
419 1117
419 1166
331 1166
331 1165
210 1165
210 1076
218 1076
218 1072
214 1072
214 1028
187 1028
187 1064
209 1064
209 1077
185 1077
185 1135
184 1135
184 1174
182 1174
182 1288
220 1288
220 1306
286 1306
286 1302
825 1302
825 1303
858 1303
858 1311
696 1311
696 1312
581 1312
581 1317
685 1317
685 1320
853 1320
853 1315
862 1315
862 1285
861 1285
861 1263
865 1263
865 1275
866 1275
866 1258
885 1258
885 1253
900 1253
900 1250
966 1250
966 1252
1104 1252
1104 1234
1108 1234
1108 1222
1118 1222
1118 1191
1095 1191
1095 1181
1091 1181
1091 1207
1056 1207
1056 1198
1045 1198
1045 1211
1080 1211
1080 1212
1076 1212
1076 1214
1051 1214
1051 1215
1111 1215
1111 1217
1078 1217
1078 1219
1089 1219
1089 1243
996 1243
996 1248
929 1248
929 1247
882 1247
882 1237
932 1237
932 1202
924 1202
924 1169
936 1169
936 1170
957 1170
957 1150
975 1150
975 1082
972 1082
972 1119
943 1119
943 1129
955 1129
955 1141
907 1141
907 1173
902 1173
902 1204
921 1204
921 1224
857 1224
857 1239
856 1239
856 1296
849 1296
849 1301
379 1301
379 1298
254 1298
254 1305
224 1305
224 1293
227 1293
227 1279
190 1279
190 1147
192 1147
192 1079
196 1079
196 1272
216 1272
216 1209
212 1209
212 1225
198 1225
198 1249
197 1249
197 1116
199 1116
199 1163
205 1163
205 1168
208 1168
208 1187
222 1187
222 1172
275 1172
275 1167
429 1167
429 1194
237 1194
237 1195
375 1195
375 1203
409 1203
409 1200
432 1200
432 1148
440 1148
440 1130
426 1130
426 1098
420 1098
420 1096
367 1096
367 1087
352 1087
352 1105
348 1105
348 1118
340 1118
340 1081
306 1081
306 1060
305 1060
305 1035
312 1035
312 1021
309 1021
309 919
325 919
325 913
347 913
347 933
383 933
383 944
404 944
404 942
390 942
390 926
391 926
391 924
372 924
372 903
384 903
384 904
444 904
444 907
500 907
500 900
431 900
431 898
396 898
396 894
524 894
524 895
802 895
802 891
768 891
768 892
441 892
441 893
366 893
366 870
357 870
357 866
403 866
403 875
515 875
515 880
544 880
544 865
509 865
509 863
548 863
548 777
554 777
554 699
645 699
645 774
628 774
628 742
615 742
615 732
586 732
586 771
626 771
626 824
654 824
654 832
651 832
651 888
661 888
661 890
678 890
678 884
674 884
674 881
817 881
817 828
796 828
796 833
788 833
788 813
1060 813
1060 840
984 840
984 860
1025 860
1025 857
1114 857
1114 830
1137 830
1137 827
1206 827
1206 871
1215 871
1215 854
1224 854
1224 829
1238 829
1238 864
1284 864
1284 856
1285 856
1285 834
1244 834
1244 816
1239 816
1239 814
1318 814
1318 794
1331 794
1331 788
1352 788
1352 787
1365 787
1365 776
1323 776
1323 785
1203 785
1203 802
1217 802
1217 803
1207 803
1207 812
1155 812
1155 817
1128 817
1128 798
1062 798
1062 809
1049 809
1049 806
850 806
850 800
819 800
819 805
791 805
791 773
1306 773
1306 764
1310 764
1310 741
1489 741
1489 747
1472 747
1472 753
1468 753
1468 885
1461 885
1461 909
1466 909
1466 917
1445 917
1445 1020
1441 1020
1441 986
1432 986
1432 1034
1414 1034
1414 1015
1412 1015
1412 1047
1407 1047
1407 1025
1381 1025
1381 1044
1373 1044
1373 1010
1328 1010
1328 1009
1333 1009
1333 992
1324 992
1324 980
1340 980
1340 1008
1353 1008
1353 984
1363 984
1363 983
1375 983
1375 976
1317 976
1317 991
1305 991
1305 1024
1246 1024
1246 1109
1234 1109
1234 1162
1228 1162
1228 1179
1263 1179
1263 1175
1270 1175
1270 1197
1271 1197
1271 1184
1281 1184
1281 1178
1288 1178
1288 1213
1296 1213
1296 1387
1334 1387
1334 1433
1289 1433
1289 1493
1298 1493
1298 1497
1300 1497
1300 1476
1304 1476
1304 1548
1325 1548
1325 1445
1342 1445
1342 1549
1345 1549
1345 1606
1348 1606
1348 1692
1335 1692
1335 1690
1233 1690
1233 1685
1329 1685
1329 1683
1235 1683
1235 1655
1242 1655
1242 1625
1257 1625
1257 1598
1251 1598
1251 1613
1229 1613
1229 1628
1240 1628
1240 1647
1221 1647
1221 1281
1195 1281
1195 1284
1216 1284
1216 1354
1219 1354
1219 1694
1371 1694
1371 1688
1382 1688
1382 1679
1400 1679
1400 1645
1408 1645
1408 1510
1405 1510
1405 1381
1404 1381
1404 1325
1387 1325
1387 1472
1390 1472
1390 1396
1402 1396
1402 1629
1401 1629
1401 1407
1398 1407
1398 1443
1393 1443
1393 1454
1397 1454
1397 1670
1391 1670
1391 1677
1354 1677
1354 1578
1357 1578
1357 1505
1347 1505
1347 1447
1346 1447
1346 1435
1341 1435
1341 1389
1336 1389
1336 1363
1297 1363
1297 1193
1299 1193
1299 1280
1303 1280
1303 1292
1374 1292
1374 1290
1338 1290
1338 1289
1364 1289
1364 1276
1343 1276
1343 1264
1322 1264
1322 1232
1320 1232
1320 1277
1313 1277
1313 1241
1311 1241
1311 1171
1247 1171
1247 1122
1249 1122
1249 1140
1250 1140
1250 1115
1253 1115
1253 1110
1266 1110
1266 1030
1319 1030
1319 1012
1362 1012
1362 1052
1418 1052
1418 1070
1419 1070
1419 1045
1446 1045
1446 1057
1428 1057
1428 1084
1453 1084
1453 1208
1458 1208
1458 1152
1454 1152
1454 1068
1440 1068
1440 1062
1451 1062
1451 1046
1449 1046
1449 1048
1448 1048
1448 928
1481 928
1481 841
1477 841
1477 815
1487 815
1487 831
1488 831
1488 759
1502 759
1502 968
1511 968
1511 972
1514 972
1514 954
1522 954
1522 978
1524 978
1524 951
1527 951
1527 943
1532 943
1532 949
1567 949
1567 957
1555 957
1555 982
1529 982
1529 1002
1544 1002
1544 996
1565 996
1565 1004
1569 1004
1569 1007
1564 1007
1564 1093
1554 1093
1554 1137
1464 1137
1464 1164
1508 1164
1508 1142
1548 1142
1548 1199
1541 1199
1541 1226
1556 1226
1556 1159
1562 1159
1562 1134
1566 1134
1566 1033
1568 1033
1568 1037
1571 1037
1571 1029
1577 1029
1577 966
1559 966
1559 962
1583 962
1583 950
1621 950
1621 961
1655 961
1655 977
1648 977
1648 971
1624 971
1624 1042
1619 1042
1619 1049
1620 1049
1620 1095
1711 1095
1711 1067
1725 1067
1725 1262
1709 1262
1709 1102
1708 1102
1708 1260
1665 1260
1665 1261
1652 1261
1652 1254
1661 1254
1661 1227
1650 1227
1650 1229
1618 1229
1618 1283
1632 1283
1632 1274
1651 1274
1651 1291
1696 1291
1696 1267
1721 1267
1721 1287
1729 1287
1729 1270
1727 1270
1727 1090
1731 1090
1731 1133
1741 1133
1741 1238
1745 1238
1745 1201
1744 1201
1744 1058
1667 1058
1667 1086
1649 1086
1649 999
1664 999
1664 998
1712 998
1712 1001
1747 1001
1747 994
1675 994
1675 975
1674 975
1674 959
1707 959
1707 956
1641 956
1641 936
1724 936
1724 935
1643 935
1643 932
1697 932
1697 931
1663 931
1663 927
1653 927
1653 912
1637 912
1637 946
1630 946
1630 937
1616 937
1616 945
1602 945
1602 939
1536 939
1536 941
1504 941
1504 751
1613 751
1613 748
1580 748
1580 738
1501 738
1501 737
1456 737
1456 740
1351 740
1351 736
1260 736
1260 728
1218 728
1218 725
1147 725
1147 727
1065 727
1065 731
982 731
982 721
990 721
990 711
1292 711
1292 710
1344 710
1344 712
1022 712
1022 713
994 713
994 714
1255 714
1255 717
1241 717
1241 719
1337 719
1337 720
1367 720
1367 694
1366 694
1366 691
1326 691
1326 684
1455 684
1455 646
1465 646
1465 556
1547 556
1547 577
1510 577
1510 586
1526 586
1526 623
1537 623
1537 583
1535 583
1535 580
1578 580
1578 576
1599 576
1599 644
1606 644
1606 679
1646 679
1646 657
1666 657
1666 622
1681 622
1681 645
1705 645
1705 621
1719 621
1719 595
1657 595
1657 654
1607 654
1607 618
1627 618
1627 574
1623 574
1623 571
1609 571
1609 554
1716 554
1716 549
1459 549
1459 629
1447 629
1447 561
1380 561
1380 530
1411 530
1411 537
1460 537
1460 533
1474 533
1474 525
1415 525
1415 528
1378 528
1378 567
1395 567
1395 566
1426 566
1426 578
1406 578
1406 602
1443 602
1443 610
1420 610
1420 680
1349 680
1349 638
1321 638
1321 689
1316 689
1316 687
1314 687
1314 688
1283 688
1283 630
1282 630
1282 615
1279 615
1279 510
1275 510
1275 671
1258 671
1258 674
1197 674
1197 676
1245 676
1245 682
1268 682
1268 703
959 703
959 700
1081 700
1081 697
1186 697
1186 693
946 693
946 702
952 702
952 705
1031 705
1031 704
1211 704
1211 707
1184 707
1184 709
981 709
981 743
944 743
944 724
926 724
926 733
915 733
915 744
1037 744
1037 754
1198 754
1198 750
1236 750
1236 739
1307 739
1307 762
1210 762
1210 760
1204 760
1204 772
1067 772
1067 768
872 768
872 770
810 770
810 767
830 767
830 752
726 752
726 726
734 726
734 730
767 730
767 690
747 690
747 692
745 692
745 706
716 706
716 701
715 701
715 868
739 868
739 791
732 791
732 793
719 793
719 763
723 763
723 735
724 735
724 756
807 756
807 758
782 758
782 778
777 778
777 846
772 846
772 852
774 852
774 872
792 872
792 835
815 835
815 874
721 874
721 879
657 879
657 821
646 821
646 775
656 775
656 604
622 604
622 666
619 666
619 594
616 594
616 609
603 609
603 640
594 640
594 587
599 587
599 558
733 558
733 569
623 569
623 581
629 581
629 570
895 570
895 593
805 593
805 599
837 599
837 598
846 598
846 606
937 606
937 603
898 603
898 565
884 565
884 550
868 550
868 542
748 542
748 541
610 541
610 557
562 557
562 544
602 544
602 538
584 538
584 539
556 539
556 546
537 546
537 503
560 503
560 509
569 509
569 504
804 504
804 505
759 505
759 506
812 506
812 508
612 508
612 507
600 507
600 526
614 526
614 520
663 520
663 522
894 522
894 519
664 519
664 515
930 515
930 513
883 513
883 512
835 512
835 497
749 497
749 494
750 494
750 493
722 493
722 500
624 500
624 496
550 496
550 499
535 499
535 547
539 547
539 584
494 584
494 600
485 600
485 534
484 534
484 579
481 579
481 614
445 614
445 605
435 605
435 620
522 620
522 624
528 624
528 626
433 626
433 641
446 641
446 639
551 639
551 659
337 659
337 661
558 661
558 631
563 631
563 617
555 617
555 613
495 613
495 585
591 585
591 633
574 633
574 656
573 656
573 665
578 665
578 648
613 648
613 686
638 686
638 642
642 642
642 695
553 695
553 729
541 729
541 861
529 861
529 804
525 804
525 795
507 795
507 749
504 749
504 807
487 807
487 799
463 799
463 818
476 818
476 838
464 838
464 858
460 858
460 819
434 819
434 820
430 820
430 845
412 845
412 836
369 836
369 826
345 826
345 847
327 847
327 796
326 796
326 886
339 886
339 876
341 876
341 855
346 855
346 889
349 889
349 859
353 859
353 844
389 844
389 853
354 853
354 878
359 878
359 923
350 923
350 922
355 922
355 906
338 906
338 896
314 896
314 905
304 905
304 967
299 967
299 1016
295 1016
295 887
296 887
296 789
297 789
297 761
290 761
290 873
289 873
289 792
283 792
283 810
287 810
287 839
281 839
281 822
279 822
279 755
266 755
266 781
261 781
261 780
257 780
257 782
253 782
253 681
255 681
255 563
249 563
249 562
223 562
223 511
241 511
241 489
239 489
239 495
235 495
235 485
363 485
363 491
727 491
727 490
405 490
405 474
498 474
498 425
593 425
593 437
592 437
592 449
549 449
549 464
728 464
728 463
809 463
809 472
841 472
841 451
845 451
845 465
869 465
869 326
874 326
874 245
917 245
917 262
903 262
903 253
881 253
881 311
886 311
886 288
912 288
912 359
958 359
958 410
960 410
960 424
974 424
974 433
985 433
985 428
1070 428
1070 435
1003 435
1003 458
1006 458
1006 466
1029 466
1029 468
1072 468
1072 459
1079 459
1079 461
1116 461
1116 453
1071 453
1071 447
1360 447
1360 444
1123 444
1123 443
1158 443
1158 442
1164 442
1164 430
1117 430
1117 427
1096 427
1096 419
1427 419
1427 347
1429 347
1429 147
1430 147
1430 174
1436 174
1436 157
1437 157
1437 167
1438 167
1438 119
1434 119
1434 108
1376 108
1376 104
1278 104
1278 106
1273 106
1273 102
1274 102
1274 89
1549 89
1549 91
1629 91
1629 79
1533 79
1533 77
1704 77
1704 73
1706 73
1706 88
1679 88
1679 94
1713 94
1713 52
1714 52
1714 64
1717 64
1717 141
1720 141
1720 221
1702 221
1702 189
1676 189
1676 159
1685 159
1685 109
1695 109
1695 96
1684 96
1684 152
1672 152
1672 131
1654 131
1654 153
1634 153
1634 173
1614 173
1614 192
1633 192
1633 193
1689 193
1689 199
1698 199
1698 239
1710 239
1710 243
1738 243
1738 242
1748 242
1748 232
1750 232
1750 223
1746 223
1746 188
1735 188
1735 162
1730 162
1730 112
1753 112
1753 178
1755 178
1755 266
1760 266
1760 154
1841 154
1841 176
1822 176
1822 177
1942 177
1942 180
2029 180
2029 183
1935 183
1935 179
1852 179
1852 181
1764 181
1764 182
1853 182
1853 411
1855 411
1855 445
1857 445
1857 929
1863 929
1863 902
1864 902
1864 664
1861 664
1861 628
1859 628
1859 403
1858 403
1858 344
1865 344
1865 389
1866 389
1866 205
1868 205
1868 608
1880 608
1880 616
1900 616
1900 597
1879 597
1879 592
1894 592
1894 543
1903 543
1903 450
1911 450
1911 456
1914 456
1914 469
1912 469
1912 529
1916 529
1916 548
1920 548
1920 635
1923 635
1923 655
1892 655
1892 662
1922 662
1922 670
1908 670
1908 683
1926 683
1926 568
1931 568
1931 439
1907 439
1907 438
1921 438
1921 431
1904 431
1904 394
1888 394
1888 448
1885 448
1885 535
1887 535
1887 551
1871 551
1871 517
1874 517
1874 518
1878 518
1878 303
1877 303
1877 361
1875 361
1875 298
1872 298
1872 290
1870 290
1870 363
1869 363
1869 190
1938 190
1938 191
1985 191
1985 279
2012 279
2012 309
2031 309
2031 244
2046 244
2046 318
2073 318
2073 241
2015 241
2015 220
2144 220
2144 251
2109 251
2109 235
2108 235
2108 313
2104 313
2104 432
2101 432
2101 360
1996 360
1996 1375
1995 1375
1995 1499
1992 1499
1992 1555
1991 1555
1991 1672
1997 1672
1997 960
2003 960
2003 1107
2000 1107
2000 1414
2005 1414
2005 1567
2013 1567
2013 1413
2016 1413
2016 1576
2020 1576
2020 1271
2019 1271
2019 1327
2017 1327
2017 1255
2018 1255
2018 1236
2014 1236
2014 1349
2009 1349
2009 1360
2008 1360
2008 1340
2006 1340
2006 1231
2010 1231
2010 862
2007 862
2007 1056
2004 1056
2004 921
2002 921
2002 925
1998 925
1998 362
2033 362
2033 395
2021 395
2021 418
2059 418
2059 440
2063 440
2063 540
2042 540
2042 553
2057 553
2057 757
2056 757
2056 673
2039 673
2039 715
2044 715
2044 723
2048 723
2048 722
2054 722
2054 914
2051 914
2051 901
2045 901
2045 918
2032 918
2032 1088
2028 1088
2028 1063
2027 1063
2027 1138
2025 1138
2025 1186
2026 1186
2026 1156
2037 1156
2037 1003
2035 1003
2035 963
2050 963
2050 916
2062 916
2062 911
2065 911
2065 632
2060 632
2060 625
2064 625
2064 521
2069 521
2069 573
2074 573
2074 532
2094 532
2094 823
2092 823
2092 588
2091 588
2091 678
2087 678
2087 1176
2082 1176
2082 1192
2081 1192
2081 1230
2079 1230
2079 1188
2076 1188
2076 1210
2067 1210
2067 1352
2068 1352
2068 1244
2070 1244
2070 1245
2090 1245
2090 1177
2088 1177
2088 1158
2089 1158
2089 969
2095 969
2095 990
2096 990
2096 1530
2097 1530
2097 555
2098 555
2098 1588
2099 1588
2099 1332
2100 1332
2100 486
2137 486
2137 716
2125 716
2125 746
2123 746
2123 1604
2038 1604
2038 1693
2040 1693
2040 1623
2105 1623
2105 1643
2119 1643
2119 1703
2118 1703
2118 1742
2124 1742
2124 877
2126 877
2126 1680
2131 1680
2131 1675
2128 1675
2128 1664
2127 1664
2127 1520
2154 1520
2154 1727
2145 1727
2145 1741
2150 1741
2150 1772
2158 1772
2158 1582
2170 1582
2170 1621
2171 1621
2171 1627
2176 1627
2176 1527
2189 1527
2189 1432
2187 1432
2187 1492
2173 1492
2173 1444
2166 1444
2166 1579
2165 1579
2165 1501
2130 1501
2130 1412
2140 1412
2140 1475
2142 1475
2142 1431
2156 1431
2156 1348
2149 1348
2149 1393
2132 1393
2132 934
2139 934
2139 634
2138 634
2138 482
2080 482
2080 479
2129 479
2129 471
2078 471
2078 480
2075 480
2075 452
2102 452
2102 454
2163 454
2163 460
2143 460
2143 1180
2146 1180
2146 1221
2152 1221
2152 1251
2177 1251
2177 1257
2159 1257
2159 1259
2181 1259
2181 1157
2186 1157
2186 1104
2207 1104
2207 1636
2206 1636
2206 1616
2205 1616
2205 1268
2199 1268
2199 1269
2203 1269
2203 1750
2202 1750
2202 1815
2201 1815
2201 1855
2172 1855
2172 1856
1999 1856
1999 1828
2022 1828
2022 1826
1986 1826
1986 1838
1994 1838
1994 1862
1961 1862
1961 1154
1964 1154
1964 1080
1971 1080
1971 1054
1975 1054
1975 1304
1972 1304
1972 1358
1970 1358
1970 1386
1974 1386
1974 1581
1968 1581
1968 1595
1967 1595
1967 1428
1966 1428
1966 1713
1978 1713
1978 1658
1980 1658
1980 1240
1982 1240
1982 1220
1977 1220
1977 1121
1979 1121
1979 1085
1981 1085
1981 987
1949 987
1949 974
1950 974
1950 964
1946 964
1946 952
1983 952
1983 947
1839 947
1839 948
1827 948
1827 1000
1828 1000
1828 985
1876 985
1876 1006
1835 1006
1835 1011
1814 1011
1814 1014
1826 1014
1826 1023
1830 1023
1830 1128
1829 1128
1829 1278
1793 1278
1793 1294
1845 1294
1845 1196
1831 1196
1831 1073
1847 1073
1847 1124
1856 1124
1856 1123
1867 1123
1867 1055
1834 1055
1834 1017
1890 1017
1890 1018
1934 1018
1934 993
1881 993
1881 973
1917 973
1917 965
1898 965
1898 958
1943 958
1943 1032
1963 1032
1963 1094
1959 1094
1959 1114
1955 1114
1955 1343
1956 1343
1956 1575
1957 1575
1957 1637
1958 1637
1958 1865
2041 1865
2041 1858
2049 1858
2049 1867
2053 1867
2053 1892
2058 1892
2058 1870
2077 1870
2077 1912
2072 1912
2072 1914
1969 1914
1969 1905
1960 1905
1960 1927
1947 1927
1947 1962
1953 1962
1953 1947
1952 1947
1952 1938
1962 1938
1962 1991
1939 1991
1939 1963
1937 1963
1937 1873
1930 1873
1930 1797
1932 1797
1932 1803
1933 1803
1933 1686
1936 1686
1936 1653
1928 1653
1928 1506
1902 1506
1902 1546
1891 1546
1891 1419
1897 1419
1897 1415
1873 1415
1873 1508
1862 1508
1862 1400
1905 1400
1905 1391
1801 1391
1801 1364
1787 1364
1787 1382
1798 1382
1798 1406
1779 1406
1779 1342
1781 1342
1781 1335
1751 1335
1751 1339
1767 1339
1767 1338
1775 1338
1775 1553
1788 1553
1788 1421
1808 1421
1808 1515
1813 1515
1813 1592
1809 1592
1809 1602
1806 1602
1806 1597
1805 1597
1805 1654
1815 1654
1815 1661
1802 1661
1802 1634
1792 1634
1792 1590
1791 1590
1791 1563
1778 1563
1778 1565
1770 1565
1770 1580
1789 1580
1789 1678
1797 1678
1797 1687
1790 1687
1790 1704
1799 1704
1799 1706
1818 1706
1818 1652
1812 1652
1812 1611
1817 1611
1817 1455
1825 1455
1825 1491
1821 1491
1821 1485
1819 1485
1819 1531
1836 1531
1836 1473
1849 1473
1849 1525
1886 1525
1886 1540
1882 1540
1882 1577
1925 1577
1925 1533
1927 1533
1927 1811
1929 1811
1929 1993
1954 1993
1954 1999
1889 1999
1889 2020
1832 2020
1832 1879
1838 1879
1838 1830
1824 1830
1824 1827
1733 1827
1733 1903
1715 1903
1715 1890
1688 1890
1688 1915
1739 1915
1739 1869
1734 1869
1734 1835
1785 1835
1785 1872
1774 1872
1774 1876
1777 1876
1777 1881
1773 1881
1773 1917
1765 1917
1765 1929
1726 1929
1726 1924
1615 1924
1615 1755
1593 1755
1593 1778
1575 1778
1575 1756
1590 1756
1590 1666
1589 1666
1589 1617
1592 1617
1592 1569
1600 1569
1600 1479
1594 1479
1594 1460
1595 1460
1595 1436
1576 1436
1576 1524
1587 1524
1587 1529
1581 1529
1581 1639
1585 1639
1585 1701
1584 1701
1584 1676
1570 1676
1570 1722
1552 1722
1552 1607
1551 1607
1551 1759
1546 1759
1546 1585
1550 1585
1550 1411
1503 1411
1503 1418
1498 1418
1498 1440
1485 1440
1485 1328
1486 1328
1486 1323
1484 1323
1484 1331
1478 1331
1478 1357
1470 1357
1470 1410
1473 1410
1473 1441
1483 1441
1483 1457
1507 1457
1507 1439
1505 1439
1505 1423
1534 1423
1534 1456
1539 1456
1539 1551
1525 1551
1525 1570
1543 1570
1543 1801
1557 1801
1557 1773
1560 1773
1560 1782
1608 1782
1608 1819
1611 1819
1611 1878
1603 1878
1603 1935
1631 1935
1631 1934
1740 1934
1740 1941
1749 1941
1749 1931
1737 1931
1737 1930
1784 1930
1784 1926
1782 1926
1782 1880
1794 1880
1794 1834
1800 1834
1800 1837
1823 1837
1823 1961
1816 1961
1816 1985
1811 1985
1811 1990
1803 1990
1803 2006
1598 2006
1598 2003
1763 2003
1763 2002
1558 2002
1558 2007
1762 2007
1762 2107
1686 2107
1686 2080
1670 2080
1670 2071
1687 2071
1687 2078
1703 2078
1703 2017
1693 2017
1693 2025
1699 2025
1699 2067
1690 2067
1690 2060
1677 2060
1677 2069
1673 2069
1673 2063
1639 2063
1639 2076
1668 2076
1668 2102
1671 2102
1671 2105
1683 2105
1683 2108
1642 2108
1642 2114
1528 2114
1528 2112
1545 2112
1545 2056
1518 2056
1518 1928
1519 1928
1519 1884
1520 1884
1520 1864
1500 1864
1500 1851
1513 1851
1513 1844
1421 1844
1421 1832
1379 1832
1379 1841
1413 1841
1413 1845
1361 1845
1361 1840
1368 1840
1368 1839
1356 1839
1356 1842
1276 1842
1276 1833
1280 1833
1280 1825
1223 1825
1223 1831
1194 1831
1194 1863
1205 1863
1205 1852
1199 1852
1199 1846
1201 1846
1201 1848
1372 1848
1372 1850
1482 1850
1482 1857
1469 1857
1469 1868
1471 1868
1471 1953
1491 1953
1491 2055
1496 2055
1496 1958
1493 1958
1493 1948
1479 1948
1479 1875
1476 1875
1476 1901
1475 1901
1475 1860
1497 1860
1497 1871
1506 1871
1506 1995
1516 1995
1516 2061
1542 2061
1542 2075
1538 2075
1538 2109
1531 2109
1531 2096
1523 2096
1523 2119
1732 2119
1732 2116
1757 2116
1757 2115
1768 2115
1768 2094
1776 2094
1776 2090
1766 2090
1766 2010
1795 2010
1795 2033
1783 2033
1783 2065
1796 2065
1796 2018
1807 2018
1807 2048
1810 2048
1810 2030
1837 2030
1837 2026
1901 2026
1901 2024
1844 2024
1844 2023
1915 2023
1915 2013
1973 2013
1973 2053
1883 2053
1883 2058
1899 2058
1899 2062
1948 2062
1948 2068
1842 2068
1842 2077
1850 2077
1850 2088
1884 2088
1884 2072
1976 2072
1976 1983
1965 1983
1965 1919
2024 1919
2024 1945
2083 1945
2083 2038
2071 2038
2071 2049
2086 2049
2086 2040
2093 2040
2093 2015
2147 2015
2147 2054
2141 2054
2141 2045
2115 2045
2115 2059
2198 2059
2198 2082
2225 2082
2225 2150
2227 2150
2227 2259
2066 2259
2066 2236
2061 2236
2061 2226
2055 2226
2055 2260
2047 2260
2047 2212
2011 2212
2011 2222
1984 2222
1984 2248
1989 2248
1989 2232
2034 2232
2034 2256
1944 2256
1944 2257
2030 2257
2030 2320
2023 2320
2023 2327
1918 2327
1918 2324
1840 2324
1840 2313
1694 2313
1694 2310
1754 2310
1754 2293
1517 2293
1517 2291
1573 2291
1573 2278
1495 2278
1495 2274
1638 2274
1638 2267
1669 2267
1669 2266
1644 2266
1644 2249
1444 2249
1444 2251
1259 2251
1259 2281
1214 2281
1214 2275
1127 2275
1127 2200
988 2200
988 2208
980 2208
980 2223
852 2223
852 2164
765 2164
765 2160
699 2160
699 2151
816 2151
816 2083
811 2083
811 2044
803 2044
803 2079
766 2079
766 2091
778 2091
778 2118
806 2118
806 2134
738 2134
738 2122
730 2122
730 2143
718 2143
718 2132
712 2132
712 2135
697 2135
697 2029
702 2029
702 1994
698 1994
698 1823
675 1823
675 1816
667 1816
667 1817
668 1817
668 1821
633 1821
633 1874
634 1874
634 1854
643 1854
643 1836
666 1836
666 1849
686 1849
686 1853
693 1853
693 2081
692 2081
692 1887
684 1887
684 1955
637 1955
637 1960
531 1960
531 1937
462 1937
462 1936
452 1936
452 1922
119 1922
119 1957
90 1957
90 1969
74 1969
74 1973
72 1973
72 1939
46 1939
46 1997
60 1997
60 2011
65 2011
65 2074
70 2074
70 2041
78 2041
78 2014
174 2014
174 2008
150 2008
150 1988
106 1988
106 2001
100 2001
100 1959
134 1959
134 1976
126 1976
126 1980
149 1980
149 1977
138 1977
138 1942
233 1942
233 1925
245 1925
245 1923
437 1923
437 1932
451 1932
451 1944
526 1944
526 1946
425 1946
425 1954
455 1954
455 1952
480 1952
480 1968
482 1968
482 1984
378 1984
378 2066
376 2066
376 2028
362 2028
362 2032
344 2032
344 2042
361 2042
361 2070
373 2070
373 2084
387 2084
387 1998
393 1998
393 2097
421 2097
421 2127
438 2127
438 2111
448 2111
448 2138
423 2138
423 2172
428 2172
428 2162
457 2162
457 2128
459 2128
459 2288
454 2288
454 2456
332 2456
332 2453
308 2453
308 2457
458 2457
458 2295
465 2295
465 2450
493 2450
493 2454
570 2454
570 2478
833 2478
833 2477
854 2477
854 2497
871 2497
871 2498
899 2498
899 2495
922 2495
922 2494
967 2494
967 2487
1066 2487
1066 2489
1038 2489
1038 2492
1082 2492
1082 2491
1133 2491
1133 2496
1153 2496
1153 2493
1189 2493
1189 2490
1168 2490
1168 2486
1018 2486
1018 2480
1013 2480
1013 2473
1312 2473
1312 2470
1457 2470
1457 2446
1452 2446
1452 2458
1423 2458
1423 2459
1422 2459
1422 2468
1416 2468
1416 2445
1410 2445
1410 2462
1394 2462
1394 2465
1385 2465
1385 2467
1170 2467
1170 2469
1291 2469
1291 2472
920 2472
920 2471
1159 2471
1159 2461
1086 2461
1086 2466
914 2466
914 2474
1011 2474
1011 2483
993 2483
993 2485
961 2485
961 2481
876 2481
876 2476
763 2476
763 2475
575 2475
575 2447
579 2447
579 2452
604 2452
604 2449
601 2449
601 2443
585 2443
585 2444
568 2444
568 2451
497 2451
497 2448
472 2448
472 2347
467 2347
467 2215
461 2215
461 2086
456 2086
456 2129
449 2129
449 2085
427 2085
427 2093
399 2093
399 2073
402 2073
402 2050
394 2050
394 1989
439 1989
439 1996
443 1996
443 2000
468 2000
468 2022
483 2022
483 2021
486 2021
486 1950
519 1950
519 1964
687 1964
687 1920
691 1920
691 2168
842 2168
842 2185
847 2185
847 2227
998 2227
998 2217
1048 2217
1048 2206
1044 2206
1044 2205
1068 2205
1068 2231
1094 2231
1094 2213
1103 2213
1103 2210
1122 2210
1122 2262
1121 2262
1121 2277
1188 2277
1188 2283
1277 2283
1277 2252
1540 2252
1540 2250
1635 2250
1635 2253
1439 2253
1439 2255
1572 2255
1572 2254
1612 2254
1612 2258
1605 2258
1605 2273
1462 2273
1462 2280
1499 2280
1499 2296
1722 2296
1722 2300
1658 2300
1658 2326
1728 2326
1728 2329
2036 2329
2036 2261
2228 2261
2228 2214
2229 2214
2229 2110
2233 2110
2233 2064
2220 2064
2220 2051
2155 2051
2155 2005
2116 2005
2116 1974
2084 1974
2084 1859
2209 1859
2209 1397
2208 1397
2208 1101
2179 1101
2179 1246
2175 1246
2175 1235
2153 1235
2153 1145
2157 1145
2157 1143
2148 1143
2148 612
2160 612
2160 467
2196 467
2196 457
2168 457
2168 429
2111 429
2111 426
2113 426
2113 385
2122 385
2122 382
2117 382
2117 380
2112 380
2112 373
2106 373
2106 356
2110 356
2110 258
2190 258
2190 234
2180 234
2180 219
1988 219
1988 259
1987 259
1987 186
2103 186
2103 184
2120 184
2120 175
1854 175
1854 149
1919 149
1919 148
1913 148
1913 145
1758 145
1758 139
1756 139
1756 132
1772 132
1772 98
1718 98
1718 60
1743 60
1743 50
