1798
923 245
923 238
928 238
928 228
770 228
770 250
771 250
771 248
783 248
783 252
639 252
639 247
590 247
590 254
689 254
689 261
714 261
714 256
769 256
769 284
532 284
532 307
517 307
517 312
382 312
382 336
370 336
370 343
398 343
398 369
319 369
319 393
489 393
489 388
496 388
496 399
502 399
502 408
631 408
631 409
145 409
145 404
201 404
201 384
83 384
83 481
75 481
75 523
56 523
56 514
71 514
71 483
40 483
40 524
79 524
79 596
54 596
54 627
51 627
51 745
76 745
76 765
39 765
39 848
34 848
34 1074
25 1074
25 1097
26 1097
26 1345
28 1345
28 1547
81 1547
81 1478
96 1478
96 1698
99 1698
99 1574
104 1574
104 1535
122 1535
122 1642
103 1642
103 1744
105 1744
105 1776
36 1776
36 1781
17 1781
17 1748
4 1748
4 1715
23 1715
23 1709
1 1709
1 1771
16 1771
16 1779
2 1779
2 1789
170 1789
170 1791
160 1791
160 1792
217 1792
217 1794
386 1794
386 1793
292 1793
292 1757
333 1757
333 1774
385 1774
385 1747
377 1747
377 1733
466 1733
466 1739
477 1739
477 1728
406 1728
406 1726
371 1726
371 1752
324 1752
324 1719
492 1719
492 1716
503 1716
503 1765
547 1765
547 1753
706 1753
706 1766
659 1766
659 1768
680 1768
680 1777
640 1777
640 1810
665 1810
665 1805
744 1805
744 1795
731 1795
731 1796
705 1796
705 1804
701 1804
701 1785
708 1785
708 1732
681 1732
681 1724
677 1724
677 1749
582 1749
582 1743
611 1743
611 1738
567 1738
567 1751
527 1751
527 1758
512 1758
512 1714
424 1714
424 1717
356 1717
356 1710
318 1710
318 1737
323 1737
323 1746
243 1746
243 1707
240 1707
240 1767
291 1767
291 1787
267 1787
267 1788
44 1788
44 1786
148 1786
148 1762
166 1762
166 1761
159 1761
159 1712
155 1712
155 1754
152 1754
152 1622
258 1622
258 1620
268 1620
268 1646
310 1646
310 1638
316 1638
316 1626
311 1626
311 1633
280 1633
280 1504
293 1504
293 1560
315 1560
315 1517
321 1517
321 1468
307 1468
307 1464
277 1464
277 1452
342 1452
342 1458
365 1458
365 1518
364 1518
364 1556
392 1556
392 1526
395 1526
395 1483
447 1483
447 1503
479 1503
479 1514
488 1514
488 1536
478 1536
478 1566
442 1566
442 1587
418 1587
418 1532
416 1532
416 1545
410 1545
410 1589
471 1589
471 1599
473 1599
473 1586
505 1586
505 1615
501 1615
501 1631
510 1631
510 1651
511 1651
511 1614
516 1614
516 1644
518 1644
518 1591
538 1591
538 1650
540 1650
540 1601
546 1601
546 1624
571 1624
571 1610
576 1610
576 1609
583 1609
583 1552
580 1552
580 1572
566 1572
566 1537
572 1537
572 1516
561 1516
561 1513
655 1513
655 1512
588 1512
588 1498
746 1498
746 1509
761 1509
761 1502
795 1502
795 1486
742 1486
742 1470
755 1470
755 1469
688 1469
688 1429
843 1429
843 1427
863 1427
863 1430
901 1430
901 1405
942 1405
942 1366
953 1366
953 1370
986 1370
986 1453
978 1453
978 1521
987 1521
987 1534
977 1534
977 1561
1008 1561
1008 1583
1014 1583
1014 1542
1026 1542
1026 1557
1016 1557
1016 1571
1020 1571
1020 1662
1042 1662
1042 1667
1088 1667
1088 1668
999 1668
999 1649
964 1649
964 1573
935 1573
935 1594
938 1594
938 1600
948 1600
948 1632
951 1632
951 1669
1098 1669
1098 1671
1092 1671
1092 1681
1075 1681
1075 1674
1017 1674
1017 1700
1002 1700
1002 1735
1007 1735
1007 1711
1019 1711
1019 1723
1034 1723
1034 1770
1101 1770
1101 1784
1059 1784
1059 1790
1099 1790
1099 1814
1156 1814
1156 1812
1115 1812
1115 1813
1112 1813
1112 1322
1110 1322
1110 1798
1102 1798
1102 1725
1084 1725
1084 1764
1040 1764
1040 1745
1063 1745
1063 1720
1036 1720
1036 1760
1035 1760
1035 1697
1033 1697
1033 1682
1090 1682
1090 1689
1097 1689
1097 1684
1107 1684
1107 1656
1105 1656
1105 1640
1087 1640
1087 1659
1077 1659
1077 1663
1058 1663
1058 1657
1046 1657
1046 1660
1039 1660
1039 1559
1057 1559
1057 1564
1054 1564
1054 1635
1061 1635
1061 1558
1073 1558
1073 1554
1052 1554
1052 1550
1032 1550
1032 1459
1024 1459
1024 1490
1027 1490
1027 1528
1028 1528
1028 1511
1030 1511
1030 1539
992 1539
992 1484
989 1484
989 1347
969 1347
969 1324
968 1324
968 1326
941 1326
941 1321
939 1321
939 1329
927 1329
927 1355
949 1355
949 1362
875 1362
875 1334
867 1334
867 1356
834 1356
834 1361
832 1361
832 1374
889 1374
889 1377
904 1377
904 1379
888 1379
888 1385
913 1385
913 1388
892 1388
892 1426
800 1426
800 1425
649 1425
649 1449
673 1449
673 1471
648 1471
648 1494
662 1494
662 1488
762 1488
762 1495
753 1495
753 1496
559 1496
559 1538
565 1538
565 1584
491 1584
491 1541
499 1541
499 1482
401 1482
401 1451
351 1451
351 1434
358 1434
358 1417
313 1417
313 1422
334 1422
334 1424
302 1424
302 1446
273 1446
273 1568
274 1568
274 1593
250 1593
250 1596
256 1596
256 1603
276 1603
276 1605
265 1605
265 1618
260 1618
260 1608
206 1608
206 1612
234 1612
234 1619
171 1619
171 1489
172 1489
172 1523
183 1523
183 1507
191 1507
191 1500
195 1500
195 1402
168 1402
168 1404
178 1404
178 1481
167 1481
167 1408
165 1408
165 1394
200 1394
200 1371
175 1371
175 1380
164 1380
164 1522
161 1522
161 1519
151 1519
151 1438
147 1438
147 1780
142 1780
142 1783
116 1783
116 1665
139 1665
139 1474
112 1474
112 1416
111 1416
111 1462
97 1462
97 1359
95 1359
95 1367
93 1367
93 1368
91 1368
91 1333
82 1333
82 1465
98 1465
98 1467
69 1467
69 1131
68 1131
68 1461
62 1461
62 1384
66 1384
66 1228
61 1228
61 1031
57 1031
57 1026
53 1026
53 955
49 955
49 1053
58 1053
58 1132
42 1132
42 1144
59 1144
59 1256
50 1256
50 1273
48 1273
48 1420
47 1420
47 1480
80 1480
80 1543
30 1543
30 1365
32 1365
32 1182
31 1182
31 1153
33 1153
33 1297
35 1297
35 882
43 882
43 808
77 808
77 668
67 668
67 663
73 663
73 619
84 619
84 575
85 575
85 652
88 652
88 572
101 572
101 908
102 908
102 766
109 766
109 842
115 842
115 1091
123 1091
123 1069
133 1069
133 1218
146 1218
146 1233
156 1233
156 1265
157 1265
157 1242
173 1242
173 1183
153 1183
153 1216
137 1216
137 1125
140 1125
140 1039
129 1039
129 811
132 811
132 797
131 797
131 649
127 649
127 582
124 582
124 552
128 552
128 436
121 436
121 669
125 669
125 769
118 769
118 920
117 920
117 675
114 675
114 498
113 498
113 545
94 545
94 434
87 434
87 396
143 396
143 412
653 412
653 413
793 413
793 407
521 407
521 387
408 387
408 391
407 391
407 340
414 340
414 337
397 337
397 315
508 315
508 317
534 317
534 321
552 321
552 305
543 305
543 316
542 316
542 293
587 293
587 292
605 292
605 287
694 287
694 285
785 285
785 229
813 229
813 246
827 246
827 236
839 236
839 233
873 233
873 325
679 325
679 341
606 341
606 348
695 348
695 331
709 331
709 352
781 352
781 349
773 349
773 338
717 338
717 332
801 332
801 327
838 327
838 354
860 354
860 358
864 358
864 421
855 421
855 423
859 423
859 446
829 446
829 455
608 455
608 422
490 422
490 470
453 470
453 473
388 473
388 478
381 478
381 484
252 484
252 476
231 476
231 477
230 477
230 492
221 492
221 607
225 607
225 611
242 611
242 643
236 643
236 660
238 660
238 698
244 698
244 685
247 685
247 647
251 647
251 784
264 784
264 843
269 843
269 801
270 801
270 869
282 869
282 851
285 851
285 883
294 883
294 997
288 997
288 1100
300 1100
300 1013
303 1013
303 1111
262 1111
262 1146
298 1146
298 1149
271 1149
271 1155
301 1155
301 1127
374 1127
374 1106
411 1106
411 1112
400 1112
400 1120
380 1120
380 1126
417 1126
417 1117
419 1117
419 1166
331 1166
331 1165
210 1165
210 1076
218 1076
218 1072
214 1072
214 1028
187 1028
187 1064
209 1064
209 1077
185 1077
185 1135
184 1135
184 1174
182 1174
182 1288
220 1288
220 1306
286 1306
286 1302
825 1302
825 1303
858 1303
858 1311
696 1311
696 1312
581 1312
581 1317
685 1317
685 1320
853 1320
853 1315
862 1315
862 1285
861 1285
861 1263
865 1263
865 1275
866 1275
866 1258
885 1258
885 1253
900 1253
900 1250
966 1250
966 1252
1104 1252
1104 1234
1108 1234
1108 1222
1118 1222
1118 1191
1095 1191
1095 1181
1091 1181
1091 1207
1056 1207
1056 1198
1045 1198
1045 1211
1080 1211
1080 1212
1076 1212
1076 1214
1051 1214
1051 1215
1111 1215
1111 1217
1078 1217
1078 1219
1089 1219
1089 1243
996 1243
996 1248
929 1248
929 1247
882 1247
882 1237
932 1237
932 1202
924 1202
924 1169
936 1169
936 1170
957 1170
957 1150
975 1150
975 1082
972 1082
972 1119
943 1119
943 1129
955 1129
955 1141
907 1141
907 1173
902 1173
902 1204
921 1204
921 1224
857 1224
857 1239
856 1239
856 1296
849 1296
849 1301
379 1301
379 1298
254 1298
254 1305
224 1305
224 1293
227 1293
227 1279
190 1279
190 1147
192 1147
192 1079
196 1079
196 1272
216 1272
216 1209
212 1209
212 1225
198 1225
198 1249
197 1249
197 1116
199 1116
199 1163
205 1163
205 1168
208 1168
208 1187
222 1187
222 1172
275 1172
275 1167
429 1167
429 1194
237 1194
237 1195
375 1195
375 1203
409 1203
409 1200
432 1200
432 1148
440 1148
440 1130
426 1130
426 1098
420 1098
420 1096
367 1096
367 1087
352 1087
352 1105
348 1105
348 1118
340 1118
340 1081
306 1081
306 1060
305 1060
305 1035
312 1035
312 1021
309 1021
309 919
325 919
325 913
347 913
347 933
383 933
383 944
404 944
404 942
390 942
390 926
391 926
391 924
372 924
372 903
384 903
384 904
444 904
444 907
500 907
500 900
431 900
431 898
396 898
396 894
524 894
524 895
802 895
802 891
768 891
768 892
441 892
441 893
366 893
366 870
357 870
357 866
403 866
403 875
515 875
515 880
544 880
544 865
509 865
509 863
548 863
548 777
554 777
554 699
645 699
645 774
628 774
628 742
615 742
615 732
586 732
586 771
626 771
626 824
654 824
654 832
651 832
651 888
661 888
661 890
678 890
678 884
674 884
674 881
817 881
817 828
796 828
796 833
788 833
788 813
1060 813
1060 840
984 840
984 860
1025 860
1025 857
1114 857
1114 830
1137 830
1137 827
1206 827
1206 871
1215 871
1215 854
1224 854
1224 829
1238 829
1238 864
1284 864
1284 856
1285 856
1285 834
1244 834
1244 816
1239 816
1239 814
1318 814
1318 794
1331 794
1331 788
1352 788
1352 787
1365 787
1365 776
1323 776
1323 785
1203 785
1203 802
1217 802
1217 803
1207 803
1207 812
1155 812
1155 817
1128 817
1128 798
1062 798
1062 809
1049 809
1049 806
850 806
850 800
819 800
819 805
791 805
791 773
1306 773
1306 764
1310 764
1310 741
1489 741
1489 747
1472 747
1472 753
1468 753
1468 885
1461 885
1461 909
1466 909
1466 917
1445 917
1445 1020
1441 1020
1441 986
1432 986
1432 1034
1414 1034
1414 1015
1412 1015
1412 1047
1407 1047
1407 1025
1381 1025
1381 1044
1373 1044
1373 1010
1328 1010
1328 1009
1333 1009
1333 992
1324 992
1324 980
1340 980
1340 1008
1353 1008
1353 984
1363 984
1363 983
1375 983
1375 976
1317 976
1317 991
1305 991
1305 1024
1246 1024
1246 1109
1234 1109
1234 1162
1228 1162
1228 1179
1263 1179
1263 1175
1270 1175
1270 1197
1271 1197
1271 1184
1281 1184
1281 1178
1288 1178
1288 1213
1296 1213
1296 1387
1334 1387
1334 1433
1289 1433
1289 1493
1298 1493
1298 1497
1300 1497
1300 1476
1304 1476
1304 1548
1325 1548
1325 1445
1342 1445
1342 1549
1345 1549
1345 1606
1348 1606
1348 1692
1335 1692
1335 1690
1233 1690
1233 1685
1329 1685
1329 1683
1235 1683
1235 1655
1242 1655
1242 1625
1257 1625
1257 1598
1251 1598
1251 1613
1229 1613
1229 1628
1240 1628
1240 1647
1221 1647
1221 1281
1195 1281
1195 1284
1216 1284
1216 1354
1219 1354
1219 1694
1371 1694
1371 1688
1382 1688
1382 1679
1400 1679
1400 1645
1408 1645
1408 1510
1405 1510
1405 1381
1404 1381
1404 1325
1387 1325
1387 1472
1390 1472
1390 1396
1402 1396
1402 1629
1401 1629
1401 1407
1398 1407
1398 1443
1393 1443
1393 1454
1397 1454
1397 1670
1391 1670
1391 1677
1354 1677
1354 1578
1357 1578
1357 1505
1347 1505
1347 1447
1346 1447
1346 1435
1341 1435
1341 1389
1336 1389
1336 1363
1297 1363
1297 1193
1299 1193
1299 1280
1303 1280
1303 1292
1374 1292
1374 1290
1338 1290
1338 1289
1364 1289
1364 1276
1343 1276
1343 1264
1322 1264
1322 1232
1320 1232
1320 1277
1313 1277
1313 1241
1311 1241
1311 1171
1247 1171
1247 1122
1249 1122
1249 1140
1250 1140
1250 1115
1253 1115
1253 1110
1266 1110
1266 1030
1319 1030
1319 1012
1362 1012
1362 1052
1418 1052
1418 1070
1419 1070
1419 1045
1446 1045
1446 1057
1428 1057
1428 1084
1453 1084
1453 1208
1458 1208
1458 1152
1454 1152
1454 1068
1440 1068
1440 1062
1451 1062
1451 1046
1449 1046
1449 1048
1448 1048
1448 928
1481 928
1481 841
1477 841
1477 815
1487 815
1487 831
1488 831
1488 759
1502 759
1502 968
1511 968
1511 972
1514 972
1514 954
1522 954
1522 978
1524 978
1524 951
1527 951
1527 943
1532 943
1532 949
1567 949
1567 957
1555 957
1555 982
1529 982
1529 1002
1544 1002
1544 996
1565 996
1565 1004
1569 1004
1569 1007
1564 1007
1564 1093
1554 1093
1554 1137
1464 1137
1464 1164
1508 1164
1508 1142
1548 1142
1548 1199
1541 1199
1541 1226
1556 1226
1556 1159
1562 1159
1562 1134
1566 1134
1566 1033
1568 1033
1568 1037
1571 1037
1571 1029
1577 1029
1577 966
1559 966
1559 962
1583 962
1583 950
1621 950
1621 961
1655 961
1655 977
1648 977
1648 971
1624 971
1624 1042
1619 1042
1619 1049
1620 1049
1620 1095
1711 1095
1711 1067
1725 1067
1725 1262
1709 1262
1709 1102
1708 1102
1708 1260
1665 1260
1665 1261
1652 1261
1652 1254
1661 1254
1661 1227
1650 1227
1650 1229
1618 1229
1618 1283
1632 1283
1632 1274
1651 1274
1651 1291
1696 1291
1696 1267
1721 1267
1721 1287
1729 1287
1729 1270
1727 1270
1727 1090
1731 1090
1731 1133
1741 1133
1741 1238
1745 1238
1745 1201
1744 1201
1744 1058
1667 1058
1667 1086
1649 1086
1649 999
1664 999
1664 998
1712 998
1712 1001
1747 1001
1747 994
1675 994
1675 975
1674 975
1674 959
1707 959
1707 956
1641 956
1641 936
1724 936
1724 935
1643 935
1643 932
1697 932
1697 931
1663 931
1663 927
1653 927
1653 912
1637 912
1637 946
1630 946
1630 937
1616 937
1616 945
1602 945
1602 939
1536 939
1536 941
1504 941
1504 751
1613 751
1613 748
1580 748
1580 738
1501 738
1501 737
1456 737
1456 740
1351 740
1351 736
1260 736
1260 728
1218 728
1218 725
1147 725
1147 727
1065 727
1065 731
982 731
982 721
990 721
990 711
1292 711
1292 710
1344 710
1344 712
1022 712
1022 713
994 713
994 714
1255 714
1255 717
1241 717
1241 719
1337 719
1337 720
1367 720
1367 694
1366 694
1366 691
1326 691
1326 684
1455 684
1455 646
1465 646
1465 556
1547 556
1547 577
1510 577
1510 586
1526 586
1526 623
1537 623
1537 583
1535 583
1535 580
1578 580
1578 576
1599 576
1599 644
1606 644
1606 679
1646 679
1646 657
1666 657
1666 622
1681 622
1681 645
1705 645
1705 621
1719 621
1719 595
1657 595
1657 654
1607 654
1607 618
1627 618
1627 574
1623 574
1623 571
1609 571
1609 554
1716 554
1716 549
1459 549
1459 629
1447 629
1447 561
1380 561
1380 530
1411 530
1411 537
1460 537
1460 533
1474 533
1474 525
1415 525
1415 528
1378 528
1378 567
1395 567
1395 566
1426 566
1426 578
1406 578
1406 602
1443 602
1443 610
1420 610
1420 680
1349 680
1349 638
1321 638
1321 689
1316 689
1316 687
1314 687
1314 688
1283 688
1283 630
1282 630
1282 615
1279 615
1279 510
1275 510
1275 671
1258 671
1258 674
1197 674
1197 676
1245 676
1245 682
1268 682
1268 703
959 703
959 700
1081 700
1081 697
1186 697
1186 693
946 693
946 702
952 702
952 705
1031 705
1031 704
1211 704
1211 707
1184 707
1184 709
981 709
981 743
944 743
944 724
926 724
926 733
915 733
915 744
1037 744
1037 754
1198 754
1198 750
1236 750
1236 739
1307 739
1307 762
1210 762
1210 760
1204 760
1204 772
1067 772
1067 768
872 768
872 770
810 770
810 767
830 767
830 752
726 752
726 726
734 726
734 730
767 730
767 690
747 690
747 692
745 692
745 706
716 706
716 701
715 701
715 868
739 868
739 791
732 791
732 793
719 793
719 763
723 763
723 735
724 735
724 756
807 756
807 758
782 758
782 778
777 778
777 846
772 846
772 852
774 852
774 872
792 872
792 835
815 835
815 874
721 874
721 879
657 879
657 821
646 821
646 775
656 775
656 604
622 604
622 666
619 666
619 640
594 640
594 587
599 587
599 558
539 558
539 584
494 584
494 600
485 600
485 534
484 534
484 579
481 579
481 614
445 614
445 605
435 605
435 620
522 620
522 624
528 624
528 626
433 626
433 641
446 641
446 639
551 639
551 659
337 659
337 661
558 661
558 631
563 631
563 617
555 617
555 613
495 613
495 585
591 585
591 633
574 633
574 648
613 648
613 686
638 686
638 642
642 642
642 695
553 695
553 729
541 729
541 861
354 861
354 878
359 878
359 923
350 923
350 922
355 922
355 906
304 906
304 967
299 967
299 1016
295 1016
295 887
296 887
296 873
289 873
289 839
281 839
281 822
279 822
279 782
253 782
253 681
255 681
255 563
249 563
249 562
223 562
223 511
241 511
241 495
235 495
235 485
405 485
405 474
498 474
498 425
593 425
593 437
592 437
592 449
549 449
549 463
841 463
841 451
869 451
869 326
874 326
874 245
