452
17 1781
17 1748
4 1748
4 1715
23 1715
23 1709
1 1709
1 1771
16 1771
16 1779
2 1779
2 1789
170 1789
170 1791
160 1791
160 1792
217 1792
217 1794
386 1794
386 1793
292 1793
292 1757
333 1757
333 1774
385 1774
385 1747
377 1747
377 1733
466 1733
466 1739
477 1739
477 1728
406 1728
406 1726
371 1726
371 1752
324 1752
324 1719
492 1719
492 1716
503 1716
503 1765
547 1765
547 1753
706 1753
706 1766
659 1766
659 1768
680 1768
680 1777
640 1777
640 1810
665 1810
665 1805
744 1805
744 1795
731 1795
731 1796
705 1796
705 1804
701 1804
701 1785
708 1785
708 1732
681 1732
681 1724
677 1724
677 1749
582 1749
582 1743
611 1743
611 1738
567 1738
567 1751
527 1751
527 1758
512 1758
512 1714
424 1714
424 1717
356 1717
356 1710
318 1710
318 1737
323 1737
323 1746
243 1746
243 1707
240 1707
240 1767
291 1767
291 1787
267 1787
267 1788
44 1788
44 1786
148 1786
148 1762
166 1762
166 1761
159 1761
159 1712
155 1712
155 1754
152 1754
152 1622
258 1622
258 1620
268 1620
268 1646
310 1646
310 1638
316 1638
316 1626
311 1626
311 1633
280 1633
280 1504
293 1504
293 1560
315 1560
315 1517
321 1517
321 1468
307 1468
307 1464
277 1464
277 1452
342 1452
342 1458
365 1458
365 1518
364 1518
364 1556
392 1556
392 1526
395 1526
395 1483
447 1483
447 1503
479 1503
479 1514
488 1514
488 1536
478 1536
478 1566
442 1566
442 1587
418 1587
418 1532
416 1532
416 1545
410 1545
410 1589
471 1589
471 1599
473 1599
473 1586
505 1586
505 1615
501 1615
501 1631
510 1631
510 1651
511 1651
511 1614
516 1614
516 1644
518 1644
518 1591
538 1591
538 1650
540 1650
540 1601
546 1601
546 1624
571 1624
571 1610
576 1610
576 1609
583 1609
583 1552
580 1552
580 1572
566 1572
566 1537
572 1537
572 1516
561 1516
561 1513
655 1513
655 1512
588 1512
588 1498
746 1498
746 1509
761 1509
761 1502
795 1502
795 1486
742 1486
742 1470
755 1470
755 1469
688 1469
688 1429
843 1429
843 1427
863 1427
863 1430
901 1430
901 1405
942 1405
942 1366
953 1366
953 1370
986 1370
986 1453
978 1453
978 1521
987 1521
987 1534
977 1534
977 1561
1008 1561
1008 1583
1014 1583
1014 1542
1026 1542
1026 1557
1016 1557
1016 1571
1020 1571
1020 1662
1042 1662
1042 1667
1088 1667
1088 1668
999 1668
999 1649
964 1649
964 1573
935 1573
935 1594
938 1594
938 1600
948 1600
948 1632
951 1632
951 1669
1098 1669
1098 1671
1092 1671
1092 1681
1075 1681
1075 1674
1017 1674
1017 1700
1002 1700
1002 1735
1007 1735
1007 1711
1019 1711
1019 1723
1034 1723
1034 1770
1101 1770
1101 1784
1059 1784
1059 1790
1099 1790
1099 1814
1156 1814
1156 1812
1115 1812
1115 1813
1112 1813
1112 1322
1110 1322
1110 1798
1102 1798
1102 1725
1084 1725
1084 1764
1040 1764
1040 1745
1063 1745
1063 1720
1036 1720
1036 1760
1035 1760
1035 1697
1033 1697
1033 1682
1090 1682
1090 1689
1097 1689
1097 1684
1107 1684
1107 1656
1105 1656
1105 1640
1087 1640
1087 1659
1077 1659
1077 1663
1058 1663
1058 1657
1046 1657
1046 1660
1039 1660
1039 1559
1057 1559
1057 1564
1054 1564
1054 1635
1061 1635
1061 1558
1073 1558
1073 1554
1052 1554
1052 1550
1032 1550
1032 1459
1024 1459
1024 1490
1027 1490
1027 1528
1028 1528
1028 1511
1030 1511
1030 1539
992 1539
992 1484
989 1484
989 1347
969 1347
969 1324
968 1324
968 1326
941 1326
941 1321
939 1321
939 1329
927 1329
927 1355
949 1355
949 1362
875 1362
875 1334
867 1334
867 1356
834 1356
834 1361
832 1361
832 1374
889 1374
889 1377
904 1377
904 1379
888 1379
888 1385
913 1385
913 1388
892 1388
892 1426
800 1426
800 1425
649 1425
649 1449
673 1449
673 1471
648 1471
648 1494
662 1494
662 1488
762 1488
762 1495
753 1495
753 1496
559 1496
559 1538
565 1538
565 1584
491 1584
491 1541
499 1541
499 1482
401 1482
401 1451
351 1451
351 1434
358 1434
358 1417
313 1417
313 1422
334 1422
334 1424
302 1424
302 1446
273 1446
273 1568
274 1568
274 1593
250 1593
250 1596
256 1596
256 1603
276 1603
276 1605
265 1605
265 1618
260 1618
260 1608
206 1608
206 1612
234 1612
234 1619
171 1619
171 1489
172 1489
172 1523
183 1523
183 1507
191 1507
191 1500
195 1500
195 1402
168 1402
168 1404
178 1404
178 1481
167 1481
167 1408
165 1408
165 1394
200 1394
200 1371
175 1371
175 1380
164 1380
164 1522
161 1522
161 1519
151 1519
151 1438
147 1438
147 1780
142 1780
142 1783
116 1783
116 1781
