100
67 160
67 171
60 171
60 183
48 183
48 198
44 198
44 200
37 200
37 203
30 203
30 202
29 202
29 190
25 190
25 149
34 149
34 139
1 139
1 140
20 140
20 173
3 173
3 181
2 181
2 194
6 194
6 211
4 211
4 216
8 216
8 218
9 218
9 192
12 192
12 243
11 243
11 219
10 219
10 223
5 223
5 233
7 233
7 250
31 250
31 249
15 249
15 217
16 217
16 241
17 241
17 236
18 236
18 197
14 197
14 176
13 176
13 175
19 175
19 247
22 247
22 248
24 248
24 242
21 242
21 178
23 178
23 213
32 213
32 207
38 207
38 208
39 208
39 206
26 206
26 205
45 205
45 229
42 229
42 234
59 234
59 228
47 228
47 224
52 224
52 220
50 220
50 187
65 187
65 186
64 186
64 180
76 180
76 179
69 179
69 162
108 162
108 166
127 166
127 160
