96
40 1
40 8
43 8
43 13
30 13
30 6
34 6
34 5
39 5
39 4
36 4
36 3
22 3
22 10
21 10
21 19
24 19
24 27
18 27
18 18
17 18
17 20
15 20
15 29
26 29
26 25
25 25
25 14
27 14
27 9
29 9
29 30
28 30
28 32
10 32
10 33
16 33
16 34
3 34
3 45
1 45
1 47
2 47
2 50
6 50
6 49
14 49
14 48
5 48
5 46
7 46
7 44
9 44
9 43
8 43
8 40
11 40
11 42
13 42
13 39
12 39
12 38
19 38
19 41
20 41
20 37
4 37
4 36
32 36
32 35
35 35
35 26
33 26
33 21
37 21
37 28
38 28
38 22
41 22
41 16
42 16
42 15
44 15
44 11
46 11
46 12
47 12
47 24
48 24
48 23
50 23
50 17
49 17
49 7
45 7
45 1
