250
111 1133
111 1145
102 1145
102 1143
105 1143
105 1140
94 1140
94 1139
1 1139
1 1147
47 1147
47 1160
97 1160
97 1151
48 1151
48 1150
87 1150
87 1149
115 1149
115 1136
122 1136
122 1152
127 1152
127 1180
124 1180
124 1195
113 1195
113 1194
107 1194
107 1201
156 1201
156 1216
159 1216
159 1231
227 1231
227 1225
220 1225
220 1229
168 1229
168 1200
225 1200
225 1199
223 1199
223 1191
229 1191
229 1193
252 1193
252 1198
230 1198
230 1202
241 1202
241 1228
257 1228
257 1222
256 1222
256 1148
258 1148
258 1153
262 1153
262 1118
255 1118
255 1097
264 1097
264 1110
267 1110
267 1125
269 1125
269 1000
266 1000
266 1086
261 1086
261 1077
253 1077
253 1100
254 1100
254 1154
249 1154
249 965
251 965
251 954
278 954
278 963
274 963
274 987
276 987
276 988
272 988
272 990
298 990
298 985
300 985
300 997
275 997
275 1015
312 1015
312 1023
313 1023
313 1014
318 1014
318 1034
339 1034
339 1024
446 1024
446 1021
481 1021
481 1060
477 1060
477 1064
478 1064
478 1067
400 1067
400 1059
380 1059
380 1057
348 1057
348 1045
303 1045
303 1039
299 1039
299 1048
333 1048
333 1050
329 1050
329 1062
334 1062
334 1069
277 1069
277 1070
501 1070
501 1046
498 1046
498 1037
508 1037
508 1043
517 1043
517 1019
496 1019
496 1018
326 1018
326 1007
365 1007
365 1012
370 1012
370 1008
492 1008
492 1009
515 1009
515 1006
509 1006
509 999
512 999
512 998
494 998
494 1005
448 1005
448 1004
356 1004
356 1001
302 1001
302 995
323 995
323 991
317 991
317 927
292 927
292 930
316 930
316 955
289 955
289 973
284 973
284 959
282 959
282 939
290 939
290 937
246 937
246 935
271 935
271 910
259 910
259 908
279 908
279 902
393 902
393 905
421 905
421 906
531 906
531 875
537 875
537 846
453 846
453 844
442 844
442 838
434 838
434 826
438 826
438 823
428 823
428 795
445 795
445 773
426 773
426 855
391 855
391 854
309 854
309 857
528 857
528 847
530 847
530 892
378 892
378 895
351 895
351 896
280 896
280 901
247 901
247 920
245 920
245 1058
238 1058
238 929
234 929
234 1061
235 1061
235 1171
236 1171
236 1090
239 1090
239 1109
248 1109
248 1115
240 1115
240 1123
242 1123
242 1188
224 1188
224 1190
214 1190
214 1192
153 1192
153 1178
142 1178
142 1162
132 1162
132 1133
