198
33 50
33 77
21 77
21 93
24 93
24 134
2 134
2 133
1 133
1 140
3 140
3 144
13 144
13 143
26 143
26 150
50 150
50 149
150 149
150 148
43 148
43 147
120 147
120 146
30 146
30 145
113 145
113 142
147 142
147 141
29 141
29 139
8 139
8 138
99 138
99 137
89 137
89 135
49 135
49 136
25 136
25 88
27 88
27 104
32 104
32 112
28 112
28 125
31 125
31 131
59 131
59 130
42 130
42 121
46 121
46 129
48 129
48 117
36 117
36 123
34 123
34 57
39 57
39 80
40 80
40 102
54 102
54 103
84 103
84 109
83 109
83 122
77 122
77 111
64 111
64 118
69 118
69 126
108 126
108 124
125 124
125 128
146 128
146 107
131 107
131 87
137 87
137 83
136 83
136 78
133 78
133 71
115 71
115 70
112 70
112 52
110 52
110 41
116 41
116 59
117 59
117 32
130 32
130 22
128 22
128 19
129 19
129 7
114 7
114 13
111 13
111 11
104 11
104 18
106 18
106 14
122 14
122 25
109 25
109 53
103 53
103 37
98 37
98 36
97 36
97 21
96 21
96 38
95 38
95 40
85 40
85 34
74 34
74 28
78 28
78 29
81 29
81 20
82 20
82 8
73 8
73 39
76 39
76 51
102 51
102 56
107 56
107 58
101 58
101 67
80 67
80 68
72 68
72 60
58 60
58 46
55 46
55 31
53 31
53 43
52 43
52 45
45 45
45 48
51 48
51 61
66 61
66 62
65 62
65 69
63 69
63 72
124 72
124 75
127 75
127 114
126 114
126 106
123 106
123 81
100 81
100 84
94 84
94 113
105 113
105 115
118 115
118 116
119 116
119 119
144 119
144 120
92 120
92 110
93 110
93 101
41 101
41 50
