182
74 4
74 30
81 30
81 24
89 24
89 34
51 34
51 23
53 23
53 13
50 13
50 49
52 49
52 48
54 48
54 50
65 50
65 47
58 47
58 44
57 44
57 42
59 42
59 35
60 35
60 43
66 43
66 38
71 38
71 37
93 37
93 45
94 45
94 86
87 86
87 92
83 92
83 95
86 95
86 98
72 98
72 82
70 82
70 80
73 80
73 78
69 78
69 66
56 66
56 61
41 61
41 57
36 57
36 10
28 10
28 14
3 14
3 16
2 16
2 26
1 26
1 51
4 51
4 18
6 18
6 31
8 31
8 20
10 20
10 15
19 15
19 19
13 19
13 28
11 28
11 41
12 41
12 29
14 29
14 33
18 33
18 25
25 25
25 21
20 21
20 17
30 17
30 12
35 12
35 36
34 36
34 46
32 46
32 52
33 52
33 60
17 60
17 68
16 68
16 55
9 55
9 54
5 54
5 76
7 76
7 56
15 56
15 72
21 72
21 87
22 87
22 74
23 74
23 90
26 90
26 79
24 79
24 63
27 63
27 62
55 62
55 65
29 65
29 85
31 85
31 77
38 77
38 73
40 73
40 75
43 75
43 83
46 83
46 89
61 89
61 81
49 81
49 84
47 84
47 71
48 71
48 69
62 69
62 88
63 88
63 96
39 96
39 94
44 94
44 93
37 93
37 99
45 99
45 97
64 97
64 67
67 67
67 100
91 100
91 91
95 91
95 70
96 70
96 58
98 58
98 22
82 22
82 11
80 11
80 27
76 27
76 5
78 5
78 6
84 6
84 7
79 7
79 9
99 9
99 8
100 8
100 4
