2190
425 132
425 263
416 263
416 262
410 262
410 111
409 111
409 112
407 112
407 169
406 169
406 175
403 175
403 153
397 153
397 185
393 185
393 236
398 236
398 243
404 243
404 257
405 257
405 279
422 279
422 312
414 312
414 361
423 361
423 267
426 267
426 180
428 180
428 296
430 296
430 493
421 493
421 499
390 499
390 522
391 522
391 527
375 527
375 612
360 612
360 668
363 668
363 846
369 846
369 1049
361 1049
361 1169
350 1169
350 1091
351 1091
351 1016
355 1016
355 986
349 986
349 891
347 891
347 851
337 851
337 877
332 877
332 904
290 904
290 819
305 819
305 801
316 801
316 791
302 791
302 768
309 768
309 734
299 734
299 443
300 443
300 640
304 640
304 479
303 479
303 437
308 437
308 518
311 518
311 635
314 635
314 582
318 582
318 424
315 424
315 431
313 431
313 428
301 428
301 150
306 150
306 182
307 182
307 119
291 119
291 116
288 116
288 170
283 170
283 224
282 224
282 233
285 233
285 272
292 272
292 502
287 502
287 558
293 558
293 268
298 268
298 535
295 535
295 591
296 591
296 599
297 599
297 736
281 736
281 741
284 741
284 765
280 765
280 467
270 467
270 383
266 383
266 541
262 541
262 212
264 212
264 335
263 335
263 368
268 368
268 6
267 6
267 118
261 118
261 93
260 93
260 76
239 76
239 52
227 52
227 99
230 99
230 114
214 114
214 209
229 209
229 177
228 177
228 155
231 155
231 143
234 143
234 78
240 78
240 133
238 133
238 461
243 461
243 247
244 247
244 559
242 559
242 587
237 587
237 453
236 453
236 690
235 690
235 754
241 754
241 913
250 913
250 954
246 954
246 957
232 957
232 959
222 959
222 724
212 724
212 722
224 722
224 707
226 707
226 705
221 705
221 669
219 669
219 662
215 662
215 615
218 615
218 500
225 500
225 407
217 407
217 551
211 551
211 495
208 495
208 624
207 624
207 629
206 629
206 665
203 665
203 630
205 630
205 596
204 596
204 620
202 620
202 379
200 379
200 516
199 516
199 391
198 391
198 293
197 293
197 291
195 291
195 385
191 385
191 440
192 440
192 465
173 465
173 466
190 466
190 548
193 548
193 627
201 627
201 671
178 671
178 696
184 696
184 701
181 701
181 808
177 808
177 873
174 873
174 898
171 898
171 753
165 753
165 645
162 645
162 834
163 834
163 951
161 951
161 861
159 861
159 932
160 932
160 1039
157 1039
157 1047
131 1047
131 985
135 985
135 973
123 973
123 1024
111 1024
111 982
104 982
104 981
93 981
93 991
90 991
90 739
78 739
78 733
79 733
79 633
69 633
69 154
72 154
72 80
76 80
76 96
84 96
84 83
91 83
91 45
83 45
83 28
92 28
92 57
105 57
105 164
101 164
101 188
108 188
108 285
113 285
113 387
114 387
114 487
116 487
116 532
119 532
119 550
109 550
109 655
98 655
98 577
102 577
102 545
100 545
100 405
96 405
96 244
97 244
97 196
95 196
95 667
107 667
107 732
120 732
120 709
126 709
126 693
117 693
117 684
128 684
128 670
112 670
112 666
137 666
137 740
143 740
143 506
149 506
149 641
158 641
158 605
156 605
156 530
155 530
155 200
153 200
153 171
145 171
145 259
144 259
144 397
142 397
142 435
146 435
146 181
147 181
147 219
154 219
154 566
152 566
152 346
148 346
148 402
150 402
150 489
141 489
141 503
133 503
133 504
134 504
134 512
127 512
127 542
129 542
129 553
138 553
138 528
139 528
139 604
121 604
121 644
136 644
136 654
110 654
110 565
124 565
124 460
115 460
115 241
122 241
122 157
118 157
118 101
106 101
106 30
99 30
99 23
94 23
94 22
82 22
82 85
81 85
81 29
80 29
80 88
77 88
77 55
65 55
65 208
66 208
66 311
68 311
68 737
75 737
75 744
67 744
67 769
88 769
88 778
64 778
64 271
61 271
61 66
47 66
47 49
45 49
45 15
39 15
39 17
31 17
31 21
44 21
44 79
46 79
46 69
51 69
51 179
48 179
48 148
42 148
42 184
36 184
36 193
37 193
37 197
33 197
33 207
38 207
38 190
41 190
41 261
34 261
34 482
40 482
40 360
43 360
43 315
35 315
35 264
49 264
49 237
50 237
50 286
52 286
52 139
54 139
54 100
58 100
58 251
56 251
56 294
62 294
62 326
60 326
60 608
63 608
63 786
89 786
89 889
87 889
87 852
86 852
86 866
74 866
74 814
73 814
73 848
59 848
59 883
55 883
55 922
57 922
57 940
85 940
85 1034
53 1034
53 1064
70 1064
70 1092
71 1092
71 1038
103 1038
103 1067
125 1067
125 994
130 994
130 1065
132 1065
132 1070
151 1070
151 1060
170 1060
170 1079
176 1079
176 1030
179 1030
179 1028
175 1028
175 1050
172 1050
172 1020
169 1020
169 1054
164 1054
164 780
166 780
166 875
167 875
167 939
168 939
168 955
187 955
187 902
186 902
186 930
180 930
180 865
183 865
183 879
185 879
185 859
182 859
182 783
189 783
189 766
188 766
188 702
194 702
194 751
210 751
210 795
209 795
209 847
213 847
213 728
216 728
216 961
223 961
223 960
249 960
249 1000
286 1000
286 1013
233 1013
233 1043
247 1043
247 1017
275 1017
275 1073
294 1073
294 1062
312 1062
312 1052
317 1052
317 1025
289 1025
289 995
256 995
256 362
248 362
248 373
252 373
252 546
254 546
254 738
253 738
253 774
255 774
255 794
245 794
245 102
251 102
251 146
258 146
258 152
257 152
257 562
265 562
265 609
259 609
259 661
269 661
269 610
271 610
271 557
279 557
279 639
278 639
278 761
277 761
277 594
276 594
276 622
274 622
274 906
273 906
273 745
272 745
272 938
310 938
310 921
321 921
321 953
320 953
320 1040
319 1040
319 1135
322 1135
322 1124
323 1124
323 949
326 949
326 1207
324 1207
324 1236
196 1236
196 1233
25 1233
25 1240
22 1240
22 1242
21 1242
21 1239
13 1239
13 1227
6 1227
6 1216
10 1216
10 1190
19 1190
19 1152
18 1152
18 1058
4 1058
4 964
1 964
1 970
2 970
2 1134
3 1134
3 1136
11 1136
11 1096
16 1096
16 1168
8 1168
8 1171
9 1171
9 1214
5 1214
5 1244
7 1244
7 1241
20 1241
20 1245
14 1245
14 1246
23 1246
23 1248
27 1248
27 1250
28 1250
28 1249
29 1249
29 1247
24 1247
24 1243
26 1243
26 1234
32 1234
32 1235
140 1235
140 1238
220 1238
220 1237
346 1237
346 1232
328 1232
328 1074
329 1074
329 988
327 988
327 931
333 931
333 946
339 946
339 867
341 867
341 912
345 912
345 894
348 894
348 1176
362 1176
362 1158
366 1158
366 1061
372 1061
372 1004
371 1004
371 810
364 810
364 779
365 779
365 781
367 781
367 772
373 772
373 683
370 683
370 649
377 649
377 643
368 643
368 614
387 614
387 618
388 618
388 590
389 590
389 544
381 544
381 540
399 540
399 592
402 592
402 572
413 572
413 564
401 564
401 538
382 538
382 534
394 534
394 505
435 505
435 388
433 388
433 327
442 327
442 350
441 350
441 364
443 364
443 302
446 302
446 198
438 198
438 199
437 199
437 242
436 242
436 174
432 174
432 260
440 260
440 288
431 288
431 135
434 135
434 173
453 173
453 156
460 156
460 235
455 235
455 307
471 307
471 329
458 329
458 436
462 436
462 463
456 463
456 478
463 478
463 330
465 330
465 533
467 533
467 507
468 507
468 899
452 899
452 731
449 731
449 700
448 700
448 876
445 876
445 890
450 890
450 892
451 892
451 897
408 897
408 905
380 905
380 1068
383 1068
383 1144
378 1144
378 1172
385 1172
385 1186
494 1186
494 1187
503 1187
503 1178
515 1178
515 1209
518 1209
518 1213
514 1213
514 1215
546 1215
546 1210
539 1210
539 1206
524 1206
524 1203
673 1203
673 1228
686 1228
686 1222
827 1222
827 1224
789 1224
789 1225
837 1225
837 1212
864 1212
864 1218
884 1218
884 1220
902 1220
902 1229
921 1229
921 1230
952 1230
952 1196
955 1196
955 1148
950 1148
950 1090
956 1090
956 1105
959 1105
959 1033
948 1033
948 1132
947 1132
947 1139
944 1139
944 842
970 842
970 584
971 584
971 472
972 472
972 539
975 539
975 697
976 697
976 521
977 521
977 854
980 854
980 790
979 790
979 600
984 600
984 606
990 606
990 742
997 742
997 763
983 763
983 871
985 871
985 806
991 806
991 933
992 933
992 990
993 990
993 916
999 916
999 519
974 519
974 442
989 442
989 439
986 439
986 438
1001 438
1001 433
996 433
996 384
1008 384
1008 371
1014 371
1014 398
1015 398
1015 419
1022 419
1022 415
1028 415
1028 414
1041 414
1041 403
1045 403
1045 390
1050 390
1050 386
1053 386
1053 394
1061 394
1061 473
1054 473
1054 449
1051 449
1051 469
1044 469
1044 510
1046 510
1046 821
1027 821
1027 802
1040 802
1040 767
1035 767
1035 758
1029 758
1029 726
1034 726
1034 602
1043 602
1043 575
1042 575
1042 580
1037 580
1037 513
1030 513
1030 597
1019 597
1019 623
1021 623
1021 663
1025 663
1025 833
1033 833
1033 841
1032 841
1032 874
1026 874
1026 929
1038 929
1038 911
1064 911
1064 850
1071 850
1071 887
1069 887
1069 901
1074 901
1074 831
1079 831
1079 909
1080 909
1080 838
1085 838
1085 776
1087 776
1087 764
1088 764
1088 703
1063 703
1063 628
1066 628
1066 634
1109 634
1109 944
1107 944
1107 978
1106 978
1106 822
1100 822
1100 882
1101 882
1101 945
1104 945
1104 825
1105 825
1105 1041
1099 1041
1099 992
1103 992
1103 950
1092 950
1092 987
1084 987
1084 971
1081 971
1081 1027
1094 1027
1094 1075
1095 1075
1095 1113
1096 1113
1096 1116
1076 1116
1076 1127
1090 1127
1090 1149
1078 1149
1078 1167
1086 1167
1086 1174
1093 1174
1093 1157
1082 1157
1082 1153
1091 1153
1091 1129
1102 1129
1102 1133
1151 1133
1151 1122
1156 1122
1156 1110
1182 1110
1182 1111
1186 1111
1186 1088
1187 1088
1187 983
1191 983
1191 968
1183 968
1183 1014
1184 1014
1184 1093
1169 1093
1169 1081
1171 1081
1171 1078
1174 1078
1174 1022
1165 1022
1165 1099
1152 1099
1152 1035
1142 1035
1142 895
1137 895
1137 844
1140 844
1140 860
1150 860
1150 888
1163 888
1163 900
1155 900
1155 908
1197 908
1197 1071
1200 1071
1200 1108
1229 1108
1229 1082
1239 1082
1239 884
1240 884
1240 1100
1241 1100
1241 993
1247 993
1247 963
1242 963
1242 896
1249 896
1249 886
1246 886
1246 837
1245 837
1245 829
1237 829
1237 317
1243 317
1243 416
1244 416
1244 352
1250 352
1250 303
1248 303
1248 258
1236 258
1236 698
1234 698
1234 974
1235 974
1235 1059
1238 1059
1238 1076
1232 1076
1232 910
1233 910
1233 885
1231 885
1231 1026
1230 1026
1230 956
1228 956
1228 998
1227 998
1227 1102
1226 1102
1226 1051
1215 1051
1215 1083
1201 1083
1201 1002
1219 1002
1219 936
1211 936
1211 800
1213 800
1213 547
1214 547
1214 720
1216 720
1216 563
1217 563
1217 746
1221 746
1221 839
1225 839
1225 820
1223 820
1223 685
1224 685
1224 475
1222 475
1222 333
1209 333
1209 215
1198 215
1198 205
1220 205
1220 195
1181 195
1181 290
1176 290
1176 316
1192 316
1192 342
1185 342
1185 348
1173 348
1173 239
1159 239
1159 228
1179 228
1179 204
1177 204
1177 158
1134 158
1134 136
1126 136
1126 161
1172 161
1172 201
1145 201
1145 270
1144 270
1144 276
1167 276
1167 240
1170 240
1170 339
1164 339
1164 297
1154 297
1154 399
1158 399
1158 430
1168 430
1168 380
1166 380
1166 358
1199 358
1199 343
1203 343
1203 454
1149 454
1149 450
1131 450
1131 462
1133 462
1133 716
1132 716
1132 752
1129 752
1129 755
1148 755
1148 621
1147 621
1147 682
1135 682
1135 637
1138 637
1138 458
1139 458
1139 494
1143 494
1143 456
1205 456
1205 310
1195 310
1195 252
1204 252
1204 274
1208 274
1208 408
1218 408
1218 474
1190 474
1190 477
1178 477
1178 470
1160 470
1160 760
1180 760
1180 784
1189 784
1189 678
1194 678
1194 672
1193 672
1193 515
1188 515
1188 536
1175 536
1175 680
1162 680
1162 568
1161 568
1161 498
1202 498
1202 508
1207 508
1207 673
1212 673
1212 782
1210 782
1210 789
1206 789
1206 750
1196 750
1196 858
1157 858
1157 872
1153 872
1153 857
1146 857
1146 827
1141 827
1141 826
1125 826
1125 824
1124 824
1124 868
1121 868
1121 803
1113 803
1113 843
1112 843
1112 893
1114 893
1114 920
1119 920
1119 903
1122 903
1122 880
1127 880
1127 845
1128 845
1128 915
1130 915
1130 1103
1136 1103
1136 1123
1120 1123
1120 1114
1115 1114
1115 1112
1117 1112
1117 1056
1123 1056
1123 1048
1118 1048
1118 1029
1116 1029
1116 1101
1097 1101
1097 1053
1108 1053
1108 1044
1111 1044
1111 823
1110 823
1110 617
1098 617
1098 616
1089 616
1089 632
1067 632
1067 601
1058 601
1058 650
1048 650
1048 686
1062 686
1062 706
1077 706
1077 718
1083 718
1083 727
1060 727
1060 748
1059 748
1059 856
1057 856
1057 798
1056 798
1056 777
1052 777
1052 836
1049 836
1049 864
1036 864
1036 828
1047 828
1047 531
1055 531
1055 529
1068 529
1068 525
1065 525
1065 488
1075 488
1075 451
1072 451
1072 381
1070 381
1070 378
1031 378
1031 382
1016 382
1016 357
1024 357
1024 322
1020 322
1020 278
1073 278
1073 273
1039 273
1039 269
1023 269
1023 256
1018 256
1018 344
1007 344
1007 324
995 324
995 337
1005 337
1005 340
1004 340
1004 366
973 366
973 367
981 367
981 369
957 369
957 374
922 374
922 432
933 432
933 376
936 376
936 445
938 445
938 377
943 377
943 400
953 400
953 404
954 404
954 396
994 396
994 401
987 401
987 411
960 411
960 486
961 486
961 491
963 491
963 497
969 497
969 554
966 554
966 687
968 687
968 708
939 708
939 710
965 710
965 832
941 832
941 1084
942 1084
942 1155
951 1155
951 1184
949 1184
949 1197
940 1197
940 1181
923 1181
923 1146
919 1146
919 1042
925 1042
925 1009
929 1009
929 989
932 989
932 979
934 979
934 787
928 787
928 976
920 976
920 977
926 977
926 996
917 996
917 1185
918 1185
918 1192
924 1192
924 1208
935 1208
935 1223
946 1223
946 1226
905 1226
905 948
903 948
903 849
910 849
910 965
911 965
911 941
912 941
912 807
915 807
915 835
916 835
916 729
914 729
914 406
913 406
913 792
891 792
891 770
896 770
896 747
892 747
892 448
894 448
894 295
906 295
906 372
904 372
904 306
897 306
897 514
901 514
901 595
909 595
909 389
907 389
907 266
887 266
887 213
886 213
886 318
885 318
885 187
882 187
882 359
863 359
863 144
908 144
908 147
945 147
945 122
937 122
937 105
962 105
962 109
1017 109
1017 108
1012 108
1012 103
1013 103
1013 68
1011 68
1011 53
1010 53
1010 46
1006 46
1006 63
1000 63
1000 81
1002 81
1002 90
998 90
998 37
1003 37
1003 38
1009 38
1009 19
978 19
978 48
988 48
988 74
982 74
982 104
967 104
967 97
964 97
964 95
958 95
958 92
930 92
930 121
927 121
927 130
931 130
931 141
858 141
858 124
852 124
852 210
849 210
849 392
875 392
875 409
881 409
881 410
874 410
874 412
850 412
850 423
851 423
851 1089
871 1089
871 1069
873 1069
873 1019
872 1019
872 984
876 984
876 962
861 962
861 853
869 853
869 923
877 923
877 1198
880 1198
880 966
879 966
879 919
878 919
878 743
866 743
866 797
868 797
868 840
859 840
859 1012
860 1012
860 1077
865 1077
865 1087
857 1087
857 1031
856 1031
856 972
855 972
855 651
853 651
853 425
862 425
862 417
890 417
890 420
870 420
870 426
867 426
867 464
883 464
883 452
889 452
889 796
893 796
893 830
898 830
898 881
900 881
900 1104
895 1104
895 1160
899 1160
899 1200
888 1200
888 1211
854 1211
854 1204
833 1204
833 1219
821 1219
821 1221
806 1221
806 1217
715 1217
715 1202
758 1202
758 1205
771 1205
771 1195
751 1195
751 1201
574 1201
574 1194
598 1194
598 1170
605 1170
605 1164
590 1164
590 1159
624 1159
624 1143
627 1143
627 1177
633 1177
633 1165
632 1165
632 1162
630 1162
630 809
629 809
629 481
634 481
634 351
635 351
635 646
638 646
638 658
642 658
642 771
640 771
640 947
641 947
641 812
646 812
646 799
648 799
648 793
649 793
649 926
668 926
668 869
660 869
660 756
659 756
659 588
665 588
665 659
663 659
663 589
661 589
661 695
664 695
664 711
666 711
666 561
667 561
667 576
669 576
669 775
671 775
671 570
672 570
672 556
670 556
670 537
662 537
662 586
657 586
657 818
658 818
658 924
652 924
652 914
655 914
655 863
656 863
656 773
654 773
654 855
651 855
651 762
653 762
653 699
644 699
644 642
639 642
639 427
636 427
636 393
637 393
637 298
631 298
631 468
626 468
626 543
628 543
628 1119
614 1119
614 1098
612 1098
612 1005
615 1005
615 870
619 870
619 862
617 862
617 692
601 692
601 485
587 485
587 375
604 375
604 484
608 484
608 496
611 496
611 321
616 321
616 363
623 363
623 336
620 336
620 328
622 328
622 254
618 254
618 245
621 245
621 163
643 163
643 246
681 246
681 206
682 206
682 284
685 284
685 40
684 40
684 265
683 265
683 58
678 58
678 20
679 20
679 12
691 12
691 10
689 10
689 9
688 9
688 8
696 8
696 36
697 36
697 222
699 222
699 131
704 131
704 413
706 413
706 230
708 230
708 749
702 749
702 712
700 712
700 715
693 715
693 492
692 492
692 1007
687 1007
687 1023
726 1023
726 1032
760 1032
760 1072
765 1072
765 1118
707 1118
707 1107
701 1107
701 1120
705 1120
705 1121
731 1121
731 1128
767 1128
767 1018
773 1018
773 1057
774 1057
774 1015
779 1015
779 1094
777 1094
777 1125
790 1125
790 1080
786 1080
786 1117
784 1117
784 1046
788 1046
788 1045
781 1045
781 1021
785 1021
785 1011
714 1011
714 1010
755 1010
755 999
750 999
750 952
749 952
749 969
738 969
738 1001
694 1001
694 935
703 935
703 934
778 934
778 942
782 942
782 943
787 943
787 928
791 928
791 925
762 925
762 927
695 927
695 785
698 785
698 805
709 805
709 142
710 142
710 115
711 115
711 191
719 191
719 341
716 341
716 395
717 395
717 552
713 552
713 603
718 603
718 476
721 476
721 332
722 332
722 626
724 626
724 657
725 657
725 319
730 319
730 331
729 331
729 676
728 676
728 815
736 815
736 725
742 725
742 704
735 704
735 656
745 656
745 653
744 653
744 418
740 418
740 353
746 353
746 334
743 334
743 345
739 345
739 309
747 309
747 370
748 370
748 441
753 441
753 447
812 447
812 457
816 457
816 526
817 526
817 574
804 574
804 571
801 571
801 524
792 524
792 549
780 549
780 560
775 560
775 569
756 569
756 578
797 578
797 573
798 573
798 579
799 579
799 613
805 613
805 688
829 688
829 694
832 694
832 681
809 681
809 660
831 660
831 652
808 652
808 647
826 647
826 583
830 583
830 567
834 567
834 459
835 459
835 325
839 325
839 483
840 483
840 723
841 723
841 471
842 471
842 607
843 607
843 354
845 354
845 480
846 480
846 356
847 356
847 300
844 300
844 323
836 323
836 320
838 320
838 304
828 304
828 338
825 338
825 490
824 490
824 446
754 446
754 308
741 308
741 229
783 229
783 234
818 234
818 178
819 178
819 107
823 107
823 67
820 67
820 84
803 84
803 26
811 26
811 60
815 60
815 51
813 51
813 35
822 35
822 32
848 32
848 16
796 16
796 27
802 27
802 91
814 91
814 110
810 110
810 167
807 167
807 128
795 128
795 192
794 192
794 216
800 216
800 231
793 231
793 223
737 223
737 287
734 287
734 788
733 788
733 194
732 194
732 221
720 221
720 172
712 172
712 11
723 11
723 25
727 25
727 18
752 18
752 42
768 42
768 33
769 33
769 7
675 7
675 117
676 117
676 134
677 134
677 138
680 138
680 226
647 226
647 189
650 189
650 165
645 165
645 162
610 162
610 220
609 220
609 232
595 232
595 313
607 313
607 314
580 314
580 501
599 501
599 717
602 717
602 730
613 730
613 975
603 975
603 1036
606 1036
606 1095
593 1095
593 1115
592 1115
592 1106
576 1106
576 1130
589 1130
589 1138
597 1138
597 1151
588 1151
588 1173
584 1173
584 1182
596 1182
596 1191
532 1191
532 1199
526 1199
526 1193
517 1193
517 1161
491 1161
491 1179
418 1179
418 1180
396 1180
396 1145
400 1145
400 1142
392 1142
392 1140
384 1140
384 907
469 907
469 434
479 434
479 429
512 429
512 422
473 422
473 349
480 349
480 305
464 305
464 132
