336
8 168
8 165
7 165
7 162
2 162
2 49
1 49
1 186
47 186
47 188
64 188
64 187
52 187
52 185
67 185
67 184
97 184
97 191
44 191
44 189
20 189
20 193
65 193
65 195
78 195
78 194
101 194
101 176
91 176
91 167
111 167
111 166
122 166
122 169
107 169
107 181
118 181
118 178
129 178
129 196
133 196
133 200
167 200
167 199
173 199
173 197
148 197
148 198
137 198
137 192
132 192
132 172
166 172
166 149
171 149
171 36
174 36
174 69
179 69
179 148
191 148
191 152
184 152
184 153
187 153
187 159
190 159
190 190
192 190
192 128
193 128
193 103
189 103
189 88
197 88
197 100
200 100
200 67
199 67
199 64
198 64
198 72
196 72
196 73
188 73
188 144
181 144
181 68
177 68
177 66
180 66
180 61
182 61
182 60
176 60
176 55
185 55
185 29
195 29
195 20
186 20
186 18
172 18
172 16
103 16
103 15
131 15
131 12
149 12
149 10
147 10
147 3
145 3
145 11
114 11
114 14
63 14
63 25
61 25
61 40
66 40
66 63
130 63
130 58
105 58
105 54
95 54
95 53
113 53
113 51
125 51
125 52
140 52
140 50
92 50
92 57
73 57
73 48
87 48
87 39
83 39
83 33
93 33
93 27
79 27
79 17
108 17
108 19
164 19
164 21
168 21
168 22
194 22
194 28
183 28
183 23
178 23
178 37
175 37
175 30
169 30
169 32
163 32
163 31
142 31
142 45
151 45
151 70
155 70
155 62
152 62
152 38
158 38
158 42
170 42
170 141
165 141
165 170
141 170
141 154
139 154
139 157
126 157
126 158
88 158
88 164
86 164
86 171
82 171
82 174
89 174
89 177
77 177
77 175
69 175
69 134
70 134
70 106
72 106
72 109
71 109
71 138
75 138
75 129
74 129
74 116
84 116
84 117
76 117
76 121
85 121
85 139
90 139
90 145
99 145
99 140
100 140
100 136
106 136
106 147
110 147
110 125
121 125
121 143
134 143
134 142
127 142
127 130
128 130
128 122
136 122
136 126
138 126
138 119
98 119
98 118
96 118
96 111
159 111
159 114
154 114
154 120
153 120
153 123
146 123
146 124
162 124
162 95
157 95
157 93
150 93
150 90
135 90
135 102
144 102
144 99
160 99
160 96
161 96
161 105
143 105
143 110
124 110
124 97
123 97
123 84
156 84
156 78
30 78
30 113
24 113
24 151
29 151
29 150
32 150
32 132
40 132
40 135
34 135
34 161
55 161
55 156
37 156
37 155
56 155
56 133
53 133
53 131
41 131
41 115
43 115
43 98
46 98
46 92
42 92
42 87
57 87
57 79
109 79
109 80
94 80
94 91
81 91
81 94
116 94
116 89
115 89
115 85
112 85
112 83
117 83
117 82
102 82
102 81
119 81
119 86
120 86
120 108
80 108
80 107
104 107
104 104
68 104
68 112
60 112
60 173
59 173
59 179
62 179
62 183
51 183
51 182
9 182
9 180
22 180
22 168
