104
116 26
116 25
12 25
12 24
34 24
34 21
31 21
31 18
4 18
4 22
1 22
1 44
3 44
3 45
5 45
5 20
9 20
9 23
7 23
7 59
10 59
10 51
15 51
15 106
24 106
24 107
39 107
39 102
40 102
40 98
38 98
38 66
49 66
49 97
53 97
53 99
44 99
44 114
42 114
42 133
55 133
55 136
60 136
60 139
78 139
78 145
59 145
59 142
32 142
32 134
29 134
29 127
13 127
13 137
6 137
6 140
17 140
17 135
14 135
14 131
25 131
25 144
51 144
51 146
82 146
82 141
83 141
83 138
65 138
65 132
48 132
48 130
45 130
45 122
64 122
64 119
56 119
56 118
46 118
46 105
52 105
52 101
76 101
76 94
50 94
50 60
37 60
37 100
36 100
36 96
35 96
35 95
21 95
21 93
16 93
16 47
22 47
22 41
8 41
8 28
18 28
18 27
27 27
27 26
