180
533 299
533 277
201 277
201 294
174 294
174 316
197 316
197 376
188 376
188 361
152 361
152 356
146 356
146 302
159 302
159 298
143 298
143 245
42 245
42 242
163 242
163 241
99 241
99 234
7 234
7 319
5 319
5 326
4 326
4 315
1 315
1 323
3 323
3 368
2 368
2 369
13 369
13 358
9 358
9 354
14 354
14 510
15 510
15 325
11 325
11 338
10 338
10 250
12 250
12 235
26 235
26 236
16 236
16 249
83 249
83 247
110 247
110 251
142 251
142 308
138 308
138 327
145 327
145 379
123 379
123 411
101 411
101 422
131 422
131 424
112 424
112 447
119 447
119 428
120 428
120 458
122 458
122 435
132 435
132 449
136 449
136 388
135 388
135 382
158 382
158 365
179 365
179 375
176 375
176 384
202 384
202 345
208 345
208 370
221 370
221 461
214 461
214 463
211 463
211 460
206 460
206 468
150 468
150 477
149 477
149 483
156 483
156 484
162 484
162 491
164 491
164 507
189 507
189 506
184 506
184 476
193 476
193 469
205 469
205 471
199 471
199 497
204 497
204 509
215 509
215 494
213 494
213 481
228 481
228 448
227 448
227 459
224 459
224 393
223 393
223 387
222 387
222 351
212 351
212 346
219 346
219 340
203 340
203 303
210 303
210 296
207 296
207 287
218 287
218 295
268 295
268 284
232 284
232 283
295 283
295 279
470 279
470 286
407 286
407 288
480 288
480 289
477 289
477 300
484 300
484 309
475 309
475 311
369 311
369 310
365 310
365 318
370 318
370 320
403 320
403 313
398 313
398 312
489 312
489 299
