350
1 1
1 4
11 4
11 50
8 50
8 18
6 18
6 32
2 32
2 39
7 39
7 59
9 59
9 67
3 67
3 113
60 113
60 117
64 117
64 115
68 115
68 114
65 114
65 110
90 110
90 108
62 108
62 109
32 109
32 111
14 111
14 105
26 105
26 104
82 104
82 61
95 61
95 57
97 57
97 92
96 92
96 128
94 128
94 65
93 65
93 137
99 137
99 118
113 118
113 119
102 119
102 140
89 140
89 144
87 144
87 181
37 181
37 179
72 179
72 177
71 177
71 176
54 176
54 178
36 178
36 170
50 170
50 167
48 167
48 149
52 149
52 155
66 155
66 154
74 154
74 123
67 123
67 120
58 120
58 124
57 124
57 122
35 122
35 125
30 125
30 129
51 129
51 127
70 127
70 134
73 134
73 147
63 147
63 139
59 139
59 136
55 136
55 138
47 138
47 157
44 157
44 141
39 141
39 143
42 143
42 163
28 163
28 159
22 159
22 174
29 174
29 186
61 186
61 191
69 191
69 192
76 192
76 190
83 190
83 185
45 185
45 183
91 183
91 182
92 182
92 146
112 146
112 153
116 153
116 162
119 162
119 152
121 152
121 142
115 142
115 116
98 116
98 100
106 100
106 101
118 101
118 22
120 22
120 21
109 21
109 10
123 10
123 9
124 9
124 8
159 8
159 13
137 13
137 26
133 26
133 11
125 11
125 54
127 54
127 73
129 73
129 93
132 93
132 156
130 156
130 171
153 171
153 173
163 173
163 166
142 166
142 158
139 158
139 161
136 161
136 58
135 58
135 164
134 164
134 35
131 35
131 34
126 34
126 29
128 29
128 27
148 27
148 30
141 30
141 41
138 41
138 44
144 44
144 49
143 49
143 71
140 71
140 133
164 133
164 132
154 132
154 131
171 131
171 165
173 165
173 187
180 187
180 145
181 145
181 160
183 160
183 169
184 169
184 189
187 189
187 188
191 188
191 172
192 172
192 197
195 197
195 199
194 199
194 200
197 200
197 198
198 198
198 196
200 196
200 194
199 194
199 193
196 193
196 195
193 195
193 168
190 168
190 175
188 175
188 184
186 184
186 151
189 151
189 112
185 112
185 95
182 95
182 106
179 106
179 148
178 148
178 180
174 180
174 150
177 150
177 130
176 130
176 121
175 121
175 135
172 135
172 126
147 126
147 107
145 107
145 94
149 94
149 86
150 86
150 78
151 78
151 99
160 99
160 97
170 97
170 36
168 36
168 28
166 28
166 89
167 89
167 70
169 70
169 96
155 96
155 77
157 77
157 60
162 60
162 33
158 33
158 48
156 48
156 76
146 76
146 46
152 46
152 23
165 23
165 14
161 14
161 6
122 6
122 7
108 7
108 25
110 25
110 31
111 31
111 53
114 53
114 72
117 72
117 98
105 98
105 37
107 37
107 12
104 12
104 85
100 85
100 63
103 63
103 56
80 56
80 47
86 47
86 51
101 51
101 43
88 43
88 17
85 17
85 42
77 42
77 52
75 52
75 55
79 55
79 102
56 102
56 103
5 103
5 69
10 69
10 68
13 68
13 3
4 3
4 1
