120
1 1
1 4
11 4
11 50
8 50
8 18
6 18
6 32
2 32
2 39
7 39
7 59
9 59
9 67
3 67
3 113
60 113
60 117
64 117
64 115
68 115
68 114
65 114
65 110
90 110
90 108
62 108
62 109
32 109
32 111
14 111
14 105
26 105
26 104
82 104
82 61
95 61
95 57
97 57
97 92
96 92
96 128
94 128
94 65
93 65
93 137
99 137
99 118
113 118
113 119
102 119
102 140
89 140
89 144
87 144
87 181
37 181
37 179
72 179
72 177
71 177
71 176
54 176
54 178
36 178
36 170
50 170
50 167
48 167
48 149
52 149
52 155
66 155
66 154
74 154
74 125
30 125
30 127
70 127
70 134
73 134
73 147
47 147
47 157
42 157
42 163
28 163
28 159
22 159
22 174
29 174
29 182
92 182
92 146
121 146
121 142
115 142
115 116
98 116
98 100
118 100
118 98
105 98
105 85
100 85
100 63
103 63
103 56
79 56
79 102
56 102
56 103
5 103
5 69
10 69
10 68
13 68
13 3
4 3
4 1
