192
9 7
9 6
1 6
1 16
91 16
91 18
38 18
38 20
31 20
31 17
19 17
19 27
10 27
10 26
2 26
2 33
20 33
20 30
49 30
49 21
67 21
67 22
73 22
73 25
66 25
66 28
54 28
54 29
74 29
74 23
75 23
75 19
85 19
85 31
62 31
62 32
59 32
59 56
57 56
57 49
52 49
52 53
50 53
50 40
37 40
37 41
28 41
28 55
27 55
27 61
32 61
32 58
33 58
33 125
29 125
29 119
26 119
26 123
25 123
25 87
24 87
24 124
22 124
22 64
23 64
23 46
18 46
18 36
8 36
8 100
7 100
7 37
3 37
3 39
4 39
4 122
5 122
5 44
6 44
6 112
11 112
11 101
12 101
12 90
15 90
15 51
14 51
14 47
21 47
21 126
30 126
30 127
34 127
34 94
36 94
36 54
35 54
35 42
40 42
40 43
46 43
46 60
45 60
45 62
41 62
41 66
43 66
43 68
98 68
98 69
61 69
61 74
79 74
79 70
108 70
108 71
100 71
100 73
103 73
103 82
101 82
101 76
97 76
97 77
64 77
64 75
48 75
48 78
56 78
56 79
99 79
99 88
90 88
90 83
92 83
92 80
44 80
44 84
69 84
69 93
81 93
81 89
105 89
105 105
93 105
93 102
87 102
87 96
76 96
76 98
80 98
80 115
83 115
83 113
109 113
109 110
115 110
115 108
106 108
106 99
110 99
110 91
119 91
119 86
124 86
124 85
121 85
121 81
118 81
118 72
116 72
116 67
55 67
55 63
47 63
47 59
71 59
71 52
68 52
68 50
60 50
60 35
77 35
77 34
88 34
88 24
94 24
94 15
13 15
13 11
17 11
17 7
