134
1 1
1 6
3 6
3 11
4 11
4 46
5 46
5 57
8 57
8 54
18 54
18 53
14 53
14 45
19 45
19 49
26 49
26 48
29 48
29 52
59 52
59 78
43 78
43 109
24 109
24 100
9 100
9 143
11 143
11 144
20 144
20 154
25 154
25 155
31 155
31 151
37 151
37 146
36 146
36 142
21 142
21 140
13 140
13 128
44 128
44 132
48 132
48 133
51 133
51 135
38 135
38 138
94 138
94 139
97 139
97 134
85 134
85 123
139 123
139 125
140 125
140 141
157 141
157 130
147 130
147 121
144 121
144 119
95 119
95 117
127 117
127 116
163 116
163 145
155 145
155 162
154 162
154 173
152 173
152 185
153 185
153 191
122 191
122 192
27 192
27 193
156 193
156 150
166 150
166 127
165 127
165 115
35 115
35 118
56 118
56 120
67 120
67 137
61 137
61 131
49 131
49 126
10 126
10 110
16 110
16 103
22 103
22 112
45 112
45 107
58 107
58 104
138 104
138 102
55 102
55 98
124 98
124 97
46 97
46 85
62 85
62 71
60 71
60 51
34 51
34 47
23 47
23 44
7 44
7 50
6 50
6 2
2 2
2 1
