276
1 5
1 20
26 20
26 16
27 16
27 26
28 26
28 34
34 34
34 24
39 24
39 43
48 43
48 48
63 48
63 47
60 47
60 36
67 36
67 42
76 42
76 40
68 40
68 27
91 27
91 35
92 35
92 23
96 23
96 44
89 44
89 37
79 37
79 59
80 59
80 60
87 60
87 62
116 62
116 66
106 66
106 70
86 70
86 74
83 74
83 71
74 71
74 77
72 77
72 73
71 73
71 72
35 72
35 64
32 64
32 81
18 81
18 95
17 95
17 117
16 117
16 134
14 134
14 69
13 69
13 121
2 121
2 124
12 124
12 125
7 125
7 130
4 130
4 147
6 147
6 144
49 144
49 142
30 142
30 132
33 132
33 109
40 109
40 127
52 127
52 112
51 112
51 108
44 108
44 107
55 107
55 102
29 102
29 138
23 138
23 141
22 141
22 131
20 131
20 139
11 139
11 136
19 136
19 111
24 111
24 101
21 101
21 93
111 93
111 92
107 92
107 88
120 88
120 104
115 104
115 113
105 113
105 114
82 114
82 106
110 106
110 105
108 105
108 103
77 103
77 115
81 115
81 116
94 116
94 119
117 119
117 120
78 120
78 123
65 123
65 137
70 137
70 128
73 128
73 135
84 135
84 143
100 143
100 140
112 140
112 148
118 148
118 149
125 149
125 133
85 133
85 122
113 122
113 129
119 129
119 126
121 126
121 110
128 110
128 100
123 100
123 87
90 87
90 85
59 85
59 84
58 84
58 86
43 86
43 91
36 91
36 89
25 89
25 82
45 82
45 80
66 80
66 75
69 75
69 79
103 79
103 78
75 78
75 76
129 76
129 83
131 83
131 67
132 67
132 97
133 97
133 90
134 90
134 98
136 98
136 99
141 99
141 96
144 96
144 118
143 118
143 146
142 146
142 150
147 150
147 145
146 145
146 94
138 94
138 68
135 68
135 63
140 63
140 65
148 65
148 61
126 61
126 58
88 58
88 46
97 46
97 49
93 49
93 54
95 54
95 57
109 57
109 52
101 52
101 51
122 51
122 53
137 53
137 56
139 56
139 39
145 39
145 55
150 55
150 41
149 41
149 38
130 38
130 50
98 50
98 45
104 45
104 33
99 33
99 25
102 25
102 22
127 22
127 8
114 8
114 14
124 14
124 21
62 21
62 30
57 30
57 32
46 32
46 31
54 31
54 28
42 28
42 18
31 18
31 15
3 15
3 7
15 7
15 6
64 6
64 5
