120
83 20
83 8
81 8
81 7
55 7
55 6
1 6
1 10
38 10
38 9
56 9
56 11
77 11
77 15
72 15
72 19
63 19
63 16
49 16
49 12
11 12
11 23
27 23
27 35
31 35
31 45
29 45
29 49
33 49
33 55
36 55
36 30
28 30
28 21
23 21
23 13
48 13
48 18
52 18
52 17
59 17
59 28
47 28
47 31
37 31
37 33
39 33
39 34
40 34
40 40
60 40
60 61
65 61
65 65
58 65
58 58
30 58
30 80
10 80
10 75
16 75
16 79
20 79
20 73
12 73
12 71
3 71
3 96
2 96
2 98
4 98
4 95
17 95
17 97
5 97
5 100
18 100
18 99
19 99
19 94
21 94
21 91
15 91
15 93
8 93
8 86
26 86
26 87
24 87
24 88
22 88
22 90
25 90
25 92
34 92
34 89
42 89
42 85
41 85
41 84
7 84
7 72
9 72
9 81
32 81
32 78
35 78
35 62
51 62
51 60
57 60
57 67
67 67
67 59
64 59
64 57
61 57
61 46
62 46
62 20
