154
44 20
44 14
32 14
32 67
33 67
33 90
31 90
31 71
23 71
23 66
6 66
6 63
21 63
21 34
20 34
20 21
4 21
4 29
7 29
7 32
1 32
1 40
11 40
11 38
12 38
12 36
13 36
13 35
10 35
10 27
14 27
14 28
18 28
18 49
15 49
15 55
16 55
16 62
5 62
5 61
3 61
3 82
17 82
17 85
30 85
30 89
24 89
24 91
34 91
34 18
37 18
37 22
46 22
46 23
56 23
56 58
59 58
59 74
49 74
49 60
48 60
48 75
54 75
54 83
57 83
57 80
77 80
77 81
74 81
74 87
72 87
72 92
43 92
43 93
55 93
55 94
47 94
47 97
93 97
93 100
96 100
96 99
98 99
98 98
99 98
99 96
86 96
86 95
91 95
91 88
100 88
100 86
89 86
89 84
78 84
78 79
79 79
79 78
63 78
63 77
83 77
83 46
90 46
90 50
85 50
85 64
87 64
87 72
92 72
92 68
95 68
95 51
97 51
97 44
81 44
81 42
94 42
94 39
88 39
88 41
84 41
84 37
80 37
80 54
75 54
75 53
73 53
73 69
69 69
69 70
76 70
76 73
82 73
82 76
60 76
60 56
61 56
61 52
70 52
70 57
71 57
71 45
68 45
68 48
58 48
58 33
66 33
66 31
67 31
67 30
62 30
62 26
65 26
65 20
