138
150 24
150 32
180 32
180 76
184 76
184 64
181 64
181 55
190 55
190 82
164 82
164 85
171 85
171 95
170 95
170 103
157 103
157 108
161 108
161 151
156 151
156 134
154 134
154 129
148 129
148 127
147 127
147 130
132 130
132 141
144 141
144 132
146 132
146 156
162 156
162 131
165 131
165 124
167 124
167 152
169 152
169 136
176 136
176 118
168 118
168 110
175 110
175 92
177 92
177 172
172 172
172 162
159 162
159 181
173 181
173 186
163 186
163 187
110 187
110 192
106 192
106 193
62 193
62 180
49 180
49 190
40 190
40 188
9 188
9 171
14 171
14 169
1 169
1 174
2 174
2 200
4 200
4 170
6 170
6 175
7 175
7 191
59 191
59 185
61 185
61 196
45 196
45 195
31 195
31 198
47 198
47 199
57 199
57 197
69 197
69 194
113 194
113 189
174 189
174 179
189 179
189 155
188 155
188 178
182 178
182 147
186 147
186 173
187 173
187 144
183 144
183 107
179 107
179 99
178 99
178 91
191 91
191 80
195 80
195 102
194 102
194 112
196 112
196 71
193 71
193 59
197 59
197 40
198 40
198 45
199 45
199 39
200 39
200 31
158 31
158 29
155 29
155 24
