2090
2492 1
2492 2
2130 2
2130 3
1882 3
1882 10
1987 10
1987 20
1980 20
1980 23
1832 23
1832 29
1867 29
1867 35
2125 35
2125 36
2171 36
2171 33
2047 33
2047 32
1996 32
1996 34
1896 34
1896 30
2011 30
2011 9
1939 9
1939 5
1975 5
1975 4
2162 4
2162 8
2376 8
2376 45
2279 45
2279 52
2280 52
2280 74
2288 74
2288 59
2297 59
2297 117
2290 117
2290 99
2275 99
2275 112
2265 112
2265 126
2260 126
2260 127
2281 127
2281 134
2324 134
2324 746
2323 746
2323 677
2321 677
2321 185
2314 185
2314 371
2317 371
2317 495
2308 495
2308 499
2303 499
2303 497
2282 497
2282 501
2276 501
2276 522
2284 522
2284 598
2287 598
2287 638
2289 638
2289 618
2302 618
2302 597
2309 597
2309 589
2320 589
2320 818
2313 818
2313 833
2319 833
2319 870
2298 870
2298 873
2292 873
2292 944
2294 944
2294 959
2227 959
2227 775
2228 775
2228 673
2226 673
2226 666
2200 666
2200 505
2196 505
2196 441
2219 441
2219 622
2220 622
2220 569
2222 569
2222 454
2225 454
2225 447
2224 447
2224 435
2169 435
2169 442
2164 442
2164 424
2157 424
2157 419
2121 419
2121 395
2110 395
2110 409
2094 409
2094 334
2087 334
2087 213
2132 213
2132 287
2137 287
2137 318
2136 318
2136 327
2142 327
2142 309
2153 309
2153 319
2180 319
2180 330
2163 330
2163 335
2210 335
2210 325
2206 325
2206 300
2229 300
2229 271
2176 271
2176 285
2173 285
2173 245
2170 245
2170 303
2150 303
2150 210
2159 210
2159 208
2084 208
2084 219
2026 219
2026 301
2027 301
2027 308
2023 308
2023 323
1954 323
1954 353
1945 353
1945 284
1930 284
1930 283
1999 283
1999 272
1992 272
1992 193
1976 193
1976 240
1956 240
1956 251
1985 251
1985 274
1978 274
1978 278
1923 278
1923 390
1928 390
1928 414
1925 414
1925 439
1932 439
1932 463
1931 463
1931 467
1936 467
1936 302
1944 302
1944 557
1977 557
1977 524
2017 524
2017 512
2008 512
2008 517
1955 517
1955 537
1949 537
1949 500
1964 500
1964 437
2005 437
2005 428
2000 428
2000 431
1970 431
1970 430
1946 430
1946 406
2018 406
2018 468
2031 468
2031 374
2029 374
2029 392
2025 392
2025 402
2012 402
2012 397
1959 397
1959 332
2037 332
2037 290
2028 290
2028 230
2034 230
2034 239
2044 239
2044 234
2076 234
2076 244
2080 244
2080 394
2088 394
2088 484
2085 484
2085 482
2069 482
2069 508
2089 508
2089 434
2098 434
2098 509
2100 509
2100 479
2104 479
2104 682
2106 682
2106 850
2108 850
2108 889
2111 889
2111 980
2093 980
2093 979
2067 979
2067 1025
2060 1025
2060 1053
2045 1053
2045 1102
2073 1102
2073 1104
2118 1104
2118 1096
2151 1096
2151 1123
2154 1123
2154 1142
2147 1142
2147 1106
2013 1106
2013 1107
2043 1107
2043 1114
2103 1114
2103 1115
1903 1115
1903 1073
1900 1073
1900 1072
1868 1072
1868 1062
1920 1062
1920 1055
1875 1055
1875 896
1877 896
1877 964
1876 964
1876 1023
1960 1023
1960 1003
1883 1003
1883 1014
1951 1014
1951 1018
1879 1018
1879 842
1873 842
1873 1036
1863 1036
1863 1020
1850 1020
1850 1124
1953 1124
1953 1120
2015 1120
2015 1130
2030 1130
2030 1116
2057 1116
2057 1127
2116 1127
2116 1121
2143 1121
2143 1109
2144 1109
2144 1166
2148 1166
2148 1172
2134 1172
2134 1167
2081 1167
2081 1155
1997 1155
1997 1159
2040 1159
2040 1162
1969 1162
1969 1173
2020 1173
2020 1176
2054 1176
2054 1168
2114 1168
2114 1180
2152 1180
2152 1186
2155 1186
2155 1148
2158 1148
2158 1196
2140 1196
2140 1205
2120 1205
2120 1236
2059 1236
2059 1238
2058 1238
2058 1225
2051 1225
2051 1222
1943 1222
1943 1229
2033 1229
2033 1228
2050 1228
2050 1235
2009 1235
2009 1248
1911 1248
1911 1243
1910 1243
1910 1223
1852 1223
1852 1193
1848 1193
1848 1417
1853 1417
1853 1744
1846 1744
1846 1711
1845 1711
1845 1651
1842 1651
1842 1727
1841 1727
1841 1353
1834 1353
1834 1486
1833 1486
1833 1516
1838 1516
1838 1679
1839 1679
1839 1687
1840 1687
1840 1792
1861 1792
1861 1825
1862 1825
1862 1848
1869 1848
1869 1838
1866 1838
1866 1790
1844 1790
1844 1778
1854 1778
1854 1619
1857 1619
1857 1330
1858 1330
1858 1372
1859 1372
1859 1379
1864 1379
1864 1334
1880 1334
1880 1367
1886 1367
1886 1333
1887 1333
1887 1565
1890 1565
1890 1689
1894 1689
1894 1812
1897 1812
1897 1630
1893 1630
1893 1574
1906 1574
1906 1438
1927 1438
1927 1449
1912 1449
1912 1461
1919 1461
1919 1453
1958 1453
1958 1446
1963 1446
1963 1430
1966 1430
1966 1468
1972 1468
1972 1457
1984 1457
1984 1463
1986 1463
1986 1476
1965 1476
1965 1500
1937 1500
1937 1506
1998 1506
1998 1501
2004 1501
2004 1467
2006 1467
2006 1437
2039 1437
2039 1529
2036 1529
2036 1551
2035 1551
2035 1567
1995 1567
1995 1513
1979 1513
1979 1532
1990 1532
1990 1561
1922 1561
1922 1571
1924 1571
1924 1573
2014 1573
2014 1572
2075 1572
2075 1577
2065 1577
2065 1634
2072 1634
2072 1699
2070 1699
2070 1640
1983 1640
1983 1658
1962 1658
1962 1610
1941 1610
1941 1595
1921 1595
1921 1612
1952 1612
1952 1662
1950 1662
1950 1643
1948 1643
1948 1667
1940 1667
1940 1668
1926 1668
1926 1678
1957 1678
1957 1688
1961 1688
1961 1731
1908 1731
1908 1749
1935 1749
1935 1755
2001 1755
2001 1739
2022 1739
2022 1729
1971 1729
1971 1720
1974 1720
1974 1692
2024 1692
2024 1681
2021 1681
2021 1691
2007 1691
2007 1682
2003 1682
2003 1685
1967 1685
1967 1669
1968 1669
1968 1666
1991 1666
1991 1641
2066 1641
2066 1659
2063 1659
2063 1707
2048 1707
2048 1728
2214 1728
2214 1724
2213 1724
2213 1696
2208 1696
2208 1713
2193 1713
2193 1712
2184 1712
2184 1686
2174 1686
2174 1693
2175 1693
2175 1725
2149 1725
2149 1616
2238 1616
2238 1850
2246 1850
2246 1853
2247 1853
2247 1870
2251 1870
2251 1849
2261 1849
2261 1868
2257 1868
2257 1891
2254 1891
2254 1922
2262 1922
2262 1960
2299 1960
2299 1956
2389 1956
2389 1932
2381 1932
2381 1947
2355 1947
2355 1948
2322 1948
2322 1931
2458 1931
2458 1944
2434 1944
2434 1949
2416 1949
2416 1958
2454 1958
2454 1975
2439 1975
2439 1980
2390 1980
2390 1985
2407 1985
2407 1993
2480 1993
2480 1999
2474 1999
2474 2014
2462 2014
2462 2007
2459 2007
2459 2066
2460 2066
2460 2027
2484 2027
2484 2038
2486 2038
2486 1950
2487 1950
2487 2086
2483 2086
2483 2043
2467 2043
2467 2045
2478 2045
2478 2115
2429 2115
2429 2089
1885 2089
1885 2082
1947 2082
1947 2088
1993 2088
1993 2079
1899 2079
1899 2071
1898 2071
1898 2078
1860 2078
1860 2087
1856 2087
1856 2081
1771 2081
1771 2091
2091 2091
2091 2092
2311 2092
2311 2093
2316 2093
2316 2090
2409 2090
2409 2105
2404 2105
2404 2103
2271 2103
2271 2094
2239 2094
2239 2104
2312 2104
2312 2114
2301 2114
2301 2170
2291 2170
2291 2126
2286 2126
2286 2153
2264 2153
2264 2117
2256 2117
2256 2175
2248 2175
2248 2177
2252 2177
2252 2197
2259 2197
2259 2160
2263 2160
2263 2204
2300 2204
2300 2208
2304 2208
2304 2199
2307 2199
2307 2209
2295 2209
2295 2210
2277 2210
2277 2211
2156 2211
2156 2203
2124 2203
2124 2227
2099 2227
2099 2236
1865 2236
1865 2232
1791 2232
1791 2195
1814 2195
1814 2190
1918 2190
1918 2184
1913 2184
1913 2186
1835 2186
1835 2167
1847 2167
1847 2138
1836 2138
1836 2136
1821 2136
1821 2134
1637 2134
1637 2140
1662 2140
1662 2146
1581 2146
1581 2147
1663 2147
1663 2156
1548 2156
1548 2111
1569 2111
1569 2120
1577 2120
1577 2133
1587 2133
1587 2125
1619 2125
1619 2101
1618 2101
1618 2064
1604 2064
1604 2044
1602 2044
1602 2073
1599 2073
1599 2084
1616 2084
1616 2119
1592 2119
1592 2106
1554 2106
1554 2102
1540 2102
1540 2065
1539 2065
1539 2107
1527 2107
1527 2080
1519 2080
1519 2095
1494 2095
1494 2112
1513 2112
1513 2118
1532 2118
1532 2109
1537 2109
1537 2139
1492 2139
1492 2141
1489 2141
1489 2148
1495 2148
1495 2152
1521 2152
1521 2163
1556 2163
1556 2176
1601 2176
1601 2178
1646 2178
1646 2166
1661 2166
1661 2196
1654 2196
1654 2246
1611 2246
1611 2251
1567 2251
1567 2252
1636 2252
1636 2291
1626 2291
1626 2284
1552 2284
1552 2275
1523 2275
1523 2286
1590 2286
1590 2296
1455 2296
1455 2290
1436 2290
1436 2285
1428 2285
1428 2277
1390 2277
1390 2276
1357 2276
1357 2261
1349 2261
1349 2259
1456 2259
1456 2057
1447 2057
1447 2056
1438 2056
1438 2130
1450 2130
1450 2108
1454 2108
1454 2231
1441 2231
1441 2235
1430 2235
1430 2250
1370 2250
1370 2258
1346 2258
1346 2237
1336 2237
1336 2135
1339 2135
1339 2122
1340 2122
1340 2142
1368 2142
1368 2165
1399 2165
1399 2169
1376 2169
1376 2191
1373 2191
1373 2214
1386 2214
1386 2216
1409 2216
1409 2143
1416 2143
1416 2185
1419 2185
1419 2123
1418 2123
1418 2070
1407 2070
1407 2085
1414 2085
1414 2110
1405 2110
1405 2162
1377 2162
1377 2028
1244 2028
1244 1997
1236 1997
1236 2026
1165 2026
1165 2022
1179 2022
1179 2018
1011 2018
1011 2004
1038 2004
1038 1941
1120 1941
1120 1964
1152 1964
1152 1935
1067 1935
1067 1929
1251 1929
1251 1916
1201 1916
1201 1920
1159 1920
1159 1914
1123 1914
1123 1921
1136 1921
1136 1923
1186 1923
1186 1925
1113 1925
1113 1924
1035 1924
1035 1946
1037 1946
1037 1974
1036 1974
1036 1988
999 1988
999 1966
991 1966
991 1962
988 1962
988 1787
990 1787
990 1858
993 1858
993 1764
1002 1764
1002 1763
1033 1763
1033 1770
1013 1770
1013 1776
1189 1776
1189 1779
1124 1779
1124 1784
1235 1784
1235 1799
1138 1799
1138 1801
1252 1801
1252 1806
1467 1806
1467 1807
1483 1807
1483 1809
1522 1809
1522 1722
1528 1722
1528 1726
1538 1726
1538 1767
1536 1767
1536 1805
1560 1805
1560 1816
1578 1816
1578 1831
1583 1831
1583 1847
1804 1847
1804 1872
1739 1872
1739 1865
1638 1865
1638 1869
1627 1869
1627 1885
1643 1885
1643 1878
1670 1878
1670 1871
1726 1871
1726 1873
1797 1873
1797 1883
1754 1883
1754 1887
1808 1887
1808 1748
1805 1748
1805 1598
1360 1598
1360 1099
1383 1099
1383 1192
1380 1192
1380 1267
1378 1267
1378 1268
1384 1268
1384 1275
1392 1275
1392 1239
1412 1239
1412 1241
1426 1241
1426 1340
1369 1340
1369 1350
1395 1350
1395 1378
1363 1378
1363 1390
1391 1390
1391 1387
1393 1387
1393 1383
1415 1383
1415 1363
1422 1363
1422 1358
1396 1358
1396 1352
1431 1352
1431 1274
1445 1274
1445 1272
1433 1272
1433 1221
1425 1221
1425 1218
1424 1218
1424 1198
1413 1198
1413 1219
1389 1219
1389 1119
1400 1119
1400 1105
1387 1105
1387 1100
1411 1100
1411 1095
1366 1095
1366 1067
1398 1067
1398 1061
1453 1061
1453 982
1451 982
1451 948
1421 948
1421 923
1500 923
1500 930
1549 930
1549 922
1574 922
1574 902
1586 902
1586 904
1612 904
1612 995
1624 995
1624 998
1609 998
1609 1032
1629 1032
1629 1030
1633 1030
1633 955
1613 955
1613 953
1668 953
1668 965
1644 965
1644 972
1691 972
1691 937
1704 937
1704 976
1786 976
1786 942
1774 942
1774 938
1796 938
1796 918
1756 918
1756 924
1764 924
1764 969
1742 969
1742 967
1735 967
1735 931
1686 931
1686 941
1651 941
1651 915
1622 915
1622 900
1558 900
1558 920
1545 920
1545 926
1524 926
1524 921
1401 921
1401 933
1331 933
1331 943
1350 943
1350 951
1343 951
1343 966
1341 966
1341 957
1317 957
1317 983
1361 983
1361 975
1364 975
1364 940
1385 940
1385 949
1371 949
1371 973
1423 973
1423 956
1435 956
1435 962
1446 962
1446 981
1439 981
1439 1034
1408 1034
1408 1012
1402 1012
1402 1037
1444 1037
1444 1040
1417 1040
1417 1043
1449 1043
1449 1050
1434 1050
1434 1060
1359 1060
1359 1497
1337 1497
1337 1495
1358 1495
1358 1410
1338 1410
1338 1490
1335 1490
1335 1444
1318 1444
1318 1471
1308 1471
1308 1487
1313 1487
1313 1496
1302 1496
1302 1491
1275 1491
1275 1435
1276 1435
1276 1405
1279 1405
1279 1337
1291 1337
1291 1306
1284 1306
1284 1286
1278 1286
1278 1309
1268 1309
1268 1291
1254 1291
1254 1323
1273 1323
1273 1504
1310 1504
1310 1545
1322 1545
1322 1499
1320 1499
1320 1494
1319 1494
1319 1455
1334 1455
1334 1522
1326 1522
1326 1568
1330 1568
1330 1557
1348 1557
1348 1563
1353 1563
1353 1599
1332 1599
1332 1602
1345 1602
1345 1600
1603 1600
1603 1601
1783 1601
1783 1606
1658 1606
1658 1607
1801 1607
1801 1626
1780 1626
1780 1618
1752 1618
1752 1632
1751 1632
1751 1646
1775 1646
1775 1642
1802 1642
1802 1845
1799 1845
1799 1844
1703 1844
1703 1842
1585 1842
1585 1817
1596 1817
1596 1797
1541 1797
1541 1782
1553 1782
1553 1745
1543 1745
1543 1715
1517 1715
1517 1796
1486 1796
1486 1800
1476 1800
1476 1802
1410 1802
1410 1804
1299 1804
1299 1803
1264 1803
1264 1798
1260 1798
1260 1781
1325 1781
1325 1777
1271 1777
1271 1775
1086 1775
1086 1774
1134 1774
1134 1773
1082 1773
1082 1762
984 1762
984 1989
979 1989
979 2020
1027 2020
1027 2029
1248 2029
1248 2032
1372 2032
1372 2067
1351 2067
1351 2097
1328 2097
1328 2193
1333 2193
1333 2238
1342 2238
1342 2279
1354 2279
1354 2293
1214 2293
1214 2292
1277 2292
1277 2287
1223 2287
1223 2282
1315 2282
1315 2220
1321 2220
1321 2033
1312 2033
1312 2100
1305 2100
1305 2144
1307 2144
1307 2158
1314 2158
1314 2240
1309 2240
1309 2247
1283 2247
1283 2129
1287 2129
1287 2198
1289 2198
1289 2172
1294 2172
1294 2127
1263 2127
1263 2218
1270 2218
1270 2188
1281 2188
1281 2253
1301 2253
1301 2266
1303 2266
1303 2280
1286 2280
1286 2270
1256 2270
1256 2254
1196 2254
1196 2256
1092 2256
1092 2233
1097 2233
1097 2230
1115 2230
1115 2219
1131 2219
1131 2225
1238 2225
1238 2212
1228 2212
1228 2205
1111 2205
1111 2194
1108 2194
1108 2182
1093 2182
1093 2213
1091 2213
1091 2248
1087 2248
1087 2264
1148 2264
1148 2262
1222 2262
1222 2267
1243 2267
1243 2265
1255 2265
1255 2269
1250 2269
1250 2271
1154 2271
1154 2273
1247 2273
1247 2278
1193 2278
1193 2281
1185 2281
1185 2294
1375 2294
1375 2295
1316 2295
1316 2300
1290 2300
1290 2302
1090 2302
1090 2303
1010 2303
1010 2311
1009 2311
1009 2314
1006 2314
1006 2329
973 2329
973 2342
961 2342
961 2339
804 2339
804 2359
977 2359
977 2364
1701 2364
1701 2369
1679 2369
1679 2372
1550 2372
1550 2381
1551 2381
1551 2376
1557 2376
1557 2429
1440 2429
1440 2433
1394 2433
1394 2437
1388 2437
1388 2452
1403 2452
1403 2468
1229 2468
1229 2476
1130 2476
1130 2473
453 2473
453 2479
441 2479
441 2480
479 2480
479 2487
137 2487
137 2497
1 2497
1 2498
139 2498
139 2500
160 2500
160 2499
166 2499
166 2496
328 2496
328 2495
207 2495
207 2494
678 2494
678 2493
1021 2493
1021 2490
874 2490
874 2491
420 2491
420 2492
148 2492
148 2489
145 2489
145 2488
621 2488
621 2486
563 2486
563 2484
567 2484
567 2485
574 2485
574 2475
622 2475
622 2481
663 2481
663 2474
1003 2474
1003 2478
1079 2478
1079 2483
1117 2483
1117 2482
1192 2482
1192 2477
1437 2477
1437 2470
1471 2470
1471 2469
1488 2469
1488 2444
1479 2444
1479 2454
1406 2454
1406 2435
1429 2435
1429 2436
1562 2436
1562 2384
1564 2384
1564 2431
1565 2431
1565 2382
1607 2382
1607 2383
1659 2383
1659 2386
1573 2386
1573 2393
1620 2393
1620 2394
1640 2394
1640 2390
1632 2390
1632 2389
1664 2389
1664 2374
1683 2374
1683 2401
1667 2401
1667 2407
1730 2407
1730 2363
1617 2363
1617 2362
1061 2362
1061 2358
814 2358
814 2352
838 2352
838 2341
953 2341
953 2346
1025 2346
1025 2331
1014 2331
1014 2323
1019 2323
1019 2320
1076 2320
1076 2306
1237 2306
1237 2305
1199 2305
1199 2304
1257 2304
1257 2310
1568 2310
1568 2309
1575 2309
1575 2307
1420 2307
1420 2299
1404 2299
1404 2308
1382 2308
1382 2297
1452 2297
1452 2298
1650 2298
1650 2288
1660 2288
1660 2283
1652 2283
1652 2255
1669 2255
1669 2149
1753 2149
1753 2159
1720 2159
1720 2171
1717 2171
1717 2229
1715 2229
1715 2234
1711 2234
1711 2268
1713 2268
1713 2257
1722 2257
1722 2263
1744 2263
1744 2249
1747 2249
1747 2243
1737 2243
1737 2222
1741 2222
1741 2164
1757 2164
1757 2137
1806 2137
1806 2189
1773 2189
1773 2202
1759 2202
1759 2206
1785 2206
1785 2244
1843 2244
1843 2242
1794 2242
1794 2239
2105 2239
2105 2245
2141 2245
2141 2241
2129 2241
2129 2223
2243 2223
2243 2224
2270 2224
2270 2228
2365 2228
2365 2226
2371 2226
2371 2150
2361 2150
2361 2174
2348 2174
2348 2157
2306 2157
2306 2116
2449 2116
2449 2128
2468 2128
2468 2168
2477 2168
2477 2161
2488 2161
2488 2019
2490 2019
2490 1899
2489 1899
2489 1896
2402 1896
2402 1902
2446 1902
2446 1898
2471 1898
2471 1981
2461 1981
2461 1928
2383 1928
2383 1930
2336 1930
2336 1912
2360 1912
2360 1904
2283 1904
2283 1897
2342 1897
2342 1886
2285 1886
2285 1880
2315 1880
2315 1867
2382 1867
2382 1861
2386 1861
2386 1834
2340 1834
2340 1846
2333 1846
2333 1829
2328 1829
2328 1830
2273 1830
2273 1952
2369 1952
2369 1953
2269 1953
2269 1903
2272 1903
2272 1814
2267 1814
2267 1832
2250 1832
2250 1652
2249 1652
2249 1837
2240 1837
2240 1785
2244 1785
2244 1623
2253 1623
2253 1614
2231 1614
2231 1613
2146 1613
2146 1684
2138 1684
2138 1672
2145 1672
2145 1661
2126 1661
2126 1697
2139 1697
2139 1716
2097 1716
2097 1714
2090 1714
2090 1694
2074 1694
2074 1622
2079 1622
2079 1579
2086 1579
2086 1566
2064 1566
2064 1569
2038 1569
2038 1548
2042 1548
2042 1535
2046 1535
2046 1537
2052 1537
2052 1519
2062 1519
2062 1512
2049 1512
2049 1488
2055 1488
2055 1428
2041 1428
2041 1418
2019 1418
2019 1409
2002 1409
2002 1485
1989 1485
1989 1426
1981 1426
1981 1424
1942 1424
1942 1401
1914 1401
1914 1423
1902 1423
1902 1502
1895 1502
1895 1511
1888 1511
1888 1400
1892 1400
1892 1391
1907 1391
1907 1342
1904 1342
1904 1314
1872 1314
1872 1324
1851 1324
1851 1369
1849 1369
1849 1256
1874 1256
1874 1264
1915 1264
1915 1266
1917 1266
1917 1254
1855 1254
1855 1224
1889 1224
1889 1249
2061 1249
2061 1240
2166 1240
2166 1111
2161 1111
2161 1103
2167 1103
2167 1091
2122 1091
2122 1090
2068 1090
2068 1044
2071 1044
2071 1081
2133 1081
2133 1078
2077 1078
2077 1075
2278 1075
2278 1080
2187 1080
2187 1098
2183 1098
2183 1108
2177 1108
2177 1126
2179 1126
2179 1122
2181 1122
2181 1165
2198 1165
2198 1137
2204 1137
2204 1094
2194 1094
2194 1084
2274 1084
2274 1085
2364 1085
2364 1086
2415 1086
2415 1097
2403 1097
2403 1128
2408 1128
2408 1131
2346 1131
2346 1134
2255 1134
2255 1135
2205 1135
2205 1144
2230 1144
2230 1197
2233 1197
2233 1141
2266 1141
2266 1157
2258 1157
2258 1158
2293 1158
2293 1145
2366 1145
2366 1174
2405 1174
2405 1170
2445 1170
2445 1177
2447 1177
2447 1151
2444 1151
2444 1077
2448 1077
2448 1117
2463 1117
2463 1136
2466 1136
2466 1169
2473 1169
2473 1153
2475 1153
2475 1183
2465 1183
2465 1182
2384 1182
2384 1187
2296 1187
2296 1185
2237 1185
2237 1189
2464 1189
2464 1194
2494 1194
2494 1006
2496 1006
2496 1026
2500 1026
2500 993
2499 993
2499 1005
2481 1005
2481 1017
2485 1017
2485 1011
2493 1011
2493 1190
2476 1190
2476 1149
2470 1149
2470 1089
2472 1089
2472 1068
2431 1068
2431 1163
2419 1163
2419 1156
2411 1156
2411 1133
2428 1133
2428 1083
2372 1083
2372 1076
2329 1076
2329 1074
2217 1074
2217 1066
2123 1066
2123 1071
2117 1071
2117 1056
2160 1056
2160 1046
2165 1046
2165 1042
2119 1042
2119 999
2102 999
2102 1041
2092 1041
2092 1028
2096 1028
2096 992
2082 992
2082 984
2113 984
2113 609
2109 609
2109 799
2107 799
2107 510
2112 510
2112 413
2115 413
2115 432
2135 432
2135 457
2168 457
2168 458
2172 458
2172 451
2195 451
2195 459
2182 459
2182 541
2178 541
2178 554
2185 554
2185 540
2190 540
2190 667
2189 667
2189 773
2212 773
2212 711
2197 711
2197 739
2191 739
2191 708
2207 708
2207 702
2201 702
2201 681
2223 681
2223 807
2221 807
2221 884
2192 884
2192 963
2199 963
2199 968
2203 968
2203 1013
2186 1013
2186 1024
2215 1024
2215 1027
2188 1027
2188 1038
2245 1038
2245 1035
2216 1035
2216 1033
2232 1033
2232 1015
2209 1015
2209 1007
2211 1007
2211 958
2202 958
2202 894
2218 894
2218 990
2234 990
2234 977
2359 977
2359 947
2387 947
2387 927
2344 927
2344 913
2353 913
2353 901
2318 901
2318 892
2331 892
2331 854
2334 854
2334 858
2350 858
2350 838
2338 838
2338 837
2417 837
2417 853
2427 853
2427 887
2425 887
2425 934
2430 934
2430 712
2433 712
2433 805
2442 805
2442 792
2438 792
2438 714
2437 714
2437 694
2422 694
2422 603
2414 603
2414 534
2401 534
2401 446
2424 446
2424 456
2457 456
2457 125
2453 125
2453 197
2451 197
2451 79
2443 79
2443 77
2436 77
2436 107
2440 107
2440 203
2432 203
2432 204
2441 204
2441 273
2452 273
2452 222
2456 222
2456 448
2435 448
2435 433
2412 433
2412 440
2400 440
2400 449
2398 449
2398 455
2396 455
2396 504
2399 504
2399 549
2395 549
2395 256
2394 256
2394 734
2392 734
2392 724
2393 724
2393 322
2391 322
2391 759
2397 759
2397 642
2420 642
2420 777
2426 777
2426 816
2413 816
2413 783
2410 783
2410 797
2406 797
2406 824
2423 824
2423 835
2326 835
2326 381
2325 381
2325 122
2310 122
2310 108
2327 108
2327 104
2305 104
2305 71
2330 71
2330 429
2345 429
2345 343
2351 343
2351 460
2347 460
2347 563
2356 563
2356 548
2357 548
2357 399
2362 399
2362 629
2368 629
2368 567
2370 567
2370 675
2374 675
2374 487
2380 487
2380 481
2377 481
2377 480
2363 480
2363 348
2373 348
2373 276
2375 276
2375 241
2367 241
2367 228
2358 228
2358 255
2354 255
2354 229
2352 229
2352 260
2341 260
2341 262
2343 262
2343 340
2339 340
2339 299
2337 299
2337 202
2332 202
2332 50
2385 50
2385 55
2379 55
2379 56
2491 56
2491 54
2482 54
2482 47
2455 47
2455 46
2378 46
2378 22
2388 22
2388 7
2418 7
2418 6
2497 6
2497 1
