420
2254 1903
2254 1922
2262 1922
2262 1956
2389 1956
2389 1948
2322 1948
2322 1931
2458 1931
2458 1944
2434 1944
2434 1949
2416 1949
2416 1958
2454 1958
2454 1975
2439 1975
2439 1980
2390 1980
2390 1985
2486 1985
2486 1950
2487 1950
2487 2086
2478 2086
2478 2115
2301 2115
2301 2170
2291 2170
2291 2126
2286 2126
2286 2153
2264 2153
2264 2117
2256 2117
2256 2175
2248 2175
2248 2177
2252 2177
2252 2197
2259 2197
2259 2160
2263 2160
2263 2204
2300 2204
2300 2208
2304 2208
2304 2199
2307 2199
2307 2209
2295 2209
2295 2210
2277 2210
2277 2211
2124 2211
2124 2227
2099 2227
2099 2236
1865 2236
1865 2232
1791 2232
1791 2195
1814 2195
1814 2190
1918 2190
1918 2186
1835 2186
1835 2167
1847 2167
1847 2138
1836 2138
1836 2136
1637 2136
1637 2140
1662 2140
1662 2146
1581 2146
1581 2147
1663 2147
1663 2156
1548 2156
1548 2111
1569 2111
1569 2120
1577 2120
1577 2133
1587 2133
1587 2125
1619 2125
1619 2101
1618 2101
1618 2064
1604 2064
1604 2044
1602 2044
1602 2073
1599 2073
1599 2084
1616 2084
1616 2119
1592 2119
1592 2106
1554 2106
1554 2102
1540 2102
1540 2065
1539 2065
1539 2107
1527 2107
1527 2080
1519 2080
1519 2095
1494 2095
1494 2112
1513 2112
1513 2118
1532 2118
1532 2109
1537 2109
1537 2139
1492 2139
1492 2141
1489 2141
1489 2148
1495 2148
1495 2152
1521 2152
1521 2163
1556 2163
1556 2176
1601 2176
1601 2178
1646 2178
1646 2166
1661 2166
1661 2196
1654 2196
1654 2246
1611 2246
1611 2251
1567 2251
1567 2252
1636 2252
1636 2291
1590 2291
1590 2296
1316 2296
1316 2300
1290 2300
1290 2302
1090 2302
1090 2303
1010 2303
1010 2311
1009 2311
1009 2314
1006 2314
1006 2329
973 2329
973 2342
961 2342
961 2339
804 2339
804 2359
977 2359
977 2364
1701 2364
1701 2369
1679 2369
1679 2372
1550 2372
1550 2381
1551 2381
1551 2376
1557 2376
1557 2429
1440 2429
1440 2433
1394 2433
1394 2437
1388 2437
1388 2452
1403 2452
1403 2468
1229 2468
1229 2476
1130 2476
1130 2473
453 2473
453 2479
441 2479
441 2480
479 2480
479 2487
137 2487
137 2497
1 2497
1 2498
139 2498
139 2500
160 2500
160 2499
166 2499
166 2496
328 2496
328 2495
207 2495
207 2494
678 2494
678 2493
1021 2493
1021 2490
874 2490
874 2491
420 2491
420 2492
148 2492
148 2489
145 2489
145 2488
621 2488
621 2486
563 2486
563 2484
567 2484
567 2485
574 2485
574 2475
622 2475
622 2481
663 2481
663 2474
1003 2474
1003 2478
1079 2478
1079 2483
1117 2483
1117 2482
1192 2482
1192 2477
1437 2477
1437 2470
1471 2470
1471 2469
1488 2469
1488 2444
1479 2444
1479 2454
1406 2454
1406 2435
1429 2435
1429 2436
1562 2436
1562 2384
1564 2384
1564 2431
1565 2431
1565 2382
1607 2382
1607 2383
1659 2383
1659 2386
1573 2386
1573 2393
1620 2393
1620 2394
1640 2394
1640 2390
1632 2390
1632 2389
1664 2389
1664 2374
1683 2374
1683 2401
1667 2401
1667 2407
1730 2407
1730 2363
1617 2363
1617 2362
1061 2362
1061 2358
814 2358
814 2352
838 2352
838 2341
953 2341
953 2346
1025 2346
1025 2331
1014 2331
1014 2323
1019 2323
1019 2320
1076 2320
1076 2306
1237 2306
1237 2305
1199 2305
1199 2304
1257 2304
1257 2310
1568 2310
1568 2309
1575 2309
1575 2307
1420 2307
1420 2299
1404 2299
1404 2308
1382 2308
1382 2297
1452 2297
1452 2298
1650 2298
1650 2288
1660 2288
1660 2283
1652 2283
1652 2255
1669 2255
1669 2149
1753 2149
1753 2159
1720 2159
1720 2171
1717 2171
1717 2229
1715 2229
1715 2234
1711 2234
1711 2268
1713 2268
1713 2257
1722 2257
1722 2263
1744 2263
1744 2249
1747 2249
1747 2243
1737 2243
1737 2222
1741 2222
1741 2164
1757 2164
1757 2137
1806 2137
1806 2189
1773 2189
1773 2202
1759 2202
1759 2206
1785 2206
1785 2244
1843 2244
1843 2242
1794 2242
1794 2239
2105 2239
2105 2245
2141 2245
2141 2241
2129 2241
2129 2223
2243 2223
2243 2224
2270 2224
2270 2228
2365 2228
2365 2226
2371 2226
2371 2150
2361 2150
2361 2174
2348 2174
2348 2157
2306 2157
2306 2116
2449 2116
2449 2128
2468 2128
2468 2168
2477 2168
2477 2161
2488 2161
2488 2019
2490 2019
2490 1899
2471 1899
2471 1981
2461 1981
2461 1930
2336 1930
2336 1912
2360 1912
2360 1904
2283 1904
2283 1897
2342 1897
2342 1886
2285 1886
2285 1880
2315 1880
2315 1867
2382 1867
2382 1861
2386 1861
2386 1834
2340 1834
2340 1846
2333 1846
2333 1829
2328 1829
2328 1830
2273 1830
2273 1952
2369 1952
2369 1953
2269 1953
2269 1903
