1068
2319 835
2319 870
2298 870
2298 873
2292 873
2292 944
2294 944
2294 959
2227 959
2227 775
2228 775
2228 673
2226 673
2226 666
2200 666
2200 505
2196 505
2196 442
2164 442
2164 424
2157 424
2157 419
2121 419
2121 409
2094 409
2094 334
2087 334
2087 213
2132 213
2132 287
2137 287
2137 318
2136 318
2136 327
2142 327
2142 309
2153 309
2153 319
2180 319
2180 330
2163 330
2163 335
2210 335
2210 325
2206 325
2206 300
2229 300
2229 271
2176 271
2176 285
2173 285
2173 245
2170 245
2170 303
2150 303
2150 210
2159 210
2159 208
2084 208
2084 219
2026 219
2026 301
2027 301
2027 308
2023 308
2023 323
1954 323
1954 353
1945 353
1945 284
1930 284
1930 283
1999 283
1999 272
1992 272
1992 193
1976 193
1976 240
1956 240
1956 251
1985 251
1985 274
1978 274
1978 278
1923 278
1923 390
1928 390
1928 414
1925 414
1925 439
1932 439
1932 463
1931 463
1931 467
1936 467
1936 302
1944 302
1944 557
1977 557
1977 524
2017 524
2017 512
2008 512
2008 517
1955 517
1955 537
1949 537
1949 500
1964 500
1964 437
2005 437
2005 428
2000 428
2000 431
1970 431
1970 430
1946 430
1946 406
2018 406
2018 468
2031 468
2031 374
2029 374
2029 392
2025 392
2025 402
2012 402
2012 397
1959 397
1959 332
2037 332
2037 290
2028 290
2028 230
2034 230
2034 239
2044 239
2044 234
2076 234
2076 244
2080 244
2080 394
2088 394
2088 484
2085 484
2085 482
2069 482
2069 508
2089 508
2089 434
2098 434
2098 509
2100 509
2100 479
2104 479
2104 682
2106 682
2106 850
2108 850
2108 889
2111 889
2111 980
2067 980
2067 1025
2060 1025
2060 1053
2045 1053
2045 1096
2151 1096
2151 1123
2154 1123
2154 1142
2147 1142
2147 1106
2013 1106
2013 1107
2043 1107
2043 1114
2103 1114
2103 1115
1903 1115
1903 1073
1900 1073
1900 1072
1868 1072
1868 1062
1920 1062
1920 1055
1875 1055
1875 896
1877 896
1877 964
1876 964
1876 1023
1960 1023
1960 1003
1883 1003
1883 1014
1951 1014
1951 1018
1879 1018
1879 842
1873 842
1873 1036
1863 1036
1863 1020
1850 1020
1850 1124
1953 1124
1953 1120
2015 1120
2015 1130
2030 1130
2030 1116
2057 1116
2057 1127
2116 1127
2116 1121
2143 1121
2143 1109
2144 1109
2144 1166
2148 1166
2148 1172
2134 1172
2134 1167
2081 1167
2081 1155
1997 1155
1997 1159
2040 1159
2040 1162
1969 1162
1969 1173
2020 1173
2020 1176
2054 1176
2054 1168
2114 1168
2114 1180
2152 1180
2152 1186
2155 1186
2155 1148
2158 1148
2158 1196
2140 1196
2140 1205
2120 1205
2120 1236
2059 1236
2059 1238
2009 1238
2009 1248
1911 1248
1911 1243
1910 1243
1910 1223
1848 1223
1848 1417
1857 1417
1857 1330
1858 1330
1858 1372
1859 1372
1859 1379
1864 1379
1864 1334
1880 1334
1880 1367
1886 1367
1886 1333
1887 1333
1887 1565
1906 1565
1906 1438
1963 1438
1963 1430
1966 1430
1966 1468
1972 1468
1972 1457
1984 1457
1984 1463
1986 1463
1986 1476
1965 1476
1965 1500
2004 1500
2004 1467
2006 1467
2006 1437
2039 1437
2039 1529
2036 1529
2036 1551
2035 1551
2035 1567
1922 1567
1922 1571
1924 1571
1924 1573
2014 1573
2014 1572
2075 1572
2075 1577
2065 1577
2065 1634
2072 1634
2072 1699
2063 1699
2063 1707
2048 1707
2048 1725
2149 1725
2149 1616
2238 1616
2238 1849
2261 1849
2261 1868
2257 1868
2257 1891
2254 1891
2254 1922
2262 1922
2262 1956
2389 1956
2389 1948
2322 1948
2322 1931
2458 1931
2458 1944
2434 1944
2434 1949
2416 1949
2416 1958
2454 1958
2454 1975
2439 1975
2439 1980
2390 1980
2390 1985
2486 1985
2486 1950
2487 1950
2487 2086
2478 2086
2478 2115
2301 2115
2301 2170
2291 2170
2291 2126
2286 2126
2286 2153
2264 2153
2264 2117
2256 2117
2256 2175
2248 2175
2248 2177
2252 2177
2252 2197
2259 2197
2259 2160
2263 2160
2263 2204
2300 2204
2300 2208
2304 2208
2304 2199
2307 2199
2307 2209
2295 2209
2295 2210
2277 2210
2277 2211
2124 2211
2124 2227
2099 2227
2099 2236
1865 2236
1865 2232
1791 2232
1791 2195
1814 2195
1814 2190
1918 2190
1918 2186
1835 2186
1835 2167
1847 2167
1847 2138
1836 2138
1836 2136
1637 2136
1637 2140
1662 2140
1662 2146
1581 2146
1581 2147
1663 2147
1663 2156
1548 2156
1548 2111
1569 2111
1569 2120
1577 2120
1577 2133
1587 2133
1587 2125
1619 2125
1619 2101
1618 2101
1618 2064
1604 2064
1604 2044
1602 2044
1602 2073
1599 2073
1599 2084
1616 2084
1616 2119
1592 2119
1592 2106
1554 2106
1554 2102
1540 2102
1540 2065
1539 2065
1539 2107
1527 2107
1527 2080
1519 2080
1519 2095
1494 2095
1494 2112
1513 2112
1513 2118
1532 2118
1532 2109
1537 2109
1537 2139
1492 2139
1492 2141
1489 2141
1489 2148
1495 2148
1495 2152
1521 2152
1521 2163
1556 2163
1556 2176
1601 2176
1601 2178
1646 2178
1646 2166
1661 2166
1661 2196
1654 2196
1654 2246
1611 2246
1611 2251
1567 2251
1567 2252
1636 2252
1636 2291
1590 2291
1590 2296
1316 2296
1316 2300
1290 2300
1290 2302
1090 2302
1090 2303
1010 2303
1010 2311
1009 2311
1009 2314
1006 2314
1006 2329
973 2329
973 2342
961 2342
961 2339
804 2339
804 2359
977 2359
977 2364
1701 2364
1701 2369
1679 2369
1679 2372
1550 2372
1550 2381
1551 2381
1551 2376
1557 2376
1557 2429
1440 2429
1440 2433
1394 2433
1394 2437
1388 2437
1388 2452
1403 2452
1403 2468
1229 2468
1229 2476
1130 2476
1130 2473
453 2473
453 2479
441 2479
441 2480
479 2480
479 2487
137 2487
137 2497
1 2497
1 2498
139 2498
139 2500
160 2500
160 2499
166 2499
166 2496
328 2496
328 2495
207 2495
207 2494
678 2494
678 2493
1021 2493
1021 2490
874 2490
874 2491
420 2491
420 2492
148 2492
148 2489
145 2489
145 2488
621 2488
621 2486
563 2486
563 2484
567 2484
567 2485
574 2485
574 2475
622 2475
622 2481
663 2481
663 2474
1003 2474
1003 2478
1079 2478
1079 2483
1117 2483
1117 2482
1192 2482
1192 2477
1437 2477
1437 2470
1471 2470
1471 2469
1488 2469
1488 2444
1479 2444
1479 2454
1406 2454
1406 2435
1429 2435
1429 2436
1562 2436
1562 2384
1564 2384
1564 2431
1565 2431
1565 2382
1607 2382
1607 2383
1659 2383
1659 2386
1573 2386
1573 2393
1620 2393
1620 2394
1640 2394
1640 2390
1632 2390
1632 2389
1664 2389
1664 2374
1683 2374
1683 2401
1667 2401
1667 2407
1730 2407
1730 2363
1617 2363
1617 2362
1061 2362
1061 2358
814 2358
814 2352
838 2352
838 2341
953 2341
953 2346
1025 2346
1025 2331
1014 2331
1014 2323
1019 2323
1019 2320
1076 2320
1076 2306
1237 2306
1237 2305
1199 2305
1199 2304
1257 2304
1257 2310
1568 2310
1568 2309
1575 2309
1575 2307
1420 2307
1420 2299
1404 2299
1404 2308
1382 2308
1382 2297
1452 2297
1452 2298
1650 2298
1650 2288
1660 2288
1660 2283
1652 2283
1652 2255
1669 2255
1669 2149
1753 2149
1753 2159
1720 2159
1720 2171
1717 2171
1717 2229
1715 2229
1715 2234
1711 2234
1711 2268
1713 2268
1713 2257
1722 2257
1722 2263
1744 2263
1744 2249
1747 2249
1747 2243
1737 2243
1737 2222
1741 2222
1741 2164
1757 2164
1757 2137
1806 2137
1806 2189
1773 2189
1773 2202
1759 2202
1759 2206
1785 2206
1785 2244
1843 2244
1843 2242
1794 2242
1794 2239
2105 2239
2105 2245
2141 2245
2141 2241
2129 2241
2129 2223
2243 2223
2243 2224
2270 2224
2270 2228
2365 2228
2365 2226
2371 2226
2371 2150
2361 2150
2361 2174
2348 2174
2348 2157
2306 2157
2306 2116
2449 2116
2449 2128
2468 2128
2468 2168
2477 2168
2477 2161
2488 2161
2488 2019
2490 2019
2490 1899
2471 1899
2471 1981
2461 1981
2461 1930
2336 1930
2336 1912
2360 1912
2360 1904
2283 1904
2283 1897
2342 1897
2342 1886
2285 1886
2285 1880
2315 1880
2315 1867
2382 1867
2382 1861
2386 1861
2386 1834
2340 1834
2340 1846
2333 1846
2333 1829
2328 1829
2328 1830
2273 1830
2273 1952
2369 1952
2369 1953
2269 1953
2269 1903
2272 1903
2272 1837
2240 1837
2240 1785
2244 1785
2244 1623
2253 1623
2253 1614
2231 1614
2231 1613
2146 1613
2146 1684
2138 1684
2138 1672
2145 1672
2145 1661
2126 1661
2126 1697
2139 1697
2139 1716
2097 1716
2097 1714
2090 1714
2090 1694
2074 1694
2074 1622
2079 1622
2079 1579
2086 1579
2086 1569
2038 1569
2038 1548
2042 1548
2042 1535
2046 1535
2046 1537
2052 1537
2052 1519
2062 1519
2062 1512
2049 1512
2049 1488
2055 1488
2055 1428
2002 1428
2002 1485
1989 1485
1989 1426
1981 1426
1981 1424
1942 1424
1942 1401
1914 1401
1914 1423
1902 1423
1902 1502
1895 1502
1895 1511
1888 1511
1888 1400
1892 1400
1892 1391
1907 1391
1907 1342
1904 1342
1904 1324
1851 1324
1851 1369
1849 1369
1849 1256
1874 1256
1874 1264
1915 1264
1915 1266
1917 1266
1917 1254
1855 1254
1855 1224
1889 1224
1889 1249
2061 1249
2061 1240
2166 1240
2166 1111
2161 1111
2161 1103
2167 1103
2167 1091
2122 1091
2122 1090
2068 1090
2068 1044
2071 1044
2071 1081
2133 1081
2133 1078
2077 1078
2077 1075
2278 1075
2278 1080
2187 1080
2187 1098
2183 1098
2183 1108
2177 1108
2177 1126
2179 1126
2179 1122
2181 1122
2181 1165
2198 1165
2198 1137
2204 1137
2204 1094
2194 1094
2194 1084
2274 1084
2274 1085
2364 1085
2364 1086
2415 1086
2415 1097
2403 1097
2403 1128
2408 1128
2408 1131
2346 1131
2346 1134
2255 1134
2255 1135
2205 1135
2205 1144
2230 1144
2230 1197
2233 1197
2233 1141
2266 1141
2266 1157
2258 1157
2258 1158
2293 1158
2293 1145
2366 1145
2366 1174
2405 1174
2405 1170
2445 1170
2445 1177
2447 1177
2447 1151
2444 1151
2444 1077
2448 1077
2448 1117
2463 1117
2463 1136
2466 1136
2466 1169
2473 1169
2473 1153
2475 1153
2475 1183
2465 1183
2465 1182
2384 1182
2384 1187
2296 1187
2296 1185
2237 1185
2237 1189
2464 1189
2464 1194
2494 1194
2494 1006
2496 1006
2496 1026
2500 1026
2500 993
2499 993
2499 1005
2481 1005
2481 1017
2485 1017
2485 1011
2493 1011
2493 1190
2476 1190
2476 1149
2470 1149
2470 1089
2472 1089
2472 1068
2431 1068
2431 1163
2419 1163
2419 1156
2411 1156
2411 1133
2428 1133
2428 1083
2372 1083
2372 1076
2329 1076
2329 1074
2217 1074
2217 1066
2123 1066
2123 1071
2117 1071
2117 1056
2160 1056
2160 1046
2165 1046
2165 1042
2119 1042
2119 999
2102 999
2102 1041
2092 1041
2092 1028
2096 1028
2096 992
2082 992
2082 984
2113 984
2113 799
2107 799
2107 510
2112 510
2112 413
2115 413
2115 432
2135 432
2135 457
2168 457
2168 458
2172 458
2172 451
2195 451
2195 459
2182 459
2182 541
2178 541
2178 554
2185 554
2185 540
2190 540
2190 667
2189 667
2189 773
2212 773
2212 711
2197 711
2197 739
2191 739
2191 708
2207 708
2207 702
2201 702
2201 681
2223 681
2223 807
2221 807
2221 884
2192 884
2192 963
2199 963
2199 968
2203 968
2203 1013
2186 1013
2186 1024
2215 1024
2215 1027
2188 1027
2188 1038
2245 1038
2245 1035
2216 1035
2216 1033
2232 1033
2232 1015
2209 1015
2209 1007
2211 1007
2211 958
2202 958
2202 894
2218 894
2218 990
2234 990
2234 977
2359 977
2359 947
2387 947
2387 927
2344 927
2344 913
2353 913
2353 901
2318 901
2318 892
2331 892
2331 854
2334 854
2334 858
2350 858
2350 838
2338 838
2338 837
2417 837
2417 853
2427 853
2427 887
2425 887
2425 934
2430 934
2430 816
2413 816
2413 783
2410 783
2410 797
2406 797
2406 824
2423 824
2423 835
