536
2 1
2 3
12 3
12 4
1 4
1 5
5 5
5 9
3 9
3 11
4 11
4 23
9 23
9 17
28 17
28 10
25 10
25 2
33 2
33 80
46 80
46 94
42 94
42 99
56 99
56 98
60 98
60 100
81 100
81 154
83 154
83 169
75 169
75 109
70 109
70 113
71 113
71 132
74 132
74 168
34 168
34 166
15 166
15 167
6 167
6 189
8 189
8 223
11 223
11 242
13 242
13 253
14 253
14 195
18 195
18 205
16 205
16 245
17 245
17 241
32 241
32 231
31 231
31 227
59 227
59 248
58 248
58 230
54 230
54 246
47 246
47 252
40 252
40 334
43 334
43 340
44 340
44 329
48 329
48 345
45 345
45 348
27 348
27 354
23 354
23 409
21 409
21 412
26 412
26 435
78 435
78 437
19 437
19 426
10 426
10 438
30 438
30 440
95 440
95 428
96 428
96 427
99 427
99 352
114 352
114 349
137 349
137 366
129 366
129 365
108 365
108 374
110 374
110 373
131 373
131 372
170 372
170 382
168 382
168 377
124 377
124 378
167 378
167 386
161 386
161 395
130 395
130 402
163 402
163 419
204 419
204 436
205 436
205 439
218 439
218 453
233 453
233 446
335 446
335 448
263 448
263 450
343 450
343 451
340 451
340 452
381 452
381 449
390 449
390 454
393 454
393 458
420 458
420 461
362 461
362 465
359 465
359 475
312 475
312 469
268 469
268 470
221 470
221 471
252 471
252 479
302 479
302 482
292 482
292 481
269 481
269 483
236 483
236 484
378 484
378 477
386 477
386 473
374 473
374 462
425 462
425 442
433 442
433 433
435 433
435 369
432 369
432 396
430 396
430 400
427 400
427 390
426 390
426 383
424 383
424 379
422 379
422 364
428 364
428 362
417 362
417 359
440 359
440 459
438 459
438 410
437 410
437 463
443 463
443 392
446 392
446 404
447 404
447 407
450 407
450 430
454 430
454 403
463 403
463 460
469 460
469 455
464 455
464 399
451 399
451 385
471 385
471 422
473 422
473 466
402 466
402 467
439 467
439 468
449 468
449 472
460 472
460 476
401 476
401 478
459 478
459 480
456 480
456 485
472 485
472 487
458 487
458 486
414 486
414 490
408 490
408 494
406 494
406 498
400 498
400 497
389 497
389 500
434 500
434 499
412 499
412 493
457 493
457 489
461 489
461 496
499 496
499 495
466 495
466 491
474 491
474 447
477 447
477 416
475 416
475 387
482 387
482 397
479 397
479 405
481 405
481 474
480 474
480 492
500 492
500 488
484 488
484 413
486 413
486 441
491 441
491 464
492 464
492 375
493 375
493 350
490 350
490 327
498 327
498 318
497 318
497 261
468 261
468 270
470 270
470 282
431 282
431 287
465 287
465 289
423 289
423 290
467 290
467 301
411 301
411 295
453 295
453 291
419 291
419 293
416 293
416 279
442 279
442 278
448 278
448 272
455 272
455 266
429 266
429 264
405 264
405 281
404 281
404 305
350 305
350 300
287 300
287 288
298 288
298 286
317 286
317 280
314 280
314 284
299 284
299 276
283 276
283 297
277 297
277 254
285 254
285 204
281 204
281 200
254 200
254 186
327 186
327 202
324 202
324 243
323 243
323 250
331 250
331 237
341 237
341 233
332 233
332 212
365 212
365 274
371 274
371 271
370 271
370 229
368 229
368 218
382 218
382 239
375 239
375 260
384 260
384 222
396 222
396 224
387 224
387 232
391 232
391 225
394 225
394 234
403 234
403 213
398 213
398 210
329 210
329 235
328 235
328 196
347 196
347 185
244 185
244 197
242 197
242 203
264 203
264 247
258 247
258 298
250 298
250 336
243 336
243 328
241 328
241 341
240 341
240 343
247 343
247 337
260 337
260 265
261 265
261 269
275 269
275 304
339 304
339 306
413 306
413 303
436 303
436 302
476 302
476 275
478 275
478 262
496 262
496 283
495 283
495 322
489 322
489 384
488 384
488 381
483 381
483 380
441 380
441 371
445 371
445 356
409 356
409 363
418 363
418 421
421 421
421 456
399 456
399 457
395 457
395 445
231 445
231 434
228 434
228 429
219 429
219 417
186 417
186 415
182 415
182 408
171 408
171 370
160 370
160 367
157 367
157 357
147 357
147 346
104 346
104 351
98 351
98 361
97 361
97 424
72 424
72 425
82 425
82 432
29 432
29 355
50 355
50 273
52 273
52 263
53 263
53 259
62 259
62 226
24 226
24 190
20 190
20 187
7 187
7 172
36 172
36 170
93 170
93 163
91 163
91 149
92 149
92 144
86 144
86 126
85 126
85 93
90 93
90 90
57 90
57 77
77 77
77 71
65 71
65 70
35 70
35 63
55 63
55 56
38 56
38 42
67 42
67 39
49 39
49 30
37 30
37 6
39 6
39 1
