248
68 82
68 78
66 78
66 67
18 67
18 64
21 64
21 61
7 61
7 63
3 63
3 109
15 109
15 86
13 86
13 80
9 80
9 70
20 70
20 68
25 68
25 117
23 117
23 123
16 123
16 161
17 161
17 124
35 124
35 119
33 119
33 100
42 100
42 94
30 94
30 91
26 91
26 69
47 69
47 73
60 73
60 83
76 83
76 93
52 93
52 97
50 97
50 98
67 98
67 99
69 99
69 101
54 101
54 103
55 103
55 132
73 132
73 152
79 152
79 163
10 163
10 168
2 168
2 169
11 169
11 171
1 171
1 177
8 177
8 186
14 186
14 170
12 170
12 165
19 165
19 221
31 221
31 247
38 247
38 226
40 226
40 223
39 223
39 211
37 211
37 207
51 207
51 213
58 213
58 222
56 222
56 234
65 234
65 233
83 233
83 229
149 229
149 235
140 235
140 236
93 236
93 243
126 243
126 244
144 244
144 245
125 245
125 246
113 246
113 248
64 248
64 249
75 249
75 250
145 250
145 242
151 242
151 241
156 241
156 240
159 240
159 237
178 237
178 232
161 232
161 231
184 231
184 239
215 239
215 238
216 238
216 220
190 220
190 217
206 217
206 215
203 215
203 214
183 214
183 216
160 216
160 212
147 212
147 208
133 208
133 218
172 218
172 219
137 219
137 224
208 224
208 230
201 230
201 227
181 227
181 228
70 228
70 225
59 225
59 206
48 206
48 205
36 205
36 209
28 209
28 195
32 195
32 203
123 203
123 202
61 202
61 194
95 194
95 198
107 198
107 199
127 199
127 204
136 204
136 201
165 201
165 200
150 200
150 197
138 197
138 196
154 196
154 191
247 191
247 189
228 189
228 188
223 188
223 190
174 190
174 187
131 187
131 192
41 192
41 193
29 193
29 185
27 185
27 183
81 183
81 184
130 184
130 181
117 181
117 179
163 179
163 180
192 180
192 173
186 173
186 175
179 175
179 176
175 176
175 172
167 172
167 174
155 174
155 178
112 178
112 182
24 182
24 210
22 210
22 166
34 166
34 164
78 164
78 167
84 167
84 162
82 162
82 131
91 131
91 129
71 129
71 128
57 128
57 102
63 102
63 104
77 104
77 82
