76
1 5
1 149
9 149
9 152
20 152
20 171
5 171
5 160
3 160
3 206
16 206
16 210
168 210
168 213
299 213
299 211
247 211
247 202
316 202
316 203
388 203
388 200
174 200
174 197
346 197
346 198
370 198
370 194
315 194
315 196
171 196
171 195
270 195
270 187
279 187
279 188
342 188
342 184
325 184
325 185
254 185
254 186
210 186
210 190
201 190
201 192
169 192
169 201
242 201
242 207
245 207
245 212
208 212
208 209
123 209
123 208
50 208
50 205
7 205
7 172
28 172
28 150
22 150
22 143
17 143
17 135
51 135
51 134
2 134
2 8
40 8
40 7
4 7
4 6
56 6
56 5
