446
1 5
1 149
9 149
9 152
20 152
20 171
5 171
5 160
3 160
3 206
16 206
16 210
168 210
168 213
299 213
299 211
247 211
247 202
316 202
316 203
388 203
388 200
174 200
174 197
346 197
346 198
370 198
370 194
315 194
315 196
171 196
171 195
270 195
270 187
279 187
279 188
342 188
342 184
410 184
410 159
392 159
392 158
383 158
383 156
382 156
382 145
318 145
318 136
327 136
327 137
379 137
379 133
320 133
320 131
378 131
378 130
400 130
400 124
390 124
390 117
374 117
374 111
387 111
387 109
415 109
415 45
419 45
419 56
418 56
418 116
423 116
423 89
424 89
424 46
435 46
435 49
427 49
427 58
432 58
432 76
433 76
433 53
442 53
442 59
440 59
440 127
441 127
441 78
443 78
443 115
444 115
444 154
457 154
457 168
482 168
482 169
471 169
471 170
486 170
486 164
491 164
491 204
493 204
493 218
496 218
496 280
485 280
485 252
467 252
467 259
446 259
446 249
407 249
407 245
336 245
336 241
117 241
117 240
434 240
434 236
420 236
420 230
198 230
198 229
366 229
366 226
353 226
353 224
314 224
314 223
282 223
282 228
241 228
241 227
197 227
197 222
176 222
176 232
157 232
157 234
159 234
159 233
296 233
296 237
371 237
371 238
95 238
95 216
130 216
130 215
122 215
122 214
92 214
92 266
105 266
105 239
116 239
116 265
120 265
120 246
204 246
204 250
179 250
179 256
216 256
216 254
226 254
226 263
248 263
248 277
230 277
230 270
214 270
214 271
188 271
188 273
150 273
150 303
148 303
148 276
147 276
147 325
153 325
153 328
154 328
154 300
152 300
152 278
269 278
269 272
250 272
250 267
258 267
258 264
251 264
251 262
260 262
260 260
239 260
239 253
223 253
223 242
233 242
233 243
272 243
272 248
373 248
373 255
358 255
358 261
381 261
381 257
417 257
417 268
477 268
477 258
483 258
483 281
500 281
500 235
498 235
498 217
494 217
494 199
499 199
499 193
492 193
492 161
461 161
461 148
447 148
447 120
445 120
445 103
458 103
458 92
474 92
474 88
449 88
449 57
451 57
451 50
448 50
448 38
413 38
413 97
398 97
398 77
393 77
393 73
391 73
391 100
405 100
405 106
367 106
367 128
307 128
307 90
322 90
322 102
321 102
321 113
323 113
323 98
335 98
335 68
341 68
341 51
331 51
331 42
347 42
347 44
348 44
348 40
352 40
352 10
319 10
319 9
124 9
124 11
155 11
155 12
287 12
287 13
219 13
219 14
284 14
284 16
131 16
131 17
115 17
115 19
58 19
58 43
64 43
64 72
87 72
87 82
102 82
102 69
138 69
138 65
172 65
172 84
163 84
163 85
158 85
158 99
106 99
106 101
99 101
99 112
133 112
133 118
141 118
141 119
144 119
144 114
142 114
142 110
162 110
162 104
165 104
165 91
166 91
166 96
185 96
185 107
194 107
194 79
189 79
189 61
186 61
186 62
98 62
98 66
97 66
97 60
101 60
101 54
114 54
114 41
89 41
89 70
67 70
67 23
200 23
200 20
221 20
221 25
288 25
288 22
294 22
294 21
298 21
298 15
338 15
338 24
311 24
311 26
349 26
349 32
326 32
326 87
297 87
297 67
303 67
303 48
302 48
302 52
295 52
295 81
293 81
293 63
291 63
291 74
286 74
286 94
306 94
306 122
301 122
301 121
289 121
289 132
312 132
312 146
343 146
343 153
350 153
350 147
359 147
359 155
375 155
375 162
355 162
355 165
354 165
354 166
389 166
389 173
396 173
396 175
386 175
386 177
376 177
376 178
317 178
317 182
325 182
325 185
254 185
254 186
210 186
210 190
201 190
201 192
169 192
169 201
242 201
242 207
245 207
245 212
208 212
208 209
123 209
123 208
50 208
50 205
7 205
7 172
28 172
28 150
22 150
22 143
17 143
17 135
51 135
51 134
2 134
2 8
40 8
40 7
4 7
4 6
56 6
56 5
