188
5 39
5 33
1 33
1 36
2 36
2 40
6 40
6 53
24 53
24 50
32 50
32 54
16 54
16 56
37 56
37 55
33 55
33 44
22 44
22 28
34 28
34 27
39 27
39 48
44 48
44 47
42 47
42 37
40 37
40 17
43 17
43 24
52 24
52 26
56 26
56 52
64 52
64 60
62 60
62 61
83 61
83 63
82 63
82 69
79 69
79 76
59 76
59 73
73 73
73 74
76 74
76 71
55 71
55 78
81 78
81 79
78 79
78 84
75 84
75 85
61 85
61 89
35 89
35 81
53 81
53 80
28 80
28 82
15 82
15 83
26 83
26 86
18 86
18 95
27 95
27 87
29 87
29 92
31 92
31 91
65 91
65 90
85 90
85 77
84 77
84 66
90 66
90 68
89 68
89 67
88 67
88 70
92 70
92 72
95 72
95 93
96 93
96 75
97 75
97 94
91 94
91 96
87 96
87 98
36 98
36 99
60 99
60 100
99 100
99 97
100 97
100 88
98 88
98 62
94 62
94 65
93 65
93 64
86 64
86 58
74 58
74 57
71 57
71 59
66 59
66 46
63 46
63 42
68 42
68 29
67 29
67 35
58 35
58 10
57 10
57 5
69 5
69 31
80 31
80 30
72 30
72 23
77 23
77 20
70 20
70 3
54 3
54 2
51 2
51 6
50 6
50 22
48 22
48 18
47 18
47 14
46 14
46 13
45 13
45 11
49 11
49 7
25 7
25 8
20 8
20 16
23 16
23 9
38 9
38 21
30 21
30 25
17 25
17 34
13 34
13 41
14 41
14 38
19 38
19 49
21 49
21 51
9 51
9 45
12 45
12 43
10 43
10 39
