116
5 39
5 33
1 33
1 36
2 36
2 40
6 40
6 53
24 53
24 50
32 50
32 54
16 54
16 56
37 56
37 55
33 55
33 44
22 44
22 28
34 28
34 27
39 27
39 48
44 48
44 47
42 47
42 37
40 37
40 17
43 17
43 24
52 24
52 26
56 26
56 52
64 52
64 60
62 60
62 61
83 61
83 63
82 63
82 69
79 69
79 76
59 76
59 73
73 73
73 74
76 74
76 71
55 71
55 78
81 78
81 79
78 79
78 84
75 84
75 85
61 85
61 89
35 89
35 82
15 82
15 83
26 83
26 86
18 86
18 95
27 95
27 87
29 87
29 90
85 90
85 77
84 77
84 66
98 66
98 65
93 65
93 64
86 64
86 59
66 59
66 46
63 46
63 42
68 42
68 35
58 35
58 22
48 22
48 18
47 18
47 14
38 14
38 21
30 21
30 25
17 25
17 34
13 34
13 41
14 41
14 38
19 38
19 49
21 49
21 51
9 51
9 45
12 45
12 43
10 43
10 39
