144
26 1
26 5
28 5
28 6
40 6
40 9
23 9
23 12
24 12
24 14
44 14
44 24
45 24
45 8
47 8
47 25
46 25
46 39
30 39
30 41
27 41
27 74
29 74
29 53
31 53
31 55
32 55
32 80
22 80
22 79
3 79
3 70
17 70
17 69
12 69
12 66
8 66
8 62
5 62
5 52
1 52
1 83
4 83
4 85
25 85
25 84
34 84
34 72
35 72
35 93
41 93
41 88
39 88
39 89
37 89
37 71
38 71
38 57
36 57
36 44
42 44
42 51
48 51
48 2
52 2
52 18
50 18
50 19
49 19
49 35
53 35
53 21
55 21
55 27
56 27
56 76
83 76
83 82
62 82
62 86
60 86
60 95
51 95
51 100
75 100
75 99
68 99
68 98
70 98
70 92
71 92
71 94
72 94
72 97
77 97
77 87
80 87
80 90
82 90
82 96
85 96
85 91
91 91
91 81
94 81
94 75
97 75
97 59
100 59
100 45
73 45
73 20
67 20
67 29
69 29
69 47
76 47
76 54
87 54
87 56
95 56
95 58
86 58
86 73
59 73
59 68
81 68
81 67
66 67
66 65
57 65
57 64
63 64
63 61
61 61
61 50
58 50
58 30
65 30
65 26
64 26
64 11
54 11
54 1
