1210
1039 848
1039 815
1018 815
1018 783
1024 783
1024 734
1017 734
1017 710
1025 710
1025 692
1020 692
1020 678
945 678
945 677
781 677
781 660
863 660
863 653
989 653
989 629
998 629
998 604
1013 604
1013 592
992 592
992 584
674 584
674 591
603 591
603 595
710 595
710 610
199 610
199 611
138 611
138 608
80 608
80 606
81 606
81 600
117 600
117 599
143 599
143 598
119 598
119 597
1 597
1 605
35 605
35 612
15 612
15 616
685 616
685 614
189 614
189 615
54 615
54 613
711 613
711 594
666 594
666 593
778 593
778 587
868 587
868 590
968 590
968 589
891 589
891 586
976 586
976 588
990 588
990 628
985 628
985 640
965 640
965 623
896 623
896 627
935 627
935 647
918 647
918 630
909 630
909 633
908 633
908 644
878 644
878 632
807 632
807 646
905 646
905 648
836 648
836 650
716 650
716 655
642 655
642 649
771 649
771 631
772 631
772 626
774 626
774 625
799 625
799 622
880 622
880 618
777 618
777 617
759 617
759 619
866 619
866 620
782 620
782 621
770 621
770 642
612 642
612 638
687 638
687 637
662 637
662 634
614 634
614 635
600 635
600 643
531 643
531 652
594 652
594 645
618 645
618 651
621 651
621 654
550 654
550 656
686 656
686 657
775 657
775 674
724 674
724 676
717 676
717 661
457 661
457 662
707 662
707 663
572 663
572 664
416 664
416 673
409 673
409 698
290 698
290 701
196 701
196 696
229 696
229 693
178 693
178 699
69 699
69 636
65 636
65 750
67 750
67 752
60 752
60 749
13 749
13 812
12 812
12 995
19 995
19 1007
20 1007
20 1026
4 1026
4 1028
2 1028
2 1034
6 1034
6 1096
3 1096
3 1151
7 1151
7 1115
9 1115
9 1227
5 1227
5 1248
8 1248
8 1250
11 1250
11 1161
17 1161
17 1136
18 1136
18 1129
10 1129
10 1033
21 1033
21 996
22 996
22 1015
23 1015
23 983
25 983
25 858
27 858
27 866
29 866
29 897
28 897
28 1045
41 1045
41 1066
48 1066
48 1046
52 1046
52 1047
57 1047
57 1213
62 1213
62 1238
278 1238
278 1233
294 1233
294 1231
483 1231
483 1234
498 1234
498 1236
413 1236
413 1243
410 1243
410 1242
306 1242
306 1244
429 1244
429 1239
506 1239
506 1241
598 1241
598 1215
638 1215
638 1212
597 1212
597 1207
726 1207
726 1219
633 1219
633 1235
648 1235
648 1249
655 1249
655 1246
706 1246
706 1247
718 1247
718 1237
733 1237
733 1199
741 1199
741 1197
695 1197
695 1206
602 1206
602 1204
694 1204
694 1179
715 1179
715 1174
704 1174
704 1172
714 1172
714 1163
750 1163
750 1121
746 1121
746 1080
760 1080
760 1083
764 1083
764 1060
765 1060
765 1183
767 1183
767 1245
768 1245
768 1073
773 1073
773 1058
744 1058
744 1146
748 1146
748 1152
721 1152
721 1038
725 1038
725 1052
727 1052
727 1037
745 1037
745 1035
763 1035
763 1050
783 1050
783 1044
786 1044
786 1032
789 1032
789 1168
791 1168
791 1132
793 1132
793 1173
857 1173
857 1162
850 1162
850 1124
861 1124
861 1176
867 1176
867 1148
862 1148
862 1116
859 1116
859 1071
822 1071
822 1069
854 1069
854 1065
818 1065
818 1059
798 1059
798 1067
803 1067
803 1072
858 1072
858 1119
849 1119
849 1108
828 1108
828 1155
811 1155
811 1114
792 1114
792 1100
790 1100
790 1018
757 1018
757 1023
749 1023
749 1014
515 1014
515 1016
646 1016
646 1017
722 1017
722 1020
702 1020
702 1126
703 1126
703 1054
720 1054
720 1145
682 1145
682 1175
677 1175
677 1153
665 1153
665 1138
657 1138
657 1076
558 1076
558 1075
549 1075
549 1074
443 1074
443 1053
439 1053
439 1051
441 1051
441 1048
430 1048
430 1077
427 1077
427 1068
424 1068
424 1057
402 1057
402 1041
406 1041
406 1027
343 1027
343 1021
336 1021
336 1022
326 1022
326 1036
272 1036
272 1040
261 1040
261 1056
266 1056
266 1110
260 1110
260 1063
252 1063
252 1042
255 1042
255 1025
258 1025
258 1029
264 1029
264 1004
254 1004
254 1003
438 1003
438 1006
604 1006
604 1009
804 1009
804 1010
801 1010
801 1012
925 1012
925 1011
978 1011
978 998
964 998
964 1002
926 1002
926 1008
644 1008
644 1005
473 1005
473 1000
323 1000
323 1001
310 1001
310 999
286 999
286 997
248 997
248 1154
246 1154
246 1070
245 1070
245 1169
247 1169
247 1165
249 1165
249 1140
285 1140
285 1157
287 1157
287 1166
288 1166
288 1144
303 1144
303 1164
321 1164
321 1135
319 1135
319 1156
315 1156
315 1131
316 1131
316 1112
313 1112
313 1125
312 1125
312 1105
282 1105
282 1062
279 1062
279 1055
330 1055
330 1043
345 1043
345 1030
379 1030
379 1049
371 1049
371 1061
386 1061
386 1064
420 1064
420 1081
509 1081
509 1082
580 1082
580 1079
631 1079
631 1087
622 1087
622 1101
641 1101
641 1090
649 1090
649 1107
645 1107
645 1118
611 1118
611 1093
608 1093
608 1086
472 1086
472 1092
476 1092
476 1095
530 1095
530 1094
537 1094
537 1097
504 1097
504 1099
584 1099
584 1102
559 1102
559 1103
573 1103
573 1111
560 1111
560 1117
606 1117
606 1123
617 1123
617 1122
632 1122
632 1167
585 1167
585 1189
591 1189
591 1177
636 1177
636 1170
673 1170
673 1181
675 1181
675 1178
684 1178
684 1202
599 1202
599 1196
595 1196
595 1203
479 1203
479 1208
485 1208
485 1205
592 1205
592 1232
590 1232
590 1240
523 1240
523 1230
125 1230
125 1229
269 1229
269 1228
293 1228
293 1223
460 1223
460 1225
463 1225
463 1221
431 1221
431 1222
277 1222
277 1210
193 1210
193 1209
185 1209
185 1200
259 1200
259 1193
327 1193
327 1184
257 1184
257 1180
253 1180
253 1190
240 1190
240 1013
234 1013
234 1039
230 1039
230 1120
237 1120
237 1084
231 1084
231 1078
239 1078
239 1195
223 1195
223 1194
197 1194
197 1188
200 1188
200 1182
198 1182
198 1185
184 1185
184 1171
227 1171
227 1160
187 1160
187 1150
208 1150
208 1137
195 1137
195 1091
147 1091
147 1085
93 1085
93 1088
87 1088
87 1089
77 1089
77 1098
70 1098
70 1104
164 1104
164 1130
174 1130
174 1106
177 1106
177 1109
194 1109
194 1147
181 1147
181 1149
131 1149
131 1127
107 1127
107 1128
83 1128
83 1133
99 1133
99 1139
90 1139
90 1142
94 1142
94 1143
91 1143
91 1159
102 1159
102 1141
115 1141
115 1134
126 1134
126 1158
182 1158
182 1191
183 1191
183 1211
275 1211
275 1216
251 1216
251 1217
206 1217
206 1226
192 1226
192 1220
167 1220
167 1224
137 1224
137 1218
166 1218
166 1214
68 1214
68 1201
175 1201
175 1187
169 1187
169 1198
160 1198
160 1186
123 1186
123 1192
58 1192
58 1113
61 1113
61 929
59 929
59 933
56 933
56 1019
45 1019
45 939
42 939
42 1024
43 1024
43 1031
31 1031
31 962
30 962
30 914
39 914
39 826
40 826
40 823
26 823
26 857
24 857
24 947
14 947
14 758
55 758
55 753
73 753
73 729
74 729
74 700
114 700
114 703
404 703
404 730
354 730
354 722
338 722
338 731
283 731
283 741
224 741
224 705
216 705
216 744
289 744
289 733
405 733
405 736
428 736
428 746
219 746
219 747
487 747
487 745
540 745
540 743
574 743
574 737
547 737
547 732
539 732
539 740
497 740
497 725
607 725
607 723
647 723
647 724
743 724
743 727
917 727
917 716
988 716
988 735
987 735
987 728
940 728
940 738
914 738
914 748
994 748
994 712
728 712
728 719
690 719
690 720
680 720
680 717
652 717
652 711
671 711
671 707
586 707
586 708
567 708
567 709
468 709
468 718
496 718
496 739
491 739
491 742
433 742
433 694
436 694
436 686
437 686
437 688
668 688
668 690
670 690
670 691
692 691
692 687
449 687
449 679
425 679
425 726
418 726
418 667
693 667
693 666
708 666
708 675
683 675
683 670
596 670
596 668
477 668
477 669
566 669
566 672
656 672
656 680
679 680
679 683
871 683
871 682
805 682
805 681
907 681
907 685
929 685
929 684
1016 684
1016 797
1014 797
1014 844
1011 844
1011 836
1005 836
1005 831
997 831
997 838
806 838
806 830
816 830
816 813
802 813
802 821
796 821
796 827
780 827
780 810
787 810
787 804
784 804
784 801
821 801
821 780
785 780
785 777
957 777
957 781
958 781
958 790
942 790
942 800
991 800
991 798
982 798
982 784
986 784
986 764
984 764
984 756
999 756
999 760
1004 760
1004 763
1009 763
1009 757
1008 757
1008 754
980 754
980 775
967 775
967 765
921 765
921 766
897 766
897 771
879 771
879 769
841 769
841 767
613 767
613 768
422 768
422 770
860 770
860 776
700 776
700 774
609 774
609 772
481 772
481 773
340 773
340 789
348 789
348 811
299 811
299 825
308 825
308 828
298 828
298 856
273 856
273 861
274 861
274 888
302 888
302 886
329 886
329 882
276 882
276 873
281 873
281 879
305 879
305 870
300 870
300 845
332 845
332 822
355 822
355 837
356 837
356 794
351 794
351 788
414 788
414 802
408 802
408 820
415 820
415 807
417 807
417 834
421 834
421 874
442 874
442 871
423 871
423 805
419 805
419 782
452 782
452 806
495 806
495 778
761 778
761 786
554 786
554 803
557 803
557 824
569 824
569 791
582 791
582 792
601 792
601 787
709 787
709 793
719 793
719 795
814 795
814 799
742 799
742 819
752 819
752 818
753 818
753 829
754 829
754 842
731 842
731 839
525 839
525 863
758 863
758 864
769 864
769 865
723 865
723 869
705 869
705 880
737 880
737 867
810 867
810 875
840 875
840 903
839 903
839 904
864 904
864 909
713 909
713 898
734 898
734 896
755 896
755 889
681 889
681 918
865 918
865 911
893 911
893 907
943 907
943 906
974 906
974 957
966 957
966 960
890 960
890 964
884 964
884 959
874 959
874 924
756 924
756 919
740 919
740 928
730 928
730 921
688 921
688 922
696 922
696 941
735 941
735 944
701 944
701 950
808 950
808 949
817 949
817 946
819 946
819 938
788 938
788 945
736 945
736 932
729 932
729 930
776 930
776 925
870 925
870 965
853 965
853 969
872 969
872 970
852 970
852 988
892 988
892 977
913 977
913 992
832 992
832 987
833 987
833 984
610 984
610 982
659 982
659 979
651 979
651 976
548 976
548 975
579 975
579 952
570 952
570 954
576 954
576 961
577 961
577 966
536 966
536 968
490 968
490 958
517 958
517 955
484 955
484 980
575 980
575 981
520 981
520 986
553 986
553 985
823 985
823 989
478 989
478 978
482 978
482 963
367 963
367 940
358 940
358 937
440 937
440 926
394 926
394 934
426 934
426 935
346 935
346 931
146 931
146 877
186 877
186 902
148 902
148 912
165 912
165 913
215 913
215 908
226 908
226 885
225 885
225 901
222 901
222 884
221 884
221 887
209 887
209 878
203 878
203 876
144 876
144 923
136 923
136 883
112 883
112 890
111 890
111 892
133 892
133 927
106 927
106 936
342 936
342 951
366 951
366 971
412 971
412 973
467 973
467 990
738 990
738 991
797 991
797 993
838 993
838 994
915 994
915 967
959 967
959 972
922 972
922 974
981 974
981 894
950 894
950 893
901 893
901 899
885 899
885 891
881 891
881 905
869 905
869 895
855 895
855 862
529 862
529 860
527 860
527 851
532 851
532 843
812 843
812 841
1000 841
1000 849
815 849
815 854
1012 854
1012 848
