788
190 879
190 870
158 870
158 758
161 758
161 750
160 750
160 740
134 740
134 807
125 807
125 745
117 745
117 539
122 539
122 521
131 521
131 457
153 457
153 451
137 451
137 440
162 440
162 431
104 431
104 342
4 342
4 470
3 470
3 397
2 397
2 384
1 384
1 546
5 546
5 661
10 661
10 669
9 669
9 709
8 709
8 811
14 811
14 748
11 748
11 723
13 723
13 732
17 732
17 632
15 632
15 579
6 579
6 413
12 413
12 417
16 417
16 379
7 379
7 359
67 359
67 362
97 362
97 369
70 369
70 407
61 407
61 402
60 402
60 395
46 395
46 418
28 418
28 393
18 393
18 420
76 420
76 429
103 429
103 439
31 439
31 441
19 441
19 443
130 443
130 463
98 463
98 473
120 473
120 499
90 499
90 522
79 522
79 494
53 494
53 622
55 622
55 621
57 621
57 513
63 513
63 516
58 516
58 620
74 620
74 713
85 713
85 715
56 715
56 728
51 728
51 925
44 925
44 1106
42 1106
42 836
45 836
45 726
38 726
38 909
37 909
37 904
35 904
35 717
33 717
33 842
34 842
34 1026
30 1026
30 1028
32 1028
32 1043
36 1043
36 1059
39 1059
39 1041
41 1041
41 1067
40 1067
40 1100
23 1100
23 1072
22 1072
22 1063
21 1063
21 1110
47 1110
47 1138
43 1138
43 1130
24 1130
24 1238
20 1238
20 1241
27 1241
27 1214
26 1214
26 1193
25 1193
25 1156
29 1156
29 1141
49 1141
49 1054
59 1054
59 1057
66 1057
66 1029
65 1029
65 1018
82 1018
82 1014
72 1014
72 1000
62 1000
62 1037
50 1037
50 963
48 963
48 927
64 927
64 919
52 919
52 733
80 733
80 744
54 744
54 752
69 752
69 777
73 777
73 785
83 785
83 787
84 787
84 1077
87 1077
87 809
88 809
88 779
78 779
78 768
89 768
89 725
68 725
68 716
86 716
86 702
77 702
77 697
75 697
75 610
71 610
71 594
81 594
81 531
93 531
93 508
110 508
110 749
112 749
112 561
115 561
115 681
113 681
113 817
123 817
123 827
126 827
126 846
124 846
124 858
100 858
100 1035
92 1035
92 962
91 962
91 1105
95 1105
95 1095
99 1095
99 1101
101 1101
101 1109
147 1109
147 1125
156 1125
156 1103
138 1103
138 1092
129 1092
129 1082
96 1082
96 1081
94 1081
94 1038
105 1038
105 983
102 983
102 877
107 877
107 888
114 888
114 893
106 893
106 1011
108 1011
108 1065
118 1065
118 928
109 928
109 922
111 922
111 900
128 900
128 867
132 867
132 892
135 892
135 743
157 743
157 847
154 847
154 860
155 860
155 873
171 873
171 920
201 920
201 917
214 917
214 921
344 921
344 930
333 930
333 929
310 929
310 924
288 924
288 934
276 934
276 938
274 938
274 939
303 939
303 933
304 933
304 966
235 966
235 970
294 970
294 971
242 971
242 972
305 972
305 979
213 979
213 961
207 961
207 984
259 984
259 1012
264 1012
264 981
283 981
283 987
291 987
291 1010
293 1010
293 992
308 992
308 937
311 937
311 932
307 932
307 931
376 931
376 1074
368 1074
368 1083
327 1083
327 1137
326 1137
326 1050
331 1050
331 1024
358 1024
358 1013
347 1013
347 1020
330 1020
330 1048
324 1048
324 1087
321 1087
321 1145
328 1145
328 1148
343 1148
343 1149
334 1149
334 1161
338 1161
338 1166
342 1166
342 1181
297 1181
297 1194
270 1194
270 1215
278 1215
278 1209
317 1209
317 1207
312 1207
312 1206
306 1206
306 1208
287 1208
287 1196
341 1196
341 1203
360 1203
360 1212
362 1212
362 1217
349 1217
349 1237
375 1237
375 1244
380 1244
380 1246
365 1246
365 1243
336 1243
336 1245
325 1245
325 1247
314 1247
314 1248
377 1248
377 1250
388 1250
388 1249
389 1249
389 1236
432 1236
432 1233
492 1233
492 1227
535 1227
535 1220
482 1220
482 1219
480 1219
480 1221
442 1221
442 1216
464 1216
464 1200
458 1200
458 1213
441 1213
441 1176
517 1176
517 1170
409 1170
409 1070
408 1070
408 1051
407 1051
407 1142
404 1142
404 1039
456 1039
456 1034
525 1034
525 1042
417 1042
417 1045
585 1045
585 1046
489 1046
489 1049
549 1049
549 1052
543 1052
543 1173
548 1173
548 1158
553 1158
553 1143
555 1143
555 1175
561 1175
561 1120
562 1120
562 1099
556 1099
556 1056
557 1056
557 1090
563 1090
563 1079
565 1079
565 1080
570 1080
570 1071
591 1071
591 1053
560 1053
560 1047
608 1047
608 1086
605 1086
605 1091
589 1091
589 1116
592 1116
592 1123
601 1123
601 1122
611 1122
611 1152
653 1152
653 1155
882 1155
882 1151
884 1151
884 1133
898 1133
898 1132
962 1132
962 1129
979 1129
979 1124
987 1124
987 1126
1090 1126
1090 1134
1019 1134
1019 1140
1069 1140
1069 1135
1099 1135
1099 1127
1105 1127
1105 1112
1112 1112
1112 1073
1111 1073
1111 978
1122 978
1122 958
1050 958
1050 999
1038 999
1038 1005
1033 1005
1033 991
1030 991
1030 976
1040 976
1040 964
1046 964
1046 941
781 941
781 945
780 945
780 940
769 940
769 947
703 947
703 951
709 951
709 950
739 950
739 953
602 953
602 907
600 907
600 954
599 954
599 861
614 861
614 862
619 862
619 882
681 882
681 848
628 848
628 851
677 851
677 871
654 871
654 878
622 878
622 855
590 855
590 868
588 868
588 875
598 875
598 895
597 895
597 957
858 957
858 956
834 956
834 948
783 948
783 942
907 942
907 982
920 982
920 985
950 985
950 968
946 968
946 960
918 960
918 952
939 952
939 944
956 944
956 943
1028 943
1028 946
1031 946
1031 973
963 973
963 994
970 994
970 986
967 986
967 974
1003 974
1003 1003
1007 1003
1007 989
1014 989
1014 1006
821 1006
821 1002
862 1002
862 998
626 998
626 1008
507 1008
507 936
513 936
513 880
487 880
487 853
488 853
488 850
462 850
462 774
455 774
455 707
449 707
449 720
454 720
454 746
444 746
444 734
439 734
439 714
429 714
429 712
425 712
425 684
594 684
594 698
596 698
596 703
587 703
587 705
580 705
580 710
595 710
595 706
690 706
690 701
686 701
686 696
693 696
693 708
719 708
719 694
702 694
702 689
712 689
712 680
669 680
669 693
663 693
663 704
661 704
661 699
604 699
604 683
411 683
411 695
418 695
418 731
436 731
436 776
457 776
457 786
448 786
448 781
443 781
443 790
435 790
435 792
450 792
450 887
473 887
473 874
460 874
460 856
485 856
485 881
501 881
501 884
483 884
483 891
504 891
504 899
510 899
510 901
503 901
503 908
484 908
484 969
493 969
493 926
495 926
495 980
497 980
497 988
500 988
500 1009
656 1009
656 1001
678 1001
678 1007
1051 1007
1051 977
1058 977
1058 965
1110 965
1110 1025
1108 1025
1108 1084
1104 1084
1104 1113
1091 1113
1091 1121
859 1121
859 1147
812 1147
812 1154
761 1154
761 1153
716 1153
716 1150
616 1150
616 1128
613 1128
613 1108
610 1108
610 1044
538 1044
538 1032
403 1032
403 1094
401 1094
401 1171
406 1171
406 1189
421 1189
421 1174
438 1174
438 1197
437 1197
437 1210
430 1210
430 1235
350 1235
350 1230
379 1230
379 1211
366 1211
366 1201
395 1201
395 1199
345 1199
345 1195
309 1195
309 1190
315 1190
315 1185
369 1185
369 1180
372 1180
372 1165
361 1165
361 1162
352 1162
352 1144
348 1144
348 1093
370 1093
370 1075
378 1075
378 923
357 923
357 918
353 918
353 916
221 916
221 914
177 914
177 883
243 883
243 879
