1522
694 205
694 208
688 208
688 206
532 206
532 172
539 172
539 159
400 159
400 163
452 163
452 181
446 181
446 192
475 192
475 203
474 203
474 235
434 235
434 242
440 242
440 244
502 244
502 255
410 255
410 266
381 266
381 272
364 272
364 273
373 273
373 280
285 280
285 285
266 285
266 284
260 284
260 268
252 268
252 317
261 317
261 291
267 291
267 449
257 449
257 464
249 464
249 471
246 471
246 479
241 479
241 511
244 511
244 507
247 507
247 586
239 586
239 599
231 599
231 631
229 631
229 819
227 819
227 794
225 794
225 808
224 808
224 828
216 828
216 783
215 783
215 742
220 742
220 729
218 729
218 724
209 724
209 719
223 719
223 583
228 583
228 554
226 554
226 565
219 565
219 700
208 700
208 679
206 679
206 646
199 646
199 623
198 623
198 685
204 685
204 711
200 711
200 718
202 718
202 747
205 747
205 730
210 730
210 805
211 805
211 832
217 832
217 833
197 833
197 802
196 802
196 803
192 803
192 800
189 800
189 759
193 759
193 755
191 755
191 735
188 735
188 829
195 829
195 837
172 837
172 840
164 840
164 845
187 845
187 863
180 863
180 852
168 852
168 864
203 864
203 849
194 849
194 838
222 838
222 839
230 839
230 854
240 854
240 879
190 879
190 870
158 870
158 758
161 758
161 750
160 750
160 740
134 740
134 807
125 807
125 745
117 745
117 539
122 539
122 521
131 521
131 457
153 457
153 451
137 451
137 440
162 440
162 431
104 431
104 342
4 342
4 470
3 470
3 397
2 397
2 384
1 384
1 546
5 546
5 661
10 661
10 669
9 669
9 709
8 709
8 811
14 811
14 748
11 748
11 723
13 723
13 732
17 732
17 632
15 632
15 579
6 579
6 413
12 413
12 417
16 417
16 379
7 379
7 359
67 359
67 362
97 362
97 369
70 369
70 407
61 407
61 402
60 402
60 395
46 395
46 418
28 418
28 393
18 393
18 420
76 420
76 429
103 429
103 439
31 439
31 441
19 441
19 443
130 443
130 463
98 463
98 473
120 473
120 499
90 499
90 522
79 522
79 494
53 494
53 622
55 622
55 621
57 621
57 513
63 513
63 516
58 516
58 620
74 620
74 713
85 713
85 715
56 715
56 728
51 728
51 925
44 925
44 1106
42 1106
42 836
45 836
45 726
38 726
38 909
37 909
37 904
35 904
35 717
33 717
33 842
34 842
34 1026
30 1026
30 1028
32 1028
32 1043
36 1043
36 1059
39 1059
39 1041
41 1041
41 1067
40 1067
40 1100
23 1100
23 1072
22 1072
22 1063
21 1063
21 1110
47 1110
47 1138
43 1138
43 1130
24 1130
24 1238
20 1238
20 1241
27 1241
27 1214
26 1214
26 1193
25 1193
25 1156
29 1156
29 1141
49 1141
49 1054
59 1054
59 1057
66 1057
66 1029
65 1029
65 1018
82 1018
82 1014
72 1014
72 1000
62 1000
62 1037
50 1037
50 963
48 963
48 927
64 927
64 919
52 919
52 733
80 733
80 744
54 744
54 752
69 752
69 777
73 777
73 785
83 785
83 787
84 787
84 1077
87 1077
87 809
88 809
88 779
78 779
78 768
89 768
89 725
68 725
68 716
86 716
86 702
77 702
77 697
75 697
75 610
71 610
71 594
81 594
81 531
93 531
93 508
110 508
110 749
112 749
112 561
115 561
115 681
113 681
113 817
123 817
123 827
126 827
126 846
124 846
124 858
100 858
100 1035
92 1035
92 962
91 962
91 1105
95 1105
95 1095
99 1095
99 1101
101 1101
101 1109
147 1109
147 1125
156 1125
156 1103
138 1103
138 1092
129 1092
129 1082
96 1082
96 1081
94 1081
94 1038
105 1038
105 983
102 983
102 877
107 877
107 888
114 888
114 893
106 893
106 1011
108 1011
108 1065
118 1065
118 928
109 928
109 922
111 922
111 900
128 900
128 867
132 867
132 892
135 892
135 743
157 743
157 847
154 847
154 860
155 860
155 873
171 873
171 920
201 920
201 917
214 917
214 921
344 921
344 930
333 930
333 929
310 929
310 924
288 924
288 934
276 934
276 938
274 938
274 939
303 939
303 933
304 933
304 966
235 966
235 970
294 970
294 971
242 971
242 972
305 972
305 979
213 979
213 961
207 961
207 984
259 984
259 1012
264 1012
264 981
283 981
283 987
291 987
291 1010
293 1010
293 992
308 992
308 937
311 937
311 932
307 932
307 931
376 931
376 1074
368 1074
368 1083
327 1083
327 1137
326 1137
326 1050
331 1050
331 1024
358 1024
358 1013
347 1013
347 1020
330 1020
330 1048
324 1048
324 1087
321 1087
321 1145
328 1145
328 1148
343 1148
343 1149
334 1149
334 1161
338 1161
338 1166
342 1166
342 1181
297 1181
297 1194
270 1194
270 1215
278 1215
278 1209
317 1209
317 1207
312 1207
312 1206
306 1206
306 1208
287 1208
287 1196
341 1196
341 1203
360 1203
360 1212
362 1212
362 1217
349 1217
349 1237
375 1237
375 1244
380 1244
380 1246
365 1246
365 1243
336 1243
336 1245
325 1245
325 1247
314 1247
314 1248
377 1248
377 1250
388 1250
388 1249
389 1249
389 1236
432 1236
432 1233
492 1233
492 1227
535 1227
535 1220
482 1220
482 1219
480 1219
480 1221
442 1221
442 1216
464 1216
464 1200
458 1200
458 1213
441 1213
441 1176
517 1176
517 1169
536 1169
536 1177
537 1177
537 1168
520 1168
520 1164
499 1164
499 1170
409 1170
409 1070
408 1070
408 1051
407 1051
407 1142
404 1142
404 1039
456 1039
456 1034
525 1034
525 1042
417 1042
417 1045
585 1045
585 1046
489 1046
489 1049
549 1049
549 1052
543 1052
543 1173
548 1173
548 1158
553 1158
553 1143
555 1143
555 1175
561 1175
561 1120
562 1120
562 1099
556 1099
556 1056
557 1056
557 1090
563 1090
563 1079
565 1079
565 1080
570 1080
570 1071
591 1071
591 1053
560 1053
560 1047
608 1047
608 1086
605 1086
605 1091
589 1091
589 1116
592 1116
592 1123
601 1123
601 1122
611 1122
611 1152
653 1152
653 1155
882 1155
882 1151
884 1151
884 1133
898 1133
898 1132
962 1132
962 1129
979 1129
979 1124
987 1124
987 1126
1090 1126
1090 1134
1019 1134
1019 1140
1069 1140
1069 1135
1099 1135
1099 1127
1105 1127
1105 1112
1112 1112
1112 1073
1111 1073
1111 978
1122 978
1122 955
1131 955
1131 935
1133 935
1133 913
1134 913
1134 885
1127 885
1127 843
1129 843
1129 834
1136 834
1136 826
1155 826
1155 830
1191 830
1191 844
1189 844
1189 1060
1181 1060
1181 975
1185 975
1185 959
1184 959
1184 841
1173 841
1173 859
1180 859
1180 967
1177 967
1177 993
1179 993
1179 1104
1215 1104
1215 1085
1202 1085
1202 1076
1200 1076
1200 1102
1183 1102
1183 1066
1229 1066
1229 1089
1216 1089
1216 1159
1222 1159
1222 1136
1223 1136
1223 1163
1212 1163
1212 1178
1176 1178
1176 1179
1170 1179
1170 1183
1156 1183
1156 1160
1164 1160
1164 1058
1165 1058
1165 1069
1168 1069
1168 1004
1167 1004
1167 990
1162 990
1162 995
1161 995
1161 1015
1160 1015
1160 1033
1159 1033
1159 1157
1149 1157
1149 1186
1151 1186
1151 1192
1153 1192
1153 1198
1169 1198
1169 1232
1144 1232
1144 1167
1141 1167
1141 1016
1140 1016
1140 1242
1220 1242
1220 1240
1213 1240
1213 1229
1225 1229
1225 1224
1211 1224
1211 1202
1208 1202
1208 1222
1205 1222
1205 1239
1171 1239
1171 1234
1201 1234
1201 1218
1187 1218
1187 1223
1172 1223
1172 1191
1154 1191
1154 1187
1157 1187
1157 1184
1166 1184
1166 1188
1218 1188
1218 1172
1230 1172
1230 1064
1195 1064
1195 1061
1196 1061
1196 1031
1193 1031
1193 812
926 812
926 810
798 810
798 760
880 760
880 770
879 770
879 769
877 769
877 798
990 798
990 806
1036 806
1036 804
1043 804
1043 801
1094 801
1094 799
1113 799
1113 789
1115 789
1115 775
1070 775
1070 780
1032 780
1032 782
1106 782
1106 795
1076 795
1076 797
886 797
886 778
890 778
890 772
905 772
905 771
981 771
981 767
1123 767
1123 762
940 762
940 761
895 761
895 763
959 763
959 764
1109 764
1109 765
889 765
889 756
1009 756
1009 738
1064 738
1064 737
958 737
958 754
869 754
869 739
857 739
857 722
849 722
849 736
848 736
848 721
847 721
847 649
855 649
855 663
863 663
863 645
861 645
861 643
866 643
866 624
896 624
896 617
897 617
897 614
892 614
892 612
996 612
996 609
985 609
985 605
988 605
988 608
1017 608
1017 601
971 601
971 606
965 606
965 596
964 596
964 602
938 602
938 607
883 607
883 616
864 616
864 593
871 593
871 592
1079 592
1079 628
1052 628
1052 618
1049 618
1049 630
1045 630
1045 660
1057 660
1057 656
1047 656
1047 633
1054 633
1054 648
1077 648
1077 636
1082 636
1082 613
1086 613
1086 584
1085 584
1085 587
1023 587
1023 591
860 591
860 627
823 627
823 635
805 635
805 637
851 637
851 639
816 639
816 641
819 641
819 644
801 644
801 652
815 652
815 647
832 647
832 687
838 687
838 727
839 727
839 640
844 640
844 753
824 753
824 741
810 741
810 757
779 757
779 766
797 766
797 818
995 818
995 820
916 820
916 821
908 821
908 831
953 831
953 822
1075 822
1075 816
945 816
945 815
827 815
827 813
1103 813
1103 814
1192 814
1192 824
1132 824
1132 823
1120 823
1120 825
1126 825
1126 902
1124 902
1124 949
1121 949
1121 958
1050 958
1050 999
1038 999
1038 1005
1033 1005
1033 991
1030 991
1030 976
1040 976
1040 964
1046 964
1046 941
781 941
781 945
780 945
780 940
769 940
769 947
703 947
703 951
709 951
709 950
739 950
739 953
602 953
602 907
600 907
600 954
599 954
599 861
614 861
614 862
619 862
619 882
681 882
681 848
628 848
628 851
677 851
677 871
654 871
654 878
622 878
622 855
590 855
590 868
588 868
588 875
598 875
598 895
597 895
597 957
858 957
858 956
834 956
834 948
783 948
783 942
907 942
907 982
920 982
920 985
950 985
950 968
946 968
946 960
918 960
918 952
939 952
939 944
956 944
956 943
1028 943
1028 946
1031 946
1031 973
963 973
963 994
970 994
970 986
967 986
967 974
1003 974
1003 1003
1007 1003
1007 989
1014 989
1014 1006
821 1006
821 1002
862 1002
862 998
803 998
803 996
545 996
545 997
626 997
626 1008
507 1008
507 936
513 936
513 865
511 865
511 872
512 872
512 880
487 880
487 853
488 853
488 850
462 850
462 774
455 774
455 707
449 707
449 720
454 720
454 746
444 746
444 734
439 734
439 714
429 714
429 712
425 712
425 684
594 684
594 698
596 698
596 703
587 703
587 705
580 705
580 710
595 710
595 706
690 706
690 701
686 701
686 696
693 696
693 708
719 708
719 694
702 694
702 689
712 689
712 678
711 678
711 680
671 680
671 657
687 657
687 667
696 667
696 654
675 654
675 642
689 642
689 638
660 638
660 629
639 629
639 634
643 634
643 651
659 651
659 653
669 653
669 693
663 693
663 704
661 704
661 664
630 664
630 658
575 658
575 626
566 626
566 655
572 655
572 659
586 659
586 666
593 666
593 662
627 662
627 665
658 665
658 691
642 691
642 690
644 690
644 688
632 688
632 686
624 686
624 699
604 699
604 676
584 676
584 683
559 683
559 672
540 672
540 682
524 682
524 674
453 674
453 668
445 668
445 673
431 673
431 675
420 675
420 670
412 670
412 671
411 671
411 695
418 695
418 751
419 751
419 773
415 773
415 791
424 791
424 731
436 731
436 776
457 776
457 786
448 786
448 781
443 781
443 790
435 790
435 792
450 792
450 887
473 887
473 874
460 874
460 856
485 856
485 881
501 881
501 884
483 884
483 891
504 891
504 899
510 899
510 901
503 901
503 908
484 908
484 969
493 969
493 926
495 926
495 980
497 980
497 988
500 988
500 1009
656 1009
656 1001
678 1001
678 1007
1051 1007
1051 977
1053 977
1053 1040
1058 1040
1058 965
1110 965
1110 1025
1108 1025
1108 1084
1104 1084
1104 1113
1091 1113
1091 1121
934 1121
934 1119
1022 1119
1022 1117
1015 1117
1015 1107
994 1107
994 1111
814 1111
814 1096
837 1096
837 1088
841 1088
841 1078
795 1078
795 1098
813 1098
813 1114
947 1114
947 1115
859 1115
859 1147
812 1147
812 1154
761 1154
761 1153
716 1153
716 1146
728 1146
728 1055
724 1055
724 1062
701 1062
701 1068
713 1068
713 1097
707 1097
707 1139
700 1139
700 1150
616 1150
616 1128
613 1128
613 1108
610 1108
610 1044
538 1044
538 1032
552 1032
552 1036
571 1036
571 1027
541 1027
541 1021
846 1021
846 1022
865 1022
865 1023
997 1023
997 1019
617 1019
617 1017
522 1017
522 1030
403 1030
403 1094
401 1094
401 1182
405 1182
405 1171
406 1171
406 1189
421 1189
421 1174
438 1174
438 1197
437 1197
437 1210
430 1210
430 1235
350 1235
350 1230
379 1230
379 1211
366 1211
366 1201
384 1201
384 1231
385 1231
385 1205
387 1205
387 1228
396 1228
396 1226
397 1226
397 1225
390 1225
390 1204
395 1204
395 1199
345 1199
345 1195
309 1195
309 1190
315 1190
315 1185
369 1185
369 1180
372 1180
372 1131
367 1131
367 1165
361 1165
361 1118
359 1118
359 1162
352 1162
352 1144
348 1144
348 1093
370 1093
370 1075
378 1075
378 923
357 923
357 918
353 918
353 894
371 894
371 890
355 890
355 886
337 886
337 889
322 889
322 898
346 898
346 912
320 912
320 835
319 835
319 915
269 915
269 911
316 911
316 910
284 910
284 905
254 905
254 903
301 903
301 857
263 857
263 869
271 869
271 866
296 866
296 897
265 897
265 876
255 876
255 896
251 896
251 916
221 916
221 906
212 906
212 914
177 914
177 883
243 883
243 796
232 796
232 784
233 784
233 611
234 611
234 625
237 625
237 619
245 619
245 603
248 603
248 600
262 600
262 585
258 585
258 523
256 523
256 580
253 580
253 595
250 595
250 468
268 468
268 292
282 292
282 294
313 294
313 282
354 282
354 287
323 287
323 288
329 288
329 290
363 290
363 283
413 283
413 279
391 279
391 274
427 274
427 271
461 271
461 281
433 281
433 286
468 286
468 289
471 289
471 270
505 270
505 265
472 265
472 262
469 262
469 258
515 258
515 256
521 256
521 243
477 243
477 188
463 188
463 169
467 169
467 170
470 170
470 161
531 161
531 197
529 197
529 198
526 198
526 210
754 210
754 207
975 207
975 209
1029 209
1029 211
679 211
679 213
629 213
629 222
692 222
692 221
746 221
746 214
1107 214
1107 212
1056 212
1056 205
