112
131 508
131 457
153 457
153 451
137 451
137 440
162 440
162 431
104 431
104 342
4 342
4 470
3 470
3 397
2 397
2 384
1 384
1 546
5 546
5 661
10 661
10 669
9 669
9 709
8 709
8 811
14 811
14 748
11 748
11 723
13 723
13 732
17 732
17 632
15 632
15 579
6 579
6 413
12 413
12 417
16 417
16 379
7 379
7 359
67 359
67 362
97 362
97 369
70 369
70 407
61 407
61 402
60 402
60 395
46 395
46 418
28 418
28 393
18 393
18 420
76 420
76 429
103 429
103 439
31 439
31 441
19 441
19 443
130 443
130 463
98 463
98 473
120 473
120 499
90 499
90 522
79 522
79 494
53 494
53 622
55 622
55 621
57 621
57 513
63 513
63 516
58 516
58 620
74 620
74 713
85 713
85 715
56 715
56 728
51 728
51 733
89 733
89 725
68 725
68 716
86 716
86 702
77 702
77 697
75 697
75 610
71 610
71 594
81 594
81 531
93 531
93 508
