164
52 128
52 127
22 127
22 123
15 123
15 103
18 103
18 89
17 89
17 62
1 62
1 146
2 146
2 223
3 223
3 95
4 95
4 204
9 204
9 235
14 235
14 247
39 247
39 243
53 243
53 241
55 241
55 238
57 238
57 231
45 231
45 220
34 220
34 225
32 225
32 236
31 236
31 216
61 216
61 242
66 242
66 240
69 240
69 246
82 246
82 239
68 239
68 227
84 227
84 222
95 222
95 249
75 249
75 248
63 248
63 250
106 250
106 237
99 237
99 234
155 234
155 232
195 232
195 230
112 230
112 228
134 228
134 212
140 212
140 229
159 229
159 226
200 226
200 219
170 219
170 218
177 218
177 215
160 215
160 211
219 211
219 207
249 207
249 200
231 200
231 206
185 206
185 205
201 205
201 203
199 203
199 201
127 201
127 196
124 196
124 202
126 202
126 208
131 208
131 224
113 224
113 214
101 214
101 213
94 213
94 217
73 217
73 210
80 210
80 199
78 199
78 197
98 197
98 194
117 194
117 189
115 189
115 191
30 191
30 190
28 190
28 192
103 192
103 193
38 193
38 195
72 195
72 209
26 209
26 221
25 221
25 245
24 245
24 188
40 188
40 187
65 187
65 186
48 186
48 184
23 184
23 244
16 244
16 233
13 233
13 198
7 198
7 185
5 185
5 67
6 67
6 79
8 79
8 134
10 134
10 82
12 82
12 117
11 117
11 124
19 124
19 132
27 132
27 128
