358
54 255
54 254
1 254
1 282
2 282
2 412
5 412
5 382
3 382
3 265
4 265
4 263
144 263
144 273
142 273
142 337
118 337
118 338
78 338
78 328
88 328
88 318
98 318
98 291
103 291
103 308
112 308
112 301
106 301
106 284
91 284
91 302
63 302
63 307
96 307
96 316
70 316
70 323
66 323
66 322
65 322
65 324
57 324
57 342
44 342
44 336
48 336
48 313
51 313
51 317
52 317
52 287
26 287
26 315
25 315
25 274
21 274
21 276
19 276
19 280
18 280
18 285
11 285
11 325
10 325
10 281
9 281
9 288
7 288
7 331
6 331
6 405
8 405
8 416
12 416
12 425
13 425
13 294
16 294
16 431
15 431
15 453
45 453
45 445
99 445
99 449
64 449
64 451
110 451
110 447
150 447
150 446
158 446
158 457
156 457
156 463
231 463
231 465
229 465
229 475
216 475
216 466
165 466
165 488
183 488
183 482
184 482
184 469
207 469
207 476
225 476
225 483
228 483
228 495
260 495
260 487
269 487
269 486
290 486
290 480
336 480
336 485
338 485
338 477
368 477
368 496
382 496
382 497
411 497
411 500
413 500
413 499
500 499
500 498
414 498
414 493
400 493
400 490
468 490
468 492
499 492
499 491
482 491
482 489
387 489
387 481
385 481
385 479
379 479
379 478
449 478
449 472
399 472
399 470
462 470
462 468
331 468
331 474
287 474
287 458
280 458
280 423
282 423
282 420
279 420
279 422
277 422
277 454
276 454
276 464
274 464
274 413
289 413
289 434
292 434
292 433
294 433
294 424
291 424
291 414
299 414
299 400
307 400
307 395
306 395
306 399
298 399
298 409
281 409
281 404
293 404
293 389
285 389
285 345
283 345
283 348
259 348
259 358
238 358
238 357
224 357
224 360
215 360
215 350
212 350
212 368
176 368
176 376
190 376
190 385
198 385
198 369
213 369
213 375
214 375
214 380
247 380
247 374
227 374
227 371
243 371
243 364
266 364
266 361
284 361
284 392
271 392
271 393
270 393
270 426
268 426
268 429
273 429
273 450
272 450
272 484
264 484
264 471
257 471
257 467
255 467
255 439
253 439
253 441
248 441
248 427
222 427
222 428
218 428
218 435
245 435
245 436
239 436
239 448
254 448
254 473
250 473
250 494
232 494
232 462
161 462
161 461
230 461
230 459
219 459
219 456
174 456
174 455
170 455
170 460
159 460
159 437
151 437
151 438
140 438
140 443
136 443
136 440
89 440
89 444
53 444
53 442
41 442
41 452
20 452
20 343
17 343
17 286
24 286
24 391
22 391
22 415
23 415
23 402
28 402
28 384
27 384
27 303
29 303
29 319
30 319
30 327
31 327
31 432
34 432
34 430
33 430
33 356
32 356
32 305
35 305
35 297
39 297
39 304
46 304
46 326
47 326
47 333
40 333
40 388
36 388
36 408
37 408
37 411
59 411
59 421
62 421
62 407
38 407
38 401
49 401
49 406
55 406
55 379
50 379
50 378
42 378
42 372
43 372
43 351
69 351
69 341
143 341
143 296
145 296
145 293
152 293
152 289
155 289
155 271
147 271
147 261
111 261
111 260
14 260
14 257
132 257
132 255
