824
425 3
425 27
426 27
426 10
430 10
430 30
431 30
431 95
422 95
422 94
398 94
398 72
390 72
390 64
389 64
389 9
309 9
309 34
310 34
310 20
327 20
327 25
312 25
312 35
313 35
313 44
288 44
288 46
295 46
295 134
262 134
262 135
249 135
249 137
237 137
237 131
240 131
240 87
246 87
246 60
194 60
194 130
191 130
191 153
162 153
162 152
137 152
137 143
116 143
116 38
131 38
131 13
86 13
86 79
85 79
85 18
83 18
83 103
82 103
82 5
76 5
76 21
60 21
60 22
61 22
61 43
77 43
77 49
79 49
79 29
80 29
80 52
81 52
81 172
84 172
84 154
87 154
87 53
90 53
90 37
92 37
92 59
93 59
93 32
94 32
94 33
95 33
95 39
97 39
97 14
108 14
108 86
107 86
107 104
104 104
104 150
109 150
109 57
113 57
113 19
119 19
119 26
114 26
114 55
115 55
115 147
124 147
124 163
129 163
129 178
122 178
122 230
121 230
121 203
120 203
120 207
101 207
101 206
74 206
74 212
117 212
117 241
123 241
123 210
127 210
127 251
56 251
56 255
54 255
54 254
1 254
1 282
2 282
2 412
5 412
5 382
3 382
3 265
4 265
4 263
144 263
144 273
142 273
142 337
118 337
118 338
78 338
78 328
88 328
88 318
98 318
98 291
103 291
103 308
112 308
112 301
106 301
106 284
91 284
91 302
63 302
63 307
96 307
96 316
70 316
70 323
66 323
66 322
65 322
65 324
57 324
57 342
44 342
44 336
48 336
48 313
51 313
51 317
52 317
52 287
26 287
26 315
25 315
25 274
21 274
21 276
19 276
19 280
18 280
18 285
11 285
11 325
10 325
10 281
9 281
9 288
7 288
7 331
6 331
6 405
8 405
8 416
12 416
12 425
13 425
13 294
16 294
16 431
15 431
15 453
45 453
45 445
99 445
99 449
64 449
64 451
110 451
110 447
150 447
150 446
158 446
158 457
156 457
156 463
231 463
231 465
229 465
229 475
216 475
216 466
165 466
165 488
183 488
183 482
184 482
184 469
207 469
207 476
225 476
225 483
228 483
228 495
260 495
260 487
269 487
269 486
290 486
290 480
336 480
336 485
338 485
338 477
368 477
368 496
382 496
382 497
411 497
411 500
413 500
413 499
500 499
500 498
414 498
414 493
400 493
400 490
468 490
468 492
499 492
499 491
482 491
482 489
387 489
387 481
385 481
385 479
379 479
379 478
449 478
449 472
399 472
399 470
462 470
462 468
331 468
331 474
287 474
287 458
280 458
280 423
282 423
282 420
279 420
279 422
277 422
277 454
276 454
276 464
274 464
274 413
289 413
289 434
292 434
292 433
294 433
294 424
291 424
291 414
299 414
299 400
307 400
307 395
306 395
306 399
298 399
298 409
281 409
281 404
293 404
293 389
285 389
285 345
283 345
283 348
259 348
259 358
238 358
238 357
224 357
224 360
215 360
215 350
212 350
212 368
176 368
176 376
190 376
190 385
198 385
198 369
213 369
213 375
214 375
214 380
247 380
247 374
227 374
227 371
243 371
243 364
266 364
266 361
284 361
284 392
271 392
271 393
270 393
270 426
268 426
268 429
273 429
273 450
272 450
272 484
264 484
264 471
257 471
257 467
255 467
255 439
253 439
253 441
248 441
248 427
222 427
222 428
218 428
218 435
245 435
245 436
239 436
239 448
254 448
254 473
250 473
250 494
232 494
232 462
161 462
161 461
230 461
230 459
219 459
219 456
174 456
174 455
170 455
170 460
159 460
159 437
151 437
151 438
140 438
140 443
136 443
136 440
89 440
89 444
53 444
53 442
41 442
41 452
20 452
20 343
17 343
17 286
24 286
24 391
22 391
22 415
23 415
23 402
28 402
28 384
27 384
27 303
29 303
29 319
30 319
30 327
31 327
31 432
34 432
34 430
33 430
33 356
32 356
32 305
35 305
35 297
39 297
39 304
46 304
46 326
47 326
47 333
40 333
40 388
36 388
36 408
37 408
37 411
59 411
59 421
62 421
62 407
38 407
38 401
49 401
49 406
55 406
55 379
50 379
50 378
42 378
42 372
43 372
43 351
69 351
69 341
143 341
143 296
145 296
145 293
152 293
152 289
153 289
153 306
148 306
148 320
154 320
154 314
149 314
149 311
155 311
155 271
147 271
147 261
111 261
111 259
102 259
102 260
14 260
14 257
105 257
105 258
132 258
132 146
133 146
133 157
138 157
138 159
146 159
146 155
163 155
163 158
192 158
192 176
193 176
193 204
187 204
187 191
177 191
177 189
173 189
173 208
175 208
175 193
182 193
182 198
186 198
186 218
167 218
167 215
169 215
169 217
171 217
171 170
160 170
160 173
166 173
166 171
168 171
168 182
164 182
164 229
172 229
172 223
178 223
178 231
179 231
179 219
185 219
185 232
181 232
181 246
180 246
180 248
188 248
188 209
189 209
189 216
200 216
200 126
206 126
206 136
204 136
204 196
205 196
205 235
202 235
202 245
208 245
208 185
211 185
211 133
210 133
210 127
209 127
209 109
199 109
199 128
195 128
195 63
221 63
221 66
201 66
201 70
203 70
203 67
236 67
236 61
244 61
244 81
223 81
223 89
233 89
233 114
235 114
235 116
234 116
234 122
220 122
220 140
217 140
217 142
242 142
242 149
286 149
286 139
296 139
296 125
302 125
302 124
304 124
304 105
308 105
308 82
305 82
305 76
300 76
300 69
301 69
301 65
297 65
297 50
303 50
303 48
319 48
319 28
330 28
330 41
337 41
337 11
386 11
386 31
384 31
384 23
376 23
376 40
359 40
359 100
363 100
363 92
361 92
361 74
362 74
362 51
377 51
377 62
381 62
381 80
383 80
383 75
393 75
393 97
401 97
401 102
432 102
432 45
434 45
434 15
439 15
439 78
443 78
443 4
455 4
455 16
456 16
456 144
451 144
451 156
450 156
450 190
429 190
429 390
421 390
421 386
409 386
409 381
408 381
408 367
410 367
410 227
415 227
415 283
418 283
418 292
423 292
423 264
424 264
424 344
427 344
427 332
428 332
428 225
419 225
419 214
396 214
396 174
395 174
395 168
391 168
391 194
392 194
392 256
403 256
403 277
402 277
402 365
404 365
404 290
407 290
407 373
388 373
388 366
370 366
370 363
375 363
375 244
378 244
378 211
374 211
374 268
372 268
372 309
371 309
371 266
366 266
366 269
365 269
365 275
367 275
367 321
369 321
369 347
364 347
364 346
360 346
360 329
355 329
355 222
342 222
342 220
328 220
328 221
333 221
333 233
335 233
335 239
340 239
340 236
343 236
343 242
348 242
348 226
354 226
354 243
345 243
345 247
346 247
346 279
347 279
347 312
349 312
349 253
353 253
353 339
334 339
334 394
332 394
332 335
329 335
329 417
326 417
326 349
324 349
324 370
325 370
325 398
323 398
323 295
322 295
322 396
321 396
321 403
317 403
317 267
314 267
314 270
316 270
316 410
318 410
318 419
320 419
320 418
339 418
339 359
341 359
341 340
350 340
350 352
352 352
352 353
356 353
356 354
373 354
373 362
358 362
358 377
380 377
380 383
394 383
394 397
446 397
446 387
433 387
433 228
447 228
447 205
445 205
445 192
459 192
459 188
497 188
497 187
488 187
488 180
457 180
457 120
461 120
461 85
458 85
458 3
