168
1 18
1 34
2 34
2 51
7 51
7 48
5 48
5 47
11 47
11 46
6 46
6 43
27 43
27 42
165 42
165 37
245 37
245 33
355 33
355 45
557 45
557 44
647 44
647 30
538 30
538 17
542 17
542 24
541 24
541 28
688 28
688 29
890 29
890 49
854 49
854 55
815 55
815 52
777 52
777 53
720 53
720 54
698 54
698 56
703 56
703 57
868 57
868 61
829 61
829 60
803 60
803 63
751 63
751 88
737 88
737 91
793 91
793 108
801 108
801 112
185 112
185 110
80 110
80 121
108 121
108 125
86 125
86 128
75 128
75 126
73 126
73 78
110 78
110 94
134 94
134 97
140 97
140 71
179 71
179 100
137 100
137 101
180 101
180 98
197 98
197 66
260 66
260 92
401 92
401 103
211 103
211 109
318 109
318 107
281 107
281 104
440 104
440 90
341 90
341 87
397 87
397 84
511 84
511 85
734 85
734 82
289 82
289 86
278 86
278 65
95 65
95 70
46 70
46 102
70 102
70 131
122 131
122 119
93 119
93 114
82 114
82 111
175 111
175 113
807 113
807 106
834 106
834 105
843 105
843 95
821 95
821 93
850 93
850 83
775 83
775 67
879 67
879 59
894 59
894 58
882 58
882 50
893 50
893 27
567 27
567 21
574 21
574 16
279 16
279 20
422 20
422 19
469 19
469 22
519 22
519 38
383 38
383 40
380 40
380 32
171 32
171 35
153 35
153 41
14 41
14 39
4 39
4 18
