466
1 18
1 34
2 34
2 51
7 51
7 48
5 48
5 47
11 47
11 46
6 46
6 43
27 43
27 42
165 42
165 37
245 37
245 33
355 33
355 45
557 45
557 44
647 44
647 30
538 30
538 17
542 17
542 24
541 24
541 28
688 28
688 29
890 29
890 49
854 49
854 55
815 55
815 52
777 52
777 53
720 53
720 54
698 54
698 56
703 56
703 57
868 57
868 61
829 61
829 60
803 60
803 63
751 63
751 88
737 88
737 91
793 91
793 108
801 108
801 112
185 112
185 110
80 110
80 121
108 121
108 125
86 125
86 128
75 128
75 126
73 126
73 78
110 78
110 94
134 94
134 97
140 97
140 71
179 71
179 100
137 100
137 101
180 101
180 98
197 98
197 66
260 66
260 92
401 92
401 103
211 103
211 109
318 109
318 107
281 107
281 104
440 104
440 90
341 90
341 87
397 87
397 84
511 84
511 85
711 85
711 89
612 89
612 96
717 96
717 99
734 99
734 68
678 68
678 72
611 72
611 73
379 73
379 76
375 76
375 69
304 69
304 74
307 74
307 77
394 77
394 79
462 79
462 75
503 75
503 80
330 80
330 81
606 81
606 82
289 82
289 86
278 86
278 62
84 62
84 64
47 64
47 65
95 65
95 70
46 70
46 102
70 102
70 134
71 134
71 135
31 135
31 331
83 331
83 349
51 349
51 358
69 358
69 357
247 357
247 362
271 362
271 364
270 364
270 403
189 403
189 387
184 387
184 406
147 406
147 395
118 395
118 424
115 424
115 439
112 439
112 437
101 437
101 420
98 420
98 399
56 399
56 417
50 417
50 438
54 438
54 426
57 426
57 422
61 422
61 436
64 436
64 508
68 508
68 513
55 513
55 512
48 512
48 500
45 500
45 485
24 485
24 489
23 489
23 482
33 482
33 478
40 478
40 411
25 411
25 418
18 418
18 455
16 455
16 440
12 440
12 511
13 511
13 515
17 515
17 533
30 533
30 519
74 519
74 468
72 468
72 421
91 421
91 433
92 433
92 429
100 429
100 540
105 540
105 454
129 454
129 441
130 441
130 466
149 466
149 484
154 484
154 435
125 435
125 408
287 408
287 412
293 412
293 382
297 382
297 397
298 397
298 481
308 481
308 517
312 517
312 452
313 452
313 555
321 555
321 563
343 563
343 564
364 564
364 565
377 565
377 560
388 560
388 578
366 578
366 570
358 570
358 574
315 574
315 569
291 569
291 575
309 575
309 577
292 577
292 579
213 579
213 568
198 568
198 576
119 576
119 573
104 573
104 580
325 580
325 589
267 589
267 588
88 588
88 586
182 586
182 587
207 587
207 581
10 581
10 596
37 596
37 582
127 582
127 585
78 585
78 598
76 598
76 600
294 600
294 602
259 602
259 605
234 605
234 604
228 604
228 606
276 606
276 607
160 607
160 603
97 603
97 609
62 609
62 610
90 610
90 612
107 612
107 637
96 637
96 622
85 622
85 641
113 641
113 656
120 656
120 633
229 633
229 681
231 681
231 675
230 675
230 628
237 628
237 708
201 708
201 711
239 711
239 624
131 624
131 621
116 621
116 608
296 608
296 599
242 599
242 595
151 595
151 591
79 591
79 590
350 590
350 584
404 584
404 571
390 571
390 561
474 561
474 558
363 558
363 556
356 556
356 552
314 552
314 539
322 539
322 526
319 526
319 486
317 486
317 443
299 443
299 393
301 393
301 383
311 383
311 380
288 380
288 401
283 401
283 402
277 402
277 375
302 375
302 368
300 368
300 367
284 367
284 363
273 363
273 361
265 361
265 356
94 356
94 355
99 355
99 330
114 330
114 322
38 322
38 308
32 308
32 139
126 139
126 131
122 131
122 119
93 119
93 114
82 114
82 111
175 111
175 113
807 113
807 106
834 106
834 105
843 105
843 95
821 95
821 93
850 93
850 83
775 83
775 67
879 67
879 59
894 59
894 58
882 58
882 50
893 50
893 27
567 27
567 21
574 21
574 16
279 16
279 20
422 20
422 19
469 19
469 22
519 22
519 38
383 38
383 40
380 40
380 32
171 32
171 35
153 35
153 41
14 41
14 39
4 39
4 18
