1078
1 18
1 34
2 34
2 51
7 51
7 48
5 48
5 47
11 47
11 46
6 46
6 43
27 43
27 42
165 42
165 37
245 37
245 33
355 33
355 45
557 45
557 44
647 44
647 30
538 30
538 17
542 17
542 24
541 24
541 28
688 28
688 29
890 29
890 49
854 49
854 55
815 55
815 52
777 52
777 53
720 53
720 54
698 54
698 56
703 56
703 57
868 57
868 61
829 61
829 60
803 60
803 63
751 63
751 88
737 88
737 91
793 91
793 108
801 108
801 112
185 112
185 110
80 110
80 121
108 121
108 125
86 125
86 128
75 128
75 126
73 126
73 78
110 78
110 94
134 94
134 97
140 97
140 71
179 71
179 100
137 100
137 101
180 101
180 98
197 98
197 66
260 66
260 92
401 92
401 103
211 103
211 109
318 109
318 107
281 107
281 104
440 104
440 90
341 90
341 87
397 87
397 84
511 84
511 85
711 85
711 89
612 89
612 96
717 96
717 99
734 99
734 68
678 68
678 72
611 72
611 73
379 73
379 76
375 76
375 69
304 69
304 74
307 74
307 77
394 77
394 79
462 79
462 75
503 75
503 80
330 80
330 81
606 81
606 82
289 82
289 86
278 86
278 62
84 62
84 64
47 64
47 65
95 65
95 70
46 70
46 102
70 102
70 134
71 134
71 135
31 135
31 331
83 331
83 349
51 349
51 358
69 358
69 357
247 357
247 362
271 362
271 364
270 364
270 403
189 403
189 387
184 387
184 406
147 406
147 395
118 395
118 424
115 424
115 439
112 439
112 437
101 437
101 420
98 420
98 399
56 399
56 417
50 417
50 438
54 438
54 426
57 426
57 422
61 422
61 436
64 436
64 508
68 508
68 513
55 513
55 512
48 512
48 500
45 500
45 485
24 485
24 489
23 489
23 482
33 482
33 478
40 478
40 411
25 411
25 418
18 418
18 455
16 455
16 440
12 440
12 511
13 511
13 515
17 515
17 533
30 533
30 519
74 519
74 468
72 468
72 421
91 421
91 433
92 433
92 429
100 429
100 540
105 540
105 454
129 454
129 441
130 441
130 466
149 466
149 484
154 484
154 435
125 435
125 408
287 408
287 412
293 412
293 382
297 382
297 397
298 397
298 481
308 481
308 517
312 517
312 452
313 452
313 555
321 555
321 563
343 563
343 564
364 564
364 565
377 565
377 560
388 560
388 578
366 578
366 570
358 570
358 574
315 574
315 569
291 569
291 575
309 575
309 577
292 577
292 579
213 579
213 568
198 568
198 576
119 576
119 573
104 573
104 580
325 580
325 589
267 589
267 588
88 588
88 586
182 586
182 587
207 587
207 581
10 581
10 596
37 596
37 582
127 582
127 585
78 585
78 598
76 598
76 600
294 600
294 602
259 602
259 605
234 605
234 604
228 604
228 606
276 606
276 607
160 607
160 603
97 603
97 609
62 609
62 610
90 610
90 612
107 612
107 637
96 637
96 622
85 622
85 641
113 641
113 656
120 656
120 633
229 633
229 681
231 681
231 675
230 675
230 628
237 628
237 708
214 708
214 686
169 686
169 697
200 697
200 705
201 705
201 776
203 776
203 828
155 828
155 826
158 826
158 827
186 827
186 807
196 807
196 796
178 796
178 783
167 783
167 786
164 786
164 788
170 788
170 789
161 789
161 810
172 810
172 816
159 816
159 825
144 825
144 821
124 821
124 823
117 823
117 846
135 846
135 856
193 856
193 883
192 883
192 857
177 857
177 899
188 899
188 937
176 937
176 959
226 959
226 961
143 961
143 951
106 951
106 972
181 972
181 980
224 980
224 1000
132 1000
132 1001
102 1001
102 1015
28 1015
28 997
26 997
26 931
29 931
29 916
22 916
22 930
21 930
21 977
20 977
20 1016
123 1016
123 1012
212 1012
212 1011
183 1011
183 1003
227 1003
227 965
249 965
249 1018
168 1018
168 1027
205 1027
205 1029
81 1029
81 1031
58 1031
58 1042
63 1042
63 1045
65 1045
65 1064
53 1064
53 1084
67 1084
67 1078
66 1078
66 1033
87 1033
87 1036
173 1036
173 1050
204 1050
204 1038
216 1038
216 1062
174 1062
174 1061
133 1061
133 1075
218 1075
218 1026
223 1026
223 1021
238 1021
238 1020
241 1020
241 1025
246 1025
246 1105
244 1105
244 1088
202 1088
202 1091
199 1091
199 1106
217 1106
217 1111
139 1111
139 1125
141 1125
141 1145
162 1145
162 1139
152 1139
152 1128
233 1128
233 1116
253 1116
253 1115
146 1115
146 1142
145 1142
145 1114
240 1114
240 1109
250 1109
250 1107
251 1107
251 956
248 956
248 962
235 962
235 950
194 950
194 893
190 893
190 885
222 885
222 854
150 854
150 831
156 831
156 847
232 847
232 835
210 835
210 832
208 832
208 820
209 820
209 717
219 717
219 753
215 753
215 791
220 791
220 711
221 711
221 757
236 757
236 800
243 800
243 735
225 735
225 714
239 714
239 624
131 624
131 621
116 621
116 608
286 608
286 611
296 611
296 594
257 594
257 599
242 599
242 595
151 595
151 591
79 591
79 590
350 590
350 584
404 584
404 571
390 571
390 561
465 561
465 562
471 562
471 592
484 592
484 617
497 617
497 756
490 756
490 649
488 649
488 724
486 724
486 721
483 721
483 662
476 662
476 732
485 732
485 726
487 726
487 751
403 751
403 750
441 750
441 720
421 720
421 742
415 742
415 744
392 744
392 727
378 727
378 738
387 738
387 754
395 754
395 759
396 759
396 763
468 763
468 770
505 770
505 762
500 762
500 741
536 741
536 700
556 700
556 696
552 696
552 632
553 632
553 567
551 567
551 537
559 537
559 534
554 534
554 463
568 463
568 545
562 545
562 682
566 682
566 547
572 547
572 559
575 559
575 538
578 538
578 520
571 520
571 373
584 373
584 365
604 365
604 543
602 543
602 550
600 550
600 506
599 506
599 467
597 467
597 404
595 404
595 487
596 487
596 499
589 499
589 613
590 613
590 758
591 758
591 790
592 790
592 670
593 670
593 667
594 667
594 554
608 554
608 458
610 458
610 350
620 350
620 394
622 394
622 566
621 566
621 795
619 795
619 836
633 836
633 840
629 840
629 837
618 837
618 855
656 855
656 872
650 872
650 878
603 878
603 867
524 867
524 880
472 880
472 881
433 881
433 876
458 876
458 874
451 874
451 871
428 871
428 865
406 865
406 882
649 882
649 892
473 892
473 898
504 898
504 900
512 900
512 905
506 905
506 908
517 908
517 925
510 925
510 934
402 934
402 935
521 935
521 897
531 897
531 903
587 903
587 904
643 904
643 907
660 907
660 886
661 886
661 947
644 947
644 949
670 949
670 952
648 952
648 963
646 963
646 979
658 979
658 967
669 967
669 978
671 978
671 969
683 969
683 944
691 944
691 953
692 953
692 927
685 927
685 926
696 926
696 921
810 921
810 1082
812 1082
812 1120
795 1120
795 968
792 968
792 954
789 954
789 1113
778 1113
778 1126
802 1126
802 1123
828 1123
828 1119
817 1119
817 1083
832 1083
832 1220
819 1220
819 1198
820 1198
820 1178
438 1178
438 1146
320 1146
320 1149
324 1149
324 1162
303 1162
303 1161
272 1161
272 1159
268 1159
268 1057
266 1057
266 1112
262 1112
262 1034
269 1034
269 1022
261 1022
261 1102
258 1102
258 1122
263 1122
263 1196
290 1196
290 1192
306 1192
306 1202
323 1202
323 1204
361 1204
361 1189
274 1189
274 1167
354 1167
354 1153
329 1153
329 1147
429 1147
429 1151
417 1151
417 1179
776 1179
776 1184
806 1184
806 1187
489 1187
489 1188
365 1188
365 1242
367 1242
367 1190
805 1190
805 1211
774 1211
774 1214
730 1214
730 1215
614 1215
614 1209
498 1209
498 1213
436 1213
436 1199
447 1199
447 1201
641 1201
641 1195
663 1195
663 1208
693 1208
693 1193
684 1193
684 1203
664 1203
664 1191
605 1191
605 1197
371 1197
371 1235
373 1235
373 1248
275 1248
275 1245
316 1245
316 1244
264 1244
264 1246
60 1246
60 1243
8 1243
8 1250
9 1250
9 1247
138 1247
138 1249
376 1249
376 1200
381 1200
381 1237
386 1237
386 1205
426 1205
426 1206
434 1206
434 1212
423 1212
423 1207
409 1207
409 1210
405 1210
405 1241
420 1241
420 1239
416 1239
416 1231
477 1231
477 1233
491 1233
491 1238
508 1238
508 1225
496 1225
496 1230
494 1230
494 1216
570 1216
570 1223
581 1223
581 1217
628 1217
628 1221
835 1221
835 1194
847 1194
847 1157
837 1157
837 1133
846 1133
846 1124
841 1124
841 1081
822 1081
822 1060
849 1060
849 1054
825 1054
825 1052
827 1052
827 1024
886 1024
886 1017
811 1017
811 986
813 986
813 966
839 966
839 955
848 955
848 942
853 942
853 939
814 939
814 919
681 919
681 960
674 960
674 914
673 914
673 866
662 866
662 844
645 844
645 806
640 806
640 805
637 805
637 793
626 793
626 782
634 782
634 766
631 766
631 640
623 640
623 388
625 388
625 348
561 348
561 407
565 407
565 413
550 413
550 699
528 699
528 722
522 722
522 719
502 719
502 614
495 614
495 583
474 583
474 558
363 558
363 556
356 556
356 552
314 552
314 539
322 539
322 526
319 526
319 486
317 486
317 443
299 443
299 393
301 393
301 383
311 383
311 380
288 380
288 401
283 401
283 402
277 402
277 375
302 375
302 368
300 368
300 367
284 367
284 363
273 363
273 361
265 361
265 356
94 356
94 355
99 355
99 330
114 330
114 322
38 322
38 308
32 308
32 139
126 139
126 131
122 131
122 119
93 119
93 114
82 114
82 111
175 111
175 113
807 113
807 106
834 106
834 105
843 105
843 95
821 95
821 93
850 93
850 83
775 83
775 67
879 67
879 59
894 59
894 58
882 58
882 50
893 50
893 27
567 27
567 21
574 21
574 16
279 16
279 20
422 20
422 19
469 19
469 22
519 22
519 38
383 38
383 40
380 40
380 32
171 32
171 35
153 35
153 41
14 41
14 39
4 39
4 18
