114
445 236
445 155
428 155
428 168
422 168
422 49
376 49
376 48
382 48
382 43
323 43
323 23
169 23
169 25
168 25
168 26
163 26
163 29
110 29
110 31
1 31
1 36
96 36
96 37
173 37
173 35
206 35
206 24
238 24
238 27
307 27
307 39
304 39
304 65
315 65
315 66
369 66
369 60
385 60
385 53
418 53
418 87
415 87
415 175
433 175
433 165
438 165
438 177
379 177
379 179
365 179
365 173
354 173
354 172
388 172
388 167
395 167
395 107
392 107
392 114
363 114
363 129
347 129
347 132
387 132
387 136
327 136
327 131
342 131
342 106
286 106
286 125
303 125
303 143
313 143
313 145
337 145
337 147
353 147
353 140
355 140
355 138
364 138
364 157
282 157
282 154
227 154
227 124
187 124
187 149
211 149
211 159
391 159
391 163
348 163
348 180
423 180
423 181
442 181
442 231
402 231
402 224
373 224
373 182
333 182
333 204
330 204
330 201
316 201
316 208
352 208
352 184
370 184
370 236
