452
514 763
514 745
501 745
501 709
515 709
515 699
520 699
520 692
540 692
540 683
499 683
499 652
500 652
500 606
492 606
492 539
461 539
461 579
448 579
448 618
430 618
430 658
384 658
384 657
410 657
410 628
411 628
411 525
389 525
389 511
262 511
262 531
233 531
233 533
232 533
232 537
247 537
247 555
199 555
199 553
202 553
202 546
205 546
205 541
203 541
203 528
214 528
214 519
223 519
223 441
224 441
224 383
212 383
212 461
195 461
195 398
204 398
204 388
200 388
200 353
201 353
201 312
253 312
253 307
277 307
277 297
229 297
229 296
208 296
208 282
207 282
207 269
400 269
400 285
398 285
398 271
380 271
380 281
341 281
341 301
367 301
367 308
358 308
358 313
416 313
416 294
378 294
378 298
413 298
413 300
349 300
349 292
368 292
368 287
399 287
399 290
451 290
451 258
486 258
486 253
456 253
456 248
445 248
445 155
428 155
428 168
422 168
422 49
376 49
376 48
382 48
382 43
323 43
323 23
169 23
169 25
168 25
168 26
163 26
163 29
110 29
110 31
1 31
1 36
96 36
96 37
173 37
173 35
206 35
206 24
238 24
238 27
307 27
307 39
304 39
304 65
315 65
315 66
369 66
369 60
385 60
385 53
418 53
418 87
415 87
415 175
433 175
433 165
438 165
438 177
379 177
379 179
365 179
365 173
354 173
354 172
388 172
388 167
395 167
395 107
392 107
392 114
363 114
363 129
347 129
347 132
387 132
387 136
327 136
327 131
342 131
342 106
286 106
286 125
303 125
303 143
313 143
313 145
337 145
337 147
353 147
353 140
355 140
355 138
364 138
364 157
282 157
282 154
227 154
227 124
187 124
187 149
211 149
211 159
391 159
391 163
348 163
348 180
423 180
423 181
442 181
442 231
402 231
402 224
373 224
373 182
333 182
333 204
330 204
330 190
322 190
322 201
316 201
316 208
259 208
259 209
310 209
310 212
250 212
250 202
221 202
221 216
209 216
209 213
190 213
190 169
176 169
176 166
172 166
172 170
183 170
183 195
178 195
178 186
174 186
174 200
165 200
165 219
308 219
308 227
258 227
258 226
273 226
273 225
175 225
175 229
213 229
213 230
222 230
222 233
324 233
324 228
352 228
352 184
370 184
370 244
329 244
329 243
312 243
312 234
271 234
271 241
290 241
290 247
297 247
297 246
426 246
426 238
407 238
407 236
443 236
443 276
437 276
437 289
417 289
417 265
194 265
194 417
193 417
193 310
191 310
191 347
192 347
192 464
215 464
215 437
218 437
218 500
186 500
186 498
171 498
171 497
114 497
114 510
119 510
119 538
101 538
101 435
100 435
100 339
80 339
80 422
79 422
79 357
77 357
77 323
87 323
87 328
106 328
106 321
86 321
86 316
104 316
104 286
107 286
107 355
111 355
111 341
120 341
120 278
140 278
140 293
147 293
147 277
112 277
112 260
118 260
118 250
92 250
92 279
91 279
91 252
85 252
85 272
76 272
76 413
48 413
48 411
38 411
38 415
20 415
20 456
16 456
16 430
13 430
13 436
6 436
6 460
2 460
2 462
8 462
8 451
15 451
15 457
44 457
44 463
71 463
71 488
67 488
67 532
82 532
82 382
83 382
83 378
81 378
81 373
94 373
94 367
95 367
95 509
98 509
98 543
121 543
121 501
189 501
189 503
184 503
184 526
182 526
182 502
150 502
150 504
162 504
162 548
166 548
166 561
170 561
170 562
249 562
249 536
288 536
288 512
309 512
309 513
381 513
381 557
406 557
406 656
361 656
361 635
359 635
359 662
434 662
434 664
244 664
244 666
425 666
425 665
447 665
447 661
440 661
440 644
446 644
446 638
452 638
452 630
444 630
444 640
435 640
435 625
449 625
449 580
455 580
455 646
468 646
468 624
480 624
480 620
474 620
474 585
475 585
475 581
482 581
482 570
473 570
473 569
491 569
491 687
490 687
490 722
495 722
495 695
494 695
494 607
498 607
498 751
497 751
497 757
506 757
506 748
509 748
509 763
