78
105 484
105 483
88 483
88 352
57 352
57 267
58 267
58 189
51 189
51 29
45 29
45 47
25 47
25 61
23 61
23 68
1 68
1 74
19 74
19 89
16 89
16 138
18 138
18 119
21 119
21 154
29 154
29 92
26 92
26 78
39 78
39 67
33 67
33 76
28 76
28 48
46 48
46 41
47 41
47 36
49 36
49 59
50 59
50 239
56 239
56 259
52 259
52 333
48 333
48 356
54 356
54 373
62 373
62 397
53 397
53 416
63 416
63 359
87 359
87 369
78 369
78 395
70 395
70 379
69 379
69 447
74 447
74 411
75 411
75 437
76 437
76 448
83 448
83 442
86 442
86 482
85 482
85 484
