582
152 209
152 214
159 214
159 215
145 215
145 223
144 223
144 231
142 231
142 243
137 243
137 245
134 245
134 270
117 270
117 287
133 287
133 319
139 319
139 434
123 434
123 439
121 439
121 412
116 412
116 444
150 444
150 484
105 484
105 483
88 483
88 352
57 352
57 267
58 267
58 189
51 189
51 29
45 29
45 47
25 47
25 61
23 61
23 68
1 68
1 74
19 74
19 89
16 89
16 138
18 138
18 119
21 119
21 154
29 154
29 92
26 92
26 78
39 78
39 67
33 67
33 76
28 76
28 48
46 48
46 41
47 41
47 36
49 36
49 59
50 59
50 239
56 239
56 259
52 259
52 333
48 333
48 356
54 356
54 373
62 373
62 397
53 397
53 416
63 416
63 359
87 359
87 369
78 369
78 395
70 395
70 379
69 379
69 447
74 447
74 411
75 411
75 437
76 437
76 448
83 448
83 442
86 442
86 482
85 482
85 485
151 485
151 431
141 431
141 360
143 360
143 289
135 289
135 253
166 253
166 277
169 277
169 276
184 276
184 263
185 263
185 291
191 291
191 322
194 322
194 331
195 331
195 274
197 274
197 254
167 254
167 247
189 247
189 241
161 241
161 232
149 232
149 224
198 224
198 188
207 188
207 187
200 187
200 179
212 179
212 233
202 233
202 303
216 303
216 341
213 341
213 308
211 308
211 306
206 306
206 362
209 362
209 406
204 406
204 375
199 375
199 490
201 490
201 432
203 432
203 408
205 408
205 493
173 493
173 492
130 492
130 491
140 491
140 487
12 487
12 495
8 495
8 486
6 486
6 468
11 468
11 469
42 469
42 400
43 400
43 422
44 422
44 398
40 398
40 399
41 399
41 450
22 450
22 461
7 461
7 371
35 371
35 368
36 368
36 326
38 326
38 248
37 248
37 235
32 235
32 316
27 316
27 314
20 314
20 323
34 323
34 325
31 325
31 366
17 366
17 350
4 350
4 349
13 349
13 346
30 346
30 339
14 339
14 344
3 344
3 441
2 441
2 446
5 446
5 499
15 499
15 488
114 488
114 489
99 489
99 496
111 496
111 498
112 498
112 500
128 500
128 497
132 497
132 494
208 494
208 413
210 413
210 410
215 410
215 394
218 394
218 284
217 284
217 202
214 202
214 169
193 169
193 168
192 168
192 180
188 180
188 151
187 151
187 181
196 181
196 197
186 197
186 201
183 201
183 210
182 210
182 208
181 208
181 205
178 205
178 171
180 171
180 165
171 165
171 143
174 143
174 128
172 128
172 126
225 126
225 127
220 127
220 129
256 129
256 120
253 120
253 118
248 118
248 122
247 122
247 117
341 117
341 124
360 124
360 121
369 121
369 103
314 103
314 99
343 99
343 96
374 96
374 104
389 104
389 106
418 106
418 137
411 137
411 144
370 144
370 136
342 136
342 142
323 142
323 139
288 139
288 134
273 134
273 146
269 146
269 131
255 131
255 140
242 140
242 133
241 133
241 141
229 141
229 132
223 132
223 145
239 145
239 148
240 148
240 147
420 147
420 19
419 19
419 83
417 83
417 49
416 49
416 102
398 102
398 101
414 101
414 57
408 57
408 39
405 39
405 40
403 40
403 10
429 10
429 23
427 23
427 13
425 13
425 38
426 38
426 73
430 73
430 60
462 60
462 81
460 81
460 80
459 80
459 64
457 64
457 82
451 82
451 123
456 123
456 153
465 153
465 155
461 155
461 156
450 156
450 196
454 196
454 216
452 216
452 238
434 238
434 282
319 282
319 281
364 281
364 279
393 279
393 272
394 272
394 251
406 251
406 261
423 261
423 219
422 219
422 220
413 220
413 183
366 183
366 206
376 206
376 213
384 213
384 193
379 193
379 184
412 184
412 217
349 217
349 218
293 218
293 212
333 212
333 176
338 176
338 175
275 175
275 174
235 174
235 185
233 185
233 177
228 177
228 158
219 158
219 160
222 160
222 200
296 200
296 191
286 191
286 182
278 182
278 186
270 186
270 190
246 190
246 178
321 178
321 211
283 211
283 228
298 228
298 226
310 226
310 221
410 221
410 222
421 222
421 249
285 249
285 257
279 257
279 258
261 258
261 246
259 246
259 242
234 242
234 252
254 252
254 255
227 255
227 244
221 244
221 265
249 265
249 266
294 266
294 269
299 269
299 262
245 262
245 260
295 260
295 250
383 250
383 278
368 278
368 264
361 264
361 273
357 273
357 280
336 280
336 271
276 271
276 275
287 275
287 285
301 285
301 283
424 283
424 286
435 286
435 240
455 240
455 199
458 199
458 234
491 234
491 237
489 237
489 256
485 256
485 290
401 290
401 293
445 293
445 294
404 294
404 297
399 297
399 296
392 296
392 298
480 298
480 302
378 302
378 299
311 299
311 300
363 300
363 304
317 304
317 309
372 309
372 307
373 307
373 312
375 312
375 311
486 311
486 310
487 310
487 288
494 288
494 229
463 229
463 161
466 161
466 112
453 112
453 87
482 87
482 58
432 58
432 26
436 26
436 16
438 16
438 8
400 8
400 15
402 15
402 97
397 97
397 95
300 95
300 100
304 100
304 105
350 105
350 115
330 115
330 116
168 116
168 173
176 173
176 172
177 172
177 209
