72
158 403
158 417
189 417
189 407
302 407
302 413
290 413
290 415
372 415
372 416
330 416
330 420
327 420
327 422
325 422
325 424
44 424
44 436
19 436
19 444
18 444
18 448
16 448
16 445
2 445
2 443
1 443
1 451
20 451
20 438
36 438
36 441
48 441
48 431
125 431
125 432
141 432
141 437
224 437
224 435
173 435
173 434
205 434
205 428
397 428
397 430
404 430
404 429
497 429
497 427
356 427
356 426
211 426
211 425
389 425
389 423
346 423
346 419
380 419
380 418
393 418
393 414
788 414
788 412
312 412
312 406
353 406
353 405
160 405
160 404
192 404
192 403
