106
112 109
112 106
102 106
102 103
64 103
64 102
87 102
87 95
61 95
61 69
62 69
62 30
4 30
4 55
6 55
6 50
14 50
14 37
10 37
10 34
15 34
15 75
2 75
2 80
7 80
7 82
1 82
1 92
3 92
3 132
8 132
8 156
9 156
9 180
11 180
11 89
23 89
23 94
16 94
16 130
19 130
19 160
18 160
18 148
13 148
13 196
20 196
20 162
21 162
21 159
24 159
24 154
22 154
22 141
27 141
27 124
26 124
26 122
28 122
28 107
17 107
17 101
34 101
34 133
29 133
29 137
30 137
30 189
39 189
39 142
40 142
40 128
38 128
38 186
35 186
35 100
31 100
31 88
25 88
25 84
32 84
32 67
41 67
41 59
37 59
37 56
43 56
43 31
52 31
52 33
60 33
60 60
59 60
59 77
58 77
58 96
63 96
63 99
57 99
57 86
56 86
56 79
49 79
49 108
80 108
80 109
