284
136 3
136 8
142 8
142 12
120 12
120 16
114 16
114 23
111 23
111 74
110 74
110 41
108 41
108 72
105 72
105 83
92 83
92 91
116 91
116 151
112 151
112 106
102 106
102 103
64 103
64 102
87 102
87 95
61 95
61 69
62 69
62 30
4 30
4 55
6 55
6 50
14 50
14 37
10 37
10 34
15 34
15 75
2 75
2 80
7 80
7 82
1 82
1 92
3 92
3 132
8 132
8 156
9 156
9 180
11 180
11 89
23 89
23 94
16 94
16 130
19 130
19 160
18 160
18 148
13 148
13 196
20 196
20 162
21 162
21 159
24 159
24 154
22 154
22 141
27 141
27 124
26 124
26 122
28 122
28 107
17 107
17 101
34 101
34 133
29 133
29 137
30 137
30 189
39 189
39 142
40 142
40 128
38 128
38 186
35 186
35 100
31 100
31 88
25 88
25 84
32 84
32 67
41 67
41 59
37 59
37 56
43 56
43 31
52 31
52 33
60 33
60 60
59 60
59 77
58 77
58 96
63 96
63 99
57 99
57 86
56 86
56 79
49 79
49 108
80 108
80 109
70 109
70 116
75 116
75 113
81 113
81 119
96 119
96 126
97 126
97 118
82 118
82 110
93 110
93 114
109 114
109 164
89 164
89 161
107 161
107 138
104 138
104 157
95 157
95 158
90 158
90 155
83 155
83 147
54 147
54 146
48 146
48 150
46 150
46 152
65 152
65 165
117 165
117 64
113 64
113 51
115 51
115 21
121 21
121 43
119 43
119 44
130 44
130 17
143 17
143 45
122 45
122 57
124 57
124 85
125 85
125 48
151 48
151 97
150 97
150 117
138 117
138 127
139 127
139 129
134 129
134 123
131 123
131 144
132 144
132 153
129 153
129 139
126 139
126 170
103 170
103 169
55 169
55 175
45 175
45 176
51 176
51 182
100 182
100 187
85 187
85 183
53 183
53 184
42 184
42 188
50 188
50 191
76 191
76 192
101 192
101 179
67 179
67 178
66 178
66 171
69 171
69 173
98 173
98 177
99 177
99 172
118 172
118 174
133 174
133 131
135 131
135 149
144 149
144 145
145 145
145 140
141 140
141 134
148 134
148 163
149 163
149 166
152 166
152 168
163 168
163 90
162 90
162 136
153 136
153 32
157 32
157 78
156 78
156 112
154 112
154 121
155 121
155 125
160 125
160 120
159 120
159 105
158 105
158 22
147 22
147 10
164 10
164 6
161 6
161 4
170 4
170 15
165 15
165 18
174 18
174 7
180 7
180 3
