88
1 15
1 28
4 28
4 42
12 42
12 43
9 43
9 47
2 47
2 57
3 57
3 77
8 77
8 97
10 97
10 96
81 96
81 99
82 99
82 98
87 98
87 100
93 100
93 87
99 87
99 75
97 75
97 83
95 83
95 82
69 82
69 68
71 68
71 67
72 67
72 65
63 65
63 64
65 64
65 55
64 55
64 53
58 53
58 51
56 51
56 32
60 32
60 34
61 34
61 24
52 24
52 30
47 30
47 31
51 31
51 36
54 36
54 59
53 59
53 76
57 76
57 88
62 88
62 73
67 73
67 84
91 84
91 95
42 95
42 94
30 94
30 93
33 93
33 92
48 92
48 91
35 91
35 90
23 90
23 85
11 85
11 78
14 78
14 44
13 44
13 29
17 29
17 15
