162
1 15
1 28
4 28
4 42
12 42
12 43
9 43
9 47
2 47
2 57
3 57
3 77
8 77
8 97
10 97
10 96
81 96
81 99
82 99
82 98
87 98
87 100
93 100
93 87
99 87
99 75
97 75
97 83
95 83
95 82
69 82
69 68
71 68
71 67
72 67
72 65
63 65
63 64
65 64
65 55
64 55
64 53
58 53
58 51
56 51
56 32
60 32
60 34
61 34
61 24
59 24
59 22
55 22
55 21
66 21
66 25
68 25
68 19
80 19
80 41
70 41
70 45
77 45
77 46
78 46
78 48
83 48
83 40
88 40
88 49
76 49
76 54
89 54
89 52
96 52
96 61
98 61
98 50
94 50
94 37
92 37
92 26
100 26
100 20
90 20
90 38
84 38
84 18
86 18
86 17
85 17
85 14
74 14
74 9
73 9
73 16
52 16
52 30
47 30
47 31
51 31
51 36
54 36
54 59
53 59
53 76
57 76
57 88
62 88
62 73
67 73
67 84
91 84
91 95
42 95
42 94
30 94
30 93
33 93
33 92
48 92
48 79
49 79
49 81
50 81
50 62
46 62
46 60
25 60
25 63
34 63
34 66
36 66
36 69
29 69
29 72
39 72
39 71
38 71
38 70
43 70
43 74
31 74
31 80
45 80
45 86
44 86
44 89
40 89
40 91
35 91
35 90
23 90
23 85
11 85
11 78
14 78
14 44
13 44
13 29
17 29
17 15
