156
239 761
239 614
226 614
226 611
130 611
130 638
138 638
138 654
131 654
131 663
122 663
122 683
132 683
132 686
116 686
116 688
106 688
106 645
83 645
83 665
61 665
61 671
56 671
56 517
49 517
49 533
25 533
25 523
14 523
14 490
11 490
11 474
18 474
18 424
32 424
32 382
34 382
34 369
41 369
41 368
31 368
31 363
26 363
26 349
4 349
4 356
3 356
3 334
19 334
19 330
43 330
43 328
59 328
59 327
2 327
2 275
30 275
30 273
33 273
33 258
9 258
9 230
8 230
8 223
27 223
27 205
1 205
1 375
7 375
7 353
21 353
21 381
17 381
17 378
13 378
13 447
10 447
10 510
6 510
6 529
16 529
16 530
20 530
20 539
24 539
24 536
52 536
52 527
53 527
53 680
54 680
54 696
51 696
51 691
35 691
35 695
36 695
36 701
39 701
39 713
42 713
42 697
68 697
68 666
78 666
78 699
75 699
75 700
85 700
85 659
86 659
86 694
89 694
89 712
141 712
141 661
145 661
145 612
148 612
148 613
225 613
225 616
236 616
236 623
192 623
192 678
190 678
190 652
188 652
188 640
157 640
157 703
162 703
162 706
168 706
168 698
199 698
199 627
208 627
208 629
204 629
204 639
234 639
234 628
237 628
237 752
222 752
222 753
201 753
201 728
155 728
155 727
69 727
69 736
198 736
198 761
