108
31 967
31 952
28 952
28 795
24 795
24 607
15 607
15 613
20 613
20 710
21 710
21 614
23 614
23 678
22 678
22 832
25 832
25 978
29 978
29 983
27 983
27 984
30 984
30 1091
32 1091
32 1238
50 1238
50 1244
35 1244
35 1247
7 1247
7 1246
4 1246
4 1218
1 1218
1 1248
3 1248
3 1249
53 1249
53 1236
81 1236
81 1237
343 1237
343 1239
478 1239
478 1240
92 1240
92 1245
155 1245
155 1242
771 1242
771 1250
775 1250
775 1243
805 1243
805 1233
678 1233
678 1241
488 1241
488 1234
182 1234
182 1232
163 1232
163 1235
56 1235
56 1224
51 1224
51 1223
57 1223
57 1221
48 1221
48 1164
60 1164
60 1104
52 1104
52 1116
54 1116
54 1141
55 1141
55 1159
47 1159
47 1170
46 1170
46 1194
43 1194
43 1172
38 1172
38 1208
33 1208
33 1054
34 1054
34 1079
36 1079
36 1031
37 1031
37 1101
39 1101
39 1151
42 1151
42 1032
41 1032
41 1146
40 1146
40 988
45 988
45 980
49 980
49 967
