1172
363 412
363 402
140 402
140 406
136 406
136 409
115 409
115 416
77 416
77 420
69 420
69 424
66 424
66 545
64 545
64 532
59 532
59 586
61 586
61 583
63 583
63 557
68 557
68 554
67 554
67 437
71 437
71 689
72 689
72 473
73 473
73 791
129 791
129 692
134 692
134 812
99 812
99 859
89 859
89 860
65 860
65 886
58 886
58 901
44 901
44 967
31 967
31 952
28 952
28 597
5 597
5 599
26 599
26 795
24 795
24 607
15 607
15 639
13 639
13 660
9 660
9 852
8 852
8 941
11 941
11 890
10 890
10 789
12 789
12 760
16 760
16 808
18 808
18 885
17 885
17 959
14 959
14 981
19 981
19 613
20 613
20 710
21 710
21 614
23 614
23 678
22 678
22 832
25 832
25 978
29 978
29 983
27 983
27 984
30 984
30 1091
32 1091
32 1238
50 1238
50 1244
35 1244
35 1247
7 1247
7 1246
4 1246
4 1218
1 1218
1 1248
3 1248
3 1249
53 1249
53 1236
81 1236
81 1237
343 1237
343 1239
478 1239
478 1240
92 1240
92 1245
155 1245
155 1242
771 1242
771 1250
775 1250
775 1243
805 1243
805 1233
678 1233
678 1241
488 1241
488 1234
182 1234
182 1232
163 1232
163 1235
56 1235
56 1224
51 1224
51 1223
57 1223
57 1221
48 1221
48 1164
60 1164
60 1104
52 1104
52 1116
54 1116
54 1141
55 1141
55 1159
47 1159
47 1170
46 1170
46 1194
43 1194
43 1172
38 1172
38 1208
33 1208
33 1054
34 1054
34 1079
36 1079
36 1031
37 1031
37 1101
39 1101
39 1151
42 1151
42 1032
41 1032
41 1146
40 1146
40 988
45 988
45 980
49 980
49 908
70 908
70 887
86 887
86 872
108 872
108 849
100 849
100 838
114 838
114 840
118 840
118 833
132 833
132 906
130 906
130 921
137 921
137 915
142 915
142 834
141 834
141 803
147 803
147 784
144 784
144 780
149 780
149 690
126 690
126 718
124 718
124 752
120 752
120 758
110 758
110 766
109 766
109 773
80 773
80 724
82 724
82 556
83 556
83 671
84 671
84 552
85 552
85 518
98 518
98 509
79 509
79 717
75 717
75 488
76 488
76 469
78 469
78 448
95 448
95 446
102 446
102 436
97 436
97 430
91 430
91 425
116 425
116 413
158 413
158 408
231 408
231 405
151 405
151 404
229 404
229 403
348 403
348 415
367 415
367 418
345 418
345 417
298 417
298 419
487 419
487 427
388 427
388 429
382 429
382 426
376 426
376 452
368 452
368 472
373 472
373 510
374 510
374 486
377 486
377 564
391 564
391 570
284 570
284 569
203 569
203 566
248 566
248 555
258 555
258 547
309 547
309 531
297 531
297 542
194 542
194 550
181 550
181 577
193 577
193 601
314 601
314 612
227 612
227 621
247 621
247 667
244 667
244 711
198 711
198 698
166 698
166 610
159 610
159 895
160 895
160 928
212 928
212 969
206 969
206 1000
215 1000
215 1005
199 1005
199 977
197 977
197 1017
192 1017
192 945
188 945
188 1076
169 1076
169 1048
179 1048
179 973
178 973
178 1022
167 1022
167 1134
360 1134
360 1131
401 1131
401 1161
396 1161
396 1162
402 1162
402 1136
417 1136
417 1111
428 1111
428 1114
430 1114
430 1138
432 1138
432 1117
439 1117
439 1155
435 1155
435 1158
440 1158
440 1154
449 1154
449 1174
422 1174
422 1200
416 1200
416 1197
387 1197
387 1190
359 1190
359 1203
407 1203
407 1214
384 1214
384 1211
370 1211
370 1210
344 1210
344 1222
321 1222
321 1226
146 1226
146 1217
153 1217
153 1219
156 1219
156 1185
143 1185
143 1184
123 1184
123 1188
148 1188
148 1201
138 1201
138 1225
96 1225
96 1179
87 1179
87 1178
93 1178
93 1173
154 1173
154 1168
152 1168
152 1167
131 1167
131 1163
106 1163
106 1169
62 1169
62 1198
74 1198
74 1207
88 1207
88 1216
90 1216
90 1227
161 1227
161 1230
472 1230
472 1231
474 1231
474 1229
490 1229
490 1228
375 1228
375 1220
419 1220
419 1205
431 1205
431 1193
424 1193
424 1182
452 1182
452 1166
451 1166
451 1165
458 1165
458 1139
466 1139
466 1094
475 1094
475 1087
465 1087
465 1081
482 1081
482 1082
479 1082
479 1083
483 1083
483 1042
473 1042
473 1071
467 1071
467 1045
420 1045
420 1043
403 1043
403 1052
406 1052
406 1046
460 1046
460 1066
462 1066
462 1095
463 1095
463 1135
459 1135
459 1109
400 1109
400 1105
442 1105
442 1097
446 1097
446 1085
441 1085
441 1100
437 1100
437 1102
423 1102
423 1090
411 1090
411 1092
356 1092
356 1099
332 1099
332 1110
357 1110
357 1122
347 1122
347 1123
408 1123
408 1126
318 1126
318 1128
280 1128
280 1073
303 1073
303 1084
306 1084
306 1062
311 1062
311 1059
283 1059
283 1024
281 1024
281 1044
252 1044
252 1089
277 1089
277 1129
251 1129
251 1018
250 1018
250 1133
196 1133
196 1106
191 1106
191 1080
189 1080
189 1029
190 1029
190 1025
241 1025
241 993
216 993
216 911
225 911
225 965
242 965
242 931
240 931
240 932
237 932
237 909
165 909
165 764
164 764
164 875
162 875
162 721
185 721
185 731
249 731
249 704
253 704
253 646
260 646
260 729
282 729
282 842
228 842
228 828
279 828
279 827
268 827
268 821
243 821
243 826
226 826
226 797
209 797
209 802
187 802
187 790
207 790
207 786
184 786
184 809
176 809
176 835
174 835
174 850
173 850
173 853
177 853
177 866
180 866
180 864
183 864
183 825
186 825
186 841
205 841
205 858
267 858
267 861
246 861
246 876
274 876
274 869
292 869
292 823
296 823
296 822
308 822
308 820
293 820
293 759
289 759
289 839
285 839
285 775
286 775
286 722
275 722
275 719
261 719
261 647
262 647
262 680
687 680
687 683
720 683
720 652
790 652
790 655
768 655
768 662
784 662
784 684
618 684
618 691
756 691
756 686
759 686
759 694
808 694
808 693
815 693
815 695
825 695
825 677
809 677
809 659
792 659
792 654
822 654
822 661
973 661
973 649
971 649
971 653
844 653
844 651
717 651
717 681
706 681
706 666
661 666
661 658
716 658
716 656
640 656
640 673
660 673
660 679
342 679
342 676
624 676
624 668
546 668
546 663
489 663
489 633
496 633
496 604
545 604
545 606
606 606
606 632
695 632
695 631
704 631
704 629
795 629
795 630
998 630
998 644
1004 644
1004 669
976 669
976 670
994 670
994 674
995 674
995 701
944 701
944 703
990 703
990 714
966 714
966 739
962 739
962 740
947 740
947 737
952 737
952 706
950 706
950 734
718 734
718 735
637 735
637 728
738 728
738 726
921 726
921 713
850 713
850 712
835 712
835 709
810 709
810 707
903 707
903 699
834 699
834 697
802 697
802 720
883 720
883 715
890 715
890 725
679 725
679 727
594 727
594 742
830 742
830 744
856 744
856 748
761 748
761 753
729 753
729 756
789 756
789 749
858 749
858 751
868 751
868 741
700 741
700 736
703 736
703 738
874 738
874 743
979 743
979 750
981 750
981 716
1007 716
1007 657
1010 657
1010 700
1021 700
1021 642
1037 642
1037 640
1113 640
1113 685
1112 685
1112 645
1110 645
1110 664
1075 664
1075 688
1083 688
1083 705
1046 705
1046 733
1045 733
1045 757
1067 757
1067 755
1051 755
1051 754
1048 754
1048 732
1049 732
1049 708
1088 708
1088 723
1099 723
1099 702
1095 702
1095 696
1116 696
1116 747
1151 747
1151 770
1149 770
1149 801
1105 801
1105 805
1158 805
1158 824
1127 824
1127 996
1133 996
1133 951
1128 951
1128 940
1131 940
1131 847
1132 847
1132 829
1137 829
1137 1020
1108 1020
1108 1008
1102 1008
1102 1001
1101 1001
1101 982
1098 982
1098 927
1090 927
1090 854
1022 854
1022 831
1016 831
1016 804
1040 804
1040 799
1064 799
1064 781
1042 781
1042 778
959 778
959 816
956 816
956 817
900 817
900 815
845 815
845 851
842 851
842 830
838 830
838 800
800 800
800 774
799 774
799 772
737 772
737 765
734 765
734 761
497 761
497 796
519 796
519 783
512 783
512 771
532 771
532 767
520 767
520 762
722 762
722 776
793 776
793 810
807 810
807 814
819 814
819 807
801 807
801 806
832 806
832 871
865 871
865 929
859 929
859 930
878 930
878 936
863 936
863 939
852 939
852 1002
853 1002
853 950
869 950
869 1007
860 1007
860 1030
870 1030
870 1051
855 1051
855 1053
803 1053
803 1055
797 1055
797 1056
766 1056
766 961
762 961
762 935
782 935
782 953
783 953
783 987
788 987
788 948
786 948
786 933
773 933
773 902
777 902
777 910
787 910
787 893
769 893
769 925
763 925
763 923
758 923
758 916
757 916
757 905
743 905
743 926
719 926
719 943
711 943
711 949
674 949
674 946
622 946
622 990
653 990
653 1047
631 1047
631 1072
632 1072
632 1063
657 1063
657 1088
656 1088
656 1098
619 1098
619 1039
629 1039
629 1004
616 1004
616 1096
601 1096
601 1074
603 1074
603 1012
596 1012
596 964
561 964
561 968
555 968
555 998
574 998
574 1027
573 1027
573 1010
565 1010
565 1049
569 1049
569 1050
577 1050
577 1115
576 1115
576 1086
563 1086
563 1093
549 1093
549 1037
540 1037
540 1016
536 1016
536 1036
538 1036
538 1064
542 1064
542 1103
543 1103
543 1113
556 1113
556 1125
541 1125
541 1147
550 1147
550 1137
562 1137
562 1107
570 1107
570 1144
578 1144
578 1078
581 1078
581 1033
580 1033
580 991
558 991
558 986
595 986
595 1040
591 1040
591 1145
608 1145
608 1149
600 1149
600 1187
633 1187
633 1192
607 1192
607 1202
602 1202
602 1204
638 1204
638 1177
639 1177
639 1176
665 1176
665 1175
610 1175
610 1150
652 1150
652 1143
598 1143
598 1112
645 1112
645 1108
663 1108
663 975
668 975
668 970
714 970
714 955
746 955
746 907
755 907
755 960
747 960
747 972
728 972
728 979
765 979
765 1057
873 1057
873 942
881 942
881 920
867 920
867 897
897 897
897 892
898 892
898 881
885 881
885 868
909 868
909 862
862 862
862 844
849 844
849 819
920 819
920 818
961 818
961 779
999 779
999 782
1012 782
1012 785
1031 785
1031 787
1000 787
1000 813
1006 813
1006 856
1081 856
1081 947
1096 947
1096 956
1094 956
1094 1009
1104 1009
1104 1023
1141 1023
1141 966
1159 966
1159 958
1140 958
1140 863
1154 863
1154 837
1163 837
1163 746
1178 746
1178 745
1121 745
1121 730
1117 730
1117 665
1114 665
1114 650
1165 650
1165 648
1143 648
1143 638
1005 638
1005 628
1062 628
1062 627
754 627
754 626
664 626
664 624
627 624
627 622
659 622
659 609
740 609
740 603
484 603
484 672
516 672
516 675
264 675
264 641
272 641
272 637
322 637
322 634
257 634
257 619
259 619
259 618
325 618
325 605
319 605
319 600
364 600
364 591
307 591
307 590
204 590
204 584
301 584
301 578
334 578
334 574
313 574
313 573
372 573
372 571
399 571
399 539
394 539
394 527
389 527
389 515
383 515
383 464
378 464
378 435
464 435
464 431
455 431
455 428
491 428
491 414
469 414
469 412
