420
363 412
363 402
140 402
140 406
136 406
136 409
115 409
115 416
77 416
77 420
69 420
69 424
66 424
66 545
64 545
64 532
59 532
59 586
61 586
61 583
63 583
63 557
68 557
68 554
67 554
67 437
71 437
71 689
72 689
72 473
73 473
73 791
129 791
129 692
134 692
134 812
99 812
99 859
89 859
89 860
65 860
65 886
58 886
58 901
44 901
44 967
31 967
31 952
28 952
28 597
5 597
5 599
26 599
26 795
24 795
24 607
15 607
15 639
13 639
13 660
9 660
9 852
8 852
8 941
11 941
11 890
10 890
10 789
12 789
12 760
16 760
16 808
18 808
18 885
17 885
17 959
14 959
14 981
19 981
19 613
20 613
20 710
21 710
21 614
23 614
23 678
22 678
22 832
25 832
25 978
29 978
29 983
27 983
27 984
30 984
30 1091
32 1091
32 1238
50 1238
50 1244
35 1244
35 1247
7 1247
7 1246
4 1246
4 1218
1 1218
1 1248
3 1248
3 1249
53 1249
53 1236
81 1236
81 1237
343 1237
343 1239
478 1239
478 1240
92 1240
92 1245
155 1245
155 1242
771 1242
771 1250
775 1250
775 1243
805 1243
805 1233
678 1233
678 1241
488 1241
488 1234
182 1234
182 1232
163 1232
163 1235
56 1235
56 1224
51 1224
51 1223
57 1223
57 1221
48 1221
48 1164
60 1164
60 1104
52 1104
52 1116
54 1116
54 1141
55 1141
55 1159
47 1159
47 1170
46 1170
46 1194
43 1194
43 1172
38 1172
38 1208
33 1208
33 1054
34 1054
34 1079
36 1079
36 1031
37 1031
37 1101
39 1101
39 1151
42 1151
42 1032
41 1032
41 1146
40 1146
40 988
45 988
45 980
49 980
49 908
70 908
70 887
86 887
86 872
108 872
108 849
100 849
100 838
114 838
114 840
118 840
118 833
132 833
132 906
130 906
130 921
137 921
137 915
142 915
142 834
141 834
141 803
147 803
147 784
144 784
144 780
149 780
149 690
126 690
126 718
124 718
124 752
120 752
120 758
110 758
110 766
109 766
109 773
80 773
80 724
82 724
82 556
83 556
83 671
84 671
84 552
85 552
85 518
98 518
98 509
79 509
79 717
75 717
75 488
76 488
76 469
78 469
78 448
95 448
95 446
102 446
102 436
97 436
97 430
91 430
91 425
116 425
116 413
158 413
158 408
231 408
231 405
151 405
151 404
229 404
229 403
348 403
348 415
367 415
367 418
345 418
345 417
298 417
298 419
487 419
487 427
388 427
388 429
382 429
382 426
376 426
376 452
368 452
368 472
373 472
373 510
374 510
374 486
377 486
377 564
391 564
391 570
284 570
284 569
203 569
203 566
248 566
248 555
258 555
258 547
309 547
309 531
297 531
297 542
194 542
194 550
181 550
181 577
193 577
193 601
314 601
314 612
227 612
227 621
247 621
247 667
244 667
244 711
198 711
198 698
166 698
166 610
159 610
159 895
160 895
160 928
212 928
212 969
206 969
206 1000
215 1000
215 1005
199 1005
199 977
197 977
197 1017
192 1017
192 945
188 945
188 1076
169 1076
169 1048
179 1048
179 973
178 973
178 1022
167 1022
167 1134
360 1134
360 1131
401 1131
401 1161
396 1161
396 1162
402 1162
402 1136
417 1136
417 1128
277 1128
277 1129
250 1129
250 1133
196 1133
196 1106
191 1106
191 1080
189 1080
189 1029
190 1029
190 1025
241 1025
241 993
216 993
216 911
237 911
237 909
165 909
165 875
162 875
162 721
249 721
249 704
253 704
253 646
264 646
264 641
272 641
272 637
322 637
322 634
257 634
257 619
259 619
259 618
325 618
325 605
319 605
319 600
364 600
364 591
307 591
307 590
204 590
204 584
301 584
301 578
334 578
334 574
313 574
313 573
372 573
372 571
399 571
399 539
394 539
394 527
389 527
389 515
383 515
383 464
378 464
378 435
464 435
464 431
455 431
455 428
491 428
491 414
469 414
469 412
