140
19 22
19 20
15 20
15 18
29 18
29 15
5 15
5 11
14 11
14 10
51 10
51 8
12 8
12 4
1 4
1 5
2 5
2 12
4 12
4 16
6 16
6 31
10 31
10 38
18 38
18 34
34 34
34 32
30 32
30 29
38 29
38 25
43 25
43 30
89 30
89 36
69 36
69 37
90 37
90 28
98 28
98 35
102 35
102 39
82 39
82 41
22 41
22 40
3 40
3 43
46 43
46 42
88 42
88 46
138 46
138 49
132 49
132 50
126 50
126 48
70 48
70 67
67 67
67 63
59 63
59 64
61 64
61 68
56 68
56 57
53 57
53 60
55 60
55 70
44 70
44 71
37 71
37 82
52 82
52 79
62 79
62 72
66 72
66 78
71 78
71 90
42 90
42 89
20 89
20 96
8 96
8 107
36 107
36 131
32 131
32 116
31 116
31 134
17 134
17 144
40 144
40 126
47 126
47 123
39 123
39 105
11 105
11 102
49 102
49 100
64 100
64 99
35 99
35 92
72 92
72 83
79 83
79 80
76 80
76 76
85 76
85 51
139 51
139 47
148 47
148 45
144 45
144 44
104 44
104 27
63 27
63 24
25 24
25 33
23 33
23 26
7 26
7 23
73 23
73 22
