218
195 2
195 5
203 5
203 3
206 3
206 179
207 179
207 122
210 122
210 119
211 119
211 159
209 159
209 198
158 198
158 197
84 197
84 199
197 199
197 204
161 204
161 205
81 205
81 210
63 210
63 203
73 203
73 201
67 201
67 196
61 196
61 185
54 185
54 116
48 116
48 134
49 134
49 164
47 164
47 156
44 156
44 155
38 155
38 145
12 145
12 189
7 189
7 187
11 187
11 153
8 153
8 136
3 136
3 131
1 131
1 191
4 191
4 165
6 165
6 195
15 195
15 181
17 181
17 146
26 146
26 148
27 148
27 152
28 152
28 200
24 200
24 225
25 225
25 228
30 228
30 250
35 250
35 246
56 246
56 245
141 245
141 248
126 248
126 247
57 247
57 249
142 249
142 239
145 239
145 237
155 237
155 236
180 236
180 230
192 230
192 226
189 226
189 229
176 229
176 231
154 231
154 233
144 233
144 232
99 232
99 227
95 227
95 221
103 221
103 220
105 220
105 218
93 218
93 219
52 219
52 217
45 217
45 223
51 223
51 222
76 222
76 224
88 224
88 241
92 241
92 234
129 234
129 238
140 238
140 244
116 244
116 243
82 243
82 242
39 242
39 216
36 216
36 235
34 235
34 170
33 170
33 240
32 240
32 208
29 208
29 202
31 202
31 149
37 149
37 160
40 160
40 188
43 188
43 192
50 192
50 117
53 117
53 214
111 214
111 212
102 212
102 209
114 209
114 206
127 206
127 213
202 213
202 211
152 211
152 207
204 207
204 215
220 215
220 174
215 174
215 128
216 128
216 171
229 171
229 173
244 173
244 186
241 186
241 190
246 190
246 178
247 178
247 112
245 112
245 99
250 99
250 76
249 76
249 58
240 58
240 73
248 73
248 75
237 75
237 125
242 125
242 93
243 93
243 162
233 162
233 151
226 151
226 144
224 144
224 98
228 98
228 89
212 89
212 81
223 81
223 71
208 71
208 2
