Removal 0: 
Solution 0: 
12 19
14 1
16 10
4 13
5 4
6 7
8 17

Solution 1: 
12 19
14 1
16 10
5 11
5 4
6 7
8 17

Solution 2: 
12 19
14 1
16 10
5 4
6 11
6 7
8 17

Solution 3: 
12 19
14 1
16 10
4 15
5 4
6 7
8 17

Solution 4: 
12 19
14 1
16 10
5 4
6 7
8 15
8 17

Solution 5: 
12 19
15 6
16 10
5 4
6 7
8 15
8 17

Solution 6: 
12 19
16 10
18 2
5 4
6 7
8 15
8 17

Solution 7: 
12 19
16 10
18 1
5 4
6 7
8 15
8 17

Solution 8: 
12 19
14 6
16 10
5 4
6 7
8 15
8 17

Solution 9: 
12 19
14 6
16 10
4 15
5 4
6 7
8 17

Solution 10: 
12 19
14 6
16 10
5 11
5 4
6 7
8 17

Solution 11: 
12 19
14 6
16 10
5 4
6 11
6 7
8 17

Solution 12: 
12 19
16 10
18 1
5 4
6 11
6 7
8 17

Solution 13: 
12 19
16 10
18 2
5 4
6 11
6 7
8 17

Solution 14: 
12 19
16 10
18 2
5 11
5 4
6 7
8 17

Solution 15: 
12 19
16 10
18 1
5 11
5 4
6 7
8 17

Solution 16: 
12 19
16 10
18 1
4 15
5 4
6 7
8 17

Solution 17: 
12 19
16 10
18 2
4 15
5 4
6 7
8 17

Solution 18: 
12 19
16 10
18 2
4 13
5 4
6 7
8 17

Solution 19: 
12 19
16 10
18 1
4 13
5 4
6 7
8 17

Solution 20: 
12 19
15 6
16 10
4 13
5 4
6 7
8 17

Solution 21: 
12 19
14 6
16 10
4 13
5 4
6 7
8 17

Solution 22: 
12 19
15 6
16 10
5 11
5 4
6 7
8 17

Solution 23: 
12 19
15 6
16 10
4 15
5 4
6 7
8 17

Solution 24: 
12 19
15 6
16 10
5 4
6 11
6 7
8 17

Solution 25: 
15 6
16 10
16 14
5 4
6 11
6 7
8 17

Solution 26: 
10 16
15 6
16 10
5 4
6 11
6 7
8 17

Solution 27: 
10 16
15 6
16 10
4 15
5 4
6 7
8 17

Solution 28: 
10 16
15 6
16 10
5 11
5 4
6 7
8 17

Solution 29: 
10 16
15 6
16 10
5 4
6 7
8 15
8 17

Solution 30: 
15 6
16 10
16 14
5 4
6 7
8 15
8 17

Solution 31: 
15 6
16 10
16 14
5 11
5 4
6 7
8 17

Solution 32: 
15 6
16 10
16 14
4 15
5 4
6 7
8 17

Solution 33: 
15 6
16 10
16 14
4 13
5 4
6 7
8 17

Solution 34: 
10 16
15 6
16 10
4 13
5 4
6 7
8 17

Solution 35: 
10 16
14 1
16 10
4 13
5 4
6 7
8 17

Solution 36: 
10 16
14 6
16 10
4 13
5 4
6 7
8 17

Solution 37: 
10 16
16 10
18 2
4 13
5 4
6 7
8 17

Solution 38: 
10 16
16 10
18 1
4 13
5 4
6 7
8 17

Solution 39: 
10 16
16 10
18 1
5 11
5 4
6 7
8 17

Solution 40: 
10 16
16 10
18 1
5 4
6 11
6 7
8 17

Solution 41: 
10 16
16 10
18 1
4 15
5 4
6 7
8 17

Solution 42: 
10 16
16 10
18 1
5 4
6 7
8 15
8 17

Solution 43: 
10 16
16 10
18 2
5 4
6 7
8 15
8 17

Solution 44: 
10 16
16 10
18 2
5 11
5 4
6 7
8 17

Solution 45: 
10 16
16 10
18 2
5 4
6 11
6 7
8 17

Solution 46: 
10 16
16 10
18 2
4 15
5 4
6 7
8 17

Solution 47: 
10 16
14 6
16 10
4 15
5 4
6 7
8 17

Solution 48: 
10 16
14 6
16 10
5 11
5 4
6 7
8 17

Solution 49: 
10 16
14 6
16 10
5 4
6 11
6 7
8 17

Solution 50: 
10 16
14 6
16 10
5 4
6 7
8 15
8 17

Solution 51: 
10 16
14 1
16 10
5 4
6 7
8 15
8 17

Solution 52: 
10 16
14 1
16 10
4 15
5 4
6 7
8 17

Solution 53: 
10 16
14 1
16 10
5 11
5 4
6 7
8 17

Solution 54: 
10 16
14 1
16 10
5 4
6 11
6 7
8 17

Solution 55: 
14 1
16 10
16 14
5 4
6 11
6 7
8 17

Solution 56: 
14 1
16 10
16 14
4 15
5 4
6 7
8 17

Solution 57: 
14 1
16 10
16 14
5 11
5 4
6 7
8 17

Solution 58: 
14 1
16 10
16 14
5 4
6 7
8 15
8 17

Solution 59: 
14 1
16 10
16 14
4 13
5 4
6 7
8 17

Solution 60: 
14 6
16 10
16 14
4 13
5 4
6 7
8 17

Solution 61: 
16 10
16 14
18 1
4 13
5 4
6 7
8 17

Solution 62: 
16 10
16 14
18 2
4 13
5 4
6 7
8 17

Solution 63: 
16 10
16 14
18 2
4 15
5 4
6 7
8 17

Solution 64: 
14 6
16 10
16 14
4 15
5 4
6 7
8 17

Solution 65: 
16 10
16 14
18 1
4 15
5 4
6 7
8 17

Solution 66: 
16 10
16 14
18 1
5 4
6 11
6 7
8 17

Solution 67: 
14 6
16 10
16 14
5 4
6 11
6 7
8 17

Solution 68: 
16 10
16 14
18 2
5 4
6 11
6 7
8 17

Solution 69: 
16 10
16 14
18 2
5 11
5 4
6 7
8 17

Solution 70: 
16 10
16 14
18 2
5 4
6 7
8 15
8 17

Solution 71: 
14 6
16 10
16 14
5 4
6 7
8 15
8 17

Solution 72: 
16 10
16 14
18 1
5 4
6 7
8 15
8 17

Solution 73: 
16 10
16 14
18 1
5 11
5 4
6 7
8 17

Solution 74: 
14 6
16 10
16 14
5 11
5 4
6 7
8 17

Solution 75: 
14 6
16 14
19 9
5 11
5 4
6 7
8 17

Solution 76: 
14 6
16 14
19 9
4 13
5 4
6 7
8 17

Solution 77: 
14 6
16 14
19 9
4 15
5 4
6 7
8 17

Solution 78: 
14 6
16 14
19 9
5 4
6 11
6 7
8 17

Solution 79: 
14 6
16 14
19 9
5 4
6 7
8 15
8 17

Solution 80: 
14 1
16 14
19 9
5 4
6 7
8 15
8 17

Solution 81: 
16 14
18 1
19 9
5 4
6 7
8 15
8 17

Solution 82: 
16 14
18 2
19 9
5 4
6 7
8 15
8 17

Solution 83: 
16 14
18 2
19 9
4 15
5 4
6 7
8 17

Solution 84: 
16 14
18 2
19 9
4 13
5 4
6 7
8 17

Solution 85: 
16 14
18 2
19 9
5 4
6 11
6 7
8 17

Solution 86: 
16 14
18 2
19 9
5 11
5 4
6 7
8 17

Solution 87: 
16 14
18 1
19 9
5 11
5 4
6 7
8 17

Solution 88: 
15 6
16 14
19 9
5 11
5 4
6 7
8 17

Solution 89: 
14 1
16 14
19 9
5 11
5 4
6 7
8 17

Solution 90: 
14 1
16 14
19 9
4 15
5 4
6 7
8 17

Solution 91: 
14 1
16 14
19 9
5 4
6 11
6 7
8 17

Solution 92: 
14 1
16 14
19 9
4 13
5 4
6 7
8 17

Solution 93: 
16 14
18 1
19 9
4 13
5 4
6 7
8 17

Solution 94: 
16 14
18 1
19 9
4 15
5 4
6 7
8 17

Solution 95: 
16 14
18 1
19 9
5 4
6 11
6 7
8 17

Solution 96: 
15 6
16 14
19 9
5 4
6 11
6 7
8 17

Solution 97: 
15 6
16 14
19 9
4 15
5 4
6 7
8 17

Solution 98: 
15 6
16 14
19 9
4 13
5 4
6 7
8 17

Solution 99: 
15 6
16 14
19 9
5 4
6 7
8 15
8 17

Solution 100: 
10 16
15 6
19 9
5 4
6 7
8 15
8 17

Solution 101: 
12 19
15 6
19 9
5 4
6 7
8 15
8 17

Solution 102: 
12 19
15 6
19 9
4 15
5 4
6 7
8 17

Solution 103: 
12 19
15 6
19 9
5 4
6 11
6 7
8 17

Solution 104: 
12 19
15 6
19 9
4 13
5 4
6 7
8 17

Solution 105: 
12 19
15 6
19 9
5 11
5 4
6 7
8 17

Solution 106: 
10 16
15 6
19 9
5 11
5 4
6 7
8 17

Solution 107: 
10 16
15 6
19 9
5 4
6 11
6 7
8 17

Solution 108: 
10 16
15 6
19 9
4 13
5 4
6 7
8 17

Solution 109: 
10 16
15 6
19 9
4 15
5 4
6 7
8 17

Solution 110: 
10 16
15 6
20 10
4 15
5 4
6 7
8 17

Solution 111: 
10 16
15 6
20 9
4 15
5 4
6 7
8 17

Solution 112: 
10 16
15 6
20 9
4 13
5 4
6 7
8 17

Solution 113: 
10 16
15 6
20 10
4 13
5 4
6 7
8 17

Solution 114: 
10 16
15 6
20 10
5 4
6 7
8 15
8 17

Solution 115: 
10 16
15 6
20 9
5 4
6 7
8 15
8 17

Solution 116: 
10 16
15 6
20 9
5 4
6 11
6 7
8 17

Solution 117: 
10 16
15 6
20 9
5 11
5 4
6 7
8 17

Solution 118: 
10 16
15 6
20 10
5 11
5 4
6 7
8 17

Solution 119: 
10 16
15 6
20 10
5 4
6 11
6 7
8 17

Solution 120: 
12 19
15 6
20 10
5 4
6 11
6 7
8 17

Solution 121: 
12 19
15 6
20 10
5 4
6 7
8 15
8 17

Solution 122: 
12 19
15 6
20 10
4 15
5 4
6 7
8 17

Solution 123: 
12 19
15 6
20 10
5 11
5 4
6 7
8 17

Solution 124: 
12 19
15 6
20 10
4 13
5 4
6 7
8 17

Solution 125: 
15 6
16 14
20 10
4 13
5 4
6 7
8 17

Solution 126: 
15 6
16 14
20 10
4 15
5 4
6 7
8 17

Solution 127: 
15 6
16 14
20 10
5 4
6 7
8 15
8 17

Solution 128: 
15 6
16 14
20 10
5 11
5 4
6 7
8 17

Solution 129: 
15 6
16 14
20 10
5 4
6 11
6 7
8 17

Solution 130: 
15 6
16 14
20 9
5 4
6 11
6 7
8 17

Solution 131: 
15 6
16 14
20 9
5 4
6 7
8 15
8 17

Solution 132: 
15 6
16 14
20 9
4 15
5 4
6 7
8 17

Solution 133: 
15 6
16 14
20 9
4 13
5 4
6 7
8 17

Solution 134: 
12 19
15 6
20 9
4 13
5 4
6 7
8 17

Solution 135: 
12 19
15 6
20 9
5 4
6 7
8 15
8 17

Solution 136: 
12 19
15 6
20 9
4 15
5 4
6 7
8 17

Solution 137: 
12 19
15 6
20 9
5 4
6 11
6 7
8 17

Solution 138: 
12 19
15 6
20 9
5 11
5 4
6 7
8 17

Solution 139: 
15 6
16 14
20 9
5 11
5 4
6 7
8 17

Solution 140: 
16 14
18 2
20 9
5 11
5 4
6 7
8 17

Solution 141: 
16 14
18 2
20 9
5 4
6 7
8 15
8 17

Solution 142: 
16 14
18 2
20 9
4 13
5 4
6 7
8 17

Solution 143: 
16 14
18 2
20 9
4 15
5 4
6 7
8 17

Solution 144: 
16 14
18 2
20 9
5 4
6 11
6 7
8 17

Solution 145: 
16 14
18 2
20 10
5 4
6 11
6 7
8 17

Solution 146: 
16 14
18 2
20 10
4 15
5 4
6 7
8 17

Solution 147: 
16 14
18 2
20 10
5 4
6 7
8 15
8 17

Solution 148: 
16 14
18 2
20 10
4 13
5 4
6 7
8 17

Solution 149: 
16 14
18 2
20 10
5 11
5 4
6 7
8 17

Solution 150: 
16 14
18 2
20 10
5 11
5 4
8 17
9 8

Solution 151: 
16 14
18 2
20 10
4 13
5 4
8 17
9 8

Solution 152: 
16 14
18 2
20 10
4 15
5 4
8 17
9 8

Solution 153: 
16 14
18 2
20 10
5 4
8 15
8 17
9 8

Solution 154: 
11 8
16 14
18 2
20 10
5 4
8 15
8 17

Solution 155: 
11 7
16 14
18 2
20 10
5 4
8 15
8 17

Solution 156: 
11 7
16 14
18 2
20 10
5 4
6 11
8 17

Solution 157: 
11 8
16 14
18 2
20 10
5 4
6 11
8 17

Solution 158: 
16 14
18 2
20 10
5 4
6 11
8 17
9 8

Solution 159: 
15 6
16 14
20 10
5 4
6 11
8 17
9 8

Solution 160: 
11 8
15 6
16 14
20 10
5 4
6 11
8 17

Solution 161: 
11 7
15 6
16 14
20 10
5 4
6 11
8 17

Solution 162: 
11 7
15 6
16 14
20 10
5 4
8 15
8 17

Solution 163: 
11 8
15 6
16 14
20 10
5 4
8 15
8 17

Solution 164: 
15 6
16 14
20 10
5 4
8 15
8 17
9 8

Solution 165: 
15 6
16 14
20 10
4 15
5 4
8 17
9 8

Solution 166: 
15 6
16 14
20 10
4 13
5 4
8 17
9 8

Solution 167: 
15 6
16 14
20 10
5 11
5 4
8 17
9 8

Solution 168: 
10 16
15 6
20 10
5 11
5 4
8 17
9 8

Solution 169: 
12 19
15 6
20 10
5 11
5 4
8 17
9 8

Solution 170: 
12 19
15 6
20 10
4 13
5 4
8 17
9 8

Solution 171: 
12 19
15 6
20 10
4 15
5 4
8 17
9 8

Solution 172: 
12 19
15 6
20 10
5 4
6 11
8 17
9 8

Solution 173: 
10 16
15 6
20 10
5 4
6 11
8 17
9 8

Solution 174: 
10 16
15 6
20 10
4 15
5 4
8 17
9 8

Solution 175: 
10 16
15 6
20 10
4 13
5 4
8 17
9 8

Solution 176: 
10 16
15 6
20 10
5 4
8 15
8 17
9 8

Solution 177: 
12 19
15 6
20 10
5 4
8 15
8 17
9 8

Solution 178: 
11 7
12 19
15 6
20 10
5 4
8 15
8 17

Solution 179: 
11 8
12 19
15 6
20 10
5 4
8 15
8 17

Solution 180: 
11 8
12 19
15 6
20 10
5 4
6 11
8 17

Solution 181: 
11 7
12 19
15 6
20 10
5 4
6 11
8 17

Solution 182: 
10 16
11 7
15 6
20 10
5 4
6 11
8 17

Solution 183: 
10 16
11 8
15 6
20 10
5 4
6 11
8 17

Solution 184: 
10 16
11 8
15 6
20 10
5 4
8 15
8 17

Solution 185: 
10 16
11 7
15 6
20 10
5 4
8 15
8 17

Solution 186: 
10 16
11 7
15 6
20 9
5 4
8 15
8 17

Solution 187: 
10 16
11 7
15 6
19 9
5 4
8 15
8 17

Solution 188: 
10 16
11 7
15 6
16 10
5 4
8 15
8 17

Solution 189: 
10 16
11 7
14 6
16 10
5 4
8 15
8 17

Solution 190: 
10 16
11 7
14 1
16 10
5 4
8 15
8 17

Solution 191: 
10 16
11 7
16 10
18 1
5 4
8 15
8 17

Solution 192: 
10 16
11 8
16 10
18 1
5 4
8 15
8 17

Solution 193: 
10 16
11 8
14 1
16 10
5 4
8 15
8 17

Solution 194: 
10 16
11 8
14 6
16 10
5 4
8 15
8 17

Solution 195: 
10 16
14 6
16 10
5 4
8 15
8 17
9 8

Solution 196: 
10 16
14 1
16 10
5 4
8 15
8 17
9 8

Solution 197: 
10 16
16 10
18 1
5 4
8 15
8 17
9 8

Solution 198: 
10 16
15 6
16 10
5 4
8 15
8 17
9 8

Solution 199: 
10 16
11 8
15 6
16 10
5 4
8 15
8 17

Solution 200: 
10 16
11 8
16 10
18 2
5 4
8 15
8 17

Solution 201: 
10 16
11 7
16 10
18 2
5 4
8 15
8 17

Solution 202: 
10 16
16 10
18 2
5 4
8 15
8 17
9 8

Solution 203: 
10 16
16 10
18 2
4 15
5 4
8 17
9 8

Solution 204: 
10 16
16 10
18 2
5 11
5 4
8 17
9 8

Solution 205: 
10 16
16 10
18 2
4 13
5 4
8 17
9 8

Solution 206: 
10 16
16 10
18 2
5 4
6 11
8 17
9 8

Solution 207: 
10 16
11 8
16 10
18 2
5 4
6 11
8 17

Solution 208: 
10 16
11 7
16 10
18 2
5 4
6 11
8 17

Solution 209: 
10 16
11 7
14 1
16 10
5 4
6 11
8 17

Solution 210: 
10 16
11 7
14 6
16 10
5 4
6 11
8 17

Solution 211: 
10 16
11 7
16 10
18 1
5 4
6 11
8 17

Solution 212: 
10 16
11 7
15 6
16 10
5 4
6 11
8 17

Solution 213: 
10 16
11 8
15 6
16 10
5 4
6 11
8 17

Solution 214: 
10 16
15 6
16 10
5 4
6 11
8 17
9 8

Solution 215: 
10 16
14 1
16 10
5 4
6 11
8 17
9 8

Solution 216: 
10 16
14 6
16 10
5 4
6 11
8 17
9 8

Solution 217: 
10 16
11 8
14 6
16 10
5 4
6 11
8 17

Solution 218: 
10 16
11 8
14 1
16 10
5 4
6 11
8 17

Solution 219: 
10 16
11 8
16 10
18 1
5 4
6 11
8 17

Solution 220: 
10 16
16 10
18 1
5 4
6 11
8 17
9 8

Solution 221: 
10 16
16 10
18 1
4 15
5 4
8 17
9 8

Solution 222: 
10 16
16 10
18 1
4 13
5 4
8 17
9 8

Solution 223: 
10 16
16 10
18 1
5 11
5 4
8 17
9 8

Solution 224: 
10 16
14 6
16 10
5 11
5 4
8 17
9 8

Solution 225: 
10 16
14 6
16 10
4 15
5 4
8 17
9 8

Solution 226: 
10 16
14 6
16 10
4 13
5 4
8 17
9 8

Solution 227: 
10 16
14 1
16 10
4 13
5 4
8 17
9 8

Solution 228: 
10 16
14 1
16 10
4 15
5 4
8 17
9 8

Solution 229: 
10 16
14 1
16 10
5 11
5 4
8 17
9 8

Solution 230: 
10 16
15 6
16 10
5 11
5 4
8 17
9 8

Solution 231: 
10 16
15 6
16 10
4 15
5 4
8 17
9 8

Solution 232: 
10 16
15 6
16 10
4 13
5 4
8 17
9 8

Solution 233: 
10 16
15 6
20 9
4 13
5 4
8 17
9 8

Solution 234: 
10 16
15 6
19 9
4 13
5 4
8 17
9 8

Solution 235: 
10 16
15 6
19 9
4 15
5 4
8 17
9 8

Solution 236: 
10 16
15 6
19 9
5 4
6 11
8 17
9 8

Solution 237: 
10 16
15 6
19 9
5 11
5 4
8 17
9 8

Solution 238: 
10 16
15 6
19 9
5 4
8 15
8 17
9 8

Solution 239: 
10 16
15 6
20 9
5 4
8 15
8 17
9 8

Solution 240: 
10 16
15 6
20 9
4 15
5 4
8 17
9 8

Solution 241: 
10 16
15 6
20 9
5 4
6 11
8 17
9 8

Solution 242: 
10 16
15 6
20 9
5 11
5 4
8 17
9 8

Solution 243: 
10 16
11 8
15 6
20 9
5 4
6 11
8 17

Solution 244: 
10 16
11 7
15 6
20 9
5 4
6 11
8 17

Solution 245: 
10 16
11 8
15 6
20 9
5 4
8 15
8 17

Solution 246: 
10 16
11 8
15 6
19 9
5 4
8 15
8 17

Solution 247: 
10 16
11 8
15 6
19 9
5 4
6 11
8 17

Solution 248: 
10 16
11 7
15 6
19 9
5 4
6 11
8 17

Solution 249: 
11 7
12 19
15 6
19 9
5 4
6 11
8 17

Solution 250: 
11 7
12 19
15 6
16 10
5 4
6 11
8 17

Solution 251: 
11 7
12 19
15 6
20 9
5 4
6 11
8 17

Solution 252: 
11 7
12 19
16 10
18 1
5 4
6 11
8 17

Solution 253: 
11 7
12 19
14 6
16 10
5 4
6 11
8 17

Solution 254: 
11 7
12 19
14 1
16 10
5 4
6 11
8 17

Solution 255: 
11 7
12 19
16 10
18 2
5 4
6 11
8 17

Solution 256: 
11 7
16 10
16 14
18 2
5 4
6 11
8 17

Solution 257: 
11 7
14 6
16 10
16 14
5 4
6 11
8 17

Solution 258: 
11 7
14 1
16 10
16 14
5 4
6 11
8 17

Solution 259: 
11 7
16 10
16 14
18 1
5 4
6 11
8 17

Solution 260: 
11 7
15 6
16 10
16 14
5 4
6 11
8 17

Solution 261: 
11 7
15 6
16 14
19 9
5 4
6 11
8 17

Solution 262: 
11 7
15 6
16 14
20 9
5 4
6 11
8 17

Solution 263: 
11 7
16 14
18 2
20 9
5 4
6 11
8 17

Solution 264: 
11 7
16 14
18 2
19 9
5 4
6 11
8 17

Solution 265: 
11 7
14 1
16 14
19 9
5 4
6 11
8 17

Solution 266: 
11 7
16 14
18 1
19 9
5 4
6 11
8 17

Solution 267: 
11 7
14 6
16 14
19 9
5 4
6 11
8 17

Solution 268: 
14 6
16 14
19 9
5 4
6 11
8 17
9 8

Solution 269: 
11 8
14 6
16 14
19 9
5 4
6 11
8 17

Solution 270: 
11 8
14 6
16 10
16 14
5 4
6 11
8 17

Solution 271: 
14 6
16 10
16 14
5 4
6 11
8 17
9 8

Solution 272: 
12 19
14 6
16 10
5 4
6 11
8 17
9 8

Solution 273: 
11 8
12 19
14 6
16 10
5 4
6 11
8 17

Solution 274: 
11 8
12 19
16 10
18 1
5 4
6 11
8 17

Solution 275: 
11 8
12 19
14 1
16 10
5 4
6 11
8 17

Solution 276: 
11 8
12 19
16 10
18 2
5 4
6 11
8 17

Solution 277: 
11 8
12 19
15 6
16 10
5 4
6 11
8 17

Solution 278: 
12 19
15 6
16 10
5 4
6 11
8 17
9 8

Solution 279: 
12 19
14 1
16 10
5 4
6 11
8 17
9 8

Solution 280: 
12 19
16 10
18 1
5 4
6 11
8 17
9 8

Solution 281: 
12 19
16 10
18 2
5 4
6 11
8 17
9 8

Solution 282: 
16 10
16 14
18 2
5 4
6 11
8 17
9 8

Solution 283: 
11 8
16 10
16 14
18 2
5 4
6 11
8 17

Solution 284: 
11 8
14 1
16 10
16 14
5 4
6 11
8 17

Solution 285: 
11 8
16 10
16 14
18 1
5 4
6 11
8 17

Solution 286: 
11 8
15 6
16 10
16 14
5 4
6 11
8 17

Solution 287: 
15 6
16 10
16 14
5 4
6 11
8 17
9 8

Solution 288: 
14 1
16 10
16 14
5 4
6 11
8 17
9 8

Solution 289: 
16 10
16 14
18 1
5 4
6 11
8 17
9 8

Solution 290: 
16 14
18 1
19 9
5 4
6 11
8 17
9 8

Solution 291: 
14 1
16 14
19 9
5 4
6 11
8 17
9 8

Solution 292: 
16 14
18 2
19 9
5 4
6 11
8 17
9 8

Solution 293: 
16 14
18 2
20 9
5 4
6 11
8 17
9 8

Solution 294: 
15 6
16 14
20 9
5 4
6 11
8 17
9 8

Solution 295: 
15 6
16 14
19 9
5 4
6 11
8 17
9 8

Solution 296: 
12 19
15 6
19 9
5 4
6 11
8 17
9 8

Solution 297: 
12 19
15 6
20 9
5 4
6 11
8 17
9 8

Solution 298: 
11 8
12 19
15 6
20 9
5 4
6 11
8 17

Solution 299: 
11 8
15 6
16 14
20 9
5 4
6 11
8 17

Solution 300: 
11 8
16 14
18 2
20 9
5 4
6 11
8 17

Solution 301: 
11 8
16 14
18 2
19 9
5 4
6 11
8 17

Solution 302: 
11 8
16 14
18 1
19 9
5 4
6 11
8 17

Solution 303: 
11 8
14 1
16 14
19 9
5 4
6 11
8 17

Solution 304: 
11 8
15 6
16 14
19 9
5 4
6 11
8 17

Solution 305: 
11 8
12 19
15 6
19 9
5 4
6 11
8 17

Solution 306: 
11 8
12 19
15 6
19 9
5 4
8 15
8 17

Solution 307: 
11 8
15 6
16 14
19 9
5 4
8 15
8 17

Solution 308: 
11 8
15 6
16 14
20 9
5 4
8 15
8 17

Solution 309: 
11 8
15 6
16 10
16 14
5 4
8 15
8 17

Solution 310: 
11 8
12 19
15 6
16 10
5 4
8 15
8 17

Solution 311: 
11 8
12 19
15 6
20 9
5 4
8 15
8 17

Solution 312: 
11 8
12 19
14 6
16 10
5 4
8 15
8 17

Solution 313: 
11 8
12 19
16 10
18 1
5 4
8 15
8 17

Solution 314: 
11 8
12 19
14 1
16 10
5 4
8 15
8 17

Solution 315: 
11 8
12 19
16 10
18 2
5 4
8 15
8 17

Solution 316: 
11 8
16 10
16 14
18 2
5 4
8 15
8 17

Solution 317: 
11 8
16 14
18 2
19 9
5 4
8 15
8 17

Solution 318: 
11 8
16 14
18 2
20 9
5 4
8 15
8 17

Solution 319: 
11 8
16 10
16 14
18 1
5 4
8 15
8 17

Solution 320: 
11 8
16 14
18 1
19 9
5 4
8 15
8 17

Solution 321: 
11 8
14 1
16 14
19 9
5 4
8 15
8 17

Solution 322: 
11 8
14 1
16 10
16 14
5 4
8 15
8 17

Solution 323: 
11 8
14 6
16 10
16 14
5 4
8 15
8 17

Solution 324: 
11 8
14 6
16 14
19 9
5 4
8 15
8 17

Solution 325: 
11 7
14 6
16 14
19 9
5 4
8 15
8 17

Solution 326: 
11 7
16 14
18 1
19 9
5 4
8 15
8 17

Solution 327: 
11 7
15 6
16 14
19 9
5 4
8 15
8 17

Solution 328: 
11 7
15 6
16 14
20 9
5 4
8 15
8 17

Solution 329: 
11 7
14 1
16 14
19 9
5 4
8 15
8 17

Solution 330: 
14 1
16 14
19 9
5 4
8 15
8 17
9 8

Solution 331: 
16 14
18 1
19 9
5 4
8 15
8 17
9 8

Solution 332: 
14 6
16 14
19 9
5 4
8 15
8 17
9 8

Solution 333: 
15 6
16 14
19 9
5 4
8 15
8 17
9 8

Solution 334: 
15 6
16 14
20 9
5 4
8 15
8 17
9 8

Solution 335: 
15 6
16 10
16 14
5 4
8 15
8 17
9 8

Solution 336: 
16 10
16 14
18 1
5 4
8 15
8 17
9 8

Solution 337: 
14 6
16 10
16 14
5 4
8 15
8 17
9 8

Solution 338: 
14 1
16 10
16 14
5 4
8 15
8 17
9 8

Solution 339: 
11 7
14 1
16 10
16 14
5 4
8 15
8 17

Solution 340: 
11 7
16 10
16 14
18 1
5 4
8 15
8 17

Solution 341: 
11 7
14 6
16 10
16 14
5 4
8 15
8 17

Solution 342: 
11 7
15 6
16 10
16 14
5 4
8 15
8 17

Solution 343: 
11 7
16 10
16 14
18 2
5 4
8 15
8 17

Solution 344: 
11 7
16 14
18 2
20 9
5 4
8 15
8 17

Solution 345: 
16 14
18 2
20 9
5 4
8 15
8 17
9 8

Solution 346: 
16 10
16 14
18 2
5 4
8 15
8 17
9 8

Solution 347: 
16 14
18 2
19 9
5 4
8 15
8 17
9 8

Solution 348: 
11 7
16 14
18 2
19 9
5 4
8 15
8 17

Solution 349: 
16 14
18 2
19 9
4 13
5 4
8 17
9 8

Solution 350: 
16 14
18 2
19 9
4 15
5 4
8 17
9 8

Solution 351: 
16 14
18 2
19 9
5 11
5 4
8 17
9 8

Solution 352: 
16 14
18 2
20 9
5 11
5 4
8 17
9 8

Solution 353: 
16 10
16 14
18 2
5 11
5 4
8 17
9 8

Solution 354: 
16 10
16 14
18 2
4 13
5 4
8 17
9 8

Solution 355: 
16 10
16 14
18 2
4 15
5 4
8 17
9 8

Solution 356: 
16 14
18 2
20 9
4 15
5 4
8 17
9 8

Solution 357: 
16 14
18 2
20 9
4 13
5 4
8 17
9 8

Solution 358: 
15 6
16 14
20 9
4 13
5 4
8 17
9 8

Solution 359: 
15 6
16 14
20 9
4 15
5 4
8 17
9 8

Solution 360: 
15 6
16 14
20 9
5 11
5 4
8 17
9 8

Solution 361: 
15 6
16 10
16 14
5 11
5 4
8 17
9 8

Solution 362: 
15 6
16 10
16 14
4 13
5 4
8 17
9 8

Solution 363: 
15 6
16 10
16 14
4 15
5 4
8 17
9 8

Solution 364: 
15 6
16 14
19 9
4 15
5 4
8 17
9 8

Solution 365: 
15 6
16 14
19 9
4 13
5 4
8 17
9 8

Solution 366: 
15 6
16 14
19 9
5 11
5 4
8 17
9 8

Solution 367: 
16 14
18 1
19 9
5 11
5 4
8 17
9 8

Solution 368: 
14 1
16 14
19 9
5 11
5 4
8 17
9 8

Solution 369: 
14 6
16 14
19 9
5 11
5 4
8 17
9 8

Solution 370: 
14 6
16 10
16 14
5 11
5 4
8 17
9 8

Solution 371: 
16 10
16 14
18 1
5 11
5 4
8 17
9 8

Solution 372: 
14 1
16 10
16 14
5 11
5 4
8 17
9 8

Solution 373: 
14 1
16 10
16 14
4 15
5 4
8 17
9 8

Solution 374: 
14 1
16 10
16 14
4 13
5 4
8 17
9 8

Solution 375: 
16 10
16 14
18 1
4 13
5 4
8 17
9 8

Solution 376: 
16 10
16 14
18 1
4 15
5 4
8 17
9 8

Solution 377: 
14 6
16 10
16 14
4 15
5 4
8 17
9 8

Solution 378: 
14 6
16 10
16 14
4 13
5 4
8 17
9 8

Solution 379: 
14 6
16 14
19 9
4 13
5 4
8 17
9 8

Solution 380: 
14 6
16 14
19 9
4 15
5 4
8 17
9 8

Solution 381: 
16 14
18 1
19 9
4 15
5 4
8 17
9 8

Solution 382: 
14 1
16 14
19 9
4 15
5 4
8 17
9 8

Solution 383: 
14 1
16 14
19 9
4 13
5 4
8 17
9 8

Solution 384: 
16 14
18 1
19 9
4 13
5 4
8 17
9 8

Solution 385: 
12 19
15 6
19 9
4 13
5 4
8 17
9 8

Solution 386: 
12 19
15 6
19 9
5 4
8 15
8 17
9 8

Solution 387: 
12 19
15 6
19 9
5 11
5 4
8 17
9 8

Solution 388: 
12 19
15 6
19 9
4 15
5 4
8 17
9 8

Solution 389: 
12 19
15 6
20 9
4 15
5 4
8 17
9 8

Solution 390: 
12 19
15 6
16 10
4 15
5 4
8 17
9 8

Solution 391: 
12 19
15 6
16 10
5 4
8 15
8 17
9 8

Solution 392: 
12 19
15 6
16 10
4 13
5 4
8 17
9 8

Solution 393: 
12 19
15 6
16 10
5 11
5 4
8 17
9 8

Solution 394: 
12 19
15 6
20 9
5 11
5 4
8 17
9 8

Solution 395: 
12 19
15 6
20 9
4 13
5 4
8 17
9 8

Solution 396: 
12 19
15 6
20 9
5 4
8 15
8 17
9 8

Solution 397: 
12 19
16 10
18 1
5 4
8 15
8 17
9 8

Solution 398: 
12 19
14 1
16 10
5 4
8 15
8 17
9 8

Solution 399: 
12 19
14 6
16 10
5 4
8 15
8 17
9 8

Solution 400: 
12 19
16 10
18 2
5 4
8 15
8 17
9 8

Solution 401: 
12 19
16 10
18 2
5 11
5 4
8 17
9 8

Solution 402: 
12 19
16 10
18 2
4 13
5 4
8 17
9 8

Solution 403: 
12 19
16 10
18 2
4 15
5 4
8 17
9 8

Solution 404: 
12 19
14 1
16 10
4 15
5 4
8 17
9 8

Solution 405: 
12 19
16 10
18 1
4 15
5 4
8 17
9 8

Solution 406: 
12 19
14 6
16 10
4 15
5 4
8 17
9 8

Solution 407: 
12 19
14 6
16 10
4 13
5 4
8 17
9 8

Solution 408: 
12 19
14 6
16 10
5 11
5 4
8 17
9 8

Solution 409: 
12 19
14 1
16 10
5 11
5 4
8 17
9 8

Solution 410: 
12 19
16 10
18 1
5 11
5 4
8 17
9 8

Solution 411: 
12 19
16 10
18 1
4 13
5 4
8 17
9 8

Solution 412: 
12 19
14 1
16 10
4 13
5 4
8 17
9 8

Solution 413: 
11 7
12 19
14 1
16 10
5 4
8 15
8 17

Solution 414: 
11 7
12 19
16 10
18 1
5 4
8 15
8 17

Solution 415: 
11 7
12 19
14 6
16 10
5 4
8 15
8 17

Solution 416: 
11 7
12 19
16 10
18 2
5 4
8 15
8 17

Solution 417: 
11 7
12 19
15 6
16 10
5 4
8 15
8 17

Solution 418: 
11 7
12 19
15 6
19 9
5 4
8 15
8 17

Solution 419: 
11 7
12 19
15 6
20 9
5 4
8 15
8 17

Solution 420: 
11 7
12 19
15 6
20 9
5 4
7 18
8 15

Solution 421: 
11 7
12 19
15 6
2 17
20 9
5 4
8 15

Solution 422: 
11 7
12 19
15 6
2 18
20 9
5 4
8 15

Solution 423: 
11 7
12 19
15 6
2 18
20 10
5 4
8 15

Solution 424: 
11 7
12 19
15 6
19 9
2 18
5 4
8 15

Solution 425: 
11 7
12 19
15 6
19 9
2 17
5 4
8 15

Solution 426: 
11 7
12 19
15 6
19 9
5 4
7 18
8 15

Solution 427: 
11 7
12 19
15 6
20 10
5 4
7 18
8 15

Solution 428: 
11 7
12 19
15 6
16 10
5 4
7 18
8 15

Solution 429: 
11 7
12 19
15 6
16 10
2 17
5 4
8 15

Solution 430: 
11 7
12 19
15 6
2 17
20 10
5 4
8 15

Solution 431: 
11 7
12 19
15 6
16 10
2 18
5 4
8 15

Solution 432: 
10 16
11 7
15 6
16 10
5 4
7 18
8 15

Solution 433: 
10 16
11 7
15 6
20 9
5 4
7 18
8 15

Solution 434: 
10 16
11 7
15 6
19 9
5 4
7 18
8 15

Solution 435: 
10 16
11 7
15 6
20 10
5 4
7 18
8 15

Solution 436: 
10 16
11 7
16 10
18 1
5 4
7 18
8 15

Solution 437: 
10 16
11 7
14 6
16 10
5 4
7 18
8 15

Solution 438: 
10 16
11 7
14 1
16 10
5 4
7 18
8 15

Solution 439: 
11 7
12 19
14 1
16 10
5 4
7 18
8 15

Solution 440: 
11 7
12 19
14 6
16 10
5 4
7 18
8 15

Solution 441: 
11 7
12 19
16 10
18 1
5 4
7 18
8 15

Solution 442: 
11 7
12 19
16 10
18 2
5 4
7 18
8 15

Solution 443: 
10 16
11 7
16 10
18 2
5 4
7 18
8 15

Solution 444: 
11 7
12 19
16 10
18 2
2 18
5 4
8 15

Solution 445: 
11 7
12 19
16 10
18 2
2 17
5 4
8 15

Solution 446: 
11 7
12 19
14 6
16 10
2 17
5 4
8 15

Solution 447: 
11 7
12 19
16 10
18 1
2 17
5 4
8 15

Solution 448: 
11 7
12 19
14 1
16 10
2 17
5 4
8 15

Solution 449: 
11 7
12 19
14 1
16 10
2 18
5 4
8 15

Solution 450: 
11 7
12 19
16 10
18 1
2 18
5 4
8 15

Solution 451: 
11 7
12 19
14 6
16 10
2 18
5 4
8 15

Solution 452: 
11 8
12 19
14 6
16 10
2 18
5 4
8 15

Solution 453: 
12 19
14 6
16 10
2 18
5 4
6 7
8 15

Solution 454: 
12 19
14 6
16 10
2 18
5 4
8 15
9 8

Solution 455: 
12 19
16 10
18 1
2 18
5 4
8 15
9 8

Solution 456: 
12 19
14 1
16 10
2 18
5 4
8 15
9 8

Solution 457: 
12 19
16 10
18 2
2 18
5 4
8 15
9 8

Solution 458: 
12 19
15 6
16 10
2 18
5 4
8 15
9 8

Solution 459: 
12 19
15 6
2 18
20 9
5 4
8 15
9 8

Solution 460: 
12 19
15 6
19 9
2 18
5 4
8 15
9 8

Solution 461: 
12 19
15 6
2 18
20 10
5 4
8 15
9 8

Solution 462: 
12 19
15 6
2 18
20 10
5 4
6 7
8 15

Solution 463: 
11 8
12 19
15 6
2 18
20 10
5 4
8 15

Solution 464: 
11 8
12 19
15 6
2 18
20 9
5 4
8 15

Solution 465: 
11 8
12 19
15 6
19 9
2 18
5 4
8 15

Solution 466: 
11 8
12 19
15 6
16 10
2 18
5 4
8 15

Solution 467: 
12 19
15 6
16 10
2 18
5 4
6 7
8 15

Solution 468: 
12 19
15 6
2 18
20 9
5 4
6 7
8 15

Solution 469: 
12 19
15 6
19 9
2 18
5 4
6 7
8 15

Solution 470: 
12 19
16 10
18 1
2 18
5 4
6 7
8 15

Solution 471: 
12 19
16 10
18 2
2 18
5 4
6 7
8 15

Solution 472: 
12 19
14 1
16 10
2 18
5 4
6 7
8 15

Solution 473: 
11 8
12 19
14 1
16 10
2 18
5 4
8 15

Solution 474: 
11 8
12 19
16 10
18 1
2 18
5 4
8 15

Solution 475: 
11 8
12 19
16 10
18 2
2 18
5 4
8 15

Solution 476: 
12 19
16 10
18 2
2 18
4 15
5 4
9 8

Solution 477: 
12 19
14 1
16 10
2 18
4 15
5 4
9 8

Solution 478: 
12 19
16 10
18 1
2 18
4 15
5 4
9 8

Solution 479: 
12 19
14 6
16 10
2 18
4 15
5 4
9 8

Solution 480: 
12 19
14 6
16 10
2 18
5 11
5 4
9 8

Solution 481: 
12 19
14 1
16 10
2 18
5 11
5 4
9 8

Solution 482: 
12 19
16 10
18 1
2 18
5 11
5 4
9 8

Solution 483: 
12 19
16 10
18 2
2 18
5 11
5 4
9 8

Solution 484: 
12 19
16 10
18 2
2 18
4 13
5 4
9 8

Solution 485: 
12 19
16 10
18 2
2 18
5 4
6 11
9 8

Solution 486: 
12 19
14 1
16 10
2 18
5 4
6 11
9 8

Solution 487: 
12 19
16 10
18 1
2 18
5 4
6 11
9 8

Solution 488: 
12 19
14 6
16 10
2 18
5 4
6 11
9 8

Solution 489: 
12 19
14 6
16 10
2 18
4 13
5 4
9 8

Solution 490: 
12 19
16 10
18 1
2 18
4 13
5 4
9 8

Solution 491: 
12 19
14 1
16 10
2 18
4 13
5 4
9 8

Solution 492: 
12 19
15 6
16 10
2 18
4 13
5 4
9 8

Solution 493: 
12 19
15 6
16 10
2 18
4 15
5 4
9 8

Solution 494: 
12 19
15 6
16 10
2 18
5 11
5 4
9 8

Solution 495: 
12 19
15 6
16 10
2 18
5 4
6 11
9 8

Solution 496: 
12 19
15 6
2 18
20 10
5 4
6 11
9 8

Solution 497: 
12 19
15 6
2 18
20 9
5 4
6 11
9 8

Solution 498: 
12 19
15 6
19 9
2 18
5 4
6 11
9 8

Solution 499: 
12 19
15 6
19 9
2 18
4 13
5 4
9 8

Solution 500: 
12 19
15 6
19 9
2 18
4 15
5 4
9 8

Solution 501: 
12 19
15 6
19 9
2 18
5 11
5 4
9 8

Solution 502: 
12 19
15 6
2 18
20 10
5 11
5 4
9 8

Solution 503: 
12 19
15 6
2 18
20 9
5 11
5 4
9 8

Solution 504: 
12 19
15 6
2 18
20 9
4 15
5 4
9 8

Solution 505: 
12 19
15 6
2 18
20 9
4 13
5 4
9 8

Solution 506: 
12 19
15 6
2 18
20 10
4 13
5 4
9 8

Solution 507: 
12 19
15 6
2 18
20 10
4 15
5 4
9 8

Solution 508: 
1 3
12 19
15 6
2 18
20 10
5 11
9 8

Solution 509: 
1 3
12 19
15 6
2 18
20 9
5 11
9 8

Solution 510: 
1 3
12 19
15 6
19 9
2 18
5 11
9 8

Solution 511: 
1 3
12 19
15 6
19 9
2 18
4 13
9 8

Solution 512: 
1 3
12 19
15 6
2 18
20 9
4 13
9 8

Solution 513: 
1 3
12 19
15 6
2 18
20 10
4 13
9 8

Solution 514: 
1 3
12 19
15 6
16 10
2 18
4 13
9 8

Solution 515: 
1 3
12 19
15 6
16 10
2 18
5 11
9 8

Solution 516: 
1 3
12 19
14 6
16 10
2 18
5 11
9 8

Solution 517: 
1 3
12 19
16 10
18 1
2 18
5 11
9 8

Solution 518: 
1 3
12 19
14 1
16 10
2 18
5 11
9 8

Solution 519: 
1 3
12 19
16 10
18 2
2 18
5 11
9 8

Solution 520: 
1 3
12 19
16 10
18 2
2 18
4 13
9 8

Solution 521: 
1 3
12 19
14 6
16 10
2 18
4 13
9 8

Solution 522: 
1 3
12 19
16 10
18 1
2 18
4 13
9 8

Solution 523: 
1 3
12 19
14 1
16 10
2 18
4 13
9 8

Solution 524: 
1 3
12 19
14 1
16 10
2 17
4 13
9 8

Solution 525: 
1 3
12 19
14 1
16 10
2 17
5 11
9 8

Solution 526: 
1 3
12 19
14 1
16 10
5 11
7 18
9 8

Solution 527: 
1 3
12 19
14 1
16 10
5 11
8 17
9 8

Solution 528: 
1 3
12 19
14 1
16 10
4 13
8 17
9 8

Solution 529: 
1 3
12 19
14 1
16 10
4 13
7 18
9 8

Solution 530: 
1 3
12 19
14 1
16 10
4 13
6 7
8 17

Solution 531: 
1 3
12 19
14 1
16 10
5 11
6 7
8 17

Solution 532: 
1 3
10 16
14 1
16 10
5 11
6 7
8 17

Solution 533: 
1 3
14 1
16 10
16 14
5 11
6 7
8 17

Solution 534: 
1 3
14 1
16 14
19 9
5 11
6 7
8 17

Solution 535: 
1 3
14 1
16 14
19 9
4 13
6 7
8 17

Solution 536: 
1 3
14 1
16 10
16 14
4 13
6 7
8 17

Solution 537: 
1 3
10 16
14 1
16 10
4 13
6 7
8 17

Solution 538: 
1 3
10 16
14 1
16 10
4 13
8 17
9 8

Solution 539: 
1 3
10 16
14 1
16 10
4 13
7 18
9 8

Solution 540: 
1 3
14 1
16 10
16 14
4 13
8 17
9 8

Solution 541: 
1 3
14 1
16 14
19 9
4 13
8 17
9 8

Solution 542: 
1 3
14 1
16 14
19 9
5 11
8 17
9 8

Solution 543: 
1 3
14 1
16 10
16 14
5 11
8 17
9 8

Solution 544: 
1 3
10 16
14 1
16 10
5 11
8 17
9 8

Solution 545: 
1 3
10 16
14 1
16 10
5 11
7 18
9 8

Solution 546: 
10 16
14 1
16 10
5 11
5 4
7 18
9 8

Solution 547: 
12 19
14 1
16 10
5 11
5 4
7 18
9 8

Solution 548: 
12 19
14 1
16 10
2 17
5 11
5 4
9 8

Solution 549: 
12 19
14 1
16 10
2 17
4 15
5 4
9 8

Solution 550: 
12 19
14 1
16 10
2 17
5 4
6 11
9 8

Solution 551: 
12 19
14 1
16 10
2 17
4 13
5 4
9 8

Solution 552: 
12 19
14 1
16 10
2 17
5 4
8 15
9 8

Solution 553: 
12 19
14 1
16 10
5 4
7 18
8 15
9 8

Solution 554: 
10 16
14 1
16 10
5 4
7 18
8 15
9 8

Solution 555: 
10 16
14 1
16 10
5 4
6 11
7 18
9 8

Solution 556: 
10 16
14 1
16 10
4 13
5 4
7 18
9 8

Solution 557: 
10 16
14 1
16 10
4 15
5 4
7 18
9 8

Solution 558: 
12 19
14 1
16 10
4 15
5 4
7 18
9 8

Solution 559: 
12 19
14 1
16 10
4 13
5 4
7 18
9 8

Solution 560: 
12 19
14 1
16 10
5 4
6 11
7 18
9 8

Solution 561: 
11 8
12 19
14 1
16 10
5 4
7 18
8 15

Solution 562: 
12 19
14 1
16 10
5 4
6 7
7 18
8 15

Solution 563: 
10 16
14 1
16 10
5 4
6 7
7 18
8 15

Solution 564: 
10 16
11 8
14 1
16 10
5 4
7 18
8 15

Solution 565: 
11 8
12 19
14 1
16 10
2 17
5 4
8 15

Solution 566: 
12 19
14 1
16 10
2 17
5 4
6 7
8 15

Solution 567: 
12 19
16 10
18 1
2 17
5 4
6 7
8 15

Solution 568: 
12 19
14 6
16 10
2 17
5 4
6 7
8 15

Solution 569: 
12 19
16 10
18 2
2 17
5 4
6 7
8 15

Solution 570: 
12 19
15 6
16 10
2 17
5 4
6 7
8 15

Solution 571: 
12 19
15 6
2 17
20 9
5 4
6 7
8 15

Solution 572: 
12 19
15 6
2 17
20 10
5 4
6 7
8 15

Solution 573: 
12 19
15 6
19 9
2 17
5 4
6 7
8 15

Solution 574: 
11 8
12 19
15 6
19 9
2 17
5 4
8 15

Solution 575: 
11 8
12 19
15 6
2 17
20 9
5 4
8 15

Solution 576: 
11 8
12 19
15 6
2 17
20 10
5 4
8 15

Solution 577: 
11 8
12 19
15 6
16 10
2 17
5 4
8 15

Solution 578: 
11 8
12 19
14 6
16 10
2 17
5 4
8 15

Solution 579: 
11 8
12 19
16 10
18 1
2 17
5 4
8 15

Solution 580: 
11 8
12 19
16 10
18 2
2 17
5 4
8 15

Solution 581: 
12 19
16 10
18 2
2 17
5 4
8 15
9 8

Solution 582: 
12 19
16 10
18 2
2 17
5 11
5 4
9 8

Solution 583: 
12 19
16 10
18 2
2 17
4 13
5 4
9 8

Solution 584: 
12 19
16 10
18 2
2 17
4 15
5 4
9 8

Solution 585: 
12 19
16 10
18 1
2 17
4 15
5 4
9 8

Solution 586: 
12 19
14 6
16 10
2 17
4 15
5 4
9 8

Solution 587: 
12 19
15 6
16 10
2 17
4 15
5 4
9 8

Solution 588: 
12 19
15 6
16 10
2 17
5 11
5 4
9 8

Solution 589: 
12 19
15 6
16 10
2 17
4 13
5 4
9 8

Solution 590: 
12 19
15 6
16 10
2 17
5 4
8 15
9 8

Solution 591: 
12 19
16 10
18 1
2 17
5 4
8 15
9 8

Solution 592: 
12 19
14 6
16 10
2 17
5 4
8 15
9 8

Solution 593: 
12 19
14 6
16 10
2 17
5 11
5 4
9 8

Solution 594: 
12 19
16 10
18 1
2 17
5 11
5 4
9 8

Solution 595: 
12 19
16 10
18 1
2 17
4 13
5 4
9 8

Solution 596: 
12 19
14 6
16 10
2 17
4 13
5 4
9 8

Solution 597: 
12 19
15 6
2 17
20 9
4 13
5 4
9 8

Solution 598: 
12 19
15 6
2 17
20 9
4 15
5 4
9 8

Solution 599: 
12 19
15 6
2 17
20 9
5 4
8 15
9 8

Solution 600: 
12 19
15 6
2 17
20 10
5 4
8 15
9 8

Solution 601: 
12 19
15 6
2 17
20 10
4 13
5 4
9 8

Solution 602: 
12 19
15 6
2 17
20 10
4 15
5 4
9 8

Solution 603: 
12 19
15 6
2 17
20 10
5 4
6 11
9 8

Solution 604: 
12 19
15 6
2 17
20 9
5 4
6 11
9 8

Solution 605: 
12 19
15 6
16 10
2 17
5 4
6 11
9 8

Solution 606: 
12 19
15 6
19 9
2 17
5 4
6 11
9 8

Solution 607: 
12 19
16 10
18 1
2 17
5 4
6 11
9 8

Solution 608: 
12 19
14 6
16 10
2 17
5 4
6 11
9 8

Solution 609: 
12 19
16 10
18 2
2 17
5 4
6 11
9 8

Solution 610: 
12 19
15 6
2 17
20 10
5 11
5 4
9 8

Solution 611: 
12 19
15 6
2 17
20 9
5 11
5 4
9 8

Solution 612: 
12 19
15 6
19 9
2 17
5 11
5 4
9 8

Solution 613: 
12 19
15 6
19 9
2 17
4 13
5 4
9 8

Solution 614: 
12 19
15 6
19 9
2 17
4 15
5 4
9 8

Solution 615: 
12 19
15 6
19 9
2 17
5 4
8 15
9 8

Solution 616: 
12 19
15 6
19 9
5 4
7 18
8 15
9 8

Solution 617: 
12 19
15 6
19 9
4 13
5 4
7 18
9 8

Solution 618: 
12 19
15 6
19 9
4 15
5 4
7 18
9 8

Solution 619: 
12 19
15 6
19 9
5 11
5 4
7 18
9 8

Solution 620: 
12 19
15 6
20 10
5 11
5 4
7 18
9 8

Solution 621: 
12 19
15 6
16 10
5 11
5 4
7 18
9 8

Solution 622: 
12 19
15 6
20 9
5 11
5 4
7 18
9 8

Solution 623: 
12 19
15 6
20 9
4 15
5 4
7 18
9 8

Solution 624: 
12 19
15 6
20 9
5 4
7 18
8 15
9 8

Solution 625: 
12 19
15 6
20 9
4 13
5 4
7 18
9 8

Solution 626: 
12 19
15 6
20 9
5 4
6 11
7 18
9 8

Solution 627: 
12 19
15 6
20 10
5 4
6 11
7 18
9 8

Solution 628: 
12 19
15 6
16 10
5 4
6 11
7 18
9 8

Solution 629: 
12 19
15 6
19 9
5 4
6 11
7 18
9 8

Solution 630: 
12 19
15 6
20 10
5 4
7 18
8 15
9 8

Solution 631: 
12 19
15 6
20 10
4 15
5 4
7 18
9 8

Solution 632: 
12 19
15 6
20 10
4 13
5 4
7 18
9 8

Solution 633: 
12 19
15 6
16 10
4 13
5 4
7 18
9 8

Solution 634: 
12 19
15 6
16 10
5 4
7 18
8 15
9 8

Solution 635: 
12 19
15 6
16 10
4 15
5 4
7 18
9 8

Solution 636: 
12 19
16 10
18 1
4 15
5 4
7 18
9 8

Solution 637: 
12 19
14 6
16 10
4 15
5 4
7 18
9 8

Solution 638: 
12 19
16 10
18 2
4 15
5 4
7 18
9 8

Solution 639: 
12 19
16 10
18 2
5 11
5 4
7 18
9 8

Solution 640: 
12 19
16 10
18 2
4 13
5 4
7 18
9 8

Solution 641: 
12 19
16 10
18 1
4 13
5 4
7 18
9 8

Solution 642: 
12 19
14 6
16 10
4 13
5 4
7 18
9 8

Solution 643: 
12 19
14 6
16 10
5 11
5 4
7 18
9 8

Solution 644: 
12 19
16 10
18 1
5 11
5 4
7 18
9 8

Solution 645: 
12 19
16 10
18 1
5 4
7 18
8 15
9 8

Solution 646: 
12 19
16 10
18 2
5 4
7 18
8 15
9 8

Solution 647: 
12 19
14 6
16 10
5 4
7 18
8 15
9 8

Solution 648: 
12 19
14 6
16 10
5 4
6 11
7 18
9 8

Solution 649: 
12 19
16 10
18 1
5 4
6 11
7 18
9 8

Solution 650: 
12 19
16 10
18 2
5 4
6 11
7 18
9 8

Solution 651: 
11 8
12 19
16 10
18 2
5 4
7 18
8 15

Solution 652: 
12 19
16 10
18 2
5 4
6 7
7 18
8 15

Solution 653: 
12 19
16 10
18 1
5 4
6 7
7 18
8 15

Solution 654: 
12 19
14 6
16 10
5 4
6 7
7 18
8 15

Solution 655: 
12 19
15 6
16 10
5 4
6 7
7 18
8 15

Solution 656: 
12 19
15 6
20 10
5 4
6 7
7 18
8 15

Solution 657: 
12 19
15 6
20 9
5 4
6 7
7 18
8 15

Solution 658: 
12 19
15 6
19 9
5 4
6 7
7 18
8 15

Solution 659: 
11 8
12 19
15 6
19 9
5 4
7 18
8 15

Solution 660: 
11 8
12 19
15 6
20 10
5 4
7 18
8 15

Solution 661: 
11 8
12 19
15 6
20 9
5 4
7 18
8 15

Solution 662: 
11 8
12 19
15 6
16 10
5 4
7 18
8 15

Solution 663: 
11 8
12 19
16 10
18 1
5 4
7 18
8 15

Solution 664: 
11 8
12 19
14 6
16 10
5 4
7 18
8 15

Solution 665: 
10 16
11 8
14 6
16 10
5 4
7 18
8 15

Solution 666: 
10 16
14 6
16 10
5 4
7 18
8 15
9 8

Solution 667: 
10 16
14 6
16 10
5 4
6 7
7 18
8 15

Solution 668: 
10 16
14 6
16 10
4 15
5 4
7 18
9 8

Solution 669: 
10 16
14 6
16 10
5 11
5 4
7 18
9 8

Solution 670: 
10 16
14 6
16 10
4 13
5 4
7 18
9 8

Solution 671: 
10 16
14 6
16 10
5 4
6 11
7 18
9 8

Solution 672: 
10 16
16 10
18 2
5 4
6 11
7 18
9 8

Solution 673: 
10 16
16 10
18 1
5 4
6 11
7 18
9 8

Solution 674: 
10 16
15 6
16 10
5 4
6 11
7 18
9 8

Solution 675: 
10 16
15 6
16 10
4 13
5 4
7 18
9 8

Solution 676: 
10 16
15 6
16 10
4 15
5 4
7 18
9 8

Solution 677: 
10 16
15 6
16 10
5 11
5 4
7 18
9 8

Solution 678: 
10 16
15 6
16 10
5 4
7 18
8 15
9 8

Solution 679: 
10 16
15 6
16 10
5 4
6 7
7 18
8 15

Solution 680: 
10 16
11 8
15 6
16 10
5 4
7 18
8 15

Solution 681: 
10 16
11 8
16 10
18 1
5 4
7 18
8 15

Solution 682: 
10 16
11 8
16 10
18 2
5 4
7 18
8 15

Solution 683: 
10 16
16 10
18 2
5 4
6 7
7 18
8 15

Solution 684: 
10 16
16 10
18 2
5 4
7 18
8 15
9 8

Solution 685: 
10 16
16 10
18 1
5 4
7 18
8 15
9 8

Solution 686: 
10 16
16 10
18 1
5 4
6 7
7 18
8 15

Solution 687: 
10 16
16 10
18 1
5 11
5 4
7 18
9 8

Solution 688: 
10 16
16 10
18 1
4 13
5 4
7 18
9 8

Solution 689: 
10 16
16 10
18 1
4 15
5 4
7 18
9 8

Solution 690: 
10 16
16 10
18 2
4 15
5 4
7 18
9 8

Solution 691: 
10 16
16 10
18 2
5 11
5 4
7 18
9 8

Solution 692: 
10 16
16 10
18 2
4 13
5 4
7 18
9 8

Solution 693: 
10 16
15 6
19 9
4 13
5 4
7 18
9 8

Solution 694: 
10 16
15 6
20 9
4 13
5 4
7 18
9 8

Solution 695: 
10 16
15 6
20 10
4 13
5 4
7 18
9 8

Solution 696: 
10 16
15 6
20 10
4 15
5 4
7 18
9 8

Solution 697: 
10 16
15 6
20 10
5 11
5 4
7 18
9 8

Solution 698: 
10 16
15 6
20 9
5 11
5 4
7 18
9 8

Solution 699: 
10 16
15 6
19 9
5 11
5 4
7 18
9 8

Solution 700: 
10 16
15 6
19 9
4 15
5 4
7 18
9 8

Solution 701: 
10 16
15 6
20 9
4 15
5 4
7 18
9 8

Solution 702: 
10 16
15 6
20 9
5 4
6 11
7 18
9 8

Solution 703: 
10 16
15 6
20 9
5 4
7 18
8 15
9 8

Solution 704: 
10 16
15 6
19 9
5 4
7 18
8 15
9 8

Solution 705: 
10 16
15 6
19 9
5 4
6 11
7 18
9 8

Solution 706: 
10 16
15 6
20 10
5 4
6 11
7 18
9 8

Solution 707: 
10 16
15 6
20 10
5 4
7 18
8 15
9 8

Solution 708: 
10 16
11 8
15 6
20 10
5 4
7 18
8 15

Solution 709: 
10 16
15 6
20 10
5 4
6 7
7 18
8 15

Solution 710: 
10 16
15 6
19 9
5 4
6 7
7 18
8 15

Solution 711: 
10 16
15 6
20 9
5 4
6 7
7 18
8 15

Solution 712: 
10 16
11 8
15 6
20 9
5 4
7 18
8 15

Solution 713: 
10 16
11 8
15 6
19 9
5 4
7 18
8 15

Solution 714: 
1 3
10 16
15 6
19 9
5 11
6 7
8 17

Solution 715: 
1 3
10 16
15 6
19 9
5 11
8 17
9 8

Solution 716: 
1 3
10 16
15 6
19 9
4 13
8 17
9 8

Solution 717: 
1 3
10 16
15 6
19 9
4 13
6 7
8 17

Solution 718: 
1 3
10 16
15 6
19 9
4 13
7 18
9 8

Solution 719: 
1 3
10 16
15 6
19 9
5 11
7 18
9 8

Solution 720: 
1 3
12 19
15 6
19 9
5 11
7 18
9 8

Solution 721: 
1 3
12 19
15 6
19 9
2 17
5 11
9 8

Solution 722: 
1 3
12 19
15 6
19 9
5 11
8 17
9 8

Solution 723: 
1 3
15 6
16 14
19 9
5 11
8 17
9 8

Solution 724: 
1 3
15 6
16 14
19 9
4 13
8 17
9 8

Solution 725: 
1 3
12 19
15 6
19 9
4 13
8 17
9 8

Solution 726: 
1 3
12 19
15 6
19 9
2 17
4 13
9 8

Solution 727: 
1 3
12 19
15 6
19 9
4 13
7 18
9 8

Solution 728: 
1 3
12 19
15 6
19 9
4 13
6 7
8 17

Solution 729: 
1 3
15 6
16 14
19 9
4 13
6 7
8 17

Solution 730: 
1 3
15 6
16 14
19 9
5 11
6 7
8 17

Solution 731: 
1 3
12 19
15 6
19 9
5 11
6 7
8 17

Solution 732: 
1 3
16 14
18 2
19 9
5 11
6 7
8 17

Solution 733: 
1 3
16 14
18 1
19 9
5 11
6 7
8 17

Solution 734: 
1 3
14 6
16 14
19 9
5 11
6 7
8 17

Solution 735: 
1 3
14 6
16 14
19 9
4 13
6 7
8 17

Solution 736: 
1 3
16 14
18 2
19 9
4 13
6 7
8 17

Solution 737: 
1 3
16 14
18 1
19 9
4 13
6 7
8 17

Solution 738: 
1 3
16 14
18 1
19 9
4 13
8 17
9 8

Solution 739: 
1 3
16 14
18 2
19 9
4 13
8 17
9 8

Solution 740: 
1 3
14 6
16 14
19 9
4 13
8 17
9 8

Solution 741: 
1 3
14 6
16 14
19 9
5 11
8 17
9 8

Solution 742: 
1 3
16 14
18 1
19 9
5 11
8 17
9 8

Solution 743: 
1 3
16 14
18 2
19 9
5 11
8 17
9 8

Solution 744: 
1 3
16 14
18 2
20 9
5 11
8 17
9 8

Solution 745: 
1 3
16 14
18 2
20 10
5 11
8 17
9 8

Solution 746: 
1 3
15 6
16 14
20 10
5 11
8 17
9 8

Solution 747: 
1 3
15 6
16 14
20 10
4 13
8 17
9 8

Solution 748: 
1 3
15 6
16 14
20 9
4 13
8 17
9 8

Solution 749: 
1 3
15 6
16 10
16 14
4 13
8 17
9 8

Solution 750: 
1 3
15 6
16 10
16 14
5 11
8 17
9 8

Solution 751: 
1 3
15 6
16 14
20 9
5 11
8 17
9 8

Solution 752: 
1 3
16 10
16 14
18 1
5 11
8 17
9 8

Solution 753: 
1 3
14 6
16 10
16 14
5 11
8 17
9 8

Solution 754: 
1 3
16 10
16 14
18 2
5 11
8 17
9 8

Solution 755: 
1 3
16 10
16 14
18 2
4 13
8 17
9 8

Solution 756: 
1 3
16 10
16 14
18 1
4 13
8 17
9 8

Solution 757: 
1 3
14 6
16 10
16 14
4 13
8 17
9 8

Solution 758: 
1 3
16 14
18 2
20 10
4 13
8 17
9 8

Solution 759: 
1 3
16 14
18 2
20 9
4 13
8 17
9 8

Solution 760: 
1 3
16 14
18 2
20 9
4 13
6 7
8 17

Solution 761: 
1 3
16 14
18 2
20 10
4 13
6 7
8 17

Solution 762: 
1 3
16 10
16 14
18 2
4 13
6 7
8 17

Solution 763: 
1 3
16 10
16 14
18 2
5 11
6 7
8 17

Solution 764: 
1 3
16 14
18 2
20 9
5 11
6 7
8 17

Solution 765: 
1 3
16 14
18 2
20 10
5 11
6 7
8 17

Solution 766: 
1 3
15 6
16 14
20 10
5 11
6 7
8 17

Solution 767: 
1 3
15 6
16 14
20 9
5 11
6 7
8 17

Solution 768: 
1 3
15 6
16 10
16 14
5 11
6 7
8 17

Solution 769: 
1 3
14 6
16 10
16 14
5 11
6 7
8 17

Solution 770: 
1 3
16 10
16 14
18 1
5 11
6 7
8 17

Solution 771: 
1 3
16 10
16 14
18 1
4 13
6 7
8 17

Solution 772: 
1 3
14 6
16 10
16 14
4 13
6 7
8 17

Solution 773: 
1 3
15 6
16 10
16 14
4 13
6 7
8 17

Solution 774: 
1 3
15 6
16 14
20 9
4 13
6 7
8 17

Solution 775: 
1 3
15 6
16 14
20 10
4 13
6 7
8 17

Solution 776: 
1 3
12 19
15 6
20 10
4 13
6 7
8 17

Solution 777: 
1 3
12 19
15 6
20 9
4 13
6 7
8 17

Solution 778: 
1 3
10 16
15 6
20 9
4 13
6 7
8 17

Solution 779: 
1 3
10 16
15 6
20 10
4 13
6 7
8 17

Solution 780: 
1 3
10 16
15 6
16 10
4 13
6 7
8 17

Solution 781: 
1 3
12 19
15 6
16 10
4 13
6 7
8 17

Solution 782: 
1 3
12 19
16 10
18 1
4 13
6 7
8 17

Solution 783: 
1 3
12 19
14 6
16 10
4 13
6 7
8 17

Solution 784: 
1 3
12 19
16 10
18 2
4 13
6 7
8 17

Solution 785: 
1 3
10 16
16 10
18 2
4 13
6 7
8 17

Solution 786: 
1 3
10 16
16 10
18 1
4 13
6 7
8 17

Solution 787: 
1 3
10 16
14 6
16 10
4 13
6 7
8 17

Solution 788: 
1 3
10 16
14 6
16 10
5 11
6 7
8 17

Solution 789: 
1 3
10 16
16 10
18 1
5 11
6 7
8 17

Solution 790: 
1 3
10 16
15 6
16 10
5 11
6 7
8 17

Solution 791: 
1 3
10 16
15 6
20 10
5 11
6 7
8 17

Solution 792: 
1 3
10 16
15 6
20 9
5 11
6 7
8 17

Solution 793: 
1 3
10 16
16 10
18 2
5 11
6 7
8 17

Solution 794: 
1 3
12 19
16 10
18 2
5 11
6 7
8 17

Solution 795: 
1 3
12 19
14 6
16 10
5 11
6 7
8 17

Solution 796: 
1 3
12 19
16 10
18 1
5 11
6 7
8 17

Solution 797: 
1 3
12 19
15 6
16 10
5 11
6 7
8 17

Solution 798: 
1 3
12 19
15 6
20 10
5 11
6 7
8 17

Solution 799: 
1 3
12 19
15 6
20 9
5 11
6 7
8 17

Solution 800: 
1 3
12 19
15 6
20 9
5 11
8 17
9 8

Solution 801: 
1 3
12 19
15 6
20 9
4 13
8 17
9 8

Solution 802: 
1 3
12 19
15 6
20 10
4 13
8 17
9 8

Solution 803: 
1 3
12 19
15 6
20 10
5 11
8 17
9 8

Solution 804: 
1 3
12 19
15 6
16 10
5 11
8 17
9 8

Solution 805: 
1 3
12 19
15 6
16 10
4 13
8 17
9 8

Solution 806: 
1 3
12 19
15 6
16 10
4 13
7 18
9 8

Solution 807: 
1 3
12 19
15 6
16 10
2 17
4 13
9 8

Solution 808: 
1 3
12 19
15 6
16 10
2 17
5 11
9 8

Solution 809: 
1 3
12 19
15 6
16 10
5 11
7 18
9 8

Solution 810: 
1 3
12 19
15 6
20 10
5 11
7 18
9 8

Solution 811: 
1 3
12 19
15 6
20 9
5 11
7 18
9 8

Solution 812: 
1 3
12 19
15 6
2 17
20 9
5 11
9 8

Solution 813: 
1 3
12 19
15 6
2 17
20 10
5 11
9 8

Solution 814: 
1 3
12 19
15 6
2 17
20 10
4 13
9 8

Solution 815: 
1 3
12 19
15 6
20 10
4 13
7 18
9 8

Solution 816: 
1 3
12 19
15 6
20 9
4 13
7 18
9 8

Solution 817: 
1 3
12 19
15 6
2 17
20 9
4 13
9 8

Solution 818: 
1 3
10 16
15 6
20 9
4 13
7 18
9 8

Solution 819: 
1 3
10 16
15 6
20 9
4 13
8 17
9 8

Solution 820: 
1 3
10 16
15 6
16 10
4 13
8 17
9 8

Solution 821: 
1 3
10 16
15 6
20 10
4 13
8 17
9 8

Solution 822: 
1 3
10 16
15 6
20 10
4 13
7 18
9 8

Solution 823: 
1 3
10 16
15 6
16 10
4 13
7 18
9 8

Solution 824: 
1 3
10 16
15 6
16 10
5 11
7 18
9 8

Solution 825: 
1 3
10 16
15 6
20 9
5 11
7 18
9 8

Solution 826: 
1 3
10 16
15 6
20 10
5 11
7 18
9 8

Solution 827: 
1 3
10 16
15 6
20 10
5 11
8 17
9 8

Solution 828: 
1 3
10 16
15 6
20 9
5 11
8 17
9 8

Solution 829: 
1 3
10 16
15 6
16 10
5 11
8 17
9 8

Solution 830: 
1 3
10 16
14 6
16 10
5 11
8 17
9 8

Solution 831: 
1 3
10 16
16 10
18 1
5 11
8 17
9 8

Solution 832: 
1 3
10 16
16 10
18 2
5 11
8 17
9 8

Solution 833: 
1 3
10 16
16 10
18 2
4 13
8 17
9 8

Solution 834: 
1 3
10 16
16 10
18 1
4 13
8 17
9 8

Solution 835: 
1 3
10 16
14 6
16 10
4 13
8 17
9 8

Solution 836: 
1 3
12 19
14 6
16 10
4 13
8 17
9 8

Solution 837: 
1 3
12 19
14 6
16 10
5 11
8 17
9 8

Solution 838: 
1 3
12 19
16 10
18 1
5 11
8 17
9 8

Solution 839: 
1 3
12 19
16 10
18 2
5 11
8 17
9 8

Solution 840: 
1 3
12 19
16 10
18 2
4 13
8 17
9 8

Solution 841: 
1 3
12 19
16 10
18 1
4 13
8 17
9 8

Solution 842: 
1 3
12 19
16 10
18 1
4 13
7 18
9 8

Solution 843: 
1 3
12 19
16 10
18 1
2 17
4 13
9 8

Solution 844: 
1 3
12 19
16 10
18 2
2 17
4 13
9 8

Solution 845: 
1 3
12 19
14 6
16 10
2 17
4 13
9 8

Solution 846: 
1 3
12 19
14 6
16 10
4 13
7 18
9 8

Solution 847: 
1 3
12 19
16 10
18 2
4 13
7 18
9 8

Solution 848: 
1 3
12 19
16 10
18 2
5 11
7 18
9 8

Solution 849: 
1 3
12 19
14 6
16 10
5 11
7 18
9 8

Solution 850: 
1 3
12 19
16 10
18 1
5 11
7 18
9 8

Solution 851: 
1 3
12 19
16 10
18 1
2 17
5 11
9 8

Solution 852: 
1 3
12 19
16 10
18 2
2 17
5 11
9 8

Solution 853: 
1 3
12 19
14 6
16 10
2 17
5 11
9 8

Solution 854: 
1 3
10 16
14 6
16 10
5 11
7 18
9 8

Solution 855: 
1 3
10 16
16 10
18 2
5 11
7 18
9 8

Solution 856: 
1 3
10 16
16 10
18 1
5 11
7 18
9 8

Solution 857: 
1 3
10 16
16 10
18 1
4 13
7 18
9 8

Solution 858: 
1 3
10 16
16 10
18 2
4 13
7 18
9 8

Solution 859: 
1 3
10 16
14 6
16 10
4 13
7 18
9 8

Number of solutions found: 860

Changes at vertices: 
6 8 -> 6 7
Change visibility: 9 8
----------------------------------
Removal 1: 
Solution 0: 
12 19
14 1
16 10
5 4
6 11
8 17

Solution 1: 
12 19
14 1
16 10
5 4
8 15
8 17

Solution 2: 
12 19
14 6
16 10
5 4
8 15
8 17

Solution 3: 
12 19
15 6
16 10
5 4
8 15
8 17

Solution 4: 
12 19
16 10
18 2
5 4
8 15
8 17

Solution 5: 
12 19
16 10
18 1
5 4
8 15
8 17

Solution 6: 
12 19
16 10
18 1
5 4
6 11
8 17

Solution 7: 
12 19
15 6
16 10
5 4
6 11
8 17

Solution 8: 
12 19
14 6
16 10
5 4
6 11
8 17

Solution 9: 
12 19
16 10
18 2
5 4
6 11
8 17

Solution 10: 
10 16
16 10
18 2
5 4
6 11
8 17

Solution 11: 
10 16
16 10
18 2
5 4
8 15
8 17

Solution 12: 
16 10
16 14
18 2
5 4
8 15
8 17

Solution 13: 
16 10
16 14
18 2
5 4
6 11
8 17

Solution 14: 
16 10
16 14
18 1
5 4
6 11
8 17

Solution 15: 
14 6
16 10
16 14
5 4
6 11
8 17

Solution 16: 
14 1
16 10
16 14
5 4
6 11
8 17

Solution 17: 
15 6
16 10
16 14
5 4
6 11
8 17

Solution 18: 
15 6
16 10
16 14
5 4
8 15
8 17

Solution 19: 
14 6
16 10
16 14
5 4
8 15
8 17

Solution 20: 
14 1
16 10
16 14
5 4
8 15
8 17

Solution 21: 
16 10
16 14
18 1
5 4
8 15
8 17

Solution 22: 
10 16
16 10
18 1
5 4
8 15
8 17

Solution 23: 
10 16
16 10
18 1
5 4
6 11
8 17

Solution 24: 
10 16
14 6
16 10
5 4
6 11
8 17

Solution 25: 
10 16
15 6
16 10
5 4
6 11
8 17

Solution 26: 
10 16
14 1
16 10
5 4
6 11
8 17

Solution 27: 
10 16
14 1
16 10
5 4
8 15
8 17

Solution 28: 
10 16
14 6
16 10
5 4
8 15
8 17

Solution 29: 
10 16
15 6
16 10
5 4
8 15
8 17

Solution 30: 
10 16
15 6
20 9
5 4
8 15
8 17

Solution 31: 
10 16
15 6
20 10
5 4
8 15
8 17

Solution 32: 
10 16
15 6
19 9
5 4
8 15
8 17

Solution 33: 
12 19
15 6
19 9
5 4
8 15
8 17

Solution 34: 
15 6
16 14
19 9
5 4
8 15
8 17

Solution 35: 
15 6
16 14
20 10
5 4
8 15
8 17

Solution 36: 
15 6
16 14
20 9
5 4
8 15
8 17

Solution 37: 
12 19
15 6
20 9
5 4
8 15
8 17

Solution 38: 
12 19
15 6
20 10
5 4
8 15
8 17

Solution 39: 
16 14
18 2
20 10
5 4
8 15
8 17

Solution 40: 
16 14
18 2
19 9
5 4
8 15
8 17

Solution 41: 
16 14
18 1
19 9
5 4
8 15
8 17

Solution 42: 
14 6
16 14
19 9
5 4
8 15
8 17

Solution 43: 
14 1
16 14
19 9
5 4
8 15
8 17

Solution 44: 
16 14
18 2
20 9
5 4
8 15
8 17

Solution 45: 
16 14
18 2
20 9
5 4
6 11
8 17

Solution 46: 
15 6
16 14
20 9
5 4
6 11
8 17

Solution 47: 
15 6
16 14
20 10
5 4
6 11
8 17

Solution 48: 
16 14
18 2
20 10
5 4
6 11
8 17

Solution 49: 
16 14
18 2
19 9
5 4
6 11
8 17

Solution 50: 
16 14
18 1
19 9
5 4
6 11
8 17

Solution 51: 
14 6
16 14
19 9
5 4
6 11
8 17

Solution 52: 
14 1
16 14
19 9
5 4
6 11
8 17

Solution 53: 
15 6
16 14
19 9
5 4
6 11
8 17

Solution 54: 
12 19
15 6
19 9
5 4
6 11
8 17

Solution 55: 
10 16
15 6
19 9
5 4
6 11
8 17

Solution 56: 
10 16
15 6
20 9
5 4
6 11
8 17

Solution 57: 
10 16
15 6
20 10
5 4
6 11
8 17

Solution 58: 
12 19
15 6
20 10
5 4
6 11
8 17

Solution 59: 
12 19
15 6
20 9
5 4
6 11
8 17

Solution 60: 
12 19
15 6
2 17
20 9
5 4
8 15

Solution 61: 
12 19
15 6
2 18
20 9
5 4
8 15

Solution 62: 
12 19
15 6
20 9
5 4
7 18
8 15

Solution 63: 
10 16
15 6
20 9
5 4
7 18
8 15

Solution 64: 
10 16
15 6
20 10
5 4
7 18
8 15

Solution 65: 
10 16
15 6
16 10
5 4
7 18
8 15

Solution 66: 
10 16
15 6
19 9
5 4
7 18
8 15

Solution 67: 
12 19
15 6
19 9
5 4
7 18
8 15

Solution 68: 
12 19
15 6
20 10
5 4
7 18
8 15

Solution 69: 
12 19
15 6
16 10
5 4
7 18
8 15

Solution 70: 
12 19
15 6
16 10
2 18
5 4
8 15

Solution 71: 
12 19
15 6
16 10
2 17
5 4
8 15

Solution 72: 
12 19
15 6
19 9
2 17
5 4
8 15

Solution 73: 
12 19
15 6
2 17
20 10
5 4
8 15

Solution 74: 
12 19
15 6
2 18
20 10
5 4
8 15

Solution 75: 
12 19
15 6
19 9
2 18
5 4
8 15

Solution 76: 
12 19
14 1
16 10
2 18
5 4
8 15

Solution 77: 
12 19
16 10
18 1
2 18
5 4
8 15

Solution 78: 
12 19
14 6
16 10
2 18
5 4
8 15

Solution 79: 
12 19
16 10
18 2
2 18
5 4
8 15

Solution 80: 
12 19
16 10
18 2
5 4
7 18
8 15

Solution 81: 
12 19
16 10
18 2
2 17
5 4
8 15

Solution 82: 
12 19
14 6
16 10
2 17
5 4
8 15

Solution 83: 
12 19
16 10
18 1
2 17
5 4
8 15

Solution 84: 
12 19
14 1
16 10
2 17
5 4
8 15

Solution 85: 
12 19
14 1
16 10
5 4
7 18
8 15

Solution 86: 
12 19
14 6
16 10
5 4
7 18
8 15

Solution 87: 
12 19
16 10
18 1
5 4
7 18
8 15

Solution 88: 
10 16
16 10
18 1
5 4
7 18
8 15

Solution 89: 
10 16
14 6
16 10
5 4
7 18
8 15

Solution 90: 
10 16
14 1
16 10
5 4
7 18
8 15

Solution 91: 
10 16
16 10
18 2
5 4
7 18
8 15

Number of solutions found: 92

Changes at vertices: 
New Vertex: 6 11
9 11 -> 9 8
----------------------------------
Removal 2: 
Solution 0: 
12 19
14 1
16 10
4 13
5 4
8 17

Solution 1: 
12 19
14 1
16 10
5 11
5 4
8 17

Solution 2: 
12 19
14 1
16 10
5 4
8 17
9 11

Solution 3: 
12 19
14 1
16 10
4 15
5 4
8 17

Solution 4: 
12 19
14 1
16 10
5 4
8 15
8 17

Solution 5: 
12 19
14 6
16 10
5 4
8 15
8 17

Solution 6: 
12 19
16 10
18 1
5 4
8 15
8 17

Solution 7: 
12 19
16 10
18 2
5 4
8 15
8 17

Solution 8: 
12 19
15 6
16 10
5 4
8 15
8 17

Solution 9: 
12 19
15 6
16 10
5 4
8 17
9 11

Solution 10: 
12 19
15 6
16 10
4 15
5 4
8 17

Solution 11: 
12 19
15 6
16 10
5 11
5 4
8 17

Solution 12: 
12 19
15 6
16 10
4 13
5 4
8 17

Solution 13: 
12 19
14 6
16 10
4 13
5 4
8 17

Solution 14: 
12 19
16 10
18 2
4 13
5 4
8 17

Solution 15: 
12 19
16 10
18 1
4 13
5 4
8 17

Solution 16: 
12 19
16 10
18 1
5 4
8 17
9 11

Solution 17: 
12 19
16 10
18 1
4 15
5 4
8 17

Solution 18: 
12 19
16 10
18 1
5 11
5 4
8 17

Solution 19: 
12 19
16 10
18 2
5 11
5 4
8 17

Solution 20: 
12 19
14 6
16 10
5 11
5 4
8 17

Solution 21: 
12 19
14 6
16 10
5 4
8 17
9 11

Solution 22: 
12 19
14 6
16 10
4 15
5 4
8 17

Solution 23: 
12 19
16 10
18 2
4 15
5 4
8 17

Solution 24: 
12 19
16 10
18 2
5 4
8 17
9 11

Solution 25: 
12 19
15 6
20 10
5 4
8 17
9 11

Solution 26: 
12 19
15 6
19 9
5 4
8 17
9 11

Solution 27: 
12 19
15 6
20 9
5 4
8 17
9 11

Solution 28: 
12 19
15 6
20 9
5 4
8 15
8 17

Solution 29: 
12 19
15 6
20 9
4 15
5 4
8 17

Solution 30: 
12 19
15 6
20 9
5 11
5 4
8 17

Solution 31: 
12 19
15 6
20 9
4 13
5 4
8 17

Solution 32: 
12 19
15 6
20 10
4 13
5 4
8 17

Solution 33: 
12 19
15 6
19 9
4 13
5 4
8 17

Solution 34: 
12 19
15 6
19 9
5 11
5 4
8 17

Solution 35: 
12 19
15 6
20 10
5 11
5 4
8 17

Solution 36: 
12 19
15 6
20 10
5 4
8 15
8 17

Solution 37: 
12 19
15 6
19 9
5 4
8 15
8 17

Solution 38: 
12 19
15 6
19 9
4 15
5 4
8 17

Solution 39: 
12 19
15 6
20 10
4 15
5 4
8 17

Solution 40: 
10 16
15 6
20 10
4 15
5 4
8 17

Solution 41: 
10 16
15 6
20 10
5 4
8 17
9 11

Solution 42: 
10 16
15 6
20 10
5 11
5 4
8 17

Solution 43: 
10 16
15 6
20 10
4 13
5 4
8 17

Solution 44: 
10 16
15 6
20 10
5 4
8 15
8 17

Solution 45: 
15 6
16 14
20 10
5 4
8 15
8 17

Solution 46: 
15 6
16 14
20 10
4 15
5 4
8 17

Solution 47: 
15 6
16 14
20 10
5 4
8 17
9 11

Solution 48: 
15 6
16 14
20 10
5 11
5 4
8 17

Solution 49: 
15 6
16 14
20 10
4 13
5 4
8 17

Solution 50: 
16 14
18 2
20 10
4 13
5 4
8 17

Solution 51: 
16 14
18 2
20 10
4 15
5 4
8 17

Solution 52: 
16 14
18 2
20 10
5 4
8 17
9 11

Solution 53: 
16 14
18 2
20 10
5 4
8 15
8 17

Solution 54: 
16 14
18 2
20 10
5 11
5 4
8 17

Solution 55: 
16 14
18 2
20 9
5 11
5 4
8 17

Solution 56: 
16 10
16 14
18 2
5 11
5 4
8 17

Solution 57: 
16 14
18 2
19 9
5 11
5 4
8 17

Solution 58: 
14 1
16 14
19 9
5 11
5 4
8 17

Solution 59: 
14 6
16 14
19 9
5 11
5 4
8 17

Solution 60: 
14 6
16 10
16 14
5 11
5 4
8 17

Solution 61: 
14 1
16 10
16 14
5 11
5 4
8 17

Solution 62: 
15 6
16 10
16 14
5 11
5 4
8 17

Solution 63: 
15 6
16 14
20 9
5 11
5 4
8 17

Solution 64: 
16 10
16 14
18 1
5 11
5 4
8 17

Solution 65: 
16 14
18 1
19 9
5 11
5 4
8 17

Solution 66: 
15 6
16 14
19 9
5 11
5 4
8 17

Solution 67: 
15 6
16 14
19 9
4 15
5 4
8 17

Solution 68: 
15 6
16 14
19 9
5 4
8 17
9 11

Solution 69: 
15 6
16 14
19 9
4 13
5 4
8 17

Solution 70: 
15 6
16 14
19 9
5 4
8 15
8 17

Solution 71: 
14 1
16 14
19 9
5 4
8 15
8 17

Solution 72: 
16 14
18 1
19 9
5 4
8 15
8 17

Solution 73: 
16 14
18 2
19 9
5 4
8 15
8 17

Solution 74: 
14 6
16 14
19 9
5 4
8 15
8 17

Solution 75: 
14 6
16 14
19 9
4 13
5 4
8 17

Solution 76: 
14 6
16 14
19 9
4 15
5 4
8 17

Solution 77: 
14 6
16 14
19 9
5 4
8 17
9 11

Solution 78: 
16 14
18 1
19 9
5 4
8 17
9 11

Solution 79: 
14 1
16 14
19 9
5 4
8 17
9 11

Solution 80: 
14 1
16 14
19 9
4 13
5 4
8 17

Solution 81: 
16 14
18 1
19 9
4 13
5 4
8 17

Solution 82: 
16 14
18 1
19 9
4 15
5 4
8 17

Solution 83: 
14 1
16 14
19 9
4 15
5 4
8 17

Solution 84: 
16 14
18 2
19 9
4 15
5 4
8 17

Solution 85: 
16 14
18 2
19 9
4 13
5 4
8 17

Solution 86: 
16 14
18 2
19 9
5 4
8 17
9 11

Solution 87: 
16 10
16 14
18 2
5 4
8 17
9 11

Solution 88: 
16 14
18 2
20 9
5 4
8 17
9 11

Solution 89: 
16 14
18 2
20 9
4 13
5 4
8 17

Solution 90: 
16 14
18 2
20 9
5 4
8 15
8 17

Solution 91: 
16 10
16 14
18 2
5 4
8 15
8 17

Solution 92: 
16 10
16 14
18 2
4 13
5 4
8 17

Solution 93: 
16 10
16 14
18 2
4 15
5 4
8 17

Solution 94: 
16 14
18 2
20 9
4 15
5 4
8 17

Solution 95: 
15 6
16 14
20 9
4 15
5 4
8 17

Solution 96: 
15 6
16 14
20 9
5 4
8 15
8 17

Solution 97: 
15 6
16 14
20 9
4 13
5 4
8 17

Solution 98: 
15 6
16 14
20 9
5 4
8 17
9 11

Solution 99: 
15 6
16 10
16 14
5 4
8 17
9 11

Solution 100: 
14 1
16 10
16 14
5 4
8 17
9 11

Solution 101: 
16 10
16 14
18 1
5 4
8 17
9 11

Solution 102: 
14 6
16 10
16 14
5 4
8 17
9 11

Solution 103: 
14 6
16 10
16 14
4 13
5 4
8 17

Solution 104: 
14 6
16 10
16 14
4 15
5 4
8 17

Solution 105: 
14 6
16 10
16 14
5 4
8 15
8 17

Solution 106: 
14 1
16 10
16 14
5 4
8 15
8 17

Solution 107: 
16 10
16 14
18 1
5 4
8 15
8 17

Solution 108: 
16 10
16 14
18 1
4 15
5 4
8 17

Solution 109: 
14 1
16 10
16 14
4 15
5 4
8 17

Solution 110: 
14 1
16 10
16 14
4 13
5 4
8 17

Solution 111: 
16 10
16 14
18 1
4 13
5 4
8 17

Solution 112: 
15 6
16 10
16 14
4 13
5 4
8 17

Solution 113: 
15 6
16 10
16 14
4 15
5 4
8 17

Solution 114: 
15 6
16 10
16 14
5 4
8 15
8 17

Solution 115: 
10 16
15 6
16 10
5 4
8 15
8 17

Solution 116: 
10 16
15 6
16 10
5 11
5 4
8 17

Solution 117: 
10 16
15 6
16 10
5 4
8 17
9 11

Solution 118: 
10 16
15 6
16 10
4 15
5 4
8 17

Solution 119: 
10 16
15 6
16 10
4 13
5 4
8 17

Solution 120: 
10 16
14 1
16 10
4 13
5 4
8 17

Solution 121: 
10 16
16 10
18 2
4 13
5 4
8 17

Solution 122: 
10 16
16 10
18 1
4 13
5 4
8 17

Solution 123: 
10 16
14 6
16 10
4 13
5 4
8 17

Solution 124: 
10 16
14 6
16 10
4 15
5 4
8 17

Solution 125: 
10 16
14 6
16 10
5 11
5 4
8 17

Solution 126: 
10 16
14 6
16 10
5 4
8 15
8 17

Solution 127: 
10 16
14 6
16 10
5 4
8 17
9 11

Solution 128: 
10 16
14 1
16 10
5 4
8 17
9 11

Solution 129: 
10 16
16 10
18 1
5 4
8 17
9 11

Solution 130: 
10 16
16 10
18 2
5 4
8 17
9 11

Solution 131: 
10 16
16 10
18 2
4 15
5 4
8 17

Solution 132: 
10 16
16 10
18 1
4 15
5 4
8 17

Solution 133: 
10 16
16 10
18 1
5 11
5 4
8 17

Solution 134: 
10 16
16 10
18 2
5 11
5 4
8 17

Solution 135: 
10 16
14 1
16 10
5 11
5 4
8 17

Solution 136: 
10 16
14 1
16 10
4 15
5 4
8 17

Solution 137: 
10 16
14 1
16 10
5 4
8 15
8 17

Solution 138: 
10 16
16 10
18 1
5 4
8 15
8 17

Solution 139: 
10 16
16 10
18 2
5 4
8 15
8 17

Solution 140: 
10 16
15 6
20 9
5 4
8 15
8 17

Solution 141: 
10 16
15 6
19 9
5 4
8 15
8 17

Solution 142: 
10 16
15 6
19 9
4 15
5 4
8 17

Solution 143: 
10 16
15 6
19 9
5 11
5 4
8 17

Solution 144: 
10 16
15 6
19 9
4 13
5 4
8 17

Solution 145: 
10 16
15 6
19 9
5 4
8 17
9 11

Solution 146: 
10 16
15 6
20 9
5 4
8 17
9 11

Solution 147: 
10 16
15 6
20 9
4 13
5 4
8 17

Solution 148: 
10 16
15 6
20 9
4 15
5 4
8 17

Solution 149: 
10 16
15 6
20 9
5 11
5 4
8 17

Solution 150: 
10 16
15 6
20 9
5 4
7 18
8 15

Solution 151: 
10 16
15 6
20 10
5 4
7 18
8 15

Solution 152: 
10 16
15 6
16 10
5 4
7 18
8 15

Solution 153: 
10 16
15 6
19 9
5 4
7 18
8 15

Solution 154: 
12 19
15 6
19 9
5 4
7 18
8 15

Solution 155: 
12 19
15 6
16 10
5 4
7 18
8 15

Solution 156: 
12 19
15 6
20 10
5 4
7 18
8 15

Solution 157: 
12 19
15 6
20 9
5 4
7 18
8 15

Solution 158: 
12 19
15 6
20 9
5 4
7 18
9 11

Solution 159: 
12 19
15 6
16 10
5 4
7 18
9 11

Solution 160: 
12 19
15 6
19 9
5 4
7 18
9 11

Solution 161: 
12 19
15 6
20 10
5 4
7 18
9 11

Solution 162: 
10 16
15 6
20 10
5 4
7 18
9 11

Solution 163: 
10 16
15 6
19 9
5 4
7 18
9 11

Solution 164: 
10 16
15 6
16 10
5 4
7 18
9 11

Solution 165: 
10 16
15 6
20 9
5 4
7 18
9 11

Solution 166: 
12 19
15 6
2 17
20 9
5 4
9 11

Solution 167: 
12 19
15 6
2 17
20 10
5 4
9 11

Solution 168: 
12 19
15 6
19 9
2 17
5 4
9 11

Solution 169: 
12 19
15 6
16 10
2 17
5 4
9 11

Solution 170: 
12 19
15 6
16 10
2 17
5 4
8 15

Solution 171: 
12 19
15 6
2 17
20 10
5 4
8 15

Solution 172: 
12 19
15 6
19 9
2 17
5 4
8 15

Solution 173: 
12 19
15 6
2 17
20 9
5 4
8 15

Solution 174: 
12 19
15 6
2 18
20 9
5 4
8 15

Solution 175: 
12 19
15 6
2 18
20 10
5 4
8 15

Solution 176: 
12 19
15 6
19 9
2 18
5 4
8 15

Solution 177: 
12 19
15 6
16 10
2 18
5 4
8 15

Solution 178: 
12 19
15 6
16 10
2 18
5 4
9 11

Solution 179: 
12 19
15 6
19 9
2 18
5 4
9 11

Solution 180: 
12 19
15 6
2 18
20 10
5 4
9 11

Solution 181: 
12 19
15 6
2 18
20 9
5 4
9 11

Solution 182: 
12 19
14 1
16 10
2 18
5 4
9 11

Solution 183: 
12 19
14 6
16 10
2 18
5 4
9 11

Solution 184: 
12 19
16 10
18 2
2 18
5 4
9 11

Solution 185: 
12 19
16 10
18 1
2 18
5 4
9 11

Solution 186: 
12 19
16 10
18 1
2 18
5 4
8 15

Solution 187: 
12 19
14 6
16 10
2 18
5 4
8 15

Solution 188: 
12 19
14 1
16 10
2 18
5 4
8 15

Solution 189: 
12 19
16 10
18 2
2 18
5 4
8 15

Solution 190: 
12 19
16 10
18 2
2 17
5 4
8 15

Solution 191: 
12 19
16 10
18 2
5 4
7 18
8 15

Solution 192: 
10 16
16 10
18 2
5 4
7 18
8 15

Solution 193: 
10 16
16 10
18 1
5 4
7 18
8 15

Solution 194: 
10 16
14 1
16 10
5 4
7 18
8 15

Solution 195: 
10 16
14 6
16 10
5 4
7 18
8 15

Solution 196: 
12 19
14 6
16 10
5 4
7 18
8 15

Solution 197: 
12 19
16 10
18 1
5 4
7 18
8 15

Solution 198: 
12 19
14 1
16 10
5 4
7 18
8 15

Solution 199: 
12 19
14 1
16 10
2 17
5 4
8 15

Solution 200: 
12 19
16 10
18 1
2 17
5 4
8 15

Solution 201: 
12 19
14 6
16 10
2 17
5 4
8 15

Solution 202: 
12 19
14 6
16 10
2 17
5 4
9 11

Solution 203: 
12 19
16 10
18 1
2 17
5 4
9 11

Solution 204: 
12 19
14 1
16 10
2 17
5 4
9 11

Solution 205: 
12 19
16 10
18 2
2 17
5 4
9 11

Solution 206: 
12 19
16 10
18 2
5 4
7 18
9 11

Solution 207: 
12 19
16 10
18 1
5 4
7 18
9 11

Solution 208: 
12 19
14 1
16 10
5 4
7 18
9 11

Solution 209: 
12 19
14 6
16 10
5 4
7 18
9 11

Solution 210: 
10 16
14 6
16 10
5 4
7 18
9 11

Solution 211: 
10 16
16 10
18 1
5 4
7 18
9 11

Solution 212: 
10 16
14 1
16 10
5 4
7 18
9 11

Solution 213: 
10 16
16 10
18 2
5 4
7 18
9 11

Solution 214: 
1 3
10 16
16 10
18 2
5 11
8 17

Solution 215: 
1 3
10 16
16 10
18 2
4 13
8 17

Solution 216: 
1 3
10 16
15 6
16 10
4 13
8 17

Solution 217: 
1 3
10 16
14 1
16 10
4 13
8 17

Solution 218: 
1 3
10 16
14 6
16 10
4 13
8 17

Solution 219: 
1 3
10 16
16 10
18 1
4 13
8 17

Solution 220: 
1 3
10 16
16 10
18 1
5 11
8 17

Solution 221: 
1 3
10 16
14 1
16 10
5 11
8 17

Solution 222: 
1 3
10 16
15 6
16 10
5 11
8 17

Solution 223: 
1 3
10 16
14 6
16 10
5 11
8 17

Solution 224: 
1 3
14 6
16 10
16 14
5 11
8 17

Solution 225: 
1 3
14 1
16 10
16 14
5 11
8 17

Solution 226: 
1 3
15 6
16 10
16 14
5 11
8 17

Solution 227: 
1 3
16 10
16 14
18 1
5 11
8 17

Solution 228: 
1 3
12 19
16 10
18 1
5 11
8 17

Solution 229: 
1 3
12 19
14 6
16 10
5 11
8 17

Solution 230: 
1 3
12 19
14 1
16 10
5 11
8 17

Solution 231: 
1 3
12 19
15 6
16 10
5 11
8 17

Solution 232: 
1 3
12 19
16 10
18 2
5 11
8 17

Solution 233: 
1 3
16 10
16 14
18 2
5 11
8 17

Solution 234: 
1 3
16 10
16 14
18 2
4 13
8 17

Solution 235: 
1 3
14 6
16 10
16 14
4 13
8 17

Solution 236: 
1 3
14 1
16 10
16 14
4 13
8 17

Solution 237: 
1 3
15 6
16 10
16 14
4 13
8 17

Solution 238: 
1 3
16 10
16 14
18 1
4 13
8 17

Solution 239: 
1 3
12 19
16 10
18 1
4 13
8 17

Solution 240: 
1 3
12 19
14 6
16 10
4 13
8 17

Solution 241: 
1 3
12 19
14 1
16 10
4 13
8 17

Solution 242: 
1 3
12 19
15 6
16 10
4 13
8 17

Solution 243: 
1 3
12 19
16 10
18 2
4 13
8 17

Solution 244: 
1 3
12 19
15 6
20 9
4 13
8 17

Solution 245: 
1 3
12 19
15 6
19 9
4 13
8 17

Solution 246: 
1 3
12 19
15 6
20 10
4 13
8 17

Solution 247: 
1 3
12 19
15 6
20 10
5 11
8 17

Solution 248: 
1 3
12 19
15 6
20 9
5 11
8 17

Solution 249: 
1 3
12 19
15 6
19 9
5 11
8 17

Solution 250: 
1 3
10 16
15 6
19 9
5 11
8 17

Solution 251: 
1 3
10 16
15 6
20 10
5 11
8 17

Solution 252: 
1 3
10 16
15 6
20 9
5 11
8 17

Solution 253: 
1 3
15 6
16 14
20 9
5 11
8 17

Solution 254: 
1 3
15 6
16 14
20 10
5 11
8 17

Solution 255: 
1 3
15 6
16 14
19 9
5 11
8 17

Solution 256: 
1 3
15 6
16 14
19 9
4 13
8 17

Solution 257: 
1 3
15 6
16 14
20 9
4 13
8 17

Solution 258: 
1 3
10 16
15 6
20 9
4 13
8 17

Solution 259: 
1 3
10 16
15 6
19 9
4 13
8 17

Solution 260: 
1 3
10 16
15 6
20 10
4 13
8 17

Solution 261: 
1 3
15 6
16 14
20 10
4 13
8 17

Solution 262: 
1 3
16 14
18 2
20 10
4 13
8 17

Solution 263: 
1 3
16 14
18 2
20 9
4 13
8 17

Solution 264: 
1 3
16 14
18 2
19 9
4 13
8 17

Solution 265: 
1 3
14 6
16 14
19 9
4 13
8 17

Solution 266: 
1 3
14 1
16 14
19 9
4 13
8 17

Solution 267: 
1 3
16 14
18 1
19 9
4 13
8 17

Solution 268: 
1 3
16 14
18 1
19 9
5 11
8 17

Solution 269: 
1 3
14 6
16 14
19 9
5 11
8 17

Solution 270: 
1 3
14 1
16 14
19 9
5 11
8 17

Solution 271: 
1 3
16 14
18 2
19 9
5 11
8 17

Solution 272: 
1 3
16 14
18 2
20 9
5 11
8 17

Solution 273: 
1 3
16 14
18 2
20 10
5 11
8 17

Number of solutions found: 274

Changes at vertices: 
14 2 -> 14 1
New Vertex: 18 2
----------------------------------
Removal 3: 
Solution 0: 
12 19
14 2
16 10
4 13
5 4
8 17

Solution 1: 
12 19
14 2
16 10
5 11
5 4
8 17

Solution 2: 
12 19
14 2
16 10
5 4
8 17
9 11

Solution 3: 
12 19
14 2
16 10
4 15
5 4
8 17

Solution 4: 
12 19
14 2
16 10
5 4
8 15
8 17

Solution 5: 
12 19
14 6
16 10
5 4
8 15
8 17

Solution 6: 
12 19
16 10
19 2
5 4
8 15
8 17

Solution 7: 
12 19
15 6
16 10
5 4
8 15
8 17

Solution 8: 
12 19
15 6
20 9
5 4
8 15
8 17

Solution 9: 
12 19
15 6
20 10
5 4
8 15
8 17

Solution 10: 
12 19
15 6
19 9
5 4
8 15
8 17

Solution 11: 
12 19
15 6
19 9
5 4
8 17
9 11

Solution 12: 
12 19
15 6
19 9
4 15
5 4
8 17

Solution 13: 
12 19
15 6
19 9
4 13
5 4
8 17

Solution 14: 
12 19
15 6
19 9
5 11
5 4
8 17

Solution 15: 
12 19
15 6
16 10
5 11
5 4
8 17

Solution 16: 
12 19
15 6
16 10
4 13
5 4
8 17

Solution 17: 
12 19
15 6
16 10
5 4
8 17
9 11

Solution 18: 
12 19
15 6
16 10
4 15
5 4
8 17

Solution 19: 
12 19
15 6
20 9
4 15
5 4
8 17

Solution 20: 
12 19
15 6
20 10
4 15
5 4
8 17

Solution 21: 
12 19
15 6
20 10
4 13
5 4
8 17

Solution 22: 
12 19
15 6
20 10
5 11
5 4
8 17

Solution 23: 
12 19
15 6
20 10
5 4
8 17
9 11

Solution 24: 
12 19
15 6
20 9
5 4
8 17
9 11

Solution 25: 
12 19
15 6
20 9
4 13
5 4
8 17

Solution 26: 
12 19
15 6
20 9
5 11
5 4
8 17

Solution 27: 
12 19
14 6
16 10
5 11
5 4
8 17

Solution 28: 
12 19
16 10
19 2
5 11
5 4
8 17

Solution 29: 
12 19
16 10
19 2
4 13
5 4
8 17

Solution 30: 
12 19
16 10
19 2
4 15
5 4
8 17

Solution 31: 
12 19
16 10
19 2
5 4
8 17
9 11

Solution 32: 
12 19
14 6
16 10
5 4
8 17
9 11

Solution 33: 
12 19
14 6
16 10
4 13
5 4
8 17

Solution 34: 
12 19
14 6
16 10
4 15
5 4
8 17

Solution 35: 
10 16
14 6
16 10
4 15
5 4
8 17

Solution 36: 
10 16
14 2
16 10
4 15
5 4
8 17

Solution 37: 
10 16
15 6
16 10
4 15
5 4
8 17

Solution 38: 
10 16
16 10
19 2
4 15
5 4
8 17

Solution 39: 
16 10
16 14
19 2
4 15
5 4
8 17

Solution 40: 
14 2
16 10
16 14
4 15
5 4
8 17

Solution 41: 
15 6
16 10
16 14
4 15
5 4
8 17

Solution 42: 
14 6
16 10
16 14
4 15
5 4
8 17

Solution 43: 
14 6
16 10
16 14
4 13
5 4
8 17

Solution 44: 
14 6
16 10
16 14
5 4
8 15
8 17

Solution 45: 
14 6
16 10
16 14
5 11
5 4
8 17

Solution 46: 
14 6
16 10
16 14
5 4
8 17
9 11

Solution 47: 
15 6
16 10
16 14
5 4
8 17
9 11

Solution 48: 
16 10
16 14
19 2
5 4
8 17
9 11

Solution 49: 
16 10
16 14
19 2
5 4
8 15
8 17

Solution 50: 
16 10
16 14
19 2
5 11
5 4
8 17

Solution 51: 
15 6
16 10
16 14
5 11
5 4
8 17

Solution 52: 
15 6
16 10
16 14
5 4
8 15
8 17

Solution 53: 
15 6
16 10
16 14
4 13
5 4
8 17

Solution 54: 
16 10
16 14
19 2
4 13
5 4
8 17

Solution 55: 
14 2
16 10
16 14
4 13
5 4
8 17

Solution 56: 
14 2
16 10
16 14
5 4
8 15
8 17

Solution 57: 
14 2
16 10
16 14
5 11
5 4
8 17

Solution 58: 
14 2
16 10
16 14
5 4
8 17
9 11

Solution 59: 
10 16
14 2
16 10
5 4
8 17
9 11

Solution 60: 
10 16
14 2
16 10
5 4
8 15
8 17

Solution 61: 
10 16
14 2
16 10
5 11
5 4
8 17

Solution 62: 
10 16
14 2
16 10
4 13
5 4
8 17

Solution 63: 
10 16
15 6
16 10
4 13
5 4
8 17

Solution 64: 
10 16
14 6
16 10
4 13
5 4
8 17

Solution 65: 
10 16
16 10
19 2
4 13
5 4
8 17

Solution 66: 
10 16
16 10
19 2
5 4
8 17
9 11

Solution 67: 
10 16
16 10
19 2
5 11
5 4
8 17

Solution 68: 
10 16
14 6
16 10
5 11
5 4
8 17

Solution 69: 
10 16
15 6
16 10
5 11
5 4
8 17

Solution 70: 
10 16
15 6
16 10
5 4
8 17
9 11

Solution 71: 
10 16
14 6
16 10
5 4
8 17
9 11

Solution 72: 
10 16
14 6
16 10
5 4
8 15
8 17

Solution 73: 
10 16
15 6
16 10
5 4
8 15
8 17

Solution 74: 
10 16
16 10
19 2
5 4
8 15
8 17

Solution 75: 
16 14
19 2
20 10
5 4
8 15
8 17

Solution 76: 
16 14
19 2
20 10
4 13
5 4
8 17

Solution 77: 
16 14
19 2
20 10
4 15
5 4
8 17

Solution 78: 
16 14
19 2
19 9
4 15
5 4
8 17

Solution 79: 
16 14
19 2
19 9
4 13
5 4
8 17

Solution 80: 
16 14
19 2
19 9
5 4
8 15
8 17

Solution 81: 
16 14
19 2
20 9
5 4
8 15
8 17

Solution 82: 
16 14
19 2
20 9
4 13
5 4
8 17

Solution 83: 
16 14
19 2
20 9
4 15
5 4
8 17

Solution 84: 
16 14
19 2
20 9
5 11
5 4
8 17

Solution 85: 
16 14
19 2
20 10
5 11
5 4
8 17

Solution 86: 
16 14
19 2
19 9
5 11
5 4
8 17

Solution 87: 
16 14
19 2
19 9
5 4
8 17
9 11

Solution 88: 
16 14
19 2
20 10
5 4
8 17
9 11

Solution 89: 
16 14
19 2
20 9
5 4
8 17
9 11

Solution 90: 
15 6
16 14
20 9
5 4
8 17
9 11

Solution 91: 
15 6
16 14
20 9
5 4
8 15
8 17

Solution 92: 
15 6
16 14
20 9
4 15
5 4
8 17

Solution 93: 
15 6
16 14
20 9
4 13
5 4
8 17

Solution 94: 
15 6
16 14
20 9
5 11
5 4
8 17

Solution 95: 
10 16
15 6
20 9
5 11
5 4
8 17

Solution 96: 
10 16
15 6
20 9
5 4
8 17
9 11

Solution 97: 
10 16
15 6
20 9
4 15
5 4
8 17

Solution 98: 
10 16
15 6
20 9
4 13
5 4
8 17

Solution 99: 
10 16
15 6
20 9
5 4
8 15
8 17

Solution 100: 
10 16
15 6
20 10
5 4
8 15
8 17

Solution 101: 
10 16
15 6
20 10
5 11
5 4
8 17

Solution 102: 
10 16
15 6
20 10
4 13
5 4
8 17

Solution 103: 
10 16
15 6
20 10
5 4
8 17
9 11

Solution 104: 
10 16
15 6
20 10
4 15
5 4
8 17

Solution 105: 
10 16
15 6
19 9
4 15
5 4
8 17

Solution 106: 
10 16
15 6
19 9
4 13
5 4
8 17

Solution 107: 
10 16
15 6
19 9
5 4
8 17
9 11

Solution 108: 
10 16
15 6
19 9
5 4
8 15
8 17

Solution 109: 
10 16
15 6
19 9
5 11
5 4
8 17

Solution 110: 
15 6
16 14
19 9
5 11
5 4
8 17

Solution 111: 
15 6
16 14
20 10
5 11
5 4
8 17

Solution 112: 
15 6
16 14
20 10
4 13
5 4
8 17

Solution 113: 
15 6
16 14
20 10
5 4
8 17
9 11

Solution 114: 
15 6
16 14
20 10
5 4
8 15
8 17

Solution 115: 
15 6
16 14
20 10
4 15
5 4
8 17

Solution 116: 
15 6
16 14
19 9
4 15
5 4
8 17

Solution 117: 
15 6
16 14
19 9
4 13
5 4
8 17

Solution 118: 
15 6
16 14
19 9
5 4
8 17
9 11

Solution 119: 
15 6
16 14
19 9
5 4
8 15
8 17

Solution 120: 
14 6
16 14
19 9
5 4
8 15
8 17

Solution 121: 
14 2
16 14
19 9
5 4
8 15
8 17

Solution 122: 
14 2
16 14
19 9
5 4
8 17
9 11

Solution 123: 
14 2
16 14
19 9
4 15
5 4
8 17

Solution 124: 
14 2
16 14
19 9
5 11
5 4
8 17

Solution 125: 
14 2
16 14
19 9
4 13
5 4
8 17

Solution 126: 
14 6
16 14
19 9
4 13
5 4
8 17

Solution 127: 
14 6
16 14
19 9
5 4
8 17
9 11

Solution 128: 
14 6
16 14
19 9
4 15
5 4
8 17

Solution 129: 
14 6
16 14
19 9
5 11
5 4
8 17

Solution 130: 
10 16
15 6
19 9
5 4
7 18
9 11

Solution 131: 
10 16
15 6
19 9
5 4
7 18
8 15

Solution 132: 
12 19
15 6
19 9
5 4
7 18
8 15

Solution 133: 
12 19
15 6
19 9
5 4
7 18
9 11

Solution 134: 
12 19
15 6
19 9
2 17
5 4
9 11

Solution 135: 
12 19
15 6
19 9
2 18
5 4
9 11

Solution 136: 
12 19
15 6
19 9
2 18
5 4
8 15

Solution 137: 
12 19
15 6
19 9
2 17
5 4
8 15

Solution 138: 
12 19
15 6
2 17
20 9
5 4
8 15

Solution 139: 
12 19
15 6
2 17
20 10
5 4
8 15

Solution 140: 
12 19
15 6
20 10
5 4
7 18
8 15

Solution 141: 
12 19
15 6
20 9
5 4
7 18
8 15

Solution 142: 
12 19
15 6
16 10
5 4
7 18
8 15

Solution 143: 
12 19
14 2
16 10
5 4
7 18
8 15

Solution 144: 
12 19
14 6
16 10
5 4
7 18
8 15

Solution 145: 
12 19
16 10
19 2
5 4
7 18
8 15

Solution 146: 
12 19
16 10
19 2
2 17
5 4
8 15

Solution 147: 
12 19
14 2
16 10
2 17
5 4
8 15

Solution 148: 
12 19
14 6
16 10
2 17
5 4
8 15

Solution 149: 
12 19
15 6
16 10
2 17
5 4
8 15

Solution 150: 
12 19
15 6
16 10
2 18
5 4
8 15

Solution 151: 
12 19
14 2
16 10
2 18
5 4
8 15

Solution 152: 
12 19
14 6
16 10
2 18
5 4
8 15

Solution 153: 
12 19
16 10
19 2
2 18
5 4
8 15

Solution 154: 
12 19
15 6
2 18
20 10
5 4
8 15

Solution 155: 
12 19
15 6
2 18
20 9
5 4
8 15

Solution 156: 
12 19
15 6
2 18
20 9
5 4
9 11

Solution 157: 
12 19
15 6
2 18
20 10
5 4
9 11

Solution 158: 
12 19
15 6
16 10
2 18
5 4
9 11

Solution 159: 
12 19
14 2
16 10
2 18
5 4
9 11

Solution 160: 
12 19
14 6
16 10
2 18
5 4
9 11

Solution 161: 
12 19
16 10
19 2
2 18
5 4
9 11

Solution 162: 
12 19
16 10
19 2
2 17
5 4
9 11

Solution 163: 
12 19
16 10
19 2
5 4
7 18
9 11

Solution 164: 
12 19
14 2
16 10
5 4
7 18
9 11

Solution 165: 
12 19
14 6
16 10
5 4
7 18
9 11

Solution 166: 
12 19
15 6
16 10
5 4
7 18
9 11

Solution 167: 
12 19
15 6
20 9
5 4
7 18
9 11

Solution 168: 
12 19
15 6
20 10
5 4
7 18
9 11

Solution 169: 
12 19
15 6
2 17
20 10
5 4
9 11

Solution 170: 
12 19
15 6
2 17
20 9
5 4
9 11

Solution 171: 
12 19
15 6
16 10
2 17
5 4
9 11

Solution 172: 
12 19
14 2
16 10
2 17
5 4
9 11

Solution 173: 
12 19
14 6
16 10
2 17
5 4
9 11

Solution 174: 
10 16
14 6
16 10
5 4
7 18
9 11

Solution 175: 
10 16
14 2
16 10
5 4
7 18
9 11

Solution 176: 
10 16
16 10
19 2
5 4
7 18
9 11

Solution 177: 
10 16
15 6
16 10
5 4
7 18
9 11

Solution 178: 
10 16
15 6
16 10
5 4
7 18
8 15

Solution 179: 
10 16
14 6
16 10
5 4
7 18
8 15

Solution 180: 
10 16
16 10
19 2
5 4
7 18
8 15

Solution 181: 
10 16
14 2
16 10
5 4
7 18
8 15

Solution 182: 
10 16
15 6
20 9
5 4
7 18
8 15

Solution 183: 
10 16
15 6
20 10
5 4
7 18
8 15

Solution 184: 
10 16
15 6
20 10
5 4
7 18
9 11

Solution 185: 
10 16
15 6
20 9
5 4
7 18
9 11

Solution 186: 
1 3
10 16
15 6
20 9
5 11
8 17

Solution 187: 
1 3
10 16
15 6
16 10
5 11
8 17

Solution 188: 
1 3
10 16
15 6
19 9
5 11
8 17

Solution 189: 
1 3
10 16
15 6
20 10
5 11
8 17

Solution 190: 
1 3
10 16
15 6
20 10
4 13
8 17

Solution 191: 
1 3
10 16
15 6
16 10
4 13
8 17

Solution 192: 
1 3
10 16
15 6
19 9
4 13
8 17

Solution 193: 
1 3
10 16
15 6
20 9
4 13
8 17

Solution 194: 
1 3
15 6
16 14
20 9
4 13
8 17

Solution 195: 
1 3
15 6
16 14
19 9
4 13
8 17

Solution 196: 
1 3
15 6
16 10
16 14
4 13
8 17

Solution 197: 
1 3
15 6
16 14
20 10
4 13
8 17

Solution 198: 
1 3
12 19
15 6
20 10
4 13
8 17

Solution 199: 
1 3
12 19
15 6
19 9
4 13
8 17

Solution 200: 
1 3
12 19
15 6
16 10
4 13
8 17

Solution 201: 
1 3
12 19
15 6
20 9
4 13
8 17

Solution 202: 
1 3
12 19
15 6
20 9
5 11
8 17

Solution 203: 
1 3
12 19
15 6
19 9
5 11
8 17

Solution 204: 
1 3
12 19
15 6
20 10
5 11
8 17

Solution 205: 
1 3
12 19
15 6
16 10
5 11
8 17

Solution 206: 
1 3
15 6
16 10
16 14
5 11
8 17

Solution 207: 
1 3
15 6
16 14
20 10
5 11
8 17

Solution 208: 
1 3
15 6
16 14
19 9
5 11
8 17

Solution 209: 
1 3
15 6
16 14
20 9
5 11
8 17

Solution 210: 
1 3
16 14
19 2
20 9
5 11
8 17

Solution 211: 
1 3
16 10
16 14
19 2
5 11
8 17

Solution 212: 
1 3
16 14
19 2
19 9
5 11
8 17

Solution 213: 
1 3
16 14
19 2
20 10
5 11
8 17

Solution 214: 
1 3
14 2
16 10
16 14
5 11
8 17

Solution 215: 
1 3
14 6
16 10
16 14
5 11
8 17

Solution 216: 
1 3
14 6
16 14
19 9
5 11
8 17

Solution 217: 
1 3
14 2
16 14
19 9
5 11
8 17

Solution 218: 
1 3
10 16
14 2
16 10
5 11
8 17

Solution 219: 
1 3
12 19
14 2
16 10
5 11
8 17

Solution 220: 
1 3
12 19
14 6
16 10
5 11
8 17

Solution 221: 
1 3
12 19
16 10
19 2
5 11
8 17

Solution 222: 
1 3
10 16
16 10
19 2
5 11
8 17

Solution 223: 
1 3
10 16
14 6
16 10
5 11
8 17

Solution 224: 
1 3
10 16
14 6
16 10
4 13
8 17

Solution 225: 
1 3
10 16
14 2
16 10
4 13
8 17

Solution 226: 
1 3
10 16
16 10
19 2
4 13
8 17

Solution 227: 
1 3
16 10
16 14
19 2
4 13
8 17

Solution 228: 
1 3
14 2
16 10
16 14
4 13
8 17

Solution 229: 
1 3
12 19
14 2
16 10
4 13
8 17

Solution 230: 
1 3
12 19
16 10
19 2
4 13
8 17

Solution 231: 
1 3
12 19
14 6
16 10
4 13
8 17

Solution 232: 
1 3
14 6
16 10
16 14
4 13
8 17

Solution 233: 
1 3
14 6
16 14
19 9
4 13
8 17

Solution 234: 
1 3
14 2
16 14
19 9
4 13
8 17

Solution 235: 
1 3
16 14
19 2
19 9
4 13
8 17

Solution 236: 
1 3
16 14
19 2
20 10
4 13
8 17

Solution 237: 
1 3
16 14
19 2
20 9
4 13
8 17

Number of solutions found: 238

Changes at vertices: 
Change visibility: 15 6
19 6 -> 19 2
----------------------------------
Removal 4: 
Solution 0: 
12 19
16 10
4 13
5 4
8 17

Solution 1: 
12 19
16 10
5 11
5 4
8 17

Solution 2: 
12 19
16 10
5 4
8 17
9 11

Solution 3: 
12 19
16 10
4 15
5 4
8 17

Solution 4: 
12 19
16 10
5 4
8 15
8 17

Solution 5: 
10 16
16 10
5 4
8 15
8 17

Solution 6: 
16 10
16 14
5 4
8 15
8 17

Solution 7: 
16 10
16 14
4 15
5 4
8 17

Solution 8: 
16 10
16 14
5 11
5 4
8 17

Solution 9: 
16 10
16 14
5 4
8 17
9 11

Solution 10: 
16 10
16 14
4 13
5 4
8 17

Solution 11: 
10 16
16 10
4 13
5 4
8 17

Solution 12: 
10 16
16 10
4 15
5 4
8 17

Solution 13: 
10 16
16 10
5 11
5 4
8 17

Solution 14: 
10 16
16 10
5 4
8 17
9 11

Solution 15: 
16 14
19 9
5 4
8 17
9 11

Solution 16: 
16 14
19 9
4 15
5 4
8 17

Solution 17: 
16 14
19 9
5 4
8 15
8 17

Solution 18: 
16 14
19 9
5 11
5 4
8 17

Solution 19: 
16 14
19 9
4 13
5 4
8 17

Solution 20: 
12 19
16 10
2 17
5 4
9 11

Solution 21: 
12 19
16 10
2 18
5 4
9 11

Solution 22: 
12 19
16 10
2 18
5 4
8 15

Solution 23: 
12 19
16 10
2 17
5 4
8 15

Solution 24: 
12 19
16 10
5 4
7 18
8 15

Solution 25: 
12 19
16 10
5 4
7 18
9 11

Solution 26: 
10 16
16 10
5 4
7 18
9 11

Solution 27: 
10 16
16 10
5 4
7 18
8 15

Solution 28: 
1 3
10 16
16 10
5 11
8 17

Solution 29: 
1 3
10 16
16 10
4 13
8 17

Solution 30: 
1 3
12 19
16 10
4 13
8 17

Solution 31: 
1 3
16 10
16 14
4 13
8 17

Solution 32: 
1 3
16 14
19 9
4 13
8 17

Solution 33: 
1 3
16 14
19 9
5 11
8 17

Solution 34: 
1 3
16 10
16 14
5 11
8 17

Solution 35: 
1 3
12 19
16 10
5 11
8 17

Number of solutions found: 36

Changes at vertices: 
15 9 -> 15 6
New Vertex: 19 9
----------------------------------
Removal 5: 
Solution 0: 
12 19
15 9
4 13
5 4
8 17

Solution 1: 
12 19
15 9
5 11
5 4
8 17

Solution 2: 
12 19
15 9
5 4
8 17
9 11

Solution 3: 
12 19
15 9
4 15
5 4
8 17

Solution 4: 
12 19
15 9
5 4
8 15
8 17

Solution 5: 
12 19
16 10
5 4
8 15
8 17

Solution 6: 
12 19
16 10
5 11
5 4
8 17

Solution 7: 
12 19
16 10
5 4
8 17
9 11

Solution 8: 
12 19
16 10
4 15
5 4
8 17

Solution 9: 
12 19
16 10
4 13
5 4
8 17

Solution 10: 
10 16
16 10
4 13
5 4
8 17

Solution 11: 
16 10
16 14
4 13
5 4
8 17

Solution 12: 
16 10
16 14
5 4
8 15
8 17

Solution 13: 
16 10
16 14
5 4
8 17
9 11

Solution 14: 
16 10
16 14
5 11
5 4
8 17

Solution 15: 
16 10
16 14
4 15
5 4
8 17

Solution 16: 
10 16
16 10
4 15
5 4
8 17

Solution 17: 
10 16
16 10
5 4
8 17
9 11

Solution 18: 
10 16
16 10
5 11
5 4
8 17

Solution 19: 
10 16
16 10
5 4
8 15
8 17

Solution 20: 
10 16
15 9
5 4
8 15
8 17

Solution 21: 
10 16
15 9
4 13
5 4
8 17

Solution 22: 
10 16
15 9
4 15
5 4
8 17

Solution 23: 
10 16
15 9
5 4
8 17
9 11

Solution 24: 
10 16
15 9
5 11
5 4
8 17

Solution 25: 
15 9
16 14
5 11
5 4
8 17

Solution 26: 
16 14
20 9
5 11
5 4
8 17

Solution 27: 
16 14
20 10
5 11
5 4
8 17

Solution 28: 
16 14
20 10
4 13
5 4
8 17

Solution 29: 
16 14
20 10
4 15
5 4
8 17

Solution 30: 
16 14
20 10
5 4
8 15
8 17

Solution 31: 
16 14
20 10
5 4
8 17
9 11

Solution 32: 
16 14
20 9
5 4
8 17
9 11

Solution 33: 
15 9
16 14
5 4
8 17
9 11

Solution 34: 
15 9
16 14
4 13
5 4
8 17

Solution 35: 
15 9
16 14
4 15
5 4
8 17

Solution 36: 
15 9
16 14
5 4
8 15
8 17

Solution 37: 
16 14
20 9
5 4
8 15
8 17

Solution 38: 
16 14
20 9
4 13
5 4
8 17

Solution 39: 
16 14
20 9
4 15
5 4
8 17

Solution 40: 
12 19
16 10
2 17
5 4
8 15

Solution 41: 
12 19
16 10
5 4
7 18
8 15

Solution 42: 
12 19
16 10
2 18
5 4
8 15

Solution 43: 
10 16
16 10
5 4
7 18
8 15

Solution 44: 
10 16
16 10
5 4
7 18
9 11

Solution 45: 
12 19
16 10
5 4
7 18
9 11

Solution 46: 
12 19
16 10
2 17
5 4
9 11

Solution 47: 
12 19
16 10
2 18
5 4
9 11

Solution 48: 
12 19
15 9
2 18
5 4
9 11

Solution 49: 
12 19
15 9
2 17
5 4
9 11

Solution 50: 
12 19
15 9
2 17
5 4
8 15

Solution 51: 
12 19
15 9
2 18
5 4
8 15

Solution 52: 
12 19
15 9
5 4
7 18
8 15

Solution 53: 
10 16
15 9
5 4
7 18
8 15

Solution 54: 
10 16
15 9
5 4
7 18
9 11

Solution 55: 
12 19
15 9
5 4
7 18
9 11

Solution 56: 
1 3
12 19
15 9
4 13
8 17

Solution 57: 
1 3
12 19
16 10
4 13
8 17

Solution 58: 
1 3
12 19
16 10
5 11
8 17

Solution 59: 
1 3
12 19
15 9
5 11
8 17

Solution 60: 
1 3
10 16
15 9
5 11
8 17

Solution 61: 
1 3
10 16
16 10
5 11
8 17

Solution 62: 
1 3
16 10
16 14
5 11
8 17

Solution 63: 
1 3
16 14
20 10
5 11
8 17

Solution 64: 
1 3
16 14
20 9
5 11
8 17

Solution 65: 
1 3
15 9
16 14
5 11
8 17

Solution 66: 
1 3
15 9
16 14
4 13
8 17

Solution 67: 
1 3
16 14
20 10
4 13
8 17

Solution 68: 
1 3
16 10
16 14
4 13
8 17

Solution 69: 
1 3
16 14
20 9
4 13
8 17

Solution 70: 
1 3
10 16
16 10
4 13
8 17

Solution 71: 
1 3
10 16
15 9
4 13
8 17

Number of solutions found: 72

Changes at vertices: 
15 10 -> 15 9
Change visibility: 16 10
----------------------------------
Removal 6: 
Solution 0: 
1 3
16 14
5 11
8 17

Solution 1: 
1 3
16 14
4 13
8 17

Solution 2: 
16 14
4 13
5 4
8 17

Solution 3: 
16 14
4 15
5 4
8 17

Solution 4: 
16 14
5 4
8 17
9 11

Solution 5: 
16 14
5 4
8 15
8 17

Solution 6: 
16 14
5 11
5 4
8 17

Number of solutions found: 7

Changes at vertices: 
New Vertex: 15 12
16 12 -> 16 10
----------------------------------
Removal 7: 
Solution 0: 
12 19
4 13
5 4
8 17

Solution 1: 
12 19
5 11
5 4
8 17

Solution 2: 
12 19
5 4
8 17
9 11

Solution 3: 
12 19
4 15
5 4
8 17

Solution 4: 
12 19
5 4
8 15
8 17

Solution 5: 
10 16
5 4
8 15
8 17

Solution 6: 
16 14
5 4
8 15
8 17

Solution 7: 
16 14
4 13
5 4
8 17

Solution 8: 
16 14
4 15
5 4
8 17

Solution 9: 
16 14
5 11
5 4
8 17

Solution 10: 
16 14
5 4
8 17
9 11

Solution 11: 
10 16
5 4
8 17
9 11

Solution 12: 
10 16
4 15
5 4
8 17

Solution 13: 
10 16
5 11
5 4
8 17

Solution 14: 
10 16
4 13
5 4
8 17

Solution 15: 
1 3
10 16
4 13
8 17

Solution 16: 
1 3
12 19
4 13
8 17

Solution 17: 
1 3
16 14
4 13
8 17

Solution 18: 
1 3
16 14
5 11
8 17

Solution 19: 
1 3
10 16
5 11
8 17

Solution 20: 
1 3
12 19
5 11
8 17

Solution 21: 
12 19
5 4
7 18
9 11

Solution 22: 
12 19
2 17
5 4
9 11

Solution 23: 
12 19
2 17
5 4
8 15

Solution 24: 
12 19
5 4
7 18
8 15

Solution 25: 
12 19
2 18
5 4
8 15

Solution 26: 
12 19
2 18
5 4
9 11

Solution 27: 
10 16
5 4
7 18
9 11

Solution 28: 
10 16
5 4
7 18
8 15

Number of solutions found: 29

Changes at vertices: 
10 14 -> 10 12
New Vertex: 16 14
----------------------------------
Removal 8: 
Solution 0: 
12 19
4 13
5 4
8 17

Solution 1: 
12 19
5 11
5 4
8 17

Solution 2: 
12 19
5 4
8 17
9 11

Solution 3: 
12 19
4 15
5 4
8 17

Solution 4: 
12 19
5 4
8 15
8 17

Solution 5: 
17 14
5 4
8 15
8 17

Solution 6: 
10 16
5 4
8 15
8 17

Solution 7: 
17 19
5 4
8 15
8 17

Solution 8: 
10 14
5 4
8 15
8 17

Solution 9: 
10 14
5 4
8 17
9 11

Solution 10: 
10 14
4 15
5 4
8 17

Solution 11: 
10 14
5 11
5 4
8 17

Solution 12: 
17 19
5 11
5 4
8 17

Solution 13: 
10 16
5 11
5 4
8 17

Solution 14: 
17 14
5 11
5 4
8 17

Solution 15: 
17 14
5 4
8 17
9 11

Solution 16: 
17 14
4 15
5 4
8 17

Solution 17: 
17 14
4 13
5 4
8 17

Solution 18: 
17 19
4 13
5 4
8 17

Solution 19: 
10 16
4 13
5 4
8 17

Solution 20: 
10 14
4 13
5 4
8 17

Solution 21: 
17 19
5 4
8 17
9 11

Solution 22: 
10 16
5 4
8 17
9 11

Solution 23: 
10 16
4 15
5 4
8 17

Solution 24: 
17 19
4 15
5 4
8 17

Solution 25: 
1 3
17 19
4 13
8 17

Solution 26: 
1 3
12 19
4 13
8 17

Solution 27: 
1 3
10 16
4 13
8 17

Solution 28: 
1 3
10 14
4 13
8 17

Solution 29: 
1 3
10 14
5 11
8 17

Solution 30: 
1 3
12 19
5 11
8 17

Solution 31: 
1 3
10 16
5 11
8 17

Solution 32: 
1 3
17 19
5 11
8 17

Solution 33: 
1 3
17 14
5 11
8 17

Solution 34: 
1 3
17 14
4 13
8 17

Solution 35: 
12 19
2 17
5 4
8 15

Solution 36: 
12 19
5 4
7 18
8 15

Solution 37: 
17 19
5 4
7 18
8 15

Solution 38: 
10 16
5 4
7 18
8 15

Solution 39: 
12 19
2 18
5 4
8 15

Solution 40: 
12 19
2 18
5 4
9 11

Solution 41: 
12 19
2 17
5 4
9 11

Solution 42: 
12 19
5 4
7 18
9 11

Solution 43: 
17 19
5 4
7 18
9 11

Solution 44: 
10 16
5 4
7 18
9 11

Number of solutions found: 45

Changes at vertices: 
New Vertex: 10 16
17 16 -> 17 14
----------------------------------
Removal 9: 
Solution 0: 
4 13
5 4
8 17

Solution 1: 
5 11
5 4
8 17

Solution 2: 
5 4
8 17
9 11

Solution 3: 
4 15
5 4
8 17

Solution 4: 
5 4
8 15
8 17

Solution 5: 
1 3
5 11
8 17

Solution 6: 
1 3
4 13
8 17

Number of solutions found: 7

Changes at vertices: 
New Vertex: 12 19
7 19 -> 7 20
----------------------------------
Removal 10: 
Solution 0: 
4 13
5 4
8 17

Solution 1: 
5 11
5 4
8 17

Solution 2: 
5 4
8 17
9 11

Solution 3: 
4 15
5 4
8 17

Solution 4: 
5 4
8 15
8 17

Solution 5: 
1 3
5 11
8 17

Solution 6: 
1 3
4 13
8 17

Number of solutions found: 7

Changes at vertices: 
17 18 -> 17 19
New Vertex: 7 18
----------------------------------
Removal 11: 
Solution 0: 
4 13
5 4
8 17

Solution 1: 
5 11
5 4
8 17

Solution 2: 
5 4
8 17
9 11

Solution 3: 
4 15
5 4
8 17

Solution 4: 
5 4
8 15
8 17

Solution 5: 
17 18
5 4
8 15

Solution 6: 
17 18
5 4
9 11

Solution 7: 
1 3
4 13
8 17

Solution 8: 
1 3
5 11
8 17

Number of solutions found: 9

Changes at vertices: 
17 17 -> 17 18
Change visibility: 8 17
----------------------------------
Removal 12: 
Solution 0: 
4 13
5 4
8 17

Solution 1: 
5 11
5 4
8 17

Solution 2: 
5 4
8 15
8 17

Solution 3: 
4 15
5 4
8 17

Solution 4: 
5 4
8 17
9 11

Solution 5: 
17 16
5 4
9 11

Solution 6: 
5 4
9 11
9 16

Solution 7: 
5 4
8 15
9 16

Solution 8: 
5 11
5 4
9 16

Solution 9: 
4 15
5 4
9 16

Solution 10: 
17 16
5 4
8 15

Solution 11: 
17 17
5 4
8 15

Solution 12: 
4 13
5 4
9 16

Solution 13: 
17 17
5 4
9 11

Solution 14: 
1 3
5 11
8 17

Solution 15: 
1 3
4 13
8 17

Solution 16: 
1 3
4 13
9 16

Solution 17: 
1 3
5 11
9 16

Number of solutions found: 18

Changes at vertices: 
Change visibility: 9 16
8 16 -> 8 17
----------------------------------
Removal 13: 
Solution 0: 
5 4
9 11

Solution 1: 
5 4
8 15

Number of solutions found: 2

Changes at vertices: 
9 15 -> 9 16
New Vertex: 8 15
----------------------------------
Removal 14: 
Solution 0: 
4 13
5 4

Solution 1: 
5 11
5 4

Solution 2: 
4 15
5 4

Solution 3: 
5 4
9 11

Solution 4: 
5 4
9 15

Solution 5: 
1 3
5 11

Solution 6: 
1 3
4 13

Number of solutions found: 7

Changes at vertices: 
9 13 -> 9 15
New Vertex: 4 13
----------------------------------
Removal 15: 
Solution 0: 
3 13
5 4

Solution 1: 
5 11
5 4

Solution 2: 
5 4
9 13

Solution 3: 
5 4
9 11

Solution 4: 
1 3
3 13

Solution 5: 
1 3
5 11

Number of solutions found: 6

Changes at vertices: 
Change visibility: 5 11
3 11 -> 3 13
----------------------------------
Removal 16: 
Solution 0: 
5 4

Number of solutions found: 1

Changes at vertices: 
5 5 -> 5 11
New Vertex: 3 5
----------------------------------
Removal 17: 
Solution 0: 
5 4

Solution 1: 
1 3

Number of solutions found: 2

Changes at vertices: 
New Vertex: 5 4
1 4 -> 1 5
----------------------------------
Removal 18: 
Solution 0: 
1 4

Solution 1: 
13 3

Solution 2: 
13 4

Solution 3: 
1 3

Number of solutions found: 4

