206
60 66
60 72
72 72
72 157
80 157
80 306
75 306
75 326
64 326
64 372
52 372
52 376
41 376
41 325
53 325
53 312
50 312
50 259
48 259
48 229
22 229
22 207
25 207
25 204
42 204
42 187
26 187
26 167
23 167
23 151
30 151
30 130
31 130
31 97
51 97
51 48
46 48
46 20
14 20
14 17
1 17
1 27
4 27
4 28
3 28
3 111
5 111
5 43
9 43
9 29
16 29
16 40
43 40
43 22
44 22
44 65
6 65
6 114
15 114
15 91
24 91
24 116
20 116
20 129
18 129
18 192
21 192
21 202
17 202
17 180
13 180
13 141
11 141
11 120
8 120
8 144
12 144
12 222
19 222
19 231
32 231
32 239
29 239
29 264
47 264
47 297
45 297
45 305
33 305
33 436
27 436
27 446
7 446
7 465
10 465
10 472
37 472
37 459
36 459
36 456
28 456
28 452
54 452
54 447
40 447
40 434
56 434
56 437
57 437
57 482
55 482
55 497
2 497
2 498
59 498
59 439
58 439
58 431
34 431
34 400
35 400
35 332
39 332
39 340
38 340
38 413
70 413
70 420
85 420
85 411
116 411
116 402
119 402
119 387
118 387
118 375
113 375
113 345
114 345
114 150
112 150
112 353
111 353
111 392
108 392
108 165
110 165
110 128
107 128
107 243
106 243
106 394
105 394
105 378
104 378
104 365
103 365
103 286
100 286
100 321
101 321
101 386
102 386
102 404
63 404
63 403
65 403
65 341
69 341
69 379
74 379
74 377
71 377
71 354
94 354
94 309
96 309
96 248
97 248
97 226
99 226
99 189
93 189
93 125
91 125
91 184
88 184
88 210
98 210
98 223
95 223
95 253
90 253
90 304
89 304
89 324
92 324
92 342
84 342
84 214
81 214
81 177
86 177
86 153
73 153
73 66
