940
373 1
373 118
377 118
377 73
381 73
381 255
384 255
384 322
383 322
383 362
368 362
368 346
372 346
372 291
365 291
365 250
367 250
367 273
371 273
371 233
364 233
364 244
362 244
362 218
361 218
361 327
359 327
359 269
354 269
354 295
352 295
352 338
355 338
355 307
357 307
357 339
356 339
356 349
344 349
344 139
294 139
294 178
290 178
290 166
273 166
273 152
272 152
272 160
268 160
268 174
254 174
254 328
235 328
235 334
233 334
233 314
234 314
234 316
248 316
248 315
250 315
250 257
249 257
249 303
237 303
237 279
239 279
239 252
207 252
207 260
226 260
226 266
222 266
222 270
214 270
214 313
212 313
212 335
213 335
213 390
204 390
204 426
199 426
199 310
197 310
197 308
198 308
198 293
201 293
201 98
219 98
219 80
236 80
236 101
260 101
260 93
238 93
238 78
281 78
281 95
265 95
265 96
300 96
300 112
351 112
351 103
324 103
324 110
320 110
320 94
308 94
308 90
284 90
284 76
271 76
271 77
206 77
206 82
203 82
203 71
202 71
202 68
195 68
195 64
312 64
312 44
323 44
323 37
319 37
319 36
331 36
331 21
337 21
337 35
346 35
346 41
348 41
348 30
347 30
347 24
341 24
341 23
349 23
349 6
310 6
310 4
309 4
309 3
244 3
244 10
231 10
231 9
224 9
224 13
223 13
223 15
227 15
227 12
292 12
292 7
325 7
325 11
314 11
314 14
311 14
311 53
297 53
297 55
285 55
285 57
261 57
261 59
220 59
220 63
181 63
181 212
185 212
185 274
180 274
180 382
179 382
179 385
182 385
182 408
176 408
176 359
174 359
174 333
178 333
178 281
162 281
162 219
160 219
160 200
146 200
146 183
142 183
142 105
137 105
137 99
170 99
170 92
131 92
131 54
140 54
140 42
124 42
124 33
68 33
68 60
61 60
61 66
60 66
60 122
62 122
62 138
67 138
67 72
72 72
72 157
80 157
80 306
75 306
75 326
64 326
64 372
52 372
52 376
41 376
41 325
53 325
53 312
50 312
50 259
48 259
48 229
22 229
22 207
25 207
25 204
42 204
42 187
26 187
26 167
23 167
23 151
30 151
30 130
31 130
31 97
51 97
51 48
46 48
46 20
14 20
14 17
1 17
1 27
4 27
4 28
3 28
3 111
5 111
5 43
9 43
9 29
16 29
16 40
43 40
43 22
44 22
44 65
6 65
6 114
15 114
15 91
24 91
24 116
20 116
20 129
18 129
18 192
21 192
21 202
17 202
17 180
13 180
13 141
11 141
11 120
8 120
8 144
12 144
12 222
19 222
19 231
32 231
32 239
29 239
29 264
47 264
47 297
45 297
45 305
33 305
33 436
27 436
27 446
7 446
7 465
10 465
10 472
37 472
37 459
36 459
36 456
28 456
28 452
54 452
54 447
40 447
40 434
56 434
56 437
57 437
57 482
55 482
55 497
2 497
2 498
59 498
59 439
58 439
58 431
34 431
34 400
35 400
35 332
39 332
39 340
38 340
38 413
70 413
70 420
85 420
85 411
116 411
116 402
119 402
119 387
118 387
118 375
113 375
113 345
114 345
114 150
112 150
112 353
111 353
111 392
108 392
108 165
110 165
110 128
107 128
107 243
106 243
106 394
105 394
105 378
104 378
104 365
103 365
103 286
100 286
100 321
101 321
101 386
102 386
102 404
63 404
63 403
65 403
65 341
69 341
69 379
74 379
74 377
71 377
71 354
94 354
94 309
96 309
96 248
97 248
97 226
99 226
99 189
93 189
93 125
91 125
91 184
88 184
88 210
98 210
98 223
95 223
95 253
90 253
90 304
89 304
89 324
92 324
92 342
84 342
84 214
81 214
81 177
86 177
86 153
73 153
73 38
82 38
82 51
109 51
109 52
115 52
115 39
83 39
83 34
121 34
121 58
125 58
125 62
127 62
127 67
128 67
128 126
126 126
126 133
139 133
139 172
138 172
138 194
133 194
133 199
120 199
120 238
129 238
129 224
123 224
123 215
151 215
151 249
143 249
143 263
141 263
141 271
130 271
130 275
145 275
145 278
153 278
153 272
154 272
154 235
156 235
156 283
173 283
173 348
164 348
164 350
159 350
159 352
171 352
171 356
150 356
150 369
166 369
166 370
163 370
163 389
167 389
167 412
169 412
169 407
172 407
172 364
175 364
175 409
183 409
183 438
186 438
186 451
157 451
157 454
144 454
144 467
188 467
188 285
187 285
187 154
184 154
184 85
200 85
200 241
194 241
194 171
193 171
193 132
191 132
191 240
190 240
190 161
189 161
189 268
192 268
192 428
209 428
209 461
210 461
210 416
208 416
208 417
205 417
205 397
211 397
211 398
215 398
215 414
216 414
216 399
246 399
246 410
240 410
240 440
245 440
245 430
257 430
257 466
241 466
241 460
242 460
242 455
229 455
229 445
225 445
225 469
230 469
230 468
267 468
267 475
243 475
243 477
277 477
277 478
280 478
280 483
305 483
305 485
279 485
279 493
282 493
282 494
321 494
321 495
345 495
345 492
286 492
286 488
350 488
350 491
353 491
353 486
338 486
338 480
334 480
334 481
315 481
315 474
278 474
278 470
276 470
276 464
264 464
264 463
259 463
259 329
258 329
258 367
256 367
256 419
253 419
253 396
252 396
252 391
217 391
217 288
218 288
218 276
228 276
228 301
232 301
232 336
255 336
255 188
263 188
263 175
270 175
270 170
283 170
283 186
293 186
293 196
296 196
296 140
339 140
339 169
332 169
332 159
299 159
299 163
298 163
298 201
302 201
302 179
317 179
317 195
318 195
318 164
306 164
306 162
322 162
322 216
335 216
335 230
313 230
313 236
328 236
328 245
330 245
330 277
316 277
316 280
327 280
327 299
304 299
304 256
303 256
303 247
289 247
289 298
287 298
287 296
288 296
288 282
275 282
275 284
274 284
274 319
291 319
291 300
295 300
295 267
301 267
301 318
326 318
326 311
333 311
333 317
336 317
336 217
340 217
340 254
342 254
342 261
343 261
343 347
329 347
329 351
360 351
360 343
363 343
363 320
370 320
370 330
366 330
366 383
269 383
269 384
358 384
358 393
369 393
369 371
379 371
379 374
380 374
380 368
376 368
376 363
392 363
392 358
390 358
390 360
388 360
388 143
387 143
387 292
385 292
385 134
389 134
389 100
386 100
386 102
382 102
382 70
485 70
485 74
458 74
458 84
453 84
453 262
452 262
452 145
451 145
451 221
450 221
450 237
449 237
449 366
455 366
455 147
457 147
457 425
456 425
456 401
448 401
448 289
446 289
446 421
447 421
447 422
445 422
445 418
444 418
444 211
442 211
442 355
439 355
439 331
438 331
438 323
416 323
416 357
417 357
417 344
429 344
429 337
437 337
437 380
431 380
431 361
430 361
430 406
426 406
426 433
424 433
424 441
428 441
428 448
423 448
423 415
419 415
419 423
420 423
420 424
418 424
418 473
421 473
421 489
415 489
415 381
414 381
414 251
413 251
413 373
410 373
410 232
409 232
409 203
412 203
412 131
403 131
403 119
398 119
398 135
408 135
408 146
411 146
411 168
396 168
396 190
402 190
402 193
406 193
406 444
405 444
405 225
399 225
399 227
400 227
400 294
404 294
404 479
395 479
395 462
393 462
393 476
391 476
391 484
407 484
407 487
394 487
394 490
397 490
397 500
401 500
401 499
427 499
427 496
425 496
425 471
422 471
422 449
432 449
432 432
433 432
433 388
436 388
436 395
434 395
434 427
435 427
435 457
440 457
440 450
441 450
441 458
443 458
443 429
459 429
459 205
462 205
462 182
463 182
463 302
464 302
464 453
496 453
496 443
491 443
491 442
490 442
490 435
474 435
474 405
476 405
476 290
478 290
478 287
472 287
472 234
471 234
471 228
480 228
480 220
468 220
468 242
467 242
467 198
466 198
466 265
465 265
465 176
483 176
483 181
484 181
484 213
487 213
487 156
489 156
489 209
500 209
500 208
499 208
499 206
495 206
495 197
492 197
492 173
498 173
498 155
482 155
482 158
461 158
461 148
497 148
497 89
493 89
493 123
494 123
494 142
454 142
454 106
460 106
460 107
469 107
469 86
475 86
475 109
470 109
470 115
473 115
473 113
477 113
477 104
479 104
479 124
481 124
481 108
488 108
488 83
486 83
486 69
374 69
374 61
375 61
375 2
378 2
378 1
