2248
1060 1
1060 2
1113 2
1113 19
1110 19
1110 21
1064 21
1064 17
902 17
902 7
907 7
907 6
945 6
945 4
839 4
839 5
768 5
768 8
500 8
500 9
458 9
458 15
345 15
345 13
354 13
354 12
315 12
315 3
306 3
306 16
462 16
462 10
665 10
665 11
848 11
848 14
831 14
831 18
1029 18
1029 24
1027 24
1027 25
906 25
906 26
1032 26
1032 29
1021 29
1021 60
1017 60
1017 61
908 61
908 51
661 51
661 49
755 49
755 48
379 48
379 47
327 47
327 43
461 43
461 44
508 44
508 42
341 42
341 40
514 40
514 41
518 41
518 39
442 39
442 33
559 33
559 34
880 34
880 32
404 32
404 35
412 35
412 36
313 36
313 38
305 38
305 50
581 50
581 52
504 52
504 55
471 55
471 53
326 53
326 54
336 54
336 56
450 56
450 57
490 57
490 64
358 64
358 67
333 67
333 83
311 83
311 86
307 86
307 133
317 133
317 176
318 176
318 238
319 238
319 105
324 105
324 94
320 94
320 91
338 91
338 79
342 79
342 96
340 96
340 110
350 110
350 144
355 144
355 182
357 182
357 237
364 237
364 245
380 245
380 251
377 251
377 265
424 265
424 381
420 381
420 499
378 499
378 500
252 500
252 502
366 502
366 504
230 504
230 478
227 478
227 475
198 475
198 436
203 436
203 398
271 398
271 393
403 393
403 341
389 341
389 336
386 336
386 323
344 323
344 320
276 320
276 306
279 306
279 302
43 302
43 297
85 297
85 295
80 295
80 290
301 290
301 289
44 289
44 286
171 286
171 284
57 284
57 283
18 283
18 280
1 280
1 373
6 373
6 367
16 367
16 374
8 374
8 417
9 417
9 516
10 516
10 441
12 441
12 422
19 422
19 375
20 375
20 346
3 346
3 342
17 342
17 327
79 327
79 332
102 332
102 334
143 334
143 330
107 330
107 321
5 321
5 326
4 326
4 309
2 309
2 281
7 281
7 296
14 296
14 313
26 313
26 314
36 314
36 316
112 316
112 315
156 315
156 312
100 312
100 311
24 311
24 298
33 298
33 303
257 303
257 322
322 322
322 328
383 328
383 325
384 325
384 347
376 347
376 364
395 364
395 388
187 388
187 386
180 386
180 389
258 389
258 390
195 390
195 409
194 409
194 480
216 480
216 493
205 493
205 510
253 510
253 511
217 511
217 517
221 517
221 512
293 512
293 507
406 507
406 501
557 501
557 494
602 494
602 483
571 483
571 482
561 482
561 487
528 487
528 477
764 477
764 470
554 470
554 472
576 472
576 473
577 473
577 471
720 471
720 474
493 474
493 495
482 495
482 484
457 484
457 488
435 488
435 497
428 497
428 462
475 462
475 464
691 464
691 457
698 457
698 463
700 463
700 407
704 407
704 408
713 408
713 412
731 412
731 428
740 428
740 465
752 465
752 403
751 403
751 404
734 404
734 397
736 397
736 396
729 396
729 380
747 380
747 385
761 385
761 402
762 402
762 391
778 391
778 384
797 384
797 372
779 372
779 371
765 371
765 369
766 369
766 366
936 366
936 370
905 370
905 395
890 395
890 425
900 425
900 426
857 426
857 451
870 451
870 454
916 454
916 459
917 459
917 445
932 445
932 447
938 447
938 413
926 413
926 379
994 379
994 377
953 377
953 272
954 272
954 354
983 354
983 362
1031 362
1031 360
1041 360
1041 443
1035 443
1035 490
1061 490
1061 506
1052 506
1052 528
1057 528
1057 588
1058 588
1058 602
1050 602
1050 608
1011 608
1011 673
1006 673
1006 671
780 671
780 639
760 639
760 634
699 634
699 618
703 618
703 623
758 623
758 624
898 624
898 625
941 625
941 607
987 607
987 596
943 596
943 599
933 599
933 593
940 593
940 595
944 595
944 592
993 592
993 590
929 590
929 584
992 584
992 582
928 582
928 611
912 611
912 621
791 621
791 614
777 614
777 613
672 613
672 628
669 628
669 631
578 631
578 636
556 636
556 644
551 644
551 645
526 645
526 642
545 642
545 627
515 627
515 650
411 650
411 657
405 657
405 641
314 641
314 656
272 656
272 612
269 612
269 606
277 606
277 609
285 609
285 598
303 598
303 597
286 597
286 585
101 585
101 603
86 603
86 580
94 580
94 524
95 524
95 525
98 525
98 520
128 520
128 557
150 557
150 569
282 569
282 570
167 570
167 581
202 581
202 574
262 574
262 576
316 576
316 571
337 571
337 560
360 560
360 550
394 550
394 540
397 540
397 558
400 558
400 579
401 579
401 555
438 555
438 552
434 552
434 546
492 546
492 561
660 561
660 563
596 563
596 575
667 575
667 573
662 573
662 565
695 565
695 556
717 556
717 553
562 553
562 547
770 547
770 545
407 545
407 543
718 543
718 531
735 531
735 527
712 527
712 532
516 532
516 529
454 529
454 534
456 534
456 536
429 536
429 535
415 535
415 537
467 537
467 530
480 530
480 533
631 533
631 539
390 539
390 541
329 541
329 562
335 562
335 567
310 567
310 566
214 566
214 568
212 568
212 559
210 559
210 554
178 554
178 549
139 549
139 542
135 542
135 548
131 548
131 526
274 526
274 519
153 519
153 518
49 518
49 521
48 521
48 577
67 577
67 663
65 663
65 717
64 717
64 615
58 615
58 668
56 668
56 583
51 583
51 586
50 586
50 633
45 633
45 601
42 601
42 646
41 646
41 680
46 680
46 684
47 684
47 737
53 737
53 760
55 760
55 802
54 802
54 805
38 805
38 807
11 807
11 811
21 811
21 838
13 838
13 843
15 843
15 857
28 857
28 881
25 881
25 891
22 891
22 895
23 895
23 907
68 907
68 894
73 894
73 953
72 953
72 1118
78 1118
78 1153
83 1153
83 1130
87 1130
87 1012
81 1012
81 935
84 935
84 929
96 929
96 999
122 999
122 990
115 990
115 981
145 981
145 1016
140 1016
140 1031
155 1031
155 1034
127 1034
127 1050
146 1050
146 1041
149 1041
149 1106
170 1106
170 1112
176 1112
176 1076
193 1076
193 1133
232 1133
232 1119
238 1119
238 1134
251 1134
251 1135
281 1135
281 1139
260 1139
260 1180
243 1180
243 1195
259 1195
259 1207
248 1207
248 1197
188 1197
188 1166
190 1166
190 1193
236 1193
236 1189
218 1189
218 1187
197 1187
197 1186
200 1186
200 1160
191 1160
191 1145
182 1145
182 1158
181 1158
181 1162
185 1162
185 1164
177 1164
177 1177
184 1177
184 1210
233 1210
233 1205
237 1205
237 1247
239 1247
239 1235
241 1235
241 1246
247 1246
247 1238
263 1238
263 1250
266 1250
266 1225
261 1225
261 1165
278 1165
278 1156
280 1156
280 1249
331 1249
331 1242
519 1242
519 1234
555 1234
555 1224
470 1224
470 1241
451 1241
451 1188
455 1188
455 1223
604 1223
604 1217
481 1217
481 1222
469 1222
469 1211
610 1211
610 1209
678 1209
678 1219
659 1219
659 1226
677 1226
677 1228
635 1228
635 1230
634 1230
634 1231
673 1231
673 1229
719 1229
719 1216
830 1216
830 1215
833 1215
833 1218
811 1218
811 1221
816 1221
816 1227
812 1227
812 1243
772 1243
772 1244
820 1244
820 1240
838 1240
838 1245
861 1245
861 1239
886 1239
886 1233
865 1233
865 1214
826 1214
826 1213
844 1213
844 1196
849 1196
849 1168
995 1168
995 1185
1182 1185
1182 1198
1066 1198
1066 1199
1190 1199
1190 1192
1224 1192
1224 1202
1208 1202
1208 1203
1249 1203
1249 1184
1196 1184
1196 1181
996 1181
996 1175
1005 1175
1005 1176
1133 1176
1133 1159
1128 1159
1128 1169
1081 1169
1081 1167
1013 1167
1013 1170
1009 1170
1009 1174
1003 1174
1003 1163
837 1163
837 1212
774 1212
774 1194
783 1194
783 1183
781 1183
781 1152
773 1152
773 1178
769 1178
769 1201
708 1201
708 1206
693 1206
693 1182
759 1182
759 1126
623 1126
623 1121
496 1121
496 1113
512 1113
512 1108
489 1108
489 1099
511 1099
511 1098
485 1098
485 1094
491 1094
491 1087
479 1087
479 1065
452 1065
452 1044
498 1044
498 1072
563 1072
563 1062
603 1062
603 1083
619 1083
619 1093
738 1093
738 1097
548 1097
548 1104
674 1104
674 1101
799 1101
799 1109
817 1109
817 1096
815 1096
815 1085
892 1085
892 1105
899 1105
899 1092
911 1092
911 1091
909 1091
909 1081
915 1081
915 1103
920 1103
920 1095
921 1095
921 1084
962 1084
962 1102
965 1102
965 1060
922 1060
922 1056
974 1056
974 1027
982 1027
982 1021
984 1021
984 1018
1042 1018
1042 1015
923 1015
923 1020
913 1020
913 1035
948 1035
948 1054
873 1054
873 1057
850 1057
850 1049
871 1049
871 1032
845 1032
845 1026
863 1026
863 1022
842 1022
842 1025
836 1025
836 1030
828 1030
828 1013
869 1013
869 1008
862 1008
862 1006
858 1006
858 1003
864 1003
864 988
1136 988
1136 1029
1132 1029
1132 1037
1142 1037
1142 1120
1134 1120
1134 1150
1237 1150
1237 1151
1247 1151
1247 1144
1245 1144
1245 1143
1235 1143
1235 1140
1201 1140
1201 1148
1137 1148
1137 1132
1145 1132
1145 1138
1152 1138
1152 1137
1162 1137
1162 1122
1184 1122
1184 1136
1200 1136
1200 1123
1213 1123
1213 1114
1148 1114
1148 1116
1147 1116
1147 1070
1143 1070
1143 1053
1161 1053
1161 1061
1166 1061
1166 1111
1172 1111
1172 1017
1164 1017
1164 1002
1151 1002
1151 1023
1139 1023
1139 986
1062 986
1062 984
951 984
951 987
852 987
852 963
867 963
867 973
975 973
975 967
883 967
883 964
971 964
971 965
1083 965
1083 960
973 960
973 959
1105 959
1105 972
1077 972
1077 974
1075 974
1075 975
1138 975
1138 970
1220 970
1220 930
1241 930
1241 927
1205 927
1205 968
1181 968
1181 969
1146 969
1146 966
1106 966
1106 962
1109 962
1109 957
1067 957
1067 956
978 956
978 954
959 954
959 951
934 951
934 949
1107 949
1107 948
1086 948
1086 936
1073 936
1073 938
1053 938
1053 928
1036 928
1036 937
1019 937
1019 934
1001 934
1001 941
1010 941
1010 943
1008 943
1008 947
914 947
914 958
851 958
851 997
847 997
847 1007
834 1007
834 1001
824 1001
824 1004
822 1004
822 1009
814 1009
814 1064
903 1064
903 1068
942 1068
942 1063
961 1063
961 1073
930 1073
930 1077
885 1077
885 1079
841 1079
841 1078
801 1078
801 1088
786 1088
786 1086
728 1086
728 1090
626 1090
626 1089
640 1089
640 1082
671 1082
671 1075
644 1075
644 1069
605 1069
605 1066
630 1066
630 1059
792 1059
792 1058
749 1058
749 1055
549 1055
549 1067
517 1067
517 1042
706 1042
706 1040
782 1040
782 1043
527 1043
527 1052
600 1052
600 1048
628 1048
628 1046
643 1046
643 1045
789 1045
789 1038
513 1038
513 1039
445 1039
445 983
505 983
505 931
503 931
503 925
497 925
497 940
478 940
478 923
507 923
507 926
641 926
641 933
612 933
612 932
560 932
560 952
547 952
547 976
558 976
558 996
582 996
582 995
598 995
598 971
584 971
584 945
570 945
570 944
636 944
636 977
645 977
645 985
711 985
711 1005
733 1005
733 1000
716 1000
716 982
657 982
657 961
650 961
650 922
790 922
790 924
803 924
803 892
806 892
806 886
794 886
794 840
796 840
796 841
937 841
937 837
999 837
999 848
1038 848
1038 845
1024 845
1024 842
1102 842
1102 839
1026 839
1026 832
1018 832
1018 833
897 833
897 836
800 836
800 831
787 831
787 862
784 862
784 865
788 865
788 888
795 888
795 921
737 921
737 920
638 920
638 919
771 919
771 918
653 918
653 906
642 906
642 893
658 893
658 885
621 885
621 905
617 905
617 883
705 883
705 863
722 863
722 880
742 880
742 878
757 878
757 876
727 876
727 860
690 860
690 851
725 851
725 830
714 830
714 844
681 844
681 846
688 846
688 858
679 858
679 866
697 866
697 869
694 869
694 871
686 871
686 874
589 874
589 875
666 875
666 882
606 882
606 908
599 908
599 910
585 910
585 902
569 902
569 913
615 913
615 912
622 912
622 887
625 887
625 917
477 917
477 939
460 939
460 950
486 950
486 942
502 942
502 946
487 946
487 978
499 978
499 955
501 955
501 979
443 979
443 1071
474 1071
474 1110
483 1110
483 1115
488 1115
488 1127
649 1127
649 1129
680 1129
680 1131
741 1131
741 1141
753 1141
753 1179
689 1179
689 1208
707 1208
707 1220
685 1220
685 1191
646 1191
646 1204
543 1204
543 1200
494 1200
494 1190
484 1190
484 1157
520 1157
520 1171
521 1171
521 1161
525 1161
525 1154
542 1154
542 1173
544 1173
544 1147
546 1147
546 1146
529 1146
529 1142
466 1142
466 1155
453 1155
453 1172
449 1172
449 1232
418 1232
418 1236
309 1236
309 1237
328 1237
328 1248
283 1248
283 1149
298 1149
298 1107
297 1107
297 1024
300 1024
300 991
299 991
299 992
290 992
290 989
284 989
284 994
275 994
275 1074
295 1074
295 1128
289 1128
289 1117
231 1117
231 1125
211 1125
211 1100
209 1100
209 1033
206 1033
206 1010
201 1010
201 1124
196 1124
196 1047
189 1047
189 1011
186 1011
186 1019
183 1019
183 1051
169 1051
169 1080
157 1080
157 1036
161 1036
161 1028
158 1028
158 1014
162 1014
162 980
114 980
114 993
113 993
113 998
97 998
97 900
105 900
105 898
99 898
99 899
93 899
93 890
59 890
59 889
111 889
111 903
108 903
108 914
109 914
109 904
124 904
124 916
173 916
173 915
292 915
292 896
287 896
287 877
267 877
267 859
294 859
294 849
245 849
245 852
147 852
147 853
159 853
159 867
142 867
142 850
126 850
126 864
117 864
117 870
160 870
160 854
204 854
204 861
213 861
213 873
223 873
223 855
291 855
291 856
240 856
240 868
242 868
242 872
256 872
256 879
270 879
270 909
132 909
132 911
129 911
129 901
123 901
123 884
31 884
31 897
29 897
29 835
27 835
27 820
30 820
30 813
34 813
34 815
39 815
39 808
40 808
40 810
61 810
61 766
62 766
62 616
63 616
63 748
77 748
77 779
90 779
90 822
32 822
32 823
52 823
52 826
37 826
37 828
35 828
35 834
76 834
76 847
104 847
104 827
92 827
92 771
88 771
88 747
66 747
66 678
69 678
69 538
60 538
60 523
71 523
71 522
91 522
91 572
75 572
75 544
70 544
70 617
74 617
74 690
89 690
89 687
82 687
82 630
103 630
103 626
110 626
110 685
116 685
116 589
106 589
106 587
172 587
172 591
192 591
192 594
264 594
264 655
244 655
244 619
224 619
224 649
208 649
208 652
125 652
125 622
118 622
118 670
138 670
138 672
148 672
148 675
136 675
136 679
166 679
166 681
151 681
151 694
225 694
225 746
179 746
179 701
164 701
164 739
152 739
152 745
141 745
141 772
130 772
130 803
134 803
134 814
137 814
137 818
121 818
121 821
133 821
133 819
163 819
163 799
144 799
144 789
165 789
165 776
168 776
168 817
174 817
174 752
207 752
207 753
321 753
321 754
347 754
347 762
348 762
348 812
330 812
330 824
346 824
346 829
362 829
362 825
396 825
396 816
356 816
356 791
381 791
381 790
597 790
597 784
648 784
648 781
647 781
647 780
552 780
552 768
709 768
709 774
810 774
810 785
804 785
804 787
853 787
853 796
868 796
868 797
980 797
980 794
981 794
981 801
986 801
986 800
998 800
998 795
1037 795
1037 798
1096 798
1096 806
1111 806
1111 809
1135 809
1135 804
1122 804
1122 792
963 792
963 793
895 793
895 775
888 775
888 759
1039 759
1039 769
1130 769
1130 770
1131 770
1131 758
918 758
918 755
854 755
854 756
701 756
701 757
859 757
859 761
887 761
887 765
550 765
550 763
506 763
506 764
459 764
459 767
540 767
540 778
413 778
413 782
465 782
465 788
373 788
373 786
371 786
371 783
374 783
374 777
359 777
359 773
351 773
351 750
323 750
323 751
220 751
220 749
228 749
228 693
219 693
219 683
215 683
215 666
199 666
199 669
154 669
154 654
235 654
235 658
399 658
399 659
495 659
495 653
433 653
433 651
588 651
588 667
573 667
573 660
568 660
568 700
586 700
586 696
607 696
607 674
590 674
590 632
676 632
676 637
651 637
651 638
682 638
682 643
715 643
715 640
750 640
750 647
730 647
730 665
687 665
687 664
721 664
721 661
710 661
710 648
684 648
684 677
637 677
637 697
668 697
668 695
823 695
823 699
972 699
972 706
968 706
968 715
967 715
967 721
889 721
889 716
856 716
856 718
827 718
827 704
652 704
652 703
534 703
534 714
594 714
594 729
464 729
464 726
334 726
334 732
444 732
444 728
446 728
446 734
463 734
463 736
343 736
343 735
308 735
308 743
325 743
325 744
365 744
365 742
391 742
391 741
832 741
832 740
939 740
939 733
924 733
924 738
472 738
472 731
535 731
535 730
663 730
663 727
616 727
616 720
624 720
624 719
609 719
609 724
595 724
595 713
654 713
654 712
566 712
566 709
613 709
613 710
633 710
633 708
608 708
608 707
565 707
565 705
825 705
825 723
808 723
808 725
976 725
976 698
990 698
990 722
1004 722
1004 692
746 692
746 662
756 662
756 691
763 691
763 689
866 689
866 686
793 686
793 676
935 676
935 682
1012 682
1012 610
1020 610
1020 620
1046 620
1046 629
1048 629
1048 702
1054 702
1054 688
1055 688
1055 604
1095 604
1095 605
1097 605
1097 711
1098 711
1098 635
1099 635
1099 600
1065 600
1065 442
1070 442
1070 509
1071 509
1071 564
1072 564
1072 498
1085 498
1085 515
1117 515
1117 551
1112 551
1112 578
1118 578
1118 514
1124 514
1124 491
1114 491
1114 508
1092 508
1092 368
1126 368
1126 279
1125 279
1125 278
1192 278
1192 400
1191 400
1191 356
1188 356
1188 307
1187 307
1187 466
1186 466
1186 429
1180 429
1180 383
1176 383
1176 486
1175 486
1175 387
1169 387
1169 410
1167 410
1167 476
1174 476
1174 481
1156 481
1156 414
1150 414
1150 503
1155 503
1155 505
1168 505
1168 513
1178 513
1178 492
1189 492
1189 479
1195 479
1195 468
1193 468
1193 270
1231 270
1231 333
1234 333
1234 420
1230 420
1230 419
1225 419
1225 394
1207 394
1207 415
1204 415
1204 416
1202 416
1202 421
1227 421
1227 467
1228 467
1228 458
1238 458
1238 405
1240 405
1240 349
1242 349
1242 331
1244 331
1244 276
1246 276
1246 275
1233 275
1233 269
1243 269
1243 268
1144 268
1144 271
1153 271
1153 273
1123 273
1123 293
1119 293
1119 348
1089 348
1089 485
1079 485
1079 378
1078 378
1078 382
1056 382
1056 489
1043 489
1043 340
1028 340
1028 353
997 353
997 351
985 351
985 345
988 345
988 343
979 343
979 305
977 305
977 339
964 339
964 324
957 324
957 282
958 282
958 266
950 266
950 285
901 285
901 318
910 318
910 299
919 299
919 317
927 317
927 287
952 287
952 338
881 338
881 335
875 335
875 337
805 337
805 344
946 344
946 365
931 365
931 355
925 355
925 350
894 350
894 352
874 352
874 358
843 358
843 363
840 363
840 361
821 361
821 359
726 359
726 392
696 392
696 376
675 376
675 406
683 406
683 444
593 444
593 448
656 448
656 450
632 450
632 453
538 453
538 449
476 449
476 452
522 452
522 455
587 455
587 456
629 456
629 461
436 461
436 446
422 446
422 399
431 399
431 424
427 424
427 438
440 438
440 437
439 437
439 435
437 435
437 430
432 430
432 357
426 357
426 329
425 329
425 261
393 261
393 260
392 260
392 240
369 240
369 215
532 215
532 214
533 214
533 211
363 211
363 189
361 189
361 121
353 121
353 100
352 100
352 73
398 73
398 84
367 84
367 140
372 140
372 135
368 135
368 93
370 93
370 90
385 90
385 104
402 104
402 108
410 108
410 132
798 132
798 130
879 130
879 139
1040 139
1040 138
1080 138
1080 103
1074 103
1074 99
1094 99
1094 123
1116 123
1116 116
1104 116
1104 80
1159 80
1159 88
1170 88
1170 118
1158 118
1158 134
1154 134
1154 82
1149 82
1149 175
1157 175
1157 197
1160 197
1160 244
1179 244
1179 243
1221 243
1221 241
1185 241
1185 239
1229 239
1229 203
1232 203
1232 77
1223 77
1223 68
1239 68
1239 37
1236 37
1236 45
1218 45
1218 23
1214 23
1214 78
1212 78
1212 69
1211 69
1211 46
1199 46
1199 97
1203 97
1203 145
1215 145
1215 137
1226 137
1226 226
1210 226
1210 231
1177 231
1177 233
1216 233
1216 235
1209 235
1209 234
1183 234
1183 242
1165 242
1165 161
1163 161
1163 142
1173 142
1173 85
1171 85
1171 72
1140 72
1140 76
1103 76
1103 74
1082 74
1082 75
1100 75
1100 95
1069 95
1069 87
1063 87
1063 131
1030 131
1030 119
1023 119
1023 89
1022 89
1022 122
1007 122
1007 136
882 136
882 107
904 107
904 106
878 106
878 129
855 129
855 128
510 128
510 127
419 127
419 126
417 126
417 120
530 120
530 125
744 125
744 124
748 124
748 115
670 115
670 117
430 117
430 114
574 114
574 113
807 113
807 111
473 111
473 112
468 112
468 109
414 109
414 102
614 102
614 101
539 101
539 92
509 92
509 98
423 98
423 81
408 81
408 66
553 66
553 65
572 65
572 70
448 70
448 71
575 71
575 59
754 59
754 58
835 58
835 62
1033 62
1033 22
1115 22
1115 20
1129 20
1129 1
