216
43 86
43 81
44 81
44 71
39 71
39 8
45 8
45 4
1 4
1 7
11 7
11 12
26 12
26 15
33 15
33 20
10 20
10 21
29 21
29 64
24 64
24 63
19 63
19 31
5 31
5 29
2 29
2 58
3 58
3 70
4 70
4 38
7 38
7 48
6 48
6 100
8 100
8 82
9 82
9 97
12 97
12 75
13 75
13 42
17 42
17 114
27 114
27 111
18 111
18 65
32 65
32 34
31 34
31 23
37 23
37 25
34 25
34 33
38 33
38 62
36 62
36 129
16 129
16 115
14 115
14 187
67 187
67 188
22 188
22 195
21 195
21 199
139 199
139 198
115 198
115 196
56 196
56 194
137 194
137 181
159 181
159 193
141 193
141 197
146 197
146 200
186 200
186 192
165 192
165 180
169 180
169 175
142 175
142 177
132 177
132 191
74 191
74 190
117 190
117 189
126 189
126 178
105 178
105 182
102 182
102 179
93 179
93 122
89 122
89 80
85 80
85 46
96 46
96 50
90 50
90 54
97 54
97 56
100 56
100 45
106 45
106 123
112 123
112 113
113 113
113 102
111 102
111 107
109 107
109 61
110 61
110 47
119 47
119 49
116 49
116 79
118 79
118 95
151 95
151 83
158 83
158 87
172 87
172 68
162 68
162 57
167 57
167 28
157 28
157 24
145 24
145 17
148 17
148 18
154 18
154 19
156 19
156 13
189 13
189 11
144 11
144 26
155 26
155 72
171 72
171 74
161 74
161 78
147 78
147 91
122 91
122 67
120 67
120 43
81 43
81 85
82 85
82 99
77 99
77 98
78 98
78 60
75 60
75 104
76 104
76 109
79 109
79 126
84 126
84 112
83 112
83 108
86 108
86 130
88 130
88 139
91 139
91 145
92 145
92 184
101 184
101 186
87 186
87 185
15 185
15 143
25 143
25 138
30 138
30 137
28 137
28 135
20 135
20 131
40 131
40 86
