92
43 86
43 81
44 81
44 71
39 71
39 8
45 8
45 4
1 4
1 7
11 7
11 12
26 12
26 15
33 15
33 20
10 20
10 21
29 21
29 64
24 64
24 63
19 63
19 31
5 31
5 29
2 29
2 58
3 58
3 70
4 70
4 38
7 38
7 48
6 48
6 100
8 100
8 82
9 82
9 97
12 97
12 75
13 75
13 42
17 42
17 114
27 114
27 111
18 111
18 65
32 65
32 34
31 34
31 23
37 23
37 25
34 25
34 33
38 33
38 62
36 62
36 129
16 129
16 115
14 115
14 187
67 187
67 188
22 188
22 194
137 194
137 191
74 191
74 190
117 190
117 189
126 189
126 186
87 186
87 185
15 185
15 143
25 143
25 138
30 138
30 137
28 137
28 135
20 135
20 131
40 131
40 86
