1528
1214 1
1214 7
1216 7
1216 40
1203 40
1203 36
1200 36
1200 47
1196 47
1196 49
1201 49
1201 97
1171 97
1171 96
1146 96
1146 95
1136 95
1136 108
1127 108
1127 116
1122 116
1122 141
1147 141
1147 155
1169 155
1169 190
1159 190
1159 242
1152 242
1152 193
1148 193
1148 262
1140 262
1140 226
1124 226
1124 224
1120 224
1120 147
1117 147
1117 77
1123 77
1123 84
1151 84
1151 92
1139 92
1139 93
1157 93
1157 74
1039 74
1039 83
888 83
888 82
858 82
858 63
864 63
864 60
882 60
882 57
794 57
794 55
826 55
826 52
627 52
627 65
619 65
619 90
644 90
644 112
618 112
618 124
637 124
637 164
640 164
640 165
631 165
631 168
613 168
613 180
602 180
602 162
605 162
605 123
466 123
466 134
490 134
490 140
487 140
487 176
493 176
493 143
499 143
499 146
494 146
494 204
526 204
526 247
510 247
510 210
476 210
476 241
474 241
474 248
481 248
481 211
486 211
486 251
435 251
435 207
426 207
426 194
445 194
445 171
441 171
441 177
428 177
428 115
411 115
411 118
423 118
423 184
417 184
417 186
424 186
424 188
416 188
416 197
414 197
414 208
434 208
434 252
545 252
545 250
549 250
549 231
534 231
534 181
544 181
544 173
501 173
501 125
596 125
596 187
650 187
650 99
654 99
654 94
651 94
651 91
663 91
663 88
734 88
734 87
687 87
687 81
684 81
684 78
695 78
695 70
643 70
643 58
849 58
849 80
844 80
844 85
1077 85
1077 75
1115 75
1115 229
1133 229
1133 256
1137 256
1137 273
1182 273
1182 297
1158 297
1158 303
1145 303
1145 330
810 330
810 327
911 327
911 324
919 324
919 317
765 317
765 340
760 340
760 349
766 349
766 354
753 354
753 344
746 344
746 357
730 357
730 364
710 364
710 372
712 372
712 375
736 375
736 376
738 376
738 362
748 362
748 368
767 368
767 323
768 323
768 322
783 322
783 325
770 325
770 405
771 405
771 396
791 396
791 394
781 394
781 390
797 390
797 416
802 416
802 402
803 402
803 479
793 479
793 506
805 506
805 487
807 487
807 433
808 433
808 499
821 499
821 486
871 486
871 458
890 458
890 464
967 464
967 417
973 417
973 475
970 475
970 480
971 480
971 570
975 570
975 423
990 423
990 439
992 439
992 504
994 504
994 544
982 544
982 577
932 577
932 525
934 525
934 512
897 512
897 603
886 603
886 614
903 614
903 621
972 621
972 623
1075 623
1075 596
1069 596
1069 594
1128 594
1128 611
1131 611
1131 626
1093 626
1093 628
1090 628
1090 665
1105 665
1105 682
1086 682
1086 673
1084 673
1084 697
1083 697
1083 713
1107 713
1107 758
1079 758
1079 760
1081 760
1081 803
1092 803
1092 781
1106 781
1106 857
1100 857
1100 868
1103 868
1103 881
1074 881
1074 870
1068 870
1068 928
1066 928
1066 927
1045 927
1045 923
1052 923
1052 873
1031 873
1031 797
1033 797
1033 809
1037 809
1037 844
1040 844
1040 817
1072 817
1072 793
1067 793
1067 736
1064 736
1064 792
1062 792
1062 691
1022 691
1022 685
969 685
969 692
1042 692
1042 701
1060 701
1060 749
1050 749
1050 755
1059 755
1059 810
1053 810
1053 814
1044 814
1044 763
1030 763
1030 748
1047 748
1047 744
1012 744
1012 737
984 737
984 743
959 743
959 728
947 728
947 721
795 721
795 696
863 696
863 688
792 688
792 722
838 722
838 723
868 723
868 724
763 724
763 727
937 727
937 738
892 738
892 729
887 729
887 756
1013 756
1013 787
1015 787
1015 747
1019 747
1019 775
1016 775
1016 934
1029 934
1029 943
1070 943
1070 913
1076 913
1076 893
1096 893
1096 908
1097 908
1097 959
968 959
968 926
954 926
954 924
981 924
981 901
963 901
963 899
936 899
936 917
883 917
883 922
845 922
845 915
879 915
879 894
856 894
856 900
850 900
850 843
853 843
853 821
857 821
857 777
840 777
840 740
861 740
861 836
860 836
860 862
877 862
877 823
884 823
884 818
875 818
875 783
872 783
872 730
837 730
837 830
825 830
825 848
822 848
822 867
835 867
835 877
848 877
848 904
832 904
832 905
836 905
836 925
851 925
851 933
926 933
926 935
964 935
964 964
843 964
843 969
880 969
880 975
941 975
941 972
960 972
960 978
927 978
927 979
898 979
898 990
939 990
939 982
946 982
946 995
962 995
962 993
974 993
974 960
1054 960
1054 971
1048 971
1048 983
1043 983
1043 992
1082 992
1082 1001
878 1001
878 1003
719 1003
719 1016
716 1016
716 1123
715 1123
715 1158
700 1158
700 1110
702 1110
702 1108
706 1108
706 1105
699 1105
699 1160
707 1160
707 1163
733 1163
733 1170
657 1170
657 1173
653 1173
653 1161
656 1161
656 1156
582 1156
582 1075
606 1075
606 1068
598 1068
598 1042
604 1042
604 1010
574 1010
574 931
568 931
568 1136
528 1136
528 1128
491 1128
491 1111
488 1111
488 1089
452 1089
452 1046
547 1046
547 1045
467 1045
467 1036
518 1036
518 1021
497 1021
497 1020
482 1020
482 1013
459 1013
459 947
457 947
457 916
456 916
456 906
394 906
394 912
380 912
380 833
379 833
379 831
369 831
369 764
392 764
392 757
366 757
366 746
350 746
350 731
326 731
326 849
311 849
311 834
312 834
312 790
315 790
315 762
306 762
306 708
325 708
325 698
321 698
321 684
299 684
299 660
295 660
295 616
284 616
284 613
279 613
279 585
272 585
272 635
197 635
197 651
195 651
195 664
190 664
190 671
203 671
203 765
200 765
200 846
201 846
201 890
196 890
196 987
185 987
185 656
171 656
171 718
170 718
170 958
169 958
169 776
166 776
166 631
153 631
153 680
156 680
156 704
131 704
131 903
130 903
130 690
129 690
129 852
127 852
127 853
126 853
126 921
138 921
138 938
110 938
110 954
123 954
123 957
119 957
119 966
113 966
113 974
120 974
120 1035
108 1035
108 1030
104 1030
104 694
105 694
105 668
99 668
99 630
81 630
81 653
85 653
85 689
70 689
70 683
66 683
66 675
75 675
75 674
65 674
65 883
68 883
68 791
67 791
67 745
72 745
72 717
78 717
78 710
94 710
94 802
89 802
89 858
88 858
88 835
87 835
87 838
86 838
86 869
91 869
91 970
83 970
83 1018
73 1018
73 1069
98 1069
98 1032
90 1032
90 1066
80 1066
80 1024
93 1024
93 812
95 812
95 772
96 772
96 670
103 670
103 735
101 735
101 795
102 795
102 887
100 887
100 1087
106 1087
106 1101
118 1101
118 1122
121 1122
121 1157
117 1157
117 1179
112 1179
112 1172
62 1172
62 1153
56 1153
56 1114
50 1114
50 1126
48 1126
48 1129
46 1129
46 1137
15 1137
15 1133
9 1133
9 871
11 871
11 885
12 885
12 586
10 586
10 825
7 825
7 856
8 856
8 1140
20 1140
20 1142
28 1142
28 1143
6 1143
6 1127
5 1127
5 1148
14 1148
14 1144
54 1144
54 1147
55 1147
55 1174
107 1174
107 1177
61 1177
61 1187
114 1187
114 1217
370 1217
370 1214
371 1214
371 1207
382 1207
382 1209
438 1209
438 1211
458 1211
458 1220
444 1220
444 1221
463 1221
463 1222
425 1222
425 1225
266 1225
266 1228
234 1228
234 1230
60 1230
60 1227
229 1227
229 1226
30 1226
30 1224
16 1224
16 1223
2 1223
2 1236
13 1236
13 1233
135 1233
135 1232
149 1232
149 1234
309 1234
309 1229
395 1229
395 1235
421 1235
421 1237
340 1237
340 1238
415 1238
415 1242
398 1242
398 1240
1 1240
1 1241
348 1241
348 1243
291 1243
291 1246
344 1246
344 1249
319 1249
319 1247
297 1247
297 1250
406 1250
406 1244
420 1244
420 1245
427 1245
427 1231
450 1231
450 1248
468 1248
468 1213
610 1213
610 1219
642 1219
642 1218
617 1218
617 1212
470 1212
470 1208
515 1208
515 1210
560 1210
560 1206
359 1206
359 1216
161 1216
161 1215
115 1215
115 1202
122 1202
122 1022
124 1022
124 962
139 962
139 851
132 851
132 850
134 850
134 709
136 709
136 725
157 725
157 637
159 637
159 659
160 659
160 1060
162 1060
162 1132
155 1132
155 1103
150 1103
150 1116
141 1116
141 1124
142 1124
142 1154
143 1154
143 1119
152 1119
152 1141
199 1141
199 1120
188 1120
188 1117
164 1117
164 1113
163 1113
163 705
165 705
165 1017
172 1017
172 1102
183 1102
183 1077
192 1077
192 1086
205 1086
205 1067
202 1067
202 1052
206 1052
206 1064
208 1064
208 1051
230 1051
230 1095
231 1095
231 952
232 952
232 941
233 941
233 788
228 788
228 733
236 733
236 1047
239 1047
239 1118
245 1118
245 1078
254 1078
254 1104
259 1104
259 1162
265 1162
265 1094
269 1094
269 1152
275 1152
275 1061
241 1061
241 1011
240 1011
240 841
237 841
237 761
243 761
243 837
246 837
246 759
238 759
238 681
224 681
224 702
235 702
235 703
225 703
225 732
226 732
226 1000
221 1000
221 1012
222 1012
222 1027
189 1027
189 1043
184 1043
184 1059
180 1059
180 1023
174 1023
174 1088
173 1088
173 847
175 847
175 965
177 965
177 695
181 695
181 726
179 726
179 994
204 994
204 920
209 920
209 739
213 739
213 752
218 752
218 911
217 911
217 945
220 945
220 667
198 667
198 662
212 662
212 645
242 645
242 641
261 641
261 650
264 650
264 652
278 652
278 654
287 654
287 642
280 642
280 648
273 648
273 599
274 599
274 625
292 625
292 633
294 633
294 636
290 636
290 661
293 661
293 944
296 944
296 786
301 786
301 750
303 750
303 872
298 872
298 936
302 936
302 942
304 942
304 720
305 720
305 988
322 988
322 953
334 953
334 956
353 956
353 973
352 973
352 984
342 984
342 1044
337 1044
337 1014
336 1014
336 1038
333 1038
333 1048
329 1048
329 1049
317 1049
317 1037
288 1037
288 1041
285 1041
285 1050
310 1050
310 1056
335 1056
335 1079
331 1079
331 1083
338 1083
338 1074
345 1074
345 1019
347 1019
347 1028
372 1028
372 1006
387 1006
387 1005
364 1005
364 981
368 981
368 980
375 980
375 999
376 999
376 998
399 998
399 1025
403 1025
403 968
374 968
374 967
363 967
363 976
355 976
355 948
313 948
313 946
314 946
314 882
323 882
323 929
327 929
327 880
339 880
339 876
328 876
328 734
341 734
341 811
343 811
343 822
346 822
346 766
358 766
358 753
362 753
362 874
360 874
360 875
357 875
357 878
378 878
378 910
365 910
365 914
405 914
405 937
408 937
408 907
453 907
453 909
447 909
447 930
455 930
455 986
448 986
448 1093
485 1093
485 1115
477 1115
477 1135
519 1135
519 1169
521 1169
521 1164
523 1164
523 1188
537 1188
537 1182
538 1182
538 1185
541 1185
541 1181
542 1181
542 1145
552 1145
552 1139
533 1139
533 1138
566 1138
566 1149
569 1149
569 949
570 949
570 1026
588 1026
588 1033
581 1033
581 1092
577 1092
577 1159
612 1159
612 1167
615 1167
615 1183
616 1183
616 1168
638 1168
638 1165
641 1165
641 1166
645 1166
645 1184
711 1184
711 1186
739 1186
739 1199
737 1199
737 1201
764 1201
764 1194
787 1194
787 1196
873 1196
873 1200
896 1200
896 1197
1009 1197
1009 1198
1156 1198
1156 1189
1071 1189
1071 1192
1038 1192
1038 1193
1025 1193
1025 1195
813 1195
813 1191
776 1191
776 1190
761 1190
761 1180
752 1180
752 1178
649 1178
649 1175
689 1175
689 1171
747 1171
747 1176
749 1176
749 1150
726 1150
726 1072
728 1072
728 1081
729 1081
729 1055
741 1055
741 1099
756 1099
756 1106
755 1106
755 1112
762 1112
762 1085
758 1085
758 1097
745 1097
745 1090
742 1090
742 1080
757 1080
757 1039
743 1039
743 1015
740 1015
740 1053
724 1053
724 1131
723 1131
723 1065
720 1065
720 1009
754 1009
754 1008
922 1008
922 1007
1099 1007
1099 939
1108 939
1108 655
1111 655
1111 639
1112 639
1112 658
1114 658
1114 672
1125 672
1125 646
1144 646
1144 634
1142 634
1142 591
1061 591
1061 622
1058 622
1058 619
1002 619
1002 618
930 618
930 615
955 615
955 612
902 612
902 549
913 549
913 533
915 533
915 524
921 524
921 552
904 552
904 563
924 563
924 564
917 564
917 597
953 597
953 589
986 589
986 548
991 548
991 587
993 587
993 593
1010 593
1010 509
1056 509
1056 500
1034 500
1034 503
1011 503
1011 491
1004 491
1004 592
996 592
996 578
999 578
999 488
1000 488
1000 459
998 459
998 414
957 414
957 427
943 427
943 418
914 418
914 361
905 361
905 408
907 408
907 421
908 421
908 424
834 424
834 430
966 430
966 440
958 440
958 462
935 462
935 461
918 461
918 449
881 449
881 437
870 437
870 478
852 478
852 476
819 476
819 494
812 494
812 412
815 412
815 386
817 386
817 443
820 443
820 432
818 432
818 382
814 382
814 389
809 389
809 378
779 378
779 351
775 351
775 339
785 339
785 318
830 318
830 320
801 320
801 337
827 337
827 335
839 335
839 331
1129 331
1129 332
859 332
859 333
1149 333
1149 313
1189 313
1189 312
1237 312
1237 343
1239 343
1239 377
1238 377
1238 419
1176 419
1176 381
1172 381
1172 444
1178 444
1178 446
1165 446
1165 373
1164 373
1164 447
1173 447
1173 460
1209 460
1209 469
1207 469
1207 502
1215 502
1215 498
1219 498
1219 501
1231 501
1231 522
1230 522
1230 530
1227 530
1227 574
1232 574
1232 542
1233 542
1233 505
1248 505
1248 495
1228 495
1228 496
1211 496
1211 438
1194 438
1194 445
1208 445
1208 451
1191 451
1191 454
1204 454
1204 456
1180 456
1180 436
1198 436
1198 434
1226 434
1226 441
1234 441
1234 452
1241 452
1241 353
1246 353
1246 426
1250 426
1250 415
1249 415
1249 338
1245 338
1245 341
1240 341
1240 334
1242 334
1242 329
1244 329
1244 336
1247 336
1247 311
1192 311
1192 310
1161 310
1161 304
1177 304
1177 299
1188 299
1188 292
1190 292
1190 287
1193 287
1193 300
1199 300
1199 296
1206 296
1206 277
1197 277
1197 272
1166 272
1166 271
1141 271
1141 263
1162 263
1162 219
1163 219
1163 230
1167 230
1167 259
1183 259
1183 265
1185 265
1185 269
1195 269
1195 240
1179 240
1179 244
1170 244
1170 215
1181 215
1181 178
1175 178
1175 126
1168 126
1168 144
1150 144
1150 131
1160 131
1160 129
1138 129
1138 100
1202 100
1202 51
1205 51
1205 50
1217 50
1217 71
1220 71
1220 76
1221 76
1221 139
1222 139
1222 161
1223 161
1223 212
1212 212
1212 111
1210 111
1210 267
1213 267
1213 290
1235 290
1235 302
1243 302
1243 279
1229 279
1229 282
1236 282
1236 284
1218 284
1218 280
1225 280
1225 105
1224 105
1224 1
