108
194 166
194 121
169 121
169 180
99 180
99 189
97 189
97 190
122 190
122 216
24 216
24 223
1 223
1 224
140 224
140 205
143 205
143 182
147 182
147 284
144 284
144 292
129 292
129 344
120 344
120 341
115 341
115 349
65 349
65 348
100 348
100 282
98 282
98 321
93 321
93 345
68 345
68 320
79 320
79 307
66 307
66 309
67 309
67 336
60 336
60 352
31 352
31 330
28 330
28 253
29 253
29 238
22 238
22 252
21 252
21 324
26 324
26 354
114 354
114 353
130 353
130 335
135 335
135 300
153 300
153 248
158 248
158 201
159 201
159 187
167 187
167 278
165 278
165 342
168 342
168 219
170 219
170 131
193 131
193 151
172 151
172 177
175 177
175 181
182 181
182 214
171 214
171 287
189 287
189 276
214 276
214 275
207 275
207 267
206 267
206 245
192 245
192 179
181 179
181 175
236 175
236 173
276 173
276 170
251 170
251 168
444 168
444 166
