1074
789 295
789 274
778 274
778 202
744 202
744 199
715 199
715 198
497 198
497 113
644 113
644 111
435 111
435 148
408 148
408 159
322 159
322 165
198 165
198 166
194 166
194 121
169 121
169 180
99 180
99 189
97 189
97 190
122 190
122 216
24 216
24 223
1 223
1 224
140 224
140 205
143 205
143 182
147 182
147 284
144 284
144 292
129 292
129 344
120 344
120 341
115 341
115 349
65 349
65 348
100 348
100 282
98 282
98 321
93 321
93 345
68 345
68 320
79 320
79 307
66 307
66 309
67 309
67 336
60 336
60 352
31 352
31 330
28 330
28 253
29 253
29 238
22 238
22 252
21 252
21 324
26 324
26 354
114 354
114 353
130 353
130 335
135 335
135 300
153 300
153 248
158 248
158 201
159 201
159 187
167 187
167 278
165 278
165 342
168 342
168 219
170 219
170 131
193 131
193 151
172 151
172 177
175 177
175 181
182 181
182 214
171 214
171 333
209 333
209 323
220 323
220 356
219 356
219 370
297 370
297 383
210 383
210 364
204 364
204 350
202 350
202 385
254 385
254 395
293 395
293 394
342 394
342 393
255 393
255 389
360 389
360 392
387 392
387 384
622 384
622 381
674 381
674 391
683 391
683 382
682 382
682 375
481 375
481 368
554 368
554 362
560 362
560 373
765 373
765 371
590 371
590 367
655 367
655 361
445 361
445 376
385 376
385 387
317 387
317 374
341 374
341 369
241 369
241 366
256 366
256 357
337 357
337 360
367 360
367 359
725 359
725 358
474 358
474 355
364 355
364 351
243 351
243 363
223 363
223 314
225 314
225 293
237 293
237 286
226 286
226 285
222 285
222 266
218 266
218 311
176 311
176 287
177 287
177 296
189 296
189 276
214 276
214 275
207 275
207 267
206 267
206 230
200 230
200 207
197 207
197 232
199 232
199 245
192 245
192 179
181 179
181 175
196 175
196 183
215 183
215 184
236 184
236 173
276 173
276 170
251 170
251 168
444 168
444 128
470 128
470 139
458 139
458 169
465 169
465 172
467 172
467 150
473 150
473 126
455 126
455 112
480 112
480 158
486 158
486 185
489 185
489 156
483 156
483 137
495 137
495 200
743 200
743 203
641 203
641 204
769 204
769 259
766 259
766 386
767 386
767 415
772 415
772 424
790 424
790 425
779 425
779 436
776 436
776 443
787 443
787 458
786 458
786 466
872 466
872 510
897 510
897 525
869 525
869 526
866 526
866 535
728 535
728 537
691 537
691 539
868 539
868 540
870 540
870 528
910 528
910 487
914 487
914 529
912 529
912 577
906 577
906 548
895 548
895 599
857 599
857 581
833 581
833 580
720 580
720 666
719 666
719 622
709 622
709 603
702 603
702 654
699 654
699 650
680 650
680 679
681 679
681 682
696 682
696 667
710 667
710 700
703 700
703 690
693 690
693 746
690 746
690 695
688 695
688 758
712 758
712 766
697 766
697 804
686 804
686 853
675 853
675 749
673 749
673 726
676 726
676 735
677 735
677 400
525 400
525 399
479 399
479 401
523 401
523 402
666 402
666 407
672 407
672 432
652 432
652 422
643 422
643 416
608 416
608 411
631 411
631 406
528 406
528 409
546 409
546 408
597 408
597 433
618 433
618 434
573 434
573 412
570 412
570 429
564 429
564 438
594 438
594 439
613 439
613 437
671 437
671 632
670 632
670 864
685 864
685 901
687 901
687 807
718 807
718 805
721 805
721 772
726 772
726 845
750 845
750 835
734 835
734 775
754 775
754 801
751 801
751 922
732 922
732 1102
730 1102
730 1072
729 1072
729 975
727 975
727 1225
708 1225
708 1121
713 1121
713 1066
707 1066
707 1030
695 1030
695 1181
701 1181
701 1061
704 1061
704 1138
706 1138
706 1228
616 1228
616 1240
578 1240
578 1093
577 1093
577 1054
576 1054
576 1081
574 1081
574 1184
572 1184
572 970
571 970
571 956
614 956
614 958
607 958
607 961
602 961
602 987
642 987
642 998
651 998
651 993
657 993
657 1032
628 1032
628 1036
658 1036
658 1038
586 1038
586 1096
588 1096
588 1069
611 1069
611 1156
596 1156
596 1159
593 1159
593 1187
595 1187
595 1190
647 1190
647 1192
656 1192
656 1135
667 1135
667 1146
669 1146
669 1131
646 1131
646 1129
645 1129
645 1182
619 1182
619 1153
612 1153
612 1051
605 1051
605 1049
603 1049
603 1060
587 1060
587 1047
650 1047
650 1048
662 1048
662 1041
664 1041
664 973
604 973
604 967
648 967
648 955
661 955
661 948
617 948
617 947
581 947
581 945
609 945
609 938
639 938
639 940
640 940
640 910
663 910
663 896
654 896
654 905
633 905
633 932
599 932
599 926
598 926
598 920
591 920
591 847
585 847
585 841
582 841
582 863
584 863
584 930
567 930
567 1039
568 1039
568 1115
569 1115
569 1242
500 1242
500 1247
466 1247
466 1248
389 1248
389 1245
464 1245
464 1238
429 1238
429 1232
518 1232
518 1080
527 1080
527 1089
551 1089
551 1104
552 1104
552 1034
555 1034
555 1044
563 1044
563 1058
566 1058
566 1029
559 1029
559 985
565 985
565 915
562 915
562 941
547 941
547 944
561 944
561 982
553 982
553 951
545 951
545 989
548 989
548 1024
549 1024
549 1064
535 1064
535 1043
538 1043
538 949
539 949
539 793
541 793
541 875
542 875
542 714
543 714
543 709
418 709
418 710
406 710
406 716
398 716
398 844
393 844
393 859
395 859
395 893
414 893
414 889
448 889
448 894
440 894
440 914
432 914
432 912
416 912
416 919
446 919
446 916
447 916
447 908
471 908
471 899
451 899
451 885
450 885
450 882
401 882
401 850
402 850
402 811
405 811
405 842
438 842
438 829
441 829
441 848
442 848
442 824
439 824
439 823
413 823
413 831
409 831
409 784
410 784
410 810
428 810
428 798
417 798
417 789
421 789
421 770
419 770
419 765
427 765
427 754
407 754
407 740
404 740
404 733
433 733
433 743
434 743
434 728
400 728
400 723
420 723
420 712
453 712
453 711
487 711
487 759
454 759
454 767
449 767
449 769
460 769
460 795
462 795
462 768
463 768
463 813
475 813
475 762
478 762
478 787
477 787
477 846
490 846
490 826
488 826
488 719
501 719
501 764
511 764
511 731
507 731
507 713
537 713
537 887
536 887
536 931
532 931
532 925
529 925
529 1022
533 1022
533 1042
534 1042
534 1076
519 1076
519 924
510 924
510 965
505 965
505 1055
504 1055
504 1161
506 1161
506 1185
508 1185
508 1106
509 1106
509 1092
513 1092
513 1070
512 1070
512 995
517 995
517 1212
394 1212
394 1215
502 1215
502 1227
396 1227
396 1241
426 1241
426 1244
374 1244
374 1243
369 1243
369 1237
388 1237
388 1217
184 1217
184 1207
232 1207
232 1203
274 1203
274 1202
195 1202
195 1197
239 1197
239 1198
240 1198
240 1201
358 1201
358 1199
283 1199
283 1196
208 1196
208 1191
211 1191
211 1179
278 1179
278 1178
304 1178
304 1175
348 1175
348 1172
359 1172
359 979
361 979
361 822
356 822
356 942
354 942
354 1164
334 1164
334 1148
338 1148
338 1143
350 1143
350 1107
346 1107
346 1139
331 1139
331 1141
328 1141
328 1162
315 1162
315 878
316 878
316 861
319 861
319 881
347 881
347 867
325 867
325 855
345 855
345 851
323 851
323 849
332 849
332 814
344 814
344 802
330 802
330 799
343 799
343 783
329 783
329 753
333 753
333 720
326 720
326 736
321 736
321 790
324 790
324 819
327 819
327 828
320 828
320 857
313 857
313 800
314 800
314 659
311 659
311 617
318 617
318 583
353 583
353 563
379 563
379 588
380 588
380 582
382 582
382 613
381 613
381 594
365 594
365 596
378 596
378 670
415 670
415 663
461 663
461 648
456 648
456 651
422 651
422 644
423 644
423 645
452 645
452 635
431 635
431 641
411 641
411 630
457 630
457 631
522 631
522 633
494 633
494 639
526 639
526 657
531 657
531 678
521 678
521 683
437 683
437 684
544 684
544 626
392 626
392 655
390 655
390 624
391 624
391 619
383 619
383 615
384 615
384 550
377 550
377 494
351 494
351 506
340 506
340 511
261 511
261 517
287 517
287 522
277 522
277 538
238 538
238 508
242 508
242 475
233 475
233 480
230 480
230 501
224 501
224 445
88 445
88 446
188 446
188 447
117 447
117 450
119 450
119 463
61 463
61 476
72 476
72 572
70 572
70 527
69 527
69 483
62 483
62 533
58 533
58 544
55 544
55 521
51 521
51 675
30 675
30 677
52 677
52 609
53 609
53 671
56 671
56 621
64 621
64 578
74 578
74 573
83 573
83 552
73 552
73 479
76 479
76 472
77 472
77 470
128 470
128 468
162 468
162 462
213 462
213 451
216 451
216 452
221 452
221 502
228 502
228 554
260 554
260 551
291 551
291 542
305 542
305 520
352 520
352 503
363 503
363 543
372 543
372 546
376 546
376 547
335 547
335 569
306 569
306 589
308 589
308 660
307 660
307 854
309 854
309 782
310 782
310 902
312 902
312 1174
296 1174
296 1177
191 1177
191 1186
180 1186
180 1219
375 1219
375 1233
362 1233
362 1234
366 1234
366 1249
516 1249
516 1246
623 1246
623 1239
626 1239
626 1236
629 1236
629 1235
668 1235
668 1231
620 1231
620 1230
915 1230
915 1229
735 1229
735 1206
740 1206
740 1189
733 1189
733 1108
738 1108
738 1014
747 1014
747 983
736 983
736 937
752 937
752 888
755 888
755 869
753 869
753 816
762 816
762 760
742 760
742 741
731 741
731 717
711 717
711 715
714 715
714 687
722 687
722 586
788 586
788 587
763 587
763 608
749 608
749 601
745 601
745 629
764 629
764 592
825 592
825 591
844 591
844 605
899 605
899 558
902 558
902 585
920 585
920 504
921 504
921 477
873 477
873 465
794 465
794 404
777 404
777 398
773 398
773 347
768 347
768 338
770 338
770 299
774 299
774 295
