256
789 295
789 274
778 274
778 202
744 202
744 199
715 199
715 198
497 198
497 113
644 113
644 111
435 111
435 148
408 148
408 159
322 159
322 165
198 165
198 166
194 166
194 121
169 121
169 180
99 180
99 189
97 189
97 190
122 190
122 216
24 216
24 223
1 223
1 224
140 224
140 205
143 205
143 182
147 182
147 284
144 284
144 292
129 292
129 344
120 344
120 341
115 341
115 349
65 349
65 348
100 348
100 282
98 282
98 321
93 321
93 345
68 345
68 320
79 320
79 307
66 307
66 309
67 309
67 336
60 336
60 352
31 352
31 330
28 330
28 253
29 253
29 238
22 238
22 252
21 252
21 324
26 324
26 354
114 354
114 353
130 353
130 335
135 335
135 300
153 300
153 248
158 248
158 201
159 201
159 187
167 187
167 278
165 278
165 342
168 342
168 219
170 219
170 131
193 131
193 151
172 151
172 177
175 177
175 181
182 181
182 214
171 214
171 333
209 333
209 323
220 323
220 356
219 356
219 370
297 370
297 383
210 383
210 364
204 364
204 350
202 350
202 385
254 385
254 395
293 395
293 394
342 394
342 393
255 393
255 389
360 389
360 392
387 392
387 384
622 384
622 381
674 381
674 391
683 391
683 382
682 382
682 375
481 375
481 368
554 368
554 362
560 362
560 373
765 373
765 371
590 371
590 367
655 367
655 361
445 361
445 376
385 376
385 387
317 387
317 374
341 374
341 369
241 369
241 366
256 366
256 357
337 357
337 360
367 360
367 359
725 359
725 358
474 358
474 355
364 355
364 351
243 351
243 363
223 363
223 314
225 314
225 293
237 293
237 286
226 286
226 285
222 285
222 266
218 266
218 311
176 311
176 287
177 287
177 296
189 296
189 276
214 276
214 275
207 275
207 267
206 267
206 230
200 230
200 207
197 207
197 232
199 232
199 245
192 245
192 179
181 179
181 175
196 175
196 183
215 183
215 184
236 184
236 173
276 173
276 170
251 170
251 168
444 168
444 128
470 128
470 139
458 139
458 169
465 169
465 172
467 172
467 150
473 150
473 126
455 126
455 112
480 112
480 158
486 158
486 185
489 185
489 156
483 156
483 137
495 137
495 200
743 200
743 203
641 203
641 204
769 204
769 259
766 259
766 299
774 299
774 295
