312
223 142
223 141
205 141
205 138
188 138
188 131
187 131
187 109
190 109
190 95
193 95
193 74
203 74
203 72
204 72
204 69
215 69
215 68
222 68
222 62
162 62
162 58
167 58
167 52
139 52
139 51
26 51
26 49
29 49
29 45
128 45
128 43
2 43
2 50
6 50
6 60
7 60
7 86
4 86
4 89
120 89
120 92
163 92
163 125
137 125
137 121
143 121
143 110
125 110
125 101
23 101
23 100
47 100
47 96
150 96
150 94
1 94
1 118
3 118
3 102
31 102
31 103
51 103
51 104
95 104
95 105
52 105
52 130
53 130
53 113
57 113
57 106
64 106
64 107
93 107
93 108
110 108
110 112
82 112
82 133
80 133
80 143
81 143
81 150
69 150
69 158
70 158
70 157
84 157
84 195
79 195
79 179
68 179
68 176
48 176
48 181
72 181
72 184
45 184
45 182
24 182
24 165
18 165
18 172
17 172
17 177
13 177
13 146
12 146
12 122
8 122
8 123
11 123
11 185
78 185
78 186
76 186
76 227
37 227
37 223
33 223
33 212
36 212
36 218
44 218
44 199
38 199
38 200
39 200
39 205
30 205
30 214
32 214
32 217
21 217
21 224
14 224
14 221
9 221
9 241
19 241
19 225
25 225
25 238
34 238
34 245
41 245
41 231
66 231
66 229
77 229
77 240
100 240
100 206
91 206
91 226
88 226
88 232
87 232
87 233
97 233
97 235
85 235
85 128
86 128
86 114
89 114
89 115
103 115
103 145
104 145
104 119
114 119
114 124
123 124
123 111
141 111
141 117
138 117
138 120
135 120
135 127
136 127
136 126
164 126
164 91
129 91
129 88
5 88
5 87
15 87
15 79
54 79
54 84
71 84
71 82
83 82
83 85
176 85
176 83
90 83
90 81
74 81
74 80
55 80
55 78
27 78
27 76
35 76
35 75
10 75
10 44
20 44
20 61
67 61
67 55
101 55
101 56
131 56
131 54
22 54
22 53
149 53
149 64
145 64
145 70
158 70
158 66
171 66
171 63
196 63
196 65
197 65
197 67
184 67
184 90
179 90
179 134
177 134
177 136
178 136
178 135
181 135
181 98
182 98
182 116
183 116
183 140
169 140
169 137
155 137
155 147
151 147
151 160
126 160
126 159
115 159
115 161
159 161
159 167
153 167
153 162
108 162
108 215
112 215
112 211
118 211
118 248
107 248
107 234
106 234
106 250
132 250
132 249
156 249
156 246
154 246
154 243
152 243
152 244
147 244
147 247
133 247
133 242
146 242
146 239
122 239
122 219
124 219
124 228
130 228
130 210
140 210
140 209
119 209
119 208
172 208
172 207
111 207
111 201
109 201
109 173
113 173
113 163
121 163
121 166
148 166
148 175
161 175
161 154
157 154
157 142
