78
143 111
143 110
125 110
125 101
23 101
23 100
47 100
47 96
150 96
150 94
1 94
1 118
3 118
3 102
31 102
31 103
51 103
51 104
95 104
95 105
52 105
52 130
53 130
53 113
57 113
57 106
64 106
64 107
93 107
93 108
110 108
110 112
82 112
82 133
80 133
80 143
81 143
81 150
69 150
69 158
70 158
70 157
84 157
84 195
79 195
79 179
68 179
68 176
48 176
48 181
72 181
72 184
45 184
45 182
24 182
24 165
18 165
18 172
17 172
17 177
13 177
13 146
12 146
12 122
8 122
8 123
11 123
11 185
78 185
78 186
76 186
76 227
85 227
85 128
86 128
86 114
123 114
123 111
