260
225 135
225 123
6 123
6 185
1 185
1 203
7 203
7 226
3 226
3 245
10 245
10 246
4 246
4 263
2 263
2 272
13 272
13 266
12 266
12 211
21 211
21 247
26 247
26 296
20 296
20 299
16 299
16 323
28 323
28 328
32 328
32 349
39 349
39 351
101 351
101 348
106 348
106 342
111 342
111 352
98 352
98 359
69 359
69 360
122 360
122 341
201 341
201 346
139 346
139 358
171 358
171 357
152 357
152 355
174 355
174 353
216 353
216 350
235 350
235 356
236 356
236 343
234 343
234 340
212 340
212 339
85 339
85 345
62 345
62 335
83 335
83 338
104 338
104 336
123 336
123 334
103 334
103 333
210 333
210 307
211 307
211 295
220 295
220 264
209 264
209 252
223 252
223 230
224 230
224 251
246 251
246 337
242 337
242 279
240 279
240 304
237 304
237 311
238 311
238 332
239 332
239 366
241 366
241 347
250 347
250 229
251 229
251 198
247 198
247 200
231 200
231 197
191 197
191 202
178 202
178 218
172 218
172 221
128 221
128 209
127 209
127 212
94 212
94 222
176 222
176 223
184 223
184 216
185 216
185 224
188 224
188 210
199 210
199 207
213 207
213 208
218 208
218 231
219 231
219 248
202 248
202 249
197 249
197 256
195 256
195 240
138 240
138 255
140 255
140 250
149 250
149 243
183 243
183 261
190 261
190 262
186 262
186 275
177 275
177 325
173 325
173 287
175 287
175 260
170 260
170 293
57 293
57 294
135 294
135 298
166 298
166 302
153 302
153 309
159 309
159 326
187 326
187 322
181 322
181 283
193 283
193 265
204 265
204 314
198 314
198 329
163 329
163 327
155 327
155 331
119 331
119 330
92 330
92 324
81 324
81 310
78 310
78 320
38 320
38 290
27 290
27 254
30 254
30 238
34 238
34 194
37 194
37 190
63 190
63 195
60 195
60 199
73 199
73 220
77 220
77 217
80 217
80 168
71 168
71 189
52 189
52 178
31 178
31 234
29 234
29 169
22 169
22 188
19 188
19 191
15 191
15 196
14 196
14 180
11 180
11 227
9 227
9 237
8 237
8 127
36 127
36 129
67 129
67 132
88 132
88 125
115 125
115 136
118 136
118 126
182 126
182 128
203 128
203 140
157 140
157 141
215 141
215 138
257 138
257 135
