450
255 122
255 135
225 135
225 123
6 123
6 185
1 185
1 203
7 203
7 226
3 226
3 245
10 245
10 246
4 246
4 263
2 263
2 272
13 272
13 266
12 266
12 211
21 211
21 247
26 247
26 296
20 296
20 299
16 299
16 323
28 323
28 328
32 328
32 349
39 349
39 351
101 351
101 348
106 348
106 342
111 342
111 352
98 352
98 359
69 359
69 360
122 360
122 341
201 341
201 346
139 346
139 358
171 358
171 357
152 357
152 355
174 355
174 353
216 353
216 350
235 350
235 356
236 356
236 343
234 343
234 340
212 340
212 339
85 339
85 345
62 345
62 335
83 335
83 338
104 338
104 336
123 336
123 334
103 334
103 333
210 333
210 307
211 307
211 295
220 295
220 264
209 264
209 252
223 252
223 230
224 230
224 251
246 251
246 337
242 337
242 279
240 279
240 304
237 304
237 311
238 311
238 332
239 332
239 366
241 366
241 347
250 347
250 229
251 229
251 198
247 198
247 200
231 200
231 197
191 197
191 202
178 202
178 218
172 218
172 221
128 221
128 209
127 209
127 212
94 212
94 222
176 222
176 223
184 223
184 216
185 216
185 224
188 224
188 210
199 210
199 207
213 207
213 208
218 208
218 231
219 231
219 248
202 248
202 249
197 249
197 256
195 256
195 240
138 240
138 255
140 255
140 250
149 250
149 243
183 243
183 261
190 261
190 262
186 262
186 275
177 275
177 325
173 325
173 287
175 287
175 260
170 260
170 293
57 293
57 294
135 294
135 298
166 298
166 302
153 302
153 309
159 309
159 326
187 326
187 322
181 322
181 283
193 283
193 265
204 265
204 314
198 314
198 329
163 329
163 327
155 327
155 331
119 331
119 330
92 330
92 324
81 324
81 310
78 310
78 320
38 320
38 290
27 290
27 254
30 254
30 238
34 238
34 194
37 194
37 190
63 190
63 195
60 195
60 199
73 199
73 220
77 220
77 217
80 217
80 168
71 168
71 189
52 189
52 178
31 178
31 234
29 234
29 169
22 169
22 188
19 188
19 191
15 191
15 196
14 196
14 180
11 180
11 227
9 227
9 237
8 237
8 127
36 127
36 129
67 129
67 132
88 132
88 125
115 125
115 136
118 136
118 126
182 126
182 128
203 128
203 140
157 140
157 141
145 141
145 148
133 148
133 152
160 152
160 150
245 150
245 149
207 149
207 147
215 147
215 138
257 138
257 130
258 130
258 144
256 144
256 233
304 233
304 241
312 241
312 235
316 235
316 236
317 236
317 270
336 270
336 286
270 286
270 288
306 288
306 291
294 291
294 306
456 306
456 312
314 312
314 315
341 315
341 321
388 321
388 313
434 313
434 316
474 316
474 317
442 317
442 361
429 361
429 363
453 363
453 344
450 344
450 362
448 362
448 318
462 318
462 364
451 364
451 365
458 365
458 367
466 367
466 354
470 354
470 319
471 319
471 372
399 372
399 371
394 371
394 387
309 387
309 395
390 395
390 401
357 401
357 403
325 403
325 404
369 404
369 416
370 416
370 436
423 436
423 438
415 438
415 437
412 437
412 442
405 442
405 439
381 439
381 440
380 440
380 441
328 441
328 447
377 447
377 450
363 450
363 452
268 452
268 449
244 449
244 448
189 448
189 451
180 451
180 468
196 468
196 476
162 476
162 487
169 487
169 481
226 481
226 474
208 474
208 456
206 456
206 453
379 453
379 446
345 446
345 444
393 444
393 443
433 443
433 435
389 435
389 432
372 432
372 431
421 431
421 430
383 430
383 419
387 419
387 405
430 405
430 398
439 398
439 397
446 397
446 396
396 396
396 394
337 394
337 389
365 389
365 388
397 388
397 380
398 380
398 377
401 377
401 375
422 375
422 373
481 373
481 370
496 370
496 369
477 369
477 308
457 308
457 305
307 305
307 292
385 292
385 282
386 282
386 280
351 280
351 273
348 273
348 269
344 269
344 267
318 267
318 259
321 259
321 232
266 232
266 228
285 228
285 225
303 225
303 219
261 219
261 122
