206
133 108
133 114
155 114
155 112
157 112
157 130
129 130
129 139
136 139
136 143
128 143
128 144
119 144
119 159
114 159
114 168
121 168
121 170
137 170
137 171
111 171
111 172
120 172
120 179
104 179
104 68
107 68
107 60
93 60
93 64
87 64
87 57
78 57
78 83
77 83
77 95
76 95
76 109
80 109
80 69
95 69
95 72
94 72
94 76
82 76
82 101
90 101
90 84
98 84
98 63
96 63
96 61
101 61
101 70
99 70
99 104
103 104
103 123
102 123
102 131
100 131
100 192
105 192
105 195
92 195
92 166
97 166
97 165
89 165
89 161
86 161
86 153
88 153
88 138
85 138
85 133
64 133
64 132
42 132
42 128
81 128
81 127
39 127
39 89
18 89
18 96
2 96
2 103
1 103
1 122
3 122
3 149
10 149
10 173
6 173
6 181
16 181
16 180
17 180
17 169
15 169
15 176
14 176
14 148
20 148
20 154
21 154
21 141
13 141
13 178
12 178
12 147
4 147
4 142
5 142
5 135
7 135
7 145
8 145
8 115
11 115
11 102
9 102
9 99
30 99
30 90
37 90
37 93
38 93
38 150
54 150
54 140
56 140
56 160
61 160
61 152
58 152
58 136
79 136
79 134
84 134
84 182
83 182
83 193
71 193
71 189
74 189
74 187
75 187
75 186
72 186
72 188
67 188
67 190
63 190
63 191
47 191
47 199
53 199
53 198
55 198
55 194
68 194
68 200
70 200
70 196
91 196
91 197
106 197
106 184
125 184
125 174
139 174
139 177
142 177
142 175
145 175
145 185
154 185
154 183
148 183
148 167
143 167
143 164
117 164
117 163
135 163
135 162
177 162
177 158
122 158
122 155
132 155
132 146
152 146
152 137
163 137
163 126
158 126
158 117
167 117
167 156
173 156
173 124
176 124
176 108
