112
264 45
264 44
52 44
52 43
26 43
26 41
1 41
1 92
5 92
5 123
7 123
7 87
8 87
8 149
3 149
3 162
9 162
9 91
11 91
11 144
14 144
14 133
12 133
12 67
10 67
10 86
2 86
2 58
18 58
18 55
6 55
6 51
4 51
4 50
34 50
34 60
60 60
60 140
62 140
62 163
51 163
51 170
59 170
59 173
61 173
61 175
68 175
68 213
44 213
44 215
37 215
37 199
31 199
31 222
29 222
29 206
30 206
30 168
28 168
28 223
33 223
33 221
35 221
35 216
54 216
54 226
53 226
53 225
43 225
43 233
55 233
55 253
58 253
58 273
64 273
64 231
71 231
71 237
74 237
74 257
70 257
70 332
69 332
69 438
48 438
48 437
39 437
39 434
45 434
45 436
57 436
57 432
38 432
38 405
36 405
36 439
77 439
77 279
72 279
72 265
76 265
76 209
78 209
78 166
66 166
66 146
67 146
67 84
63 84
63 47
99 47
99 45
