208
334 99
334 80
326 80
326 49
311 49
311 48
280 48
280 46
264 46
264 44
52 44
52 43
26 43
26 41
1 41
1 92
5 92
5 123
7 123
7 87
8 87
8 149
3 149
3 162
9 162
9 91
11 91
11 144
14 144
14 133
12 133
12 67
10 67
10 86
2 86
2 58
18 58
18 55
6 55
6 51
4 51
4 50
34 50
34 60
60 60
60 140
62 140
62 163
51 163
51 170
59 170
59 173
61 173
61 175
68 175
68 213
44 213
44 215
37 215
37 199
31 199
31 222
29 222
29 206
30 206
30 168
28 168
28 223
33 223
33 221
35 221
35 216
54 216
54 226
53 226
53 225
43 225
43 233
55 233
55 253
58 253
58 273
64 273
64 231
71 231
71 237
74 237
74 257
70 257
70 332
69 332
69 438
48 438
48 437
39 437
39 434
45 434
45 436
57 436
57 432
38 432
38 403
15 403
15 446
21 446
21 452
23 452
23 435
19 435
19 405
36 405
36 444
42 444
42 443
47 443
47 439
77 439
77 277
75 277
75 279
72 279
72 265
76 265
76 209
78 209
78 166
66 166
66 146
67 146
67 84
63 84
63 47
99 47
99 45
203 45
203 52
302 52
302 53
309 53
309 57
317 57
317 56
325 56
325 97
322 97
322 82
221 82
221 71
231 71
231 74
246 74
246 73
257 73
257 70
215 70
215 76
174 76
174 69
198 69
198 63
209 63
209 65
314 65
314 64
237 64
237 59
226 59
226 62
173 62
173 78
156 78
156 68
153 68
153 72
147 72
147 75
136 75
136 95
134 95
134 101
138 101
138 110
139 110
139 139
143 139
143 181
148 181
148 210
202 210
202 207
157 207
157 180
154 180
154 176
149 176
149 120
140 120
140 100
142 100
142 88
185 88
185 85
218 85
218 83
306 83
306 93
288 93
288 99
