198
105 169
105 199
88 199
88 201
81 201
81 203
108 203
108 207
40 207
40 204
19 204
19 202
20 202
20 200
13 200
13 206
22 206
22 208
109 208
109 192
110 192
110 227
87 227
87 257
104 257
104 268
114 268
114 271
96 271
96 275
122 275
122 274
123 274
123 287
119 287
119 292
127 292
127 276
132 276
132 300
115 300
115 302
112 302
112 303
120 303
120 313
54 313
54 336
45 336
45 412
35 412
35 434
30 434
30 467
39 467
39 469
26 469
26 466
25 466
25 473
38 473
38 480
31 480
31 481
15 481
15 471
7 471
7 450
6 450
6 426
1 426
1 465
2 465
2 492
29 492
29 485
71 485
71 482
80 482
80 445
78 445
78 429
65 429
65 468
72 468
72 475
74 475
74 478
41 478
41 458
34 458
34 435
37 435
37 414
77 414
77 408
56 408
56 390
48 390
48 384
53 384
53 365
60 365
60 340
57 340
57 314
83 314
83 331
92 331
92 316
133 316
133 320
131 320
131 400
130 400
130 391
126 391
126 322
121 322
121 325
118 325
118 337
125 337
125 424
129 424
129 419
135 419
135 363
137 363
137 401
157 401
157 398
143 398
143 378
140 378
140 366
147 366
147 393
155 393
155 388
156 388
156 356
144 356
144 330
148 330
148 328
134 328
134 326
141 326
141 305
154 305
154 265
160 265
160 323
159 323
159 370
162 370
162 310
164 310
164 358
169 358
169 413
175 413
175 406
173 406
173 348
172 348
172 383
170 383
170 307
171 307
171 282
161 282
161 248
153 248
153 220
150 220
150 228
152 228
152 283
136 283
136 253
99 253
99 246
100 246
100 250
111 250
111 239
138 239
138 234
149 234
149 216
139 216
139 221
142 221
142 232
116 232
116 169
