92
54 313
54 336
45 336
45 412
35 412
35 434
30 434
30 467
39 467
39 469
26 469
26 466
25 466
25 473
38 473
38 480
31 480
31 481
15 481
15 471
7 471
7 450
6 450
6 426
1 426
1 465
2 465
2 492
29 492
29 485
71 485
71 482
80 482
80 445
78 445
78 429
65 429
65 468
72 468
72 475
74 475
74 478
41 478
41 458
34 458
34 435
37 435
37 414
77 414
77 408
56 408
56 390
48 390
48 384
53 384
53 365
60 365
60 340
57 340
57 314
83 314
83 331
92 331
92 316
133 316
133 320
131 320
131 400
130 400
130 391
126 391
126 322
121 322
121 325
118 325
118 337
125 337
125 424
129 424
129 419
135 419
135 363
156 363
156 356
144 356
144 330
148 330
148 328
134 328
134 326
141 326
141 313
