Removal 0: 
Solution 0: 
14 6
16 20
2 2
22 5
24 17
3 8
7 14
8 24

Solution 1: 
14 6
16 20
2 2
22 5
24 17
7 14
8 24
9 9

Solution 2: 
12 9
14 6
16 20
2 2
22 5
24 17
7 14
8 24

Solution 3: 
14 6
16 20
2 2
22 5
24 17
3 3
7 14
8 24

Solution 4: 
12 6
14 6
16 20
2 2
22 5
24 17
7 14
8 24

Solution 5: 
12 6
14 6
16 20
2 2
22 5
25 16
7 14
8 24

Solution 6: 
12 9
14 6
16 20
2 2
22 5
25 16
7 14
8 24

Solution 7: 
14 6
16 20
2 2
22 5
25 16
7 14
8 24
9 9

Solution 8: 
14 6
16 20
2 2
22 5
25 16
3 8
7 14
8 24

Solution 9: 
14 6
16 20
2 2
22 5
25 16
3 3
7 14
8 24

Solution 10: 
14 6
17 13
2 2
22 5
25 16
3 3
7 14
8 24

Solution 11: 
14 6
17 13
2 2
22 5
24 17
3 3
7 14
8 24

Solution 12: 
12 6
14 6
17 13
2 2
22 5
24 17
7 14
8 24

Solution 13: 
14 6
17 13
2 2
22 5
24 17
3 8
7 14
8 24

Solution 14: 
12 9
14 6
17 13
2 2
22 5
24 17
7 14
8 24

Solution 15: 
14 6
17 13
2 2
22 5
24 17
7 14
8 24
9 9

Solution 16: 
14 6
17 13
2 2
22 5
25 16
7 14
8 24
9 9

Solution 17: 
12 6
14 6
17 13
2 2
22 5
25 16
7 14
8 24

Solution 18: 
14 6
17 13
2 2
22 5
25 16
3 8
7 14
8 24

Solution 19: 
12 9
14 6
17 13
2 2
22 5
25 16
7 14
8 24

Solution 20: 
1 1
12 9
14 6
17 13
22 5
25 16
7 14
8 24

Solution 21: 
1 1
12 6
14 6
17 13
22 5
25 16
7 14
8 24

Solution 22: 
1 1
14 6
17 13
22 5
25 16
3 3
7 14
8 24

Solution 23: 
1 1
14 6
17 13
22 5
25 16
7 14
8 24
9 9

Solution 24: 
1 1
14 6
17 13
22 5
25 16
3 8
7 14
8 24

Solution 25: 
1 1
14 6
17 13
22 5
24 17
3 8
7 14
8 24

Solution 26: 
1 1
14 6
17 13
22 5
24 17
7 14
8 24
9 9

Solution 27: 
1 1
14 6
17 13
22 5
24 17
3 3
7 14
8 24

Solution 28: 
1 1
12 6
14 6
17 13
22 5
24 17
7 14
8 24

Solution 29: 
1 1
12 9
14 6
17 13
22 5
24 17
7 14
8 24

Solution 30: 
1 1
12 9
14 6
16 20
22 5
24 17
7 14
8 24

Solution 31: 
1 1
12 9
14 6
16 20
22 5
25 16
7 14
8 24

Solution 32: 
1 1
14 6
16 20
22 5
25 16
7 14
8 24
9 9

Solution 33: 
1 1
12 6
14 6
16 20
22 5
25 16
7 14
8 24

Solution 34: 
1 1
14 6
16 20
22 5
25 16
3 3
7 14
8 24

Solution 35: 
1 1
14 6
16 20
22 5
25 16
3 8
7 14
8 24

Solution 36: 
1 1
14 6
16 20
22 5
24 17
3 8
7 14
8 24

Solution 37: 
1 1
12 6
14 6
16 20
22 5
24 17
7 14
8 24

Solution 38: 
1 1
14 6
16 20
22 5
24 17
7 14
8 24
9 9

Solution 39: 
1 1
14 6
16 20
22 5
24 17
3 3
7 14
8 24

Number of solutions found: 40

Changes at vertices: 
3 4 -> 3 3
New Vertex: 19 4
----------------------------------
Removal 1: 
Solution 0: 
14 6
16 20
2 2
22 5
24 17
3 8
7 14
8 24

Solution 1: 
14 6
16 20
2 2
22 5
24 17
7 14
8 24
9 9

Solution 2: 
12 9
14 6
16 20
2 2
22 5
24 17
7 14
8 24

Solution 3: 
14 6
16 20
2 2
22 5
24 17
3 4
7 14
8 24

Solution 4: 
12 6
14 6
16 20
2 2
22 5
24 17
7 14
8 24

Solution 5: 
12 6
14 6
16 20
2 2
22 5
25 16
7 14
8 24

Solution 6: 
14 6
16 20
2 2
22 5
25 16
7 14
8 24
9 9

Solution 7: 
12 9
14 6
16 20
2 2
22 5
25 16
7 14
8 24

Solution 8: 
14 6
16 20
2 2
22 5
25 16
3 8
7 14
8 24

Solution 9: 
14 6
16 20
2 2
22 5
25 16
3 4
7 14
8 24

Solution 10: 
14 6
17 13
2 2
22 5
25 16
3 4
7 14
8 24

Solution 11: 
14 6
17 13
2 2
22 5
24 17
3 4
7 14
8 24

Solution 12: 
12 9
14 6
17 13
2 2
22 5
24 17
7 14
8 24

Solution 13: 
14 6
17 13
2 2
22 5
24 17
7 14
8 24
9 9

Solution 14: 
12 6
14 6
17 13
2 2
22 5
24 17
7 14
8 24

Solution 15: 
14 6
17 13
2 2
22 5
24 17
3 8
7 14
8 24

Solution 16: 
14 6
17 13
2 2
22 5
25 16
3 8
7 14
8 24

Solution 17: 
14 6
17 13
2 2
22 5
25 16
7 14
8 24
9 9

Solution 18: 
12 6
14 6
17 13
2 2
22 5
25 16
7 14
8 24

Solution 19: 
12 9
14 6
17 13
2 2
22 5
25 16
7 14
8 24

Solution 20: 
1 1
12 9
14 6
17 13
22 5
25 16
7 14
8 24

Solution 21: 
1 1
12 9
14 6
17 13
22 5
24 17
7 14
8 24

Solution 22: 
1 1
14 6
17 13
22 5
24 17
3 4
7 14
8 24

Solution 23: 
1 1
14 6
17 13
22 5
24 17
3 8
7 14
8 24

Solution 24: 
1 1
14 6
17 13
22 5
24 17
7 14
8 24
9 9

Solution 25: 
1 1
12 6
14 6
17 13
22 5
24 17
7 14
8 24

Solution 26: 
1 1
12 6
14 6
17 13
22 5
25 16
7 14
8 24

Solution 27: 
1 1
14 6
17 13
22 5
25 16
7 14
8 24
9 9

Solution 28: 
1 1
14 6
17 13
22 5
25 16
3 4
7 14
8 24

Solution 29: 
1 1
14 6
17 13
22 5
25 16
3 8
7 14
8 24

Solution 30: 
1 1
14 6
16 20
22 5
25 16
3 8
7 14
8 24

Solution 31: 
1 1
14 6
16 20
22 5
24 17
3 8
7 14
8 24

Solution 32: 
1 1
12 9
14 6
16 20
22 5
24 17
7 14
8 24

Solution 33: 
1 1
12 6
14 6
16 20
22 5
24 17
7 14
8 24

Solution 34: 
1 1
14 6
16 20
22 5
24 17
3 4
7 14
8 24

Solution 35: 
1 1
14 6
16 20
22 5
24 17
7 14
8 24
9 9

Solution 36: 
1 1
14 6
16 20
22 5
25 16
7 14
8 24
9 9

Solution 37: 
1 1
12 6
14 6
16 20
22 5
25 16
7 14
8 24

Solution 38: 
1 1
12 9
14 6
16 20
22 5
25 16
7 14
8 24

Solution 39: 
1 1
14 6
16 20
22 5
25 16
3 4
7 14
8 24

Solution 40: 
1 1
14 6
16 20
21 7
25 16
3 4
7 14
8 24

Solution 41: 
14 6
16 20
2 2
21 7
25 16
3 4
7 14
8 24

Solution 42: 
14 6
16 20
2 2
22 16
25 16
3 4
7 14
8 24

Solution 43: 
14 6
16 20
2 2
21 17
25 16
3 4
7 14
8 24

Solution 44: 
1 1
14 6
16 20
21 17
25 16
3 4
7 14
8 24

Solution 45: 
1 1
14 6
16 20
22 16
25 16
3 4
7 14
8 24

Solution 46: 
1 1
14 6
16 20
22 16
25 18
3 4
7 14
8 24

Solution 47: 
1 1
14 6
16 20
22 16
24 18
3 4
7 14
8 24

Solution 48: 
1 1
14 6
16 20
22 16
24 17
3 4
7 14
8 24

Solution 49: 
14 6
16 20
2 2
22 16
24 17
3 4
7 14
8 24

Solution 50: 
14 6
16 20
2 2
22 16
25 18
3 4
7 14
8 24

Solution 51: 
14 6
16 20
2 2
22 16
24 18
3 4
7 14
8 24

Solution 52: 
14 6
16 20
2 2
21 17
24 18
3 4
7 14
8 24

Solution 53: 
1 1
14 6
16 20
21 17
24 18
3 4
7 14
8 24

Solution 54: 
1 1
14 6
16 20
21 17
25 18
3 4
7 14
8 24

Solution 55: 
14 6
16 20
2 2
21 17
25 18
3 4
7 14
8 24

Solution 56: 
14 6
16 20
2 2
21 17
24 17
3 4
7 14
8 24

Solution 57: 
1 1
14 6
16 20
21 17
24 17
3 4
7 14
8 24

Solution 58: 
1 1
14 6
16 20
21 7
24 17
3 4
7 14
8 24

Solution 59: 
14 6
16 20
2 2
21 7
24 17
3 4
7 14
8 24

Solution 60: 
14 6
17 13
2 2
21 7
24 17
3 4
7 14
8 24

Solution 61: 
14 6
17 13
2 2
21 7
25 16
3 4
7 14
8 24

Solution 62: 
14 6
17 13
2 2
22 16
25 16
3 4
7 14
8 24

Solution 63: 
14 6
17 13
2 2
22 16
25 18
3 4
7 14
8 24

Solution 64: 
14 6
17 13
2 2
22 16
24 18
3 4
7 14
8 24

Solution 65: 
14 6
17 13
2 2
22 16
24 17
3 4
7 14
8 24

Solution 66: 
14 6
17 13
2 2
21 17
24 17
3 4
7 14
8 24

Solution 67: 
14 6
17 13
2 2
21 17
25 18
3 4
7 14
8 24

Solution 68: 
14 6
17 13
2 2
21 17
24 18
3 4
7 14
8 24

Solution 69: 
14 6
17 13
2 2
21 17
25 16
3 4
7 14
8 24

Solution 70: 
1 1
14 6
17 13
21 17
25 16
3 4
7 14
8 24

Solution 71: 
1 1
14 6
17 13
21 17
25 18
3 4
7 14
8 24

Solution 72: 
1 1
14 6
17 13
21 17
24 18
3 4
7 14
8 24

Solution 73: 
1 1
14 6
17 13
21 17
24 17
3 4
7 14
8 24

Solution 74: 
1 1
14 6
17 13
22 16
24 17
3 4
7 14
8 24

Solution 75: 
1 1
14 6
17 13
21 7
24 17
3 4
7 14
8 24

Solution 76: 
1 1
14 6
17 13
22 16
25 18
3 4
7 14
8 24

Solution 77: 
1 1
14 6
17 13
22 16
24 18
3 4
7 14
8 24

Solution 78: 
1 1
14 6
17 13
22 16
25 16
3 4
7 14
8 24

Solution 79: 
1 1
14 6
17 13
21 7
25 16
3 4
7 14
8 24

Number of solutions found: 80

Changes at vertices: 
3 5 -> 3 4
Change visibility: 22 5
----------------------------------
Removal 2: 
Solution 0: 
14 6
16 20
2 2
22 5
24 17
3 8
7 14
8 24

Solution 1: 
14 6
16 20
2 2
22 5
24 17
7 14
8 24
9 9

Solution 2: 
12 9
14 6
16 20
2 2
22 5
24 17
7 14
8 24

Solution 3: 
14 6
16 20
2 2
22 5
24 17
3 5
7 14
8 24

Solution 4: 
12 6
14 6
16 20
2 2
22 5
24 17
7 14
8 24

Solution 5: 
12 6
14 6
16 20
2 2
22 5
25 16
7 14
8 24

Solution 6: 
14 6
16 20
2 2
22 5
25 16
7 14
8 24
9 9

Solution 7: 
12 9
14 6
16 20
2 2
22 5
25 16
7 14
8 24

Solution 8: 
14 6
16 20
2 2
22 5
25 16
3 5
7 14
8 24

Solution 9: 
14 6
16 20
2 2
22 5
25 16
3 8
7 14
8 24

Solution 10: 
1 1
14 6
16 20
22 5
25 16
3 8
7 14
8 24

Solution 11: 
1 1
14 6
16 20
22 5
25 16
7 14
8 24
9 9

Solution 12: 
1 1
12 9
14 6
16 20
22 5
25 16
7 14
8 24

Solution 13: 
1 1
14 6
16 20
22 5
25 16
3 5
7 14
8 24

Solution 14: 
1 1
12 6
14 6
16 20
22 5
25 16
7 14
8 24

Solution 15: 
1 1
12 6
14 6
16 20
22 5
24 17
7 14
8 24

Solution 16: 
1 1
14 6
16 20
22 5
24 17
3 8
7 14
8 24

Solution 17: 
1 1
14 6
16 20
22 5
24 17
7 14
8 24
9 9

Solution 18: 
1 1
14 6
16 20
22 5
24 17
3 5
7 14
8 24

Solution 19: 
1 1
12 9
14 6
16 20
22 5
24 17
7 14
8 24

Solution 20: 
1 1
12 9
14 6
17 13
22 5
24 17
7 14
8 24

Solution 21: 
1 1
14 6
17 13
22 5
24 17
3 5
7 14
8 24

Solution 22: 
1 1
12 6
14 6
17 13
22 5
24 17
7 14
8 24

Solution 23: 
1 1
14 6
17 13
22 5
24 17
3 8
7 14
8 24

Solution 24: 
1 1
14 6
17 13
22 5
24 17
7 14
8 24
9 9

Solution 25: 
1 1
14 6
17 13
22 5
25 16
7 14
8 24
9 9

Solution 26: 
1 1
12 9
14 6
17 13
22 5
25 16
7 14
8 24

Solution 27: 
1 1
14 6
17 13
22 5
25 16
3 5
7 14
8 24

Solution 28: 
1 1
14 6
17 13
22 5
25 16
3 8
7 14
8 24

Solution 29: 
1 1
12 6
14 6
17 13
22 5
25 16
7 14
8 24

Solution 30: 
1 1
12 6
14 6
17 13
21 7
25 16
7 14
8 24

Solution 31: 
1 1
12 6
14 6
17 13
21 7
24 17
7 14
8 24

Solution 32: 
1 1
12 6
14 6
17 13
22 16
24 17
7 14
8 24

Solution 33: 
1 1
12 6
14 6
17 13
22 16
24 18
7 14
8 24

Solution 34: 
1 1
12 6
14 6
17 13
22 16
25 18
7 14
8 24

Solution 35: 
1 1
12 6
14 6
17 13
22 16
25 16
7 14
8 24

Solution 36: 
1 1
12 6
14 6
17 13
21 17
25 16
7 14
8 24

Solution 37: 
1 1
12 6
14 6
17 13
21 17
25 18
7 14
8 24

Solution 38: 
1 1
12 6
14 6
17 13
21 17
24 18
7 14
8 24

Solution 39: 
1 1
12 6
14 6
17 13
21 17
24 17
7 14
8 24

Solution 40: 
1 1
14 6
17 13
21 17
24 17
3 8
7 14
8 24

Solution 41: 
1 1
14 6
17 13
21 7
24 17
3 8
7 14
8 24

Solution 42: 
1 1
14 6
17 13
21 7
24 17
7 14
8 24
9 9

Solution 43: 
1 1
14 6
17 13
21 17
24 17
7 14
8 24
9 9

Solution 44: 
1 1
12 9
14 6
17 13
21 17
24 17
7 14
8 24

Solution 45: 
1 1
14 6
17 13
21 17
24 17
3 5
7 14
8 24

Solution 46: 
1 1
14 6
17 13
22 16
24 17
3 5
7 14
8 24

Solution 47: 
1 1
14 6
17 13
22 16
24 17
3 8
7 14
8 24

Solution 48: 
1 1
14 6
17 13
22 16
24 17
7 14
8 24
9 9

Solution 49: 
1 1
12 9
14 6
17 13
22 16
24 17
7 14
8 24

Solution 50: 
1 1
12 9
14 6
17 13
21 7
24 17
7 14
8 24

Solution 51: 
1 1
14 6
17 13
21 7
24 17
3 5
7 14
8 24

Solution 52: 
1 1
14 6
17 13
21 7
25 16
3 5
7 14
8 24

Solution 53: 
1 1
14 6
17 13
21 7
25 16
3 8
7 14
8 24

Solution 54: 
1 1
12 9
14 6
17 13
21 7
25 16
7 14
8 24

Solution 55: 
1 1
14 6
17 13
21 7
25 16
7 14
8 24
9 9

Solution 56: 
1 1
14 6
17 13
21 17
25 16
7 14
8 24
9 9

Solution 57: 
1 1
14 6
17 13
21 17
25 18
7 14
8 24
9 9

Solution 58: 
1 1
14 6
17 13
21 17
24 18
7 14
8 24
9 9

Solution 59: 
1 1
14 6
17 13
22 16
24 18
7 14
8 24
9 9

Solution 60: 
1 1
14 6
17 13
22 16
25 18
7 14
8 24
9 9

Solution 61: 
1 1
14 6
17 13
22 16
25 16
7 14
8 24
9 9

Solution 62: 
1 1
12 9
14 6
17 13
22 16
25 16
7 14
8 24

Solution 63: 
1 1
14 6
17 13
22 16
25 16
3 5
7 14
8 24

Solution 64: 
1 1
14 6
17 13
22 16
25 16
3 8
7 14
8 24

Solution 65: 
1 1
14 6
17 13
21 17
25 16
3 8
7 14
8 24

Solution 66: 
1 1
12 9
14 6
17 13
21 17
25 16
7 14
8 24

Solution 67: 
1 1
14 6
17 13
21 17
25 16
3 5
7 14
8 24

Solution 68: 
1 1
14 6
17 13
21 17
24 18
3 5
7 14
8 24

Solution 69: 
1 1
12 9
14 6
17 13
21 17
24 18
7 14
8 24

Solution 70: 
1 1
12 9
14 6
17 13
21 17
25 18
7 14
8 24

Solution 71: 
1 1
14 6
17 13
21 17
25 18
3 5
7 14
8 24

Solution 72: 
1 1
14 6
17 13
21 17
25 18
3 8
7 14
8 24

Solution 73: 
1 1
14 6
17 13
21 17
24 18
3 8
7 14
8 24

Solution 74: 
1 1
14 6
17 13
22 16
24 18
3 8
7 14
8 24

Solution 75: 
1 1
14 6
17 13
22 16
25 18
3 8
7 14
8 24

Solution 76: 
1 1
12 9
14 6
17 13
22 16
25 18
7 14
8 24

Solution 77: 
1 1
14 6
17 13
22 16
25 18
3 5
7 14
8 24

Solution 78: 
1 1
14 6
17 13
22 16
24 18
3 5
7 14
8 24

Solution 79: 
1 1
12 9
14 6
17 13
22 16
24 18
7 14
8 24

Solution 80: 
1 1
12 9
14 6
16 20
22 16
24 18
7 14
8 24

Solution 81: 
1 1
12 9
14 6
16 20
22 16
24 17
7 14
8 24

Solution 82: 
1 1
12 9
14 6
16 20
22 16
25 18
7 14
8 24

Solution 83: 
1 1
12 9
14 6
16 20
22 16
25 16
7 14
8 24

Solution 84: 
1 1
12 6
14 6
16 20
22 16
25 16
7 14
8 24

Solution 85: 
1 1
14 6
16 20
22 16
25 16
3 5
7 14
8 24

Solution 86: 
1 1
14 6
16 20
22 16
25 16
3 8
7 14
8 24

Solution 87: 
1 1
14 6
16 20
22 16
25 16
7 14
8 24
9 9

Solution 88: 
1 1
14 6
16 20
22 16
24 18
7 14
8 24
9 9

Solution 89: 
1 1
14 6
16 20
22 16
25 18
7 14
8 24
9 9

Solution 90: 
1 1
14 6
16 20
22 16
24 17
7 14
8 24
9 9

Solution 91: 
1 1
14 6
16 20
22 16
24 17
3 5
7 14
8 24

Solution 92: 
1 1
12 6
14 6
16 20
22 16
24 17
7 14
8 24

Solution 93: 
1 1
12 6
14 6
16 20
22 16
25 18
7 14
8 24

Solution 94: 
1 1
14 6
16 20
22 16
25 18
3 5
7 14
8 24

Solution 95: 
1 1
14 6
16 20
22 16
24 18
3 5
7 14
8 24

Solution 96: 
1 1
12 6
14 6
16 20
22 16
24 18
7 14
8 24

Solution 97: 
1 1
14 6
16 20
22 16
24 18
3 8
7 14
8 24

Solution 98: 
1 1
14 6
16 20
22 16
25 18
3 8
7 14
8 24

Solution 99: 
1 1
14 6
16 20
22 16
24 17
3 8
7 14
8 24

Solution 100: 
1 1
14 6
16 20
21 17
24 17
3 8
7 14
8 24

Solution 101: 
1 1
14 6
16 20
21 7
24 17
3 8
7 14
8 24

Solution 102: 
1 1
14 6
16 20
21 17
25 18
3 8
7 14
8 24

Solution 103: 
1 1
14 6
16 20
21 17
25 16
3 8
7 14
8 24

Solution 104: 
1 1
14 6
16 20
21 7
25 16
3 8
7 14
8 24

Solution 105: 
1 1
14 6
16 20
21 17
24 18
3 8
7 14
8 24

Solution 106: 
1 1
12 6
14 6
16 20
21 17
24 18
7 14
8 24

Solution 107: 
1 1
12 9
14 6
16 20
21 17
24 18
7 14
8 24

Solution 108: 
1 1
14 6
16 20
21 17
24 18
7 14
8 24
9 9

Solution 109: 
1 1
14 6
16 20
21 17
24 18
3 5
7 14
8 24

Solution 110: 
1 1
14 6
16 20
21 17
25 18
3 5
7 14
8 24

Solution 111: 
1 1
14 6
16 20
21 17
24 17
3 5
7 14
8 24

Solution 112: 
1 1
14 6
16 20
21 17
25 16
3 5
7 14
8 24

Solution 113: 
1 1
12 9
14 6
16 20
21 17
25 16
7 14
8 24

Solution 114: 
1 1
12 6
14 6
16 20
21 17
25 16
7 14
8 24

Solution 115: 
1 1
14 6
16 20
21 17
25 16
7 14
8 24
9 9

Solution 116: 
1 1
14 6
16 20
21 17
25 18
7 14
8 24
9 9

Solution 117: 
1 1
12 9
14 6
16 20
21 17
25 18
7 14
8 24

Solution 118: 
1 1
12 6
14 6
16 20
21 17
25 18
7 14
8 24

Solution 119: 
1 1
12 6
14 6
16 20
21 17
24 17
7 14
8 24

Solution 120: 
1 1
12 9
14 6
16 20
21 17
24 17
7 14
8 24

Solution 121: 
1 1
14 6
16 20
21 17
24 17
7 14
8 24
9 9

Solution 122: 
1 1
14 6
16 20
21 7
24 17
7 14
8 24
9 9

Solution 123: 
1 1
12 9
14 6
16 20
21 7
24 17
7 14
8 24

Solution 124: 
1 1
12 6
14 6
16 20
21 7
24 17
7 14
8 24

Solution 125: 
1 1
12 6
14 6
16 20
21 7
25 16
7 14
8 24

Solution 126: 
1 1
12 9
14 6
16 20
21 7
25 16
7 14
8 24

Solution 127: 
1 1
14 6
16 20
21 7
25 16
7 14
8 24
9 9

Solution 128: 
1 1
14 6
16 20
21 7
25 16
3 5
7 14
8 24

Solution 129: 
1 1
14 6
16 20
21 7
24 17
3 5
7 14
8 24

Solution 130: 
14 6
16 20
2 2
21 7
24 17
3 5
7 14
8 24

Solution 131: 
14 6
16 20
2 2
22 16
24 17
3 5
7 14
8 24

Solution 132: 
14 6
16 20
2 2
21 17
24 17
3 5
7 14
8 24

Solution 133: 
14 6
16 20
2 2
21 17
24 18
3 5
7 14
8 24

Solution 134: 
14 6
16 20
2 2
21 17
25 18
3 5
7 14
8 24

Solution 135: 
14 6
16 20
2 2
21 17
25 16
3 5
7 14
8 24

Solution 136: 
14 6
16 20
2 2
21 7
25 16
3 5
7 14
8 24

Solution 137: 
14 6
16 20
2 2
22 16
25 16
3 5
7 14
8 24

Solution 138: 
14 6
16 20
2 2
22 16
25 18
3 5
7 14
8 24

Solution 139: 
14 6
16 20
2 2
22 16
24 18
3 5
7 14
8 24

Solution 140: 
14 6
16 20
2 2
22 16
24 18
7 14
8 24
9 9

Solution 141: 
14 6
16 20
2 2
22 16
24 18
3 8
7 14
8 24

Solution 142: 
12 9
14 6
16 20
2 2
22 16
24 18
7 14
8 24

Solution 143: 
12 6
14 6
16 20
2 2
22 16
24 18
7 14
8 24

Solution 144: 
12 6
14 6
16 20
2 2
22 16
25 18
7 14
8 24

Solution 145: 
12 6
14 6
16 20
2 2
22 16
24 17
7 14
8 24

Solution 146: 
12 6
14 6
16 20
2 2
22 16
25 16
7 14
8 24

Solution 147: 
14 6
16 20
2 2
22 16
25 16
3 8
7 14
8 24

Solution 148: 
12 9
14 6
16 20
2 2
22 16
25 16
7 14
8 24

Solution 149: 
14 6
16 20
2 2
22 16
25 16
7 14
8 24
9 9

Solution 150: 
14 6
16 20
2 2
22 16
24 17
7 14
8 24
9 9

Solution 151: 
14 6
16 20
2 2
22 16
25 18
7 14
8 24
9 9

Solution 152: 
14 6
16 20
2 2
22 16
25 18
3 8
7 14
8 24

Solution 153: 
12 9
14 6
16 20
2 2
22 16
25 18
7 14
8 24

Solution 154: 
12 9
14 6
16 20
2 2
22 16
24 17
7 14
8 24

Solution 155: 
14 6
16 20
2 2
22 16
24 17
3 8
7 14
8 24

Solution 156: 
14 6
16 20
2 2
21 7
24 17
3 8
7 14
8 24

Solution 157: 
14 6
16 20
2 2
21 17
24 17
3 8
7 14
8 24

Solution 158: 
12 9
14 6
16 20
2 2
21 17
24 17
7 14
8 24

Solution 159: 
12 9
14 6
16 20
2 2
21 7
24 17
7 14
8 24

Solution 160: 
14 6
16 20
2 2
21 7
24 17
7 14
8 24
9 9

Solution 161: 
14 6
16 20
2 2
21 17
24 17
7 14
8 24
9 9

Solution 162: 
12 6
14 6
16 20
2 2
21 17
24 17
7 14
8 24

Solution 163: 
12 6
14 6
16 20
2 2
21 7
24 17
7 14
8 24

Solution 164: 
12 6
14 6
16 20
2 2
21 7
25 16
7 14
8 24

Solution 165: 
12 6
14 6
16 20
2 2
21 17
25 16
7 14
8 24

Solution 166: 
12 6
14 6
16 20
2 2
21 17
25 18
7 14
8 24

Solution 167: 
12 6
14 6
16 20
2 2
21 17
24 18
7 14
8 24

Solution 168: 
14 6
16 20
2 2
21 17
24 18
3 8
7 14
8 24

Solution 169: 
12 9
14 6
16 20
2 2
21 17
24 18
7 14
8 24

Solution 170: 
12 9
14 6
16 20
2 2
21 17
25 18
7 14
8 24

Solution 171: 
14 6
16 20
2 2
21 17
25 18
3 8
7 14
8 24

Solution 172: 
14 6
16 20
2 2
21 17
25 16
3 8
7 14
8 24

Solution 173: 
12 9
14 6
16 20
2 2
21 17
25 16
7 14
8 24

Solution 174: 
14 6
16 20
2 2
21 17
25 16
7 14
8 24
9 9

Solution 175: 
14 6
16 20
2 2
21 17
24 18
7 14
8 24
9 9

Solution 176: 
14 6
16 20
2 2
21 17
25 18
7 14
8 24
9 9

Solution 177: 
14 6
16 20
2 2
21 7
25 16
7 14
8 24
9 9

Solution 178: 
14 6
16 20
2 2
21 7
25 16
3 8
7 14
8 24

Solution 179: 
12 9
14 6
16 20
2 2
21 7
25 16
7 14
8 24

Solution 180: 
12 9
14 6
17 13
2 2
21 7
25 16
7 14
8 24

Solution 181: 
12 9
14 6
17 13
2 2
21 7
24 17
7 14
8 24

Solution 182: 
14 6
17 13
2 2
21 7
24 17
3 5
7 14
8 24

Solution 183: 
12 6
14 6
17 13
2 2
21 7
24 17
7 14
8 24

Solution 184: 
14 6
17 13
2 2
21 7
24 17
7 14
8 24
9 9

Solution 185: 
14 6
17 13
2 2
21 7
24 17
3 8
7 14
8 24

Solution 186: 
14 6
17 13
2 2
21 7
25 16
3 8
7 14
8 24

Solution 187: 
12 6
14 6
17 13
2 2
21 7
25 16
7 14
8 24

Solution 188: 
14 6
17 13
2 2
21 7
25 16
3 5
7 14
8 24

Solution 189: 
14 6
17 13
2 2
21 7
25 16
7 14
8 24
9 9

Solution 190: 
14 6
17 13
2 2
22 5
25 16
7 14
8 24
9 9

Solution 191: 
14 6
17 13
2 2
22 16
25 16
7 14
8 24
9 9

Solution 192: 
14 6
17 13
2 2
21 17
25 16
7 14
8 24
9 9

Solution 193: 
14 6
17 13
2 2
21 17
25 18
7 14
8 24
9 9

Solution 194: 
14 6
17 13
2 2
21 17
24 18
7 14
8 24
9 9

Solution 195: 
14 6
17 13
2 2
21 17
24 17
7 14
8 24
9 9

Solution 196: 
14 6
17 13
2 2
22 5
24 17
7 14
8 24
9 9

Solution 197: 
14 6
17 13
2 2
22 16
24 17
7 14
8 24
9 9

Solution 198: 
14 6
17 13
2 2
22 16
25 18
7 14
8 24
9 9

Solution 199: 
14 6
17 13
2 2
22 16
24 18
7 14
8 24
9 9

Solution 200: 
12 9
14 6
17 13
2 2
22 16
24 18
7 14
8 24

Solution 201: 
12 9
14 6
17 13
2 2
22 16
25 18
7 14
8 24

Solution 202: 
14 6
17 13
2 2
22 16
25 18
3 8
7 14
8 24

Solution 203: 
14 6
17 13
2 2
22 16
24 18
3 8
7 14
8 24

Solution 204: 
14 6
17 13
2 2
21 17
24 18
3 8
7 14
8 24

Solution 205: 
14 6
17 13
2 2
21 17
25 18
3 8
7 14
8 24

Solution 206: 
12 9
14 6
17 13
2 2
21 17
25 18
7 14
8 24

Solution 207: 
12 6
14 6
17 13
2 2
21 17
25 18
7 14
8 24

Solution 208: 
14 6
17 13
2 2
21 17
25 18
3 5
7 14
8 24

Solution 209: 
14 6
17 13
2 2
22 16
25 18
3 5
7 14
8 24

Solution 210: 
12 6
14 6
17 13
2 2
22 16
25 18
7 14
8 24

Solution 211: 
12 6
14 6
17 13
2 2
22 16
24 18
7 14
8 24

Solution 212: 
12 6
14 6
17 13
2 2
22 16
24 17
7 14
8 24

Solution 213: 
14 6
17 13
2 2
22 16
24 17
3 5
7 14
8 24

Solution 214: 
14 6
17 13
2 2
22 16
24 18
3 5
7 14
8 24

Solution 215: 
12 9
14 6
17 13
2 2
22 16
24 17
7 14
8 24

Solution 216: 
12 9
14 6
17 13
2 2
22 5
24 17
7 14
8 24

Solution 217: 
14 6
17 13
2 2
22 5
24 17
3 5
7 14
8 24

Solution 218: 
12 6
14 6
17 13
2 2
22 5
24 17
7 14
8 24

Solution 219: 
12 6
14 6
17 13
2 2
22 5
25 16
7 14
8 24

Solution 220: 
14 6
17 13
2 2
22 5
25 16
3 5
7 14
8 24

Solution 221: 
12 9
14 6
17 13
2 2
22 5
25 16
7 14
8 24

Solution 222: 
14 6
17 13
2 2
22 5
25 16
3 8
7 14
8 24

Solution 223: 
14 6
17 13
2 2
22 16
25 16
3 8
7 14
8 24

Solution 224: 
14 6
17 13
2 2
22 16
25 16
3 5
7 14
8 24

Solution 225: 
12 9
14 6
17 13
2 2
22 16
25 16
7 14
8 24

Solution 226: 
12 6
14 6
17 13
2 2
22 16
25 16
7 14
8 24

Solution 227: 
14 6
17 13
2 2
22 16
24 17
3 8
7 14
8 24

Solution 228: 
14 6
17 13
2 2
22 5
24 17
3 8
7 14
8 24

Solution 229: 
14 6
17 13
2 2
21 17
24 17
3 8
7 14
8 24

Solution 230: 
14 6
17 13
2 2
21 17
25 16
3 8
7 14
8 24

Solution 231: 
14 6
17 13
2 2
21 17
25 16
3 5
7 14
8 24

Solution 232: 
12 9
14 6
17 13
2 2
21 17
25 16
7 14
8 24

Solution 233: 
12 9
14 6
17 13
2 2
21 17
24 18
7 14
8 24

Solution 234: 
14 6
17 13
2 2
21 17
24 18
3 5
7 14
8 24

Solution 235: 
14 6
17 13
2 2
21 17
24 17
3 5
7 14
8 24

Solution 236: 
12 9
14 6
17 13
2 2
21 17
24 17
7 14
8 24

Solution 237: 
12 6
14 6
17 13
2 2
21 17
24 17
7 14
8 24

Solution 238: 
12 6
14 6
17 13
2 2
21 17
24 18
7 14
8 24

Solution 239: 
12 6
14 6
17 13
2 2
21 17
25 16
7 14
8 24

Number of solutions found: 240

Changes at vertices: 
25 17 -> 25 18
New Vertex: 24 17
----------------------------------
Removal 3: 
Solution 0: 
14 6
16 20
2 2
21 17
3 8
7 14
8 24

Solution 1: 
14 6
16 20
2 2
21 17
7 14
8 24
9 9

Solution 2: 
12 9
14 6
16 20
2 2
21 17
7 14
8 24

Solution 3: 
14 6
16 20
2 2
21 17
3 5
7 14
8 24

Solution 4: 
12 6
14 6
16 20
2 2
21 17
7 14
8 24

Solution 5: 
12 6
14 6
16 20
2 2
22 16
7 14
8 24

Solution 6: 
14 6
16 20
2 2
22 16
7 14
8 24
9 9

Solution 7: 
12 9
14 6
16 20
2 2
22 16
7 14
8 24

Solution 8: 
14 6
16 20
2 2
22 16
3 5
7 14
8 24

Solution 9: 
14 6
16 20
2 2
22 16
3 8
7 14
8 24

Solution 10: 
14 6
17 13
2 2
22 16
3 8
7 14
8 24

Solution 11: 
14 6
17 13
2 2
21 17
3 8
7 14
8 24

Solution 12: 
12 9
14 6
17 13
2 2
21 17
7 14
8 24

Solution 13: 
14 6
17 13
2 2
21 17
7 14
8 24
9 9

Solution 14: 
12 6
14 6
17 13
2 2
21 17
7 14
8 24

Solution 15: 
14 6
17 13
2 2
21 17
3 5
7 14
8 24

Solution 16: 
14 6
17 13
2 2
22 16
3 5
7 14
8 24

Solution 17: 
12 6
14 6
17 13
2 2
22 16
7 14
8 24

Solution 18: 
14 6
17 13
2 2
22 16
7 14
8 24
9 9

Solution 19: 
12 9
14 6
17 13
2 2
22 16
7 14
8 24

Solution 20: 
1 1
12 9
14 6
17 13
22 16
7 14
8 24

Solution 21: 
1 1
14 6
17 13
22 16
3 5
7 14
8 24

Solution 22: 
1 1
12 6
14 6
17 13
22 16
7 14
8 24

Solution 23: 
1 1
12 6
14 6
17 13
21 17
7 14
8 24

Solution 24: 
1 1
12 9
14 6
17 13
21 17
7 14
8 24

Solution 25: 
1 1
14 6
17 13
21 17
7 14
8 24
9 9

Solution 26: 
1 1
14 6
17 13
21 17
3 8
7 14
8 24

Solution 27: 
1 1
14 6
17 13
21 17
3 5
7 14
8 24

Solution 28: 
1 1
14 6
17 13
22 16
3 8
7 14
8 24

Solution 29: 
1 1
14 6
17 13
22 16
7 14
8 24
9 9

Solution 30: 
1 1
14 6
16 20
22 16
7 14
8 24
9 9

Solution 31: 
1 1
14 6
16 20
21 17
7 14
8 24
9 9

Solution 32: 
1 1
14 6
16 20
21 17
3 8
7 14
8 24

Solution 33: 
1 1
12 9
14 6
16 20
21 17
7 14
8 24

Solution 34: 
1 1
12 9
14 6
16 20
22 16
7 14
8 24

Solution 35: 
1 1
14 6
16 20
22 16
3 8
7 14
8 24

Solution 36: 
1 1
12 6
14 6
16 20
22 16
7 14
8 24

Solution 37: 
1 1
14 6
16 20
22 16
3 5
7 14
8 24

Solution 38: 
1 1
14 6
16 20
21 17
3 5
7 14
8 24

Solution 39: 
1 1
12 6
14 6
16 20
21 17
7 14
8 24

Number of solutions found: 40

Changes at vertices: 
Change visibility: 22 16
21 16 -> 21 17
----------------------------------
Removal 4: 
Solution 0: 
14 6
16 20
2 2
22 5
3 8
7 14
8 24

Solution 1: 
14 6
16 20
2 2
22 5
7 14
8 24
9 9

Solution 2: 
12 9
14 6
16 20
2 2
22 5
7 14
8 24

Solution 3: 
14 6
16 20
2 2
22 5
3 5
7 14
8 24

Solution 4: 
12 6
14 6
16 20
2 2
22 5
7 14
8 24

Solution 5: 
12 6
14 6
17 13
2 2
22 5
7 14
8 24

Solution 6: 
14 6
17 13
2 2
22 5
3 5
7 14
8 24

Solution 7: 
14 6
17 13
2 2
22 5
3 8
7 14
8 24

Solution 8: 
14 6
17 13
2 2
22 5
7 14
8 24
9 9

Solution 9: 
12 9
14 6
17 13
2 2
22 5
7 14
8 24

Solution 10: 
1 1
12 9
14 6
17 13
22 5
7 14
8 24

Solution 11: 
1 1
12 9
14 6
16 20
22 5
7 14
8 24

Solution 12: 
1 1
14 6
16 20
22 5
3 8
7 14
8 24

Solution 13: 
1 1
12 6
14 6
16 20
22 5
7 14
8 24

Solution 14: 
1 1
14 6
16 20
22 5
7 14
8 24
9 9

Solution 15: 
1 1
14 6
16 20
22 5
3 5
7 14
8 24

Solution 16: 
1 1
14 6
17 13
22 5
3 5
7 14
8 24

Solution 17: 
1 1
12 6
14 6
17 13
22 5
7 14
8 24

Solution 18: 
1 1
14 6
17 13
22 5
3 8
7 14
8 24

Solution 19: 
1 1
14 6
17 13
22 5
7 14
8 24
9 9

Solution 20: 
1 1
14 6
17 13
21 16
7 14
8 24
9 9

Solution 21: 
1 1
14 6
16 20
21 16
7 14
8 24
9 9

Solution 22: 
1 1
14 6
16 20
22 16
7 14
8 24
9 9

Solution 23: 
1 1
14 6
16 20
21 7
7 14
8 24
9 9

Solution 24: 
1 1
14 6
17 13
21 7
7 14
8 24
9 9

Solution 25: 
1 1
14 6
17 13
22 16
7 14
8 24
9 9

Solution 26: 
1 1
14 6
17 13
22 16
3 8
7 14
8 24

Solution 27: 
1 1
12 6
14 6
17 13
22 16
7 14
8 24

Solution 28: 
1 1
12 9
14 6
17 13
22 16
7 14
8 24

Solution 29: 
1 1
14 6
17 13
22 16
3 5
7 14
8 24

Solution 30: 
1 1
14 6
16 20
22 16
3 5
7 14
8 24

Solution 31: 
1 1
12 9
14 6
16 20
22 16
7 14
8 24

Solution 32: 
1 1
14 6
16 20
22 16
3 8
7 14
8 24

Solution 33: 
1 1
12 6
14 6
16 20
22 16
7 14
8 24

Solution 34: 
1 1
12 6
14 6
16 20
21 16
7 14
8 24

Solution 35: 
1 1
12 6
14 6
16 20
21 7
7 14
8 24

Solution 36: 
1 1
12 6
14 6
17 13
21 7
7 14
8 24

Solution 37: 
1 1
12 6
14 6
17 13
21 16
7 14
8 24

Solution 38: 
1 1
14 6
17 13
21 16
3 8
7 14
8 24

Solution 39: 
1 1
12 9
14 6
17 13
21 16
7 14
8 24

Solution 40: 
1 1
14 6
17 13
21 16
3 5
7 14
8 24

Solution 41: 
1 1
14 6
16 20
21 16
3 5
7 14
8 24

Solution 42: 
1 1
14 6
16 20
21 16
3 8
7 14
8 24

Solution 43: 
1 1
12 9
14 6
16 20
21 16
7 14
8 24

Solution 44: 
1 1
12 9
14 6
16 20
21 7
7 14
8 24

Solution 45: 
1 1
12 9
14 6
17 13
21 7
7 14
8 24

Solution 46: 
1 1
14 6
17 13
21 7
3 5
7 14
8 24

Solution 47: 
1 1
14 6
17 13
21 7
3 8
7 14
8 24

Solution 48: 
1 1
14 6
16 20
21 7
3 8
7 14
8 24

Solution 49: 
1 1
14 6
16 20
21 7
3 5
7 14
8 24

Solution 50: 
14 6
16 20
2 2
21 7
3 5
7 14
8 24

Solution 51: 
12 9
14 6
16 20
2 2
21 7
7 14
8 24

Solution 52: 
14 6
16 20
2 2
21 7
7 14
8 24
9 9

Solution 53: 
12 6
14 6
16 20
2 2
21 7
7 14
8 24

Solution 54: 
14 6
16 20
2 2
21 7
3 8
7 14
8 24

Solution 55: 
14 6
16 20
2 2
21 16
3 8
7 14
8 24

Solution 56: 
14 6
16 20
2 2
22 16
3 8
7 14
8 24

Solution 57: 
12 9
14 6
16 20
2 2
22 16
7 14
8 24

Solution 58: 
14 6
16 20
2 2
22 16
7 14
8 24
9 9

Solution 59: 
12 6
14 6
16 20
2 2
22 16
7 14
8 24

Solution 60: 
14 6
16 20
2 2
22 16
3 5
7 14
8 24

Solution 61: 
14 6
16 20
2 2
21 16
3 5
7 14
8 24

Solution 62: 
14 6
16 20
2 2
21 16
7 14
8 24
9 9

Solution 63: 
12 9
14 6
16 20
2 2
21 16
7 14
8 24

Solution 64: 
12 6
14 6
16 20
2 2
21 16
7 14
8 24

Solution 65: 
12 6
14 6
17 13
2 2
21 16
7 14
8 24

Solution 66: 
12 6
14 6
17 13
2 2
22 16
7 14
8 24

Solution 67: 
12 6
14 6
17 13
2 2
21 7
7 14
8 24

Solution 68: 
12 9
14 6
17 13
2 2
21 7
7 14
8 24

Solution 69: 
14 6
17 13
2 2
21 7
7 14
8 24
9 9

Solution 70: 
14 6
17 13
2 2
21 7
3 8
7 14
8 24

Solution 71: 
14 6
17 13
2 2
21 7
3 5
7 14
8 24

Solution 72: 
14 6
17 13
2 2
22 16
3 5
7 14
8 24

Solution 73: 
14 6
17 13
2 2
21 16
3 5
7 14
8 24

Solution 74: 
14 6
17 13
2 2
21 16
3 8
7 14
8 24

Solution 75: 
12 9
14 6
17 13
2 2
21 16
7 14
8 24

Solution 76: 
14 6
17 13
2 2
21 16
7 14
8 24
9 9

Solution 77: 
14 6
17 13
2 2
22 16
7 14
8 24
9 9

Solution 78: 
14 6
17 13
2 2
22 16
3 8
7 14
8 24

Solution 79: 
12 9
14 6
17 13
2 2
22 16
7 14
8 24

Number of solutions found: 80

Changes at vertices: 
22 7 -> 22 16
New Vertex: 21 7
----------------------------------
Removal 5: 
Solution 0: 
14 6
16 20
2 2
3 8
7 14
8 24

Solution 1: 
14 6
16 20
2 2
7 14
8 24
9 9

Solution 2: 
12 9
14 6
16 20
2 2
7 14
8 24

Solution 3: 
14 6
16 20
2 2
3 5
7 14
8 24

Solution 4: 
12 6
14 6
16 20
2 2
7 14
8 24

Solution 5: 
12 6
14 6
17 13
2 2
7 14
8 24

Solution 6: 
14 6
17 13
2 2
3 8
7 14
8 24

Solution 7: 
14 6
17 13
2 2
7 14
8 24
9 9

Solution 8: 
12 9
14 6
17 13
2 2
7 14
8 24

Solution 9: 
14 6
17 13
2 2
3 5
7 14
8 24

Solution 10: 
1 1
14 6
17 13
3 5
7 14
8 24

Solution 11: 
1 1
14 6
16 20
3 5
7 14
8 24

Solution 12: 
1 1
12 6
14 6
16 20
7 14
8 24

Solution 13: 
1 1
14 6
16 20
3 8
7 14
8 24

Solution 14: 
1 1
12 9
14 6
16 20
7 14
8 24

Solution 15: 
1 1
14 6
16 20
7 14
8 24
9 9

Solution 16: 
1 1
14 6
17 13
7 14
8 24
9 9

Solution 17: 
1 1
14 6
17 13
3 8
7 14
8 24

Solution 18: 
1 1
12 6
14 6
17 13
7 14
8 24

Solution 19: 
1 1
12 9
14 6
17 13
7 14
8 24

Number of solutions found: 20

Changes at vertices: 
17 20 -> 17 23
New Vertex: 16 20
----------------------------------
Removal 6: 
Solution 0: 
14 20
14 6
2 2
3 8
7 14
8 24

Solution 1: 
14 20
14 6
2 2
7 14
8 24
9 9

Solution 2: 
12 9
14 20
14 6
2 2
7 14
8 24

Solution 3: 
14 20
14 6
2 2
3 5
7 14
8 24

Solution 4: 
12 6
14 20
14 6
2 2
7 14
8 24

Solution 5: 
12 6
14 6
15 13
2 2
7 14
8 24

Solution 6: 
12 6
14 6
17 13
2 2
7 14
8 24

Solution 7: 
12 6
14 6
17 20
2 2
7 14
8 24

Solution 8: 
14 6
17 20
2 2
3 8
7 14
8 24

Solution 9: 
14 6
15 13
2 2
3 8
7 14
8 24

Solution 10: 
14 6
17 13
2 2
3 8
7 14
8 24

Solution 11: 
12 9
14 6
17 13
2 2
7 14
8 24

Solution 12: 
12 9
14 6
15 13
2 2
7 14
8 24

Solution 13: 
12 9
14 6
17 20
2 2
7 14
8 24

Solution 14: 
14 6
17 20
2 2
7 14
8 24
9 9

Solution 15: 
14 6
15 13
2 2
7 14
8 24
9 9

Solution 16: 
14 6
15 13
2 2
3 5
7 14
8 24

Solution 17: 
14 6
17 20
2 2
3 5
7 14
8 24

Solution 18: 
14 6
17 13
2 2
3 5
7 14
8 24

Solution 19: 
14 6
17 13
2 2
7 14
8 24
9 9

Solution 20: 
1 1
14 6
17 13
7 14
8 24
9 9

Solution 21: 
1 1
14 20
14 6
7 14
8 24
9 9

Solution 22: 
1 1
14 6
17 20
7 14
8 24
9 9

Solution 23: 
1 1
14 6
15 13
7 14
8 24
9 9

Solution 24: 
1 1
14 6
15 13
3 5
7 14
8 24

Solution 25: 
1 1
14 6
15 13
3 8
7 14
8 24

Solution 26: 
1 1
12 9
14 6
15 13
7 14
8 24

Solution 27: 
1 1
12 6
14 6
15 13
7 14
8 24

Solution 28: 
1 1
12 6
14 6
17 13
7 14
8 24

Solution 29: 
1 1
12 6
14 20
14 6
7 14
8 24

Solution 30: 
1 1
12 6
14 6
17 20
7 14
8 24

Solution 31: 
1 1
14 6
17 20
3 8
7 14
8 24

Solution 32: 
1 1
12 9
14 6
17 20
7 14
8 24

Solution 33: 
1 1
14 6
17 20
3 5
7 14
8 24

Solution 34: 
1 1
14 20
14 6
3 5
7 14
8 24

Solution 35: 
1 1
14 6
17 13
3 5
7 14
8 24

Solution 36: 
1 1
14 6
17 13
3 8
7 14
8 24

Solution 37: 
1 1
12 9
14 6
17 13
7 14
8 24

Solution 38: 
1 1
12 9
14 20
14 6
7 14
8 24

Solution 39: 
1 1
14 20
14 6
3 8
7 14
8 24

Number of solutions found: 40

Changes at vertices: 
Change visibility: 15 13
14 13 -> 14 20
----------------------------------
Removal 7: 
Solution 0: 
14 6
2 2
3 8
7 14
8 24

Solution 1: 
14 6
2 2
7 14
8 24
9 9

Solution 2: 
12 9
14 6
2 2
7 14
8 24

Solution 3: 
14 6
2 2
3 5
7 14
8 24

Solution 4: 
12 6
14 6
2 2
7 14
8 24

Solution 5: 
1 1
12 6
14 6
7 14
8 24

Solution 6: 
1 1
12 9
14 6
7 14
8 24

Solution 7: 
1 1
14 6
7 14
8 24
9 9

Solution 8: 
1 1
14 6
3 8
7 14
8 24

Solution 9: 
1 1
14 6
3 5
7 14
8 24

Number of solutions found: 10

Changes at vertices: 
New Vertex: 15 11
14 11 -> 14 13
----------------------------------
Removal 8: 
Solution 0: 
14 6
2 2
3 8
7 14
8 24

Solution 1: 
14 6
2 2
7 14
8 24
9 9

Solution 2: 
12 9
14 6
2 2
7 14
8 24

Solution 3: 
14 6
2 2
3 5
7 14
8 24

Solution 4: 
12 6
14 6
2 2
7 14
8 24

Solution 5: 
1 1
12 6
14 6
7 14
8 24

Solution 6: 
1 1
14 6
3 8
7 14
8 24

Solution 7: 
1 1
14 6
7 14
8 24
9 9

Solution 8: 
1 1
12 9
14 6
7 14
8 24

Solution 9: 
1 1
14 6
3 5
7 14
8 24

Number of solutions found: 10

Changes at vertices: 
New Vertex: 18 10
14 10 -> 14 11
----------------------------------
Removal 9: 
Solution 0: 
14 6
2 2
3 8
7 14
8 24

Solution 1: 
14 6
2 2
7 14
8 24
9 9

Solution 2: 
12 9
14 6
2 2
7 14
8 24

Solution 3: 
14 6
2 2
3 5
7 14
8 24

Solution 4: 
12 6
14 6
2 2
7 14
8 24

Solution 5: 
12 6
2 2
20 7
7 14
8 24

Solution 6: 
2 2
20 7
3 5
7 14
8 24

Solution 7: 
1 1
20 7
3 5
7 14
8 24

Solution 8: 
1 1
14 6
3 5
7 14
8 24

Solution 9: 
1 1
12 6
14 6
7 14
8 24

Solution 10: 
1 1
14 6
3 8
7 14
8 24

Solution 11: 
1 1
14 6
7 14
8 24
9 9

Solution 12: 
1 1
12 9
14 6
7 14
8 24

Solution 13: 
1 1
12 6
20 7
7 14
8 24

Number of solutions found: 14

Changes at vertices: 
New Vertex: 20 7
14 7 -> 14 10
----------------------------------
Removal 10: 
Solution 0: 
14 6
2 2
3 8
7 14
8 24

Solution 1: 
14 6
2 2
7 14
8 24
9 9

Solution 2: 
12 9
14 6
2 2
7 14
8 24

Solution 3: 
14 6
2 2
3 5
7 14
8 24

Solution 4: 
12 6
14 6
2 2
7 14
8 24

Solution 5: 
12 6
2 2
22 5
7 14
8 24

Solution 6: 
12 6
14 7
2 2
7 14
8 24

Solution 7: 
12 6
2 2
22 7
7 14
8 24

Solution 8: 
2 2
22 7
3 5
7 14
8 24

Solution 9: 
14 7
2 2
3 5
7 14
8 24

Solution 10: 
2 2
22 5
3 5
7 14
8 24

Solution 11: 
12 9
2 2
22 5
7 14
8 24

Solution 12: 
2 2
22 5
3 8
7 14
8 24

Solution 13: 
2 2
22 5
7 14
8 24
9 9

Solution 14: 
1 1
22 5
7 14
8 24
9 9

Solution 15: 
1 1
12 9
22 5
7 14
8 24

Solution 16: 
1 1
12 6
22 5
7 14
8 24

Solution 17: 
1 1
22 5
3 5
7 14
8 24

Solution 18: 
1 1
22 5
3 8
7 14
8 24

Solution 19: 
1 1
14 6
3 8
7 14
8 24

Solution 20: 
1 1
14 6
7 14
8 24
9 9

Solution 21: 
1 1
12 9
14 6
7 14
8 24

Solution 22: 
1 1
14 6
3 5
7 14
8 24

Solution 23: 
1 1
14 7
3 5
7 14
8 24

Solution 24: 
1 1
22 7
3 5
7 14
8 24

Solution 25: 
1 1
12 6
22 7
7 14
8 24

Solution 26: 
1 1
12 6
14 7
7 14
8 24

Solution 27: 
1 1
12 6
14 6
7 14
8 24

Number of solutions found: 28

Changes at vertices: 
22 6 -> 22 7
New Vertex: 14 6
----------------------------------
Removal 11: 
Solution 0: 
2 2
3 5
7 14
8 24

Solution 1: 
12 6
2 2
7 14
8 24

Solution 2: 
1 1
12 6
7 14
8 24

Solution 3: 
1 1
3 5
7 14
8 24

Number of solutions found: 4

Changes at vertices: 
3 6 -> 3 5
Change visibility: 12 6
----------------------------------
Removal 12: 
Solution 0: 
2 2
3 8
7 14
8 24

Solution 1: 
2 2
7 14
8 24
9 9

Solution 2: 
12 9
2 2
7 14
8 24

Solution 3: 
2 2
3 6
7 14
8 24

Solution 4: 
12 6
2 2
7 14
8 24

Solution 5: 
1 1
12 6
7 14
8 24

Solution 6: 
1 1
12 9
7 14
8 24

Solution 7: 
1 1
3 6
7 14
8 24

Solution 8: 
1 1
7 14
8 24
9 9

Solution 9: 
1 1
3 8
7 14
8 24

Number of solutions found: 10

Changes at vertices: 
New Vertex: 3 8
12 8 -> 12 6
----------------------------------
Removal 13: 
Solution 0: 
2 2
2 8
7 14
8 24

Solution 1: 
13 1
2 8
7 14
8 24

Solution 2: 
13 2
2 8
7 14
8 24

Solution 3: 
2 2
7 14
8 24
9 9

Solution 4: 
12 8
2 2
7 14
8 24

Solution 5: 
12 9
2 2
7 14
8 24

Solution 6: 
1 1
12 9
7 14
8 24

Solution 7: 
1 1
12 8
7 14
8 24

Solution 8: 
1 1
7 14
8 24
9 9

Solution 9: 
1 1
2 8
7 14
8 24

Number of solutions found: 10

Changes at vertices: 
Change visibility: 8 24
4 24 -> 4 25
----------------------------------
Removal 14: 
Solution 0: 
2 2
2 8
7 14
8 24

Solution 1: 
13 1
2 8
7 14
8 24

Solution 2: 
13 2
2 8
7 14
8 24

Solution 3: 
2 2
7 14
8 24
9 9

Solution 4: 
12 9
2 2
7 14
8 24

Solution 5: 
12 8
2 2
7 14
8 24

Solution 6: 
1 1
12 8
7 14
8 24

Solution 7: 
1 1
12 9
7 14
8 24

Solution 8: 
1 1
7 14
8 24
9 9

Solution 9: 
1 1
2 8
7 14
8 24

Number of solutions found: 10

Changes at vertices: 
8 22 -> 8 24
Change visibility: 5 22
----------------------------------
Removal 15: 
Solution 0: 
2 2
2 8
6 21
7 14

Solution 1: 
13 1
2 8
6 21
7 14

Solution 2: 
13 2
2 8
6 21
7 14

Solution 3: 
2 2
6 21
7 14
9 9

Solution 4: 
12 9
2 2
6 21
7 14

Solution 5: 
12 8
2 2
6 21
7 14

Solution 6: 
12 8
2 2
7 14
8 22

Solution 7: 
12 9
2 2
7 14
8 22

Solution 8: 
2 2
7 14
8 22
9 9

Solution 9: 
2 2
2 8
7 14
8 22

Solution 10: 
13 1
2 8
7 14
8 22

Solution 11: 
13 2
2 8
7 14
8 22

Solution 12: 
1 1
2 8
7 14
8 22

Solution 13: 
1 1
12 8
7 14
8 22

Solution 14: 
1 1
12 9
7 14
8 22

Solution 15: 
1 1
12 9
6 21
7 14

Solution 16: 
1 1
12 8
6 21
7 14

Solution 17: 
1 1
2 8
6 21
7 14

Solution 18: 
1 1
6 21
7 14
9 9

Solution 19: 
1 1
7 14
8 22
9 9

Solution 20: 
1 1
10 12
2 8
6 21

Solution 21: 
1 1
10 14
2 8
6 21

Solution 22: 
1 1
2 8
6 21
9 12

Solution 23: 
2 2
2 8
6 21
9 12

Solution 24: 
13 1
2 8
6 21
9 12

Solution 25: 
13 2
2 8
6 21
9 12

Solution 26: 
10 12
13 2
2 8
6 21

Solution 27: 
10 12
2 2
2 8
6 21

Solution 28: 
10 14
2 2
2 8
6 21

Solution 29: 
10 14
13 2
2 8
6 21

Solution 30: 
10 14
13 1
2 8
6 21

Solution 31: 
10 12
13 1
2 8
6 21

Number of solutions found: 32

Changes at vertices: 
8 21 -> 8 22
Change visibility: 6 21
----------------------------------
Removal 16: 
Solution 0: 
2 2
2 8
6 21
7 14

Solution 1: 
13 1
2 8
6 21
7 14

Solution 2: 
13 2
2 8
6 21
7 14

Solution 3: 
2 2
6 21
7 14
9 9

Solution 4: 
2 2
7 14
7 19
9 9

Solution 5: 
2 2
7 14
8 21
9 9

Solution 6: 
2 2
7 14
8 19
9 9

Solution 7: 
12 9
2 2
7 14
8 19

Solution 8: 
12 9
2 2
6 21
7 14

Solution 9: 
12 9
2 2
7 14
8 21

Solution 10: 
12 9
2 2
7 14
7 19

Solution 11: 
2 2
2 8
7 14
7 19

Solution 12: 
2 2
2 8
7 14
8 21

Solution 13: 
2 2
2 8
7 14
8 19

Solution 14: 
12 8
2 2
7 14
8 19

Solution 15: 
12 8
2 2
6 21
7 14

Solution 16: 
12 8
2 2
7 14
8 21

Solution 17: 
12 8
2 2
7 14
7 19

Solution 18: 
13 2
2 8
7 14
7 19

Solution 19: 
13 1
2 8
7 14
7 19

Solution 20: 
13 1
2 8
7 14
8 21

Solution 21: 
13 2
2 8
7 14
8 21

Solution 22: 
1 1
2 8
7 14
8 21

Solution 23: 
1 1
2 8
6 21
7 14

Solution 24: 
1 1
2 8
7 14
7 19

Solution 25: 
1 1
2 8
7 14
8 19

Solution 26: 
13 2
2 8
7 14
8 19

Solution 27: 
13 1
2 8
7 14
8 19

Solution 28: 
1 1
7 14
8 19
9 9

Solution 29: 
1 1
12 8
7 14
8 19

Solution 30: 
1 1
12 9
7 14
8 19

Solution 31: 
1 1
12 9
6 21
7 14

Solution 32: 
1 1
12 9
7 14
8 21

Solution 33: 
1 1
12 8
7 14
8 21

Solution 34: 
1 1
7 14
8 21
9 9

Solution 35: 
1 1
6 21
7 14
9 9

Solution 36: 
1 1
12 8
6 21
7 14

Solution 37: 
1 1
12 8
7 14
7 19

Solution 38: 
1 1
7 14
7 19
9 9

Solution 39: 
1 1
12 9
7 14
7 19

Solution 40: 
1 1
10 12
2 8
7 19

Solution 41: 
1 1
2 8
7 19
9 12

Solution 42: 
1 1
10 14
2 8
7 19

Solution 43: 
1 1
10 14
2 8
6 21

Solution 44: 
1 1
10 12
2 8
6 21

Solution 45: 
1 1
2 8
6 21
9 12

Solution 46: 
2 2
2 8
6 21
9 12

Solution 47: 
13 2
2 8
6 21
9 12

Solution 48: 
13 1
2 8
6 21
9 12

Solution 49: 
13 1
2 8
7 19
9 12

Solution 50: 
13 2
2 8
7 19
9 12

Solution 51: 
2 2
2 8
7 19
9 12

Solution 52: 
10 12
2 2
2 8
7 19

Solution 53: 
10 14
2 2
2 8
7 19

Solution 54: 
10 14
2 2
2 8
6 21

Solution 55: 
10 12
2 2
2 8
6 21

Solution 56: 
10 12
13 2
2 8
6 21

Solution 57: 
10 12
13 1
2 8
6 21

Solution 58: 
10 12
13 1
2 8
7 19

Solution 59: 
10 12
13 2
2 8
7 19

Solution 60: 
10 14
13 2
2 8
7 19

Solution 61: 
10 14
13 2
2 8
6 21

Solution 62: 
10 14
13 1
2 8
6 21

Solution 63: 
10 14
13 1
2 8
7 19

Number of solutions found: 64

Changes at vertices: 
Change visibility: 7 19
6 19 -> 6 21
----------------------------------
Removal 17: 
Solution 0: 
2 2
2 8
7 14

Solution 1: 
13 1
2 8
7 14

Solution 2: 
13 2
2 8
7 14

Solution 3: 
2 2
7 14
9 9

Solution 4: 
12 9
2 2
7 14

Solution 5: 
12 8
2 2
7 14

Solution 6: 
1 1
12 8
7 14

Solution 7: 
1 1
12 9
7 14

Solution 8: 
1 1
7 14
9 9

Solution 9: 
1 1
2 8
7 14

Number of solutions found: 10

Changes at vertices: 
7 15 -> 7 19
New Vertex: 6 15
----------------------------------
Removal 18: 
Solution 0: 
2 2
2 8
7 14

Solution 1: 
13 1
2 8
7 14

Solution 2: 
13 2
2 8
7 14

Solution 3: 
2 2
7 14
9 9

Solution 4: 
12 8
2 2
7 14

Solution 5: 
12 9
2 2
7 14

Solution 6: 
10 12
2 2
2 8

Solution 7: 
10 14
2 2
2 8

Solution 8: 
2 2
2 8
9 12

Solution 9: 
13 1
2 8
9 12

Solution 10: 
13 2
2 8
9 12

Solution 11: 
10 12
13 2
2 8

Solution 12: 
10 14
13 2
2 8

Solution 13: 
10 14
13 1
2 8

Solution 14: 
10 12
13 1
2 8

Solution 15: 
1 1
10 12
2 8

Solution 16: 
1 1
10 14
2 8

Solution 17: 
1 1
2 8
7 14

Solution 18: 
1 1
7 14
9 9

Solution 19: 
1 1
12 9
7 14

Solution 20: 
1 1
12 8
7 14

Solution 21: 
1 1
2 8
9 12

Number of solutions found: 22

Changes at vertices: 
New Vertex: 7 14
1 14 -> 1 15
----------------------------------
Removal 19: 
Solution 0: 
1 14
2 2
2 8

Solution 1: 
1 14
13 1
2 8

Solution 2: 
1 14
13 2
2 8

Solution 3: 
1 14
13 2
9 9

Solution 4: 
1 14
2 2
9 9

Solution 5: 
1 14
13 1
9 9

Solution 6: 
2 2
9 12
9 9

Solution 7: 
12 8
2 2
9 12

Solution 8: 
12 9
2 2
9 12

Solution 9: 
2 2
2 8
9 12

Solution 10: 
13 1
2 8
9 12

Solution 11: 
1 1
2 8
9 12

Solution 12: 
13 2
2 8
9 12

Solution 13: 
1 1
9 12
9 9

Solution 14: 
1 1
12 9
9 12

Solution 15: 
1 1
12 8
9 12

Solution 16: 
1 1
1 14
12 8

Solution 17: 
1 14
12 8
13 2

Solution 18: 
1 14
12 8
2 2

Solution 19: 
1 14
12 8
13 1

Solution 20: 
1 14
12 9
13 1

Solution 21: 
1 14
12 9
2 2

Solution 22: 
1 14
12 9
13 2

Solution 23: 
1 1
1 14
12 9

Solution 24: 
1 1
1 14
9 9

Solution 25: 
1 1
1 14
2 8

Solution 26: 
1 1
10 12
2 8

Solution 27: 
1 1
10 14
2 8

Solution 28: 
10 14
2 2
2 8

Solution 29: 
10 14
13 1
2 8

Solution 30: 
10 12
13 1
2 8

Solution 31: 
10 12
2 2
2 8

Solution 32: 
10 12
13 2
2 8

Solution 33: 
10 14
13 2
2 8

Solution 34: 
10 14
2 2
9 9

Solution 35: 
1 1
10 14
9 9

Solution 36: 
1 1
10 12
9 9

Solution 37: 
10 12
2 2
9 9

Number of solutions found: 38

Changes at vertices: 
Change visibility: 9 12
1 12 -> 1 14
----------------------------------
Removal 20: 
Solution 0: 
2 2
2 8

Solution 1: 
13 1
2 8

Solution 2: 
13 2
2 8

Solution 3: 
2 2
9 9

Solution 4: 
1 1
9 9

Solution 5: 
1 1
2 8

Number of solutions found: 6

Changes at vertices: 
New Vertex: 9 9
1 9 -> 1 12
----------------------------------
Removal 21: 
Solution 0: 
1 9
2 2

Solution 1: 
2 2
2 8

Solution 2: 
13 1
2 8

Solution 3: 
1 9
13 1

Solution 4: 
1 9
13 2

Solution 5: 
1 1
1 9

Solution 6: 
1 1
12 9

Solution 7: 
1 1
2 8

Solution 8: 
12 9
2 2

Solution 9: 
12 8
2 2

Solution 10: 
1 1
12 8

Solution 11: 
13 2
2 8

Number of solutions found: 12

Changes at vertices: 
Change visibility: 2 8
1 8 -> 1 9
----------------------------------
Removal 22: 
Solution 0: 
2 2

Solution 1: 
1 1

Number of solutions found: 2

Changes at vertices: 
New Vertex: 2 2
1 2 -> 1 8
----------------------------------
Removal 23: 
Solution 0: 
1 2

Solution 1: 
13 1

Solution 2: 
13 2

Solution 3: 
1 1

Number of solutions found: 4

