106
171 81
171 80
164 80
164 63
162 63
162 60
134 60
134 64
112 64
112 54
123 54
123 51
103 51
103 16
28 16
28 13
5 13
5 14
13 14
13 25
33 25
33 22
63 22
63 27
61 27
61 28
17 28
17 32
1 32
1 50
7 50
7 35
12 35
12 56
16 56
16 34
18 34
18 49
21 49
21 78
27 78
27 59
22 59
22 58
29 58
29 57
35 57
35 53
40 53
40 55
52 55
52 36
34 36
34 37
38 37
38 42
24 42
24 45
20 45
20 29
69 29
69 21
80 21
80 24
101 24
101 43
77 43
77 44
95 44
95 47
71 47
71 48
62 48
62 52
91 52
91 65
153 65
153 61
155 61
155 66
132 66
132 67
96 67
96 71
67 71
67 75
107 75
107 77
117 77
117 74
124 74
124 73
102 73
102 69
138 69
138 70
145 70
145 72
150 72
150 68
156 68
156 76
133 76
133 79
149 79
149 81
