4566
1198 1
1198 22
1194 22
1194 52
1257 52
1257 122
1260 122
1260 137
1313 137
1313 125
1315 125
1315 121
1381 121
1381 141
1346 141
1346 130
1339 130
1339 156
1388 156
1388 142
1402 142
1402 85
1393 85
1393 75
1378 75
1378 77
1371 77
1371 3
1384 3
1384 25
1386 25
1386 6
1434 6
1434 7
1526 7
1526 32
1564 32
1564 31
1853 31
1853 33
1457 33
1457 34
1821 34
1821 44
1856 44
1856 45
1878 45
1878 27
1888 27
1888 49
2006 49
2006 46
1954 46
1954 43
2129 43
2129 42
2118 42
2118 41
1951 41
1951 38
2254 38
2254 50
2250 50
2250 53
2267 53
2267 58
2257 58
2257 59
2204 59
2204 56
1701 56
1701 61
1972 61
1972 64
1996 64
1996 57
2149 57
2149 62
2195 62
2195 60
2212 60
2212 65
1915 65
1915 67
1764 67
1764 80
1837 80
1837 70
1842 70
1842 74
1884 74
1884 159
1790 159
1790 146
1789 146
1789 94
1783 94
1783 179
1824 179
1824 175
1861 175
1861 165
1880 165
1880 181
1869 181
1869 195
1889 195
1889 126
1891 126
1891 82
1908 82
1908 115
1913 115
1913 110
1909 110
1909 92
1918 92
1918 78
1894 78
1894 68
1973 68
1973 73
2166 73
2166 69
2261 69
2261 136
2259 136
2259 166
2249 166
2249 168
2237 168
2237 176
2177 176
2177 219
2213 219
2213 194
2186 194
2186 191
2238 191
2238 243
2218 243
2218 237
2196 237
2196 245
2220 245
2220 260
2230 260
2230 437
2222 437
2222 470
2225 470
2225 520
2168 520
2168 510
2157 510
2157 421
2162 421
2162 349
2102 349
2102 347
2098 347
2098 352
2023 352
2023 353
1979 353
1979 365
1981 365
1981 385
1965 385
1965 413
1944 413
1944 422
1922 422
1922 418
1910 418
1910 447
1890 447
1890 427
1737 427
1737 411
1924 411
1924 392
1921 392
1921 408
1867 408
1867 357
1841 357
1841 399
1850 399
1850 403
1827 403
1827 389
1815 389
1815 366
1714 366
1714 368
1791 368
1791 386
1774 386
1774 382
1751 382
1751 409
1730 409
1730 438
1573 438
1573 435
1507 435
1507 460
1437 460
1437 488
1464 488
1464 473
1546 473
1546 476
1551 476
1551 497
1467 497
1467 502
1499 502
1499 499
1563 499
1563 504
1079 504
1079 503
987 503
987 501
1025 501
1025 498
1175 498
1175 494
1356 494
1356 490
1375 490
1375 464
1323 464
1323 474
1354 474
1354 478
1322 478
1322 477
1263 477
1263 417
1268 417
1268 396
1262 396
1262 481
1240 481
1240 432
1250 432
1250 461
1251 461
1251 393
1254 393
1254 387
1246 387
1246 379
1269 379
1269 383
1435 383
1435 369
1422 369
1422 373
1428 373
1428 377
1385 377
1385 375
1229 375
1229 391
1221 391
1221 374
1216 374
1216 372
1192 372
1192 378
1207 378
1207 384
1186 384
1186 397
1224 397
1224 483
1363 483
1363 485
1176 485
1176 480
1143 480
1143 496
1085 496
1085 479
1049 479
1049 491
1007 491
1007 395
1014 395
1014 434
1022 434
1022 428
1036 428
1036 415
1018 415
1018 358
1055 358
1055 380
1078 380
1078 371
1083 371
1083 360
1076 360
1076 350
1080 350
1080 305
1149 305
1149 321
1239 321
1239 336
1279 336
1279 344
1249 344
1249 345
1320 345
1320 334
1359 334
1359 319
1361 319
1361 325
1364 325
1364 320
1368 320
1368 278
1377 278
1377 270
1365 270
1365 282
1362 282
1362 287
1353 287
1353 329
1332 329
1332 324
1349 324
1349 257
1352 257
1352 239
1333 239
1333 234
1415 234
1415 306
1423 306
1423 227
1355 227
1355 231
1330 231
1330 217
1281 217
1281 222
1283 222
1283 244
1336 244
1336 255
1270 255
1270 251
1258 251
1258 258
1223 258
1223 259
1326 259
1326 304
1327 304
1327 317
1196 317
1196 303
1218 303
1218 291
1214 291
1214 286
1209 286
1209 301
1090 301
1090 296
1185 296
1185 293
1002 293
1002 299
1032 299
1032 309
1015 309
1015 308
980 308
980 314
1045 314
1045 298
1054 298
1054 310
1071 310
1071 342
1066 342
1066 330
1053 330
1053 331
1062 331
1062 354
1001 354
1001 419
989 419
989 390
972 390
972 425
967 425
967 453
954 453
954 466
985 466
985 505
1566 505
1566 487
1583 487
1583 492
1590 492
1590 486
1568 486
1568 472
1475 472
1475 469
1535 469
1535 440
1796 440
1796 446
1752 446
1752 445
1738 445
1738 451
1812 451
1812 458
1706 458
1706 459
1708 459
1708 500
1723 500
1723 471
1940 471
1940 468
1786 468
1786 467
1733 467
1733 462
1866 462
1866 449
1831 449
1831 439
1811 439
1811 433
1876 433
1876 454
1987 454
1987 452
2007 452
2007 436
1980 436
1980 424
1985 424
1985 426
1983 426
1983 431
2072 431
2072 423
2091 423
2091 410
2071 410
2071 404
2077 404
2077 407
2080 407
2080 402
2030 402
2030 405
1997 405
1997 370
2012 370
2012 356
2130 356
2130 521
2134 521
2134 525
2070 525
2070 517
2019 517
2019 526
1970 526
1970 523
1984 523
1984 518
1943 518
1943 531
2067 531
2067 533
2111 533
2111 537
1717 537
1717 519
1744 519
1744 512
1689 512
1689 507
1679 507
1679 513
1666 513
1666 527
1694 527
1694 538
2135 538
2135 508
2137 508
2137 400
2147 400
2147 388
2154 388
2154 543
2143 543
2143 549
2187 549
2187 534
2231 534
2231 506
2234 506
2234 448
2236 448
2236 398
2233 398
2233 256
2232 256
2232 253
2235 253
2235 362
2240 362
2240 211
2242 211
2242 205
2239 205
2239 171
2326 171
2326 148
2392 148
2392 149
2386 149
2386 190
2383 190
2383 556
2389 556
2389 522
2393 522
2393 450
2394 450
2394 443
2388 443
2388 283
2438 283
2438 341
2439 341
2439 530
2428 530
2428 545
2416 545
2416 555
2424 555
2424 684
2415 684
2415 642
2024 642
2024 637
2018 637
2018 640
1593 640
1593 636
1498 636
1498 639
1485 639
1485 635
1567 635
1567 632
1540 632
1540 634
1468 634
1468 616
1470 616
1470 614
1491 614
1491 613
1493 613
1493 595
1431 595
1431 575
1243 575
1243 560
1255 560
1255 561
1508 561
1508 562
1664 562
1664 566
1582 566
1582 573
1655 573
1655 571
1674 571
1674 597
1692 597
1692 628
1722 628
1722 623
2086 623
2086 627
2121 627
2121 625
2188 625
2188 605
2276 605
2276 603
2251 603
2251 563
2266 563
2266 535
2271 535
2271 528
2291 528
2291 484
2315 484
2315 524
2327 524
2327 482
2290 482
2290 457
2306 457
2306 351
2304 351
2304 444
2283 444
2283 465
2277 465
2277 495
2287 495
2287 511
2253 511
2253 532
2246 532
2246 579
2217 579
2217 585
2207 585
2207 567
2211 567
2211 565
2199 565
2199 588
2198 588
2198 564
2185 564
2185 610
2156 610
2156 604
2182 604
2182 582
2010 582
2010 580
1919 580
1919 584
1941 584
1941 586
2025 586
2025 583
2171 583
2171 601
2155 601
2155 607
2114 607
2114 591
2109 591
2109 608
2090 608
2090 611
2183 611
2183 622
1849 622
1849 619
1797 619
1797 612
1757 612
1757 609
1755 609
1755 606
1704 606
1704 602
1711 602
1711 589
1684 589
1684 569
1691 569
1691 581
1720 581
1720 568
1681 568
1681 557
1505 557
1505 554
1547 554
1547 551
1118 551
1118 577
1115 577
1115 697
1092 697
1092 653
1089 653
1089 709
1113 709
1113 734
1124 734
1124 778
1117 778
1117 744
1094 744
1094 848
1088 848
1088 852
1096 852
1096 762
1098 762
1098 824
1125 824
1125 693
1120 693
1120 596
1130 596
1130 587
1131 587
1131 827
1134 827
1134 752
1141 752
1141 755
1182 755
1182 758
1245 758
1245 745
1137 745
1137 553
1408 553
1408 558
1236 558
1236 559
1219 559
1219 574
1206 574
1206 578
1421 578
1421 599
1462 599
1462 630
1430 630
1430 641
1668 641
1668 644
1961 644
1961 647
1222 647
1222 648
2263 648
2263 646
2308 646
2308 645
2377 645
2377 681
2375 681
2375 655
2346 655
2346 804
2345 804
2345 832
2348 832
2348 847
2332 847
2332 842
2293 842
2293 862
2284 862
2284 893
2265 893
2265 874
2252 874
2252 841
2245 841
2245 892
2209 892
2209 911
2163 911
2163 951
2136 951
2136 965
2125 965
2125 978
2151 978
2151 995
2119 995
2119 957
2110 957
2110 1012
2107 1012
2107 1029
2092 1029
2092 1033
2081 1033
2081 1068
2084 1068
2084 1039
2120 1039
2120 1071
2100 1071
2100 1150
2103 1150
2103 1158
2029 1158
2029 1151
2037 1151
2037 1096
2056 1096
2056 1066
2059 1066
2059 1093
2073 1093
2073 1061
2048 1061
2048 1003
2036 1003
2036 955
2031 955
2031 1031
2034 1031
2034 1041
1999 1041
1999 1013
2003 1013
2003 929
2001 929
2001 1011
2000 1011
2000 902
1995 902
1995 869
1991 869
1991 825
1989 825
1989 773
1978 773
1978 788
1969 788
1969 795
1955 795
1955 802
1893 802
1893 813
1870 813
1870 779
1949 779
1949 777
1830 777
1830 771
1814 771
1814 768
1904 768
1904 754
1847 754
1847 740
1923 740
1923 698
1817 698
1817 704
1892 704
1892 703
1903 703
1903 705
1581 705
1581 699
1578 699
1578 689
1585 689
1585 667
1571 667
1571 656
1410 656
1410 652
1390 652
1390 651
1205 651
1205 658
1261 658
1261 663
1275 663
1275 654
1367 654
1367 657
1562 657
1562 665
1559 665
1559 678
1460 678
1460 670
1267 670
1267 675
1350 675
1350 676
1340 676
1340 679
1545 679
1545 683
1575 683
1575 669
1576 669
1576 708
1762 708
1762 714
1670 714
1670 710
1612 710
1612 716
1628 716
1628 720
1780 720
1780 726
1606 726
1606 727
1848 727
1848 724
1896 724
1896 731
1798 731
1798 749
1793 749
1793 750
1802 750
1802 781
1801 781
1801 792
1852 792
1852 784
1868 784
1868 843
1862 843
1862 814
1800 814
1800 812
1761 812
1761 816
1743 816
1743 794
1735 794
1735 780
1727 780
1727 828
1781 828
1781 818
1787 818
1787 823
1782 823
1782 831
1833 831
1833 826
1851 826
1851 839
1810 839
1810 927
1822 927
1822 909
1839 909
1839 928
1859 928
1859 939
1763 939
1763 940
1770 940
1770 948
1775 948
1775 953
1854 953
1854 963
1767 963
1767 979
1758 979
1758 959
1749 959
1749 855
1745 855
1745 968
1739 968
1739 969
1736 969
1736 994
1792 994
1792 967
1813 967
1813 976
1855 976
1855 974
1864 974
1864 964
1881 964
1881 950
1874 950
1874 920
1871 920
1871 887
1819 887
1819 844
1899 844
1899 810
1912 810
1912 819
1911 819
1911 864
1925 864
1925 859
1926 859
1926 815
1928 815
1928 820
1939 820
1939 805
1962 805
1962 807
1947 807
1947 817
1988 817
1988 906
1992 906
1992 1139
1986 1139
1986 1147
1993 1147
1993 1044
2038 1044
2038 1060
2020 1060
2020 1166
2011 1166
2011 1177
2015 1177
2015 1223
1929 1223
1929 1211
1846 1211
1846 1210
1886 1210
1886 1209
1795 1209
1795 1225
1777 1225
1777 1218
1718 1218
1718 1217
1680 1217
1680 1219
1661 1219
1661 1222
1731 1222
1731 1228
1765 1228
1765 1229
1605 1229
1605 1233
1588 1233
1588 1246
1537 1246
1537 1237
1556 1237
1556 1220
1473 1220
1473 1216
1432 1216
1432 1208
1351 1208
1351 1212
1344 1212
1344 1235
1321 1235
1321 1250
1324 1250
1324 1257
1328 1257
1328 1268
1360 1268
1360 1265
1372 1265
1372 1226
1425 1226
1425 1264
1426 1264
1426 1227
1445 1227
1445 1284
1441 1284
1441 1287
1212 1287
1212 1289
1287 1289
1287 1294
1195 1294
1195 1296
1282 1296
1282 1298
1338 1298
1338 1300
1181 1300
1181 1320
1180 1320
1180 1331
1179 1331
1179 1259
1208 1259
1208 1262
1298 1262
1298 1258
1183 1258
1183 1256
1169 1256
1169 1248
1164 1248
1164 1273
1160 1273
1160 1255
1146 1255
1146 1297
1147 1297
1147 1335
1197 1335
1197 1323
1200 1323
1200 1312
1217 1312
1217 1309
1210 1309
1210 1301
1294 1301
1294 1308
1308 1308
1308 1313
1310 1313
1310 1314
1331 1314
1331 1310
1380 1310
1380 1307
1309 1307
1309 1304
1376 1304
1376 1288
1400 1288
1400 1332
1403 1332
1403 1295
1433 1295
1433 1322
1417 1322
1417 1327
1454 1327
1454 1317
1449 1317
1449 1271
1455 1271
1455 1230
1527 1230
1527 1224
1543 1224
1543 1232
1530 1232
1530 1239
1533 1239
1533 1247
1644 1247
1644 1254
1907 1254
1907 1253
1957 1253
1957 1260
1489 1260
1489 1263
1541 1263
1541 1261
1805 1261
1805 1270
1672 1270
1672 1266
1641 1266
1641 1283
1603 1283
1603 1272
1592 1272
1592 1292
1608 1292
1608 1286
1773 1286
1773 1282
1653 1282
1653 1279
1932 1279
1932 1321
1950 1321
1950 1391
1958 1391
1958 1370
1977 1370
1977 1421
1990 1421
1990 1406
2002 1406
2002 1397
1998 1397
1998 1387
2041 1387
2041 1428
2052 1428
2052 1453
2033 1453
2033 1455
2054 1455
2054 1392
2062 1392
2062 1485
2050 1485
2050 1503
2068 1503
2068 1529
2021 1529
2021 1518
1982 1518
1982 1516
1976 1516
1976 1543
1750 1543
1750 1559
1658 1559
1658 1539
1935 1539
1935 1537
1548 1537
1548 1536
1832 1536
1832 1532
1552 1532
1552 1535
1357 1535
1357 1521
1469 1521
1469 1510
1495 1510
1495 1512
1594 1512
1594 1513
1611 1513
1611 1507
1713 1507
1713 1501
1615 1501
1615 1496
1529 1496
1529 1505
1411 1505
1411 1519
1259 1519
1259 1523
1158 1523
1158 1524
1111 1524
1111 1495
1110 1495
1110 1492
1150 1492
1150 1489
1166 1489
1166 1475
1184 1475
1184 1472
1142 1472
1142 1466
1397 1466
1397 1469
1334 1469
1334 1482
1187 1482
1187 1483
1242 1483
1242 1488
1307 1488
1307 1490
1398 1490
1398 1481
1648 1481
1648 1471
1600 1471
1600 1473
1515 1473
1515 1477
1429 1477
1429 1464
1427 1464
1427 1462
1440 1462
1440 1448
1474 1448
1474 1444
1486 1444
1486 1434
1492 1434
1492 1426
1569 1426
1569 1427
1683 1427
1683 1415
1676 1415
1676 1410
1633 1410
1633 1412
1669 1412
1669 1419
1663 1419
1663 1424
1481 1424
1481 1436
1416 1436
1416 1456
1414 1456
1414 1438
1369 1438
1369 1435
1285 1435
1285 1445
1335 1445
1335 1449
1341 1449
1341 1454
1399 1454
1399 1458
1392 1458
1392 1463
1358 1463
1358 1465
1129 1465
1129 1420
1145 1420
1145 1460
1178 1460
1178 1451
1213 1451
1213 1431
1174 1431
1174 1416
1128 1416
1128 1405
1114 1405
1114 1383
1101 1383
1101 1354
1106 1354
1106 1352
1154 1352
1154 1395
1170 1395
1170 1347
1119 1347
1119 1346
790 1346
790 1350
743 1350
743 1360
777 1360
777 1363
654 1363
654 1351
642 1351
642 1344
515 1344
515 1348
534 1348
534 1355
636 1355
636 1362
414 1362
414 1361
413 1361
413 1368
675 1368
675 1364
783 1364
783 1359
1063 1359
1063 1374
873 1374
873 1376
901 1376
901 1381
769 1381
769 1369
700 1369
700 1371
655 1371
655 1373
507 1373
507 1487
508 1487
508 1595
509 1595
509 1399
519 1399
519 1407
511 1407
511 1457
521 1457
521 1594
512 1594
512 1625
518 1625
518 1616
522 1616
522 1515
542 1515
542 1661
523 1661
523 1736
528 1736
528 1700
535 1700
535 1718
666 1718
666 1740
661 1740
661 1760
650 1760
650 1751
569 1751
569 1772
549 1772
549 1793
541 1793
541 1812
573 1812
573 1796
575 1796
575 1761
578 1761
578 1797
656 1797
656 1820
670 1820
670 1788
681 1788
681 1729
668 1729
668 1717
672 1717
672 1691
684 1691
684 1759
698 1759
698 1784
699 1784
699 1840
690 1840
690 1846
679 1846
679 1865
689 1865
689 1864
691 1864
691 2028
685 2028
685 2058
674 2058
674 2048
582 2048
582 2041
595 2041
595 2013
644 2013
644 2029
662 2029
662 2012
629 2012
629 1998
579 1998
579 1981
566 1981
566 2037
516 2037
516 2036
440 2036
440 1726
442 1726
442 1678
412 1678
412 1683
436 1683
436 1693
438 1693
438 2054
488 2054
488 2040
580 2040
580 2049
667 2049
667 2050
601 2050
601 2053
659 2053
659 2057
537 2057
537 2061
697 2061
697 1932
694 1932
694 1931
706 1931
706 1844
709 1844
709 1727
693 1727
693 1688
583 1688
583 1698
540 1698
540 1671
564 1671
564 1680
633 1680
633 1685
707 1685
707 1669
609 1669
609 1662
550 1662
550 1666
545 1666
545 1651
552 1651
552 1638
553 1638
553 1639
651 1639
651 1646
594 1646
594 1644
554 1644
554 1653
589 1653
589 1658
676 1658
676 1608
669 1608
669 1635
555 1635
555 1634
543 1634
543 1439
536 1439
536 1388
652 1388
652 1393
663 1393
663 1379
551 1379
551 1375
742 1375
742 1380
729 1380
729 1402
733 1402
733 1404
731 1404
731 1437
834 1437
834 1446
808 1446
808 1447
886 1447
886 1478
617 1478
617 1452
616 1452
616 1500
613 1500
613 1555
759 1555
759 1552
813 1552
813 1549
624 1549
624 1479
934 1479
934 1440
997 1440
997 1474
1000 1474
1000 1422
982 1422
982 1418
922 1418
922 1429
955 1429
955 1432
822 1432
822 1433
740 1433
740 1401
747 1401
747 1394
761 1394
761 1386
904 1386
904 1390
938 1390
938 1382
1011 1382
1011 1499
1019 1499
1019 1522
1012 1522
1012 1540
1004 1540
1004 1774
1003 1774
1003 1813
1027 1813
1027 1886
1033 1886
1033 1875
1037 1875
1037 1775
1030 1775
1030 1735
1041 1735
1041 1805
1057 1805
1057 1799
1064 1799
1064 1768
1042 1768
1042 1737
1073 1737
1073 1876
1069 1876
1069 1925
1039 1925
1039 1961
1010 1961
1010 1922
939 1922
939 1836
951 1836
951 1867
952 1867
952 1785
948 1785
948 1766
946 1766
946 1710
892 1710
892 1713
884 1713
884 1705
817 1705
817 1665
820 1665
820 1660
950 1660
950 1655
816 1655
816 1707
770 1707
770 1703
810 1703
810 1654
780 1654
780 1657
757 1657
757 1676
760 1676
760 1742
863 1742
863 1716
909 1716
909 1734
933 1734
933 1762
945 1762
945 1817
931 1817
931 1804
928 1804
928 1824
947 1824
947 1829
876 1829
876 1832
736 1832
736 1838
856 1838
856 1850
750 1850
750 1854
774 1854
774 1855
753 1855
753 1860
800 1860
800 1857
898 1857
898 1889
895 1889
895 1869
809 1869
809 1868
772 1868
772 1866
771 1866
771 1885
763 1885
763 1897
776 1897
776 1915
824 1915
824 1973
797 1973
797 1979
887 1979
887 1983
894 1983
894 2093
903 2093
903 2102
917 2102
917 2107
819 2107
819 2103
754 2103
754 2109
779 2109
779 2111
984 2111
984 2112
692 2112
692 2114
474 2114
474 2108
334 2108
334 2110
262 2110
262 2095
337 2095
337 1809
329 1809
329 2075
319 2075
319 2069
323 2069
323 1978
321 1978
321 1791
326 1791
326 1792
333 1792
333 1697
335 1697
335 1687
328 1687
328 1659
331 1659
331 1631
350 1631
350 1622
356 1622
356 1619
340 1619
340 1618
345 1618
345 1598
347 1598
347 1408
349 1408
349 1565
355 1565
355 1442
352 1442
352 1356
353 1356
353 1326
348 1326
348 1302
308 1302
308 1315
248 1315
248 1330
177 1330
177 1459
174 1459
174 1484
179 1484
179 1564
169 1564
169 1627
166 1627
166 1695
159 1695
159 1689
147 1689
147 1704
137 1704
137 1972
135 1972
135 1947
127 1947
127 1999
123 1999
123 2007
120 2007
120 1929
133 1929
133 1794
134 1794
134 1378
136 1378
136 1411
150 1411
150 1587
151 1587
151 1349
132 1349
132 1835
130 1835
130 1494
124 1494
124 1667
121 1667
121 1480
101 1480
101 1396
98 1396
98 1409
86 1409
86 1342
81 1342
81 1345
78 1345
78 1181
84 1181
84 1290
85 1290
85 1293
114 1293
114 1280
145 1280
145 1278
91 1278
91 1269
90 1269
90 1193
105 1193
105 1194
96 1194
96 1238
144 1238
144 1221
116 1221
116 1215
142 1215
142 1161
198 1161
198 1185
277 1185
277 1183
371 1183
371 1172
285 1172
285 1175
224 1175
224 1163
222 1163
222 1174
208 1174
208 1162
336 1162
336 1157
344 1157
344 1156
257 1156
257 1155
392 1155
392 1197
403 1197
403 1202
391 1202
391 1204
430 1204
430 1196
455 1196
455 1191
469 1191
469 1190
510 1190
510 1198
581 1198
581 1189
568 1189
568 1178
614 1178
614 1140
632 1140
632 1186
637 1186
637 1192
625 1192
625 1201
649 1201
649 1064
639 1064
639 1133
634 1133
634 1104
610 1104
610 1116
611 1116
611 1154
593 1154
593 1137
590 1137
590 1056
607 1056
607 972
608 972
608 1032
612 1032
612 1023
631 1023
631 916
596 916
596 923
615 923
615 962
602 962
602 1037
592 1037
592 997
591 997
591 799
638 799
638 702
647 702
647 695
626 695
626 685
621 685
621 691
618 691
618 700
605 700
605 340
622 340
622 442
620 442
620 514
630 514
630 541
665 541
665 544
688 544
688 536
721 536
721 529
725 529
725 509
695 509
695 516
673 516
673 539
646 539
646 489
645 489
645 381
660 381
660 376
671 376
671 361
682 361
682 295
687 295
687 265
815 265
815 284
784 284
784 332
730 332
730 339
741 339
741 359
737 359
737 394
738 394
738 420
768 420
768 401
773 401
773 406
793 406
793 475
791 475
791 515
799 515
799 493
855 493
855 576
859 576
859 592
866 592
866 659
854 659
854 552
850 552
850 783
851 783
851 694
864 694
864 837
882 837
882 866
839 866
839 743
845 743
845 692
844 692
844 677
841 677
841 672
823 672
823 650
806 650
806 687
782 687
782 660
788 660
788 617
766 617
766 620
764 620
764 674
755 674
755 600
751 600
751 638
746 638
746 590
745 590
745 593
739 593
739 598
744 598
744 725
735 725
735 738
696 738
696 879
702 879
702 886
712 886
712 877
717 877
717 865
718 865
718 941
724 941
724 885
726 885
726 889
728 889
728 861
705 861
705 834
720 834
720 803
714 803
714 796
785 796
785 838
767 838
767 830
749 830
749 829
732 829
732 835
752 835
752 853
756 853
756 873
775 873
775 938
758 938
758 1008
786 1008
786 811
787 811
787 786
796 786
796 854
792 854
792 884
804 884
804 899
795 899
795 973
794 973
794 1097
801 1097
801 1136
893 1136
893 1138
918 1138
918 1125
927 1125
927 1117
924 1117
924 1072
916 1072
916 1120
889 1120
889 1121
857 1121
857 1089
848 1089
848 1099
847 1099
847 1077
837 1077
837 1119
812 1119
812 1128
807 1128
807 1111
803 1111
803 1100
805 1100
805 782
723 782
723 776
704 776
704 833
701 833
701 760
711 760
711 742
710 742
710 739
727 739
727 764
716 764
716 772
748 772
748 766
734 766
734 753
762 753
762 701
765 701
765 707
798 707
798 718
778 718
778 729
814 729
814 717
821 717
821 688
836 688
836 759
838 759
838 872
830 872
830 800
827 800
827 801
829 801
829 888
833 888
833 903
846 903
846 870
888 870
888 849
890 849
890 822
875 822
875 789
883 789
883 723
870 723
870 594
871 594
871 570
865 570
865 455
828 455
828 441
869 441
869 316
872 316
872 346
899 346
899 682
905 682
905 821
907 821
907 719
913 719
913 756
914 756
914 618
911 618
911 343
897 343
897 315
885 315
885 223
881 223
881 266
879 266
879 252
874 252
874 311
862 311
862 326
860 326
860 307
858 307
858 250
849 250
849 430
825 430
825 367
802 367
802 364
818 364
818 263
708 263
708 238
781 238
781 248
832 248
832 225
503 225
503 208
504 208
504 183
502 183
502 123
513 123
513 174
525 174
525 163
533 163
533 164
539 164
539 167
544 167
544 172
558 172
558 158
517 158
517 135
520 135
520 152
532 152
532 150
562 150
562 203
603 203
603 201
565 201
565 131
548 131
548 129
686 129
686 128
719 128
719 116
446 116
446 100
423 100
423 96
479 96
479 86
506 86
506 84
499 84
499 76
408 76
408 87
424 87
424 91
422 91
422 99
400 99
400 103
398 103
398 184
394 184
394 187
395 187
395 200
378 200
378 189
393 189
393 182
389 182
389 154
234 154
234 151
233 151
233 144
375 144
375 139
385 139
385 120
390 120
390 107
387 107
387 104
377 104
377 98
380 98
380 63
364 63
364 83
361 83
361 143
228 143
228 138
143 138
143 140
168 140
168 162
175 162
175 169
122 169
122 177
50 177
50 178
226 178
226 180
167 180
167 185
183 185
183 188
214 188
214 193
246 193
246 186
266 186
266 173
231 173
231 160
235 160
235 157
373 157
373 209
363 209
363 197
217 197
217 199
252 199
252 198
362 198
362 218
399 218
399 117
419 117
419 196
450 196
450 155
453 155
453 134
431 134
431 124
490 124
490 153
485 153
485 226
627 226
627 228
584 228
584 230
606 230
606 232
658 232
658 233
677 233
677 262
683 262
683 269
680 269
680 335
657 335
657 348
643 348
643 355
641 355
641 463
640 463
640 429
623 429
623 416
628 416
628 277
604 277
604 775
588 775
588 1048
585 1048
585 1173
567 1173
567 1184
466 1184
466 1187
460 1187
460 1182
420 1182
420 1153
238 1153
238 1160
141 1160
141 1176
125 1176
125 1213
106 1213
106 1179
68 1179
68 1299
72 1299
72 1203
76 1203
76 1329
65 1329
65 1336
61 1336
61 1164
48 1164
48 1486
36 1486
36 1357
40 1357
40 1328
24 1328
24 1325
20 1325
20 982
47 982
47 980
38 980
38 961
51 961
51 949
12 949
12 985
9 985
9 1645
3 1645
3 1649
2 1649
2 1607
1 1607
1 1803
6 1803
6 1690
5 1690
5 1756
4 1756
4 1648
17 1648
17 1417
14 1417
14 1339
10 1339
10 1200
15 1200
15 1088
13 1088
13 1001
16 1001
16 956
18 956
18 1165
19 1165
19 1384
32 1384
32 1467
34 1467
34 1508
28 1508
28 1509
21 1509
21 1582
26 1582
26 1609
29 1609
29 1615
31 1615
31 1517
41 1517
41 1588
44 1588
44 1585
42 1585
42 1514
45 1514
45 1506
49 1506
49 1205
56 1205
56 1206
60 1206
60 1367
66 1367
66 1441
73 1441
73 1423
80 1423
80 1476
87 1476
87 1493
88 1493
88 1425
93 1425
93 1567
97 1567
97 1613
99 1613
99 1571
113 1571
113 1610
104 1610
104 1611
117 1611
117 1816
115 1816
115 1856
126 1856
126 1913
119 1913
119 1994
109 1994
109 1722
112 1722
112 1632
111 1632
111 1672
108 1672
108 2027
118 2027
118 2034
155 2034
155 2059
128 2059
128 2056
107 2056
107 1895
102 1895
102 1933
100 1933
100 1738
92 1738
92 1681
89 1681
89 1782
94 1782
94 1783
95 1783
95 2008
103 2008
103 2066
156 2066
156 2039
160 2039
160 2073
165 2073
165 2067
162 2067
162 1971
139 1971
139 2006
138 2006
138 1858
140 1858
140 1711
152 1711
152 1706
157 1706
157 1758
164 1758
164 1732
211 1732
211 1730
212 1730
212 1673
216 1673
216 1629
201 1629
201 1614
225 1614
225 1586
213 1586
213 1601
220 1601
220 1612
200 1612
200 1656
195 1656
195 1652
194 1652
194 1430
204 1430
204 1341
182 1341
182 1450
193 1450
193 1491
188 1491
188 1692
180 1692
180 1497
181 1497
181 1340
205 1340
205 1334
187 1334
187 1333
316 1333
316 1316
330 1316
330 1318
338 1318
338 1358
327 1358
327 1353
317 1353
317 1443
318 1443
318 1365
346 1365
346 1413
343 1413
343 1617
302 1617
302 1630
298 1630
298 1682
320 1682
320 1647
324 1647
324 1686
299 1686
299 1699
314 1699
314 2045
311 2045
311 1833
300 1833
300 1988
283 1988
283 1938
284 1938
284 1781
276 1781
276 1798
275 1798
275 1770
274 1770
274 1752
281 1752
281 1684
286 1684
286 1934
290 1934
290 1748
291 1748
291 1694
297 1694
297 1633
287 1633
287 1628
250 1628
250 1663
253 1663
253 1702
227 1702
227 1724
249 1724
249 1719
251 1719
251 1790
258 1790
258 1642
264 1642
264 1636
282 1636
282 1637
268 1637
268 1942
269 1942
269 2002
296 2002
296 1992
294 1992
294 1991
301 1991
301 1842
307 1842
307 1955
306 1955
306 2062
295 2062
295 2031
280 2031
280 2044
261 2044
261 1847
245 1847
245 1852
232 1852
232 1890
237 1890
237 1919
241 1919
241 1965
247 1965
247 1921
259 1921
259 1859
243 1859
243 1862
240 1862
240 1853
260 1853
260 2046
265 2046
265 2047
293 2047
293 2074
303 2074
303 2076
322 2076
322 2089
273 2089
273 2087
255 2087
255 2117
439 2117
439 2115
473 2115
473 2118
981 2118
981 2116
1082 2116
1082 2122
1091 2122
1091 2121
1127 2121
1127 2085
1156 2085
1156 2088
1171 2088
1171 2092
1232 2092
1232 2083
1389 2083
1389 2084
1406 2084
1406 2094
1442 2094
1442 1914
1448 1914
1448 1964
1453 1964
1453 1946
1471 1946
1471 2032
1531 2032
1531 2024
1614 2024
1614 2009
1623 2009
1623 2068
1601 2068
1601 2065
1595 2065
1595 2055
1586 2055
1586 2063
1524 2063
1524 2064
1572 2064
1572 2070
1636 2070
1636 2035
1646 2035
1646 2052
1656 2052
1656 2020
1634 2020
1634 2000
1654 2000
1654 1987
1620 1987
1620 1888
1617 1888
1617 1746
1619 1746
1619 1749
1696 1749
1696 1795
1677 1795
1677 1806
1665 1806
1665 1819
2128 1819
2128 1849
2105 1849
2105 1848
2083 1848
2083 1821
1760 1821
1760 1826
1917 1826
1917 1828
1952 1828
1952 1837
2026 1837
2026 1831
1975 1831
1975 1822
2035 1822
2035 1958
2039 1958
2039 2042
2426 2042
2426 2043
2453 2043
2453 2022
2458 2022
2458 2019
2470 2019
2470 2072
2473 2072
2473 1986
2316 1986
2316 1989
2280 1989
2280 1960
2286 1960
2286 1918
2295 1918
2295 1907
2302 1907
2302 1959
2317 1959
2317 1912
2427 1912
2427 1923
2488 1923
2488 1976
2490 1976
2490 2301
2425 2301
2425 2307
2364 2307
2364 2312
2356 2312
2356 2300
2273 2300
2273 2295
2288 2295
2288 2247
2298 2247
2298 2246
2338 2246
2338 2232
2337 2232
2337 2218
2241 2218
2241 2217
2258 2217
2258 2216
2374 2216
2374 2212
2322 2212
2322 2215
2270 2215
2270 2214
2226 2214
2226 2196
2223 2196
2223 2182
2305 2182
2305 2183
2323 2183
2323 2204
2333 2204
2333 2201
2352 2201
2352 2168
2292 2168
2292 2165
2481 2165
2481 2163
1640 2163
1640 2155
1877 2155
1877 2161
2205 2161
2205 2159
1914 2159
1914 2158
1898 2158
1898 2149
1879 2149
1879 2148
1599 2148
1599 2162
1596 2162
1596 2151
1456 2151
1456 2153
1292 2153
1292 2150
1405 2150
1405 2146
1102 2146
1102 2145
1409 2145
1409 2130
1401 2130
1401 2132
1347 2132
1347 2127
1479 2127
1479 2125
1558 2125
1558 2133
1675 2133
1675 2128
1719 2128
1719 2134
1742 2134
1742 2131
1840 2131
1840 2129
1771 2129
1771 2124
1299 2124
1299 2135
1274 2135
1274 2136
1241 2136
1241 2137
1228 2137
1228 2138
1345 2138
1345 2143
1379 2143
1379 2144
1144 2144
1144 2142
1302 2142
1302 2141
1097 2141
1097 2211
963 2211
963 2139
966 2139
966 2119
959 2119
959 2126
949 2126
949 2147
957 2147
957 2208
944 2208
944 2205
943 2205
943 2160
942 2160
942 2259
960 2259
960 2238
953 2238
953 2230
970 2230
970 2213
971 2213
971 2239
976 2239
976 2271
975 2271
975 2340
968 2340
968 2341
977 2341
977 2305
986 2305
986 2353
1139 2353
1139 2355
1231 2355
1231 2358
1387 2358
1387 2357
1931 2357
1931 2361
1927 2361
1927 2359
1626 2359
1626 2360
1503 2360
1503 2370
1610 2370
1610 2382
1461 2382
1461 2377
1517 2377
1517 2371
1514 2371
1514 2372
1319 2372
1319 2375
1444 2375
1444 2383
1630 2383
1630 2365
1544 2365
1544 2362
1836 2362
1836 2363
1650 2363
1650 2374
1645 2374
1645 2386
1652 2386
1652 2376
1659 2376
1659 2390
1436 2390
1436 2389
1424 2389
1424 2391
935 2391
935 2394
992 2394
992 2396
1247 2396
1247 2402
1329 2402
1329 2398
1383 2398
1383 2397
1284 2397
1284 2395
1238 2395
1238 2392
1635 2392
1635 2401
1697 2401
1697 2403
1709 2403
1709 2411
1698 2411
1698 2414
1667 2414
1667 2417
1700 2417
1700 2435
1632 2435
1632 2420
1570 2420
1570 2430
1625 2430
1625 2439
1519 2439
1519 2425
1291 2425
1291 2423
1286 2423
1286 2431
1204 2431
1204 2427
1230 2427
1230 2421
1165 2421
1165 2419
1227 2419
1227 2415
1253 2415
1253 2418
1305 2418
1305 2413
1167 2413
1167 2412
1233 2412
1233 2410
1618 2410
1618 2405
1295 2405
1295 2404
1172 2404
1172 2406
1235 2406
1235 2407
1452 2407
1452 2409
1157 2409
1157 2428
1191 2428
1191 2453
1177 2453
1177 2461
1189 2461
1189 2465
923 2465
923 2463
974 2463
974 2456
961 2456
961 2455
1148 2455
1148 2454
925 2454
925 2458
877 2458
877 2459
811 2459
811 2460
713 2460
713 2449
722 2449
722 2445
1135 2445
1135 2422
1132 2422
1132 2434
1084 2434
1084 2408
1043 2408
1043 2416
996 2416
996 2436
1133 2436
1133 2444
619 2444
619 2440
475 2440
475 2473
481 2473
481 2478
464 2478
464 2476
401 2476
401 2479
434 2479
434 2500
459 2500
459 2497
491 2497
491 2475
514 2475
514 2464
526 2464
526 2457
531 2457
531 2448
678 2448
678 2485
648 2485
648 2496
1138 2496
1138 2495
1161 2495
1161 2493
1248 2493
1248 2498
1288 2498
1288 2492
1136 2492
1136 2494
964 2494
964 2489
664 2489
664 2487
991 2487
991 2488
965 2488
965 2490
1103 2490
1103 2481
1077 2481
1077 2484
999 2484
999 2482
835 2482
835 2483
715 2483
715 2486
703 2486
703 2466
789 2466
789 2469
1234 2469
1234 2470
1418 2470
1418 2471
983 2471
983 2472
842 2472
842 2474
1419 2474
1419 2468
1316 2468
1316 2451
1311 2451
1311 2467
1225 2467
1225 2452
1193 2452
1193 2433
1373 2433
1373 2426
1482 2426
1482 2480
1483 2480
1483 2442
1604 2442
1604 2477
1561 2477
1561 2499
1598 2499
1598 2491
1631 2491
1631 2446
1807 2446
1807 2447
1816 2447
1816 2441
1826 2441
1826 2462
1834 2462
1834 2450
1857 2450
1857 2437
1863 2437
1863 2432
1865 2432
1865 2443
1920 2443
1920 2438
1900 2438
1900 2424
1844 2424
1844 2429
1804 2429
1804 2400
1788 2400
1788 2399
1657 2399
1657 2393
1662 2393
1662 2366
1682 2366
1682 2364
1776 2364
1776 2369
1820 2369
1820 2384
1897 2384
1897 2388
2144 2388
2144 2387
2004 2387
2004 2385
2117 2385
2117 2381
2210 2381
2210 2380
2113 2380
2113 2379
2202 2379
2202 2367
2178 2367
2178 2373
2065 2373
2065 2378
1829 2378
1829 2368
1936 2368
1936 2356
1525 2356
1525 2354
1140 2354
1140 2352
1703 2352
1703 2350
1549 2350
1549 2351
1273 2351
1273 2347
1256 2347
1256 2349
1237 2349
1237 2332
1459 2332
1459 2331
1276 2331
1276 2330
1584 2330
1584 2337
1458 2337
1458 2343
1465 2343
1465 2338
1963 2338
1963 2327
1933 2327
1933 2335
1843 2335
1843 2334
1732 2334
1732 2329
1271 2329
1271 2328
1203 2328
1203 2333
1104 2333
1104 2336
1081 2336
1081 2339
1068 2339
1068 2342
1173 2342
1173 2344
1153 2344
1153 2346
1155 2346
1155 2348
994 2348
994 2345
990 2345
990 2314
988 2314
988 2264
998 2264
998 2274
1009 2274
1009 2280
1013 2280
1013 2286
1086 2286
1086 2298
1099 2298
1099 2281
1095 2281
1095 2265
1059 2265
1059 2275
1023 2275
1023 2258
1046 2258
1046 2233
1061 2233
1061 2226
1024 2226
1024 2224
1107 2224
1107 2253
1116 2253
1116 2251
1123 2251
1123 2237
1122 2237
1122 2210
1109 2210
1109 2152
1215 2152
1215 2156
1226 2156
1226 2157
1306 2157
1306 2154
1463 2154
1463 2164
2229 2164
2229 2166
1838 2166
1838 2167
1496 2167
1496 2170
1565 2170
1565 2171
1785 2171
1785 2169
2330 2169
2330 2178
2256 2178
2256 2172
2184 2172
2184 2173
2197 2173
2197 2176
2192 2176
2192 2174
2165 2174
2165 2209
2216 2209
2216 2194
2221 2194
2221 2221
2140 2221
2140 2181
2076 2181
2076 2195
2097 2195
2097 2198
2104 2198
2104 2202
2116 2202
2116 2223
2279 2223
2279 2228
2032 2228
2032 2197
2008 2197
2008 2242
2053 2242
2053 2244
1948 2244
1948 2256
1885 2256
1885 2203
1728 2203
1728 2185
1602 2185
1602 2180
1396 2180
1396 2187
1342 2187
1342 2188
1404 2188
1404 2189
1188 2189
1188 2184
1272 2184
1272 2179
1252 2179
1252 2175
1211 2175
1211 2177
1162 2177
1162 2192
1420 2192
1420 2199
1450 2199
1450 2193
1538 2193
1538 2191
1637 2191
1637 2200
1589 2200
1589 2220
1607 2220
1607 2252
1597 2252
1597 2272
1472 2272
1472 2282
1476 2282
1476 2323
1532 2323
1532 2324
1647 2324
1647 2321
1627 2321
1627 2310
1521 2310
1521 2317
1504 2317
1504 2304
1518 2304
1518 2308
1716 2308
1716 2313
1688 2313
1688 2318
1705 2318
1705 2325
1794 2325
1794 2306
1766 2306
1766 2303
1484 2303
1484 2296
1513 2296
1513 2285
1577 2285
1577 2276
1609 2276
1609 2222
1621 2222
1621 2279
1784 2279
1784 2278
1953 2278
1953 2269
2043 2269
2043 2287
2013 2287
2013 2299
2040 2299
2040 2294
2014 2294
2014 2291
2131 2291
2131 2292
2115 2292
2115 2293
2146 2293
2146 2316
2150 2316
2150 2297
2158 2297
2158 2289
2153 2289
2153 2283
2112 2283
2112 2277
2096 2277
2096 2288
2138 2288
2138 2290
2045 2290
2045 2270
2094 2270
2094 2267
1902 2267
1902 2273
1845 2273
1845 2268
1725 2268
1725 2263
1803 2263
1803 2266
1901 2266
1901 2260
1778 2260
1778 2261
1624 2261
1624 2219
1660 2219
1660 2229
1678 2229
1678 2206
1687 2206
1687 2190
1407 2190
1407 2186
1712 2186
1712 2234
1741 2234
1741 2243
1779 2243
1779 2227
1721 2227
1721 2207
1860 2207
1860 2225
1872 2225
1872 2245
1799 2245
1799 2255
1806 2255
1806 2249
1858 2249
1858 2257
1971 2257
1971 2248
2152 2248
2152 2241
2161 2241
2161 2236
2206 2236
2206 2235
2159 2235
2159 2231
2255 2231
2255 2240
2281 2240
2281 2250
2260 2250
2260 2320
2264 2320
2264 2262
2285 2262
2285 2284
2272 2284
2272 2302
2300 2302
2300 2319
2331 2319
2331 2315
2423 2315
2423 2311
2371 2311
2371 2309
2486 2309
2486 2322
2487 2322
2487 2326
2497 2326
2497 2140
2500 2140
2500 2123
2498 2123
2498 2071
2494 2071
2494 2254
2491 2254
2491 1977
2499 1977
2499 1968
2492 1968
2492 1926
2489 1926
2489 1878
2493 1878
2493 1884
2495 1884
2495 1911
2496 1911
2496 1870
2485 1870
2485 1902
2483 1902
2483 1917
2436 1917
2436 1908
2452 1908
2452 1901
2482 1901
2482 1877
2449 1877
2449 1808
2484 1808
2484 1787
2413 1787
2413 1780
2469 1780
2469 1779
2398 1779
2398 1763
2384 1763
2384 1757
2355 1757
2355 1777
2376 1777
2376 1802
2367 1802
2367 1810
2419 1810
2419 1880
2441 1880
2441 1882
2476 1882
2476 1893
2430 1893
2430 1898
2414 1898
2414 1904
2401 1904
2401 1894
2411 1894
2411 1827
2382 1827
2382 1825
2380 1825
2380 1830
2409 1830
2409 1883
2407 1883
2407 1839
2400 1839
2400 1887
2395 1887
2395 1900
2328 1900
2328 1906
2247 1906
2247 1916
2275 1916
2275 1948
2278 1948
2278 1995
2347 1995
2347 1990
2433 1990
2433 2025
2417 2025
2417 2038
2179 2038
2179 2033
2145 2033
2145 2004
2069 2004
2069 1982
2049 1982
2049 2010
2095 2010
2095 2014
2127 2014
2127 2016
2060 2016
2060 2026
2055 2026
2055 2030
2047 2030
2047 1845
2051 1845
2051 1966
2057 1966
2057 1843
2044 1843
2044 2003
2042 2003
2042 1823
2058 1823
2058 1957
2244 1957
2244 1937
2243 1937
2243 1943
2215 1943
2215 1953
2099 1953
2099 1920
2093 1920
2093 1949
2078 1949
2078 1954
2200 1954
2200 1956
2061 1956
2061 1841
2082 1841
2082 1851
2148 1851
2148 1815
2064 1815
2064 1814
1945 1814
1945 1818
1724 1818
1724 1807
1707 1807
1707 1747
1639 1747
1639 1741
1753 1741
1753 1754
1746 1754
1746 1767
1729 1767
1729 1778
1808 1778
1808 1789
1966 1789
1966 1786
1967 1786
1967 1755
1887 1755
1887 1764
1875 1764
1875 1753
1825 1753
1825 1750
1823 1750
1823 1776
1747 1776
1747 1771
1754 1771
1754 1725
1759 1725
1759 1723
1726 1723
1726 1733
1715 1733
1715 1739
1622 1739
1622 1728
1643 1728
1643 1731
1671 1731
1671 1714
1702 1714
1702 1712
1673 1712
1673 1677
1883 1677
1883 1675
1934 1675
1934 1664
1916 1664
1916 1674
1835 1674
1835 1670
1649 1670
1649 1720
1591 1720
1591 1744
1613 1744
1613 1935
1616 1935
1616 2005
1560 2005
1560 2023
1522 2023
1522 2017
1477 2017
1477 1940
1487 1940
1487 1944
1478 1944
1478 2001
1502 2001
1502 1951
1490 1951
1490 1939
1451 1939
1451 1910
1506 1910
1506 1936
1512 1936
1512 1980
1520 1980
1520 1861
1534 1861
1534 1834
1511 1834
1511 1801
1516 1801
1516 1769
1555 1769
1555 1745
1542 1745
1542 1626
1554 1626
1554 1624
1587 1624
1587 1621
1494 1621
1494 1640
1536 1640
1536 1641
1539 1641
1539 1743
1497 1743
1497 1773
1510 1773
1510 1871
1500 1871
1500 1879
1488 1879
1488 1863
1480 1863
1480 1905
1447 1905
1447 1891
1439 1891
1439 1620
1438 1620
1438 2091
1413 2091
1413 2081
1343 2081
1343 2078
1244 2078
1244 2082
1168 2082
1168 2077
1126 2077
1126 2097
1112 2097
1112 2106
1100 2106
1100 2120
1093 2120
1093 2098
1087 2098
1087 2113
1050 2113
1050 2105
1016 2105
1016 2101
978 2101
978 2104
973 2104
973 2090
969 2090
969 2100
932 2100
932 2099
962 2099
962 2086
940 2086
940 2096
912 2096
912 2080
915 2080
915 2079
910 2079
910 2051
896 2051
896 1984
906 1984
906 1975
843 1975
843 1969
840 1969
840 1899
831 1899
831 1892
826 1892
826 1873
861 1873
861 1896
853 1896
853 1941
852 1941
852 1945
867 1945
867 1962
900 1962
900 1967
908 1967
908 1952
902 1952
902 1950
880 1950
880 1928
878 1928
878 1909
868 1909
868 1872
891 1872
891 1903
921 1903
921 1874
929 1874
929 1881
937 1881
937 1927
926 1927
926 1930
979 1930
979 1924
993 1924
993 1963
1051 1963
1051 1970
956 1970
956 1996
936 1996
936 2021
920 2021
920 2018
930 2018
930 1985
919 1985
919 2060
941 2060
941 2011
958 2011
958 1974
995 1974
995 2015
1006 2015
1006 1997
1074 1997
1074 1993
1075 1993
1075 1701
1070 1701
1070 1721
1065 1721
1065 1650
1067 1650
1067 1679
1072 1679
1072 1643
1060 1643
1060 1709
1052 1709
1052 1708
1047 1708
1047 1715
1029 1715
1029 1800
1028 1800
1028 1696
1026 1696
1026 1765
1017 1765
1017 1811
1005 1811
1005 1583
1008 1583
1008 1548
1020 1548
1020 1511
1021 1511
1021 1668
1031 1668
1031 1600
1034 1600
1034 1400
1035 1400
1035 1502
1056 1502
1056 1547
1058 1547
1058 1498
1048 1498
1048 1470
1038 1470
1038 1414
1040 1414
1040 1389
1044 1389
1044 1398
1108 1398
1108 1504
1105 1504
1105 1533
1152 1533
1152 1541
1159 1541
1159 1544
1121 1544
1121 1573
1151 1573
1151 1557
1190 1557
1190 1575
1220 1575
1220 1556
1297 1556
1297 1545
1202 1545
1202 1534
1163 1534
1163 1525
1199 1525
1199 1531
1289 1531
1289 1528
1312 1528
1312 1527
1277 1527
1277 1520
1325 1520
1325 1526
1348 1526
1348 1538
1382 1538
1382 1553
1509 1553
1509 1542
1557 1542
1557 1558
1553 1558
1553 1554
1303 1554
1303 1576
1443 1576
1443 1577
1466 1577
1466 1584
1579 1584
1579 1581
1574 1581
1574 1578
1550 1578
1550 1574
1412 1574
1412 1566
1642 1566
1642 1563
1699 1563
1699 1561
1740 1561
1740 1572
1690 1572
1690 1579
1748 1579
1748 1569
1882 1569
1882 1568
1895 1568
1895 1562
1772 1562
1772 1560
1769 1560
1769 1546
1974 1546
1974 1570
1994 1570
1994 1580
2009 1580
2009 1605
2005 1605
2005 1596
1734 1596
1734 1593
1756 1593
1756 1590
1638 1590
1638 1591
1629 1591
1629 1597
1930 1597
1930 1599
1809 1599
1809 1603
1580 1603
1580 1592
1446 1592
1446 1589
1366 1589
1366 1602
1523 1602
1523 1604
1686 1604
1686 1606
2022 1606
2022 1550
2017 1550
2017 1530
2075 1530
2075 1468
2063 1468
2063 1461
2079 1461
2079 1385
2085 1385
2085 1403
2108 1403
2108 1377
2101 1377
2101 1338
2088 1338
2088 1372
2087 1372
2087 1324
2066 1324
2066 1343
2074 1343
2074 1366
1960 1366
1960 1311
1938 1311
1938 1305
1968 1305
1968 1275
1818 1275
1818 1267
1828 1267
1828 1274
1964 1274
1964 1249
1906 1249
1906 1251
1873 1251
1873 1252
1685 1252
1685 1245
1905 1245
1905 1244
1693 1244
1693 1243
1651 1243
1651 1240
1695 1240
1695 1241
1710 1241
1710 1234
1946 1234
1946 1242
2046 1242
2046 1236
1959 1236
1959 1231
2028 1231
2028 1195
2089 1195
2089 1207
2106 1207
2106 1087
2122 1087
2122 1000
2123 1000
2123 1122
2124 1122
2124 1281
2142 1281
2142 1199
2141 1199
2141 1145
2133 1145
2133 1214
2132 1214
2132 1141
2126 1141
2126 1026
2160 1026
2160 988
2164 988
2164 1034
2169 1034
2169 970
2167 970
2167 913
2173 913
2173 1306
2172 1306
2172 1276
2170 1276
2170 1337
2175 1337
2175 1319
2174 1319
2174 1028
2191 1028
2191 1042
2193 1042
2193 1098
2214 1098
2214 1113
2224 1113
2224 1094
2248 1094
2248 1082
2219 1082
2219 1092
2194 1092
2194 1014
2180 1014
2180 1004
2189 1004
2189 966
2208 966
2208 946
2181 946
2181 942
2201 942
2201 932
2176 932
2176 917
2296 917
2296 880
2294 880
2294 858
2301 858
2301 891
2297 891
2297 895
2307 895
2307 881
2309 881
2309 1084
2311 1084
2311 991
2313 991
2313 1027
2334 1027
2334 1105
2303 1105
2303 1169
2324 1169
2324 1124
2310 1124
2310 1107
2335 1107
2335 1148
2341 1148
2341 1188
2362 1188
2362 1110
2365 1110
2365 1038
2360 1038
2360 1171
2357 1171
2357 1144
2344 1144
2344 1070
2349 1070
2349 1047
2343 1047
2343 1135
2342 1135
2342 1025
2319 1025
2319 1005
2314 1005
2314 896
2312 896
2312 850
2321 850
2321 890
2320 890
2320 926
2340 926
2340 960
2354 960
2354 947
2370 947
2370 935
2402 935
2402 1073
2435 1073
2435 1086
2442 1086
2442 1090
2437 1090
2437 1130
2446 1130
2446 1131
2454 1131
2454 1129
2459 1129
2459 1123
2480 1123
2480 1083
2478 1083
2478 867
2474 867
2474 1078
2466 1078
2466 1108
2479 1108
2479 1112
2447 1112
2447 1046
2403 1046
2403 958
2405 958
2405 989
2431 989
2431 987
2420 987
2420 943
2429 943
2429 921
2404 921
2404 919
2336 919
2336 915
2339 915
2339 882
2329 882
2329 871
2325 871
2325 863
2350 863
2350 868
2353 868
2353 856
2351 856
2351 680
2359 680
2359 690
2361 690
2361 793
2363 793
2363 668
2366 668
2366 662
2368 662
2368 851
2373 851
2373 713
2378 713
2378 751
2381 751
2381 666
2397 666
2397 728
2399 728
2399 757
2421 757
2421 770
2448 770
2448 785
2460 785
2460 797
2422 797
2422 809
2456 809
2456 806
2463 806
2463 845
2450 845
2450 846
2457 846
2457 857
2465 857
2465 808
2472 808
2472 798
2467 798
2467 791
2471 791
2471 765
2475 765
2475 767
2477 767
2477 747
2468 747
2468 741
2412 741
2412 737
2406 737
2406 735
2432 735
2432 540
2444 540
2444 550
2451 550
2451 548
2445 548
2445 363
2440 363
2440 318
2443 318
2443 261
2387 261
2387 220
2418 220
2418 215
2385 215
2385 207
2390 207
2390 161
2408 161
2408 118
2396 118
2396 145
2369 145
2369 127
2358 127
2358 147
2318 147
2318 170
2282 170
2282 105
2299 105
2299 72
2289 72
2289 97
2268 97
2268 66
2274 66
2274 36
2016 36
2016 35
1942 35
1942 26
2379 26
2379 28
2434 28
2434 29
2455 29
2455 10
2461 10
2461 119
2462 119
2462 132
2464 132
2464 9
2391 9
2391 12
2228 12
2228 11
2227 11
2227 13
2410 13
2410 21
2372 21
2372 16
2262 16
2262 15
2190 15
2190 17
2203 17
2203 18
2027 18
2027 19
2139 19
2139 20
2269 20
2269 24
1956 24
1956 14
1937 14
1937 23
1768 23
1768 30
1528 30
1528 4
1501 4
1501 5
1395 5
1395 2
1280 2
1280 47
1278 47
1278 54
1314 54
1314 48
1293 48
1293 40
1301 40
1301 37
1317 37
1317 55
1304 55
1304 71
1296 71
1296 81
1318 81
1318 8
1370 8
1370 79
1374 79
1374 88
1394 88
1394 133
1391 133
1391 113
1300 113
1300 95
1290 95
1290 93
1337 93
1337 90
1265 90
1265 89
1266 89
1266 39
1264 39
1264 51
1201 51
1201 1
