1798
1548 1537
1548 1536
1832 1536
1832 1535
1357 1535
1357 1521
1469 1521
1469 1519
1259 1519
1259 1523
1158 1523
1158 1524
1111 1524
1111 1495
1110 1495
1110 1492
1150 1492
1150 1489
1166 1489
1166 1475
1184 1475
1184 1472
1142 1472
1142 1466
1429 1466
1429 1465
1129 1465
1129 1420
1174 1420
1174 1416
1128 1416
1128 1405
1114 1405
1114 1383
1011 1383
1011 1499
1019 1499
1019 1522
1012 1522
1012 1540
1004 1540
1004 1774
1003 1774
1003 1813
1037 1813
1037 1775
1030 1775
1030 1735
1041 1735
1041 1805
1057 1805
1057 1799
1064 1799
1064 1768
1042 1768
1042 1737
1073 1737
1073 1876
1069 1876
1069 1925
1039 1925
1039 1961
1010 1961
1010 1922
939 1922
939 1857
898 1857
898 1889
895 1889
895 1869
809 1869
809 1868
772 1868
772 1866
771 1866
771 1885
763 1885
763 1897
776 1897
776 1915
824 1915
824 1973
797 1973
797 1979
887 1979
887 1983
894 1983
894 2093
903 2093
903 2102
917 2102
917 2107
819 2107
819 2103
754 2103
754 2109
779 2109
779 2111
984 2111
984 2112
692 2112
692 2114
474 2114
474 2110
262 2110
262 2095
337 2095
337 2075
319 2075
319 2069
323 2069
323 1978
321 1978
321 1791
333 1791
333 1697
335 1697
335 1687
328 1687
328 1659
331 1659
331 1631
350 1631
350 1622
356 1622
356 1619
340 1619
340 1618
345 1618
345 1598
347 1598
347 1408
352 1408
352 1356
353 1356
353 1326
348 1326
348 1315
248 1315
248 1330
177 1330
177 1459
174 1459
174 1484
179 1484
179 1564
169 1564
169 1627
166 1627
166 1695
147 1695
147 1704
137 1704
137 1972
127 1972
127 1999
123 1999
123 2007
120 2007
120 1929
133 1929
133 1835
130 1835
130 1667
121 1667
121 1480
101 1480
101 1409
86 1409
86 1345
78 1345
78 1336
61 1336
61 1164
48 1164
48 1486
36 1486
36 1357
40 1357
40 1328
24 1328
24 1325
20 1325
20 982
47 982
47 980
38 980
38 961
51 961
51 949
12 949
12 985
9 985
9 1645
3 1645
3 1649
2 1649
2 1607
1 1607
1 1803
6 1803
6 1690
5 1690
5 1756
4 1756
4 1648
17 1648
17 1417
14 1417
14 1339
10 1339
10 1200
15 1200
15 1088
13 1088
13 1001
16 1001
16 956
18 956
18 1165
19 1165
19 1384
32 1384
32 1467
34 1467
34 1508
28 1508
28 1509
21 1509
21 1582
26 1582
26 1609
29 1609
29 1615
31 1615
31 1517
41 1517
41 1588
44 1588
44 1585
42 1585
42 1514
45 1514
45 1506
49 1506
49 1205
56 1205
56 1206
60 1206
60 1367
66 1367
66 1441
73 1441
73 1423
80 1423
80 1476
87 1476
87 1493
88 1493
88 1425
93 1425
93 1567
97 1567
97 1613
99 1613
99 1571
113 1571
113 1610
104 1610
104 1611
117 1611
117 1816
115 1816
115 1856
126 1856
126 1913
119 1913
119 1994
109 1994
109 1722
112 1722
112 1632
111 1632
111 1672
108 1672
108 2027
118 2027
118 2034
155 2034
155 2059
128 2059
128 2056
107 2056
107 1895
102 1895
102 1933
100 1933
100 1738
92 1738
92 1681
89 1681
89 1782
94 1782
94 1783
95 1783
95 2008
103 2008
103 2066
156 2066
156 2039
160 2039
160 2073
165 2073
165 2067
162 2067
162 1971
139 1971
139 2006
138 2006
138 1858
140 1858
140 1711
152 1711
152 1706
157 1706
157 1758
164 1758
164 1732
211 1732
211 1730
212 1730
212 1673
216 1673
216 1629
201 1629
201 1614
225 1614
225 1586
213 1586
213 1601
220 1601
220 1612
200 1612
200 1656
195 1656
195 1652
194 1652
194 1430
204 1430
204 1341
182 1341
182 1450
193 1450
193 1491
188 1491
188 1692
180 1692
180 1497
181 1497
181 1340
205 1340
205 1334
187 1334
187 1333
316 1333
316 1316
330 1316
330 1318
338 1318
338 1358
327 1358
327 1353
317 1353
317 1443
318 1443
318 1365
346 1365
346 1413
343 1413
343 1617
302 1617
302 1630
298 1630
298 1682
320 1682
320 1647
324 1647
324 1686
299 1686
299 1699
314 1699
314 2045
311 2045
311 1833
300 1833
300 1988
283 1988
283 1938
284 1938
284 1781
276 1781
276 1798
275 1798
275 1770
274 1770
274 1752
281 1752
281 1684
286 1684
286 1934
290 1934
290 1748
291 1748
291 1694
297 1694
297 1633
287 1633
287 1628
250 1628
250 1663
253 1663
253 1702
227 1702
227 1724
249 1724
249 1719
251 1719
251 1790
258 1790
258 1642
264 1642
264 1636
282 1636
282 1637
268 1637
268 1942
269 1942
269 2002
296 2002
296 1992
294 1992
294 1991
301 1991
301 1842
307 1842
307 1955
306 1955
306 2062
295 2062
295 2031
280 2031
280 2044
261 2044
261 1847
245 1847
245 1852
232 1852
232 1890
237 1890
237 1919
241 1919
241 1965
247 1965
247 1921
259 1921
259 1859
243 1859
243 1862
240 1862
240 1853
260 1853
260 2046
265 2046
265 2047
293 2047
293 2074
303 2074
303 2076
322 2076
322 2089
273 2089
273 2087
255 2087
255 2117
439 2117
439 2115
473 2115
473 2118
981 2118
981 2116
1082 2116
1082 2122
1091 2122
1091 2121
1127 2121
1127 2085
1156 2085
1156 2088
1171 2088
1171 2092
1232 2092
1232 2083
1389 2083
1389 2084
1406 2084
1406 2094
1442 2094
1442 1914
1448 1914
1448 1964
1453 1964
1453 1946
1471 1946
1471 2032
1531 2032
1531 2024
1614 2024
1614 2009
1623 2009
1623 2068
1601 2068
1601 2065
1595 2065
1595 2055
1586 2055
1586 2063
1524 2063
1524 2064
1572 2064
1572 2070
1636 2070
1636 2035
1646 2035
1646 2052
1656 2052
1656 2020
1634 2020
1634 2000
1654 2000
1654 1987
1620 1987
1620 1888
1617 1888
1617 1746
1619 1746
1619 1749
1696 1749
1696 1795
1677 1795
1677 1806
1665 1806
1665 1819
2128 1819
2128 1849
2105 1849
2105 1848
2083 1848
2083 1821
1760 1821
1760 1826
1917 1826
1917 1828
1952 1828
1952 1837
2026 1837
2026 1831
1975 1831
1975 1822
2035 1822
2035 1958
2039 1958
2039 2042
2426 2042
2426 2043
2453 2043
2453 2022
2458 2022
2458 2019
2470 2019
2470 2072
2473 2072
2473 1986
2316 1986
2316 1989
2280 1989
2280 1960
2286 1960
2286 1918
2295 1918
2295 1907
2302 1907
2302 1959
2317 1959
2317 1912
2427 1912
2427 1923
2488 1923
2488 1976
2490 1976
2490 2301
2425 2301
2425 2307
2364 2307
2364 2312
2356 2312
2356 2300
2273 2300
2273 2295
2288 2295
2288 2247
2298 2247
2298 2246
2338 2246
2338 2232
2337 2232
2337 2218
2241 2218
2241 2217
2258 2217
2258 2216
2374 2216
2374 2212
2322 2212
2322 2215
2270 2215
2270 2214
2226 2214
2226 2196
2223 2196
2223 2182
2305 2182
2305 2183
2323 2183
2323 2204
2333 2204
2333 2201
2352 2201
2352 2168
2292 2168
2292 2165
2481 2165
2481 2163
1640 2163
1640 2155
1877 2155
1877 2161
2205 2161
2205 2159
1914 2159
1914 2158
1898 2158
1898 2149
1879 2149
1879 2148
1599 2148
1599 2162
1596 2162
1596 2151
1456 2151
1456 2153
1292 2153
1292 2150
1405 2150
1405 2146
1102 2146
1102 2145
1409 2145
1409 2130
1401 2130
1401 2132
1347 2132
1347 2127
1479 2127
1479 2125
1558 2125
1558 2133
1675 2133
1675 2128
1719 2128
1719 2134
1742 2134
1742 2131
1840 2131
1840 2129
1771 2129
1771 2124
1299 2124
1299 2135
1274 2135
1274 2136
1241 2136
1241 2137
1228 2137
1228 2138
1345 2138
1345 2143
1379 2143
1379 2144
1144 2144
1144 2142
1302 2142
1302 2141
1097 2141
1097 2211
963 2211
963 2139
966 2139
966 2119
959 2119
959 2126
949 2126
949 2147
957 2147
957 2208
944 2208
944 2205
943 2205
943 2160
942 2160
942 2259
960 2259
960 2238
953 2238
953 2230
970 2230
970 2213
971 2213
971 2239
976 2239
976 2271
975 2271
975 2340
968 2340
968 2341
977 2341
977 2305
986 2305
986 2353
1139 2353
1139 2355
1231 2355
1231 2358
1387 2358
1387 2357
1931 2357
1931 2361
1927 2361
1927 2359
1626 2359
1626 2360
1503 2360
1503 2370
1610 2370
1610 2382
1461 2382
1461 2377
1517 2377
1517 2371
1514 2371
1514 2372
1319 2372
1319 2375
1444 2375
1444 2383
1630 2383
1630 2365
1544 2365
1544 2362
1836 2362
1836 2363
1650 2363
1650 2374
1645 2374
1645 2386
1652 2386
1652 2376
1659 2376
1659 2390
1436 2390
1436 2389
1424 2389
1424 2391
935 2391
935 2394
992 2394
992 2396
1247 2396
1247 2402
1329 2402
1329 2398
1383 2398
1383 2397
1284 2397
1284 2395
1238 2395
1238 2392
1635 2392
1635 2401
1697 2401
1697 2403
1709 2403
1709 2411
1698 2411
1698 2414
1667 2414
1667 2417
1700 2417
1700 2435
1632 2435
1632 2420
1570 2420
1570 2430
1625 2430
1625 2439
1519 2439
1519 2425
1291 2425
1291 2423
1286 2423
1286 2431
1204 2431
1204 2427
1230 2427
1230 2421
1165 2421
1165 2419
1227 2419
1227 2415
1253 2415
1253 2418
1305 2418
1305 2413
1167 2413
1167 2412
1233 2412
1233 2410
1618 2410
1618 2405
1295 2405
1295 2404
1172 2404
1172 2406
1235 2406
1235 2407
1452 2407
1452 2409
1157 2409
1157 2428
1191 2428
1191 2453
1177 2453
1177 2461
1189 2461
1189 2465
923 2465
923 2463
974 2463
974 2456
961 2456
961 2455
1148 2455
1148 2454
925 2454
925 2458
877 2458
877 2459
811 2459
811 2460
713 2460
713 2449
722 2449
722 2445
1135 2445
1135 2422
1132 2422
1132 2434
1084 2434
1084 2408
1043 2408
1043 2416
996 2416
996 2436
1133 2436
1133 2444
619 2444
619 2440
475 2440
475 2473
481 2473
481 2478
464 2478
464 2476
401 2476
401 2479
434 2479
434 2500
459 2500
459 2497
491 2497
491 2475
514 2475
514 2464
526 2464
526 2457
531 2457
531 2448
678 2448
678 2485
648 2485
648 2496
1138 2496
1138 2495
1161 2495
1161 2493
1248 2493
1248 2498
1288 2498
1288 2492
1136 2492
1136 2494
964 2494
964 2489
664 2489
664 2487
991 2487
991 2488
965 2488
965 2490
1103 2490
1103 2481
1077 2481
1077 2484
999 2484
999 2482
835 2482
835 2483
715 2483
715 2486
703 2486
703 2466
789 2466
789 2469
1234 2469
1234 2470
1418 2470
1418 2471
983 2471
983 2472
842 2472
842 2474
1419 2474
1419 2468
1316 2468
1316 2451
1311 2451
1311 2467
1225 2467
1225 2452
1193 2452
1193 2433
1373 2433
1373 2426
1482 2426
1482 2480
1483 2480
1483 2442
1604 2442
1604 2477
1561 2477
1561 2499
1598 2499
1598 2491
1631 2491
1631 2446
1807 2446
1807 2447
1816 2447
1816 2441
1826 2441
1826 2462
1834 2462
1834 2450
1857 2450
1857 2437
1863 2437
1863 2432
1865 2432
1865 2443
1920 2443
1920 2438
1900 2438
1900 2424
1844 2424
1844 2429
1804 2429
1804 2400
1788 2400
1788 2399
1657 2399
1657 2393
1662 2393
1662 2366
1682 2366
1682 2364
1776 2364
1776 2369
1820 2369
1820 2384
1897 2384
1897 2388
2144 2388
2144 2387
2004 2387
2004 2385
2117 2385
2117 2381
2210 2381
2210 2380
2113 2380
2113 2379
2202 2379
2202 2367
2178 2367
2178 2373
2065 2373
2065 2378
1829 2378
1829 2368
1936 2368
1936 2356
1525 2356
1525 2354
1140 2354
1140 2352
1703 2352
1703 2350
1549 2350
1549 2351
1273 2351
1273 2347
1256 2347
1256 2349
1237 2349
1237 2332
1459 2332
1459 2331
1276 2331
1276 2330
1584 2330
1584 2337
1458 2337
1458 2343
1465 2343
1465 2338
1963 2338
1963 2327
1933 2327
1933 2335
1843 2335
1843 2334
1732 2334
1732 2329
1271 2329
1271 2328
1203 2328
1203 2333
1104 2333
1104 2336
1081 2336
1081 2339
1068 2339
1068 2342
1173 2342
1173 2344
1153 2344
1153 2346
1155 2346
1155 2348
994 2348
994 2345
990 2345
990 2314
988 2314
988 2264
998 2264
998 2274
1009 2274
1009 2280
1013 2280
1013 2286
1086 2286
1086 2298
1099 2298
1099 2281
1095 2281
1095 2265
1059 2265
1059 2275
1023 2275
1023 2258
1046 2258
1046 2233
1061 2233
1061 2226
1024 2226
1024 2224
1107 2224
1107 2253
1116 2253
1116 2251
1123 2251
1123 2237
1122 2237
1122 2210
1109 2210
1109 2152
1215 2152
1215 2156
1226 2156
1226 2157
1306 2157
1306 2154
1463 2154
1463 2164
2229 2164
2229 2166
1838 2166
1838 2167
1496 2167
1496 2170
1565 2170
1565 2171
1785 2171
1785 2169
2330 2169
2330 2178
2256 2178
2256 2172
2184 2172
2184 2173
2197 2173
2197 2176
2192 2176
2192 2174
2165 2174
2165 2209
2216 2209
2216 2194
2221 2194
2221 2221
2140 2221
2140 2181
2076 2181
2076 2195
2097 2195
2097 2198
2104 2198
2104 2202
2116 2202
2116 2223
2279 2223
2279 2228
2032 2228
2032 2197
2008 2197
2008 2242
2053 2242
2053 2244
1948 2244
1948 2256
1885 2256
1885 2203
1728 2203
1728 2185
1602 2185
1602 2180
1396 2180
1396 2187
1342 2187
1342 2188
1404 2188
1404 2189
1188 2189
1188 2184
1272 2184
1272 2179
1252 2179
1252 2175
1211 2175
1211 2177
1162 2177
1162 2192
1420 2192
1420 2199
1450 2199
1450 2193
1538 2193
1538 2191
1637 2191
1637 2200
1589 2200
1589 2220
1607 2220
1607 2252
1597 2252
1597 2272
1472 2272
1472 2282
1476 2282
1476 2323
1532 2323
1532 2324
1647 2324
1647 2321
1627 2321
1627 2310
1521 2310
1521 2317
1504 2317
1504 2304
1518 2304
1518 2308
1716 2308
1716 2313
1688 2313
1688 2318
1705 2318
1705 2325
1794 2325
1794 2306
1766 2306
1766 2303
1484 2303
1484 2296
1513 2296
1513 2285
1577 2285
1577 2276
1609 2276
1609 2222
1621 2222
1621 2279
1784 2279
1784 2278
1953 2278
1953 2269
2043 2269
2043 2287
2013 2287
2013 2299
2040 2299
2040 2294
2014 2294
2014 2291
2131 2291
2131 2292
2115 2292
2115 2293
2146 2293
2146 2316
2150 2316
2150 2297
2158 2297
2158 2289
2153 2289
2153 2283
2112 2283
2112 2277
2096 2277
2096 2288
2138 2288
2138 2290
2045 2290
2045 2270
2094 2270
2094 2267
1902 2267
1902 2273
1845 2273
1845 2268
1725 2268
1725 2263
1803 2263
1803 2266
1901 2266
1901 2260
1778 2260
1778 2261
1624 2261
1624 2219
1660 2219
1660 2229
1678 2229
1678 2206
1687 2206
1687 2190
1407 2190
1407 2186
1712 2186
1712 2234
1741 2234
1741 2243
1779 2243
1779 2227
1721 2227
1721 2207
1860 2207
1860 2225
1872 2225
1872 2245
1799 2245
1799 2255
1806 2255
1806 2249
1858 2249
1858 2257
1971 2257
1971 2248
2152 2248
2152 2241
2161 2241
2161 2236
2206 2236
2206 2235
2159 2235
2159 2231
2255 2231
2255 2240
2281 2240
2281 2250
2260 2250
2260 2320
2264 2320
2264 2262
2285 2262
2285 2284
2272 2284
2272 2302
2300 2302
2300 2319
2331 2319
2331 2315
2423 2315
2423 2311
2371 2311
2371 2309
2486 2309
2486 2322
2487 2322
2487 2326
2497 2326
2497 2140
2500 2140
2500 2123
2498 2123
2498 2071
2494 2071
2494 2254
2491 2254
2491 1977
2499 1977
2499 1968
2492 1968
2492 1926
2489 1926
2489 1878
2493 1878
2493 1884
2495 1884
2495 1911
2496 1911
2496 1870
2485 1870
2485 1902
2483 1902
2483 1917
2436 1917
2436 1908
2452 1908
2452 1901
2482 1901
2482 1877
2449 1877
2449 1808
2484 1808
2484 1787
2413 1787
2413 1780
2469 1780
2469 1779
2398 1779
2398 1763
2384 1763
2384 1757
2355 1757
2355 1777
2376 1777
2376 1802
2367 1802
2367 1810
2419 1810
2419 1880
2441 1880
2441 1882
2476 1882
2476 1893
2430 1893
2430 1898
2414 1898
2414 1904
2401 1904
2401 1894
2411 1894
2411 1827
2382 1827
2382 1825
2380 1825
2380 1830
2409 1830
2409 1883
2407 1883
2407 1839
2400 1839
2400 1887
2395 1887
2395 1900
2328 1900
2328 1906
2247 1906
2247 1916
2275 1916
2275 1948
2278 1948
2278 1995
2347 1995
2347 1990
2433 1990
2433 2025
2417 2025
2417 2038
2179 2038
2179 2033
2145 2033
2145 2004
2069 2004
2069 1982
2049 1982
2049 2010
2095 2010
2095 2014
2127 2014
2127 2016
2060 2016
2060 2026
2055 2026
2055 2030
2047 2030
2047 1845
2051 1845
2051 1966
2057 1966
2057 1843
2044 1843
2044 2003
2042 2003
2042 1823
2058 1823
2058 1957
2244 1957
2244 1937
2243 1937
2243 1943
2215 1943
2215 1953
2099 1953
2099 1920
2093 1920
2093 1949
2078 1949
2078 1954
2200 1954
2200 1956
2061 1956
2061 1841
2082 1841
2082 1851
2148 1851
2148 1815
2064 1815
2064 1814
1945 1814
1945 1818
1724 1818
1724 1807
1707 1807
1707 1747
1639 1747
1639 1741
1753 1741
1753 1754
1746 1754
1746 1767
1729 1767
1729 1778
1808 1778
1808 1789
1966 1789
1966 1786
1967 1786
1967 1755
1887 1755
1887 1764
1875 1764
1875 1753
1825 1753
1825 1750
1823 1750
1823 1776
1747 1776
1747 1771
1754 1771
1754 1725
1759 1725
1759 1723
1726 1723
1726 1733
1715 1733
1715 1739
1622 1739
1622 1728
1643 1728
1643 1731
1671 1731
1671 1714
1702 1714
1702 1712
1673 1712
1673 1677
1883 1677
1883 1675
1934 1675
1934 1664
1916 1664
1916 1674
1835 1674
1835 1670
1649 1670
1649 1720
1591 1720
1591 1744
1613 1744
1613 1935
1616 1935
1616 2005
1560 2005
1560 2023
1522 2023
1522 2017
1477 2017
1477 1940
1487 1940
1487 1944
1478 1944
1478 2001
1502 2001
1502 1951
1490 1951
1490 1939
1451 1939
1451 1910
1506 1910
1506 1936
1512 1936
1512 1980
1520 1980
1520 1861
1534 1861
1534 1834
1511 1834
1511 1801
1516 1801
1516 1769
1555 1769
1555 1745
1542 1745
1542 1626
1554 1626
1554 1624
1587 1624
1587 1621
1494 1621
1494 1640
1536 1640
1536 1641
1539 1641
1539 1743
1497 1743
1497 1773
1510 1773
1510 1871
1500 1871
1500 1879
1488 1879
1488 1863
1480 1863
1480 1905
1447 1905
1447 1891
1439 1891
1439 1620
1438 1620
1438 2091
1413 2091
1413 2081
1343 2081
1343 2078
1244 2078
1244 2082
1168 2082
1168 2077
1126 2077
1126 2097
1112 2097
1112 2106
1100 2106
1100 2120
1093 2120
1093 2098
1087 2098
1087 2113
1050 2113
1050 2105
1016 2105
1016 2104
973 2104
973 2090
969 2090
969 2100
932 2100
932 2099
962 2099
962 2096
912 2096
912 2080
915 2080
915 2079
910 2079
910 2051
896 2051
896 1984
906 1984
906 1975
843 1975
843 1969
840 1969
840 1899
831 1899
831 1892
826 1892
826 1873
861 1873
861 1896
853 1896
853 1941
852 1941
852 1945
867 1945
867 1962
900 1962
900 1967
908 1967
908 1952
902 1952
902 1950
880 1950
880 1928
878 1928
878 1909
868 1909
868 1872
891 1872
891 1903
921 1903
921 1874
929 1874
929 1881
937 1881
937 1927
926 1927
926 1930
979 1930
979 1924
993 1924
993 1963
1051 1963
1051 1970
956 1970
956 1996
936 1996
936 2021
920 2021
920 2018
930 2018
930 1985
919 1985
919 2060
941 2060
941 2011
958 2011
958 1974
995 1974
995 2015
1006 2015
1006 1997
1074 1997
1074 1993
1075 1993
1075 1721
1065 1721
1065 1650
1067 1650
1067 1679
1072 1679
1072 1643
1060 1643
1060 1709
1052 1709
1052 1708
1047 1708
1047 1715
1029 1715
1029 1800
1028 1800
1028 1696
1026 1696
1026 1765
1017 1765
1017 1811
1005 1811
1005 1583
1008 1583
1008 1548
1020 1548
1020 1511
1021 1511
1021 1668
1031 1668
1031 1600
1034 1600
1034 1400
1035 1400
1035 1502
1056 1502
1056 1547
1058 1547
1058 1498
1048 1498
1048 1470
1038 1470
1038 1414
1040 1414
1040 1389
1044 1389
1044 1398
1108 1398
1108 1504
1105 1504
1105 1533
1152 1533
1152 1541
1159 1541
1159 1544
1121 1544
1121 1573
1151 1573
1151 1557
1190 1557
1190 1575
1220 1575
1220 1556
1297 1556
1297 1545
1202 1545
1202 1534
1163 1534
1163 1525
1199 1525
1199 1531
1289 1531
1289 1528
1312 1528
1312 1527
1277 1527
1277 1520
1325 1520
1325 1526
1348 1526
1348 1537
