708
256 176
256 191
251 191
251 215
272 215
272 264
271 264
271 254
246 254
246 159
230 159
230 174
208 174
208 180
192 180
192 84
201 84
201 68
240 68
240 66
189 66
189 62
178 62
178 78
149 78
149 86
28 86
28 101
14 101
14 102
1 102
1 169
6 169
6 103
16 103
16 106
7 106
7 112
32 112
32 113
68 113
68 122
101 122
101 126
13 126
13 129
139 129
139 135
76 135
76 138
93 138
93 140
41 140
41 133
48 133
48 131
71 131
71 130
15 130
15 259
18 259
18 261
21 261
21 195
22 195
22 185
17 185
17 132
38 132
38 137
23 137
23 145
25 145
25 217
29 217
29 211
33 211
33 156
34 156
34 165
42 165
42 162
83 162
83 161
62 161
62 149
27 149
27 147
80 147
80 148
81 148
81 141
118 141
118 181
55 181
55 189
35 189
35 190
49 190
49 233
52 233
52 226
65 226
65 183
124 183
124 154
146 154
146 198
137 198
137 204
132 204
132 203
126 203
126 199
100 199
100 200
102 200
102 205
105 205
105 207
103 207
103 210
111 210
111 232
109 232
109 270
129 270
129 317
119 317
119 321
127 321
127 389
116 389
116 362
117 362
117 348
115 348
115 350
63 350
63 344
61 344
61 329
75 329
75 338
66 338
66 342
99 342
99 286
98 286
98 283
19 283
19 281
10 281
10 330
9 330
9 302
8 302
8 279
3 279
3 402
4 402
4 366
5 366
5 405
12 405
12 310
11 310
11 287
92 287
92 333
87 333
87 319
67 319
67 316
82 316
82 309
60 309
60 372
43 372
43 353
45 353
45 340
59 340
59 339
53 339
53 328
39 328
39 369
37 369
37 384
40 384
40 406
26 406
26 422
24 422
24 481
30 481
30 475
47 475
47 480
44 480
44 498
20 498
20 499
79 499
79 490
94 490
94 473
85 473
85 486
58 486
58 495
56 495
56 489
50 489
50 470
31 470
31 408
72 408
72 395
73 395
73 410
77 410
77 425
90 425
90 418
78 418
78 381
74 381
74 354
95 354
95 378
110 378
110 387
112 387
112 409
121 409
121 403
135 403
135 412
108 412
108 478
130 478
130 453
123 453
123 458
113 458
113 415
125 415
125 439
120 439
120 441
145 441
145 460
154 460
154 472
167 472
167 474
138 474
138 491
141 491
141 494
143 494
143 500
151 500
151 497
181 497
181 493
179 493
179 440
176 440
176 379
175 379
175 404
174 404
174 492
172 492
172 311
173 311
173 267
171 267
171 488
166 488
166 496
165 496
165 476
170 476
170 455
169 455
169 436
168 436
168 431
163 431
163 437
162 437
162 196
161 196
161 451
164 451
164 467
159 467
159 447
150 447
150 423
157 423
157 282
156 282
156 416
140 416
140 359
148 359
148 313
153 313
153 258
158 258
158 257
160 257
160 255
142 255
142 303
144 303
144 335
131 335
131 228
128 228
128 253
114 253
114 220
134 220
134 214
122 214
122 209
155 209
155 146
147 146
147 125
133 125
133 127
104 127
104 117
70 117
70 116
86 116
86 115
69 115
69 111
46 111
46 108
51 108
51 93
64 93
64 90
54 90
54 91
36 91
36 87
152 87
152 88
182 88
182 74
180 74
180 67
185 67
185 63
187 63
187 72
200 72
200 82
184 82
184 124
190 124
190 248
194 248
194 385
203 385
203 417
186 417
186 420
205 420
205 427
239 427
239 419
226 419
226 424
217 424
217 426
214 426
214 373
202 373
202 375
195 375
195 250
196 250
196 312
209 312
209 334
211 334
211 280
220 280
220 290
224 290
224 251
222 251
222 242
219 242
219 260
216 260
216 274
204 274
204 241
225 241
225 240
218 240
218 219
210 219
210 222
197 222
197 213
206 213
206 202
198 202
198 201
221 201
221 184
232 184
232 197
235 197
235 177
233 177
233 166
242 166
242 208
244 208
244 247
231 247
231 285
237 285
237 276
238 276
238 265
252 265
252 288
265 288
265 266
269 266
269 295
263 295
263 360
258 360
258 368
257 368
257 485
261 485
261 421
270 421
270 382
260 382
260 374
267 374
267 351
268 351
268 356
274 356
274 298
277 298
277 292
275 292
275 212
259 212
259 206
255 206
255 194
273 194
273 193
278 193
278 182
262 182
262 178
280 178
280 186
298 186
298 128
303 128
303 273
301 273
301 301
299 301
299 268
295 268
295 326
305 326
305 332
297 332
297 383
315 383
315 391
351 391
351 394
348 394
348 392
343 392
343 396
336 396
336 397
316 397
316 393
294 393
294 398
285 398
285 399
366 399
366 388
364 388
364 390
332 390
332 361
363 361
363 370
399 370
399 407
328 407
328 401
355 401
355 400
309 400
309 413
310 413
310 411
388 411
388 433
386 433
386 444
378 444
378 438
374 438
374 449
389 449
389 428
392 428
392 443
394 443
394 414
395 414
395 462
349 462
349 459
314 459
314 466
372 466
372 468
384 468
384 465
361 465
361 464
397 464
397 457
418 457
418 456
465 456
465 454
455 454
455 452
424 452
424 446
461 446
461 445
419 445
419 450
401 450
401 448
400 448
400 386
403 386
403 367
382 367
382 358
318 358
318 352
319 352
319 349
481 349
481 365
490 365
490 346
426 346
426 345
437 345
437 331
438 331
438 325
458 325
458 341
477 341
477 277
467 277
467 275
456 275
456 269
379 269
379 271
353 271
353 263
342 263
342 262
360 262
360 256
358 256
358 244
404 244
404 246
410 246
410 245
494 245
494 239
478 239
478 236
471 236
471 229
464 229
464 234
462 234
462 235
451 235
451 238
460 238
460 243
335 243
335 230
330 230
330 231
333 231
333 272
443 272
443 278
407 278
407 284
473 284
473 296
468 296
468 289
368 289
368 291
324 291
324 293
422 293
422 294
433 294
433 299
457 299
457 300
470 300
470 304
475 304
475 305
447 305
447 315
439 315
439 318
476 318
476 323
431 323
431 322
415 322
415 320
414 320
414 308
406 308
406 306
390 306
390 314
402 314
402 336
370 336
370 307
357 307
357 327
338 327
338 337
396 337
396 347
317 347
317 363
327 363
327 376
322 376
322 377
320 377
320 380
311 380
311 371
313 371
313 343
306 343
306 324
302 324
302 297
308 297
308 249
307 249
307 218
312 218
312 142
304 142
304 100
296 100
296 163
293 163
293 176
