288
1 102
1 169
6 169
6 103
16 103
16 106
7 106
7 112
32 112
32 113
68 113
68 122
101 122
101 126
13 126
13 129
139 129
139 135
76 135
76 138
93 138
93 140
41 140
41 133
48 133
48 131
71 131
71 130
15 130
15 259
18 259
18 261
21 261
21 195
22 195
22 185
17 185
17 132
38 132
38 137
23 137
23 145
25 145
25 217
29 217
29 211
33 211
33 156
34 156
34 165
42 165
42 162
83 162
83 161
62 161
62 149
27 149
27 147
80 147
80 148
81 148
81 141
118 141
118 181
55 181
55 189
35 189
35 190
49 190
49 233
52 233
52 226
65 226
65 183
124 183
124 154
146 154
146 198
137 198
137 204
132 204
132 203
126 203
126 199
100 199
100 200
102 200
102 205
105 205
105 207
103 207
103 210
111 210
111 232
109 232
109 270
129 270
129 317
119 317
119 321
127 321
127 389
116 389
116 362
117 362
117 348
115 348
115 350
63 350
63 344
61 344
61 329
75 329
75 338
66 338
66 342
99 342
99 286
98 286
98 283
19 283
19 281
10 281
10 330
9 330
9 302
8 302
8 279
3 279
3 402
4 402
4 366
5 366
5 405
12 405
12 310
11 310
11 287
92 287
92 333
87 333
87 319
67 319
67 316
82 316
82 309
60 309
60 372
43 372
43 353
45 353
45 340
59 340
59 339
53 339
53 328
39 328
39 369
37 369
37 384
40 384
40 406
26 406
26 422
24 422
24 481
30 481
30 475
47 475
47 480
44 480
44 498
20 498
20 499
79 499
79 490
94 490
94 473
85 473
85 486
58 486
58 495
56 495
56 489
50 489
50 470
31 470
31 408
72 408
72 395
73 395
73 410
77 410
77 425
90 425
90 418
78 418
78 381
74 381
74 354
95 354
95 378
110 378
110 387
112 387
112 409
121 409
121 403
135 403
135 412
108 412
108 478
130 478
130 453
123 453
123 458
113 458
113 415
125 415
125 439
120 439
120 441
145 441
145 460
154 460
154 472
167 472
167 474
138 474
138 491
141 491
141 494
143 494
143 500
151 500
151 497
181 497
181 493
179 493
179 440
176 440
176 379
175 379
175 404
174 404
174 492
172 492
172 488
166 488
166 496
165 496
165 476
170 476
170 467
159 467
159 447
150 447
150 423
157 423
157 416
140 416
140 359
148 359
148 335
131 335
131 253
114 253
114 220
134 220
134 214
122 214
122 209
155 209
155 146
147 146
147 127
104 127
104 117
70 117
70 116
86 116
86 115
69 115
69 111
46 111
46 108
51 108
51 102
