292
59 1
59 4
53 4
53 15
46 15
46 9
42 9
42 11
40 11
40 8
23 8
23 12
37 12
37 14
34 14
34 21
54 21
54 20
89 20
89 19
106 19
106 22
9 22
9 108
14 108
14 122
8 122
8 112
4 112
4 81
3 81
3 77
1 77
1 146
5 146
5 149
18 149
18 150
26 150
26 135
28 135
28 89
25 89
25 86
22 86
22 76
32 76
32 93
30 93
30 102
36 102
36 98
39 98
39 92
35 92
35 91
33 91
33 70
74 70
74 95
72 95
72 104
68 104
68 113
67 113
67 121
57 121
57 124
49 124
49 129
143 129
143 133
140 133
140 132
123 132
123 130
43 130
43 143
65 143
65 141
87 141
87 139
60 139
60 134
77 134
77 138
102 138
102 131
107 131
107 140
124 140
124 142
146 142
146 136
150 136
150 111
149 111
149 126
148 126
148 128
70 128
70 119
71 119
71 114
69 114
69 110
92 110
92 107
94 107
94 103
98 103
98 118
118 118
118 125
109 125
109 127
135 127
135 120
138 120
138 117
122 117
122 116
116 116
116 115
99 115
99 96
101 96
101 109
139 109
139 106
144 106
144 105
141 105
141 94
134 94
134 90
137 90
137 88
119 88
119 87
132 87
132 75
130 75
130 72
121 72
121 69
117 69
117 74
115 74
115 80
129 80
129 82
113 82
113 52
112 52
112 60
111 60
111 84
110 84
110 99
120 99
120 101
108 101
108 100
103 100
103 83
100 83
100 85
86 85
86 97
75 97
75 59
78 59
78 57
84 57
84 62
85 62
85 58
93 58
93 73
96 73
96 54
95 54
95 55
64 55
64 56
66 56
66 68
24 68
24 67
62 67
62 61
52 61
52 64
55 64
55 65
50 65
50 63
27 63
27 66
20 66
20 79
21 79
21 137
19 137
19 147
17 147
17 148
11 148
11 145
13 145
13 144
7 144
7 123
16 123
16 78
10 78
10 27
15 27
15 25
29 25
29 26
31 26
31 31
41 31
41 28
44 28
44 45
45 45
45 30
48 30
48 51
83 51
83 49
88 49
88 47
82 47
82 43
90 43
90 40
91 40
91 38
104 38
104 34
105 34
105 44
131 44
131 42
142 42
142 41
128 41
128 32
125 32
125 33
56 33
56 35
76 35
76 36
97 36
97 37
79 37
79 46
80 46
80 48
73 48
73 50
61 50
61 39
51 39
51 29
47 29
47 24
38 24
38 23
133 23
133 10
127 10
127 7
136 7
136 6
145 6
145 3
126 3
126 17
114 17
114 18
81 18
81 16
58 16
58 5
63 5
63 1
