218
85 30
85 25
39 25
39 24
22 24
22 10
1 10
1 19
3 19
3 13
18 13
18 17
4 17
4 28
37 28
37 34
41 34
41 33
59 33
59 31
43 31
43 27
15 27
15 26
76 26
76 49
75 49
75 44
47 44
47 42
29 42
29 48
67 48
67 66
62 66
62 68
68 68
68 81
53 81
53 83
51 83
51 85
42 85
42 93
35 93
35 170
49 170
49 172
54 172
54 191
50 191
50 181
34 181
34 183
23 183
23 248
11 248
11 212
12 212
12 110
14 110
14 182
17 182
17 132
30 132
30 127
28 127
28 120
26 120
26 117
27 117
27 112
31 112
31 86
24 86
24 102
16 102
16 77
20 77
20 75
5 75
5 78
6 78
6 106
9 106
9 133
7 133
7 163
8 163
8 250
57 250
57 245
99 245
99 246
112 246
112 249
122 249
122 247
164 247
164 244
190 244
190 224
232 224
232 213
234 213
234 218
244 218
244 233
236 233
236 234
247 234
247 210
231 210
231 222
199 222
199 221
213 221
213 216
192 216
192 215
184 215
184 223
185 223
185 243
36 243
36 242
78 242
78 241
139 241
139 240
32 240
32 239
45 239
45 220
52 220
52 228
55 228
55 231
66 231
66 230
81 230
81 238
124 238
124 237
163 237
163 227
160 227
160 214
138 214
138 188
219 188
219 186
230 186
230 187
243 187
243 180
221 180
221 184
186 184
186 185
129 185
129 189
127 189
127 201
114 201
114 209
137 209
137 219
156 219
156 225
158 225
158 232
151 232
151 236
90 236
90 229
103 229
103 226
61 226
61 217
33 217
33 235
25 235
25 193
56 193
56 178
58 178
58 174
70 174
70 171
64 171
64 167
63 167
63 165
40 165
40 161
65 161
65 160
38 160
38 154
48 154
48 111
46 111
46 103
71 103
71 46
44 46
44 45
72 45
72 56
92 56
92 47
84 47
84 37
89 37
89 35
102 35
102 30
