2158
2352 1699
2352 1693
2294 1693
2294 1883
2291 1883
2291 1784
2282 1784
2282 1902
2284 1902
2284 1987
2083 1987
2083 1986
2171 1986
2171 1973
2173 1973
2173 1972
2121 1972
2121 1963
2069 1963
2069 1970
2089 1970
2089 1981
2090 1981
2090 1985
1953 1985
1953 1971
1826 1971
1826 1969
1916 1969
1916 1968
1829 1968
1829 1935
2029 1935
2029 1943
2072 1943
2072 1949
2087 1949
2087 1941
2107 1941
2107 1939
2217 1939
2217 1929
2149 1929
2149 1918
2227 1918
2227 1916
2142 1916
2142 1920
2080 1920
2080 1911
2064 1911
2064 1912
2066 1912
2066 1913
2004 1913
2004 1933
1973 1933
1973 1926
1919 1926
1919 1928
1832 1928
1832 1925
1820 1925
1820 1955
1814 1955
1814 1982
1810 1982
1810 1989
1848 1989
1848 1975
1853 1975
1853 1992
2293 1992
2293 2002
2262 2002
2262 1997
2160 1997
2160 1995
1792 1995
1792 2019
1793 2019
1793 2076
1927 2076
1927 2097
1917 2097
1917 2121
1852 2121
1852 2120
1861 2120
1861 2109
1812 2109
1812 2124
1813 2124
1813 2139
1900 2139
1900 2129
1928 2129
1928 2146
1930 2146
1930 2118
1932 2118
1932 2200
1855 2200
1855 2196
1922 2196
1922 2195
1858 2195
1858 2193
1827 2193
1827 2208
1830 2208
1830 2229
1886 2229
1886 2213
1918 2213
1918 2206
1846 2206
1846 2201
1933 2201
1933 2225
2053 2225
2053 2215
2041 2215
2041 2105
2097 2105
2097 2232
2032 2232
2032 2256
2075 2256
2075 2249
2086 2249
2086 2250
2091 2250
2091 2260
2287 2260
2287 2286
2253 2286
2253 2288
2235 2288
2235 2289
2136 2289
2136 2290
2128 2290
2128 2280
2100 2280
2100 2268
2078 2268
2078 2282
2112 2282
2112 2305
2200 2305
2200 2307
1727 2307
1727 2244
1731 2244
1731 2243
1711 2243
1711 1810
1717 1810
1717 1770
1705 1770
1705 1768
1710 1768
1710 1659
1702 1659
1702 1634
1700 1634
1700 1277
1701 1277
1701 1216
1696 1216
1696 1061
1557 1061
1557 1113
1554 1113
1554 1122
1564 1122
1564 1208
1563 1208
1563 1220
1547 1220
1547 1217
1533 1217
1533 1160
1499 1160
1499 1210
1504 1210
1504 1234
1484 1234
1484 1289
1488 1289
1488 1318
1510 1318
1510 1420
1431 1420
1431 1442
1434 1442
1434 1523
1416 1523
1416 1524
1410 1524
1410 1717
1426 1717
1426 1731
1418 1731
1418 1739
1393 1739
1393 1754
1363 1754
1363 1761
1378 1761
1378 1789
1374 1789
1374 1790
1296 1790
1296 1795
1379 1795
1379 1809
1318 1809
1318 1814
1293 1814
1293 1443
1287 1443
1287 1879
1286 1879
1286 1048
1387 1048
1387 1046
1359 1046
1359 813
1361 813
1361 685
1555 685
1555 684
1535 684
1535 683
1561 683
1561 678
1553 678
1553 676
1487 676
1487 663
1562 663
1562 661
1485 661
1485 552
1491 552
1491 510
1506 510
1506 529
1519 529
1519 531
1552 531
1552 520
1538 520
1538 519
1568 519
1568 540
1574 540
1574 597
1556 597
1556 609
1559 609
1559 611
1579 611
1579 622
1580 622
1580 755
1581 755
1581 548
1582 548
1582 798
1577 798
1577 869
1619 869
1619 864
1620 864
1620 843
1613 843
1613 817
1608 817
1608 583
1603 583
1603 532
1604 532
1604 446
1607 446
1607 386
1472 386
1472 388
1469 388
1469 377
1114 377
1114 533
1119 533
1119 571
1106 571
1106 770
1091 770
1091 800
1087 800
1087 1006
1099 1006
1099 964
1125 964
1125 942
1123 942
1123 912
1126 912
1126 922
1211 922
1211 943
1239 943
1239 1016
1221 1016
1221 1081
1223 1081
1223 1100
1216 1100
1216 1294
1220 1294
1220 1125
1222 1125
1222 1176
1226 1176
1226 1625
1227 1625
1227 1861
1217 1861
1217 1812
1208 1812
1208 1654
1181 1654
1181 1945
1191 1945
1191 2052
1193 2052
1193 2152
1147 2152
1147 2115
1139 2115
1139 2103
1187 2103
1187 2085
1186 2085
1186 2047
1188 2047
1188 1984
1180 1984
1180 2038
1175 2038
1175 1983
1173 1983
1173 2035
1172 2035
1172 1720
1168 1720
1168 1700
1166 1700
1166 1685
1167 1685
1167 1463
1160 1463
1160 1393
1145 1393
1145 1454
1157 1454
1157 1577
1154 1577
1154 1679
1153 1679
1153 1515
1152 1515
1152 1850
1158 1850
1158 1747
1159 1747
1159 2021
1163 2021
1163 1706
1164 1706
1164 1855
1171 1855
1171 2082
1170 2082
1170 2086
1156 2086
1156 2066
1128 2066
1128 2093
1148 2093
1148 2098
1149 2098
1149 2099
1135 2099
1135 2108
1133 2108
1133 2100
1129 2100
1129 2175
1165 2175
1165 2176
1174 2176
1174 2168
1179 2168
1179 2185
1134 2185
1134 2380
1130 2380
1130 2438
1131 2438
1131 2434
1132 2434
1132 2474
1048 2474
1048 2469
1047 2469
1047 2463
928 2463
928 2167
930 2167
930 1946
931 1946
931 1894
921 1894
921 1865
879 1865
879 1842
905 1842
905 1799
888 1799
888 1749
890 1749
890 1647
892 1647
892 1612
896 1612
896 1581
912 1581
912 1470
886 1470
886 1391
891 1391
891 1136
902 1136
902 996
901 996
901 775
868 775
868 788
853 788
853 841
856 841
856 975
857 975
857 1098
854 1098
854 1331
824 1331
824 1287
839 1287
839 1265
847 1265
847 1256
828 1256
828 1162
785 1162
785 1178
766 1178
766 1273
758 1273
758 1841
760 1841
760 1877
776 1877
776 1914
778 1914
778 2007
781 2007
781 2025
796 2025
796 2255
793 2255
793 2258
712 2258
712 2264
627 2264
627 2329
626 2329
626 2179
665 2179
665 1448
663 1448
663 1295
678 1295
678 1279
672 1279
672 1082
731 1082
731 1080
727 1080
727 1036
658 1036
658 1020
605 1020
605 1069
602 1069
602 1120
598 1120
598 1489
599 1489
599 1545
596 1545
596 1542
595 1542
595 1229
594 1229
594 1027
568 1027
568 1336
560 1336
560 1284
549 1284
549 1468
547 1468
547 2237
545 2237
545 2207
546 2207
546 2142
538 2142
538 1893
537 1893
537 1484
533 1484
533 2143
497 2143
497 2090
498 2090
498 1959
494 1959
494 1787
508 1787
508 1501
481 1501
481 1275
437 1275
437 1419
409 1419
409 1651
338 1651
338 1556
341 1556
341 1530
357 1530
357 1520
406 1520
406 1513
311 1513
311 1481
360 1481
360 1421
364 1421
364 1486
376 1486
376 1397
379 1397
379 1254
380 1254
380 1214
395 1214
395 944
402 944
402 870
400 870
400 850
396 850
396 640
347 640
347 691
348 691
348 764
303 764
303 786
154 786
154 783
26 783
26 772
27 772
27 704
29 704
29 699
218 699
218 660
223 660
223 658
235 658
235 652
232 652
232 642
199 642
199 619
207 619
207 615
64 615
64 608
194 608
194 607
56 607
56 585
58 585
58 579
156 579
156 577
107 577
107 576
33 576
33 569
10 569
10 555
1 555
1 590
40 590
40 616
146 616
146 617
195 617
195 634
168 634
168 628
166 628
166 635
157 635
157 645
181 645
181 643
200 643
200 649
187 649
187 681
184 681
184 650
180 650
180 698
138 698
138 692
100 692
100 697
28 697
28 675
3 675
3 753
12 753
12 790
186 790
186 787
350 787
350 672
392 672
392 845
374 845
374 955
383 955
383 997
393 997
393 1058
389 1058
389 1075
385 1075
385 1063
371 1063
371 1089
369 1089
369 1134
390 1134
390 1190
365 1190
365 1272
372 1272
372 1274
375 1274
375 1440
373 1440
373 1407
340 1407
340 1480
301 1480
301 1497
300 1497
300 1543
320 1543
320 1517
337 1517
337 1646
212 1646
212 1604
206 1604
206 1569
210 1569
210 1565
220 1565
220 1591
226 1591
226 1586
243 1586
243 1592
256 1592
256 1578
233 1578
233 1550
253 1550
253 1574
276 1574
276 1548
217 1548
217 1516
209 1516
209 1428
208 1428
208 1500
197 1500
197 1458
171 1458
171 1461
178 1461
178 1505
140 1505
140 1532
128 1532
128 1617
130 1617
130 1690
82 1690
82 1508
87 1508
87 1105
75 1105
75 949
74 949
74 999
71 999
71 1206
78 1206
78 1271
80 1271
80 1153
83 1153
83 1137
85 1137
85 1313
84 1313
84 1333
73 1333
73 1439
77 1439
77 1568
72 1568
72 1666
67 1666
67 1320
68 1320
68 1094
62 1094
62 1106
61 1106
61 1207
60 1207
60 1163
59 1163
59 1449
66 1449
66 1635
63 1635
63 1680
81 1680
81 1692
131 1692
131 1727
98 1727
98 1742
48 1742
48 1743
70 1743
70 1744
79 1744
79 1748
111 1748
111 1793
86 1793
86 1801
51 1801
51 1803
44 1803
44 1764
54 1764
54 1772
55 1772
55 1751
45 1751
45 1752
20 1752
20 1750
5 1750
5 1988
6 1988
6 2068
8 2068
8 1942
7 1942
7 1830
13 1830
13 1819
16 1819
16 2240
14 2240
14 2316
18 2316
18 2414
24 2414
24 2375
31 2375
31 2404
39 2404
39 2419
25 2419
25 2433
47 2433
47 2408
53 2408
53 2359
42 2359
42 2370
30 2370
30 2352
69 2352
69 2362
101 2362
101 2343
90 2343
90 2334
183 2334
183 2335
139 2335
139 2340
124 2340
124 2341
136 2341
136 2349
188 2349
188 2336
192 2336
192 2350
244 2350
244 2328
255 2328
255 2327
279 2327
279 2338
288 2338
288 2429
307 2429
307 2315
221 2315
221 2323
117 2323
117 2331
38 2331
38 2297
106 2297
106 2301
145 2301
145 2287
108 2287
108 2271
102 2271
102 2283
34 2283
34 2347
19 2347
19 1961
21 1961
21 2148
22 2148
22 1884
17 1884
17 1786
11 1786
11 1792
9 1792
9 1766
43 1766
43 1825
49 1825
49 1828
52 1828
52 1804
65 1804
65 1822
92 1822
92 1871
96 1871
96 1844
99 1844
99 1800
122 1800
122 1794
116 1794
116 1791
119 1791
119 1778
132 1778
132 1540
134 1540
134 1561
167 1561
167 1624
147 1624
147 1626
170 1626
170 1620
176 1620
176 1601
179 1601
179 1559
148 1559
148 1525
175 1525
175 1506
204 1506
204 1512
196 1512
196 1655
202 1655
202 1622
201 1622
201 1563
203 1563
203 1653
410 1653
410 1661
378 1661
378 1660
370 1660
370 1683
354 1683
354 1668
295 1668
295 1697
321 1697
321 1705
322 1705
322 1675
346 1675
346 1698
377 1698
377 1707
412 1707
412 1708
310 1708
310 1738
328 1738
328 1746
399 1746
399 1756
407 1756
407 1753
416 1753
416 1702
411 1702
411 1469
439 1469
439 1282
460 1282
460 1285
472 1285
472 1412
467 1412
467 1438
478 1438
478 1444
464 1444
464 1464
475 1464
475 1499
458 1499
458 1521
470 1521
470 1544
466 1544
466 1528
453 1528
453 1495
452 1495
452 1533
448 1533
448 1365
447 1365
447 1537
459 1537
459 1557
476 1557
476 1507
480 1507
480 1546
492 1546
492 1573
468 1573
468 1640
486 1640
486 1650
504 1650
504 1780
493 1780
493 1796
477 1796
477 1807
491 1807
491 1857
490 1857
490 1889
489 1889
489 2160
495 2160
495 2157
534 2157
534 1681
535 1681
535 2172
509 2172
509 2199
510 2199
510 2173
540 2173
540 2278
552 2278
552 2241
548 2241
548 2039
564 2039
564 2044
553 2044
553 2144
562 2144
562 2321
565 2321
565 2156
566 2156
566 2348
567 2348
567 2111
569 2111
569 2330
572 2330
572 2057
579 2057
579 2084
580 2084
580 2242
584 2242
584 2178
607 2178
607 2169
585 2169
585 2106
583 2106
583 2061
591 2061
591 2078
597 2078
597 2026
577 2026
577 2005
573 2005
573 2018
550 2018
550 1389
551 1389
551 1297
554 1297
554 1319
555 1319
555 1430
556 1430
556 1775
581 1775
581 1629
576 1629
576 1558
574 1558
574 1630
571 1630
571 1636
575 1636
575 1763
557 1763
557 1436
558 1436
558 1360
563 1360
563 1364
570 1364
570 1055
582 1055
582 1051
588 1051
588 1043
593 1043
593 1369
592 1369
592 1453
590 1453
590 1701
611 1701
611 1672
601 1672
601 1373
600 1373
600 1127
603 1127
603 1184
609 1184
609 1144
608 1144
608 1045
606 1045
606 1041
613 1041
613 1028
644 1028
644 1031
648 1031
648 1088
654 1088
654 1040
685 1040
685 1078
668 1078
668 1240
664 1240
664 1090
656 1090
656 1141
655 1141
655 2112
659 2112
659 1866
660 1866
660 1663
657 1663
657 1324
661 1324
661 2140
636 2140
636 2048
618 2048
618 2064
620 2064
620 2070
635 2070
635 2119
621 2119
621 2342
617 2342
617 2346
623 2346
623 2333
638 2333
638 2275
662 2275
662 2306
639 2306
639 2325
714 2325
714 2313
669 2313
669 2269
717 2269
717 2284
718 2284
718 2285
730 2285
730 2276
753 2276
753 2270
817 2270
817 2239
800 2239
800 2220
799 2220
799 1895
788 1895
788 1862
768 1862
768 1854
804 1854
804 1849
762 1849
762 1637
759 1637
759 1312
767 1312
767 1205
769 1205
769 1225
772 1225
772 1186
797 1186
797 1325
775 1325
775 1321
774 1321
774 1343
771 1343
771 1378
782 1378
782 1377
780 1377
780 1330
783 1330
783 1416
773 1416
773 1553
787 1553
787 1588
820 1588
820 1722
833 1722
833 1736
846 1736
846 1678
823 1678
823 1582
807 1582
807 1567
798 1567
798 1536
806 1536
806 1529
809 1529
809 1432
802 1432
802 1488
789 1488
789 1339
795 1339
795 1429
812 1429
812 1390
841 1390
841 1387
810 1387
810 1385
814 1385
814 1350
801 1350
801 1230
803 1230
803 1198
813 1198
813 1174
816 1174
816 1341
819 1341
819 1361
855 1361
855 1262
858 1262
858 988
862 988
862 921
863 921
863 791
864 791
864 862
882 862
882 779
898 779
898 806
899 806
899 1107
897 1107
897 917
887 917
887 1290
885 1290
885 1466
881 1466
881 1296
874 1296
874 1267
875 1267
875 1084
873 1084
873 1072
871 1072
871 1245
866 1245
866 1493
878 1493
878 1509
906 1509
906 1552
895 1552
895 1609
870 1609
870 1584
865 1584
865 1670
889 1670
889 1714
884 1714
884 1817
880 1817
880 1831
872 1831
872 1724
869 1724
869 1781
867 1781
867 1896
883 1896
883 1927
904 1927
904 1962
915 1962
915 2345
914 2345
914 2369
913 2369
913 2444
917 2444
917 2203
916 2203
916 1907
894 1907
894 1908
893 1908
893 1901
924 1901
924 1898
925 1898
925 1900
929 1900
929 1905
926 1905
926 2447
918 2447
918 2452
927 2452
927 2453
923 2453
923 2477
920 2477
920 2487
934 2487
934 2491
933 2491
933 2498
937 2498
937 2500
939 2500
939 2499
938 2499
938 2497
935 2497
935 2494
936 2494
936 2480
945 2480
945 2483
947 2483
947 2492
954 2492
954 2467
950 2467
950 2466
1036 2466
1036 2468
955 2468
955 2470
986 2470
986 2473
1001 2473
1001 2479
1090 2479
1090 2482
1124 2482
1124 2475
1136 2475
1136 2481
1142 2481
1142 2476
1178 2476
1178 2450
1182 2450
1182 2449
1177 2449
1177 2462
1143 2462
1143 2460
1140 2460
1140 2464
1137 2464
1137 2445
1141 2445
1141 2344
1150 2344
1150 2360
1151 2360
1151 2252
1138 2252
1138 2209
1146 2209
1146 2212
1161 2212
1161 2191
1169 2191
1169 2310
1155 2310
1155 2337
1162 2337
1162 2356
1176 2356
1176 2187
1192 2187
1192 2251
1200 2251
1200 2226
1195 2226
1195 2138
1194 2138
1194 1922
1198 1922
1198 2089
1201 2089
1201 2041
1199 2041
1199 1932
1215 1932
1215 1936
1210 1936
1210 2013
1212 2013
1212 1954
1233 1954
1233 2027
1232 2027
1232 1965
1214 1965
1214 2071
1235 2071
1235 1919
1209 1919
1209 1910
1183 1910
1183 1684
1202 1684
1202 1665
1205 1665
1205 1719
1206 1719
1206 1864
1207 1864
1207 1878
1228 1878
1228 1097
1229 1097
1229 1338
1230 1338
1230 1062
1224 1062
1224 1023
1236 1023
1236 1019
1241 1019
1241 1011
1243 1011
1243 1132
1246 1132
1246 1115
1250 1115
1250 881
1248 881
1248 1010
1249 1010
1249 1096
1247 1096
1247 1004
1245 1004
1245 1071
1244 1071
1244 938
1213 938
1213 919
1144 919
1144 906
1113 906
1113 941
1098 941
1098 966
1096 966
1096 982
1094 982
1094 962
1095 962
1095 859
1112 859
1112 713
1109 713
1109 820
1102 820
1102 851
1093 851
1093 821
1092 821
1092 814
1107 814
1107 624
1121 624
1121 491
1117 491
1117 463
1120 463
1120 428
1118 428
1118 414
1116 414
1116 378
1251 378
1251 391
1282 391
1282 392
1481 392
1481 389
1492 389
1492 387
1602 387
1602 807
1597 807
1597 799
1592 799
1592 631
1588 631
1588 822
1593 822
1593 823
1596 823
1596 824
1611 824
1611 827
1598 827
1598 852
1601 852
1601 853
1599 853
1599 857
1610 857
1610 861
1605 861
1605 863
1591 863
1591 866
1584 866
1584 647
1586 647
1586 502
1483 502
1483 670
1424 670
1424 630
1468 630
1468 504
1467 504
1467 605
1450 605
1450 599
1392 599
1392 646
1385 646
1385 564
1307 564
1307 587
1302 587
1302 729
1311 729
1311 636
1322 636
1322 674
1313 674
1313 694
1325 694
1325 641
1344 641
1344 865
1281 865
1281 877
1277 877
1277 896
1303 896
1303 894
1295 894
1295 883
1320 883
1320 882
1321 882
1321 867
1345 867
1345 973
1342 973
1342 898
1336 898
1336 931
1330 931
1330 945
1341 945
1341 990
1337 990
1337 1005
1350 1005
1350 932
1348 932
1348 687
1346 687
1346 629
1333 629
1333 604
1326 604
1326 602
1332 602
1332 593
1312 593
1312 580
1381 580
1381 620
1370 620
1370 664
1360 664
1360 761
1358 761
1358 1047
1284 1047
1284 1547
1283 1547
1283 1607
1285 1607
1285 2102
1289 2102
1289 1596
1290 1596
1290 2214
1280 2214
1280 2279
1274 2279
1274 1980
1268 1980
1268 1931
1273 1931
1273 1133
1275 1133
1275 757
1272 757
1272 1560
1270 1560
1270 1729
1267 1729
1267 1446
1263 1446
1263 1226
1261 1226
1261 1554
1266 1554
1266 2004
1269 2004
1269 2174
1264 2174
1264 2031
1262 2031
1262 2104
1259 2104
1259 2368
1258 2368
1258 2395
1265 2395
1265 2412
1373 2412
1373 2416
1351 2416
1351 2426
1316 2426
1316 2451
1319 2451
1319 2439
1340 2439
1340 2478
1347 2478
1347 2489
1349 2489
1349 2431
1377 2431
1377 2495
1382 2495
1382 2484
1412 2484
1412 2471
1405 2471
1405 2410
1442 2410
1442 2409
1317 2409
1317 2372
1354 2372
1354 2407
1371 2407
1371 2402
1474 2402
1474 2442
1482 2442
1482 2415
1478 2415
1478 2400
1355 2400
1355 2382
1399 2382
1399 2393
1490 2393
1490 2377
1394 2377
1394 2373
1550 2373
1550 2365
1447 2365
1447 2366
1276 2366
1276 2371
1278 2371
1278 2398
1308 2398
1308 2401
1271 2401
1271 2388
1260 2388
1260 2300
1288 2300
1288 2304
1297 2304
1297 2291
1292 2291
1292 2217
1301 2217
1301 2299
1310 2299
1310 2238
1315 2238
1315 2228
1324 2228
1324 2234
1357 2234
1357 2235
1389 2235
1389 2230
1339 2230
1339 2211
1334 2211
1334 2231
1329 2231
1329 2177
1323 2177
1323 2221
1309 2221
1309 2210
1291 2210
1291 1903
1304 1903
1304 1947
1300 1947
1300 2023
1306 2023
1306 1953
1327 1953
1327 2017
1338 2017
1338 2029
1364 2029
1364 1999
1367 1999
1367 1998
1384 1998
1384 2009
1368 2009
1368 2049
1369 2049
1369 2060
1419 2060
1419 2131
1406 2131
1406 2141
1458 2141
1458 2149
1470 2149
1470 2151
1473 2151
1473 2155
1479 2155
1479 2150
1518 2150
1518 2074
1565 2074
1565 2075
1576 2075
1576 2059
1543 2059
1543 2069
1513 2069
1513 2125
1502 2125
1502 2110
1500 2110
1500 2123
1493 2123
1493 2133
1498 2133
1498 2137
1422 2137
1422 2107
1427 2107
1427 2032
1466 2032
1466 2020
1433 2020
1433 2014
1441 2014
1441 2001
1403 2001
1403 2008
1388 2008
1388 1978
1386 1978
1386 1960
1376 1960
1376 1917
1372 1917
1372 1940
1365 1940
1365 1966
1366 1966
1366 1974
1352 1974
1352 1990
1356 1990
1356 1993
1331 1993
1331 1991
1328 1991
1328 1934
1314 1934
1314 1897
1375 1897
1375 1876
1353 1876
1353 1886
1298 1886
1298 1863
1305 1863
1305 1847
1299 1847
1299 1821
1383 1821
1383 1833
1407 1833
1407 1777
1401 1777
1401 1779
1380 1779
1380 1762
1413 1762
1413 1776
1428 1776
1428 1709
1429 1709
1429 1669
1417 1669
1417 1575
1432 1575
1432 1580
1438 1580
1438 1555
1437 1555
1437 1465
1460 1465
1460 1459
1526 1459
1526 1510
1524 1510
1524 1534
1521 1534
1521 1667
1527 1667
1527 1689
1541 1689
1541 1757
1546 1757
1546 1823
1531 1823
1531 1811
1508 1811
1508 1774
1480 1774
1480 1788
1497 1788
1497 1797
1496 1797
1496 1798
1494 1798
1494 1881
1503 1881
1503 1858
1511 1858
1511 1859
1509 1859
1509 1874
1536 1874
1536 1880
1594 1880
1594 1882
1600 1882
1600 1875
1609 1875
1609 1891
1614 1891
1614 1888
1615 1888
1615 1872
1624 1872
1624 1868
1623 1868
1623 1845
1625 1845
1625 1867
1626 1867
1626 1852
1628 1852
1628 1843
1636 1843
1636 1967
1639 1967
1639 1979
1632 1979
1632 2043
1633 2043
1633 2080
1637 2080
1637 2162
1638 2162
1638 2496
1641 2496
1641 1921
1642 1921
1642 2219
1643 2219
1643 2065
1644 2065
1644 1885
1645 1885
1645 1904
1646 1904
1646 1840
1616 1840
1616 1837
1631 1837
1631 1834
1621 1834
1621 1820
1629 1820
1629 1767
1665 1767
1665 1856
1672 1856
1672 1994
1656 1994
1656 2181
1661 2181
1661 2165
1663 2165
1663 2184
1658 2184
1658 2192
1659 2192
1659 2364
1654 2364
1654 2406
1660 2406
1660 2488
1662 2488
1662 2405
1664 2405
1664 2122
1673 2122
1673 2339
1666 2339
1666 2403
1669 2403
1669 2465
1676 2465
1676 2134
1679 2134
1679 2245
1681 2245
1681 2147
1680 2147
1680 2067
1677 2067
1677 1909
1678 1909
1678 1915
1683 1915
1683 1782
1675 1782
1675 1956
1674 1956
1674 1758
1618 1758
1618 1805
1606 1805
1606 1873
1548 1873
1548 1696
1549 1696
1549 1649
1551 1649
1551 1467
1544 1467
1544 1415
1512 1415
1512 1406
1515 1406
1515 1303
1507 1303
1507 1288
1517 1288
1517 1179
1520 1179
1520 1164
1523 1164
1523 1209
1525 1209
1525 1223
1532 1223
1532 1258
1566 1258
1566 1170
1567 1170
1567 1310
1560 1310
1560 1344
1571 1344
1571 1363
1537 1363
1537 1306
1539 1306
1539 1283
1528 1283
1528 1375
1545 1375
1545 1381
1569 1381
1569 1372
1578 1372
1578 1300
1575 1300
1575 1322
1573 1322
1573 1118
1572 1118
1572 1066
1693 1066
1693 1938
1695 1938
1695 1238
1699 1238
1699 1848
1708 1848
1708 2198
1698 2198
1698 2320
1760 2320
1760 2326
1784 2326
1784 2314
1854 2314
1854 2324
2081 2324
2081 2322
2261 2322
2261 2318
1961 2318
1961 2319
1939 2319
1939 2317
1964 2317
1964 2311
2002 2311
2002 2309
1785 2309
1785 2308
2236 2308
2236 2312
2240 2312
2240 2294
2270 2294
2270 2303
2288 2303
2288 2281
2289 2281
2289 2265
2300 2265
2300 2292
2309 2292
2309 2266
2315 2266
2315 2261
2373 2261
2373 2259
2098 2259
2098 2113
2101 2113
2101 2127
2103 2127
2103 2154
2105 2154
2105 2186
2108 2186
2108 2101
2020 2101
2020 2224
1934 2224
1934 2130
1971 2130
1971 2170
1983 2170
1983 2083
1954 2083
1954 2073
1821 2073
1821 2072
1794 2072
1794 2015
1833 2015
1833 2012
1806 2012
1806 1996
2067 1996
2067 2000
2088 2000
2088 2003
2298 2003
2298 1948
2306 1948
2306 1699
