268
151 93
151 76
140 76
140 69
101 69
101 72
97 72
97 73
94 73
94 143
89 143
89 105
82 105
82 99
70 99
70 95
67 95
67 55
76 55
76 54
78 54
78 42
91 42
91 51
102 51
102 20
109 20
109 18
119 18
119 17
127 17
127 16
116 16
116 15
111 15
111 14
132 14
132 13
103 13
103 5
112 5
112 4
1 4
1 10
3 10
3 8
9 8
9 6
71 6
71 7
100 7
100 47
98 47
98 38
45 38
45 43
68 43
68 52
66 52
66 106
73 106
73 110
64 110
64 113
79 113
79 120
69 120
69 128
72 128
72 134
41 134
41 129
34 129
34 126
35 126
35 102
33 102
33 114
29 114
29 92
26 92
26 63
25 63
25 53
31 53
31 21
30 21
30 19
28 19
28 34
24 34
24 94
27 94
27 122
22 122
22 48
21 48
21 58
17 58
17 40
7 40
7 36
5 36
5 90
4 90
4 100
10 100
10 140
8 140
8 132
2 132
2 146
14 146
14 145
16 145
16 144
19 144
19 159
20 159
20 157
23 157
23 175
37 175
37 172
49 172
49 164
42 164
42 156
52 156
52 154
43 154
43 147
32 147
32 141
11 141
11 133
12 133
12 97
6 97
6 65
13 65
13 88
15 88
15 84
18 84
18 130
39 130
39 137
57 137
57 178
56 178
56 142
53 142
53 179
55 179
55 180
58 180
58 187
50 187
50 186
47 186
47 195
51 195
51 191
54 191
54 200
59 200
59 151
60 151
60 185
61 185
61 182
65 182
65 184
75 184
75 174
62 174
62 135
63 135
63 139
74 139
74 155
77 155
77 136
80 136
80 131
81 131
81 188
83 188
83 108
88 108
88 148
90 148
90 166
87 166
87 150
85 150
85 138
84 138
84 167
92 167
92 152
93 152
93 177
114 177
114 183
129 183
129 190
134 190
134 192
122 192
122 196
113 196
113 197
115 197
115 198
124 198
124 199
133 199
133 194
150 194
150 189
149 189
149 168
147 168
147 165
146 165
146 161
148 161
148 158
135 158
135 149
125 149
125 160
137 160
137 170
136 170
136 171
120 171
120 173
144 173
144 193
141 193
141 181
118 181
118 176
95 176
95 169
96 169
96 80
99 80
99 83
104 83
104 123
107 123
107 74
106 74
106 70
126 70
126 71
117 71
117 81
121 81
121 77
142 77
142 87
138 87
138 93
