88
6 104
6 105
2 105
2 108
8 108
8 111
13 111
13 110
16 110
16 112
1 112
1 121
61 121
61 122
58 122
58 123
70 123
70 119
71 119
71 125
79 125
79 116
91 116
91 126
78 126
78 130
52 130
52 127
20 127
20 134
3 134
3 145
4 145
4 143
5 143
5 144
36 144
36 146
92 146
92 140
26 140
26 128
40 128
40 132
47 132
47 138
83 138
83 137
50 137
50 131
74 131
74 136
86 136
86 129
96 129
96 135
108 135
108 142
99 142
99 148
111 148
111 150
116 150
116 149
120 149
120 141
117 141
117 147
110 147
110 139
109 139
109 133
100 133
100 124
94 124
94 115
57 115
57 118
25 118
25 120
21 120
21 117
10 117
10 114
11 114
11 113
18 113
18 104
