102
121 80
121 88
124 88
124 91
115 91
115 87
97 87
97 85
78 85
78 75
66 75
66 111
65 111
65 109
55 109
55 114
51 114
51 131
53 131
53 120
54 120
54 132
52 132
52 135
42 135
42 137
22 137
22 136
35 136
35 123
26 123
26 122
23 122
23 121
21 121
21 127
13 127
13 142
16 142
16 145
11 145
11 146
25 146
25 141
40 141
40 148
4 148
4 128
10 128
10 124
1 124
1 138
3 138
3 149
36 149
36 150
49 150
49 143
60 143
60 140
46 140
46 144
41 144
41 139
69 139
69 133
57 133
57 130
58 130
58 125
59 125
59 110
63 110
63 118
68 118
68 84
70 84
70 101
75 101
75 90
72 90
72 86
76 86
76 89
109 89
109 95
125 95
125 82
127 82
127 100
128 100
128 105
94 105
94 106
133 106
133 99
136 99
136 96
129 96
129 83
143 83
143 80
