340
165 97
165 135
154 135
154 187
162 187
162 192
175 192
175 204
171 204
171 218
248 218
248 242
246 242
246 228
212 228
212 344
209 344
209 289
204 289
204 269
172 269
172 238
147 238
147 300
139 300
139 281
131 281
131 210
120 210
120 332
4 332
4 305
1 305
1 342
12 342
12 336
125 336
125 279
126 279
126 327
159 327
159 267
168 267
168 277
194 277
194 301
198 301
198 295
207 295
207 348
193 348
193 358
208 358
208 382
201 382
201 391
163 391
163 388
141 388
141 390
76 390
76 392
205 392
205 386
213 386
213 349
217 349
217 235
221 235
221 244
240 244
240 257
238 257
238 356
235 356
235 460
237 460
237 536
239 536
239 468
251 468
251 464
262 464
262 443
263 443
263 418
245 418
245 324
247 324
247 334
254 334
254 363
256 363
256 255
255 255
255 315
249 315
249 230
271 230
271 239
273 239
273 223
261 223
261 211
178 211
178 197
191 197
191 196
182 196
182 183
253 183
253 181
155 181
155 137
170 137
170 98
314 98
314 103
276 103
276 105
324 105
324 140
322 140
322 171
318 171
318 162
317 162
317 142
297 142
297 189
298 189
298 215
301 215
301 280
302 280
302 246
305 246
305 873
306 873
306 921
304 921
304 780
303 780
303 912
287 912
287 806
290 806
290 817
294 817
294 784
291 784
291 625
282 625
282 665
275 665
275 698
272 698
272 763
277 763
277 764
285 764
285 695
286 695
286 977
284 977
284 993
224 993
224 982
173 982
173 997
164 997
164 903
179 903
179 884
146 884
146 767
145 767
145 1045
156 1045
156 1238
138 1238
138 1674
140 1674
140 1842
84 1842
84 1849
77 1849
77 1829
70 1829
70 1743
69 1743
69 1560
101 1560
101 1559
46 1559
46 1476
24 1476
24 1524
10 1524
10 1594
8 1594
8 1443
14 1443
14 1434
25 1434
25 1415
40 1415
40 1394
42 1394
42 1178
43 1178
43 1232
44 1232
44 1264
45 1264
45 1204
47 1204
47 1219
53 1219
53 1194
51 1194
51 1151
37 1151
37 1383
32 1383
32 1377
34 1377
34 1332
27 1332
27 1302
29 1302
29 1303
33 1303
33 1296
35 1296
35 1230
36 1230
36 1206
30 1206
30 1135
28 1135
28 1177
23 1177
23 681
39 681
39 704
48 704
48 690
54 690
54 637
57 637
57 638
118 638
118 664
112 664
112 676
88 676
88 730
94 730
94 699
90 699
90 692
104 692
104 684
121 684
121 634
49 634
49 671
22 671
22 1326
18 1326
18 1353
15 1353
15 1423
6 1423
6 1657
16 1657
16 1558
26 1558
26 1484
38 1484
38 1519
31 1519
31 1583
50 1583
50 1566
63 1566
63 1628
41 1628
41 1721
55 1721
55 1656
59 1656
59 1718
61 1718
61 1696
62 1696
62 1670
68 1670
68 1850
89 1850
89 1846
223 1846
223 1838
222 1838
222 1836
180 1836
180 1819
160 1819
160 1810
142 1810
142 1604
144 1604
144 1255
166 1255
166 1118
214 1118
214 1113
244 1113
244 1112
268 1112
268 1084
252 1084
252 1079
169 1079
169 1018
181 1018
181 1012
292 1012
292 946
295 946
295 943
309 943
309 812
307 812
307 593
308 593
308 193
325 193
325 97
