2756
165 97
165 135
154 135
154 187
162 187
162 192
175 192
175 204
171 204
171 218
248 218
248 242
246 242
246 228
212 228
212 344
209 344
209 289
204 289
204 269
172 269
172 238
147 238
147 300
139 300
139 281
131 281
131 210
120 210
120 332
4 332
4 305
1 305
1 342
12 342
12 336
125 336
125 279
126 279
126 327
159 327
159 267
168 267
168 277
194 277
194 301
198 301
198 295
207 295
207 348
193 348
193 358
208 358
208 382
201 382
201 391
163 391
163 388
141 388
141 390
76 390
76 392
205 392
205 386
213 386
213 349
217 349
217 235
221 235
221 244
240 244
240 257
238 257
238 356
235 356
235 460
237 460
237 536
239 536
239 468
251 468
251 464
262 464
262 443
263 443
263 418
245 418
245 324
247 324
247 334
254 334
254 363
256 363
256 255
255 255
255 315
249 315
249 230
271 230
271 239
273 239
273 223
261 223
261 211
178 211
178 197
191 197
191 196
182 196
182 183
253 183
253 181
155 181
155 137
170 137
170 98
314 98
314 103
276 103
276 105
324 105
324 140
322 140
322 171
318 171
318 162
317 162
317 142
297 142
297 189
298 189
298 215
301 215
301 280
302 280
302 246
305 246
305 873
306 873
306 921
304 921
304 780
303 780
303 912
287 912
287 806
290 806
290 817
294 817
294 784
291 784
291 625
282 625
282 665
275 665
275 698
272 698
272 763
277 763
277 764
285 764
285 695
286 695
286 977
284 977
284 993
224 993
224 982
173 982
173 997
164 997
164 903
179 903
179 884
146 884
146 767
145 767
145 1045
156 1045
156 1238
138 1238
138 1674
140 1674
140 1842
84 1842
84 1849
77 1849
77 1829
70 1829
70 1743
69 1743
69 1560
101 1560
101 950
96 950
96 776
95 776
95 1373
86 1373
86 1316
82 1316
82 1437
99 1437
99 1556
75 1556
75 1543
74 1543
74 1557
65 1557
65 1534
58 1534
58 1559
46 1559
46 1459
20 1459
20 1476
24 1476
24 1524
10 1524
10 1594
8 1594
8 1443
14 1443
14 1434
25 1434
25 1415
40 1415
40 1394
42 1394
42 1178
43 1178
43 1232
44 1232
44 1264
45 1264
45 1204
47 1204
47 1219
53 1219
53 1194
51 1194
51 1151
37 1151
37 1383
32 1383
32 1377
34 1377
34 1332
27 1332
27 1302
29 1302
29 1303
33 1303
33 1296
35 1296
35 1230
36 1230
36 1206
30 1206
30 1135
28 1135
28 1177
23 1177
23 681
39 681
39 704
48 704
48 690
54 690
54 637
57 637
57 638
118 638
118 664
112 664
112 676
88 676
88 738
98 738
98 751
102 751
102 753
105 753
105 730
94 730
94 699
90 699
90 692
104 692
104 684
121 684
121 627
60 627
60 624
92 624
92 594
111 594
111 576
123 576
123 620
130 620
130 548
116 548
116 557
115 557
115 544
106 544
106 569
107 569
107 573
124 573
124 575
110 575
110 578
79 578
79 579
87 579
87 597
81 597
81 589
56 589
56 591
52 591
52 634
49 634
49 671
22 671
22 1326
21 1326
21 1064
19 1064
19 1287
18 1287
18 1353
17 1353
17 1262
15 1262
15 1423
11 1423
11 1214
13 1214
13 881
3 881
3 891
5 891
5 911
7 911
7 980
6 980
6 1657
9 1657
9 1677
16 1677
16 1558
26 1558
26 1484
38 1484
38 1519
31 1519
31 1583
50 1583
50 1566
63 1566
63 1628
41 1628
41 1721
55 1721
55 1656
59 1656
59 1718
61 1718
61 1696
62 1696
62 1670
68 1670
68 1885
71 1885
71 1882
72 1882
72 1870
97 1870
97 1873
113 1873
113 1913
103 1913
103 1932
192 1932
192 1920
196 1920
196 1953
258 1953
258 1952
265 1952
265 1948
340 1948
340 1956
278 1956
278 1994
279 1994
279 2010
452 2010
452 2004
289 2004
289 1998
350 1998
350 1982
311 1982
311 1980
300 1980
300 1962
310 1962
310 1960
296 1960
296 1957
366 1957
366 1971
423 1971
423 1968
375 1968
375 1947
443 1947
443 1951
451 1951
451 1959
457 1959
457 1997
465 1997
465 2002
474 2002
474 2040
460 2040
460 2078
496 2078
496 2086
513 2086
513 2094
515 2094
515 2079
560 2079
560 2074
561 2074
561 2030
563 2030
563 2051
572 2051
572 2089
584 2089
584 2092
606 2092
606 2097
592 2097
592 2144
595 2144
595 2148
591 2148
591 2189
582 2189
582 2118
562 2118
562 2120
565 2120
565 2124
570 2124
570 2202
576 2202
576 2210
580 2210
580 2244
647 2244
647 2246
841 2246
841 2235
856 2235
856 2251
806 2251
806 2252
684 2252
684 2249
656 2249
656 2250
616 2250
616 2255
696 2255
696 2254
651 2254
651 2253
864 2253
864 2229
990 2229
990 2240
1011 2240
1011 2218
896 2218
896 2226
839 2226
839 2227
749 2227
749 2220
732 2220
732 2239
753 2239
753 2231
832 2231
832 2245
677 2245
677 2243
715 2243
715 2233
706 2233
706 2221
652 2221
652 2224
610 2224
610 2232
602 2232
602 2241
583 2241
583 2201
599 2201
599 2156
600 2156
600 2157
646 2157
646 2185
672 2185
672 2172
812 2172
812 2177
907 2177
907 2170
887 2170
887 2171
655 2171
655 2160
777 2160
777 2165
781 2165
781 2167
824 2167
824 2149
863 2149
863 2158
900 2158
900 2152
992 2152
992 2142
818 2142
818 2138
823 2138
823 2140
995 2140
995 2132
964 2132
964 2137
794 2137
794 2151
663 2151
663 2129
618 2129
618 2128
597 2128
597 2100
628 2100
628 2093
622 2093
622 2088
601 2088
601 2072
587 2072
587 2063
577 2063
577 2008
569 2008
569 2001
575 2001
575 1989
797 1989
797 1985
825 1985
825 2015
827 2015
827 2037
884 2037
884 2042
888 2042
888 2034
909 2034
909 2033
873 2033
873 2022
833 2022
833 2018
922 2018
922 1991
868 1991
868 1977
859 1977
859 1972
920 1972
920 1969
913 1969
913 1945
927 1945
927 1925
919 1925
919 1912
881 1912
881 1900
850 1900
850 1851
855 1851
855 1844
898 1844
898 1666
904 1666
904 1626
905 1626
905 1753
929 1753
929 1698
939 1698
939 1525
941 1525
941 1515
953 1515
953 929
957 929
957 907
1003 907
1003 882
1054 882
1054 889
1144 889
1144 886
1085 886
1085 880
1183 880
1183 902
1180 902
1180 931
1151 931
1151 932
1177 932
1177 957
1186 957
1186 908
1211 908
1211 949
1209 949
1209 1000
1192 1000
1192 963
1190 963
1190 990
1187 990
1187 996
1170 996
1170 994
1169 994
1169 968
1148 968
1148 1052
1156 1052
1156 1017
1152 1017
1152 976
1165 976
1165 1001
1194 1001
1194 1003
1236 1003
1236 974
1238 974
1238 964
1223 964
1223 945
1226 945
1226 925
1214 925
1214 895
1188 895
1188 887
1261 887
1261 879
1107 879
1107 878
1275 878
1275 962
1253 962
1253 1252
1251 1252
1251 1208
1250 1208
1250 1038
1249 1038
1249 1341
1248 1341
1248 1160
1245 1160
1245 1167
1178 1167
1178 1169
1147 1169
1147 1175
1199 1175
1199 1185
1246 1185
1246 1218
1242 1218
1242 1317
1228 1317
1228 1388
1229 1388
1229 1694
1227 1694
1227 1461
1225 1461
1225 1286
1222 1286
1222 1480
1212 1480
1212 1479
1210 1479
1210 1623
1197 1623
1197 1321
1205 1321
1205 1540
1207 1540
1207 1307
1201 1307
1201 1311
1196 1311
1196 1265
1171 1265
1171 1228
1149 1228
1149 1244
1159 1244
1159 1251
1145 1251
1145 1256
1143 1256
1143 1320
1150 1320
1150 1253
1157 1253
1157 1277
1162 1277
1162 1273
1195 1273
1195 1675
1193 1675
1193 1636
1191 1636
1191 1539
1189 1539
1189 1352
1185 1352
1185 1683
1200 1683
1200 1662
1216 1662
1216 1740
1142 1740
1142 1745
1202 1745
1202 1741
1215 1741
1215 1746
1198 1746
1198 1754
1131 1754
1131 1758
1217 1758
1217 1537
1218 1537
1218 1744
1221 1744
1221 1767
1237 1767
1237 1725
1219 1725
1219 1695
1233 1695
1233 1682
1232 1682
1232 1440
1239 1440
1239 1438
1235 1438
1235 1358
1240 1358
1240 1436
1264 1436
1264 1362
1265 1362
1265 1289
1257 1289
1257 1173
1259 1173
1259 1044
1274 1044
1274 1119
1271 1119
1271 1148
1270 1148
1270 1211
1276 1211
1276 1037
1277 1037
1277 923
1287 923
1287 1304
1288 1304
1288 1410
1285 1410
1285 1660
1291 1660
1291 1813
1283 1813
1283 1687
1282 1687
1282 1376
1281 1376
1281 1852
1167 1852
1167 1845
1161 1845
1161 1856
1206 1856
1206 1861
1126 1861
1126 2247
1127 2247
1127 2242
1139 2242
1139 2314
1115 2314
1115 2269
851 2269
851 2275
876 2275
876 2279
746 2279
746 2283
862 2283
862 2290
690 2290
690 2287
641 2287
641 2270
448 2270
448 2271
631 2271
631 2296
627 2296
627 2286
594 2286
594 2298
614 2298
614 2299
486 2299
486 2295
530 2295
530 2280
501 2280
501 2288
456 2288
456 2297
411 2297
411 2284
299 2284
299 2274
129 2274
129 2264
2 2264
2 2267
64 2267
64 2392
117 2392
117 2390
176 2390
176 2383
143 2383
143 2382
135 2382
135 2377
100 2377
100 2388
91 2388
91 2384
85 2384
85 2371
80 2371
80 2366
78 2366
78 2372
66 2372
66 2336
108 2336
108 2332
114 2332
114 2329
259 2329
259 2328
128 2328
128 2325
137 2325
137 2310
133 2310
133 2309
109 2309
109 2327
83 2327
83 2320
73 2320
73 2308
67 2308
67 2281
93 2281
93 2278
267 2278
267 2285
220 2285
220 2300
620 2300
620 2302
419 2302
419 2303
699 2303
699 2304
802 2304
802 2292
838 2292
838 2306
842 2306
842 2315
640 2315
640 2319
834 2319
834 2333
741 2333
741 2330
708 2330
708 2322
418 2322
418 2321
476 2321
476 2317
453 2317
453 2318
390 2318
390 2323
634 2323
634 2343
666 2343
666 2341
654 2341
654 2338
704 2338
704 2348
676 2348
676 2351
719 2351
719 2346
742 2346
742 2350
800 2350
800 2357
709 2357
709 2354
553 2354
553 2380
578 2380
578 2381
612 2381
612 2375
605 2375
605 2373
588 2373
588 2378
555 2378
555 2356
598 2356
598 2360
743 2360
743 2362
755 2362
755 2363
769 2363
769 2361
803 2361
803 2337
846 2337
846 2301
866 2301
866 2293
877 2293
877 2291
976 2291
976 2277
883 2277
883 2272
1113 2272
1113 2294
1089 2294
1089 2324
1114 2324
1114 2345
1103 2345
1103 2326
1087 2326
1087 2367
1067 2367
1067 2405
837 2405
837 2404
847 2404
847 2401
998 2401
998 2400
670 2400
670 2389
720 2389
720 2386
703 2386
703 2385
623 2385
623 2397
668 2397
668 2407
716 2407
716 2408
740 2408
740 2402
817 2402
817 2406
983 2406
983 2411
1070 2411
1070 2436
1032 2436
1032 2425
843 2425
843 2427
688 2427
688 2419
981 2419
981 2416
738 2416
738 2413
737 2413
737 2418
644 2418
644 2424
643 2424
643 2422
571 2422
571 2428
493 2428
493 2423
556 2423
556 2421
505 2421
505 2417
484 2417
484 2398
532 2398
532 2399
573 2399
573 2396
454 2396
454 2403
462 2403
462 2429
658 2429
658 2426
665 2426
665 2431
710 2431
710 2434
906 2434
906 2430
971 2430
971 2437
991 2437
991 2439
779 2439
779 2435
734 2435
734 2440
984 2440
984 2441
1001 2441
1001 2433
1015 2433
1015 2443
954 2443
954 2445
785 2445
785 2453
635 2453
635 2461
632 2461
632 2456
621 2456
621 2449
609 2449
609 2452
581 2452
581 2458
567 2458
567 2465
566 2465
566 2475
545 2475
545 2481
586 2481
586 2471
579 2471
579 2460
596 2460
596 2462
786 2462
786 2454
809 2454
809 2464
639 2464
639 2484
660 2484
660 2483
659 2483
659 2466
678 2466
678 2468
694 2468
694 2480
811 2480
811 2476
705 2476
705 2479
695 2479
695 2472
804 2472
804 2469
717 2469
717 2467
810 2467
810 2448
947 2448
947 2455
949 2455
949 2446
960 2446
960 2447
1004 2447
1004 2444
1062 2444
1062 2442
1079 2442
1079 2412
1244 2412
1244 2259
1252 2259
1252 2266
1254 2266
1254 2331
1256 2331
1256 2368
1247 2368
1247 2395
1255 2395
1255 2391
1267 2391
1267 2289
1268 2289
1268 2493
1273 2493
1273 2420
1279 2420
1279 2276
1269 2276
1269 2273
1278 2273
1278 2268
1258 2268
1258 2256
1263 2256
1263 2263
1280 2263
1280 2215
1272 2215
1272 2238
1262 2238
1262 2230
1260 2230
1260 2212
1266 2212
1266 2211
1174 2211
1174 2305
1173 2305
1173 2312
1166 2312
1166 2216
1164 2216
1164 2196
1168 2196
1168 2163
1172 2163
1172 2187
1184 2187
1184 2184
1224 2184
1224 2162
1234 2162
1234 2154
1231 2154
1231 2106
1220 2106
1220 2146
1208 2146
1208 2065
1203 2065
1203 2178
1213 2178
1213 2183
1179 2183
1179 2054
1160 2054
1160 2342
1158 2342
1158 2347
1163 2347
1163 2340
1176 2340
1176 2316
1175 2316
1175 2237
1181 2237
1181 2260
1182 2260
1182 2219
1230 2219
1230 2223
1243 2223
1243 2410
1084 2410
1084 2393
1078 2393
1078 2387
1074 2387
1074 2369
1130 2369
1130 2339
1138 2339
1138 2335
1140 2335
1140 2307
1141 2307
1141 2262
1153 2262
1153 2258
1155 2258
1155 2203
1154 2203
1154 2225
1146 2225
1146 2234
1136 2234
1136 2222
1128 2222
1128 2180
1132 2180
1132 2090
1133 2090
1133 2206
1135 2206
1135 2085
1129 2085
1129 1904
1134 1904
1134 1863
1204 1863
1204 1875
1289 1875
1289 2044
1292 2044
1292 1514
1296 1514
1296 1550
1298 1550
1298 1659
1301 1659
1301 1418
1302 1418
1302 2159
1300 2159
1300 1880
1299 1880
1299 2150
1295 2150
1295 2121
1294 2121
1294 2217
1317 2217
1317 2205
1311 2205
1311 2204
1306 2204
1306 2067
1308 2067
1308 2155
1310 2155
1310 2114
1314 2114
1314 2113
1312 2113
1312 2111
1315 2111
1315 2104
1316 2104
1316 2103
1318 2103
1318 2083
1344 2083
1344 2024
1343 2024
1343 1596
1347 1596
1347 1697
1345 1697
1345 1999
1350 1999
1350 1992
1353 1992
1353 1976
1346 1976
1346 1771
1348 1771
1348 1759
1349 1759
1349 1906
1355 1906
1355 1928
1387 1928
1387 1933
1415 1933
1415 1935
1388 1935
1388 1941
1386 1941
1386 2027
1368 2027
1368 2035
1370 2035
1370 2047
1377 2047
1377 2076
1382 2076
1382 2108
1375 2108
1375 2182
1371 2182
1371 2207
1367 2207
1367 2214
1372 2214
1372 2487
1373 2487
1373 2198
1417 2198
1417 2145
1403 2145
1403 2028
1393 2028
1393 1967
1423 1967
1423 2175
1427 2175
1427 1896
1389 1896
1389 1368
1384 1368
1384 1254
1391 1254
1391 1295
1396 1295
1396 1647
1392 1647
1392 1848
1395 1848
1395 1782
1408 1782
1408 1646
1413 1646
1413 1768
1425 1768
1425 1757
1416 1757
1416 1691
1422 1691
1422 1661
1428 1661
1428 1635
1429 1635
1429 1619
1421 1619
1421 1549
1424 1549
1424 1548
1418 1548
1418 1324
1420 1324
1420 1299
1430 1299
1430 1259
1414 1259
1414 1124
1419 1124
1419 1058
1412 1058
1412 451
1401 451
1401 450
1361 450
1361 434
1400 434
1400 441
1475 441
1475 433
1569 433
1569 439
1666 439
1666 425
1608 425
1608 424
1426 424
1426 432
1380 432
1380 429
1378 429
1378 422
1432 422
1432 421
1667 421
1667 399
1776 399
1776 485
1762 485
1762 430
1758 430
1758 462
1757 462
1757 478
1748 478
1748 496
1734 496
1734 488
1635 488
1635 480
1649 480
1649 461
1640 461
1640 472
1634 472
1634 502
1637 502
1637 537
1641 537
1641 539
1679 539
1679 505
1772 505
1772 510
1750 510
1750 512
1771 512
1771 517
1816 517
1816 515
1841 515
1841 551
1838 551
1838 584
1813 584
1813 577
1709 577
1709 585
1688 585
1688 567
1631 567
1631 581
1651 581
1651 602
1636 602
1636 622
1575 622
1575 623
1542 623
1542 655
1459 655
1459 678
1525 678
1525 685
1526 685
1526 737
1538 737
1538 745
1541 745
1541 797
1539 797
1539 1040
1522 1040
1522 1041
1510 1041
1510 999
1504 999
1504 924
1503 924
1503 1082
1490 1082
1490 1098
1509 1098
1509 1132
1512 1132
1512 1184
1498 1184
1498 1145
1487 1145
1487 1096
1478 1096
1478 1100
1482 1100
1482 1120
1476 1120
1476 1130
1483 1130
1483 1164
1492 1164
1492 1292
1499 1292
1499 1448
1485 1448
1485 1336
1481 1336
1481 1467
1469 1467
1469 1494
1480 1494
1480 1506
1497 1506
1497 1513
1467 1513
1467 1598
1472 1598
1472 1689
1473 1689
1473 1603
1496 1603
1496 1979
1494 1979
1494 2099
1491 2099
1491 1978
1468 1978
1468 1987
1462 1987
1462 1511
1463 1511
1463 1770
1466 1770
1466 1245
1465 1245
1465 1227
1461 1227
1461 1587
1460 1587
1460 1576
1457 1576
1457 1093
1456 1093
1456 1335
1455 1335
1455 1614
1454 1614
1454 1310
1438 1310
1438 1019
1436 1019
1436 1116
1431 1116
1431 1249
1433 1249
1433 1189
1434 1189
1434 1318
1439 1318
1439 1398
1444 1398
1444 1624
1443 1624
1443 1632
1440 1632
1440 1720
1446 1720
1446 1749
1450 1749
1450 1818
1451 1818
1451 1688
1445 1688
1445 1360
1447 1360
1447 1501
1453 1501
1453 1993
1488 1993
1488 2081
1477 2081
1477 2060
1464 2060
1464 2084
1458 2084
1458 2062
1448 2062
1448 2125
1471 2125
1471 2153
1441 2153
1441 2174
1435 2174
1435 2457
1437 2457
1437 2282
1449 2282
1449 2209
1486 2209
1486 2197
1470 2197
1470 2190
1442 2190
1442 2179
1484 2179
1484 2147
1500 2147
1500 1600
1474 1600
1474 1529
1495 1529
1495 1516
1502 1516
1502 1507
1505 1507
1505 1504
1493 1504
1493 1487
1511 1487
1511 1404
1506 1404
1506 1392
1520 1392
1520 1569
1516 1569
1516 1965
1517 1965
1517 1761
1521 1761
1521 2014
1514 2014
1514 2213
1527 2213
1527 2236
1501 2236
1501 2248
1531 2248
1531 2101
1529 2101
1529 1858
1533 1858
1533 2349
1560 2349
1560 2353
1559 2353
1559 2379
1558 2379
1558 2364
1545 2364
1545 2409
1544 2409
1544 2470
1546 2470
1546 2474
1547 2474
1547 2491
1552 2491
1552 2451
1555 2451
1555 2415
1548 2415
1548 2414
1562 2414
1562 2374
1564 2374
1564 2358
1572 2358
1572 2355
1561 2355
1561 2352
1596 2352
1596 2161
1598 2161
1598 2228
1600 2228
1600 1944
1595 1944
1595 2265
1586 2265
1586 2176
1587 2176
1587 2131
1588 2131
1588 1907
1592 1907
1592 1591
1593 1591
1593 1473
1597 1473
1597 1460
1589 1460
1589 1625
1584 1625
1584 1862
1583 1862
1583 1821
1581 1821
1581 1847
1580 1847
1580 1981
1585 1981
1585 2313
1590 2313
1590 2344
1574 2344
1574 1995
1573 1995
1573 2019
1570 2019
1570 2169
1566 2169
1566 2311
1543 2311
1543 2334
1535 2334
1535 1996
1537 1996
1537 1792
1534 1792
1534 1760
1536 1760
1536 1722
1532 1722
1532 1668
1530 1668
1530 1703
1528 1703
1528 2208
1515 2208
1515 2166
1519 2166
1519 2020
1524 2020
1524 1146
1523 1146
1523 1090
1508 1090
1508 1072
1507 1072
1507 1042
1557 1042
1557 1050
1518 1050
1518 1067
1578 1067
1578 1056
1612 1056
1612 1134
1617 1134
1617 1319
1614 1319
1614 1627
1602 1627
1602 1654
1604 1654
1604 1723
1616 1723
1616 1834
1607 1834
1607 1902
1603 1902
1603 1934
1610 1934
1610 1835
1619 1835
1619 2026
1615 2026
1615 2087
1625 2087
1625 2091
1622 2091
1622 2463
1613 2463
1613 2498
1633 2498
1633 2497
1627 2497
1627 1673
1628 1673
1628 2376
1630 2376
1630 2261
1629 2261
1629 1618
1626 1618
1626 1639
1623 1639
1623 1615
1624 1615
1624 1395
1621 1395
1621 1611
1620 1611
1620 1004
1611 1004
1611 983
1618 983
1618 915
1606 915
1606 934
1605 934
1605 1036
1582 1036
1582 1035
1540 1035
1540 939
1549 939
1549 661
1550 661
1550 628
1553 628
1553 779
1551 779
1551 865
1554 865
1554 720
1567 720
1567 736
1563 736
1563 765
1556 765
1556 778
1565 778
1565 833
1577 833
1577 818
1594 818
1594 769
1601 769
1601 774
1632 774
1632 760
1609 760
1609 748
1591 748
1591 759
1571 759
1571 744
1576 744
1576 635
1579 635
1579 632
1599 632
1599 641
1660 641
1660 626
1638 626
1638 617
1695 617
1695 588
1728 588
1728 629
1726 629
1726 642
1722 642
1722 793
1723 793
1723 754
1736 754
1736 978
1753 978
1753 1010
1756 1010
1756 1207
1751 1207
1751 1191
1749 1191
1749 1015
1717 1015
1717 1209
1716 1209
1716 1357
1715 1357
1715 971
1714 971
1714 1059
1713 1059
1713 1349
1708 1349
1708 1308
1703 1308
1703 936
1702 936
1702 1431
1699 1431
1699 1630
1701 1630
1701 1772
1698 1772
1698 1425
1697 1425
1697 1356
1663 1356
1663 1405
1665 1405
1665 1617
1669 1617
1669 1839
1662 1839
1662 1837
1659 1837
1659 1794
1650 1794
1650 1789
1639 1789
1639 1801
1658 1801
1658 1876
1646 1876
1646 1943
1644 1943
1644 2432
1654 2432
1654 2438
1647 2438
1647 2496
2159 2496
2159 2500
2183 2500
2183 2499
2205 2499
2205 2495
2175 2495
2175 2490
2165 2490
2165 2482
2168 2482
2168 2459
2176 2459
2176 2486
2241 2486
2241 2394
2238 2394
2238 2257
2237 2257
2237 2168
2229 2168
2229 2139
2227 2139
2227 2164
2219 2164
2219 2122
2188 2122
2188 2105
2160 2105
2160 2110
2136 2110
2136 2107
2137 2107
2137 2096
2130 2096
2130 2098
2118 2098
2118 2058
2138 2058
2138 1800
2134 1800
2134 2041
2128 2041
2128 2009
2018 2009
2018 1961
2030 1961
2030 1927
2034 1927
2034 1929
2045 1929
2045 1926
2039 1926
2039 1889
2000 1889
2000 1886
1984 1886
1984 1633
1988 1633
1988 1650
1989 1650
1989 1699
2020 1699
2020 1705
2011 1705
2011 1799
2009 1799
2009 1853
2019 1853
2019 1824
2012 1824
2012 1788
2024 1788
2024 1795
2028 1795
2028 1634
2014 1634
2014 1629
2026 1629
2026 1581
2007 1581
2007 1478
1991 1478
1991 1462
1986 1462
1986 1301
2008 1301
2008 1280
2027 1280
2027 1272
2010 1272
2010 1188
2025 1188
2025 1162
1983 1162
1983 1046
1987 1046
1987 1013
1955 1013
1955 846
1959 846
1959 951
1971 951
1971 941
1972 941
1972 841
1995 841
1995 804
2016 804
2016 799
1952 799
1952 755
1906 755
1906 701
1976 701
1976 746
2035 746
2035 758
2099 758
2099 777
2093 777
2093 1016
2083 1016
2083 1005
2080 1005
2080 986
2078 986
2078 1069
2075 1069
2075 1077
2070 1077
2070 1068
2049 1068
2049 1250
2050 1250
2050 1546
2052 1546
2052 1544
2051 1544
2051 1492
2059 1492
2059 1260
2053 1260
2053 1231
2054 1231
2054 1081
2068 1081
2068 1094
2060 1094
2060 1099
2063 1099
2063 1142
2086 1142
2086 1166
2065 1166
2065 1536
2064 1536
2064 1542
2081 1542
2081 1512
2087 1512
2087 1538
2103 1538
2103 1474
2085 1474
2085 1509
2079 1509
2079 1523
2077 1523
2077 1489
2074 1489
2074 1342
2174 1342
2174 1363
2192 1363
2192 1390
2202 1390
2202 1396
2195 1396
2195 1435
2190 1435
2190 1441
2191 1441
2191 1458
2189 1458
2189 1419
2185 1419
2185 1477
2193 1477
2193 1553
2208 1553
2208 1563
2166 1563
2166 1571
2140 1571
2140 1582
2145 1582
2145 1637
2142 1637
2142 1750
2153 1750
2153 1690
2150 1690
2150 1577
2211 1577
2211 1497
2210 1497
2210 1530
2203 1530
2203 1527
2206 1527
2206 1490
2209 1490
2209 1338
2204 1338
2204 1323
2144 1323
2144 1337
2102 1337
2102 1313
2133 1313
2133 1298
2111 1298
2111 1291
2088 1291
2088 1278
2084 1278
2084 1269
2066 1269
2066 1226
2071 1226
2071 1187
2072 1187
2072 1247
2073 1247
2073 1225
2090 1225
2090 1102
2089 1102
2089 1048
2092 1048
2092 1033
2169 1033
2169 1034
2200 1034
2200 1023
2146 1023
2146 973
2158 973
2158 930
2172 930
2172 901
2198 901
2198 844
2213 844
2213 822
2187 822
2187 815
2181 815
2181 820
2177 820
2177 824
2167 824
2167 757
2147 757
2147 750
2220 750
2220 706
2221 706
2221 680
2228 680
2228 633
2226 633
2226 631
2218 631
2218 715
2180 715
2180 714
2214 714
2214 689
2164 689
2164 713
2119 713
2119 721
2157 721
2157 734
2184 734
2184 726
2199 726
2199 729
2196 729
2196 749
2135 749
2135 762
2154 762
2154 801
2149 801
2149 788
2139 788
2139 791
2148 791
2148 835
2151 835
2151 838
2156 838
2156 831
2197 831
2197 885
2194 885
2194 888
2170 888
2170 894
2171 894
2171 905
2163 905
2163 920
2143 920
2143 942
2141 942
2141 967
2131 967
2131 995
2132 995
2132 1032
2122 1032
2122 1027
2096 1027
2096 858
2098 858
2098 1008
2101 1008
2101 897
2108 897
2108 862
2104 862
2104 848
2107 848
2107 845
2100 845
2100 756
2106 756
2106 782
2109 782
2109 735
2076 735
2076 722
2006 722
2006 732
2001 732
2001 709
1993 709
1993 700
1902 700
1902 703
1904 703
1904 775
1937 775
1937 840
1936 840
1936 832
1927 832
1927 919
1923 919
1923 970
1932 970
1932 961
1934 961
1934 947
1930 947
1930 883
1933 883
1933 917
1943 917
1943 828
1953 828
1953 1047
1960 1047
1960 1153
1949 1153
1949 1143
1950 1143
1950 1117
1957 1117
1957 1060
1924 1060
1924 1074
1915 1074
1915 1285
1914 1285
1914 1346
1920 1346
1920 1361
1928 1361
1928 1155
1918 1155
1918 1076
1947 1076
1947 1133
1929 1133
1929 1246
1935 1246
1935 1172
1961 1172
1961 1097
1962 1097
1962 1086
1973 1086
1973 1138
1974 1138
1974 1137
1975 1137
1975 1202
1997 1202
1997 1216
1963 1216
1963 1294
1964 1294
1964 1223
2005 1223
2005 1270
2004 1270
2004 1276
1967 1276
1967 1367
1966 1367
1966 1372
1979 1372
1979 1329
1985 1329
1985 1502
2002 1502
2002 1505
2003 1505
2003 1602
1969 1602
1969 1640
1980 1640
1980 1702
1977 1702
1977 1815
1954 1815
1954 1715
1948 1715
1948 1793
1916 1793
1916 1954
1922 1954
1922 1822
1939 1822
1939 1868
1926 1868
1926 2025
1951 2025
1951 2082
1958 2082
1958 2023
1940 2023
1940 1931
1941 1931
1941 1874
1956 1874
1956 1867
1982 1867
1982 1897
2013 1897
2013 1966
2017 1966
2017 2012
2057 2012
2057 2016
2069 2016
2069 2017
2114 2017
2114 2029
2094 2029
2094 2043
2117 2043
2117 2112
2179 2112
2179 2109
2186 2109
2186 2130
2120 2130
2120 2133
1851 2133
1851 2127
1854 2127
1854 2126
1850 2126
1850 2135
1879 2135
1879 2136
2116 2136
2116 2141
2152 2141
2152 2134
2207 2134
2207 2173
2236 2173
2236 2477
2232 2477
2232 2473
2223 2473
2223 2478
2240 2478
2240 2485
2178 2485
2178 2450
2162 2450
2162 2492
2056 2492
2056 2494
1656 2494
1656 2370
1645 2370
1645 2359
1648 2359
1648 1890
1664 1890
1664 1854
1673 1854
1673 1825
1670 1825
1670 1535
1672 1535
1672 1469
1676 1469
1676 1369
1677 1369
1677 1378
1692 1378
1692 1384
1683 1384
1683 1442
1693 1442
1693 1483
1681 1483
1681 1565
1682 1565
1682 1493
1684 1493
1684 1613
1687 1613
1687 1555
1689 1555
1689 1652
1696 1652
1696 1776
1727 1776
1727 1733
1724 1733
1724 1669
1705 1669
1705 1631
1712 1631
1712 1488
1704 1488
1704 1457
1720 1457
1720 1242
1721 1242
1721 1139
1731 1139
1731 1022
1738 1022
1738 1051
1732 1051
1732 1171
1735 1171
1735 1197
1741 1197
1741 1210
1763 1210
1763 1170
1768 1170
1768 1006
1755 1006
1755 953
1760 953
1760 948
1744 948
1744 927
1743 927
1743 890
1770 890
1770 874
1792 874
1792 867
1837 867
1837 856
1737 856
1737 742
1733 742
1733 731
1745 731
1745 719
1729 719
1729 716
1730 716
1730 710
1725 710
1725 644
1740 644
1740 583
1797 583
1797 587
1843 587
1843 570
1847 570
1847 553
1849 553
1849 475
1828 475
1828 465
1801 465
1801 463
1831 463
1831 455
1826 455
1826 454
1794 454
1794 435
1808 435
1808 397
1652 397
1652 419
1359 419
1359 452
1411 452
1411 1572
1399 1572
1399 1620
1398 1620
1398 1742
1397 1742
1397 1182
1383 1182
1383 1526
1381 1526
1381 1533
1379 1533
1379 1796
1385 1796
1385 1898
1409 1898
1409 1914
1376 1914
1376 1903
1356 1903
1356 1797
1352 1797
1352 1616
1351 1616
1351 1520
1337 1520
1337 1916
1339 1916
1339 1840
1342 1840
1342 2021
1340 2021
1340 2061
1336 2061
1336 1988
1335 1988
1335 1986
1334 1986
1334 1975
1333 1975
1333 2071
1341 2071
1341 2073
1325 2073
1325 2077
1313 2077
1313 2059
1309 2059
1309 2049
1303 2049
1303 1610
1305 1610
1305 1412
1290 1412
1290 979
1297 979
1297 933
1304 933
1304 926
1307 926
1307 914
1286 914
1286 906
1284 906
1284 877
1000 877
1000 892
993 892
993 904
951 904
951 998
952 998
952 1221
950 1221
950 1439
943 1439
943 1470
933 1470
933 1684
925 1684
925 1714
910 1714
910 1584
885 1584
885 1804
886 1804
886 1686
889 1686
889 1671
890 1671
890 1665
891 1665
891 1843
848 1843
848 1869
844 1869
844 1921
870 1921
870 1923
903 1923
903 1963
854 1963
854 2007
831 2007
831 1984
568 1984
568 2013
559 2013
559 2075
498 2075
498 2069
554 2069
554 2068
477 2068
477 1946
216 1946
216 1936
283 1936
283 1922
206 1922
206 1917
152 1917
152 1924
127 1924
127 1888
132 1888
132 1871
119 1871
119 1865
190 1865
190 1850
89 1850
89 1846
223 1846
223 1838
222 1838
222 1836
180 1836
180 1819
160 1819
160 1810
142 1810
142 1604
144 1604
144 1255
166 1255
166 1118
214 1118
214 1113
244 1113
244 1112
268 1112
268 1084
252 1084
252 1079
169 1079
169 1018
181 1018
181 1012
292 1012
292 946
295 946
295 943
309 943
309 812
307 812
307 593
308 593
308 193
325 193
325 97
