86
246 242
246 228
212 228
212 344
209 344
209 289
204 289
204 269
172 269
172 238
147 238
147 300
139 300
139 281
131 281
131 210
120 210
120 332
4 332
4 305
1 305
1 342
12 342
12 336
125 336
125 279
126 279
126 327
159 327
159 267
168 267
168 277
194 277
194 301
198 301
198 295
207 295
207 348
193 348
193 358
208 358
208 382
201 382
201 391
163 391
163 388
141 388
141 390
76 390
76 392
205 392
205 386
213 386
213 349
217 349
217 235
221 235
221 244
240 244
240 257
238 257
238 356
235 356
235 460
237 460
237 536
239 536
239 468
251 468
251 464
262 464
262 443
263 443
263 418
245 418
245 324
247 324
247 334
254 334
254 363
256 363
256 255
255 255
255 315
249 315
249 242
