176
112 111
112 32
77 32
77 38
74 38
74 46
95 46
95 50
82 50
82 52
65 52
65 60
70 60
70 83
54 83
54 88
18 88
18 108
17 108
17 116
2 116
2 124
1 124
1 131
9 131
9 130
8 130
8 122
12 122
12 138
13 138
13 135
16 135
16 118
21 118
21 107
27 107
27 96
24 96
24 89
61 89
61 97
30 97
30 117
37 117
37 134
43 134
43 123
38 123
38 109
49 109
49 119
51 119
51 102
63 102
63 125
50 125
50 132
58 132
58 129
64 129
64 103
69 103
69 105
78 105
78 100
71 100
71 80
72 80
72 79
84 79
84 66
81 66
81 53
92 53
92 51
97 51
97 45
80 45
80 34
100 34
100 33
111 33
111 72
108 72
108 159
106 159
106 136
102 136
102 144
83 144
83 145
85 145
85 162
76 162
76 165
56 165
56 147
53 147
53 176
48 176
48 150
46 150
46 169
45 169
45 184
62 184
62 186
47 186
47 187
28 187
28 191
26 191
26 192
33 192
33 195
36 195
36 196
22 196
22 198
32 198
32 197
39 197
39 190
66 190
66 178
73 178
73 168
60 168
60 166
86 166
86 171
98 171
98 177
87 177
87 180
79 180
79 185
91 185
91 179
96 179
96 188
88 188
88 193
99 193
99 181
101 181
101 174
103 174
103 158
90 158
90 164
89 164
89 148
93 148
93 146
104 146
104 170
105 170
105 172
147 172
147 167
107 167
107 163
145 163
145 161
175 161
175 160
115 160
115 155
110 155
110 120
116 120
116 115
120 115
120 111
