92
47 1
47 19
42 19
42 17
43 17
43 5
40 5
40 27
39 27
39 10
38 10
38 15
26 15
26 12
29 12
29 14
37 14
37 11
35 11
35 7
20 7
20 28
18 28
18 42
17 42
17 25
13 25
13 43
12 43
12 2
1 2
1 20
3 20
3 9
9 9
9 8
11 8
11 23
2 23
2 31
4 31
4 32
7 32
7 33
6 33
6 38
8 38
8 46
5 46
5 49
10 49
10 50
15 50
15 35
16 35
16 47
25 47
25 41
21 41
21 26
23 26
23 22
24 22
24 16
34 16
34 24
36 24
36 29
28 29
28 34
31 34
31 37
27 37
27 40
30 40
30 48
32 48
32 45
50 45
50 36
46 36
46 39
45 39
45 44
41 44
41 30
44 30
44 21
48 21
48 13
49 13
49 1
