210
125 282
125 280
123 280
123 279
113 279
113 251
33 251
33 468
26 468
26 375
31 375
31 243
55 243
55 213
79 213
79 172
84 172
84 170
78 170
78 84
6 84
6 78
73 78
73 73
32 73
32 72
52 72
52 68
36 68
36 61
15 61
15 56
1 56
1 94
30 94
30 85
70 85
70 161
39 161
39 168
3 168
3 171
71 171
71 100
75 100
75 87
77 87
77 186
76 186
76 206
25 206
25 281
23 281
23 315
22 315
22 594
24 594
24 662
48 662
48 794
44 794
44 820
43 820
43 728
10 728
10 502
20 502
20 250
16 250
16 234
17 234
17 225
13 225
13 347
9 347
9 366
5 366
5 372
11 372
11 456
8 456
8 731
38 731
38 733
41 733
41 859
50 859
50 918
53 918
53 740
56 740
56 743
68 743
68 848
59 848
59 954
21 954
21 865
19 865
19 913
14 913
14 947
12 947
12 898
4 898
4 960
7 960
7 1031
18 1031
18 970
27 970
27 994
57 994
57 1011
47 1011
47 999
37 999
37 1026
66 1026
66 1044
74 1044
74 1017
65 1017
65 981
62 981
62 984
60 984
60 990
46 990
46 972
67 972
67 927
69 927
69 928
72 928
72 732
54 732
54 634
64 634
64 582
58 582
58 624
51 624
51 626
40 626
40 621
29 621
29 586
28 586
28 581
34 581
34 561
35 561
35 304
81 304
81 330
83 330
83 297
86 297
86 363
88 363
88 416
90 416
90 288
45 288
45 257
49 257
49 254
80 254
80 258
107 258
107 298
106 298
106 494
102 494
102 515
115 515
115 580
116 580
116 659
143 659
143 720
134 720
134 852
129 852
129 876
119 876
119 881
95 881
95 885
99 885
99 906
104 906
104 903
127 903
127 877
131 877
131 857
146 857
146 688
144 688
144 633
117 633
117 512
111 512
111 438
109 438
109 360
108 360
108 282
