2128
785 1
785 4
781 4
781 3
776 3
776 6
744 6
744 17
740 17
740 95
717 95
717 76
672 76
672 64
625 64
625 122
642 122
642 140
645 140
645 202
654 202
654 221
665 221
665 222
629 222
629 190
623 190
623 184
607 184
607 203
626 203
626 230
615 230
615 232
659 232
659 235
601 235
601 212
593 212
593 220
598 220
598 224
571 224
571 223
537 223
537 226
520 226
520 227
555 227
555 228
600 228
600 246
529 246
529 241
524 241
524 244
485 244
485 262
424 262
424 252
420 252
420 131
430 131
430 154
433 154
433 182
441 182
441 136
455 136
455 118
452 118
452 120
409 120
409 121
398 121
398 123
376 123
376 124
411 124
411 192
401 192
401 210
404 210
404 231
413 231
413 155
414 155
414 283
396 283
396 273
374 273
374 284
400 284
400 321
639 321
639 323
707 323
707 378
663 378
663 361
647 361
647 371
644 371
644 383
619 383
619 352
612 352
612 337
604 337
604 404
591 404
591 401
589 401
589 386
506 386
506 387
418 387
418 380
602 380
602 379
548 379
548 373
303 373
303 370
461 370
461 369
481 369
481 355
395 355
395 357
449 357
449 368
344 368
344 362
408 362
408 359
335 359
335 336
336 336
336 306
356 306
356 326
369 326
369 278
368 278
368 259
370 259
370 256
364 256
364 308
362 308
362 289
357 289
357 305
326 305
326 367
301 367
301 345
311 345
311 319
309 319
309 300
306 300
306 245
299 245
299 266
289 266
289 240
286 240
286 311
284 311
284 285
281 285
281 249
243 249
243 253
273 253
273 302
248 302
248 327
297 327
297 341
300 341
300 392
308 392
308 382
323 382
323 377
372 377
372 391
406 391
406 388
583 388
583 419
582 419
582 402
492 402
492 394
438 394
438 395
475 395
475 405
385 405
385 403
353 403
353 407
264 407
264 409
341 409
341 408
477 408
477 406
557 406
557 412
539 412
539 413
507 413
507 411
436 411
436 414
483 414
483 415
467 415
467 427
493 427
493 421
505 421
505 428
509 428
509 417
576 417
576 445
628 445
628 453
521 453
521 455
777 455
777 454
805 454
805 452
761 452
761 450
763 450
763 442
904 442
904 462
748 462
748 460
743 460
743 461
745 461
745 463
972 463
972 470
943 470
943 465
568 465
568 476
780 476
780 477
790 477
790 481
734 481
734 492
759 492
759 495
795 495
795 484
849 484
849 483
892 483
892 480
792 480
792 472
701 472
701 471
635 471
635 475
585 475
585 469
881 469
881 466
894 466
894 490
901 490
901 504
897 504
897 510
906 510
906 467
935 467
935 486
925 486
925 489
942 489
942 503
957 503
957 501
1033 501
1033 568
1034 568
1034 980
1035 980
1035 1015
920 1015
920 1003
919 1003
919 653
918 653
918 644
967 644
967 643
916 643
916 883
914 883
914 639
911 639
911 738
909 738
909 675
908 675
908 873
912 873
912 727
913 727
913 899
917 899
917 969
915 969
915 907
891 907
891 993
858 993
858 997
861 997
861 1050
853 1050
853 1053
828 1053
828 1089
806 1089
806 1051
819 1051
819 1045
791 1045
791 1034
755 1034
755 953
774 953
774 853
752 853
752 825
728 825
728 805
671 805
671 791
640 791
640 708
596 708
596 722
597 722
597 752
594 752
594 676
517 676
517 712
534 712
534 698
536 698
536 742
498 742
498 780
495 780
495 804
462 804
462 844
491 844
491 855
489 855
489 864
482 864
482 875
392 875
392 861
428 861
428 835
429 835
429 770
402 770
402 745
394 745
394 631
331 631
331 625
274 625
274 629
315 629
315 637
321 637
321 642
391 642
391 650
387 650
387 665
389 665
389 692
388 692
388 673
373 673
373 654
371 654
371 751
382 751
382 715
386 715
386 753
383 753
383 762
397 762
397 779
416 779
416 786
410 786
410 788
421 788
421 793
405 793
405 795
422 795
422 821
412 821
412 845
381 845
381 827
354 827
354 833
352 833
352 829
348 829
348 847
338 847
338 868
377 868
377 846
384 846
384 886
448 886
448 890
318 890
318 882
293 882
293 851
316 851
316 729
305 729
305 669
339 669
339 658
203 658
203 499
214 499
214 479
213 479
213 464
224 464
224 139
240 139
240 2
196 2
196 31
158 31
158 41
177 41
177 50
130 50
130 51
112 51
112 62
94 62
94 174
114 174
114 189
149 189
149 200
145 200
145 263
137 263
137 272
150 272
150 348
133 348
133 344
139 344
139 339
125 339
125 280
123 280
123 279
113 279
113 251
33 251
33 468
26 468
26 375
31 375
31 243
55 243
55 213
79 213
79 172
84 172
84 170
78 170
78 84
6 84
6 78
73 78
73 73
32 73
32 72
52 72
52 68
36 68
36 61
15 61
15 56
1 56
1 94
30 94
30 85
70 85
70 161
39 161
39 168
3 168
3 171
71 171
71 100
75 100
75 87
77 87
77 186
76 186
76 206
25 206
25 281
23 281
23 315
22 315
22 594
24 594
24 662
48 662
48 794
44 794
44 820
43 820
43 728
10 728
10 502
20 502
20 250
16 250
16 234
17 234
17 225
13 225
13 347
9 347
9 366
5 366
5 372
11 372
11 456
8 456
8 731
38 731
38 733
41 733
41 859
50 859
50 918
53 918
53 740
56 740
56 743
68 743
68 848
59 848
59 954
21 954
21 865
19 865
19 913
14 913
14 947
12 947
12 898
4 898
4 960
7 960
7 1031
18 1031
18 970
27 970
27 994
57 994
57 1011
47 1011
47 999
37 999
37 1026
66 1026
66 1044
74 1044
74 1017
65 1017
65 981
62 981
62 984
60 984
60 990
46 990
46 972
67 972
67 927
69 927
69 928
72 928
72 732
54 732
54 634
64 634
64 582
58 582
58 624
51 624
51 626
40 626
40 621
29 621
29 586
28 586
28 581
34 581
34 561
35 561
35 304
81 304
81 330
83 330
83 297
86 297
86 363
88 363
88 416
90 416
90 288
45 288
45 257
49 257
49 254
80 254
80 258
107 258
107 298
106 298
106 494
102 494
102 515
115 515
115 580
116 580
116 659
143 659
143 720
134 720
134 852
129 852
129 876
119 876
119 881
95 881
95 885
99 885
99 906
104 906
104 903
105 903
105 979
118 979
118 991
126 991
126 1030
127 1030
127 877
131 877
131 857
146 857
146 688
144 688
144 566
141 566
141 632
135 632
135 560
128 560
128 633
117 633
117 512
111 512
111 438
109 438
109 360
108 360
108 282
121 282
121 393
122 393
122 354
138 354
138 374
152 374
152 331
151 331
151 269
148 269
148 218
155 218
155 239
153 239
153 365
154 365
154 968
157 968
157 764
156 764
156 199
159 199
159 451
160 451
160 507
161 507
161 314
163 314
163 622
164 622
164 799
166 799
166 584
165 584
165 303
162 303
162 211
167 211
167 349
168 349
168 513
175 513
175 295
174 295
174 328
173 328
173 364
170 364
170 196
171 196
171 187
169 187
169 185
124 185
124 167
97 167
97 138
98 138
98 80
110 80
110 105
120 105
120 75
132 75
132 81
172 81
172 57
179 57
179 44
191 44
191 32
219 32
219 42
221 42
221 9
239 9
239 83
237 83
237 26
223 26
223 332
222 332
222 247
215 247
215 236
210 236
210 229
206 229
206 255
217 255
217 342
220 342
220 351
216 351
216 431
212 431
212 473
209 473
209 435
200 435
200 433
204 433
204 398
194 398
194 449
199 449
199 443
208 443
208 478
198 478
198 491
202 491
202 575
190 575
190 543
189 543
189 595
193 595
193 578
197 578
197 664
294 664
294 694
296 694
296 759
279 759
279 686
267 686
267 690
242 690
242 693
241 693
241 724
234 724
234 750
231 750
231 782
238 782
238 774
233 774
233 760
247 760
247 703
249 703
249 747
270 747
270 706
271 706
271 756
275 756
275 766
312 766
312 832
287 832
287 938
285 938
285 977
298 977
298 1012
276 1012
276 1013
254 1013
254 909
258 909
258 806
250 806
250 862
251 862
251 962
253 962
253 1014
236 1014
236 1020
307 1020
307 967
304 967
304 961
295 961
295 956
330 956
330 976
319 976
319 1007
332 1007
332 1008
340 1008
340 1004
347 1004
347 942
378 942
378 933
501 933
501 921
393 921
393 915
380 915
380 924
445 924
445 930
361 930
361 914
355 914
355 925
342 925
342 998
334 998
334 996
337 996
337 949
288 949
288 866
290 866
290 900
291 900
291 892
314 892
314 893
460 893
460 889
478 889
478 888
502 888
502 870
504 870
504 841
473 841
473 816
497 816
497 810
510 810
510 796
518 796
518 797
563 797
563 808
541 808
541 880
542 880
542 985
543 985
543 823
546 823
546 1028
547 1028
547 932
549 932
549 1029
554 1029
554 1000
551 1000
551 971
550 971
550 871
556 871
556 959
574 959
574 958
572 958
572 939
575 939
575 1040
580 1040
580 934
579 934
579 916
558 916
558 905
561 905
561 809
567 809
567 831
570 831
570 819
573 819
573 787
540 787
540 790
528 790
528 792
513 792
513 783
514 783
514 746
544 746
544 716
566 716
566 683
577 683
577 689
569 689
569 769
588 769
588 767
586 767
586 765
587 765
587 726
590 726
590 757
614 757
614 771
621 771
621 719
627 719
627 761
630 761
630 798
666 798
666 807
687 807
687 814
694 814
694 811
725 811
725 836
727 836
727 843
729 843
729 879
733 879
733 869
758 869
758 920
766 920
766 863
772 863
772 919
773 919
773 940
754 940
754 1035
788 1035
788 1046
789 1046
789 1060
801 1060
801 1096
829 1096
829 1054
834 1054
834 1067
836 1067
836 1085
837 1085
837 1057
845 1057
845 1092
850 1092
850 1121
843 1121
843 1126
852 1126
852 1091
848 1091
848 1064
854 1064
854 1078
856 1078
856 1145
880 1145
880 1127
883 1127
883 1120
884 1120
884 1119
873 1119
873 1072
879 1072
879 1110
886 1110
886 1148
870 1148
870 1172
866 1172
866 1179
751 1179
751 1175
827 1175
827 1174
809 1174
809 1165
787 1165
787 1171
770 1171
770 1173
736 1173
736 1155
710 1155
710 1156
606 1156
606 1154
664 1154
664 1149
661 1149
661 1141
610 1141
610 1137
599 1137
599 1150
595 1150
595 1163
532 1163
532 1157
526 1157
526 1144
523 1144
523 1152
516 1152
516 1167
636 1167
636 1162
674 1162
674 1184
673 1184
673 1199
662 1199
662 1195
651 1195
651 1177
649 1177
649 1188
633 1188
633 1189
609 1189
609 1186
608 1186
608 1201
611 1201
611 1220
620 1220
620 1203
632 1203
632 1210
641 1210
641 1233
637 1233
637 1236
581 1236
581 1224
471 1224
471 1205
444 1205
444 1197
446 1197
446 1198
456 1198
456 1193
474 1193
474 1160
472 1160
472 1147
480 1147
480 1140
487 1140
487 1124
490 1124
490 1102
476 1102
476 1101
503 1101
503 1097
468 1097
468 1100
292 1100
292 1105
265 1105
265 1088
262 1088
262 1093
260 1093
260 1075
261 1075
261 1065
283 1065
283 1062
257 1062
257 1061
266 1061
266 1059
278 1059
278 1055
232 1055
232 1058
252 1058
252 1083
246 1083
246 1099
255 1099
255 1095
256 1095
256 1103
263 1103
263 1107
211 1107
211 1109
313 1109
313 1111
345 1111
345 1112
302 1112
302 1114
201 1114
201 1116
244 1116
244 1117
245 1117
245 1118
188 1118
188 1123
230 1123
230 1122
359 1122
359 1115
363 1115
363 1113
360 1113
360 1108
328 1108
328 1106
329 1106
329 1104
486 1104
486 1139
464 1139
464 1125
390 1125
390 1129
435 1129
435 1132
432 1132
432 1133
447 1133
447 1151
458 1151
458 1164
425 1164
425 1176
427 1176
427 1181
442 1181
442 1178
459 1178
459 1169
463 1169
463 1183
431 1183
431 1211
349 1211
349 1206
346 1206
346 1212
367 1212
367 1214
399 1214
399 1215
327 1215
327 1216
365 1216
365 1217
379 1217
379 1221
375 1221
375 1222
366 1222
366 1225
403 1225
403 1218
470 1218
470 1226
426 1226
426 1230
494 1230
494 1229
512 1229
512 1231
454 1231
454 1239
282 1239
282 1161
272 1161
272 1131
277 1131
277 1130
178 1130
178 1142
180 1142
180 1143
183 1143
183 1146
186 1146
186 1153
192 1153
192 1166
195 1166
195 1135
225 1135
225 1136
268 1136
268 1170
280 1170
280 1190
269 1190
269 1209
259 1209
259 1243
325 1243
325 1247
358 1247
358 1250
415 1250
415 1246
351 1246
351 1245
350 1245
350 1240
453 1240
453 1242
479 1242
479 1234
530 1234
530 1235
519 1235
519 1237
515 1237
515 1244
552 1244
552 1241
545 1241
545 1232
564 1232
564 1238
650 1238
650 1207
657 1207
657 1213
677 1213
677 1202
678 1202
678 1219
691 1219
691 1200
705 1200
705 1192
702 1192
702 1182
689 1182
689 1185
684 1185
684 1191
680 1191
680 1159
617 1159
617 1158
696 1158
696 1168
715 1168
715 1187
713 1187
713 1204
794 1204
794 1208
782 1208
782 1223
711 1223
711 1227
732 1227
732 1228
786 1228
786 1248
769 1248
769 1249
796 1249
796 1196
723 1196
723 1194
722 1194
722 1180
889 1180
889 1098
885 1098
885 1069
902 1069
902 1073
907 1073
907 1080
932 1080
932 1077
1000 1077
1000 1081
1016 1081
1016 1087
1018 1087
1018 1071
1063 1071
1063 1074
1059 1074
1059 1079
1069 1079
1069 1086
1070 1086
1070 1094
1123 1094
1123 1090
1100 1090
1100 1042
1126 1042
1126 1038
1127 1038
1127 1052
1188 1052
1188 1063
1190 1063
1190 1047
1150 1047
1150 931
1153 931
1153 717
1154 717
1154 952
1151 952
1151 1033
1156 1033
1156 828
1157 828
1157 850
1159 850
1159 838
1168 838
1168 878
1160 878
1160 910
1164 910
1164 887
1165 887
1165 943
1162 943
1162 973
1170 973
1170 785
1172 785
1172 955
1171 955
1171 982
1175 982
1175 812
1178 812
1178 781
1187 781
1187 768
1163 768
1163 801
1158 801
1158 789
1155 789
1155 613
1166 613
1166 680
1169 680
1169 628
1181 628
1181 617
1184 617
1184 618
1182 618
1182 682
1173 682
1173 723
1202 723
1202 691
1203 691
1203 677
1200 677
1200 522
1207 522
1207 754
1221 754
1221 749
1218 749
1218 641
1229 641
1229 684
1236 684
1236 679
1238 679
1238 630
1250 630
1250 557
1237 557
1237 528
1249 528
1249 506
1233 506
1233 545
1223 545
1223 572
1217 572
1217 457
1222 457
1222 333
1239 333
1239 216
1225 216
1225 294
1227 294
1227 299
1219 299
1219 214
1212 214
1212 217
1214 217
1214 346
1215 346
1215 516
1216 516
1216 591
1246 591
1246 559
1247 559
1247 623
1220 623
1220 615
1209 615
1209 609
1235 609
1235 592
1208 592
1208 573
1211 573
1211 432
1210 432
1210 498
1206 498
1206 440
1204 440
1204 293
1201 293
1201 117
1199 117
1199 376
1197 376
1197 309
1196 309
1196 292
1195 292
1195 58
1213 58
1213 91
1224 91
1224 112
1226 112
1226 204
1241 204
1241 201
1248 201
1248 108
1243 108
1243 160
1245 160
1245 180
1242 180
1242 60
1240 60
1240 195
1230 195
1230 191
1228 191
1228 179
1232 179
1232 52
1231 52
1231 48
1244 48
1244 38
1185 38
1185 35
1177 35
1177 39
1234 39
1234 46
1161 46
1161 66
1176 66
1176 47
1179 47
1179 147
1144 147
1144 144
1142 144
1142 142
1129 142
1129 40
1113 40
1113 28
1102 28
1102 5
1098 5
1098 25
1090 25
1090 15
1079 15
1079 29
1076 29
1076 49
1125 49
1125 82
1110 82
1110 143
1109 143
1109 150
1107 150
1107 152
1108 152
1108 164
1117 164
1117 158
1141 158
1141 157
1183 157
1183 126
1186 126
1186 104
1193 104
1193 444
1205 444
1205 493
1192 493
1192 488
1145 488
1145 508
1174 508
1174 509
1180 509
1180 505
1191 505
1191 500
1198 500
1198 663
1194 663
1194 666
1189 666
1189 536
1167 536
1167 605
1152 605
1152 894
1148 894
1148 937
1146 937
1146 817
1143 817
1143 911
1136 911
1136 758
1140 758
1140 291
1131 291
1131 290
1128 290
1128 260
1124 260
1124 296
1130 296
1130 307
1139 307
1139 714
1138 714
1138 640
1137 640
1137 356
1132 356
1132 358
1134 358
1134 482
1133 482
1133 710
1135 710
1135 908
1122 908
1122 612
1121 612
1121 627
1118 627
1118 598
1116 598
1116 514
1097 514
1097 521
1096 521
1096 571
1099 571
1099 603
1072 603
1072 606
1075 606
1075 608
1106 608
1106 556
1114 556
1114 533
1111 533
1111 517
1115 517
1115 651
1120 651
1120 957
1149 957
1149 987
1147 987
1147 1037
1119 1037
1119 1032
1112 1032
1112 1039
1095 1039
1095 1041
1093 1041
1093 800
1094 800
1094 748
1101 748
1101 941
1105 941
1105 741
1103 741
1103 735
1104 735
1104 705
1078 705
1078 897
1081 897
1081 872
1088 872
1088 858
1083 858
1083 711
1092 711
1092 839
1089 839
1089 926
1091 926
1091 1023
1086 1023
1086 1036
1082 1036
1082 1002
1087 1002
1087 966
1085 966
1085 978
1073 978
1073 1001
1077 1001
1077 1043
1084 1043
1084 1082
1080 1082
1080 1049
1068 1049
1068 1066
1074 1066
1074 1084
1071 1084
1071 1070
1042 1070
1042 1068
871 1068
871 1128
869 1128
869 1134
872 1134
872 1138
868 1138
868 1056
864 1056
864 1048
863 1048
863 1076
862 1076
862 995
887 995
887 1024
888 1024
888 1021
893 1021
893 935
903 935
903 983
900 983
900 986
910 986
910 1016
1023 1016
1023 1018
958 1018
958 1022
985 1022
985 1019
1031 1019
1031 1025
1024 1025
1024 1027
1036 1027
1036 713
1037 713
1037 975
1041 975
1041 1005
1052 1005
1052 948
1050 948
1050 917
1046 917
1046 895
1043 895
1043 944
1040 944
1040 569
1045 569
1045 548
1038 548
1038 544
1039 544
1039 496
945 496
945 487
1030 487
1030 459
1022 459
1022 458
1012 458
1012 485
946 485
946 474
990 474
990 447
996 447
996 448
1013 448
1013 422
995 422
995 425
974 425
974 424
842 424
842 418
746 418
746 420
700 420
700 426
750 426
750 423
835 423
835 429
895 429
895 436
855 436
855 437
993 437
993 430
1006 430
1006 446
928 446
928 441
841 441
841 439
592 439
592 434
605 434
605 389
613 389
613 385
675 385
675 390
652 390
652 396
622 396
622 410
682 410
682 400
685 400
685 397
688 397
688 399
697 399
697 384
646 384
646 381
712 381
712 335
811 335
811 338
737 338
737 350
716 350
716 353
753 353
753 343
778 343
778 340
847 340
847 329
846 329
846 324
860 324
860 325
898 325
898 322
878 322
878 316
844 316
844 334
735 334
735 312
731 312
731 313
724 313
724 310
695 310
695 320
434 320
434 318
407 318
407 287
423 287
423 275
417 275
417 149
419 149
419 271
437 271
437 274
484 274
484 286
488 286
488 265
565 265
565 267
624 267
624 268
527 268
527 270
709 270
709 276
714 276
714 261
698 261
698 264
496 264
496 248
667 248
667 242
690 242
690 238
676 238
676 237
679 237
679 219
658 219
658 207
693 207
693 193
692 193
692 194
660 194
660 197
653 197
653 146
648 146
648 128
643 128
643 70
668 70
668 74
655 74
655 79
681 79
681 96
656 96
656 114
768 114
768 111
804 111
804 115
890 115
890 116
896 116
896 125
905 125
905 129
998 129
998 127
984 127
984 98
976 98
976 93
991 93
991 43
1017 43
1017 34
1027 34
1027 55
1026 55
1026 101
1028 101
1028 132
1025 132
1025 130
1009 130
1009 134
963 134
963 141
955 141
955 137
938 137
938 153
960 153
960 156
1007 156
1007 175
1051 175
1051 176
1044 176
1044 177
1054 177
1054 173
1062 173
1062 71
1064 71
1064 86
1067 86
1067 20
1065 20
1065 67
1061 67
1061 18
1066 18
1066 13
1060 13
1060 97
1058 97
1058 148
1057 148
1057 54
1056 54
1056 8
1053 8
1053 14
1055 14
1055 169
1015 169
1015 162
1008 162
1008 135
1047 135
1047 163
1048 163
1048 145
1049 145
1049 106
1032 106
1032 63
1029 63
1029 24
1021 24
1021 12
944 12
944 21
952 21
952 27
937 27
937 30
931 30
931 19
926 19
926 36
922 36
922 53
956 53
956 45
988 45
988 77
980 77
980 88
971 88
971 90
965 90
965 89
927 89
927 99
966 99
966 119
899 119
899 102
839 102
839 109
817 109
817 107
816 107
816 110
764 110
764 113
683 113
683 103
747 103
747 59
749 59
749 7
783 7
783 11
793 11
793 1
