788
828 1053
828 1089
806 1089
806 1051
819 1051
819 1045
791 1045
791 1034
755 1034
755 953
774 953
774 853
752 853
752 825
728 825
728 805
671 805
671 791
640 791
640 708
596 708
596 722
597 722
597 752
594 752
594 676
517 676
517 712
534 712
534 698
536 698
536 742
498 742
498 780
495 780
495 804
462 804
462 844
491 844
491 855
489 855
489 864
482 864
482 875
392 875
392 861
428 861
428 835
429 835
429 770
402 770
402 745
394 745
394 631
331 631
331 625
274 625
274 629
315 629
315 637
321 637
321 642
391 642
391 650
387 650
387 665
389 665
389 692
388 692
388 673
373 673
373 654
371 654
371 751
382 751
382 715
386 715
386 753
383 753
383 762
397 762
397 779
416 779
416 786
410 786
410 788
421 788
421 793
405 793
405 795
422 795
422 821
412 821
412 845
381 845
381 827
354 827
354 833
352 833
352 829
348 829
348 847
338 847
338 868
377 868
377 846
384 846
384 886
448 886
448 890
318 890
318 882
293 882
293 851
316 851
316 729
305 729
305 669
339 669
339 658
203 658
203 499
214 499
214 479
213 479
213 464
224 464
224 139
240 139
240 2
196 2
196 31
158 31
158 41
177 41
177 50
130 50
130 51
112 51
112 62
94 62
94 174
114 174
114 189
149 189
149 200
145 200
145 263
137 263
137 272
150 272
150 348
133 348
133 344
139 344
139 339
125 339
125 280
123 280
123 279
113 279
113 251
33 251
33 468
26 468
26 375
31 375
31 243
55 243
55 213
79 213
79 172
84 172
84 170
78 170
78 84
6 84
6 78
73 78
73 73
32 73
32 72
52 72
52 68
36 68
36 61
15 61
15 56
1 56
1 94
30 94
30 85
70 85
70 161
39 161
39 168
3 168
3 171
71 171
71 100
75 100
75 87
77 87
77 186
76 186
76 206
25 206
25 281
23 281
23 315
22 315
22 594
24 594
24 662
48 662
48 794
44 794
44 820
43 820
43 728
10 728
10 502
20 502
20 250
16 250
16 234
17 234
17 225
13 225
13 347
9 347
9 366
5 366
5 372
11 372
11 456
8 456
8 731
38 731
38 733
41 733
41 859
50 859
50 918
53 918
53 740
56 740
56 743
68 743
68 848
59 848
59 954
21 954
21 865
19 865
19 913
14 913
14 947
12 947
12 898
4 898
4 960
7 960
7 1031
18 1031
18 970
27 970
27 994
57 994
57 1011
47 1011
47 999
37 999
37 1026
66 1026
66 1044
74 1044
74 1017
65 1017
65 981
62 981
62 984
60 984
60 990
46 990
46 972
67 972
67 927
69 927
69 928
72 928
72 732
54 732
54 634
64 634
64 582
58 582
58 624
51 624
51 626
40 626
40 621
29 621
29 586
28 586
28 581
34 581
34 561
35 561
35 304
81 304
81 330
83 330
83 297
86 297
86 363
88 363
88 416
90 416
90 288
45 288
45 257
49 257
49 254
80 254
80 258
107 258
107 298
106 298
106 494
102 494
102 515
115 515
115 580
116 580
116 659
143 659
143 720
134 720
134 852
129 852
129 876
119 876
119 881
95 881
95 885
99 885
99 906
104 906
104 903
105 903
105 979
118 979
118 991
126 991
126 1030
127 1030
127 877
131 877
131 857
146 857
146 688
144 688
144 566
141 566
141 632
135 632
135 560
128 560
128 633
117 633
117 512
111 512
111 438
109 438
109 360
108 360
108 282
121 282
121 393
122 393
122 354
138 354
138 374
152 374
152 331
151 331
151 269
148 269
148 218
155 218
155 239
153 239
153 365
154 365
154 968
157 968
157 764
156 764
156 199
159 199
159 451
160 451
160 507
161 507
161 314
163 314
163 622
164 622
164 799
166 799
166 584
165 584
165 303
162 303
162 211
167 211
167 349
168 349
168 513
175 513
175 295
174 295
174 328
173 328
173 364
170 364
170 196
171 196
171 187
169 187
169 185
124 185
124 167
97 167
97 138
98 138
98 80
110 80
110 105
120 105
120 75
132 75
132 81
172 81
172 57
179 57
179 44
191 44
191 32
219 32
219 42
221 42
221 9
239 9
239 83
237 83
237 26
223 26
223 332
222 332
222 247
215 247
215 236
210 236
210 229
206 229
206 255
217 255
217 342
220 342
220 351
216 351
216 431
212 431
212 473
209 473
209 435
200 435
200 433
204 433
204 398
194 398
194 449
199 449
199 443
208 443
208 478
198 478
198 491
202 491
202 575
190 575
190 543
189 543
189 595
193 595
193 578
197 578
197 664
294 664
294 694
296 694
296 759
279 759
279 686
267 686
267 690
242 690
242 693
241 693
241 724
234 724
234 750
231 750
231 782
238 782
238 774
233 774
233 760
247 760
247 703
249 703
249 747
270 747
270 706
271 706
271 756
275 756
275 766
312 766
312 832
287 832
287 938
285 938
285 977
298 977
298 1012
276 1012
276 1013
254 1013
254 909
258 909
258 806
250 806
250 862
251 862
251 962
253 962
253 1014
236 1014
236 1020
307 1020
307 967
304 967
304 961
295 961
295 956
330 956
330 976
319 976
319 1007
332 1007
332 1008
340 1008
340 1004
347 1004
347 942
378 942
378 933
501 933
501 921
393 921
393 915
380 915
380 924
445 924
445 930
361 930
361 914
355 914
355 925
342 925
342 998
334 998
334 996
337 996
337 949
288 949
288 866
290 866
290 900
291 900
291 892
314 892
314 893
460 893
460 889
478 889
478 888
502 888
502 870
504 870
504 841
473 841
473 816
497 816
497 810
510 810
510 796
518 796
518 797
563 797
563 808
541 808
541 880
542 880
542 985
543 985
543 823
546 823
546 1028
547 1028
547 932
549 932
549 1029
554 1029
554 1000
551 1000
551 971
550 971
550 871
556 871
556 959
574 959
574 958
572 958
572 939
575 939
575 1040
580 1040
580 934
579 934
579 916
558 916
558 905
561 905
561 809
567 809
567 831
570 831
570 819
573 819
573 787
540 787
540 790
528 790
528 792
513 792
513 783
514 783
514 746
544 746
544 716
566 716
566 683
577 683
577 689
569 689
569 769
588 769
588 767
586 767
586 765
587 765
587 726
590 726
590 757
614 757
614 771
621 771
621 719
627 719
627 761
630 761
630 798
666 798
666 807
687 807
687 814
694 814
694 811
725 811
725 836
727 836
727 843
729 843
729 879
733 879
733 869
758 869
758 920
766 920
766 863
772 863
772 919
773 919
773 940
754 940
754 1035
788 1035
788 1046
789 1046
789 1060
801 1060
801 1096
829 1096
829 1054
834 1054
834 1067
836 1067
836 1085
837 1085
837 1057
845 1057
845 1092
850 1092
850 1121
843 1121
843 1126
852 1126
852 1091
848 1091
848 1064
854 1064
854 1078
856 1078
856 1145
880 1145
880 1127
883 1127
883 1120
884 1120
884 1119
873 1119
873 1072
879 1072
879 1110
886 1110
886 1148
870 1148
870 1172
866 1172
866 1179
751 1179
751 1175
827 1175
827 1174
809 1174
809 1165
787 1165
787 1171
770 1171
770 1173
736 1173
736 1156
606 1156
606 1154
595 1154
595 1158
696 1158
696 1168
715 1168
715 1180
889 1180
889 1098
885 1098
885 1069
871 1069
871 1128
869 1128
869 1134
872 1134
872 1138
868 1138
868 1076
862 1076
862 1053
