106
82 56
82 58
80 58
80 101
78 101
78 109
77 109
77 110
39 110
39 120
2 120
2 133
1 133
1 136
4 136
4 140
6 140
6 141
9 141
9 145
10 145
10 138
18 138
18 137
13 137
13 132
15 132
15 134
37 134
37 129
50 129
50 139
69 139
69 142
33 142
33 143
67 143
67 146
16 146
16 148
58 148
58 149
73 149
73 150
75 150
75 147
74 147
74 125
68 125
68 135
54 135
54 126
48 126
48 128
38 128
38 127
23 127
23 131
12 131
12 121
42 121
42 124
43 124
43 122
56 122
56 119
52 119
52 114
85 114
85 115
89 115
89 94
91 94
91 80
88 80
88 82
84 82
84 88
86 88
86 113
72 113
72 112
81 112
81 59
92 59
92 102
93 102
93 111
94 111
94 130
110 130
110 144
112 144
112 123
101 123
101 92
100 92
100 72
102 72
102 71
106 71
106 70
95 70
95 66
97 66
97 56
