170
82 5
82 58
80 58
80 101
78 101
78 109
77 109
77 110
39 110
39 120
2 120
2 133
1 133
1 136
4 136
4 140
6 140
6 141
9 141
9 145
10 145
10 138
18 138
18 137
13 137
13 132
15 132
15 134
37 134
37 129
50 129
50 139
69 139
69 142
33 142
33 143
67 143
67 146
16 146
16 148
58 148
58 149
73 149
73 150
75 150
75 147
74 147
74 125
68 125
68 135
54 135
54 126
48 126
48 128
38 128
38 127
23 127
23 131
12 131
12 121
42 121
42 124
43 124
43 122
56 122
56 119
52 119
52 114
85 114
85 115
89 115
89 94
91 94
91 80
88 80
88 82
84 82
84 88
86 88
86 113
72 113
72 112
81 112
81 59
92 59
92 102
93 102
93 111
94 111
94 130
110 130
110 144
112 144
112 123
101 123
101 92
100 92
100 72
102 72
102 71
106 71
106 70
95 70
95 66
97 66
97 56
87 56
87 46
105 46
105 37
107 37
107 45
113 45
113 44
109 44
109 39
108 39
108 34
99 34
99 33
98 33
98 43
96 43
96 42
83 42
83 6
103 6
103 9
111 9
111 8
122 8
122 10
123 10
123 18
137 18
137 47
135 47
135 54
134 54
134 32
131 32
131 24
124 24
124 25
118 25
118 28
121 28
121 30
125 30
125 49
133 49
133 51
132 51
132 53
114 53
114 55
139 55
139 29
138 29
138 17
126 17
126 14
128 14
128 12
150 12
150 11
136 11
136 7
120 7
120 5
