92
138 919
138 976
159 976
159 980
176 980
176 997
125 997
125 998
124 998
124 1014
44 1014
44 1008
38 1008
38 1001
35 1001
35 977
45 977
45 962
56 962
56 932
57 932
57 924
76 924
76 862
105 862
105 860
33 860
33 637
30 637
30 581
29 581
29 560
48 560
48 501
13 501
13 387
11 387
11 197
18 197
18 185
9 185
9 107
5 107
5 487
4 487
4 493
1 493
1 499
6 499
6 166
7 166
7 437
8 437
8 502
26 502
26 508
21 508
21 529
16 529
16 587
22 587
22 583
19 583
19 555
23 555
23 536
27 536
27 652
28 652
28 677
32 677
32 865
41 865
41 893
66 893
66 908
47 908
47 941
34 941
34 1016
126 1016
126 1000
127 1000
127 999
181 999
181 974
161 974
161 966
166 966
166 945
189 945
189 919
