644
173 588
173 590
182 590
182 594
184 594
184 748
183 748
183 919
138 919
138 976
159 976
159 980
176 980
176 997
125 997
125 998
124 998
124 1014
44 1014
44 1008
38 1008
38 1001
35 1001
35 977
45 977
45 962
56 962
56 932
57 932
57 924
76 924
76 862
105 862
105 860
33 860
33 637
30 637
30 581
29 581
29 560
48 560
48 501
13 501
13 387
11 387
11 197
18 197
18 185
9 185
9 107
5 107
5 487
4 487
4 493
1 493
1 499
6 499
6 166
7 166
7 437
8 437
8 502
26 502
26 508
21 508
21 529
16 529
16 587
22 587
22 583
19 583
19 555
23 555
23 536
27 536
27 652
28 652
28 677
32 677
32 865
41 865
41 893
66 893
66 908
47 908
47 941
34 941
34 1016
126 1016
126 1000
127 1000
127 999
181 999
181 974
161 974
161 966
166 966
166 945
189 945
189 874
185 874
185 749
186 749
186 711
188 711
188 733
191 733
191 736
193 736
193 868
192 868
192 975
205 975
205 940
203 940
203 596
208 596
208 806
204 806
204 922
207 922
207 933
209 933
209 790
212 790
212 739
210 739
210 630
214 630
214 864
217 864
217 805
220 805
220 1044
221 1044
221 1048
135 1048
135 1046
130 1046
130 1165
241 1165
241 1170
140 1170
140 1179
149 1179
149 1197
128 1197
128 1248
280 1248
280 1245
194 1245
194 1243
334 1243
334 1241
463 1241
463 1237
496 1237
496 1244
454 1244
454 1249
472 1249
472 1250
489 1250
489 1247
483 1247
483 1246
504 1246
504 1232
273 1232
273 1235
289 1235
289 1234
431 1234
431 1236
452 1236
452 1238
387 1238
387 1239
254 1239
254 1240
200 1240
200 1242
137 1242
137 1233
129 1233
129 1210
134 1210
134 1211
256 1211
256 1201
356 1201
356 1202
333 1202
333 1209
339 1209
339 1216
344 1216
344 1203
374 1203
374 1215
380 1215
380 1214
384 1214
384 1208
385 1208
385 1229
522 1229
522 1230
604 1230
604 1219
623 1219
623 1191
691 1191
691 1199
713 1199
713 1226
650 1226
650 1227
787 1227
787 1231
840 1231
840 1228
852 1228
852 1217
839 1217
839 1225
833 1225
833 1224
764 1224
764 1221
721 1221
721 1193
959 1193
959 1194
1015 1194
1015 1187
1016 1187
1016 1195
1017 1195
1017 1186
975 1186
975 1192
889 1192
889 1189
867 1189
867 1188
523 1188
523 1200
597 1200
597 1220
591 1220
591 1222
402 1222
402 1223
398 1223
398 1218
487 1218
487 1213
417 1213
417 1212
389 1212
389 1206
383 1206
383 1205
403 1205
403 1198
264 1198
264 1196
258 1196
258 1185
206 1185
206 1204
169 1204
169 1207
155 1207
155 1190
167 1190
167 1176
371 1176
371 1178
505 1178
505 1181
579 1181
579 1180
869 1180
869 1182
942 1182
942 1184
1121 1184
1121 1183
1075 1183
1075 1164
1151 1164
1151 1161
1058 1161
1058 1166
1055 1166
1055 1167
992 1167
992 1177
476 1177
476 1173
514 1173
514 1171
532 1171
532 1169
521 1169
521 1168
441 1168
441 1172
444 1172
444 1175
141 1175
141 1174
253 1174
253 1163
321 1163
321 1162
507 1162
507 1160
499 1160
499 1158
296 1158
296 1159
131 1159
131 1056
136 1056
136 1054
218 1054
218 1064
152 1064
152 1075
157 1075
157 1149
163 1149
163 1087
174 1087
174 1105
175 1105
175 1119
179 1119
179 1094
178 1094
178 1069
195 1069
195 1073
197 1073
197 1076
213 1076
213 1097
216 1097
216 1127
230 1127
230 1146
235 1146
235 1124
236 1124
236 1137
239 1137
239 1134
298 1134
298 1138
261 1138
261 1144
262 1144
262 1148
269 1148
269 1157
338 1157
338 1156
353 1156
353 1153
286 1153
286 1152
358 1152
358 1154
494 1154
494 1117
495 1117
495 1115
567 1115
567 1112
442 1112
442 1123
446 1123
446 1150
278 1150
278 1147
425 1147
425 1140
433 1140
433 1136
381 1136
381 1139
354 1139
354 1142
352 1142
352 1090
343 1090
343 1072
365 1072
365 1122
368 1122
368 1135
413 1135
413 1133
421 1133
421 1074
485 1074
485 1068
406 1068
406 1096
414 1096
414 1099
367 1099
367 1058
468 1058
468 1060
423 1060
423 1062
467 1062
467 1066
493 1066
493 1061
511 1061
511 1059
565 1059
565 1052
588 1052
588 1031
622 1031
622 1036
660 1036
660 1023
667 1023
667 1022
669 1022
669 1035
697 1035
697 1034
708 1034
708 1026
719 1026
719 1024
859 1024
859 1028
872 1028
872 1025
952 1025
952 1041
956 1041
956 1055
947 1055
947 1065
965 1065
965 1050
961 1050
961 1045
991 1045
991 1083
958 1083
958 1077
629 1077
629 1079
568 1079
568 1081
720 1081
720 1093
717 1093
717 1102
725 1102
725 1109
785 1109
785 1110
812 1110
812 1103
747 1103
747 1078
760 1078
760 1084
874 1084
874 1129
873 1129
873 1098
865 1098
865 1126
854 1126
854 1107
842 1107
842 1141
841 1141
841 1145
862 1145
862 1130
879 1130
879 1095
907 1095
907 1151
913 1151
913 1091
921 1091
921 1155
934 1155
934 1143
955 1143
955 1132
964 1132
964 1131
946 1131
946 1118
924 1118
924 1113
948 1113
948 1116
977 1116
977 1101
957 1101
957 1085
1005 1085
1005 1070
1004 1070
1004 1027
1008 1027
1008 1125
1009 1125
1009 1051
1012 1051
1012 1020
654 1020
654 1017
727 1017
727 1013
705 1013
705 1011
943 1011
943 1009
817 1009
817 1007
774 1007
774 1005
703 1005
703 1015
662 1015
662 1004
632 1004
632 1002
558 1002
558 1003
540 1003
540 1006
615 1006
615 1012
582 1012
582 1047
538 1047
538 1049
520 1049
520 1042
519 1042
519 1057
340 1057
340 1080
320 1080
320 1071
317 1071
317 1089
336 1089
336 1108
329 1108
329 1128
316 1128
316 1082
302 1082
302 1063
288 1063
288 1086
304 1086
304 1092
292 1092
292 1104
250 1104
250 1111
274 1111
274 1106
277 1106
277 1120
265 1120
265 1121
243 1121
243 1114
234 1114
234 1043
247 1043
247 1040
245 1040
245 1033
266 1033
266 1029
275 1029
275 1039
295 1039
295 1038
337 1038
337 1032
464 1032
464 1030
395 1030
395 1018
313 1018
313 1021
271 1021
271 1019
240 1019
240 1037
231 1037
231 1067
227 1067
227 1088
226 1088
226 1100
225 1100
225 1053
222 1053
222 845
223 845
223 1010
224 1010
224 686
215 686
215 589
202 589
202 959
201 959
201 714
199 714
199 946
198 946
198 578
196 578
196 607
190 607
190 671
187 671
187 588
