212
51 1
51 28
49 28
49 15
46 15
46 21
44 21
44 27
43 27
43 18
39 18
39 33
35 33
35 38
33 38
33 36
32 36
32 46
40 46
40 39
55 39
55 12
79 12
79 10
87 10
87 7
89 7
89 41
127 41
127 37
118 37
118 35
137 35
137 34
114 34
114 29
147 29
147 52
148 52
148 53
146 53
146 55
122 55
122 71
72 71
72 60
98 60
98 59
112 59
112 57
108 57
108 58
68 58
68 61
71 61
71 72
141 72
141 76
113 76
113 80
103 80
103 102
34 102
34 106
38 106
38 122
37 122
37 113
31 113
31 74
29 74
29 101
30 101
30 123
45 123
45 128
24 128
24 143
20 143
20 147
19 147
19 145
6 145
6 144
1 144
1 146
18 146
18 148
16 148
16 149
28 149
28 140
25 140
25 132
48 132
48 125
47 125
47 116
50 116
50 115
41 115
41 103
69 103
69 105
76 105
76 107
57 107
57 111
62 111
62 109
78 109
78 114
58 114
58 119
60 119
60 124
66 124
66 138
63 138
63 141
67 141
67 129
74 129
74 117
83 117
83 120
77 120
77 136
85 136
85 121
88 121
88 104
96 104
96 118
97 118
97 126
100 126
100 134
105 134
105 137
102 137
102 150
107 150
107 108
106 108
106 91
110 91
110 89
109 89
109 82
115 82
115 84
131 84
131 83
121 83
121 81
117 81
117 77
144 77
144 75
145 75
145 69
138 69
138 68
135 68
135 67
125 67
125 65
130 65
130 64
139 64
139 63
133 63
133 62
129 62
129 56
150 56
150 26
128 26
128 11
124 11
124 9
120 9
120 17
111 17
111 20
126 20
126 24
104 24
104 40
99 40
99 30
95 30
95 32
91 32
91 31
90 31
90 14
92 14
92 8
94 8
94 6
54 6
54 5
93 5
93 4
119 4
119 3
53 3
53 2
75 2
75 1
