106
30 147
30 158
14 158
14 164
15 164
15 180
11 180
11 173
1 173
1 210
5 210
5 190
4 190
4 176
10 176
10 187
17 187
17 207
21 207
21 183
16 183
16 181
35 181
35 156
36 156
36 196
37 196
37 167
45 167
45 174
77 174
77 175
49 175
49 202
52 202
52 177
59 177
59 178
60 178
60 182
82 182
82 197
86 197
86 199
66 199
66 203
88 203
88 185
97 185
97 179
78 179
78 172
56 172
56 171
102 171
102 188
105 188
105 186
107 186
107 201
104 201
104 206
106 206
106 247
103 247
103 245
101 245
101 250
123 250
123 242
124 242
124 213
128 213
128 208
130 208
130 211
131 211
131 223
134 223
134 222
157 222
157 220
186 220
186 217
136 217
136 215
133 215
133 194
125 194
125 212
121 212
121 248
116 248
116 249
109 249
109 191
111 191
111 189
108 189
108 184
112 184
112 170
48 170
48 166
50 166
50 147
