384
2 2
2 19
1 19
1 55
26 55
26 61
4 61
4 62
25 62
25 65
21 65
21 78
22 78
22 102
20 102
20 81
8 81
8 87
6 87
6 95
12 95
12 92
10 92
10 90
14 90
14 104
71 104
71 105
51 105
51 107
120 107
120 111
108 111
108 126
107 126
107 135
97 135
97 148
92 148
92 155
100 155
100 158
202 158
202 159
249 159
249 164
222 164
222 169
228 169
228 171
195 171
195 168
177 168
177 165
153 165
153 161
130 161
130 162
102 162
102 175
76 175
76 149
85 149
85 145
84 145
84 147
67 147
67 186
82 186
82 187
99 187
99 188
81 188
81 191
83 191
83 192
62 192
62 183
64 183
64 151
59 151
59 181
57 181
57 160
53 160
53 170
55 170
55 193
80 193
80 196
98 196
98 194
125 194
125 185
88 185
88 182
154 182
154 197
145 197
145 202
169 202
169 178
144 178
144 174
136 174
136 177
113 177
113 179
90 179
90 176
104 176
104 163
118 163
118 167
157 167
157 166
174 166
174 189
178 189
178 200
194 200
194 201
197 201
197 219
163 219
163 218
134 218
134 217
190 217
190 212
189 212
189 213
143 213
143 216
111 216
111 221
159 221
159 227
137 227
137 228
103 228
103 229
96 229
96 231
132 231
132 230
152 230
152 236
65 236
65 220
73 220
73 234
148 234
148 232
79 232
79 214
45 214
45 225
48 225
48 233
63 233
63 235
56 235
56 243
40 243
40 223
38 223
38 203
9 203
9 205
29 205
29 206
35 206
35 207
13 207
13 211
15 211
15 209
19 209
19 208
37 208
37 215
17 215
17 245
16 245
16 246
33 246
33 247
11 247
11 210
5 210
5 248
24 248
24 250
28 250
28 249
78 249
78 244
70 244
70 239
89 239
89 242
105 242
105 240
167 240
167 238
95 238
95 237
164 237
164 222
181 222
181 224
183 224
183 226
191 226
191 241
200 241
200 204
215 204
215 198
199 198
199 199
196 199
196 195
185 195
185 180
188 180
188 190
193 190
193 184
209 184
209 173
210 173
210 172
250 172
250 156
243 156
243 154
231 154
231 157
127 157
127 153
114 153
114 152
133 152
133 150
121 150
121 139
192 139
192 140
217 140
217 144
218 144
218 142
236 142
236 143
230 143
230 146
240 146
240 125
245 125
245 141
247 141
247 134
246 134
246 97
248 97
248 96
244 96
244 108
242 108
242 113
229 113
229 115
206 115
206 124
186 124
186 123
182 123
182 128
221 128
221 117
235 117
235 121
234 121
234 127
233 127
233 129
239 129
239 131
223 131
223 132
203 132
203 138
162 138
162 137
138 137
138 136
124 136
124 133
109 133
109 112
116 112
116 116
131 116
131 130
135 130
135 122
140 122
140 119
156 119
156 120
172 120
172 118
180 118
180 109
175 109
175 110
161 110
161 114
123 114
123 103
101 103
101 106
91 106
91 101
27 101
27 100
54 100
54 99
86 99
86 98
23 98
23 76
31 76
31 77
32 77
32 67
36 67
36 26
30 26
30 32
18 32
18 53
3 53
3 16
7 16
7 10
34 10
34 5
41 5
41 3
42 3
42 6
46 6
46 12
43 12
43 18
44 18
44 15
68 15
68 23
74 23
74 39
93 39
93 38
94 38
94 40
58 40
58 41
112 41
112 36
150 36
150 33
75 33
75 21
77 21
77 13
47 13
47 7
69 7
69 4
52 4
52 2
