308
122 52
122 55
195 55
195 39
196 39
196 62
194 62
194 73
181 73
181 80
186 80
186 93
185 93
185 128
175 128
175 132
169 132
169 126
161 126
161 125
173 125
173 118
149 118
149 160
147 160
147 157
72 157
72 154
74 154
74 151
69 151
69 113
71 113
71 89
87 89
87 87
98 87
98 77
100 77
100 58
92 58
92 46
95 46
95 23
93 23
93 8
78 8
78 15
63 15
63 19
61 19
61 24
50 24
50 28
38 28
38 32
22 32
22 69
18 69
18 99
19 99
19 120
10 120
10 121
4 121
4 64
5 64
5 114
9 114
9 102
8 102
8 57
13 57
13 5
12 5
12 48
7 48
7 53
2 53
2 61
3 61
3 122
14 122
14 145
1 145
1 166
11 166
11 169
6 169
6 173
21 173
21 165
16 165
16 123
17 123
17 133
20 133
20 70
24 70
24 94
25 94
25 96
23 96
23 98
37 98
37 100
39 100
39 104
40 104
40 59
36 59
36 76
35 76
35 67
33 67
33 66
30 66
30 47
31 47
31 41
45 41
45 72
44 72
44 107
54 107
54 110
43 110
43 108
41 108
41 112
48 112
48 111
57 111
57 105
56 105
56 103
51 103
51 91
52 91
52 78
46 78
46 74
49 74
49 36
29 36
29 37
34 37
34 40
28 40
28 68
32 68
32 86
26 86
26 38
27 38
27 35
42 35
42 34
47 34
47 31
64 31
64 29
65 29
65 17
81 17
81 14
91 14
91 43
90 43
90 65
88 65
88 71
86 71
86 79
94 79
94 84
83 84
83 85
68 85
68 97
67 97
67 140
66 140
66 134
60 134
60 131
59 131
59 153
58 153
58 156
62 156
62 155
70 155
70 162
76 162
76 159
103 159
103 158
141 158
141 163
139 163
139 168
144 168
144 172
130 172
130 164
138 164
138 161
127 161
127 171
128 171
128 178
136 178
136 180
134 180
134 189
123 189
123 191
113 191
113 182
115 182
115 176
114 176
114 174
104 174
104 179
101 179
101 187
112 187
112 190
111 190
111 199
109 199
109 200
142 200
142 198
117 198
117 193
148 193
148 192
155 192
155 196
150 196
150 197
178 197
178 195
199 195
199 185
200 185
200 183
198 183
198 194
168 194
168 188
137 188
137 175
140 175
140 186
159 186
159 184
143 184
143 177
145 177
145 181
146 181
146 170
156 170
156 148
153 148
153 167
151 167
151 146
152 146
152 119
154 119
154 137
164 137
164 147
170 147
170 143
165 143
165 141
167 141
167 142
174 142
174 138
183 138
183 144
192 144
192 129
189 129
189 136
188 136
188 127
187 127
187 75
197 75
197 27
193 27
193 42
182 42
182 49
177 49
177 50
176 50
176 54
129 54
129 52
