196
6 43
6 34
1 34
1 53
2 53
2 54
8 54
8 52
3 52
3 44
4 44
4 41
5 41
5 51
9 51
9 48
14 48
14 62
11 62
11 78
15 78
15 110
10 110
10 145
12 145
12 150
36 150
36 129
44 129
44 118
26 118
26 115
41 115
41 109
29 109
29 104
30 104
30 102
48 102
48 70
52 70
52 71
53 71
53 82
50 82
50 141
66 141
66 140
51 140
51 95
54 95
54 131
58 131
58 138
91 138
91 143
90 143
90 144
64 144
64 148
85 148
85 149
88 149
88 146
95 146
95 142
94 142
94 137
60 137
60 136
98 136
98 132
107 132
107 127
102 127
102 125
111 125
111 130
128 130
128 126
115 126
115 122
118 122
118 121
148 121
148 111
145 111
145 91
136 91
136 94
134 94
134 72
127 72
127 74
114 74
114 73
106 73
106 75
119 75
119 81
101 81
101 46
108 46
108 49
109 49
109 57
150 57
150 56
144 56
144 55
126 55
126 40
87 40
87 42
96 42
96 45
100 45
100 84
112 84
112 88
133 88
133 101
129 101
129 106
143 106
143 108
121 108
121 113
120 113
120 119
97 119
97 133
65 133
65 134
62 134
62 135
61 135
61 117
68 117
68 124
69 124
69 123
72 123
72 116
76 116
76 120
86 120
86 105
77 105
77 103
78 103
78 96
82 96
82 97
83 97
83 65
70 65
70 80
71 80
71 85
73 85
73 90
74 90
74 114
55 114
55 100
57 100
57 86
56 86
56 69
45 69
45 79
40 79
40 83
46 83
46 93
39 93
39 98
43 98
43 99
28 99
28 107
23 107
23 89
21 89
21 92
22 92
22 128
24 128
24 147
17 147
17 112
19 112
19 61
16 61
16 43
