178
223 188
223 182
235 182
235 181
238 181
238 172
255 172
255 135
227 135
227 132
268 132
268 131
228 131
228 30
230 30
230 22
148 22
148 29
97 29
97 27
26 27
26 82
20 82
20 166
21 166
21 86
23 86
23 238
18 238
18 241
14 241
14 242
11 242
11 244
9 244
9 198
8 198
8 183
10 183
10 176
6 176
6 146
4 146
4 104
1 104
1 119
3 119
3 211
2 211
2 246
34 246
34 247
13 247
13 253
124 253
124 254
145 254
145 252
70 252
70 251
35 251
35 245
41 245
41 234
33 234
33 232
24 232
24 207
25 207
25 167
28 167
28 28
87 28
87 35
49 35
49 38
31 38
31 41
30 41
30 65
39 65
39 69
61 69
61 71
63 71
63 72
40 72
40 85
42 85
42 73
64 73
64 121
43 121
43 145
51 145
51 125
56 125
56 148
85 148
85 144
90 144
90 107
80 107
80 92
100 92
100 114
115 114
115 103
102 103
102 87
101 87
101 79
78 79
78 95
77 95
77 116
88 116
88 138
89 138
89 141
57 141
57 130
66 130
66 113
67 113
67 111
76 111
76 75
79 75
79 62
82 62
82 58
114 58
114 57
75 57
75 110
71 110
71 54
84 54
84 49
86 49
86 47
92 47
92 50
94 50
94 43
46 43
46 55
38 55
38 39
109 39
109 32
138 32
138 33
166 33
166 26
180 26
180 24
187 24
187 23
215 23
215 31
210 31
210 42
214 42
214 36
218 36
218 52
224 52
224 118
221 118
221 151
249 151
249 160
226 160
226 163
217 163
217 188
