414
272 203
272 200
257 200
257 191
223 191
223 182
235 182
235 181
238 181
238 172
255 172
255 135
227 135
227 132
268 132
268 131
228 131
228 30
230 30
230 22
148 22
148 29
97 29
97 27
26 27
26 82
20 82
20 166
21 166
21 86
23 86
23 238
18 238
18 241
14 241
14 242
11 242
11 244
9 244
9 198
8 198
8 183
10 183
10 176
6 176
6 146
4 146
4 104
1 104
1 119
3 119
3 211
2 211
2 246
34 246
34 247
13 247
13 253
124 253
124 254
145 254
145 252
70 252
70 251
35 251
35 245
41 245
41 234
33 234
33 232
24 232
24 207
25 207
25 167
28 167
28 28
87 28
87 35
49 35
49 38
31 38
31 41
30 41
30 65
39 65
39 69
61 69
61 71
63 71
63 72
40 72
40 85
42 85
42 73
64 73
64 121
43 121
43 145
51 145
51 125
56 125
56 148
85 148
85 144
90 144
90 107
80 107
80 92
100 92
100 114
115 114
115 103
102 103
102 87
101 87
101 79
78 79
78 95
77 95
77 116
88 116
88 138
89 138
89 141
57 141
57 130
66 130
66 113
67 113
67 111
76 111
76 75
79 75
79 62
82 62
82 58
114 58
114 57
75 57
75 110
71 110
71 54
84 54
84 49
86 49
86 47
92 47
92 50
94 50
94 43
46 43
46 55
38 55
38 39
109 39
109 32
138 32
138 33
166 33
166 26
180 26
180 24
187 24
187 23
215 23
215 31
210 31
210 42
214 42
214 36
218 36
218 52
224 52
224 118
221 118
221 151
249 151
249 160
226 160
226 163
217 163
217 188
213 188
213 168
208 168
208 154
207 154
207 193
209 193
209 209
225 209
225 196
233 196
233 215
222 215
222 216
183 216
183 259
185 259
185 288
161 288
161 289
190 289
190 291
163 291
163 301
165 301
165 298
182 298
182 292
197 292
197 285
198 285
198 404
196 404
196 364
194 364
194 436
191 436
191 413
178 413
178 395
176 395
176 410
175 410
175 428
181 428
181 437
186 437
186 445
173 445
173 403
172 403
172 423
169 423
169 399
168 399
168 389
164 389
164 482
177 482
177 486
171 486
171 487
162 487
162 488
174 488
174 498
118 498
118 346
119 346
119 414
122 414
122 382
123 382
123 405
126 405
126 467
133 467
133 475
151 475
151 459
152 459
152 452
149 452
149 435
159 435
159 386
155 386
155 379
158 379
158 378
160 378
160 347
156 347
156 335
157 335
157 278
154 278
154 388
153 388
153 429
150 429
150 402
144 402
144 318
143 318
143 277
142 277
142 293
140 293
140 351
141 351
141 441
147 441
147 443
146 443
146 442
139 442
139 461
130 461
130 355
131 355
131 300
136 300
136 317
137 317
137 279
135 279
135 299
134 299
134 282
103 282
103 305
99 305
99 309
107 309
107 336
106 336
106 327
54 327
54 350
55 350
55 359
50 359
50 430
45 430
45 444
32 444
32 450
36 450
36 455
47 455
47 451
52 451
52 408
53 408
53 373
65 373
65 456
68 456
68 465
59 465
59 471
48 471
48 468
29 468
29 457
5 457
5 460
7 460
7 458
22 458
22 472
69 472
69 447
81 447
81 434
83 434
83 409
73 409
73 392
72 392
72 371
58 371
58 341
62 341
62 330
93 330
93 334
96 334
96 354
108 354
108 284
105 284
105 283
120 283
120 290
129 290
129 433
128 433
128 372
125 372
125 331
117 331
117 500
179 500
179 478
167 478
167 453
201 453
201 303
200 303
200 270
205 270
205 267
193 267
193 262
192 262
192 231
184 231
184 221
216 221
216 220
199 220
199 218
189 218
189 217
237 217
237 214
261 214
261 213
236 213
236 203
