226
120 1
120 11
119 11
119 13
117 13
117 32
82 32
82 33
94 33
94 35
81 35
81 41
121 41
121 45
100 45
100 66
98 66
98 104
97 104
97 86
89 86
89 64
87 64
87 61
30 61
30 67
23 67
23 54
22 54
22 87
29 87
29 90
17 90
17 101
7 101
7 95
8 95
8 92
5 92
5 76
1 76
1 97
2 97
2 80
3 80
3 109
10 109
10 112
11 112
11 105
12 105
12 108
20 108
20 107
18 107
18 93
25 93
25 106
31 106
31 103
33 103
33 96
36 96
36 83
37 83
37 73
47 73
47 62
49 62
49 63
77 63
77 79
74 79
74 68
67 68
67 84
60 84
60 65
58 65
58 98
79 98
79 110
48 110
48 121
45 121
45 126
40 126
40 127
38 127
38 135
35 135
35 142
27 142
27 138
28 138
28 131
24 131
24 143
26 143
26 147
21 147
21 137
19 137
19 149
39 149
39 132
41 132
41 129
43 129
43 128
50 128
50 141
42 141
42 148
44 148
44 150
52 150
52 139
51 139
51 111
54 111
54 114
86 114
86 130
84 130
84 120
83 120
83 122
57 122
57 123
78 123
78 133
56 133
56 125
55 125
55 145
75 145
75 136
76 136
76 146
80 146
80 144
88 144
88 140
99 140
99 134
90 134
90 102
91 102
91 119
93 119
93 94
71 94
71 88
96 88
96 124
106 124
106 113
105 113
105 51
104 51
104 117
102 117
102 46
108 46
108 49
124 49
124 47
141 47
141 39
101 39
101 37
115 37
115 36
128 36
128 38
144 38
144 40
143 40
143 50
148 50
148 55
131 55
131 69
125 69
125 82
126 82
126 100
129 100
129 81
130 81
130 70
132 70
132 115
110 115
110 118
112 118
112 116
133 116
133 75
137 75
137 99
139 99
139 91
138 91
138 89
140 89
140 58
146 58
146 71
150 71
150 22
147 22
147 23
149 23
149 31
123 31
123 20
145 20
145 18
122 18
122 9
127 9
127 4
136 4
136 1
