120
97 88
97 86
89 86
89 64
87 64
87 61
30 61
30 67
23 67
23 54
22 54
22 87
29 87
29 90
17 90
17 101
7 101
7 95
8 95
8 92
5 92
5 76
1 76
1 97
2 97
2 80
3 80
3 109
10 109
10 112
11 112
11 105
12 105
12 108
20 108
20 107
18 107
18 93
25 93
25 106
31 106
31 103
33 103
33 96
36 96
36 83
37 83
37 73
47 73
47 62
49 62
49 63
77 63
77 79
74 79
74 68
67 68
67 84
60 84
60 65
58 65
58 98
79 98
79 110
48 110
48 121
45 121
45 126
40 126
40 127
38 127
38 135
35 135
35 142
27 142
27 138
28 138
28 131
24 131
24 143
26 143
26 147
21 147
21 137
19 137
19 149
39 149
39 132
41 132
41 129
43 129
43 128
50 128
50 141
42 141
42 148
44 148
44 150
52 150
52 139
51 139
51 111
54 111
54 114
86 114
86 130
84 130
84 120
83 120
83 122
57 122
57 123
78 123
78 133
90 133
90 102
93 102
93 94
71 94
71 88
