134
1 35
1 40
3 40
3 36
20 36
20 43
47 43
47 45
39 45
39 46
15 46
15 55
17 55
17 49
22 49
22 58
24 58
24 47
53 47
53 50
57 50
57 53
59 53
59 59
32 59
32 60
30 60
30 74
29 74
29 86
23 86
23 85
25 85
25 83
4 83
4 144
8 144
8 149
7 149
7 148
2 148
2 150
45 150
45 143
38 143
38 146
14 146
14 147
10 147
10 145
36 145
36 142
18 142
18 141
150 141
150 117
149 117
149 114
141 114
141 109
131 109
131 107
122 107
122 106
115 106
115 103
118 103
118 100
75 100
75 104
72 104
72 72
83 72
83 82
85 82
85 70
69 70
69 68
66 68
66 102
65 102
65 118
67 118
67 97
70 97
70 112
81 112
81 101
110 101
110 105
106 105
106 108
100 108
100 110
140 110
140 115
143 115
143 134
145 134
145 124
147 124
147 138
111 138
111 140
27 140
27 139
16 139
16 136
5 136
5 133
42 133
42 131
34 131
34 130
6 130
6 84
19 84
19 87
31 87
31 66
35 66
35 63
62 63
62 54
61 54
61 44
49 44
49 41
60 41
60 39
48 39
48 38
58 38
58 35
