216
1 35
1 40
3 40
3 36
20 36
20 43
47 43
47 45
39 45
39 46
15 46
15 55
17 55
17 49
22 49
22 58
24 58
24 47
53 47
53 50
57 50
57 53
59 53
59 59
32 59
32 60
30 60
30 74
29 74
29 86
23 86
23 85
25 85
25 83
4 83
4 144
8 144
8 149
7 149
7 148
2 148
2 150
45 150
45 143
38 143
38 146
14 146
14 147
10 147
10 145
36 145
36 142
18 142
18 141
150 141
150 117
149 117
149 73
148 73
148 114
141 114
141 109
131 109
131 107
122 107
122 106
115 106
115 103
118 103
118 100
75 100
75 104
72 104
72 72
83 72
83 82
80 82
80 94
90 94
90 96
88 96
88 99
109 99
109 79
112 79
112 93
135 93
135 95
144 95
144 69
142 69
142 88
125 88
125 92
117 92
117 81
116 81
116 80
121 80
121 76
134 76
134 75
120 75
120 78
105 78
105 98
101 98
101 90
98 90
98 91
85 91
85 62
84 62
84 57
102 57
102 56
79 56
79 61
82 61
82 70
69 70
69 68
66 68
66 102
65 102
65 118
67 118
67 97
70 97
70 137
71 137
71 112
73 112
73 119
77 119
77 132
76 132
76 135
94 135
94 126
78 126
78 123
93 123
93 120
87 120
87 116
74 116
74 113
81 113
81 101
110 101
110 105
106 105
106 108
100 108
100 111
133 111
133 110
140 110
140 115
143 115
143 134
145 134
145 124
147 124
147 138
111 138
111 140
27 140
27 139
16 139
16 136
5 136
5 133
42 133
42 131
34 131
34 129
41 129
41 125
37 125
37 121
26 121
26 127
21 127
21 122
12 122
12 128
11 128
11 130
6 130
6 84
19 84
19 87
28 87
28 89
31 89
31 66
35 66
35 63
40 63
40 65
64 65
64 64
62 64
62 54
61 54
61 44
49 44
49 41
60 41
60 39
48 39
48 38
58 38
58 35
