308
1 16
1 48
3 48
3 47
4 47
4 18
26 18
26 19
9 19
9 26
8 26
8 29
16 29
16 41
10 41
10 74
21 74
21 89
15 89
15 77
6 77
6 93
12 93
12 141
11 141
11 148
14 148
14 139
30 139
30 153
22 153
22 165
18 165
18 176
31 176
31 130
38 130
38 125
43 125
43 122
57 122
57 126
78 126
78 131
48 131
48 150
42 150
42 164
49 164
49 167
40 167
40 200
39 200
39 237
44 237
44 171
59 171
59 180
54 180
54 181
47 181
47 225
53 225
53 232
45 232
45 238
52 238
52 233
55 233
55 194
58 194
58 227
61 227
61 228
62 228
62 192
69 192
69 174
87 174
87 201
109 201
109 202
84 202
84 204
94 204
94 213
137 213
137 214
146 214
146 218
142 218
142 223
147 223
147 212
154 212
154 209
127 209
127 205
202 205
202 207
212 207
212 226
210 226
210 211
211 211
211 208
205 208
205 217
201 217
201 222
192 222
192 236
188 236
188 239
203 239
203 234
197 234
197 231
206 231
206 242
198 242
198 243
208 243
208 249
213 249
213 206
217 206
217 220
221 220
221 241
220 241
220 247
228 247
228 244
222 244
222 215
224 215
224 199
218 199
218 198
193 198
193 190
165 190
165 187
153 187
153 196
144 196
144 186
195 186
195 195
204 195
204 185
150 185
150 179
229 179
229 250
234 250
234 224
233 224
233 246
231 246
231 203
230 203
230 177
226 177
226 178
141 178
141 161
140 161
140 197
113 197
113 193
131 193
131 184
134 184
134 175
132 175
132 173
125 173
125 182
110 182
110 162
104 162
104 183
130 183
130 189
100 189
100 191
92 191
92 132
96 132
96 134
99 134
99 157
133 157
133 159
200 159
200 160
223 160
223 158
227 158
227 155
225 155
225 151
215 151
215 149
232 149
232 146
177 146
177 144
172 144
172 142
171 142
171 140
163 140
163 137
164 137
164 138
173 138
173 135
156 135
156 133
174 133
174 115
185 115
185 129
186 129
186 123
196 123
196 103
199 103
199 96
216 96
216 55
219 55
219 52
214 52
214 76
209 76
209 83
207 83
207 82
187 82
187 78
179 78
179 75
178 75
178 86
176 86
176 87
191 87
191 94
160 94
160 98
184 98
184 100
148 100
148 102
139 102
139 105
136 105
136 106
161 106
161 101
183 101
183 104
190 104
190 110
166 110
166 114
145 114
145 147
194 147
194 156
129 156
129 154
103 154
103 128
91 128
91 172
67 172
67 170
50 170
50 152
79 152
79 124
68 124
68 121
32 121
32 127
27 127
27 97
23 97
23 80
24 80
24 69
60 69
60 66
33 66
33 65
17 65
17 45
19 45
19 25
51 25
51 24
28 24
28 16
