110
81 444
81 498
12 498
12 497
1 497
1 500
49 500
49 499
88 499
88 491
93 491
93 468
92 468
92 459
90 459
90 452
218 452
218 451
222 451
222 454
257 454
257 449
119 449
119 447
303 447
303 456
238 456
238 466
295 466
295 465
297 465
297 469
298 469
298 472
344 472
344 474
367 474
367 470
381 470
381 477
323 477
323 475
270 475
270 479
131 479
131 482
149 482
149 486
123 486
123 490
125 490
125 496
150 496
150 485
154 485
154 481
280 481
280 480
307 480
307 484
395 484
395 473
432 473
432 483
415 483
415 487
425 487
425 488
448 488
448 492
445 492
445 493
419 493
419 495
456 495
456 494
474 494
474 489
452 489
452 467
398 467
398 463
394 463
394 464
336 464
336 471
310 471
310 461
320 461
320 460
241 460
241 458
400 458
400 457
339 457
339 450
334 450
334 453
312 453
312 448
304 448
304 446
89 446
89 439
87 439
87 462
84 462
84 455
86 455
86 444
