508
215 356
215 389
190 389
190 391
182 391
182 379
142 379
142 398
132 398
132 401
168 401
168 396
148 396
148 394
145 394
145 385
173 385
173 395
174 395
174 400
188 400
188 404
209 404
209 407
216 407
216 414
196 414
196 420
175 420
175 406
82 406
82 418
79 418
79 415
73 415
73 421
99 421
99 425
68 425
68 405
64 405
64 444
81 444
81 498
12 498
12 497
1 497
1 500
49 500
49 499
88 499
88 491
93 491
93 468
92 468
92 459
90 459
90 452
218 452
218 451
222 451
222 454
257 454
257 449
119 449
119 447
303 447
303 456
238 456
238 466
295 466
295 465
297 465
297 469
298 469
298 472
344 472
344 474
367 474
367 470
381 470
381 477
323 477
323 475
270 475
270 479
131 479
131 482
149 482
149 486
123 486
123 490
125 490
125 496
150 496
150 485
154 485
154 481
280 481
280 480
307 480
307 484
395 484
395 473
432 473
432 483
415 483
415 487
425 487
425 488
448 488
448 492
445 492
445 493
419 493
419 495
456 495
456 494
474 494
474 489
452 489
452 467
398 467
398 463
394 463
394 464
336 464
336 471
310 471
310 461
320 461
320 460
241 460
241 458
400 458
400 457
339 457
339 450
334 450
334 453
312 453
312 448
304 448
304 446
89 446
89 439
87 439
87 462
84 462
84 455
86 455
86 438
65 438
65 412
66 412
66 436
78 436
78 437
83 437
83 431
85 431
85 435
105 435
105 433
109 433
109 423
106 423
106 428
102 428
102 408
160 408
160 411
169 411
169 424
191 424
191 426
143 426
143 413
134 413
134 419
140 419
140 432
151 432
151 440
164 440
164 427
202 427
202 417
203 417
203 434
180 434
180 443
269 443
269 445
274 445
274 442
204 442
204 441
211 441
211 429
228 429
228 422
248 422
248 416
229 416
229 399
217 399
217 360
226 360
226 374
254 374
254 363
255 363
255 376
462 376
462 380
459 380
459 381
364 381
364 377
353 377
353 378
290 378
290 382
337 382
337 383
273 383
273 384
401 384
401 388
324 388
324 402
291 402
291 430
296 430
296 409
299 409
299 403
345 403
345 393
420 393
420 390
471 390
471 371
437 371
437 344
457 344
457 333
473 333
473 332
467 332
467 322
444 322
444 323
427 323
427 357
436 357
436 359
424 359
424 313
389 313
389 320
388 320
388 318
372 318
372 321
371 321
371 326
352 326
352 331
335 331
335 328
328 328
328 334
321 334
321 315
326 315
326 314
311 314
311 251
318 251
318 309
327 309
327 293
330 293
330 302
331 302
331 299
350 299
350 253
357 253
357 237
340 237
340 287
319 287
319 235
329 235
329 175
341 175
341 189
349 189
349 185
361 185
361 200
360 200
360 192
333 192
333 194
356 194
356 209
346 209
346 227
393 227
393 229
403 229
403 254
409 254
409 256
429 256
429 257
433 257
433 250
423 250
423 247
449 247
449 248
464 248
464 219
465 219
465 184
463 184
463 156
460 156
460 149
475 149
475 150
478 150
478 129
470 129
470 140
468 140
468 142
472 142
472 144
453 144
453 138
439 138
439 113
440 113
440 91
435 91
435 87
434 87
434 56
438 56
438 48
441 48
441 76
466 76
466 59
476 59
476 62
480 62
480 11
485 11
485 50
484 50
484 19
482 19
482 32
481 32
481 68
490 68
490 72
491 72
491 61
488 61
488 37
487 37
487 16
496 16
496 17
493 17
493 65
492 65
492 107
498 107
498 186
499 186
499 97
495 97
495 90
494 90
494 22
497 22
497 58
500 58
500 15
486 15
486 14
489 14
489 4
479 4
479 6
483 6
483 10
477 10
477 57
447 57
447 41
446 41
446 47
430 47
430 77
431 77
431 159
442 159
442 163
454 163
454 169
455 169
455 162
443 162
443 151
458 151
458 214
461 214
461 245
451 245
451 238
413 238
413 244
406 244
406 223
396 223
396 224
404 224
404 226
347 226
347 215
365 215
365 181
368 181
368 176
366 176
366 123
369 123
369 146
382 146
382 135
386 135
386 111
351 111
351 104
370 104
370 99
354 99
354 94
302 94
302 108
305 108
305 110
338 110
338 112
315 112
315 117
375 117
375 119
362 119
362 183
342 183
342 164
325 164
325 195
317 195
317 232
309 232
309 284
306 284
306 336
358 336
358 330
376 330
376 325
397 325
397 317
408 317
408 324
414 324
414 348
417 348
417 327
418 327
418 349
421 349
421 367
380 367
380 368
383 368
383 372
416 372
416 373
450 373
450 375
271 375
271 366
268 366
268 356
