960
69 2
69 5
128 5
128 18
127 18
127 19
62 19
62 21
55 21
55 17
44 17
44 22
169 22
169 24
33 24
33 6
29 6
29 7
18 7
18 8
10 8
10 26
154 26
154 39
143 39
143 52
85 52
85 59
9 59
9 61
45 61
45 63
21 63
21 81
23 81
23 152
24 152
24 126
26 126
26 71
52 71
52 60
87 60
87 79
92 79
92 157
84 157
84 120
47 120
47 160
49 160
49 241
70 241
70 252
83 252
83 258
88 258
88 256
165 256
165 267
130 267
130 266
115 266
115 268
168 268
168 269
148 269
148 272
145 272
145 273
173 273
173 275
136 275
136 270
105 270
105 293
179 293
179 304
67 304
67 317
20 317
20 322
102 322
102 321
109 321
109 339
116 339
116 359
91 359
91 358
72 358
72 329
1 329
1 331
11 331
11 333
19 333
19 337
25 337
25 346
22 346
22 356
14 356
14 362
30 362
30 381
7 381
7 401
13 401
13 420
42 420
42 434
46 434
46 456
64 456
64 443
100 443
100 444
223 444
223 447
162 447
162 448
121 448
121 451
227 451
227 399
230 399
230 396
226 396
226 377
250 377
250 378
236 378
236 445
242 445
242 473
190 473
190 471
222 471
222 463
194 463
194 457
189 457
189 466
96 466
96 469
8 469
8 465
48 465
48 464
12 464
12 461
6 461
6 459
4 459
4 467
2 467
2 475
34 475
34 476
15 476
15 478
90 478
90 474
61 474
61 470
188 470
188 477
218 477
218 481
217 481
217 482
203 482
203 492
221 492
221 496
228 496
228 483
231 483
231 494
257 494
257 440
253 440
253 423
248 423
248 379
259 379
259 383
272 383
272 441
288 441
288 455
291 455
291 485
289 485
289 493
290 493
290 500
336 500
336 497
333 497
333 499
325 499
325 495
301 495
301 468
309 468
309 462
302 462
302 452
331 452
331 428
379 428
379 427
438 427
438 426
426 426
426 415
419 415
419 414
407 414
407 398
409 398
409 407
413 407
413 403
434 403
434 408
441 408
441 412
449 412
449 360
462 360
462 354
466 354
466 460
469 460
469 454
472 454
472 323
475 323
475 410
481 410
481 402
478 402
478 384
476 384
476 330
477 330
477 367
480 367
480 364
483 364
483 479
465 479
465 488
454 488
454 489
420 489
420 480
389 480
389 484
415 484
415 486
381 486
381 487
401 487
401 490
485 490
485 453
496 453
496 374
495 374
495 450
487 450
487 380
484 380
484 327
479 327
479 318
473 318
473 314
467 314
467 319
468 319
468 316
470 316
470 336
453 336
453 343
460 343
460 345
451 345
451 338
450 338
450 313
448 313
448 274
433 274
433 278
398 278
398 276
387 276
387 283
377 283
377 264
384 264
384 232
406 232
406 209
408 209
408 214
412 214
412 195
405 195
405 187
414 187
414 207
417 207
417 245
423 245
423 240
428 240
428 244
432 244
432 231
425 231
425 230
437 230
437 236
486 236
486 233
459 233
459 234
447 234
447 229
461 229
461 228
457 228
457 224
424 224
424 226
422 226
422 201
421 201
421 193
429 193
429 184
396 184
396 151
418 151
418 147
392 147
392 144
369 144
369 146
366 146
366 104
393 104
393 105
397 105
397 122
391 122
391 129
402 129
402 106
431 106
431 131
427 131
427 132
436 132
436 124
456 124
456 138
458 138
458 110
455 110
455 93
445 93
445 100
390 100
390 91
463 91
463 88
464 88
464 87
388 87
388 86
489 86
489 73
488 73
488 72
474 72
474 53
482 53
482 54
497 54
497 34
500 34
500 30
499 30
499 28
494 28
494 33
492 33
492 14
498 14
498 9
493 9
493 3
491 3
491 15
490 15
490 36
352 36
352 37
341 37
341 98
339 98
339 108
342 108
342 165
343 165
343 183
348 183
348 203
347 203
347 261
344 261
344 265
349 265
349 223
350 223
350 143
345 143
345 40
346 40
346 128
351 128
351 44
353 44
353 58
356 58
356 38
446 38
446 46
411 46
411 45
378 45
378 50
403 50
403 64
395 64
395 62
375 62
375 65
399 65
399 67
410 67
410 57
452 57
452 56
471 56
471 84
382 84
382 99
361 99
361 168
385 168
385 163
386 163
386 190
404 190
404 225
383 225
383 243
380 243
380 220
371 220
371 290
370 290
370 198
368 198
368 177
364 177
364 204
362 204
362 219
358 219
358 242
363 242
363 251
367 251
367 308
372 308
372 247
373 247
373 303
435 303
435 299
442 299
442 289
440 289
440 288
430 288
430 282
443 282
443 281
439 281
439 279
444 279
444 394
394 394
394 406
376 406
376 391
359 391
359 386
340 386
340 382
337 382
337 390
338 390
338 393
355 393
355 397
357 397
357 405
360 405
360 404
365 404
365 409
374 409
374 413
332 413
332 400
306 400
306 417
315 417
315 416
400 416
400 418
416 418
416 422
354 422
354 425
330 425
330 446
300 446
300 424
303 424
303 411
296 411
296 472
294 472
294 491
297 491
297 458
298 458
298 498
292 498
292 449
293 449
293 431
279 431
279 439
273 439
273 432
278 432
278 355
276 355
276 340
282 340
282 332
307 332
307 344
308 344
308 347
314 347
314 352
335 352
335 300
319 300
319 250
321 250
321 197
323 197
323 175
318 175
318 130
324 130
324 69
322 69
322 32
320 32
320 80
311 80
311 112
313 112
313 96
317 96
317 186
310 186
310 208
312 208
312 216
316 216
316 260
305 260
305 301
326 301
326 324
329 324
329 302
334 302
334 326
328 326
328 342
327 342
327 328
268 328
268 351
264 351
264 375
258 375
258 349
255 349
255 341
232 341
232 348
196 348
196 369
197 369
197 388
200 388
200 366
204 366
204 365
213 365
213 353
243 353
243 372
215 372
215 421
219 421
219 442
133 442
133 435
192 435
192 430
182 430
182 429
142 429
142 433
132 433
132 437
124 437
124 438
104 438
104 436
58 436
58 387
57 387
57 357
56 357
56 419
31 419
31 395
35 395
35 350
36 350
36 389
51 389
51 376
43 376
43 363
38 363
38 334
54 334
54 335
59 335
59 370
63 370
63 368
65 368
65 361
97 361
97 392
118 392
118 385
108 385
108 373
146 373
146 371
120 371
120 320
123 320
123 315
79 315
79 310
114 310
114 307
125 307
125 305
181 305
181 312
186 312
186 292
172 292
172 291
167 291
167 284
159 284
159 287
141 287
141 286
117 286
117 285
107 285
107 280
111 280
111 271
131 271
131 277
175 277
175 249
86 249
86 239
73 239
73 237
68 237
68 227
50 227
50 121
80 121
80 150
76 150
76 137
75 137
75 125
71 125
71 127
53 127
53 141
74 141
74 174
66 174
66 199
81 199
81 172
77 172
77 170
94 170
94 164
95 164
95 114
98 114
98 94
106 94
106 102
135 102
135 185
119 185
119 167
129 167
129 166
101 166
101 212
126 212
126 215
157 215
157 205
156 205
156 191
138 191
138 192
122 192
122 202
112 202
112 188
140 188
140 136
177 136
177 148
144 148
144 162
158 162
158 154
174 154
174 156
183 156
183 155
191 155
191 159
208 159
208 169
160 169
160 182
170 182
170 181
193 181
193 171
198 171
198 210
207 210
207 211
199 211
199 218
195 218
195 238
206 238
206 262
249 262
249 298
240 298
240 311
251 311
251 253
225 253
225 255
247 255
247 257
220 257
220 259
209 259
209 222
210 222
210 196
211 196
211 200
234 200
234 194
252 194
252 189
205 189
205 180
237 180
237 161
241 161
241 145
254 145
254 123
256 123
256 111
260 111
260 213
261 213
261 235
266 235
266 221
275 221
275 142
277 142
277 158
280 158
280 119
281 119
281 178
284 178
284 107
285 107
285 153
287 153
287 103
286 103
286 101
283 101
283 117
274 117
274 173
271 173
271 140
267 140
267 133
265 133
265 206
263 206
263 95
262 95
262 109
233 109
233 135
235 135
235 179
229 179
229 176
214 176
214 149
201 149
201 134
161 134
161 118
155 118
155 83
134 83
134 85
150 85
150 90
113 90
113 89
110 89
110 92
99 92
99 82
93 82
93 68
89 68
89 55
103 55
103 66
147 66
147 74
139 74
139 78
185 78
185 77
187 77
187 75
151 75
151 49
178 49
178 48
202 48
202 51
224 51
224 47
238 47
238 20
239 20
239 70
244 70
244 35
246 35
246 31
295 31
295 27
304 27
304 16
270 16
270 11
269 11
269 23
299 23
299 25
245 25
245 10
216 10
216 42
212 42
212 43
164 43
164 41
180 41
180 29
184 29
184 13
152 13
152 4
176 4
176 2
