98
72 334
72 329
1 329
1 331
11 331
11 333
19 333
19 337
25 337
25 346
22 346
22 356
14 356
14 362
30 362
30 381
7 381
7 401
13 401
13 420
42 420
42 434
46 434
46 456
64 456
64 443
100 443
100 444
223 444
223 447
162 447
162 448
121 448
121 451
227 451
227 399
230 399
230 396
226 396
226 377
250 377
250 378
236 378
236 445
242 445
242 473
190 473
190 471
222 471
222 466
96 466
96 469
8 469
8 465
48 465
48 464
12 464
12 461
6 461
6 459
4 459
4 467
2 467
2 475
34 475
34 476
15 476
15 478
90 478
90 474
61 474
61 470
188 470
188 477
257 477
257 440
253 440
253 423
248 423
248 379
278 379
278 375
215 375
215 421
219 421
219 442
133 442
133 438
104 438
104 436
58 436
58 419
31 419
31 395
35 395
35 350
38 350
38 334
