194
35 1
35 14
20 14
20 12
8 12
8 16
4 16
4 22
3 22
3 49
5 49
5 48
13 48
13 45
14 45
14 59
79 59
79 65
74 65
74 62
66 62
66 60
64 60
64 69
71 69
71 67
88 67
88 71
59 71
59 61
58 61
58 75
61 75
61 76
76 76
76 77
81 77
81 72
83 72
83 99
82 99
82 95
57 95
57 94
51 94
51 93
42 93
42 89
80 89
80 88
44 88
44 87
43 87
43 85
39 85
39 82
47 82
47 79
16 79
16 73
12 73
12 78
1 78
1 83
15 83
15 80
27 80
27 81
28 81
28 97
30 97
30 92
32 92
32 96
73 96
73 100
94 100
94 91
84 91
84 74
89 74
89 90
91 90
91 86
96 86
96 98
100 98
100 84
99 84
99 64
98 64
98 70
97 70
97 50
65 50
65 51
26 51
26 55
29 55
29 52
31 52
31 53
93 53
93 56
40 56
40 57
24 57
24 58
18 58
18 54
22 54
22 46
17 46
17 41
23 41
23 44
50 44
50 47
55 47
55 40
45 40
45 42
25 42
25 28
63 28
63 33
36 33
36 35
34 35
34 39
41 39
41 36
72 36
72 27
77 27
77 38
95 38
95 34
92 34
92 37
87 37
87 30
85 30
85 29
78 29
78 19
69 19
69 32
68 32
68 25
67 25
67 21
52 21
52 24
46 24
46 20
37 20
37 26
19 26
19 23
10 23
10 43
7 43
7 31
9 31
9 17
11 17
11 18
21 18
21 15
62 15
62 11
60 11
60 10
56 10
56 13
38 13
38 2
48 2
48 5
70 5
70 6
49 6
49 7
53 7
53 9
86 9
86 8
90 8
90 4
54 4
54 3
75 3
75 1
