134
35 1
35 14
20 14
20 12
8 12
8 16
4 16
4 22
3 22
3 49
5 49
5 48
13 48
13 45
14 45
14 59
79 59
79 65
74 65
74 62
66 62
66 60
64 60
64 69
71 69
71 67
88 67
88 71
59 71
59 61
58 61
58 75
61 75
61 76
76 76
76 77
81 77
81 72
83 72
83 99
82 99
82 95
57 95
57 94
51 94
51 93
42 93
42 89
80 89
80 88
44 88
44 87
43 87
43 85
39 85
39 82
47 82
47 79
16 79
16 78
1 78
1 83
15 83
15 80
27 80
27 81
28 81
28 97
30 97
30 92
32 92
32 96
73 96
73 100
94 100
94 91
84 91
84 74
89 74
89 90
91 90
91 86
96 86
96 98
100 98
100 84
99 84
99 64
98 64
98 70
97 70
97 58
18 58
18 54
22 54
22 46
17 46
17 41
25 41
25 28
10 28
10 43
7 43
7 31
9 31
9 17
11 17
11 18
21 18
21 15
62 15
62 11
60 11
60 10
56 10
56 13
38 13
38 2
48 2
48 5
70 5
70 6
49 6
49 7
53 7
53 9
86 9
86 8
90 8
90 4
54 4
54 3
75 3
75 1
