124
144 184
144 182
106 182
106 159
105 159
105 179
95 179
95 185
143 185
143 187
162 187
162 190
81 190
81 192
91 192
91 193
69 193
69 194
46 194
46 186
57 186
57 181
53 181
53 170
62 170
62 146
63 146
63 121
49 121
49 134
44 134
44 126
40 126
40 113
42 113
42 97
41 97
41 65
34 65
34 59
29 59
29 53
30 53
30 50
1 50
1 54
22 54
22 69
6 69
6 68
2 68
2 70
3 70
3 99
13 99
13 100
11 100
11 112
4 112
4 116
7 116
7 154
8 154
8 142
14 142
14 140
16 140
16 161
18 161
18 149
28 149
28 147
27 147
27 137
24 137
24 133
20 133
20 128
9 128
9 122
17 122
17 83
5 83
5 75
19 75
19 88
21 88
21 73
35 73
35 95
36 95
36 127
37 127
37 125
38 125
38 117
39 117
39 141
45 141
45 151
52 151
52 131
55 131
55 132
54 132
54 145
61 145
61 165
43 165
43 162
33 162
33 177
50 177
50 180
26 180
26 189
31 189
31 200
32 200
32 196
102 196
102 191
168 191
168 184
