246
73 148
73 129
72 129
72 107
75 107
75 103
77 103
77 101
92 101
92 104
85 104
85 105
88 105
88 115
98 115
98 96
100 96
100 94
94 94
94 90
82 90
82 89
103 89
103 92
109 92
109 108
107 108
107 135
108 135
108 143
111 143
111 87
114 87
114 136
123 136
123 91
131 91
131 93
138 93
138 42
133 42
133 40
112 40
112 43
116 43
116 51
127 51
127 52
132 52
132 60
134 60
134 76
137 76
137 86
120 86
120 123
119 123
119 85
122 85
122 84
115 84
115 81
89 81
89 82
71 82
71 138
70 138
70 150
173 150
173 155
124 155
124 158
117 158
117 168
118 168
118 178
165 178
165 184
144 184
144 182
106 182
106 156
86 156
86 152
84 152
84 153
74 153
74 159
105 159
105 179
104 179
104 171
101 171
101 166
99 166
99 169
95 169
95 185
143 185
143 187
162 187
162 190
81 190
81 192
91 192
91 193
69 193
69 194
46 194
46 186
57 186
57 181
53 181
53 170
62 170
62 146
63 146
63 121
49 121
49 134
44 134
44 126
40 126
40 113
42 113
42 97
41 97
41 65
34 65
34 59
29 59
29 53
30 53
30 50
1 50
1 54
22 54
22 69
6 69
6 68
2 68
2 70
3 70
3 99
13 99
13 100
11 100
11 112
4 112
4 116
7 116
7 154
8 154
8 142
14 142
14 140
16 140
16 161
18 161
18 149
28 149
28 147
27 147
27 137
24 137
24 133
20 133
20 128
9 128
9 122
17 122
17 83
5 83
5 75
19 75
19 88
21 88
21 73
35 73
35 95
36 95
36 127
37 127
37 125
38 125
38 117
39 117
39 141
45 141
45 151
52 151
52 131
55 131
55 132
54 132
54 145
61 145
61 165
43 165
43 162
33 162
33 177
50 177
50 180
26 180
26 189
31 189
31 200
32 200
32 196
102 196
102 191
168 191
168 176
147 176
147 175
121 175
121 174
157 174
157 172
145 172
145 173
130 173
130 167
126 167
126 164
155 164
155 160
125 160
125 157
170 157
170 163
175 163
175 188
177 188
177 197
90 197
90 199
113 199
113 198
181 198
181 195
183 195
183 183
178 183
178 148
