148
1221 1768
1221 1948
1218 1948
1218 2064
1237 2064
1237 1867
1238 1867
1238 2014
1239 2014
1239 1995
1241 1995
1241 1981
1247 1981
1247 1988
1244 1988
1244 2062
1243 2062
1243 2039
1240 2039
1240 2097
1245 2097
1245 2024
1246 2024
1246 2057
1248 2057
1248 2021
1249 2021
1249 2084
1250 2084
1250 1910
1251 1910
1251 2330
1252 2330
1252 2455
1233 2455
1233 2461
1256 2461
1256 2462
550 2462
550 2468
499 2468
499 2467
479 2467
479 2474
707 2474
707 2471
672 2471
672 2464
733 2464
733 2463
1005 2463
1005 2469
905 2469
905 2470
768 2470
768 2472
916 2472
916 2473
959 2473
959 2475
725 2475
725 2476
908 2476
908 2479
865 2479
865 2481
1006 2481
1006 2488
823 2488
823 2485
749 2485
749 2486
804 2486
804 2489
924 2489
924 2492
619 2492
619 2490
48 2490
48 2482
149 2482
149 2480
13 2480
13 2477
12 2477
12 2423
24 2423
24 2421
11 2421
11 2420
106 2420
106 2413
1 2413
1 2428
3 2428
3 2446
2 2446
2 2500
7 2500
7 2499
4 2499
4 2431
5 2431
5 2498
9 2498
9 2459
6 2459
6 2456
8 2456
8 2422
10 2422
10 2495
45 2495
45 2491
236 2491
236 2494
481 2494
481 2497
795 2497
795 2496
884 2496
884 2493
1008 2493
1008 2478
1023 2478
1023 2466
1014 2466
1014 2465
1259 2465
1259 2436
1254 2436
1254 2328
1253 2328
1253 1866
1236 1866
1236 1924
1235 1924
1235 1951
1234 1951
1234 2030
1227 2030
1227 1989
1228 1989
1228 1954
1225 1954
1225 1832
1232 1832
1232 1768
