418
1168 1067
1168 1097
1169 1097
1169 1186
1170 1186
1170 1128
1175 1128
1175 1220
1172 1220
1172 1523
1174 1523
1174 1289
1177 1289
1177 1861
1178 1861
1178 2106
1171 2106
1171 2222
1181 2222
1181 2264
1154 2264
1154 2292
1146 2292
1146 2360
1128 2360
1128 2280
1139 2280
1139 2279
1144 2279
1144 2278
1135 2278
1135 2205
1134 2205
1134 2144
1133 2144
1133 2249
1130 2249
1130 2230
1129 2230
1129 1854
1132 1854
1132 1630
1131 1630
1131 1623
1136 1623
1136 1529
1140 1529
1140 1508
1125 1508
1125 1464
1153 1464
1153 2004
1149 2004
1149 1672
1141 1672
1141 1723
1148 1723
1148 1765
1143 1765
1143 1967
1142 1967
1142 2099
1151 2099
1151 2012
1152 2012
1152 2156
1157 2156
1157 2123
1160 2123
1160 2025
1155 2025
1155 2010
1156 2010
1156 1450
1159 1450
1159 1387
1164 1387
1164 1612
1162 1612
1162 2043
1163 2043
1163 2068
1166 2068
1166 2006
1167 2006
1167 1978
1165 1978
1165 1364
1096 1364
1096 1329
1052 1329
1052 1360
1054 1360
1054 1379
1049 1379
1049 1381
1042 1381
1042 1694
1043 1694
1043 1933
1069 1933
1069 1960
1065 1960
1065 2158
1062 2158
1062 2038
1061 2038
1061 2159
1060 2159
1060 2375
1064 2375
1064 2170
1087 2170
1087 2260
1085 2260
1085 2273
1078 2273
1078 2296
1079 2296
1079 2277
1099 2277
1099 2147
1075 2147
1075 2136
1081 2136
1081 2067
1088 2067
1088 2028
1067 2028
1067 1991
1106 1991
1106 1985
1077 1985
1077 1979
1092 1979
1092 1974
1095 1974
1095 1936
1071 1936
1071 1912
1080 1912
1080 1898
1073 1898
1073 1890
1048 1890
1048 1827
1046 1827
1046 1725
1070 1725
1070 1717
1063 1717
1063 1693
1047 1693
1047 1481
1051 1481
1051 1429
1044 1429
1044 1421
1045 1421
1045 1414
1056 1414
1056 1398
1059 1398
1059 1335
1089 1335
1089 1370
1147 1370
1147 1397
1145 1397
1145 1461
1123 1461
1123 1715
1124 1715
1124 1748
1119 1748
1119 1750
1126 1750
1126 1958
1121 1958
1121 1877
1120 1877
1120 2011
1122 2011
1122 2081
1118 2081
1118 2337
1127 2337
1127 2383
1161 2383
1161 2320
1183 2320
1183 2303
1189 2303
1189 2235
1208 2235
1208 2219
1180 2219
1180 2215
1179 2215
1179 1082
1173 1082
1173 1070
1182 1070
1182 1196
1184 1196
1184 1562
1191 1562
1191 1789
1195 1789
1195 1997
1196 1997
1196 1695
1203 1695
1203 1922
1204 1922
1204 2003
1210 2003
1210 1971
1205 1971
1205 1756
1211 1756
1211 1852
1212 1852
1212 1733
1220 1733
1220 1738
1221 1738
1221 1948
1218 1948
1218 2064
1237 2064
1237 1867
1238 1867
1238 2014
1239 2014
1239 1995
1241 1995
1241 1981
1247 1981
1247 1988
1244 1988
1244 2062
1243 2062
1243 2039
1240 2039
1240 2097
1245 2097
1245 2024
1246 2024
1246 2057
1248 2057
1248 2021
1249 2021
1249 2084
1250 2084
1250 1910
1251 1910
1251 2330
1252 2330
1252 2455
1233 2455
1233 2461
1256 2461
1256 2462
550 2462
550 2468
499 2468
499 2467
479 2467
479 2474
707 2474
707 2471
672 2471
672 2464
733 2464
733 2463
1005 2463
1005 2469
905 2469
905 2470
768 2470
768 2472
916 2472
916 2473
959 2473
959 2475
725 2475
725 2476
908 2476
908 2479
865 2479
865 2481
1006 2481
1006 2488
823 2488
823 2485
749 2485
749 2486
804 2486
804 2489
924 2489
924 2492
619 2492
619 2490
48 2490
48 2482
149 2482
149 2480
13 2480
13 2477
12 2477
12 2423
24 2423
24 2421
11 2421
11 2420
106 2420
106 2413
1 2413
1 2428
3 2428
3 2446
2 2446
2 2500
7 2500
7 2499
4 2499
4 2431
5 2431
5 2498
9 2498
9 2459
6 2459
6 2456
8 2456
8 2422
10 2422
10 2495
45 2495
45 2491
236 2491
236 2494
481 2494
481 2497
795 2497
795 2496
884 2496
884 2493
1008 2493
1008 2478
1023 2478
1023 2466
1014 2466
1014 2465
1259 2465
1259 2436
1254 2436
1254 2328
1253 2328
1253 1866
1236 1866
1236 1924
1235 1924
1235 1951
1234 1951
1234 2030
1227 2030
1227 1989
1228 1989
1228 1954
1225 1954
1225 1832
1232 1832
1232 1437
1231 1437
1231 1444
1226 1444
1226 1322
1209 1322
1209 1367
1215 1367
1215 1433
1213 1433
1213 1451
1216 1451
1216 1474
1219 1474
1219 1509
1217 1509
1217 1553
1222 1553
1222 1484
1229 1484
1229 1573
1230 1573
1230 1768
1223 1768
1223 1668
1224 1668
1224 1655
1198 1655
1198 1531
1192 1531
1192 1490
1185 1490
1185 1132
1188 1132
1188 1146
1197 1146
1197 1125
1200 1125
1200 1213
1207 1213
1207 1209
1206 1209
1206 1161
1202 1161
1202 1067
