84
66 1162
66 1070
79 1070
79 1065
82 1065
82 933
63 933
63 902
21 902
21 896
34 896
34 859
17 859
17 857
55 857
55 854
25 854
25 851
91 851
91 848
54 848
54 845
42 845
42 815
24 815
24 813
31 813
31 794
36 794
36 779
28 779
28 752
14 752
14 732
9 732
9 606
2 606
2 249
6 249
6 137
1 137
1 651
4 651
4 716
8 716
8 797
15 797
15 757
18 757
18 790
16 790
16 916
46 916
46 920
58 920
58 943
78 943
78 944
37 944
37 946
65 946
65 947
29 947
29 950
71 950
71 960
81 960
81 1064
74 1064
74 1067
60 1067
60 1108
53 1108
53 1169
56 1169
56 1177
47 1177
47 1192
49 1192
49 1198
41 1198
41 1212
61 1212
61 1162
