912
460 475
460 488
447 488
447 486
433 486
433 380
437 380
437 374
421 374
421 339
415 339
415 51
344 51
344 59
342 59
342 142
341 142
341 97
340 97
340 17
382 17
382 13
376 13
376 12
359 12
359 9
323 9
323 15
235 15
235 16
246 16
246 19
230 19
230 22
255 22
255 23
266 23
266 24
261 24
261 25
160 25
160 50
163 50
163 156
159 156
159 221
146 221
146 269
137 269
137 299
129 299
129 237
100 237
100 289
102 289
102 508
115 508
115 537
113 537
113 608
118 608
118 610
120 610
120 592
121 592
121 654
133 654
133 596
136 596
136 638
141 638
141 686
223 686
223 667
236 667
236 660
238 660
238 712
241 712
241 731
242 731
242 816
240 816
240 1039
243 1039
243 1110
225 1110
225 1123
248 1123
248 1142
262 1142
262 1206
264 1206
264 1232
267 1232
267 1241
233 1241
233 1231
231 1231
231 1227
259 1227
259 1226
228 1226
228 1225
219 1225
219 1220
96 1220
96 1239
75 1239
75 1243
68 1243
68 1175
66 1175
66 1070
79 1070
79 1065
82 1065
82 933
63 933
63 902
21 902
21 896
34 896
34 859
17 859
17 857
55 857
55 854
25 854
25 851
91 851
91 848
54 848
54 845
42 845
42 815
24 815
24 813
31 813
31 794
36 794
36 779
28 779
28 752
14 752
14 732
9 732
9 606
2 606
2 249
6 249
6 137
1 137
1 651
4 651
4 716
8 716
8 797
15 797
15 757
18 757
18 790
16 790
16 916
46 916
46 920
58 920
58 943
78 943
78 944
37 944
37 946
65 946
65 947
29 947
29 950
71 950
71 960
81 960
81 1064
74 1064
74 1067
60 1067
60 1108
53 1108
53 1169
56 1169
56 1177
47 1177
47 1192
49 1192
49 1198
41 1198
41 1218
43 1218
43 1221
50 1221
50 1212
57 1212
57 1234
61 1234
61 1162
64 1162
64 1238
62 1238
62 1248
97 1248
97 1233
98 1233
98 1222
193 1222
193 1229
199 1229
199 1240
184 1240
184 1237
181 1237
181 1246
191 1246
191 1244
271 1244
271 1245
284 1245
284 1223
274 1223
274 1236
269 1236
269 1211
283 1211
283 1146
263 1146
263 1127
258 1127
258 1122
245 1122
245 940
251 940
251 1014
249 1014
249 1050
253 1050
253 841
260 841
260 853
254 853
254 938
256 938
256 888
265 888
265 905
291 905
291 956
288 956
288 1191
297 1191
297 1216
287 1216
287 1250
334 1250
334 1249
333 1249
333 1247
302 1247
302 1219
331 1219
331 1217
301 1217
301 1242
295 1242
295 1228
298 1228
298 1179
299 1179
299 1200
303 1200
303 1189
304 1189
304 1194
307 1194
307 1188
314 1188
314 1156
315 1156
315 1204
326 1204
326 1182
329 1182
329 1174
325 1174
325 1130
327 1130
327 1120
313 1120
313 1044
319 1044
319 1047
324 1047
324 883
316 883
316 733
321 733
321 730
310 730
310 725
309 725
309 714
306 714
306 746
308 746
308 834
311 834
311 895
320 895
320 929
322 929
322 1035
318 1035
318 977
312 977
312 1181
300 1181
300 1145
296 1145
296 1166
290 1166
290 1160
292 1160
292 893
273 893
273 837
285 837
285 856
286 856
286 771
282 771
282 770
272 770
272 761
270 761
270 796
278 796
278 820
268 820
268 814
250 814
250 870
247 870
247 921
252 921
252 925
244 925
244 708
239 708
239 659
214 659
214 680
212 680
212 685
173 685
173 666
151 666
151 679
149 679
149 653
162 653
162 630
156 630
156 598
139 598
139 584
131 584
131 624
132 624
132 626
130 626
130 585
127 585
127 385
126 385
126 627
125 627
125 581
124 581
124 578
117 578
117 458
114 458
114 275
111 275
111 321
106 321
106 377
103 377
103 301
109 301
109 242
119 242
119 251
128 251
128 315
186 315
186 313
152 313
152 302
175 302
175 274
167 274
167 264
161 264
161 287
158 287
158 291
150 291
150 248
164 248
164 180
165 180
165 28
196 28
196 26
205 26
205 30
192 30
192 32
257 32
257 35
289 35
289 33
275 33
275 27
294 27
294 21
305 21
305 20
332 20
332 11
336 11
336 29
335 29
335 79
337 79
337 309
343 309
343 327
339 327
339 336
363 336
363 305
364 305
364 267
353 267
353 286
360 286
360 296
351 296
351 281
345 281
345 240
356 240
356 191
349 191
349 179
350 179
350 61
362 61
362 133
366 133
366 90
365 90
365 82
369 82
369 368
380 368
380 389
367 389
367 405
354 405
354 533
361 533
361 489
358 489
358 529
355 529
355 426
357 426
357 408
370 408
370 420
374 420
374 413
384 413
384 425
381 425
381 438
372 438
372 540
373 540
373 520
378 520
378 463
379 463
379 462
377 462
377 450
385 450
385 549
389 549
389 392
391 392
391 329
397 329
397 415
393 415
393 457
395 457
395 597
392 597
392 594
368 594
368 599
399 599
399 505
406 505
406 494
396 494
396 418
398 418
398 333
401 333
401 444
404 444
404 358
402 358
402 283
400 283
400 208
403 208
403 167
405 167
405 157
394 157
394 325
390 325
390 330
388 330
388 407
387 407
387 322
386 322
386 316
383 316
383 338
375 338
375 364
371 364
371 57
348 57
348 56
407 56
407 87
409 87
409 129
412 129
412 257
411 257
411 342
410 342
410 351
420 351
420 383
413 383
413 384
408 384
408 397
414 397
414 421
424 421
424 417
425 417
425 398
429 398
429 448
427 448
427 496
492 496
492 493
465 493
465 483
493 483
493 501
496 501
496 503
502 503
502 535
499 535
499 548
474 548
474 575
478 575
478 595
476 595
476 670
477 670
477 683
485 683
485 621
481 621
481 586
483 586
483 617
486 617
486 572
490 572
490 726
487 726
487 735
495 735
495 739
501 739
501 1087
557 1087
557 1131
533 1131
533 1136
523 1136
523 1112
529 1112
529 1106
509 1106
509 1157
518 1157
518 1139
525 1139
525 1155
572 1155
572 1068
589 1068
589 1062
587 1062
587 1056
584 1056
584 1028
574 1028
574 969
567 969
567 1089
568 1089
568 1134
569 1134
569 1151
561 1151
561 930
562 930
562 842
564 842
564 825
566 825
566 812
578 812
578 869
579 869
579 881
581 881
581 836
580 836
580 833
617 833
617 899
619 899
619 1038
614 1038
614 1015
612 1015
612 996
611 996
611 1132
615 1132
615 1115
616 1115
616 1172
618 1172
618 1205
628 1205
628 1210
653 1210
653 1207
699 1207
699 1196
706 1196
706 1195
707 1195
707 1190
686 1190
686 1187
728 1187
728 1117
759 1117
759 1099
768 1099
768 1049
758 1049
758 1040
744 1040
744 928
746 928
746 776
766 776
766 764
762 764
762 775
743 775
743 835
739 835
739 913
742 913
742 1057
737 1057
737 1079
733 1079
733 1093
734 1093
734 1085
755 1085
755 1102
721 1102
721 1158
716 1158
716 1168
656 1168
656 1161
682 1161
682 1143
681 1143
681 1100
688 1100
688 1082
689 1082
689 1030
685 1030
685 1041
672 1041
672 1042
671 1042
671 1128
660 1128
660 1021
659 1021
659 935
650 935
650 912
663 912
663 936
669 936
669 934
680 934
680 863
679 863
679 830
677 830
677 855
667 855
667 819
670 819
670 789
661 789
661 780
692 780
692 873
694 873
694 974
696 974
696 961
697 961
697 781
693 781
693 767
701 767
701 773
702 773
702 766
704 766
704 744
698 744
698 749
700 749
700 763
691 763
691 769
687 769
687 768
657 768
657 755
683 755
683 751
675 751
675 750
649 750
649 742
643 742
643 690
630 690
630 677
666 677
666 682
646 682
646 693
658 693
658 687
676 687
676 650
668 650
668 675
635 675
635 656
621 656
621 720
637 720
637 698
639 698
639 747
642 747
642 753
631 753
631 931
633 931
633 826
664 826
664 852
648 852
648 949
652 949
652 959
654 959
654 998
655 998
655 1173
645 1173
645 1124
638 1124
638 1086
634 1086
634 971
636 971
636 967
632 967
632 1176
627 1176
627 1178
703 1178
703 1183
714 1183
714 1186
678 1186
678 1197
695 1197
695 1201
684 1201
684 1203
644 1203
644 1202
622 1202
622 1199
620 1199
620 831
592 831
592 810
559 810
559 818
549 818
549 914
560 914
560 966
545 966
545 986
542 986
542 979
540 979
540 839
539 839
539 987
546 987
546 1077
537 1077
537 1080
516 1080
516 1083
515 1083
515 1059
504 1059
504 734
507 734
507 728
506 728
506 700
500 700
500 671
491 671
491 553
505 553
505 539
510 539
510 524
543 524
543 514
521 514
521 511
550 511
550 500
512 500
512 492
508 492
508 475
