398
2 1
2 36
5 36
5 59
4 59
4 61
6 61
6 135
10 135
10 140
11 140
11 138
12 138
12 112
7 112
7 104
15 104
15 111
19 111
19 89
49 89
49 90
44 90
44 92
47 92
47 96
41 96
41 110
43 110
43 97
53 97
53 98
94 98
94 99
93 99
93 103
89 103
89 102
62 102
62 107
75 107
75 108
61 108
61 113
78 113
78 105
88 105
88 116
84 116
84 114
74 114
74 118
87 118
87 121
28 121
28 124
76 124
76 125
64 125
64 126
90 126
90 129
91 129
91 127
92 127
92 115
95 115
95 93
85 93
85 91
66 91
66 88
26 88
26 87
18 87
18 95
8 95
8 25
9 25
9 16
34 16
34 38
33 38
33 24
21 24
21 21
14 21
14 34
20 34
20 52
13 52
13 60
22 60
22 64
16 64
16 65
30 65
30 31
24 31
24 62
23 62
23 28
32 28
32 54
42 54
42 46
46 46
46 45
79 45
79 48
57 48
57 49
72 49
72 51
73 51
73 84
97 84
97 83
98 83
98 80
99 80
99 146
50 146
50 147
100 147
100 145
102 145
102 150
1 150
1 152
17 152
17 151
65 151
65 153
25 153
25 174
36 174
36 171
31 171
31 164
29 164
29 161
59 161
59 159
67 159
67 162
77 162
77 183
56 183
56 175
54 175
54 194
55 194
55 198
71 198
71 187
81 187
81 170
108 170
108 167
107 167
107 158
37 158
37 154
70 154
70 157
80 157
80 155
103 155
103 143
124 143
124 165
125 165
125 178
131 178
131 179
140 179
140 186
143 186
143 182
151 182
151 172
156 172
156 177
159 177
159 168
161 168
161 163
167 163
167 191
168 191
168 193
155 193
155 195
164 195
164 200
171 200
171 199
173 199
173 197
166 197
166 196
172 196
172 185
170 185
170 189
169 189
169 160
162 160
162 141
152 141
152 149
160 149
160 156
135 156
135 148
133 148
133 131
137 131
137 109
138 109
138 82
139 82
139 56
146 56
146 69
147 69
147 42
163 42
163 57
165 57
165 32
153 32
153 41
150 41
150 15
149 15
149 14
157 14
157 18
158 18
158 12
175 12
175 86
183 86
183 128
174 128
174 132
181 132
181 133
186 133
186 67
191 67
191 117
190 117
190 137
192 137
192 180
188 180
188 144
185 144
185 166
182 166
182 184
180 184
180 173
176 173
176 192
189 192
189 181
193 181
193 190
194 190
194 74
195 74
195 188
200 188
200 176
197 176
197 123
198 123
198 122
199 122
199 94
196 94
196 63
187 63
187 58
179 58
179 75
184 75
184 78
178 78
178 81
177 81
177 9
154 9
154 3
106 3
106 7
96 7
96 11
115 11
115 6
148 6
148 19
144 19
144 26
145 26
145 50
142 50
142 27
130 27
130 33
141 33
141 55
136 55
136 130
134 130
134 85
127 85
127 101
132 101
132 139
129 139
129 169
128 169
128 142
120 142
120 134
121 134
121 66
122 66
122 71
126 71
126 37
113 37
113 40
114 40
114 47
110 47
110 53
112 53
112 72
111 72
111 119
116 119
116 106
118 106
118 100
117 100
117 68
119 68
119 120
109 120
109 136
101 136
101 77
105 77
105 73
104 73
104 76
86 76
86 79
83 79
83 70
82 70
82 39
68 39
68 44
40 44
40 43
48 43
48 35
69 35
69 29
52 29
52 22
51 22
51 30
35 30
35 8
39 8
39 10
60 10
60 17
58 17
58 20
63 20
63 5
45 5
45 2
38 2
38 4
27 4
27 13
3 13
3 1
