330
6 80
6 179
4 179
4 187
1 187
1 195
2 195
2 191
3 191
3 189
5 189
5 181
7 181
7 113
21 113
21 114
38 114
38 115
36 115
36 139
48 139
48 145
45 145
45 155
33 155
33 121
18 121
18 141
17 141
17 143
19 143
19 176
20 176
20 165
22 165
22 180
24 180
24 197
13 197
13 198
16 198
16 200
28 200
28 199
25 199
25 167
26 167
26 170
43 170
43 173
50 173
50 169
60 169
60 164
40 164
40 163
27 163
27 159
69 159
69 148
74 148
74 157
78 157
78 147
75 147
75 146
80 146
80 151
84 151
84 156
94 156
94 135
56 135
56 153
52 153
52 132
53 132
53 126
57 126
57 133
65 133
65 124
88 124
88 123
111 123
111 100
112 100
112 84
108 84
108 59
113 59
113 7
186 7
186 12
187 12
187 22
197 22
197 26
180 26
180 18
173 18
173 31
178 31
178 32
168 32
168 23
163 23
163 33
153 33
153 52
151 52
151 19
135 19
135 74
138 74
138 58
139 58
139 57
140 57
140 48
142 48
142 96
141 96
141 97
117 97
117 98
120 98
120 110
118 110
118 150
132 150
132 154
128 154
128 171
123 171
123 161
122 161
122 172
116 172
116 190
115 190
115 182
114 182
114 194
131 194
131 196
148 196
148 193
147 193
147 183
152 183
152 160
156 160
156 166
161 166
161 174
157 174
157 178
160 178
160 184
166 184
166 168
170 168
170 162
165 162
165 142
169 142
169 158
184 158
184 136
195 136
195 111
200 111
200 109
183 109
183 106
174 106
174 120
177 120
177 127
194 127
194 128
181 128
181 149
179 149
179 138
176 138
176 134
175 134
175 140
162 140
162 131
149 131
149 152
150 152
150 175
134 175
134 185
146 185
146 192
119 192
119 188
127 188
127 186
124 186
124 177
133 177
133 144
130 144
130 130
121 130
121 129
125 129
125 116
126 116
126 112
129 112
129 101
137 101
137 103
143 103
143 28
136 28
136 25
144 25
144 34
145 34
145 72
158 72
158 85
185 85
185 92
188 92
188 105
193 105
193 104
191 104
191 83
199 83
199 76
182 76
182 68
171 68
171 69
154 69
154 35
189 35
189 39
155 39
155 42
159 42
159 46
164 46
164 63
167 63
167 55
172 55
172 45
198 45
198 21
196 21
196 20
190 20
190 16
192 16
192 5
104 5
104 11
99 11
99 13
97 13
97 17
100 17
100 88
98 88
98 65
96 65
96 75
95 75
95 90
101 90
101 99
92 99
92 81
93 81
93 64
91 64
91 89
90 89
90 24
89 24
89 43
86 43
86 44
85 44
85 61
87 61
87 102
102 102
102 30
103 30
103 15
110 15
110 40
107 40
107 53
105 53
105 60
106 60
106 91
109 91
109 118
67 118
67 119
61 119
61 122
63 122
63 125
54 125
54 117
49 117
49 137
41 137
41 108
15 108
15 107
8 107
8 82
10 82
10 80
