120
6 108
6 179
4 179
4 187
1 187
1 195
2 195
2 191
3 191
3 189
5 189
5 181
7 181
7 113
21 113
21 114
38 114
38 115
36 115
36 139
48 139
48 145
45 145
45 155
33 155
33 121
18 121
18 141
17 141
17 143
19 143
19 176
20 176
20 165
22 165
22 180
24 180
24 197
13 197
13 198
16 198
16 200
28 200
28 199
25 199
25 167
26 167
26 170
43 170
43 173
50 173
50 169
60 169
60 164
40 164
40 163
27 163
27 159
69 159
69 148
74 148
74 157
78 157
78 147
75 147
75 146
80 146
80 151
84 151
84 156
94 156
94 135
56 135
56 153
52 153
52 132
53 132
53 126
57 126
57 133
65 133
65 124
88 124
88 123
111 123
111 100
112 100
112 84
108 84
108 59
113 59
113 13
97 13
97 17
100 17
100 88
102 88
102 30
103 30
103 15
110 15
110 40
107 40
107 53
105 53
105 60
106 60
106 91
109 91
109 118
67 118
67 119
61 119
61 122
63 122
63 125
49 125
49 137
41 137
41 108
