98
118 122
118 116
67 116
67 133
51 133
51 146
30 146
30 72
34 72
34 47
23 47
23 98
28 98
28 151
35 151
35 156
47 156
47 159
31 159
31 161
33 161
33 162
8 162
8 76
14 76
14 55
10 55
10 12
1 12
1 36
7 36
7 45
2 45
2 198
16 198
16 185
26 185
26 223
19 223
19 232
25 232
25 257
18 257
18 329
5 329
5 395
11 395
11 401
12 401
12 414
15 414
15 467
17 467
17 397
40 397
40 386
22 386
22 387
21 387
21 371
6 371
6 346
20 346
20 341
27 341
27 278
32 278
32 280
36 280
36 284
29 284
29 297
37 297
37 269
41 269
41 190
39 190
39 267
38 267
38 181
3 181
3 128
4 128
4 166
24 166
24 168
55 168
55 175
58 175
58 144
52 144
52 141
66 141
66 158
71 158
71 118
88 118
88 122
