258
583 566
583 530
593 530
593 519
592 519
592 508
596 508
596 504
544 504
544 502
559 502
559 489
545 489
545 482
541 482
541 370
543 370
543 218
385 218
385 220
351 220
351 211
348 211
348 206
168 206
168 212
159 212
159 193
170 193
170 191
152 191
152 180
154 180
154 171
132 171
132 134
147 134
147 122
118 122
118 116
67 116
67 133
51 133
51 146
30 146
30 72
34 72
34 47
23 47
23 98
28 98
28 151
35 151
35 156
47 156
47 159
31 159
31 161
33 161
33 162
8 162
8 76
14 76
14 55
10 55
10 12
1 12
1 36
7 36
7 45
2 45
2 198
16 198
16 185
26 185
26 223
19 223
19 232
25 232
25 257
18 257
18 329
5 329
5 395
11 395
11 401
12 401
12 414
15 414
15 467
17 467
17 397
40 397
40 386
22 386
22 387
21 387
21 371
6 371
6 346
20 346
20 341
27 341
27 278
32 278
32 280
36 280
36 284
29 284
29 297
37 297
37 269
41 269
41 190
39 190
39 267
38 267
38 181
3 181
3 128
4 128
4 166
24 166
24 168
55 168
55 175
58 175
58 144
52 144
52 141
66 141
66 158
71 158
71 118
88 118
88 135
75 135
75 136
81 136
81 147
89 147
89 149
90 149
90 140
104 140
104 154
112 154
112 164
113 164
113 130
110 130
110 123
114 123
114 131
139 131
139 132
120 132
120 143
129 143
129 176
44 176
44 178
135 178
135 179
119 179
119 182
141 182
141 192
143 192
143 197
146 197
146 189
149 189
149 215
155 215
155 229
160 229
160 214
186 214
186 209
334 209
334 217
240 217
240 227
257 227
257 235
281 235
281 233
282 233
282 230
290 230
290 228
320 228
320 225
485 225
485 224
498 224
498 258
493 258
493 310
501 310
501 321
502 321
502 344
497 344
497 351
499 351
499 437
500 437
500 383
505 383
505 324
506 324
506 294
504 294
504 226
516 226
516 231
538 231
538 222
265 222
265 221
399 221
399 219
540 219
540 505
546 505
546 513
591 513
591 529
569 529
569 554
558 554
558 541
567 541
567 538
561 538
561 527
492 527
492 473
488 473
488 517
487 517
487 490
486 490
486 487
479 487
479 460
476 460
476 493
482 493
482 533
526 533
526 539
565 539
565 540
550 540
550 566
