1946
205 350
205 367
179 367
179 364
4 364
4 293
21 293
21 287
1 287
1 365
45 365
45 366
139 366
139 368
222 368
222 351
281 351
281 354
297 354
297 363
304 363
304 352
361 352
361 362
418 362
418 375
366 375
366 376
307 376
307 380
260 380
260 391
325 391
325 384
342 384
342 398
799 398
799 390
869 390
869 382
691 382
691 353
692 353
692 357
696 357
696 322
618 322
618 278
625 278
625 288
632 288
632 268
635 268
635 279
644 279
644 195
684 195
684 199
679 199
679 203
707 203
707 219
717 219
717 255
710 255
710 252
709 252
709 269
697 269
697 271
751 271
751 283
872 283
872 308
870 308
870 305
827 305
827 299
777 299
777 309
784 309
784 315
771 315
771 314
732 314
732 310
656 310
656 298
659 298
659 301
700 301
700 302
703 302
703 307
773 307
773 304
708 304
708 296
661 296
661 294
651 294
651 286
646 286
646 317
880 317
880 313
909 313
909 312
836 312
836 311
881 311
881 276
835 276
835 257
853 257
853 244
834 244
834 261
831 261
831 75
895 75
895 71
943 71
943 104
910 104
910 109
916 109
916 128
896 128
896 116
893 116
893 136
891 136
891 142
929 142
929 194
920 194
920 233
942 233
942 225
925 225
925 198
965 198
965 145
969 145
969 208
1005 208
1005 220
945 220
945 238
949 238
949 239
999 239
999 246
919 246
919 394
912 394
912 401
917 401
917 404
904 404
904 411
903 411
903 405
859 405
859 408
839 408
839 415
806 415
806 422
762 422
762 421
701 421
701 417
744 417
744 412
749 412
749 406
741 406
741 403
676 403
676 400
669 400
669 407
722 407
722 413
643 413
643 419
668 419
668 423
808 423
808 425
879 425
879 418
852 418
852 424
840 424
840 409
861 409
861 414
885 414
885 434
796 434
796 428
811 428
811 431
866 431
866 430
815 430
815 427
663 427
663 429
658 429
658 433
702 433
702 438
761 438
761 436
775 436
775 435
906 435
906 410
967 410
967 399
987 399
987 373
979 373
979 392
923 392
923 359
924 359
924 330
921 330
921 254
1029 254
1029 84
1031 84
1031 53
1022 53
1022 231
1023 231
1023 251
1021 251
1021 242
1019 242
1019 245
1004 245
1004 236
971 236
971 235
1009 235
1009 226
1015 226
1015 131
1014 131
1014 158
996 158
996 45
994 45
994 40
997 40
997 52
1012 52
1012 51
1053 51
1053 274
1052 274
1052 437
1071 437
1071 440
1033 440
1033 441
973 441
973 442
868 442
868 450
874 450
874 459
860 459
860 453
833 453
833 456
795 456
795 455
791 455
791 463
782 463
782 480
774 480
774 492
780 492
780 510
785 510
785 750
769 750
769 734
765 734
765 723
736 723
736 742
704 742
704 744
698 744
698 728
666 728
666 736
667 736
667 834
673 834
673 741
681 741
681 745
683 745
683 747
693 747
693 756
705 756
705 777
738 777
738 771
733 771
733 764
737 764
737 770
750 770
750 804
752 804
752 786
759 786
759 799
755 799
755 863
756 863
756 913
655 913
655 910
682 910
682 886
689 886
689 871
674 871
674 905
649 905
649 906
641 906
641 837
640 837
640 783
623 783
623 795
637 795
637 798
607 798
607 788
601 788
601 796
594 796
594 791
578 791
578 785
593 785
593 782
576 782
576 735
614 735
614 712
573 712
573 644
562 644
562 626
597 626
597 625
589 625
589 624
583 624
583 616
558 616
558 614
581 614
581 528
563 528
563 512
515 512
515 604
510 604
510 555
506 555
506 497
103 497
103 504
107 504
107 548
121 548
121 530
123 530
123 553
141 553
141 527
173 527
173 572
157 572
157 573
82 573
82 574
95 574
95 576
89 576
89 619
91 619
91 584
149 584
149 579
105 579
105 582
104 582
104 577
197 577
197 517
196 517
196 537
190 537
190 526
112 526
112 541
109 541
109 509
174 509
174 503
408 503
408 506
402 506
402 508
409 508
409 501
353 501
353 499
115 499
115 498
423 498
423 500
505 500
505 559
500 559
500 516
499 516
499 566
492 566
492 546
466 546
466 534
476 534
476 529
468 529
468 523
462 523
462 551
405 551
405 549
415 549
415 547
424 547
424 542
381 542
381 536
443 536
443 535
411 535
411 532
349 532
349 540
331 540
331 539
324 539
324 543
401 543
401 552
335 552
335 544
269 544
269 531
229 531
229 545
217 545
217 567
238 567
238 557
225 557
225 556
318 556
318 561
487 561
487 565
477 565
477 586
470 586
470 575
452 575
452 597
480 597
480 608
483 608
483 601
484 601
484 602
490 602
490 611
511 611
511 617
513 617
513 618
501 618
501 648
496 648
496 662
478 662
478 661
244 661
244 647
458 647
458 640
343 640
343 634
367 634
367 633
295 633
295 641
404 641
404 645
241 645
241 657
237 657
237 663
284 663
284 668
235 668
235 682
323 682
323 683
426 683
426 685
218 685
218 686
158 686
158 693
148 693
148 694
151 694
151 702
150 702
150 726
180 726
180 762
177 762
177 775
159 775
159 772
146 772
146 776
147 776
147 778
176 778
176 807
86 807
86 811
164 811
164 810
182 810
182 842
181 842
181 857
168 857
168 843
167 843
167 939
153 939
153 962
155 962
155 989
142 989
142 974
143 974
143 949
145 949
145 947
132 947
132 1015
130 1015
130 944
126 944
126 928
125 928
125 917
129 917
129 896
135 896
135 893
136 893
136 860
80 860
80 852
31 852
31 854
53 854
53 878
49 878
49 882
55 882
55 907
3 907
3 911
59 911
59 891
71 891
71 862
114 862
114 868
113 868
113 894
108 894
108 870
92 870
92 879
102 879
102 892
87 892
87 1052
78 1052
78 1048
73 1048
73 1057
117 1057
117 1068
118 1068
118 1072
43 1072
43 1070
101 1070
101 1069
18 1069
18 1044
28 1044
28 1034
60 1034
60 1035
48 1035
48 1038
75 1038
75 1008
41 1008
41 1000
61 1000
61 929
46 929
46 953
39 953
39 957
38 957
38 921
79 921
79 920
70 920
70 919
29 919
29 942
26 942
26 964
15 964
15 922
11 922
11 934
9 934
9 1002
24 1002
24 968
51 968
51 985
37 985
37 1019
25 1019
25 1021
64 1021
64 1027
13 1027
13 1144
8 1144
8 1183
10 1183
10 1250
34 1250
34 1249
40 1249
40 1248
74 1248
74 1244
66 1244
66 1180
54 1180
54 1163
58 1163
58 1110
50 1110
50 1233
56 1233
56 1219
62 1219
62 1246
33 1246
33 1245
14 1245
14 1222
17 1222
17 1075
85 1075
85 1085
133 1085
133 1104
76 1104
76 1106
134 1106
134 1082
127 1082
127 1083
122 1083
122 1078
137 1078
137 1063
144 1063
144 1073
201 1073
201 1080
208 1080
208 1071
165 1071
165 1067
156 1067
156 1056
94 1056
94 1053
210 1053
210 1050
90 1050
90 948
99 948
99 930
88 930
88 897
100 897
100 899
106 899
106 895
119 895
119 956
110 956
110 996
124 996
124 1024
163 1024
163 983
160 983
160 971
178 971
178 951
170 951
170 914
169 914
169 898
175 898
175 859
183 859
183 828
185 828
185 836
189 836
189 813
188 813
188 730
184 730
184 729
258 729
258 719
161 719
161 718
245 718
245 698
186 698
186 687
256 687
256 689
465 689
465 695
302 695
302 692
278 692
278 738
274 738
274 739
264 739
264 749
257 749
257 774
273 774
273 784
282 784
282 787
287 787
287 715
288 715
288 710
293 710
293 773
308 773
308 746
306 746
306 751
300 751
300 758
299 758
299 713
432 713
432 711
450 711
450 709
283 709
283 703
320 703
320 699
444 699
444 707
475 707
475 700
449 700
449 696
479 696
479 716
374 716
374 720
332 720
332 855
326 855
326 825
319 825
319 861
377 861
377 867
397 867
397 875
403 875
403 858
421 858
421 883
383 883
383 884
359 884
359 918
389 918
389 923
376 923
376 924
386 924
386 1012
391 1012
391 1030
355 1030
355 1014
365 1014
365 963
369 963
369 931
364 931
364 991
344 991
344 1041
340 1041
340 1043
345 1043
345 1046
396 1046
396 1042
398 1042
398 995
388 995
388 932
413 932
413 916
417 916
417 909
412 909
412 903
390 903
390 888
373 888
373 887
436 887
436 877
422 877
422 865
463 865
463 901
456 901
456 912
459 912
459 975
455 975
455 1003
453 1003
453 1099
454 1099
454 1081
457 1081
457 1091
461 1091
461 1090
464 1090
464 1092
467 1092
467 1128
236 1128
236 1129
382 1129
382 1133
213 1133
213 1113
211 1113
211 1118
200 1118
200 1127
191 1127
191 1130
131 1130
131 1115
128 1115
128 1114
93 1114
93 1119
116 1119
116 1120
81 1120
81 1145
96 1145
96 1166
111 1166
111 1234
120 1234
120 1215
154 1215
154 1239
166 1239
166 1199
172 1199
172 1193
138 1193
138 1164
98 1164
98 1152
202 1152
202 1158
253 1158
253 1155
259 1155
259 1200
309 1200
309 1224
224 1224
224 1235
214 1235
214 1242
242 1242
242 1230
321 1230
321 1206
328 1206
328 1210
347 1210
347 1226
437 1226
437 1218
354 1218
354 1209
341 1209
341 1196
385 1196
385 1203
393 1203
393 1198
414 1198
414 1182
392 1182
392 1185
268 1185
268 1176
280 1176
280 1173
266 1173
266 1157
407 1157
407 1151
313 1151
313 1150
97 1150
97 1131
162 1131
162 1148
243 1148
243 1147
305 1147
305 1143
528 1143
528 1187
579 1187
579 1179
587 1179
587 1197
588 1197
588 1217
609 1217
609 1221
598 1221
598 1231
740 1231
740 1184
719 1184
719 1191
730 1191
730 1212
735 1212
735 1216
680 1216
680 1220
627 1220
627 1223
731 1223
731 1229
725 1229
725 1227
620 1227
620 1204
612 1204
612 1165
615 1165
615 1161
582 1161
582 1077
584 1077
584 1049
548 1049
548 1047
546 1047
546 1051
555 1051
555 1061
569 1061
569 1093
539 1093
539 972
561 972
561 958
590 958
590 1006
574 1006
574 1018
575 1018
575 1023
585 1023
585 1013
586 1013
586 1017
602 1017
602 1045
606 1045
606 1001
610 1001
610 1005
608 1005
608 1036
619 1036
619 990
603 990
603 998
600 998
600 978
621 978
621 976
599 976
599 966
631 966
631 969
670 969
670 979
695 979
695 959
766 959
766 980
721 980
721 960
715 960
715 988
711 988
711 1009
712 1009
712 1011
739 1011
739 999
729 999
729 1004
724 1004
724 984
787 984
787 1007
803 1007
803 987
813 987
813 1031
818 1031
818 997
843 997
843 1039
888 1039
888 1029
918 1029
918 1032
915 1032
915 1033
1007 1033
1007 1040
998 1040
998 1055
1018 1055
1018 1028
986 1028
986 1026
907 1026
907 1025
1048 1025
1048 1066
1013 1066
1013 1064
1002 1064
1002 1103
995 1103
995 1059
905 1059
905 1058
899 1058
899 1054
884 1054
884 1062
875 1062
875 1086
862 1086
862 1088
814 1088
814 1084
742 1084
742 1089
801 1089
801 1097
842 1097
842 1096
865 1096
865 1098
826 1098
826 1101
890 1101
890 1076
886 1076
886 1065
970 1065
970 1100
984 1100
984 1107
992 1107
992 1117
963 1117
963 1108
957 1108
957 1111
948 1111
948 1188
944 1188
944 1189
914 1189
914 1194
913 1194
913 1228
934 1228
934 1237
897 1237
897 1238
931 1238
931 1240
857 1240
857 1243
898 1243
898 1241
946 1241
946 1247
964 1247
964 1236
935 1236
935 1207
937 1207
937 1202
951 1202
951 1232
952 1232
952 1175
954 1175
954 1159
958 1159
958 1126
975 1126
975 1125
966 1125
966 1122
1038 1122
1038 1149
1011 1149
1011 1153
1044 1153
1044 1154
978 1154
978 1162
1017 1162
1017 1160
1049 1160
1049 1172
1056 1172
1056 1135
1064 1135
1064 1201
1075 1201
1075 1195
1176 1195
1176 1214
1186 1214
1186 1213
1199 1213
1199 1225
1216 1225
1216 1095
1215 1095
1215 904
1214 904
1214 1205
1213 1205
1213 890
1224 890
1224 856
1225 856
1225 943
1226 943
1226 850
1235 850
1235 967
1243 967
1243 881
1242 881
1242 961
1236 961
1236 880
1245 880
1245 869
1250 869
1250 845
1249 845
1249 840
1200 840
1200 838
1198 838
1198 839
1197 839
1197 806
1247 806
1247 701
1248 701
1248 651
1239 651
1239 588
1237 588
1237 580
1233 580
1233 439
1232 439
1232 642
1206 642
1206 635
1204 635
1204 690
1210 690
1210 697
1208 697
1208 714
1211 714
1211 654
1217 654
1217 660
1220 660
1220 717
1219 717
1219 724
1222 724
1222 740
1192 740
1192 760
1190 760
1190 792
1196 792
1196 743
1221 743
1221 761
1202 761
1202 790
1227 790
1227 794
1234 794
1234 779
1223 779
1223 676
1229 676
1229 666
1238 666
1238 665
1230 665
1230 658
1228 658
1228 656
1244 656
1244 767
1246 767
1246 803
1193 803
1193 808
1195 808
1195 815
1194 815
1194 874
1191 874
1191 885
1203 885
1203 841
1218 841
1218 847
1231 847
1231 844
1241 844
1241 864
1240 864
1240 849
1212 849
1212 1208
1209 1208
1209 1178
1207 1178
1207 1169
1201 1169
1201 1174
1205 1174
1205 1211
1181 1211
1181 1190
1086 1190
1086 1186
1085 1186
1085 1181
1077 1181
1077 1192
1065 1192
1065 1124
1051 1124
1051 1123
1050 1123
1050 1141
1047 1141
1047 1116
993 1116
993 1112
1003 1112
1003 1094
1020 1094
1020 1087
1060 1087
1060 1074
1069 1074
1069 1079
1091 1079
1091 1060
1068 1060
1068 965
1041 965
1041 940
1037 940
1037 954
1035 954
1035 936
1063 936
1063 938
1067 938
1067 935
950 935
950 941
1027 941
1027 992
1039 992
1039 993
1043 993
1043 1016
1046 1016
1046 1020
1066 1020
1066 1022
854 1022
854 1010
858 1010
858 994
876 994
876 986
873 986
873 982
864 982
864 973
844 973
844 977
810 977
810 981
781 981
781 925
776 925
776 927
757 927
757 933
665 933
665 937
726 937
726 946
754 946
754 950
657 950
657 952
622 952
622 945
617 945
617 955
538 955
538 970
537 970
537 1105
541 1105
541 1109
580 1109
580 1167
592 1167
592 1171
591 1171
591 1168
565 1168
565 1170
557 1170
557 1177
532 1177
532 1156
534 1156
534 1140
525 1140
525 1102
509 1102
509 1138
518 1138
518 1142
261 1142
261 1146
193 1146
193 1136
204 1136
204 1137
215 1137
215 1139
384 1139
384 1132
434 1132
434 1134
473 1134
473 1121
474 1121
474 926
471 926
471 1037
460 1037
460 902
482 902
482 908
493 908
493 900
469 900
469 889
495 889
495 876
485 876
485 872
494 872
494 853
346 853
346 851
447 851
447 848
428 848
428 846
339 846
339 816
358 816
358 805
379 805
379 733
363 733
363 797
350 797
350 793
356 793
356 780
348 780
348 789
338 789
338 835
334 835
334 727
336 727
336 722
481 722
481 706
486 706
486 680
472 680
472 688
429 688
429 679
351 679
351 678
445 678
445 677
303 677
303 675
406 675
406 673
240 673
240 671
446 671
446 664
448 664
448 670
549 670
549 659
508 659
508 669
497 669
497 653
512 653
512 632
523 632
523 515
540 515
540 524
547 524
547 560
551 560
551 570
572 570
572 538
577 538
577 587
571 587
571 583
564 583
564 578
559 578
559 593
556 593
556 646
560 646
560 704
567 704
567 754
566 754
566 800
613 800
613 801
616 801
616 812
628 812
628 802
638 802
638 866
636 866
636 915
770 915
770 821
790 821
790 829
902 829
902 831
816 831
816 833
837 833
837 832
972 832
972 819
977 819
977 823
988 823
988 824
1034 824
1034 830
1061 830
1061 826
1100 826
1100 822
1099 822
1099 820
1072 820
1072 817
1010 817
1010 814
985 814
985 818
930 818
930 827
807 827
807 809
767 809
767 873
764 873
764 769
748 769
748 731
745 731
745 725
758 725
758 757
788 757
788 522
789 522
789 490
797 490
797 636
792 636
792 672
793 672
793 667
805 667
805 631
802 631
802 563
800 563
800 458
856 458
856 461
846 461
846 462
812 462
812 473
809 473
809 476
820 476
820 496
819 496
819 766
823 766
823 691
825 691
825 589
821 589
821 564
822 564
822 464
838 464
838 465
832 465
832 468
850 468
850 489
845 489
845 491
851 491
851 493
849 493
849 514
841 514
841 520
871 520
871 519
855 519
855 482
877 482
877 466
928 466
928 467
960 467
960 469
1001 469
1001 521
1024 521
1024 518
1025 518
1025 571
1026 571
1026 550
1028 550
1028 525
1030 525
1030 562
1032 562
1032 605
1016 605
1016 612
941 612
941 596
953 596
953 599
1000 599
1000 595
962 595
962 592
900 592
900 590
889 590
889 594
878 594
878 598
908 598
908 606
901 606
901 610
894 610
894 607
863 607
863 609
848 609
848 615
926 615
926 613
1045 613
1045 502
1036 502
1036 495
1089 495
1089 494
1083 494
1083 484
1093 484
1093 507
1094 507
1094 585
1113 585
1113 581
1095 581
1095 487
1096 487
1096 568
1098 568
1098 513
1105 513
1105 558
1118 558
1118 569
1114 569
1114 629
1115 629
1115 591
1124 591
1124 533
1125 533
1125 637
1130 637
1130 759
1123 759
1123 655
1122 655
1122 721
1120 721
1120 763
1144 763
1144 737
1168 737
1168 748
1163 748
1163 781
1180 781
1180 768
1164 768
1164 765
1187 765
1187 752
1184 752
1184 732
1141 732
1141 753
1139 753
1139 708
1147 708
1147 705
1137 705
1137 755
1133 755
1133 684
1136 684
1136 681
1131 681
1131 674
1138 674
1138 630
1149 630
1149 627
1177 627
1177 639
1153 639
1153 643
1179 643
1179 623
1132 623
1132 628
1126 628
1126 620
1129 620
1129 603
1128 603
1128 600
1127 600
1127 511
1111 511
1111 554
1109 554
1109 505
1106 505
1106 483
1042 483
1042 488
1006 488
1006 460
882 460
882 443
1074 443
1074 432
1062 432
1062 316
1057 316
1057 303
1076 303
1076 275
1174 275
1174 270
1092 270
1092 248
1058 248
1058 232
1055 232
1055 230
1059 230
1059 200
1054 200
1054 97
1070 97
1070 49
1040 49
1040 46
1008 46
1008 39
980 39
980 36
940 36
940 38
927 38
927 47
933 47
933 41
968 41
968 48
939 48
939 61
991 61
991 101
990 101
990 202
983 202
983 137
955 137
955 177
959 177
959 185
938 185
938 118
947 118
947 69
847 69
847 74
829 74
829 253
828 253
828 280
867 280
867 281
753 281
753 277
786 277
786 259
763 259
763 237
727 237
727 209
734 209
734 207
723 207
723 182
642 182
642 263
626 263
626 265
611 265
611 328
650 328
650 331
672 331
672 336
687 336
687 358
671 358
671 370
662 370
662 374
647 374
647 385
760 385
760 393
743 393
743 395
685 395
685 397
416 397
416 389
352 389
352 383
362 383
362 378
488 378
488 377
420 377
420 356
378 356
378 350
