468
177 1
177 6
155 6
155 2
129 2
129 8
122 8
122 9
95 9
95 11
135 11
135 22
126 22
126 15
115 15
115 26
136 26
136 10
140 10
140 21
141 21
141 14
147 14
147 19
144 19
144 31
150 31
150 51
157 51
157 57
183 57
183 59
153 59
153 73
205 73
205 76
211 76
211 100
214 100
214 132
145 132
145 130
189 130
189 127
178 127
178 128
112 128
112 126
101 126
101 105
102 105
102 121
105 121
105 99
106 99
106 94
114 94
114 110
124 110
124 114
127 114
127 115
128 115
128 111
125 111
125 90
93 90
93 85
88 85
88 123
85 123
85 155
92 155
92 112
94 112
94 135
103 135
103 188
96 188
96 175
89 175
89 163
100 163
100 161
86 161
86 177
90 177
90 186
91 186
91 192
99 192
99 198
98 198
98 209
84 209
84 226
77 226
77 204
72 204
72 151
64 151
64 156
69 156
69 224
57 224
57 217
58 217
58 215
68 215
68 205
65 205
65 206
60 206
60 167
55 167
55 191
56 191
56 221
45 221
45 197
39 197
39 223
16 223
16 187
19 187
19 213
24 213
24 164
21 164
21 178
18 178
18 173
17 173
17 181
14 181
14 120
75 120
75 119
71 119
71 118
35 118
35 116
23 116
23 96
25 96
25 93
27 93
27 56
30 56
30 78
28 78
28 86
32 86
32 84
34 84
34 97
37 97
37 103
49 103
49 68
53 68
53 82
51 82
51 87
59 87
59 89
62 89
62 83
70 83
70 79
61 79
61 74
54 74
54 58
43 58
43 47
46 47
46 48
47 48
47 12
42 12
42 60
48 60
48 66
38 66
38 71
41 71
41 77
44 77
44 88
36 88
36 81
40 81
40 80
31 80
31 50
22 50
22 95
3 95
3 117
1 117
1 199
2 199
2 160
5 160
5 157
4 157
4 108
6 108
6 104
8 104
8 241
7 241
7 246
9 246
9 122
11 122
11 169
12 169
12 225
10 225
10 250
20 250
20 236
13 236
13 220
15 220
15 230
29 230
29 227
97 227
97 222
87 222
87 210
104 210
104 152
107 152
107 174
108 174
108 244
110 244
110 235
111 235
111 194
109 194
109 131
130 131
130 129
138 129
138 134
151 134
151 137
118 137
118 140
164 140
164 141
137 141
137 165
134 165
134 159
119 159
119 168
131 168
131 172
117 172
117 190
113 190
113 200
116 200
116 193
120 193
120 219
231 219
231 176
243 176
243 228
236 228
236 231
173 231
173 232
209 232
209 233
238 233
238 237
213 237
213 247
210 247
210 248
217 248
217 243
226 243
226 245
235 245
235 239
220 239
220 240
219 240
219 238
239 238
239 229
241 229
241 234
240 234
240 242
244 242
244 249
245 249
245 107
246 107
246 162
249 162
249 136
247 136
247 124
250 124
250 109
248 109
248 101
242 101
242 154
233 154
233 170
223 170
223 149
224 149
224 142
229 142
229 125
237 125
237 91
234 91
234 98
232 98
232 92
227 92
227 106
225 106
225 102
221 102
221 166
218 166
218 113
216 113
216 184
228 184
228 202
230 202
230 211
212 211
212 212
180 212
180 208
181 208
181 179
165 179
165 182
152 182
152 183
146 183
146 195
148 195
148 189
158 189
158 196
162 196
162 185
172 185
172 201
139 201
139 203
159 203
159 214
222 214
222 218
133 218
133 216
123 216
123 207
121 207
121 180
132 180
132 171
142 171
142 150
143 150
143 147
187 147
187 158
201 158
201 148
202 148
202 144
198 144
198 153
196 153
196 146
175 146
175 145
179 145
179 139
184 139
184 143
194 143
194 138
174 138
174 133
215 133
215 69
206 69
206 72
154 72
154 67
176 67
176 70
185 70
185 65
193 65
193 64
197 64
197 63
204 63
204 62
188 62
188 61
191 61
191 17
192 17
192 39
199 39
199 41
200 41
200 16
195 16
195 13
182 13
182 32
171 32
171 25
170 25
170 24
168 24
168 38
167 38
167 42
166 42
166 45
190 45
190 55
169 55
169 49
161 49
161 43
156 43
156 34
163 34
163 27
160 27
160 29
149 29
149 7
186 7
186 4
207 4
207 5
208 5
208 3
203 3
203 1
