156
145 132
145 130
189 130
189 128
94 128
94 135
103 135
103 188
96 188
96 175
89 175
89 163
100 163
100 161
86 161
86 177
90 177
90 186
91 186
91 192
99 192
99 198
98 198
98 209
84 209
84 226
77 226
77 224
57 224
57 223
16 223
16 187
24 187
24 181
14 181
14 120
75 120
75 119
71 119
71 118
35 118
35 116
23 116
23 96
3 96
3 117
1 117
1 199
2 199
2 160
5 160
5 157
4 157
4 108
6 108
6 104
8 104
8 241
7 241
7 246
9 246
9 122
11 122
11 169
12 169
12 225
10 225
10 250
20 250
20 236
13 236
13 220
15 220
15 230
29 230
29 227
97 227
97 222
87 222
87 210
104 210
104 152
107 152
107 174
108 174
108 244
110 244
110 235
111 235
111 194
109 194
109 131
130 131
130 129
138 129
138 134
151 134
151 137
118 137
118 140
164 140
164 141
137 141
137 165
134 165
134 159
119 159
119 168
131 168
131 172
117 172
117 190
113 190
113 200
116 200
116 193
120 193
120 219
231 219
231 212
180 212
180 208
181 208
181 185
172 185
172 201
139 201
139 203
159 203
159 214
222 214
222 218
133 218
133 216
123 216
123 207
121 207
121 180
132 180
132 171
142 171
142 150
143 150
143 147
196 147
196 146
175 146
175 145
179 145
179 139
194 139
194 138
174 138
174 133
215 133
215 132
