80
1 138
1 142
3 142
3 164
4 164
4 183
5 183
5 187
2 187
2 215
9 215
9 201
13 201
13 222
26 222
26 202
29 202
29 270
27 270
27 247
8 247
8 271
7 271
7 280
10 280
10 353
16 353
16 401
41 401
41 344
42 344
42 408
32 408
32 410
30 410
30 431
39 431
39 424
47 424
47 364
48 364
48 438
50 438
50 380
49 380
49 375
53 375
53 363
59 363
59 386
60 386
60 404
65 404
65 337
33 337
33 382
22 382
22 377
18 377
18 342
12 342
12 273
38 273
38 260
31 260
31 188
43 188
43 185
45 185
45 179
11 179
11 176
20 176
20 159
6 159
6 140
17 140
17 139
91 139
91 138
