868
297 26
297 50
291 50
291 19
288 19
288 15
276 15
276 9
116 9
116 2
109 2
109 4
83 4
83 3
56 3
56 8
71 8
71 7
91 7
91 6
103 6
103 11
111 11
111 13
220 13
220 12
226 12
226 14
245 14
245 16
229 16
229 18
259 18
259 20
217 20
217 25
164 25
164 21
149 21
149 30
140 30
140 31
151 31
151 28
214 28
214 27
232 27
232 24
224 24
224 22
262 22
262 17
286 17
286 46
290 46
290 47
285 47
285 49
289 49
289 52
292 52
292 53
126 53
126 45
32 45
32 287
30 287
30 247
19 247
19 246
9 246
9 236
17 236
17 225
15 225
15 210
27 210
27 173
13 173
13 159
16 159
16 110
5 110
5 379
1 379
1 431
7 431
7 410
4 410
4 399
22 399
22 466
20 466
20 476
18 476
18 497
31 497
31 498
52 498
52 500
115 500
115 472
112 472
112 470
132 470
132 493
160 493
160 483
135 483
135 453
139 453
139 459
141 459
141 451
188 451
188 454
230 454
230 455
269 455
269 444
287 444
287 452
293 452
293 426
284 426
284 390
275 390
275 408
283 408
283 429
281 429
281 436
268 436
268 428
267 428
267 377
266 377
266 432
265 432
265 398
256 398
256 427
255 427
255 435
257 435
257 440
231 440
231 442
242 442
242 448
215 448
215 447
134 447
134 424
221 424
221 420
211 420
211 418
206 418
206 414
181 414
181 416
137 416
137 405
192 405
192 397
208 397
208 396
186 396
186 402
178 402
178 403
148 403
148 404
129 404
129 411
130 411
130 417
165 417
165 421
159 421
159 419
147 419
147 422
182 422
182 423
131 423
131 461
108 461
108 469
106 469
106 480
104 480
104 460
96 460
96 489
95 489
95 478
90 478
90 445
102 445
102 439
88 439
88 415
89 415
89 407
82 407
82 386
92 386
92 388
117 388
117 413
123 413
123 391
127 391
127 384
80 384
80 376
84 376
84 368
136 368
136 370
150 370
150 372
222 372
222 373
277 373
277 353
274 353
274 337
264 337
264 333
248 333
248 293
249 293
249 299
252 299
252 296
250 296
250 270
254 270
254 265
253 265
253 235
244 235
244 237
238 237
238 227
282 227
282 135
272 135
272 123
280 123
280 85
278 85
278 89
271 89
271 111
270 111
270 152
273 152
273 171
279 171
279 192
261 192
261 176
258 176
258 178
235 178
235 77
234 77
234 182
246 182
246 193
263 193
263 196
260 196
260 212
233 212
233 243
236 243
236 285
218 285
218 277
219 277
219 256
185 256
185 238
193 238
193 240
207 240
207 255
210 255
210 219
201 219
201 207
209 207
209 189
204 189
204 188
200 188
200 92
212 92
212 88
198 88
198 95
189 95
189 175
191 175
191 99
196 99
196 139
197 139
197 144
199 144
199 231
184 231
184 137
176 137
176 181
177 181
177 198
175 198
175 205
180 205
180 248
172 248
172 241
161 241
161 228
156 228
156 252
153 252
153 160
157 160
157 200
154 200
154 216
155 216
155 206
174 206
174 83
203 83
203 80
227 80
227 78
223 78
223 73
190 73
190 65
225 65
225 63
183 63
183 61
158 61
158 69
166 69
166 76
145 76
145 81
162 81
162 79
170 79
170 67
179 67
179 71
171 71
171 90
142 90
142 97
169 97
169 127
167 127
167 168
163 168
163 153
152 153
152 218
146 218
146 184
144 184
144 263
195 263
195 286
168 286
168 311
194 311
194 306
205 306
205 303
237 303
237 300
202 300
202 297
213 297
213 291
216 291
216 298
239 298
239 244
251 244
251 250
247 250
247 327
243 327
243 362
241 362
241 325
240 325
240 355
228 355
228 371
187 371
187 367
128 367
128 351
125 351
125 317
107 317
107 336
101 336
101 324
98 324
98 349
114 349
114 321
124 321
124 363
94 363
94 343
93 343
93 334
75 334
75 226
74 226
74 199
73 199
73 323
72 323
72 245
68 245
68 264
67 264
67 279
69 279
69 330
60 330
60 338
86 338
86 364
113 364
113 366
77 366
77 385
76 385
76 392
79 392
79 401
78 401
78 464
65 464
65 412
70 412
70 400
63 400
63 378
61 378
61 383
62 383
62 473
81 473
81 409
87 409
87 449
85 449
85 481
59 481
59 487
66 487
66 490
99 490
99 486
100 486
100 488
110 488
110 491
97 491
97 496
64 496
64 499
54 499
54 495
37 495
37 494
29 494
29 492
26 492
26 437
25 437
25 430
24 430
24 389
12 389
12 387
10 387
10 357
28 357
28 341
23 341
23 350
6 350
6 126
8 126
8 261
11 261
11 283
21 283
21 314
41 314
41 316
42 316
42 340
43 340
43 260
40 260
40 258
44 258
44 249
46 249
46 242
50 242
50 215
53 215
53 251
47 251
47 262
55 262
55 259
57 259
57 328
58 328
58 167
51 167
51 209
49 209
49 221
48 221
48 239
39 239
39 275
36 275
36 313
33 313
33 75
35 75
35 117
38 117
38 87
45 87
45 74
34 74
34 48
118 48
118 51
121 51
121 54
173 54
173 55
295 55
295 72
294 72
294 86
299 86
299 93
296 93
296 114
301 114
301 112
305 112
305 101
303 101
303 68
309 68
309 60
306 60
306 59
300 59
300 39
302 39
302 38
304 38
304 35
308 35
308 42
314 42
314 91
310 91
310 96
319 96
319 128
313 128
313 166
316 166
316 194
334 194
334 204
387 204
387 211
315 211
315 213
399 213
399 214
312 214
312 222
369 222
369 253
367 253
367 229
321 229
321 232
365 232
365 267
371 267
371 230
373 230
373 223
374 223
374 217
391 217
391 220
398 220
398 266
406 266
406 257
408 257
408 234
447 234
447 208
453 208
453 224
451 224
451 268
357 268
357 289
349 289
349 281
333 281
333 290
331 290
331 294
341 294
341 315
342 315
342 318
344 318
344 292
345 292
345 320
346 320
346 310
353 310
353 308
366 308
366 288
358 288
358 269
396 269
396 302
393 302
393 282
370 282
370 319
372 319
372 326
379 326
379 305
385 305
385 304
390 304
390 346
375 346
375 352
359 352
359 342
350 342
350 348
348 348
348 354
340 354
340 359
376 359
376 361
382 361
382 425
384 425
384 406
383 406
383 365
386 365
386 393
392 393
392 335
397 335
397 271
452 271
452 272
404 272
404 295
414 295
414 309
426 309
426 332
483 332
483 344
457 344
457 356
429 356
429 345
411 345
411 467
409 467
409 471
423 471
423 482
428 482
428 477
430 477
430 468
450 468
450 465
415 465
415 463
471 463
471 474
465 474
465 479
490 479
490 485
498 485
498 484
492 484
492 457
493 457
493 450
496 450
496 443
500 443
500 395
499 395
499 438
445 438
445 434
474 434
474 433
434 433
434 456
443 456
443 441
478 441
478 446
489 446
489 458
484 458
484 475
482 475
482 462
413 462
413 358
437 358
437 369
441 369
441 380
446 380
446 375
461 375
461 382
495 382
495 394
497 394
497 381
480 381
480 374
449 374
449 360
488 360
488 347
487 347
487 339
485 339
485 331
444 331
444 329
433 329
433 312
438 312
438 322
442 322
442 307
419 307
419 284
425 284
425 280
431 280
431 301
435 301
435 278
448 278
448 274
439 274
439 276
421 276
421 273
454 273
454 254
455 254
455 233
460 233
460 146
491 146
491 145
352 145
352 142
339 142
339 140
347 140
347 120
364 120
364 109
351 109
351 113
336 113
336 116
338 116
338 118
332 118
332 130
326 130
326 147
335 147
335 151
377 151
377 148
458 148
458 154
459 154
459 201
407 201
407 203
361 203
361 202
337 202
337 191
388 191
388 190
389 190
389 187
403 187
403 186
378 186
378 183
354 183
354 177
328 177
328 172
320 172
320 82
317 82
317 26
