192
1 379
1 431
7 431
7 410
4 410
4 399
22 399
22 466
20 466
20 476
18 476
18 497
31 497
31 498
52 498
52 500
115 500
115 480
104 480
104 460
96 460
96 489
95 489
95 478
90 478
90 445
102 445
102 439
88 439
88 415
89 415
89 407
82 407
82 386
92 386
92 388
117 388
117 413
123 413
123 391
127 391
127 384
80 384
80 376
84 376
84 368
136 368
136 370
150 370
150 372
222 372
222 373
277 373
277 353
274 353
274 337
264 337
264 333
248 333
248 293
249 293
249 299
252 299
252 296
250 296
250 270
254 270
254 265
253 265
253 243
236 243
236 285
218 285
218 277
219 277
219 256
185 256
185 238
193 238
193 240
207 240
207 255
210 255
210 219
201 219
201 207
209 207
209 189
204 189
204 188
200 188
200 92
212 92
212 88
198 88
198 95
189 95
189 175
191 175
191 99
196 99
196 139
197 139
197 144
199 144
199 231
184 231
184 137
176 137
176 181
177 181
177 198
175 198
175 205
180 205
180 248
172 248
172 241
161 241
161 228
156 228
156 252
153 252
153 160
157 160
157 200
154 200
154 206
174 206
174 168
163 168
163 153
152 153
152 218
144 218
144 263
195 263
195 286
239 286
239 244
251 244
251 250
247 250
247 327
243 327
243 362
228 362
228 371
187 371
187 367
77 367
77 385
76 385
76 392
79 392
79 401
78 401
78 409
87 409
87 449
85 449
85 481
59 481
59 487
66 487
66 490
99 490
99 486
100 486
100 488
110 488
110 491
97 491
97 496
64 496
64 499
54 499
54 495
37 495
37 494
29 494
29 492
26 492
26 437
25 437
25 430
24 430
24 389
12 389
12 387
10 387
10 379
