172
9 17
9 21
14 21
14 32
4 32
4 40
10 40
10 47
12 47
12 48
2 48
2 63
1 63
1 69
6 69
6 70
15 70
15 60
16 60
16 53
11 53
11 52
17 52
17 74
34 74
34 73
35 73
35 80
50 80
50 78
51 78
51 77
75 77
75 81
76 81
76 95
62 95
62 94
57 94
57 98
68 98
68 99
43 99
43 96
28 96
28 92
45 92
45 89
42 89
42 85
64 85
64 87
74 87
74 82
48 82
48 83
54 83
54 84
40 84
40 91
39 91
39 88
32 88
32 90
5 90
5 93
8 93
8 97
7 97
7 100
80 100
80 86
79 86
79 79
77 79
77 76
53 76
53 75
58 75
58 71
52 71
52 68
55 68
55 65
61 65
61 66
59 66
59 67
71 67
71 56
70 56
70 34
69 34
69 57
66 57
66 29
60 29
60 39
46 39
46 42
65 42
65 55
33 55
33 51
30 51
30 30
27 30
27 33
20 33
20 45
29 45
29 54
21 54
21 59
41 59
41 61
25 61
25 64
49 64
49 72
18 72
18 28
38 28
38 27
47 27
47 26
87 26
87 31
83 31
83 49
86 49
86 43
88 43
88 44
92 44
92 50
96 50
96 62
99 62
99 58
97 58
97 46
98 46
98 41
95 41
95 36
94 36
94 35
93 35
93 38
85 38
85 37
91 37
91 10
82 10
82 18
84 18
84 20
81 20
81 19
78 19
78 23
89 23
89 15
90 15
90 25
44 25
44 22
22 22
22 24
19 24
19 17
