156
1 10
1 36
2 36
2 40
3 40
3 14
4 14
4 31
5 31
5 66
6 66
6 13
11 13
11 100
10 100
10 98
9 98
9 101
7 101
7 113
8 113
8 107
16 107
16 106
23 106
23 103
26 103
26 110
27 110
27 112
31 112
31 123
30 123
30 132
35 132
35 142
96 142
96 145
104 145
104 146
132 146
132 150
133 150
133 149
134 149
134 143
108 143
108 141
130 141
130 140
141 140
141 147
142 147
142 144
145 144
145 148
147 148
147 138
124 138
124 135
127 135
127 133
110 133
110 139
47 139
47 137
65 137
65 136
41 136
41 131
39 131
39 129
62 129
62 127
73 127
73 119
85 119
85 122
86 122
86 120
138 120
138 116
135 116
135 108
129 108
129 114
126 114
126 115
87 115
87 117
78 117
78 111
92 111
92 105
82 105
82 109
72 109
72 104
89 104
89 96
90 96
90 97
95 97
95 93
81 93
81 90
103 90
103 88
112 88
112 87
64 87
64 94
83 94
83 95
75 95
75 102
67 102
67 118
70 118
70 124
50 124
50 125
56 125
56 126
43 126
43 121
37 121
37 128
38 128
38 134
36 134
36 130
32 130
32 91
21 91
21 89
18 89
18 99
15 99
15 92
12 92
12 79
14 79
14 57
13 57
13 12
19 12
19 15
22 15
22 38
25 38
25 25
54 25
54 22
24 22
24 10
