278
49 2
49 27
66 27
66 52
65 52
65 76
63 76
63 95
67 95
67 42
68 42
68 28
71 28
71 114
37 114
37 80
38 80
38 79
17 79
17 41
23 41
23 38
26 38
26 25
8 25
8 31
2 31
2 32
15 32
15 35
3 35
3 68
4 68
4 105
6 105
6 94
5 94
5 36
9 36
9 47
14 47
14 50
16 50
16 81
18 81
18 82
31 82
31 96
35 96
35 129
36 129
36 138
46 138
46 116
52 116
52 124
75 124
75 118
77 118
77 127
107 127
107 117
95 117
95 103
93 103
93 102
94 102
94 101
88 101
88 75
130 75
130 70
139 70
139 77
141 77
141 71
170 71
170 84
152 84
152 85
135 85
135 87
114 87
114 89
111 89
111 141
120 141
120 143
147 143
147 145
101 145
101 177
97 177
97 179
119 179
119 193
104 193
104 197
73 197
73 199
60 199
60 195
34 195
34 192
13 192
13 186
11 186
11 183
20 183
20 172
28 172
28 167
41 167
41 166
24 166
24 157
1 157
1 163
22 163
22 171
12 171
12 175
7 175
7 191
10 191
10 194
19 194
19 196
56 196
56 200
90 200
90 198
137 198
137 178
103 178
103 164
108 164
108 147
110 147
110 154
113 154
113 153
115 153
115 176
121 176
121 174
198 174
198 151
193 151
193 148
162 148
162 152
194 152
194 169
187 169
187 155
171 155
171 161
178 161
178 160
186 160
186 168
161 168
161 170
116 170
116 146
189 146
189 142
164 142
164 144
157 144
157 140
200 140
200 139
155 139
155 137
126 137
126 134
112 134
112 97
125 97
125 128
127 128
127 121
129 121
129 113
128 113
128 98
134 98
134 93
117 93
117 88
174 88
174 86
176 86
176 91
184 91
184 92
197 92
197 58
182 58
182 59
195 59
195 63
183 63
183 90
181 90
181 74
177 74
177 69
123 69
123 72
105 72
105 61
118 61
118 57
132 57
132 44
188 44
188 45
167 45
167 49
169 49
169 51
190 51
190 40
196 40
196 39
192 39
192 33
163 33
163 34
146 34
146 37
175 37
175 43
131 43
131 54
99 54
99 73
96 73
96 66
92 66
92 65
87 65
87 106
91 106
91 126
84 126
84 122
86 122
86 109
72 109
72 26
53 26
53 24
61 24
61 23
54 23
54 22
51 22
51 7
64 7
64 5
102 5
102 11
109 11
109 8
140 8
140 9
122 9
122 10
124 10
124 12
149 12
149 6
106 6
106 2
