82
2 106
2 104
4 104
4 103
55 103
55 102
1 102
1 116
14 116
14 107
20 107
20 138
22 138
22 173
35 173
35 181
26 181
26 183
29 183
29 184
41 184
41 157
43 157
43 180
71 180
71 179
82 179
82 198
78 198
78 190
74 190
74 200
77 200
77 199
130 199
130 197
94 197
94 196
129 196
129 195
200 195
200 187
199 187
199 194
136 194
136 188
166 188
166 192
171 192
171 185
102 185
102 186
101 186
101 191
90 191
90 193
85 193
85 182
93 182
93 178
137 178
137 177
79 177
79 176
45 176
45 167
50 167
50 155
38 155
38 162
32 162
32 159
23 159
23 128
24 128
24 119
51 119
51 111
33 111
33 110
65 110
65 106
