322
163 26
163 44
127 44
127 43
123 43
123 35
58 35
58 30
17 30
17 12
5 12
5 18
2 18
2 29
1 29
1 32
12 32
12 15
15 15
15 33
45 33
45 36
6 36
6 41
40 41
40 40
41 40
41 38
78 38
78 37
100 37
100 39
115 39
115 45
120 45
120 47
133 47
133 46
172 46
172 27
175 27
175 31
180 31
180 49
188 49
188 51
154 51
154 60
155 60
155 75
176 75
176 82
149 82
149 78
104 78
104 79
134 79
134 81
80 81
80 80
11 80
11 86
10 86
10 69
7 69
7 68
59 68
59 64
63 64
63 65
114 65
114 66
122 66
122 76
136 76
136 56
109 56
109 57
112 57
112 59
62 59
62 62
51 62
51 55
23 55
23 63
4 63
4 54
3 54
3 87
9 87
9 106
27 106
27 102
60 102
60 105
73 105
73 110
70 110
70 118
74 118
74 122
69 122
69 126
75 126
75 117
77 117
77 133
65 133
65 171
76 171
76 175
67 175
67 177
48 177
48 141
52 141
52 139
44 139
44 174
34 174
34 153
31 153
31 173
30 173
30 157
22 157
22 235
16 235
16 248
20 248
20 240
25 240
25 218
26 218
26 231
28 231
28 187
32 187
32 246
37 246
37 245
96 245
96 241
50 241
50 244
39 244
39 243
35 243
35 221
47 221
47 217
53 217
53 209
82 209
82 211
105 211
105 207
107 207
107 214
199 214
199 220
201 220
201 215
218 215
218 210
219 210
219 202
221 202
221 208
220 208
220 216
223 216
223 222
189 222
189 223
227 223
227 224
215 224
215 228
161 228
161 227
212 227
212 225
166 225
166 226
132 226
132 229
194 229
194 236
113 236
113 233
110 233
110 237
131 237
131 238
108 238
108 242
173 242
173 239
207 239
207 234
195 234
195 232
231 232
231 219
229 219
229 212
237 212
237 205
236 205
236 201
209 201
209 213
125 213
125 203
72 203
72 204
119 204
119 206
42 206
42 188
43 188
43 181
84 181
84 183
85 183
85 168
66 168
66 142
71 142
71 158
86 158
86 147
91 147
91 193
90 193
90 197
156 197
156 198
168 198
168 199
196 199
196 200
226 200
226 155
224 155
224 120
228 120
228 114
233 114
233 91
234 91
234 116
240 116
240 115
238 115
238 99
235 99
235 90
232 90
232 107
230 107
230 112
214 112
214 145
213 145
213 166
216 166
216 170
217 170
217 172
225 172
225 186
222 186
222 195
211 195
211 196
191 196
191 192
93 192
93 180
99 180
99 160
106 160
106 150
92 150
92 136
79 136
79 103
61 103
61 101
13 101
13 95
38 95
38 92
29 92
29 89
24 89
24 88
14 88
14 84
135 84
135 83
185 83
185 77
210 77
210 74
200 74
200 73
159 73
159 67
170 67
170 58
165 58
165 52
208 52
208 50
190 50
190 42
184 42
184 26
