106
163 26
163 44
127 44
127 43
123 43
123 35
58 35
58 30
17 30
17 12
5 12
5 18
2 18
2 29
1 29
1 32
12 32
12 15
15 15
15 33
45 33
45 36
6 36
6 41
40 41
40 40
41 40
41 38
78 38
78 37
100 37
100 39
115 39
115 45
120 45
120 47
133 47
133 46
172 46
172 27
175 27
175 31
180 31
180 49
188 49
188 51
154 51
154 60
155 60
155 75
176 75
176 82
149 82
149 78
104 78
104 79
134 79
134 81
80 81
80 80
11 80
11 86
10 86
10 69
7 69
7 68
59 68
59 64
63 64
63 65
114 65
114 66
122 66
122 76
136 76
136 57
112 57
112 59
62 59
62 62
23 62
23 63
3 63
3 87
14 87
14 84
135 84
135 83
185 83
185 77
210 77
210 74
200 74
200 73
159 73
159 67
170 67
170 58
165 58
165 52
208 52
208 50
190 50
190 42
184 42
184 26
