84
1 3
1 12
13 12
13 6
21 6
21 15
38 15
38 14
34 14
34 5
36 5
36 11
54 11
54 7
55 7
55 29
44 29
44 32
35 32
35 18
2 18
2 20
7 20
7 22
5 22
5 27
18 27
18 26
27 26
27 45
142 45
142 43
152 43
152 42
115 42
115 41
104 41
104 39
113 39
113 38
162 38
162 35
163 35
163 25
165 25
165 17
161 17
161 16
180 16
180 23
181 23
181 31
177 31
177 55
167 55
167 56
213 56
213 71
198 71
198 69
110 69
110 70
149 70
149 72
219 72
219 57
214 57
214 50
185 50
185 13
151 13
151 30
135 30
135 34
70 34
70 44
42 44
42 33
56 33
56 9
60 9
60 4
26 4
26 3
