472
1 3
1 12
13 12
13 6
21 6
21 15
38 15
38 14
34 14
34 5
36 5
36 11
54 11
54 7
55 7
55 29
44 29
44 32
35 32
35 18
2 18
2 20
7 20
7 22
5 22
5 27
18 27
18 26
27 26
27 45
142 45
142 43
152 43
152 42
115 42
115 41
104 41
104 39
113 39
113 38
162 38
162 35
163 35
163 25
165 25
165 17
161 17
161 16
180 16
180 23
181 23
181 31
177 31
177 55
167 55
167 56
213 56
213 71
198 71
198 62
189 62
189 67
191 67
191 63
193 63
193 68
91 68
91 79
80 79
80 65
69 65
69 61
46 61
46 60
57 60
57 54
75 54
75 58
84 58
84 53
53 53
53 52
121 52
121 51
126 51
126 46
125 46
125 49
124 49
124 47
43 47
43 48
37 48
37 59
28 59
28 64
31 64
31 66
61 66
61 73
49 73
49 77
29 77
29 89
23 89
23 97
12 97
12 118
9 118
9 109
3 109
3 124
6 124
6 129
8 129
8 194
11 194
11 191
24 191
24 210
10 210
10 214
20 214
20 212
32 212
32 184
82 184
82 186
74 186
74 193
94 193
94 199
105 199
105 200
107 200
107 204
100 204
100 201
41 201
41 218
123 218
123 220
109 220
109 221
171 221
171 219
197 219
197 223
159 223
159 222
122 222
122 225
65 225
65 226
186 226
186 228
132 228
132 229
67 229
67 248
72 248
72 250
81 250
81 247
145 247
145 245
85 245
85 246
68 246
68 235
73 235
73 233
79 233
79 232
86 232
86 242
93 242
93 241
106 241
106 240
96 240
96 238
99 238
99 237
95 237
95 239
92 239
92 234
154 234
154 231
201 231
201 217
179 217
179 216
211 216
211 215
64 215
64 213
76 213
76 211
58 211
58 209
183 209
183 206
215 206
215 236
220 236
220 227
226 227
226 230
242 230
242 243
243 243
243 249
245 249
245 244
244 244
244 224
221 224
221 203
204 203
204 202
164 202
164 198
207 198
207 176
206 176
206 197
190 197
190 195
168 195
168 192
187 192
187 188
175 188
175 190
144 190
144 196
147 196
147 205
150 205
150 207
139 207
139 208
114 208
114 189
90 189
90 187
89 187
89 185
117 185
117 181
111 181
111 178
120 178
120 175
118 175
118 172
116 172
116 166
112 166
112 159
127 159
127 162
205 162
205 161
208 161
208 163
210 163
210 150
156 150
156 143
158 143
158 139
160 139
160 133
170 133
170 134
203 134
203 137
209 137
209 136
217 136
217 141
218 141
218 130
232 130
232 152
235 152
235 149
233 149
233 146
238 146
238 167
240 167
240 154
239 154
239 121
224 121
224 119
194 119
194 117
249 117
249 144
247 144
247 164
246 164
246 169
248 169
248 165
250 165
250 116
236 116
236 115
222 115
222 114
241 114
241 113
174 113
174 112
169 112
169 108
184 108
184 105
182 105
182 103
166 103
166 120
200 120
200 122
172 122
172 125
230 125
230 127
196 127
196 128
188 128
188 126
153 126
153 131
157 131
157 132
148 132
148 135
155 135
155 138
138 138
138 106
102 106
102 104
33 104
33 107
129 107
129 111
130 111
130 110
137 110
137 123
133 123
133 140
128 140
128 142
50 142
50 145
52 145
52 148
141 148
141 147
146 147
146 151
199 151
199 157
195 157
195 160
143 160
143 155
140 155
140 153
108 153
108 156
103 156
103 158
101 158
101 170
71 170
71 182
88 182
88 183
63 183
63 179
51 179
51 168
40 168
40 180
15 180
15 177
22 177
22 173
17 173
17 171
16 171
16 174
14 174
14 102
19 102
19 99
25 99
25 101
87 101
87 100
39 100
39 98
119 98
119 94
83 94
83 93
77 93
77 88
97 88
97 91
131 91
131 86
62 86
62 85
47 85
47 92
66 92
66 96
45 96
45 95
30 95
30 78
78 78
78 81
48 81
48 83
59 83
59 82
98 82
98 69
110 69
110 70
149 70
149 75
173 75
173 84
192 84
192 76
202 76
202 74
212 74
212 72
219 72
219 57
214 57
214 50
185 50
185 13
151 13
151 30
135 30
135 34
70 34
70 44
42 44
42 33
56 33
56 9
60 9
60 4
26 4
26 3
