234
1 3
1 12
13 12
13 6
21 6
21 15
38 15
38 14
34 14
34 5
36 5
36 11
54 11
54 7
55 7
55 29
44 29
44 32
35 32
35 18
2 18
2 20
7 20
7 22
5 22
5 27
18 27
18 26
27 26
27 45
142 45
142 43
152 43
152 42
115 42
115 41
104 41
104 39
113 39
113 38
162 38
162 35
163 35
163 25
165 25
165 17
161 17
161 16
180 16
180 23
181 23
181 31
177 31
177 55
167 55
167 56
213 56
213 71
198 71
198 68
91 68
91 79
80 79
80 77
29 77
29 89
23 89
23 97
12 97
12 118
9 118
9 109
3 109
3 124
6 124
6 129
8 129
8 194
11 194
11 191
24 191
24 210
10 210
10 214
20 214
20 212
32 212
32 184
82 184
82 186
74 186
74 193
94 193
94 199
105 199
105 200
107 200
107 204
100 204
100 201
41 201
41 218
123 218
123 220
109 220
109 221
171 221
171 219
197 219
197 223
159 223
159 222
122 222
122 225
65 225
65 226
186 226
186 228
132 228
132 229
67 229
67 248
72 248
72 250
81 250
81 247
145 247
145 245
85 245
85 246
68 246
68 235
73 235
73 233
79 233
79 232
86 232
86 242
93 242
93 241
106 241
106 240
96 240
96 238
99 238
99 237
95 237
95 239
92 239
92 234
154 234
154 231
201 231
201 217
179 217
179 216
211 216
211 215
64 215
64 213
76 213
76 211
58 211
58 209
183 209
183 206
215 206
215 236
220 236
220 227
226 227
226 230
244 230
244 224
221 224
221 205
150 205
150 207
139 207
139 208
114 208
114 189
90 189
90 187
89 187
89 185
117 185
117 183
63 183
63 180
15 180
15 177
22 177
22 174
14 174
14 102
19 102
19 99
39 99
39 98
119 98
119 96
45 96
45 95
30 95
30 78
78 78
78 81
98 81
98 69
110 69
110 70
149 70
149 72
219 72
219 57
214 57
214 50
185 50
185 13
151 13
151 30
135 30
135 34
70 34
70 44
42 44
42 33
56 33
56 9
60 9
60 4
26 4
26 3
