3892
2494 1
2494 208
2492 208
2492 179
2429 179
2429 155
2404 155
2404 135
2379 135
2379 130
2357 130
2357 118
2312 118
2312 127
2309 127
2309 122
2293 122
2293 125
2285 125
2285 145
2239 145
2239 139
2140 139
2140 136
2114 136
2114 230
2122 230
2122 244
2026 244
2026 247
2008 247
2008 248
2014 248
2014 251
1994 251
1994 242
1993 242
1993 240
2091 240
2091 236
2111 236
2111 229
1997 229
1997 223
2009 223
2009 210
1980 210
1980 225
1964 225
1964 204
1972 204
1972 205
2108 205
2108 194
2099 194
2099 192
2064 192
2064 197
1990 197
1990 193
1941 193
1941 174
1926 174
1926 231
2006 231
2006 239
1925 239
1925 198
1901 198
1901 140
1884 140
1884 134
1917 134
1917 119
1888 119
1888 126
1796 126
1796 138
1692 138
1692 113
1723 113
1723 133
1760 133
1760 100
1745 100
1745 91
1616 91
1616 93
1609 93
1609 81
1602 81
1602 89
1599 89
1599 46
1743 46
1743 50
1758 50
1758 53
1793 53
1793 45
1850 45
1850 44
1808 44
1808 42
1794 42
1794 40
1686 40
1686 38
1628 38
1628 35
1582 35
1582 23
1567 23
1567 22
1562 22
1562 10
1081 10
1081 8
958 8
958 5
954 5
954 14
927 14
927 4
1315 4
1315 2
1190 2
1190 3
919 3
919 6
878 6
878 7
875 7
875 11
891 11
891 26
944 26
944 28
845 28
845 67
851 67
851 68
841 68
841 62
834 62
834 76
829 76
829 52
830 52
830 43
776 43
776 57
707 57
707 56
446 56
446 74
459 74
459 69
460 69
460 61
631 61
631 59
598 59
598 58
719 58
719 84
729 84
729 108
731 108
731 114
748 114
748 123
760 123
760 109
771 109
771 102
762 102
762 96
754 96
754 75
773 75
773 94
778 94
778 141
745 141
745 124
715 124
715 150
768 150
768 167
704 167
704 63
658 63
658 72
630 72
630 73
668 73
668 85
676 85
676 101
693 101
693 132
703 132
703 154
692 154
692 116
683 116
683 120
580 120
580 128
684 128
684 149
657 149
657 153
663 153
663 163
615 163
615 171
575 171
575 180
559 180
559 195
742 195
742 196
557 196
557 206
665 206
665 203
636 203
636 199
710 199
710 213
743 213
743 209
782 209
782 218
796 218
796 190
708 190
708 188
792 188
792 185
697 185
697 191
677 191
677 184
675 184
675 178
649 178
649 175
617 175
617 168
775 168
775 173
783 173
783 151
784 151
784 146
791 146
791 121
794 121
794 107
790 107
790 49
812 49
812 64
814 64
814 83
837 83
837 111
844 111
844 169
853 169
853 105
865 105
865 158
862 158
862 215
863 215
863 202
866 202
866 70
856 70
856 36
924 36
924 29
963 29
963 31
987 31
987 25
964 25
964 19
1268 19
1268 21
1296 21
1296 27
1326 27
1326 20
1340 20
1340 54
1358 54
1358 66
1367 66
1367 47
1357 47
1357 30
1349 30
1349 18
1303 18
1303 17
966 17
966 9
993 9
993 13
1266 13
1266 15
1381 15
1381 32
1370 32
1370 34
1383 34
1383 77
1385 77
1385 65
1400 65
1400 55
1402 55
1402 60
1413 60
1413 51
1452 51
1452 48
1408 48
1408 41
1415 41
1415 39
1414 39
1414 12
1466 12
1466 16
1478 16
1478 33
1528 33
1528 24
1535 24
1535 37
1594 37
1594 82
1540 82
1540 80
1474 80
1474 86
1439 86
1439 79
1375 79
1375 88
1531 88
1531 90
1606 90
1606 97
1294 97
1294 78
1252 78
1252 87
1287 87
1287 115
1292 115
1292 245
1330 245
1330 256
1319 256
1319 273
1290 273
1290 279
1286 279
1286 280
1239 280
1239 286
1230 286
1230 282
1227 282
1227 278
1225 278
1225 234
1220 234
1220 262
1221 262
1221 237
1224 237
1224 287
1245 287
1245 281
1364 281
1364 277
1391 277
1391 290
1396 290
1396 297
1339 297
1339 299
1429 299
1429 284
1451 284
1451 298
1504 298
1504 295
1518 295
1518 301
1532 301
1532 300
1520 300
1520 294
1543 294
1543 296
1551 296
1551 293
1570 293
1570 289
1711 289
1711 378
1708 378
1708 372
1702 372
1702 456
1693 456
1693 422
1676 422
1676 424
1664 424
1664 426
1663 426
1663 414
1660 414
1660 401
1675 401
1675 389
1674 389
1674 307
1640 307
1640 315
1631 315
1631 314
1627 314
1627 325
1629 325
1629 358
1614 358
1614 362
1632 362
1632 332
1645 332
1645 559
1641 559
1641 374
1637 374
1637 410
1638 410
1638 609
1639 609
1639 762
1617 762
1617 686
1603 686
1603 702
1553 702
1553 684
1579 684
1579 670
1571 670
1571 681
1514 681
1514 682
1503 682
1503 733
1499 733
1499 714
1495 714
1495 581
1482 581
1482 600
1480 600
1480 576
1526 576
1526 550
1433 550
1433 549
1379 549
1379 557
1421 557
1421 560
1285 560
1285 565
1267 565
1267 548
1207 548
1207 546
943 546
943 553
914 553
914 554
909 554
909 543
876 543
876 561
1065 561
1065 555
1083 555
1083 558
1096 558
1096 562
869 562
869 563
1117 563
1117 547
1127 547
1127 552
1154 552
1154 571
1041 571
1041 568
946 568
946 574
1203 574
1203 570
1229 570
1229 567
1361 567
1361 582
1388 582
1388 569
1476 569
1476 591
1399 591
1399 590
1359 590
1359 593
1468 593
1468 596
1271 596
1271 607
1134 607
1134 608
1317 608
1317 597
1321 597
1321 631
1301 631
1301 629
1289 629
1289 628
1250 628
1250 679
1258 679
1258 690
1247 690
1247 691
1264 691
1264 704
1254 704
1254 718
1256 718
1256 763
1237 763
1237 751
1210 751
1210 756
1194 756
1194 772
1162 772
1162 749
1141 749
1141 743
1223 743
1223 737
1104 737
1104 735
1234 735
1234 730
1140 730
1140 710
1047 710
1047 683
988 683
988 692
1038 692
1038 700
1013 700
1013 720
998 720
998 703
911 703
911 717
877 717
877 761
889 761
889 802
835 802
835 775
651 775
651 778
437 778
437 773
523 773
523 777
569 777
569 769
586 769
586 767
467 767
467 752
424 752
424 815
403 815
403 669
408 669
408 488
430 488
430 489
734 489
734 506
727 506
727 508
714 508
714 495
691 495
691 502
686 502
686 517
695 517
695 503
713 503
713 528
795 528
795 524
739 524
739 523
767 523
767 513
769 513
769 520
806 520
806 512
861 512
861 505
817 505
817 494
803 494
803 481
825 481
825 462
839 462
839 439
801 439
801 408
605 408
605 418
577 418
577 421
774 421
774 417
793 417
793 441
737 441
737 436
706 436
706 444
612 444
612 437
610 437
610 457
521 457
521 452
434 452
434 455
432 455
432 473
458 473
458 458
558 458
558 460
611 460
611 446
712 446
712 465
728 465
728 443
802 443
802 510
749 510
749 498
798 498
798 487
377 487
377 687
376 687
376 1018
366 1018
366 1013
363 1013
363 1022
358 1022
358 1036
359 1036
359 1078
360 1078
360 1310
361 1310
361 1318
371 1318
371 1275
384 1275
384 1212
365 1212
365 1211
364 1211
364 1105
367 1105
367 1141
368 1141
368 1062
374 1062
374 1168
373 1168
373 1185
379 1185
379 1057
378 1057
378 861
381 861
381 919
386 919
386 1081
463 1081
463 1074
387 1074
387 753
388 753
388 1037
398 1037
398 996
391 996
391 922
389 922
389 744
392 744
392 617
401 617
401 820
457 820
457 791
493 791
493 1020
531 1020
531 991
590 991
590 1033
624 1033
624 1024
604 1024
604 1000
650 1000
650 1054
641 1054
641 1083
639 1083
639 1451
674 1451
674 1457
694 1457
694 1459
397 1459
397 1460
356 1460
356 1458
281 1458
281 1462
594 1462
594 1463
240 1463
240 1468
231 1468
231 1552
226 1552
226 1597
228 1597
228 1605
439 1605
439 1610
607 1610
607 1606
777 1606
777 1604
879 1604
879 1615
906 1615
906 1629
820 1629
820 1632
583 1632
583 1636
524 1636
524 1640
353 1640
353 1641
444 1641
444 1649
346 1649
346 1652
400 1652
400 1659
382 1659
382 1668
342 1668
342 1670
409 1670
409 1675
395 1675
395 1684
436 1684
436 1683
435 1683
435 1656
443 1656
443 1685
464 1685
464 1678
508 1678
508 1724
334 1724
334 1727
509 1727
509 1680
516 1680
516 1715
564 1715
564 1723
563 1723
563 1725
552 1725
552 1730
455 1730
455 1733
337 1733
337 1750
344 1750
344 1745
338 1745
338 1734
399 1734
399 1735
429 1735
429 1737
483 1737
483 1739
500 1739
500 1747
510 1747
510 1731
573 1731
573 1702
572 1702
572 1710
528 1710
528 1662
498 1662
498 1651
469 1651
469 1645
550 1645
550 1654
574 1654
574 1693
587 1693
587 1722
609 1722
609 1726
664 1726
664 1720
755 1720
755 1721
822 1721
822 1714
916 1714
916 1728
912 1728
912 1732
887 1732
887 1738
917 1738
917 1712
898 1712
898 1711
807 1711
807 1704
785 1704
785 1719
702 1719
702 1695
666 1695
666 1703
659 1703
659 1705
621 1705
621 1686
576 1686
576 1643
581 1643
581 1647
660 1647
660 1667
701 1667
701 1655
690 1655
690 1635
688 1635
688 1642
593 1642
593 1633
915 1633
915 1618
1037 1618
1037 1620
1012 1620
1012 1634
942 1634
942 1639
956 1639
956 1661
960 1661
960 1666
950 1666
950 1681
931 1681
931 1689
941 1689
941 1699
994 1699
994 1740
965 1740
965 1754
949 1754
949 1755
975 1755
975 1749
981 1749
981 1744
1021 1744
1021 1803
1035 1803
1035 1760
1077 1760
1077 1771
1075 1771
1075 1784
1098 1784
1098 1786
1084 1786
1084 1847
1033 1847
1033 1862
1028 1862
1028 1872
1059 1872
1059 1891
1191 1891
1191 1892
1095 1892
1095 1894
1132 1894
1132 1896
1202 1896
1202 1895
1272 1895
1272 1902
1263 1902
1263 1911
1222 1911
1222 1916
1260 1916
1260 1914
1270 1914
1270 1973
1231 1973
1231 1983
1288 1983
1288 1953
1309 1953
1309 1948
1453 1948
1453 1960
1487 1960
1487 1996
1484 1996
1484 2040
1485 2040
1485 2132
1454 2132
1454 2144
1425 2144
1425 2131
1424 2131
1424 2143
1423 2143
1423 2156
1409 2156
1409 2105
1405 2105
1405 2025
1401 2025
1401 2160
1443 2160
1443 2159
1486 2159
1486 2087
1488 2087
1488 2166
1522 2166
1522 2170
1420 2170
1420 2176
1549 2176
1549 2185
1300 2185
1300 2191
1262 2191
1262 2194
1393 2194
1393 2201
1404 2201
1404 2202
1351 2202
1351 2208
1363 2208
1363 2210
1389 2210
1389 2212
1332 2212
1332 2223
957 2223
957 2230
948 2230
948 2214
947 2214
947 2183
905 2183
905 2178
897 2178
897 2188
888 2188
888 2190
896 2190
896 2195
933 2195
933 2193
936 2193
936 2226
937 2226
937 2234
1032 2234
1032 2236
1060 2236
1060 2237
1110 2237
1110 2239
1121 2239
1121 2247
1085 2247
1085 2251
1071 2251
1071 2252
908 2252
908 2257
952 2257
952 2273
928 2273
928 2268
711 2268
711 2283
662 2283
662 2287
427 2287
427 2279
174 2279
174 2271
185 2271
185 2269
178 2269
178 2255
172 2255
172 1930
173 1930
173 1834
175 1834
175 1823
180 1823
180 1813
181 1813
181 1804
186 1804
186 1757
222 1757
222 1751
204 1751
204 1748
164 1748
164 1743
161 1743
161 1716
163 1716
163 1671
96 1671
96 1694
80 1694
80 1687
79 1687
79 1669
90 1669
90 1665
41 1665
41 1653
11 1653
11 1595
1 1595
1 1736
2 1736
2 1696
3 1696
3 1679
5 1679
5 1677
29 1677
29 1673
73 1673
73 1674
31 1674
31 1698
40 1698
40 1717
110 1717
110 1752
111 1752
111 1700
72 1700
72 1713
67 1713
67 1708
55 1708
55 1697
98 1697
98 1690
160 1690
160 1753
166 1753
166 1780
168 1780
168 1865
165 1865
165 1886
167 1886
167 1908
169 1908
169 2280
170 2280
170 2000
171 2000
171 2285
262 2285
262 2284
289 2284
289 2281
372 2281
372 2288
571 2288
571 2289
685 2289
685 2291
750 2291
750 2302
648 2302
648 2304
354 2304
354 2306
747 2306
747 2312
716 2312
716 2313
380 2313
380 2324
357 2324
357 2339
394 2339
394 2318
417 2318
417 2315
763 2315
763 2317
770 2317
770 2314
800 2314
800 2309
808 2309
808 2321
545 2321
545 2327
787 2327
787 2325
733 2325
733 2322
832 2322
832 2316
818 2316
818 2308
759 2308
759 2292
811 2292
811 2293
840 2293
840 2298
872 2298
872 2294
858 2294
858 2286
724 2286
724 2272
868 2272
868 2275
1005 2275
1005 2270
1031 2270
1031 2295
955 2295
955 2299
945 2299
945 2340
951 2340
951 2331
976 2331
976 2320
980 2320
980 2323
978 2323
978 2341
1259 2341
1259 2337
1218 2337
1218 2334
1090 2334
1090 2332
1115 2332
1115 2328
1181 2328
1181 2319
1186 2319
1186 2310
1180 2310
1180 2326
1087 2326
1087 2336
1072 2336
1072 2329
1029 2329
1029 2335
1050 2335
1050 2338
1016 2338
1016 2311
1062 2311
1062 2305
991 2305
991 2300
1004 2300
1004 2297
1039 2297
1039 2290
1067 2290
1067 2274
1045 2274
1045 2266
1019 2266
1019 2265
977 2265
977 2263
992 2263
992 2258
1130 2258
1130 2240
1196 2240
1196 2235
1080 2235
1080 2232
1164 2232
1164 2225
1151 2225
1151 2224
1248 2224
1248 2229
1382 2229
1382 2218
1372 2218
1372 2216
1416 2216
1416 2205
1431 2205
1431 2204
1656 2204
1656 2203
1815 2203
1815 2206
1738 2206
1738 2207
1897 2207
1897 2211
1819 2211
1819 2217
1680 2217
1680 2219
1862 2219
1862 2213
1904 2213
1904 2197
1842 2197
1842 2199
1419 2199
1419 2192
1304 2192
1304 2187
1465 2187
1465 2189
1568 2189
1568 2182
1918 2182
1918 2165
1912 2165
1912 2096
1914 2096
1914 1959
2104 1959
2104 1985
2096 1985
2096 1979
2086 1979
2086 1984
2047 1984
2047 1970
2033 1970
2033 1986
2037 1986
2037 2011
2036 2011
2036 2145
2105 2145
2105 2127
2328 2127
2328 2128
2277 2128
2277 2140
2290 2140
2290 2149
2238 2149
2238 2148
2178 2148
2178 2162
2181 2162
2181 2164
2175 2164
2175 2173
2187 2173
2187 2151
2371 2151
2371 2147
2294 2147
2294 2136
2346 2136
2346 2138
2358 2138
2358 2141
2423 2141
2423 1976
2418 1976
2418 1863
2413 1863
2413 1869
2405 1869
2405 1883
2394 1883
2394 1860
2388 1860
2388 1877
2375 1877
2375 1882
2366 1882
2366 1904
2344 1904
2344 1982
2351 1982
2351 2026
2345 2026
2345 2056
2335 2056
2335 2016
2339 2016
2339 1917
2338 1917
2338 1899
2270 1899
2270 1913
2269 1913
2269 1915
2307 1915
2307 1921
2330 1921
2330 2030
2317 2030
2317 1998
2314 1998
2314 2019
2316 2019
2316 2047
2302 2047
2302 1967
2301 1967
2301 1961
2286 1961
2286 1956
2275 1956
2275 1994
2265 1994
2265 1968
2255 1968
2255 1861
2264 1861
2264 1807
2254 1807
2254 1854
2252 1854
2252 1808
2249 1808
2249 1791
2296 1791
2296 1792
2349 1792
2349 1796
2424 1796
2424 1795
2420 1795
2420 1776
2428 1776
2428 1799
2431 1799
2431 1783
2436 1783
2436 1781
2434 1781
2434 1770
2461 1770
2461 1814
2460 1814
2460 1857
2470 1857
2470 2119
2468 2119
2468 2133
2472 2133
2472 2174
2467 2174
2467 2209
2466 2209
2466 2106
2462 2106
2462 2301
2469 2301
2469 2330
2474 2330
2474 2307
2477 2307
2477 2333
2476 2333
2476 2349
2220 2349
2220 2348
2058 2348
2058 2347
2029 2347
2029 2342
2001 2342
2001 2343
1860 2343
1860 2345
1601 2345
1601 2350
1537 2350
1537 2391
1456 2391
1456 2401
1407 2401
1407 2392
1395 2392
1395 2399
1310 2399
1310 2398
1347 2398
1347 2395
1344 2395
1344 2380
1441 2380
1441 2379
1471 2379
1471 2375
1525 2375
1525 2373
1523 2373
1523 2364
1511 2364
1511 2360
1228 2360
1228 2362
1249 2362
1249 2365
1049 2365
1049 2366
1198 2366
1198 2367
1020 2367
1020 2404
1025 2404
1025 2389
1063 2389
1063 2386
1118 2386
1118 2405
1003 2405
1003 2410
974 2410
974 2428
990 2428
990 2429
1010 2429
1010 2432
930 2432
930 2436
920 2436
920 2439
989 2439
989 2445
996 2445
996 2443
1007 2443
1007 2446
932 2446
932 2455
982 2455
982 2456
986 2456
986 2459
1008 2459
1008 2454
953 2454
953 2453
1176 2453
1176 2427
1302 2427
1302 2440
1305 2440
1305 2461
1283 2461
1283 2466
1278 2466
1278 2465
1273 2465
1273 2468
1232 2468
1232 2500
1246 2500
1246 2477
1307 2477
1307 2485
1354 2485
1354 2487
1380 2487
1380 2484
1387 2484
1387 2490
1623 2490
1623 2491
1626 2491
1626 2495
1724 2495
1724 2496
1440 2496
1440 2498
1481 2498
1481 2497
1652 2497
1652 2499
1769 2499
1769 2493
1844 2493
1844 2494
1899 2494
1899 2481
1894 2481
1894 2492
1774 2492
1774 2479
2102 2479
2102 2478
1659 2478
1659 2486
1719 2486
1719 2488
1505 2488
1505 2482
1448 2482
1448 2489
1435 2489
1435 2473
1445 2473
1445 2471
1450 2471
1450 2472
1556 2472
1556 2470
1611 2470
1611 2474
1720 2474
1720 2476
1768 2476
1768 2475
1784 2475
1784 2467
1740 2467
1740 2469
1459 2469
1459 2435
1539 2435
1539 2438
1586 2438
1586 2433
1610 2433
1610 2442
1598 2442
1598 2448
1619 2448
1619 2434
1615 2434
1615 2430
1592 2430
1592 2431
1411 2431
1411 2460
1394 2460
1394 2458
1390 2458
1390 2437
1373 2437
1373 2450
1355 2450
1355 2463
1410 2463
1410 2483
1318 2483
1318 2480
1312 2480
1312 2464
1306 2464
1306 2426
1168 2426
1168 2449
1175 2449
1175 2451
1133 2451
1133 2452
1014 2452
1014 2406
1166 2406
1166 2408
1066 2408
1066 2412
1076 2412
1076 2422
1114 2422
1114 2423
1426 2423
1426 2425
1657 2425
1657 2420
1725 2420
1725 2416
1655 2416
1655 2417
1204 2417
1204 2418
1172 2418
1172 2421
1138 2421
1138 2414
1192 2414
1192 2413
1167 2413
1167 2409
1205 2409
1205 2381
1058 2381
1058 2368
1253 2368
1253 2361
1316 2361
1316 2369
1282 2369
1282 2371
1313 2371
1313 2372
1360 2372
1360 2363
1501 2363
1501 2374
1368 2374
1368 2376
1398 2376
1398 2378
1244 2378
1244 2383
1242 2383
1242 2388
1214 2388
1214 2390
1276 2390
1276 2396
1265 2396
1265 2393
1219 2393
1219 2400
1235 2400
1235 2402
1350 2402
1350 2403
1477 2403
1477 2397
1584 2397
1584 2411
1607 2411
1607 2394
1608 2394
1608 2359
1613 2359
1613 2358
1590 2358
1590 2377
1566 2377
1566 2384
1557 2384
1557 2370
1561 2370
1561 2356
1612 2356
1612 2351
1709 2351
1709 2353
1746 2353
1746 2357
1803 2357
1803 2346
1911 2346
1911 2344
1923 2344
1923 2355
2146 2355
2146 2352
2193 2352
2193 2354
2478 2354
2478 2415
2433 2415
2433 2457
2463 2457
2463 2441
2464 2441
2464 2462
2493 2462
2493 2444
2491 2444
2491 2447
2489 2447
2489 2424
2455 2424
2455 2419
2479 2419
2479 2407
2481 2407
2481 2387
2485 2387
2485 2385
2484 2385
2484 2382
2482 2382
2482 2303
2471 2303
2471 2277
2486 2277
2486 2296
2490 2296
2490 2085
2488 2085
2488 2179
2480 2179
2480 2186
2473 2186
2473 1875
2475 1875
2475 1777
2487 1777
2487 1764
2450 1764
2450 1768
2426 1768
2426 1763
2425 1763
2425 1773
2382 1773
2382 1767
2354 1767
2354 1774
2343 1774
2343 1769
2323 1769
2323 1761
2305 1761
2305 1762
2306 1762
2306 1778
2281 1778
2281 1789
2324 1789
2324 1775
2392 1775
2392 1779
2419 1779
2419 1790
2248 1790
2248 1835
2245 1835
2245 2045
2236 2045
2236 2038
2234 2038
2234 2013
2226 2013
2226 2048
2246 2048
2246 1938
2250 1938
2250 2088
2200 2088
2200 2104
2194 2104
2194 2109
2167 2109
2167 2052
2166 2052
2166 2092
2160 2092
2160 2111
2141 2111
2141 2102
2139 2102
2139 2027
2136 2027
2136 2112
2135 2112
2135 1881
2152 1881
2152 1856
2149 1856
2149 1874
2138 1874
2138 1850
2132 1850
2132 1811
2159 1811
2159 1806
2131 1806
2131 1801
2130 1801
2130 1901
2134 1901
2134 2117
2201 2117
2201 2114
2206 2114
2206 2094
2221 2094
2221 2089
2251 2089
2251 2044
2257 2044
2257 2020
2258 2020
2258 1969
2262 1969
2262 2035
2272 2035
2272 2076
2300 2076
2300 2064
2313 2064
2313 2077
2348 2077
2348 2068
2352 2068
2352 1939
2383 1939
2383 1955
2365 1955
2365 1993
2368 1993
2368 2014
2367 2014
2367 2051
2372 2051
2372 2083
2397 2083
2397 2099
2416 2099
2416 2075
2412 2075
2412 2042
2408 2042
2408 2002
2400 2002
2400 2003
2406 2003
2406 2057
2389 2057
2389 2070
2393 2070
2393 2079
2376 2079
2376 1999
2377 1999
2377 1962
2391 1962
2391 1920
2385 1920
2385 1898
2402 1898
2402 1937
2417 1937
2417 2137
2380 2137
2380 2126
2256 2126
2256 2125
2088 2125
2088 2124
2085 2124
2085 2135
2040 2135
2040 1990
2084 1990
2084 1989
2109 1989
2109 1958
1962 1958
1962 1949
1922 1949
1922 1879
2003 1879
2003 1868
1989 1868
1989 1870
1973 1870
1973 1866
1967 1866
1967 1878
1936 1878
1936 1819
1942 1819
1942 1829
1983 1829
1983 1826
1996 1826
1996 1816
1915 1816
1915 1817
1910 1817
1910 1818
1895 1818
1895 1880
1913 1880
1913 1972
1900 1972
1900 2110
1757 2110
1757 2108
1759 2108
1759 2101
1733 2101
1733 2121
1731 2121
1731 2100
1843 2100
1843 2098
1670 2098
1670 2113
1671 2113
1671 2118
1712 2118
1712 2115
1730 2115
1730 2139
1778 2139
1778 2130
1849 2130
1849 2129
1770 2129
1770 2116
1892 2116
1892 2123
1902 2123
1902 2158
1870 2158
1870 2168
1916 2168
1916 2181
1706 2181
1706 2180
1635 2180
1635 2175
1536 2175
1536 2172
1530 2172
1530 2157
1489 2157
1489 1946
1284 1946
1284 1981
1275 1981
1275 1890
1079 1890
1079 1871
1086 1871
1086 1873
1088 1873
1088 1815
1106 1815
1106 1851
1125 1851
1125 1859
1182 1859
1182 1885
1241 1885
1241 1867
1209 1867
1209 1833
1206 1833
1206 1884
1195 1884
1195 1858
1163 1858
1163 1822
1183 1822
1183 1793
1212 1793
1212 1798
1200 1798
1200 1821
1216 1821
1216 1788
1159 1788
1159 1797
1160 1797
1160 1805
1155 1805
1155 1794
1129 1794
1129 1630
1165 1630
1165 1663
1170 1663
1170 1676
1153 1676
1153 1701
1143 1701
1143 1766
1149 1766
1149 1741
1147 1741
1147 1746
1145 1746
1145 1729
1144 1729
1144 1707
1177 1707
1177 1706
1179 1706
1179 1622
1126 1622
1126 1742
1128 1742
1128 1785
1111 1785
1111 1802
1107 1802
1107 1782
1101 1782
1101 1759
1026 1759
1026 1772
1023 1772
1023 1718
995 1718
995 1692
999 1692
999 1709
1011 1709
1011 1691
1006 1691
1006 1688
967 1688
967 1658
968 1658
968 1646
979 1646
979 1637
1024 1637
1024 1627
1030 1627
1030 1625
1092 1625
1092 1624
1043 1624
1043 1613
913 1613
913 1602
603 1602
603 1608
441 1608
441 1603
241 1603
241 1586
234 1586
234 1570
235 1570
235 1569
256 1569
256 1566
237 1566
237 1559
233 1559
233 1534
246 1534
246 1537
263 1537
263 1507
251 1507
251 1467
301 1467
301 1469
385 1469
385 1465
410 1465
410 1472
506 1472
506 1474
478 1474
478 1478
438 1478
438 1483
418 1483
418 1525
428 1525
428 1536
481 1536
481 1512
529 1512
529 1516
501 1516
501 1522
525 1522
525 1533
542 1533
542 1524
568 1524
568 1540
416 1540
416 1548
485 1548
485 1550
370 1550
370 1543
411 1543
411 1539
350 1539
350 1553
881 1553
881 1554
419 1554
419 1564
532 1564
532 1556
536 1556
536 1558
599 1558
599 1568
725 1568
725 1567
689 1567
689 1563
614 1563
614 1561
625 1561
625 1555
870 1555
870 1557
874 1557
874 1574
882 1574
882 1551
884 1551
884 1576
885 1576
885 1592
890 1592
890 1593
892 1593
892 1594
901 1594
901 1546
867 1546
867 1538
819 1538
819 1527
815 1527
815 1530
810 1530
810 1549
488 1549
488 1542
537 1542
537 1545
584 1545
584 1547
589 1547
589 1505
646 1505
646 1499
655 1499
655 1532
656 1532
656 1502
671 1502
671 1493
606 1493
606 1501
566 1501
566 1509
554 1509
554 1508
539 1508
539 1506
454 1506
454 1531
452 1531
452 1526
442 1526
442 1503
422 1503
422 1500
421 1500
421 1485
448 1485
448 1491
453 1491
453 1489
626 1489
626 1488
632 1488
632 1476
669 1476
669 1473
544 1473
544 1482
565 1482
565 1484
527 1484
527 1470
699 1470
699 1464
758 1464
758 1453
854 1453
854 1466
859 1466
859 1454
860 1454
860 1412
857 1412
857 1390
855 1390
855 1241
926 1241
926 1265
1069 1265
1069 1263
1094 1263
1094 1261
997 1261
997 1253
934 1253
934 1242
1369 1242
1369 1228
1362 1228
1362 1222
1348 1222
1348 1238
880 1238
880 1237
864 1237
864 1235
1311 1235
1311 1233
1184 1233
1184 1225
1240 1225
1240 1220
1201 1220
1201 1221
1152 1221
1152 1224
1137 1224
1137 1213
1135 1213
1135 1195
1171 1195
1171 1181
1605 1181
1605 1163
1618 1163
1618 1156
1654 1156
1654 1149
1516 1149
1516 1144
1515 1144
1515 1136
1497 1136
1497 1133
1718 1133
1718 1070
1697 1070
1697 1076
1662 1076
1662 1079
1653 1079
1653 1108
1669 1108
1669 1097
1681 1097
1681 1126
1527 1126
1527 1130
1470 1130
1470 1127
1299 1127
1299 1128
1243 1128
1243 1131
1233 1131
1233 1137
1281 1137
1281 1134
1447 1134
1447 1135
1479 1135
1479 1132
1493 1132
1493 1154
1600 1154
1600 1164
1430 1164
1430 1155
1392 1155
1392 1162
1406 1162
1406 1166
1464 1166
1464 1165
1473 1165
1473 1167
1509 1167
1509 1169
1510 1169
1510 1177
1513 1177
1513 1180
1378 1180
1378 1171
1325 1171
1325 1150
1338 1150
1338 1142
1337 1142
1337 1138
1322 1138
1322 1146
1279 1146
1279 1143
1197 1143
1197 1151
1314 1151
1314 1175
1158 1175
1158 1090
983 1090
983 1098
984 1098
984 1107
985 1107
985 1113
1018 1113
1018 1103
1073 1103
1073 1091
1093 1091
1093 1102
1157 1102
1157 1119
1139 1119
1139 1140
1119 1140
1119 1186
1120 1186
1120 1193
1124 1193
1124 1234
969 1234
969 1231
826 1231
826 1223
799 1223
799 1232
831 1232
831 1240
809 1240
809 1246
852 1246
852 1279
848 1279
848 1395
847 1395
847 1254
842 1254
842 1364
838 1364
838 1382
843 1382
843 1292
846 1292
846 1422
849 1422
849 1444
850 1444
850 1447
804 1447
804 1452
765 1452
765 1445
644 1445
644 1387
642 1387
642 1060
654 1060
654 1009
661 1009
661 988
629 988
629 985
679 985
679 977
597 977
597 1028
592 1028
592 990
556 990
556 978
547 978
547 975
638 975
638 972
518 972
518 915
530 915
530 920
533 920
533 891
534 891
534 881
515 881
515 1016
507 1016
507 1003
494 1003
494 788
433 788
433 784
497 784
497 852
543 852
543 832
502 832
502 796
512 796
512 787
645 787
645 790
600 790
600 792
622 792
622 793
579 793
579 797
672 797
672 862
678 862
678 814
673 814
673 806
682 806
682 779
821 779
821 794
732 794
732 804
833 804
833 803
883 803
883 807
929 807
929 809
781 809
781 816
720 816
720 854
736 854
736 856
779 856
779 849
723 849
723 817
764 817
764 827
824 827
824 812
923 812
923 836
921 836
921 837
895 837
895 841
907 841
907 845
871 845
871 895
873 895
873 855
939 855
939 800
899 800
899 771
902 771
902 734
886 734
886 725
938 725
938 709
935 709
935 708
962 708
962 715
959 715
959 716
970 716
970 722
1046 722
1046 723
1105 723
1105 724
1015 724
1015 736
1051 736
1051 746
1108 746
1108 776
1054 776
1054 783
1036 783
1036 785
1123 785
1123 789
1142 789
1142 770
1112 770
1112 754
1146 754
1146 774
1277 774
1277 701
1269 701
1269 693
1280 693
1280 676
1274 676
1274 677
1261 677
1261 657
1251 657
1251 655
1257 655
1257 633
1291 633
1291 638
1297 638
1297 632
1458 632
1458 630
1327 630
1327 627
1371 627
1371 613
1461 613
1461 612
1328 612
1328 598
1436 598
1436 604
1475 604
1475 611
1483 611
1483 606
1490 606
1490 885
1472 885
1472 828
1467 828
1467 649
1463 649
1463 694
1462 694
1462 863
1469 863
1469 930
1460 930
1460 878
1444 878
1444 918
1438 918
1438 931
1437 931
1437 667
1432 667
1432 668
1434 668
1434 830
1412 830
1412 897
1397 897
1397 904
1366 904
1366 898
1342 898
1342 892
1320 892
1320 903
1336 903
1336 911
1427 911
1427 937
1356 937
1356 934
903 934
903 936
894 936
894 929
1053 929
1053 928
1009 928
1009 923
925 923
925 921
893 921
893 952
922 952
922 953
971 953
971 962
940 962
940 969
973 969
973 951
1064 951
1064 945
1017 945
1017 940
1131 940
1131 939
1446 939
1446 905
1455 905
1455 943
1418 943
1418 941
1333 941
1333 942
1082 942
1082 959
1150 959
1150 966
1103 966
1103 968
1161 968
1161 971
1386 971
1386 965
1255 965
1255 967
1169 967
1169 961
1211 961
1211 964
1403 964
1403 955
1091 955
1091 948
1097 948
1097 946
1208 946
1208 944
1491 944
1491 619
1492 619
1492 823
1496 823
1496 844
1544 844
1544 848
1547 848
1547 835
1545 835
1545 798
1533 798
1533 825
1502 825
1502 819
1500 819
1500 766
1507 766
1507 780
1508 780
1508 713
1574 713
1574 805
1576 805
1576 760
1577 760
1577 872
1583 872
1583 847
1581 847
1581 838
1585 838
1585 764
1643 764
1643 696
1650 696
1650 578
1649 578
1649 336
1648 336
1648 317
1647 317
1647 308
1668 308
1668 316
1658 316
1658 445
1666 445
1666 492
1667 492
1667 493
1679 493
1679 478
1677 478
1677 442
1683 442
1683 463
1704 463
1704 464
1716 464
1716 544
1715 544
1715 650
1714 650
1714 888
1710 888
1710 842
1705 842
1705 605
1703 605
1703 603
1701 603
1701 587
1700 587
1700 482
1690 482
1690 527
1687 527
1687 537
1694 537
1694 566
1688 566
1688 659
1695 659
1695 530
1699 530
1699 621
1698 621
1698 821
1696 821
1696 882
1707 882
1707 890
1727 890
1727 886
1744 886
1744 997
1750 997
1750 1145
1749 1145
1749 1346
1754 1346
1754 1394
1755 1394
1755 1248
1756 1248
1756 1196
1753 1196
1753 1084
1752 1084
1752 1068
1751 1068
1751 875
1792 875
1792 883
1764 883
1764 976
1772 976
1772 1323
1777 1323
1777 1264
1791 1264
1791 1226
1785 1226
1785 1198
1783 1198
1783 1192
1775 1192
1775 1047
1776 1047
1776 1116
1781 1116
1781 1110
1795 1110
1795 1101
1806 1101
1806 1214
1807 1214
1807 1291
1810 1291
1810 1120
1809 1120
1809 1086
1779 1086
1779 986
1782 986
1782 926
1787 926
1787 979
1800 979
1800 914
1780 914
1780 956
1771 956
1771 963
1766 963
1766 889
1790 889
1790 907
1799 907
1799 542
1773 542
1773 551
1798 551
1798 640
1797 640
1797 834
1762 834
1762 864
1765 864
1765 860
1788 860
1788 870
1742 870
1742 826
1741 826
1741 822
1736 822
1736 705
1732 705
1732 662
1729 662
1729 707
1726 707
1726 741
1735 741
1735 759
1734 759
1734 782
1722 782
1722 786
1728 786
1728 813
1717 813
1717 405
1713 405
1713 288
1651 288
1651 283
1542 283
1542 285
1457 285
1457 276
1329 276
1329 263
1343 263
1343 257
1519 257
1519 254
1335 254
1335 253
1331 253
1331 235
1341 235
1341 246
1442 246
1442 228
1449 228
1449 222
1558 222
1558 221
1721 221
1721 220
1620 220
1620 219
1422 219
1422 243
1376 243
1376 232
1353 232
1353 212
1374 212
1374 207
1384 207
1384 201
1346 201
1346 238
1345 238
1345 233
1298 233
1298 182
1295 182
1295 99
1323 99
1323 129
1324 129
1324 117
1334 117
1334 110
1352 110
1352 112
1417 112
1417 106
1365 106
1365 104
1377 104
1377 98
1591 98
1591 103
1644 103
1644 95
1691 95
1691 177
1786 177
1786 187
1804 187
1804 176
1761 176
1761 166
1767 166
1767 165
1748 165
1748 164
1805 164
1805 159
1863 159
1863 183
1853 183
1853 186
1859 186
1859 200
1864 200
1864 156
1801 156
1801 131
1852 131
1852 137
1832 137
1832 148
1872 148
1872 144
1890 144
1890 189
1896 189
1896 170
1898 170
1898 224
1920 224
1920 227
1921 227
1921 250
1949 250
1949 252
2042 252
2042 249
2147 249
2147 255
2144 255
2144 267
2076 267
2076 268
1944 268
1944 269
1845 269
1845 302
1831 302
1831 291
1820 291
1820 347
1822 347
1822 292
1823 292
1823 874
1821 874
1821 983
1825 983
1825 1190
1824 1190
1824 993
1814 993
1814 1129
1816 1129
1816 1283
1818 1283
1818 1322
1889 1322
1889 1304
1932 1304
1932 1326
1928 1326
1928 1325
1906 1325
1906 1330
1991 1330
1991 1329
2022 1329
2022 1338
1971 1338
1971 1334
1883 1334
1883 1400
1903 1400
1903 1401
1952 1401
1952 1402
2071 1402
2071 1381
2041 1381
2041 1363
2002 1363
2002 1360
1935 1360
1935 1357
2078 1357
2078 1359
2103 1359
2103 1397
2117 1397
2117 1404
2128 1404
2128 1406
2154 1406
2154 1420
2156 1420
2156 1423
2124 1423
2124 1421
1858 1421
1858 1426
1885 1426
1885 1535
2048 1535
2048 1523
2035 1523
2035 1513
2046 1513
2046 1521
2093 1521
2093 1498
2106 1498
2106 1479
2080 1479
2080 1477
2073 1477
2073 1504
1959 1504
1959 1496
2072 1496
2072 1475
2043 1475
2043 1480
2050 1480
2050 1486
2031 1486
2031 1490
1929 1490
1929 1514
1974 1514
1974 1518
2034 1518
2034 1529
1886 1529
1886 1432
1970 1432
1970 1433
2069 1433
2069 1428
1893 1428
1893 1425
2165 1425
2165 1407
2184 1407
2184 1415
2185 1415
2185 1396
2183 1396
2183 1388
2137 1388
2137 1389
2107 1389
2107 1380
2378 1380
2378 1384
2218 1384
2218 1393
2213 1393
2213 1398
2207 1398
2207 1392
2211 1392
2211 1383
2188 1383
2188 1391
2205 1391
2205 1403
2198 1403
2198 1424
2216 1424
2216 1439
2204 1439
2204 1437
2203 1437
2203 1440
2260 1440
2260 1436
2384 1436
2384 1446
2387 1446
2387 1449
2395 1449
2395 1544
2396 1544
2396 1580
2315 1580
2315 1578
2308 1578
2308 1571
2182 1571
2182 1572
2261 1572
2261 1573
2297 1573
2297 1581
2215 1581
2215 1575
2214 1575
2214 1577
2164 1577
2164 1582
2115 1582
2115 1583
2322 1583
2322 1587
2125 1587
2125 1588
2241 1588
2241 1590
2289 1590
2289 1589
2333 1589
2333 1585
2399 1585
2399 1492
2407 1492
2407 1443
2415 1443
2415 1434
2240 1434
2240 1427
2230 1427
2230 1417
2229 1417
2229 1410
2274 1410
2274 1418
2287 1418
2287 1416
2303 1416
2303 1405
2244 1405
2244 1409
2222 1409
2222 1385
2410 1385
2410 1386
2430 1386
2430 1358
2409 1358
2409 1369
2336 1369
2336 1370
2422 1370
2422 1372
2325 1372
2325 1373
2360 1373
2360 1375
2247 1375
2247 1374
2126 1374
2126 1368
2273 1368
2273 1367
2121 1367
2121 1376
2199 1376
2199 1378
2225 1378
2225 1379
2119 1379
2119 1355
1981 1355
1981 1356
1919 1356
1919 1361
1995 1361
1995 1362
1931 1362
1931 1366
2017 1366
2017 1365
2039 1365
2039 1377
2038 1377
2038 1399
1887 1399
1887 1347
2010 1347
2010 1343
2100 1343
2100 1351
2110 1351
2110 1339
2030 1339
2030 1332
2024 1332
2024 1324
1943 1324
1943 1307
2092 1307
2092 1296
2070 1296
2070 1295
2044 1295
2044 1289
2023 1289
2023 1288
2057 1288
2057 1282
2098 1282
2098 1267
2094 1267
2094 1266
2087 1266
2087 1115
2082 1115
2082 1199
2083 1199
2083 1203
2081 1203
2081 1272
2079 1272
2079 1247
2077 1247
2077 1281
2016 1281
2016 1285
1940 1285
1940 1270
1930 1270
1930 1262
1987 1262
1987 1051
1992 1051
1992 1046
1979 1046
1979 1094
1977 1094
1977 899
2018 899
2018 906
2021 906
2021 1011
2025 1011
2025 910
2049 910
2049 924
2061 924
2061 998
2054 998
2054 1069
2045 1069
2045 1085
2068 1085
2068 1075
2133 1075
2133 1063
2143 1063
2143 1066
2158 1066
2158 1065
2197 1065
2197 1053
2210 1053
2210 1072
2268 1072
2268 1064
2288 1064
2288 1173
2284 1173
2284 1109
2282 1109
2282 1187
2278 1187
2278 1188
2295 1188
2295 1230
2271 1230
2271 1312
2266 1312
2266 1331
2209 1331
2209 1340
2212 1340
2212 1344
2177 1344
2177 1317
2179 1317
2179 1294
2153 1294
2153 1286
2192 1286
2192 1191
2196 1191
2196 1189
2189 1189
2189 1174
2190 1174
2190 1122
2202 1122
2202 1183
2208 1183
2208 1121
2170 1121
2170 1096
2223 1096
2223 1194
2224 1194
2224 1088
2217 1088
2217 1089
2168 1089
2168 1160
2145 1160
2145 1161
2176 1161
2176 1236
2162 1236
2162 1252
2180 1252
2180 1125
2186 1125
2186 1280
2172 1280
2172 1284
2142 1284
2142 1277
2123 1277
2123 1316
2173 1316
2173 1328
2129 1328
2129 1333
2171 1333
2171 1336
2157 1336
2157 1350
2191 1350
2191 1345
2231 1345
2231 1342
2259 1342
2259 1337
2276 1337
2276 1255
2280 1255
2280 1269
2283 1269
2283 1268
2291 1268
2291 1309
2298 1309
2298 1202
2311 1202
2311 1197
2304 1197
2304 1170
2292 1170
2292 1059
2362 1059
2362 984
2414 984
2414 974
2361 974
2361 1029
2355 1029
2355 1041
2327 1041
2327 843
2334 843
2334 689
2332 689
2332 719
2326 719
2326 660
2329 660
2329 509
2342 509
2342 476
2347 476
2347 461
2337 461
2337 471
2331 471
2331 431
2350 431
2350 433
2374 433
2374 415
2363 415
2363 407
2381 407
2381 399
2390 399
2390 388
2386 388
2386 381
2447 381
2447 357
2453 357
2453 406
2451 406
2451 829
2437 829
2437 858
2438 858
2438 859
2452 859
2452 519
2454 519
2454 935
2442 935
2442 927
2440 927
2440 1026
2441 1026
2441 1217
2443 1217
2443 1456
2444 1456
2444 1058
2445 1058
2445 1327
2446 1327
2446 1159
2448 1159
2448 1017
2449 1017
2449 1321
2456 1321
2456 970
2457 970
2457 539
2458 539
2458 327
2459 327
2459 313
2432 313
2432 321
2435 321
2435 326
2439 326
2439 379
2364 379
2364 367
2353 367
2353 359
2356 359
2356 348
2359 348
2359 353
2370 353
2370 346
2373 346
2373 322
2369 322
2369 340
2341 340
2341 333
2340 333
2340 409
2318 409
2318 699
2319 699
2319 1012
2320 1012
2320 960
2321 960
2321 1050
2237 1050
2237 1040
2310 1040
2310 1019
2279 1019
2279 1025
2235 1025
2235 981
2227 981
2227 1001
2219 1001
2219 1007
2195 1007
2195 1031
2233 1031
2233 1042
2174 1042
2174 1044
2163 1044
2163 1045
2155 1045
2155 1061
2120 1061
2120 1071
2089 1071
2089 1032
2075 1032
2075 1048
2065 1048
2065 1015
2067 1015
2067 475
2074 475
2074 429
2028 429
2028 470
2056 470
2056 511
2053 511
2053 586
2051 586
2051 648
2055 648
2055 536
2060 536
2060 675
2062 675
2062 731
2063 731
2063 750
2066 750
2066 894
2019 894
2019 869
2011 869
2011 887
1978 887
1978 879
1976 879
1976 808
1969 808
1969 678
2007 678
2007 610
1998 610
1998 532
1986 532
1986 395
2013 395
2013 330
2027 330
2027 320
2015 320
2015 311
2090 311
2090 319
2052 319
2052 323
2059 323
2059 324
2097 324
2097 318
2095 318
2095 310
2112 310
2112 306
2113 306
2113 305
2101 305
2101 309
2012 309
2012 312
2005 312
2005 393
1999 393
1999 385
1985 385
1985 620
2004 620
2004 664
1988 664
1988 661
1966 661
1966 818
1950 818
1950 564
1948 564
1948 538
1955 538
1955 665
1957 665
1957 637
1965 637
1965 635
1960 635
1960 355
1953 355
1953 474
1946 474
1946 933
1947 933
1947 947
1937 947
1937 982
1938 982
1938 1027
1945 1027
1945 1073
1939 1073
1939 1112
1958 1112
1958 1082
1951 1082
1951 925
1954 925
1954 958
1956 958
1956 957
1963 957
1963 912
1968 912
1968 909
1975 909
1975 1118
1984 1118
1984 1124
1982 1124
1982 1216
1909 1216
1909 1153
1924 1153
1924 1092
1905 1092
1905 1227
1961 1227
1961 1249
1927 1249
1927 1245
1891 1245
1891 1250
1933 1250
1933 1256
1908 1256
1908 1290
2020 1290
2020 1298
2032 1298
2032 1306
2000 1306
2000 1299
1907 1299
1907 1301
1934 1301
1934 1302
1861 1302
1861 1315
1834 1315
1834 1251
1817 1251
1817 1219
1841 1219
1841 588
1838 588
1838 534
1837 534
1837 641
1836 641
1836 531
1835 531
1835 932
1839 932
1839 1067
1840 1067
1840 1207
1830 1207
1830 1176
1829 1176
1829 1010
1828 1010
1828 1005
1833 1005
1833 954
1826 954
1826 349
1827 349
1827 303
1877 303
1877 614
1876 614
1876 514
1875 514
1875 727
1873 727
1873 304
1867 304
1867 529
1869 529
1869 592
1866 592
1866 616
1865 616
1865 507
1857 507
1857 480
1854 480
1854 634
1855 634
1855 601
1856 601
1856 688
1868 688
1868 706
1871 706
1871 732
1848 732
1848 516
1847 516
1847 742
1846 742
1846 755
1879 755
1879 846
1874 846
1874 799
1851 799
1851 868
1881 868
1881 840
1882 840
1882 674
1880 674
1880 335
1878 335
1878 271
2161 271
2161 274
2148 274
2148 275
2169 275
2169 272
2427 272
2427 266
2421 266
2421 270
2263 270
2263 264
2267 264
2267 259
2253 259
2253 261
2232 261
2232 265
2228 265
2228 260
2150 260
2150 241
2151 241
2151 217
2118 217
2118 172
2116 172
2116 143
2127 143
2127 161
2242 161
2242 160
2243 160
2243 157
2299 157
2299 142
2398 142
2398 152
2401 152
2401 147
2403 147
2403 162
2411 162
2411 181
2465 181
2465 214
2483 214
2483 211
2495 211
2495 92
2496 92
2496 258
2500 258
2500 216
2499 216
2499 71
2498 71
2498 226
2497 226
2497 1
