688
1549 2181
1549 2185
1300 2185
1300 2191
1262 2191
1262 2194
1393 2194
1393 2201
1404 2201
1404 2202
1351 2202
1351 2208
1363 2208
1363 2210
1389 2210
1389 2212
1332 2212
1332 2223
957 2223
957 2230
948 2230
948 2214
947 2214
947 2183
905 2183
905 2178
897 2178
897 2188
888 2188
888 2190
896 2190
896 2195
933 2195
933 2193
936 2193
936 2226
937 2226
937 2234
1032 2234
1032 2236
1060 2236
1060 2237
1110 2237
1110 2239
1121 2239
1121 2247
1085 2247
1085 2251
1071 2251
1071 2252
908 2252
908 2257
952 2257
952 2273
928 2273
928 2268
711 2268
711 2283
662 2283
662 2287
427 2287
427 2279
174 2279
174 2271
185 2271
185 2269
178 2269
178 2255
172 2255
172 1930
173 1930
173 1834
175 1834
175 1823
180 1823
180 1813
181 1813
181 1804
186 1804
186 1757
222 1757
222 1751
204 1751
204 1748
164 1748
164 1743
161 1743
161 1716
163 1716
163 1671
96 1671
96 1694
80 1694
80 1687
79 1687
79 1669
90 1669
90 1665
41 1665
41 1653
11 1653
11 1595
1 1595
1 1736
2 1736
2 1696
3 1696
3 1679
5 1679
5 1677
29 1677
29 1673
73 1673
73 1674
31 1674
31 1698
40 1698
40 1717
110 1717
110 1752
111 1752
111 1700
72 1700
72 1713
67 1713
67 1708
55 1708
55 1697
98 1697
98 1690
160 1690
160 1753
166 1753
166 1780
168 1780
168 1865
165 1865
165 1886
167 1886
167 1908
169 1908
169 2280
170 2280
170 2000
171 2000
171 2285
262 2285
262 2284
289 2284
289 2281
372 2281
372 2288
571 2288
571 2289
685 2289
685 2291
750 2291
750 2302
648 2302
648 2304
354 2304
354 2306
747 2306
747 2312
716 2312
716 2313
380 2313
380 2324
357 2324
357 2339
394 2339
394 2318
417 2318
417 2315
763 2315
763 2317
770 2317
770 2314
800 2314
800 2309
808 2309
808 2321
545 2321
545 2327
787 2327
787 2325
733 2325
733 2322
832 2322
832 2316
818 2316
818 2308
759 2308
759 2292
811 2292
811 2293
840 2293
840 2298
872 2298
872 2294
858 2294
858 2286
724 2286
724 2272
868 2272
868 2275
1005 2275
1005 2270
1031 2270
1031 2295
955 2295
955 2299
945 2299
945 2340
951 2340
951 2331
976 2331
976 2320
980 2320
980 2323
978 2323
978 2341
1259 2341
1259 2337
1218 2337
1218 2334
1090 2334
1090 2332
1115 2332
1115 2328
1181 2328
1181 2319
1186 2319
1186 2310
1180 2310
1180 2326
1087 2326
1087 2336
1072 2336
1072 2329
1029 2329
1029 2335
1050 2335
1050 2338
1016 2338
1016 2311
1062 2311
1062 2305
991 2305
991 2300
1004 2300
1004 2297
1039 2297
1039 2290
1067 2290
1067 2274
1045 2274
1045 2266
1019 2266
1019 2265
977 2265
977 2263
992 2263
992 2258
1130 2258
1130 2240
1196 2240
1196 2235
1080 2235
1080 2232
1164 2232
1164 2225
1151 2225
1151 2224
1248 2224
1248 2229
1382 2229
1382 2218
1372 2218
1372 2216
1416 2216
1416 2205
1431 2205
1431 2204
1656 2204
1656 2203
1815 2203
1815 2206
1738 2206
1738 2207
1897 2207
1897 2211
1819 2211
1819 2217
1680 2217
1680 2219
1862 2219
1862 2213
1904 2213
1904 2197
1842 2197
1842 2199
1419 2199
1419 2192
1304 2192
1304 2187
1465 2187
1465 2189
1568 2189
1568 2182
1918 2182
1918 2165
1912 2165
1912 2096
1914 2096
1914 1959
2104 1959
2104 1985
2096 1985
2096 1979
2086 1979
2086 1984
2047 1984
2047 1970
2033 1970
2033 1986
2037 1986
2037 2011
2036 2011
2036 2145
2105 2145
2105 2127
2328 2127
2328 2128
2277 2128
2277 2140
2290 2140
2290 2149
2238 2149
2238 2148
2178 2148
2178 2162
2181 2162
2181 2164
2175 2164
2175 2173
2187 2173
2187 2151
2371 2151
2371 2147
2294 2147
2294 2136
2346 2136
2346 2138
2358 2138
2358 2141
2423 2141
2423 1976
2418 1976
2418 1883
2394 1883
2394 1860
2388 1860
2388 1877
2375 1877
2375 1882
2366 1882
2366 1904
2344 1904
2344 1982
2351 1982
2351 2026
2345 2026
2345 2056
2335 2056
2335 2016
2339 2016
2339 1917
2338 1917
2338 1899
2270 1899
2270 1913
2269 1913
2269 1915
2307 1915
2307 1921
2330 1921
2330 2030
2317 2030
2317 1998
2314 1998
2314 2019
2316 2019
2316 2047
2302 2047
2302 1994
2265 1994
2265 1968
2255 1968
2255 1861
2264 1861
2264 1807
2254 1807
2254 1854
2252 1854
2252 1808
2249 1808
2249 1791
2296 1791
2296 1792
2349 1792
2349 1796
2424 1796
2424 1795
2420 1795
2420 1776
2428 1776
2428 1799
2431 1799
2431 1783
2436 1783
2436 1781
2434 1781
2434 1770
2461 1770
2461 1814
2460 1814
2460 1857
2470 1857
2470 2119
2468 2119
2468 2133
2472 2133
2472 2174
2467 2174
2467 2209
2466 2209
2466 2106
2462 2106
2462 2301
2469 2301
2469 2330
2474 2330
2474 2307
2477 2307
2477 2333
2476 2333
2476 2349
2220 2349
2220 2348
2058 2348
2058 2347
2029 2347
2029 2343
1860 2343
1860 2345
1601 2345
1601 2350
1537 2350
1537 2391
1456 2391
1456 2401
1407 2401
1407 2392
1395 2392
1395 2399
1310 2399
1310 2398
1347 2398
1347 2395
1344 2395
1344 2380
1441 2380
1441 2379
1471 2379
1471 2375
1525 2375
1525 2373
1523 2373
1523 2364
1511 2364
1511 2360
1228 2360
1228 2362
1249 2362
1249 2365
1049 2365
1049 2366
1198 2366
1198 2367
1020 2367
1020 2404
1025 2404
1025 2389
1063 2389
1063 2386
1118 2386
1118 2405
1003 2405
1003 2410
974 2410
974 2428
990 2428
990 2429
1010 2429
1010 2432
930 2432
930 2436
920 2436
920 2439
989 2439
989 2445
996 2445
996 2443
1007 2443
1007 2446
932 2446
932 2455
982 2455
982 2456
986 2456
986 2459
1008 2459
1008 2454
953 2454
953 2453
1176 2453
1176 2452
1014 2452
1014 2406
1205 2406
1205 2381
1058 2381
1058 2368
1253 2368
1253 2361
1316 2361
1316 2369
1282 2369
1282 2371
1313 2371
1313 2372
1360 2372
1360 2363
1501 2363
1501 2374
1368 2374
1368 2376
1398 2376
1398 2378
1244 2378
1244 2383
1242 2383
1242 2388
1214 2388
1214 2390
1276 2390
1276 2396
1219 2396
1219 2400
1235 2400
1235 2402
1477 2402
1477 2397
1607 2397
1607 2394
1608 2394
1608 2384
1557 2384
1557 2370
1561 2370
1561 2356
1612 2356
1612 2351
1803 2351
1803 2346
1911 2346
1911 2344
1923 2344
1923 2352
2482 2352
2482 2303
2471 2303
2471 2277
2490 2277
2490 2186
2473 2186
2473 1875
2475 1875
2475 1777
2487 1777
2487 1768
2425 1768
2425 1773
2382 1773
2382 1767
2354 1767
2354 1774
2343 1774
2343 1769
2323 1769
2323 1761
2305 1761
2305 1762
2306 1762
2306 1778
2281 1778
2281 1789
2324 1789
2324 1775
2392 1775
2392 1779
2419 1779
2419 1790
2248 1790
2248 1835
2245 1835
2245 2045
2236 2045
2236 2038
2234 2038
2234 2013
2226 2013
2226 2048
2246 2048
2246 1938
2250 1938
2250 1969
2262 1969
2262 2035
2272 2035
2272 2064
2352 2064
2352 1939
2391 1939
2391 1920
2385 1920
2385 1898
2402 1898
2402 1937
2417 1937
2417 2137
2380 2137
2380 2126
2085 2126
2085 2135
2040 2135
2040 1990
2084 1990
2084 1989
2109 1989
2109 1958
1913 1958
1913 1972
1900 1972
1900 2110
1757 2110
1757 2108
1759 2108
1759 2101
1733 2101
1733 2121
1731 2121
1731 2100
1843 2100
1843 2098
1670 2098
1670 2113
1671 2113
1671 2118
1712 2118
1712 2115
1730 2115
1730 2139
1778 2139
1778 2130
1849 2130
1849 2129
1770 2129
1770 2116
1892 2116
1892 2123
1902 2123
1902 2158
1870 2158
1870 2168
1916 2168
1916 2181
