296
106 1
106 9
107 9
107 50
108 50
108 52
105 52
105 54
101 54
101 34
104 34
104 21
99 21
99 18
91 18
91 25
100 25
100 31
97 31
97 39
95 39
95 44
98 44
98 57
115 57
115 56
123 56
123 45
122 45
122 46
117 46
117 27
109 27
109 26
121 26
121 22
114 22
114 20
129 20
129 72
125 72
125 79
87 79
87 65
85 65
85 78
86 78
86 81
74 81
74 60
80 60
80 53
64 53
64 36
63 36
63 41
61 41
61 12
62 12
62 7
67 7
67 4
59 4
59 23
60 23
60 76
65 76
65 58
66 58
66 75
71 75
71 83
77 83
77 106
79 106
79 101
82 101
82 95
84 95
84 116
75 116
75 112
73 112
73 107
68 107
68 119
70 119
70 127
76 127
76 117
83 117
83 120
88 120
88 109
89 109
89 104
90 104
90 84
92 84
92 134
103 134
103 140
81 140
81 136
56 136
56 130
57 130
57 121
55 121
55 137
69 137
69 142
33 142
33 139
32 139
32 110
34 110
34 98
31 98
31 108
29 108
29 113
27 113
27 93
35 93
35 105
36 105
36 94
38 94
38 90
44 90
44 71
47 71
47 49
51 49
51 51
49 51
49 59
50 59
50 55
53 55
53 66
54 66
54 29
12 29
12 28
13 28
13 16
43 16
43 15
15 15
15 13
20 13
20 6
39 6
39 8
52 8
52 5
48 5
48 3
42 3
42 2
11 2
11 30
45 30
45 35
41 35
41 47
40 47
40 88
30 88
30 77
28 77
28 40
10 40
10 62
22 62
22 61
23 61
23 73
24 73
24 42
25 42
25 85
17 85
17 86
8 86
8 63
9 63
9 37
7 37
7 33
4 33
4 43
2 43
2 64
5 64
5 68
1 68
1 100
14 100
14 89
18 89
18 97
26 97
26 132
19 132
19 125
16 125
16 135
21 135
21 149
37 149
37 144
46 144
46 150
147 150
147 147
149 147
149 146
78 146
78 148
72 148
72 145
58 145
58 143
150 143
150 141
131 141
131 133
128 133
128 129
148 129
148 122
119 122
119 126
120 126
120 124
136 124
136 128
118 128
118 118
144 118
144 115
126 115
126 114
116 114
116 138
111 138
111 123
102 123
102 131
96 131
96 99
94 99
94 96
93 96
93 92
110 92
110 91
132 91
132 103
137 103
137 111
139 111
139 102
138 102
138 87
113 87
113 82
127 82
127 80
134 80
134 74
135 74
135 70
133 70
133 69
143 69
143 67
130 67
130 19
112 19
112 17
140 17
140 48
142 48
142 38
145 38
145 32
146 32
146 11
141 11
141 14
124 14
124 1
