4520
466 83
466 78
459 78
459 49
478 49
478 47
2 47
2 77
11 77
11 96
1 96
1 149
21 149
21 359
14 359
14 295
18 295
18 271
16 271
16 240
15 240
15 231
10 231
10 260
6 260
6 334
5 334
5 225
4 225
4 395
9 395
9 343
8 343
8 267
12 267
12 339
13 339
13 473
17 473
17 688
19 688
19 794
20 794
20 478
22 478
22 384
24 384
24 298
23 298
23 59
7 59
7 50
77 50
77 61
96 61
96 52
112 52
112 48
147 48
147 65
39 65
39 94
49 94
49 67
340 67
340 73
325 73
325 72
319 72
319 68
296 68
296 74
133 74
133 125
117 125
117 143
36 143
36 147
89 147
89 148
119 148
119 146
134 146
134 75
151 75
151 80
272 80
272 79
423 79
423 70
427 70
427 57
383 57
383 63
249 63
249 64
348 64
348 71
341 71
341 66
196 66
196 58
213 58
213 55
434 55
434 82
187 82
187 89
179 89
179 111
218 111
218 119
202 119
202 176
219 176
219 183
243 183
243 196
302 196
302 124
328 124
328 99
350 99
350 192
351 192
351 123
352 123
352 182
380 182
380 188
354 188
354 195
357 195
357 205
363 205
363 206
364 206
364 208
378 208
378 221
395 221
395 227
462 227
462 238
592 238
592 239
792 239
792 241
690 241
690 247
694 247
694 243
895 243
895 242
934 242
934 237
1056 237
1056 250
1130 250
1130 251
1057 251
1057 257
978 257
978 244
956 244
956 255
875 255
875 246
867 246
867 249
828 249
828 256
909 256
909 259
799 259
799 262
779 262
779 306
781 306
781 396
807 396
807 465
768 465
768 352
774 352
774 328
773 328
773 338
762 338
762 327
734 327
734 329
656 329
656 330
479 330
479 331
420 331
420 335
200 335
200 336
624 336
624 340
321 340
321 341
276 341
276 347
181 347
181 350
339 350
339 346
367 346
367 342
417 342
417 345
650 345
650 344
726 344
726 337
680 337
680 333
610 333
610 332
754 332
754 371
741 371
741 364
696 364
696 358
638 358
638 365
652 365
652 368
578 368
578 367
507 367
507 363
556 363
556 361
497 361
497 360
611 360
611 356
540 356
540 351
480 351
480 353
132 353
132 354
125 354
125 357
271 357
271 355
442 355
442 362
494 362
494 370
707 370
707 374
713 374
713 376
750 376
750 379
766 379
766 431
743 431
743 433
742 433
742 623
745 623
745 644
731 644
731 666
725 666
725 506
723 506
723 659
722 659
722 697
737 697
737 778
732 778
732 776
730 776
730 771
721 771
721 817
720 817
720 800
710 800
710 835
715 835
715 896
777 896
777 900
763 900
763 906
733 906
733 932
794 932
794 943
708 943
708 937
667 937
667 948
706 948
706 945
711 945
711 1065
700 1065
700 1044
692 1044
692 961
687 961
687 1069
703 1069
703 1125
702 1125
702 1115
695 1115
695 1102
663 1102
663 1088
639 1088
639 1091
651 1091
651 1103
665 1103
665 1120
671 1120
671 1220
670 1220
670 1196
632 1196
632 1181
658 1181
658 1173
616 1173
616 1176
604 1176
604 1200
590 1200
590 1164
599 1164
599 1141
630 1141
630 1131
595 1131
595 1064
598 1064
598 741
597 741
597 521
609 521
609 480
627 480
627 476
607 476
607 505
596 505
596 919
593 919
593 1051
585 1051
585 1055
588 1055
588 1165
577 1165
577 940
573 940
573 931
569 931
569 907
553 907
553 912
566 912
566 927
562 927
562 967
563 967
563 994
547 994
547 980
535 980
535 858
526 858
526 872
530 872
530 885
513 885
513 847
448 847
448 855
492 855
492 877
500 877
500 880
486 880
486 899
482 899
482 902
385 902
385 895
274 895
274 941
273 941
273 1003
267 1003
267 1002
253 1002
253 1020
275 1020
275 1047
244 1047
244 1058
251 1058
251 1080
255 1080
255 1070
279 1070
279 933
293 933
293 928
304 928
304 1014
309 1014
309 1092
315 1092
315 1008
317 1008
317 1089
320 1089
320 923
413 923
413 917
415 917
415 915
344 915
344 911
289 911
289 916
338 916
338 920
285 920
285 908
440 908
440 909
445 909
445 918
431 918
431 939
426 939
426 963
416 963
416 965
424 965
424 1039
432 1039
432 1030
428 1030
428 1011
433 1011
433 1041
436 1041
436 921
449 921
449 954
453 954
453 1000
455 1000
455 966
463 966
463 1021
473 1021
473 1005
471 1005
471 990
488 990
488 936
467 936
467 951
464 951
464 925
514 925
514 930
491 930
491 934
534 934
534 958
511 958
511 1007
505 1007
505 1037
512 1037
512 1036
516 1036
516 1075
521 1075
521 1114
498 1114
498 1130
519 1130
519 1118
524 1118
524 1006
515 1006
515 968
523 968
523 982
545 982
545 1026
543 1026
543 1073
529 1073
529 1083
527 1083
527 1108
531 1108
531 1090
532 1090
532 1087
533 1087
533 1076
557 1076
557 1054
571 1054
571 1031
546 1031
546 1004
567 1004
567 960
576 960
576 1146
555 1146
555 1154
574 1154
574 1187
565 1187
565 1193
568 1193
568 1203
646 1203
646 1204
602 1204
602 1234
605 1234
605 1239
614 1239
614 1212
640 1212
640 1454
622 1454
622 1436
635 1436
635 1430
621 1430
621 1563
620 1563
620 1524
603 1524
603 1543
548 1543
548 1509
560 1509
560 1526
550 1526
550 1528
583 1528
583 1525
575 1525
575 1523
619 1523
619 1522
613 1522
613 1511
561 1511
561 1459
564 1459
564 1440
538 1440
538 1461
525 1461
525 1458
522 1458
522 1481
484 1481
484 1471
452 1471
452 1466
490 1466
490 1457
396 1457
396 1294
397 1294
397 1391
403 1391
403 1363
410 1363
410 1279
402 1279
402 1337
400 1337
400 1275
347 1275
347 1287
337 1287
337 1293
295 1293
295 1289
290 1289
290 1278
228 1278
228 1257
234 1257
234 1199
232 1199
232 1228
230 1228
230 1249
221 1249
221 1265
224 1265
224 1274
204 1274
204 1248
205 1248
205 1238
194 1238
194 1246
161 1246
161 1250
172 1250
172 1329
145 1329
145 1244
148 1244
148 1254
152 1254
152 1227
195 1227
195 1208
199 1208
199 1195
207 1195
207 1192
189 1192
189 1171
212 1171
212 1172
233 1172
233 1170
169 1170
169 1202
163 1202
163 1221
137 1221
137 1259
131 1259
131 1127
136 1127
136 1116
120 1116
120 1111
55 1111
55 1096
62 1096
62 1095
157 1095
157 1094
45 1094
45 1122
109 1122
109 1135
44 1135
44 1136
42 1136
42 1137
27 1137
27 1124
26 1124
26 1132
25 1132
25 1148
34 1148
34 1155
66 1155
66 1437
64 1437
64 1478
61 1478
61 1428
56 1428
56 1281
52 1281
52 1357
51 1357
51 1300
41 1300
41 1415
48 1415
48 1468
54 1468
54 1431
58 1431
58 1527
60 1527
60 1619
57 1619
57 1664
67 1664
67 1557
69 1557
69 1629
72 1629
72 1676
46 1676
46 1687
40 1687
40 1658
33 1658
33 1438
32 1438
32 1223
38 1223
38 1219
37 1219
37 1214
30 1214
30 1309
31 1309
31 1745
35 1745
35 1712
47 1712
47 1772
50 1772
50 1691
68 1691
68 1698
73 1698
73 1574
71 1574
71 1529
65 1529
65 1442
70 1442
70 1143
43 1143
43 1139
121 1139
121 1134
130 1134
130 1180
80 1180
80 1206
76 1206
76 1240
87 1240
87 1367
78 1367
78 1539
82 1539
82 1704
79 1704
79 2263
98 2263
98 2268
155 2268
155 2271
203 2271
203 2270
211 2270
211 2230
217 2230
217 2214
220 2214
220 2217
229 2217
229 2266
223 2266
223 2326
185 2326
185 2301
159 2301
159 2317
156 2317
156 2343
94 2343
94 2352
118 2352
118 2349
123 2349
123 2354
74 2354
74 2356
85 2356
85 2359
59 2359
59 2387
53 2387
53 2369
29 2369
29 2382
28 2382
28 2390
75 2390
75 2371
101 2371
101 2370
63 2370
63 2362
162 2362
162 2391
158 2391
158 2497
180 2497
180 2499
268 2499
268 2491
201 2491
201 2471
457 2471
457 2475
581 2475
581 2467
645 2467
645 2468
641 2468
641 2474
761 2474
761 2460
1250 2460
1250 2457
1300 2457
1300 2473
1211 2473
1211 2477
1301 2477
1301 2472
1335 2472
1335 2448
1375 2448
1375 2489
1028 2489
1028 2487
1110 2487
1110 2482
1096 2482
1096 2486
922 2486
922 2478
886 2478
886 2480
795 2480
795 2481
672 2481
672 2490
756 2490
756 2496
788 2496
788 2498
808 2498
808 2485
675 2485
675 2484
765 2484
765 2483
919 2483
919 2488
817 2488
817 2495
1033 2495
1033 2493
1388 2493
1388 2469
1418 2469
1418 2464
1480 2464
1480 2462
1425 2462
1425 2445
1394 2445
1394 2440
1391 2440
1391 2447
1362 2447
1362 2422
1275 2422
1275 2427
1355 2427
1355 2443
1305 2443
1305 2451
1271 2451
1271 2444
1136 2444
1136 2442
1104 2442
1104 2437
1263 2437
1263 2424
1223 2424
1223 2423
1200 2423
1200 2430
1231 2430
1231 2436
1162 2436
1162 2421
1519 2421
1519 2441
1567 2441
1567 2418
1344 2418
1344 2417
1100 2417
1100 2410
1109 2410
1109 2403
1148 2403
1148 2413
1154 2413
1154 2407
1430 2407
1430 2402
1227 2402
1227 2405
1169 2405
1169 2400
1184 2400
1184 2394
1232 2394
1232 2392
1093 2392
1093 2425
1105 2425
1105 2431
1102 2431
1102 2434
1066 2434
1066 2429
1065 2429
1065 2453
1008 2453
1008 2428
898 2428
898 2419
1060 2419
1060 2398
1063 2398
1063 2397
1034 2397
1034 2380
966 2380
966 2385
940 2385
940 2395
936 2395
936 2399
1054 2399
1054 2412
981 2412
981 2415
929 2415
929 2393
920 2393
920 2404
872 2404
872 2396
851 2396
851 2406
874 2406
874 2408
802 2408
802 2411
793 2411
793 2361
787 2361
787 2416
809 2416
809 2420
843 2420
843 2409
887 2409
887 2414
894 2414
894 2432
865 2432
865 2449
963 2449
963 2452
893 2452
893 2456
736 2456
736 2463
678 2463
678 2466
559 2466
559 2459
446 2459
446 2461
386 2461
386 2458
372 2458
372 2455
346 2455
346 2439
298 2439
298 2438
250 2438
250 2446
186 2446
186 2465
330 2465
330 2470
192 2470
192 2494
160 2494
160 2454
175 2454
175 2435
174 2435
174 2426
165 2426
165 2381
225 2381
225 2379
210 2379
210 2377
307 2377
307 2389
419 2389
419 2388
414 2388
414 2386
454 2386
454 2383
394 2383
394 2375
458 2375
458 2376
475 2376
475 2372
361 2372
361 2373
360 2373
360 2384
334 2384
334 2374
167 2374
167 2307
184 2307
184 2310
182 2310
182 2365
183 2365
183 2364
197 2364
197 2368
216 2368
216 2350
349 2350
349 2157
345 2157
345 2134
342 2134
342 2147
336 2147
336 2166
332 2166
332 2199
308 2199
308 2139
322 2139
322 2126
331 2126
331 2113
318 2113
318 2108
284 2108
284 2096
248 2096
248 2088
129 2088
129 2042
178 2042
178 2026
150 2026
150 2000
190 2000
190 1980
227 1980
227 1989
239 1989
239 1974
188 1974
188 1968
277 1968
277 1966
260 1966
260 1962
358 1962
358 1972
374 1972
374 2179
371 2179
371 2186
368 2186
368 2060
365 2060
365 2239
390 2239
390 2234
409 2234
409 2236
405 2236
405 2262
404 2262
404 2284
401 2284
401 2296
438 2296
438 2344
447 2344
447 2353
353 2353
353 2363
384 2363
384 2358
441 2358
441 2367
501 2367
501 2351
549 2351
549 2348
628 2348
628 2346
631 2346
631 2342
508 2342
508 2341
485 2341
485 2327
496 2327
496 2287
704 2287
704 2278
681 2278
681 2277
911 2277
911 2276
949 2276
949 2323
984 2323
984 2318
996 2318
996 2283
1044 2283
1044 2288
1009 2288
1009 2293
1014 2293
1014 2294
1031 2294
1031 2312
1062 2312
1062 2319
1149 2319
1149 2196
1145 2196
1145 2125
1155 2125
1155 2084
1173 2084
1173 2329
1509 2329
1509 2332
1564 2332
1564 2321
1644 2321
1644 2330
1734 2330
1734 2331
1708 2331
1708 2333
1766 2333
1766 2336
1605 2336
1605 2337
1058 2337
1058 2339
1795 2339
1795 2311
1783 2311
1783 2308
2075 2308
2075 2313
1876 2313
1876 2320
1816 2320
1816 2335
2076 2335
2076 2334
2014 2334
2014 2324
2101 2324
2101 2306
1832 2306
1832 2300
1773 2300
1773 2314
1643 2314
1643 2305
1481 2305
1481 2269
1469 2269
1469 2280
1463 2280
1463 2281
1458 2281
1458 2322
1563 2322
1563 2328
1210 2328
1210 2304
1205 2304
1205 2309
1174 2309
1174 1992
1206 1992
1206 1982
1236 1982
1236 1994
1192 1994
1192 2078
1195 2078
1195 2020
1237 2020
1237 2143
1248 2143
1248 2173
1246 2173
1246 2207
1247 2207
1247 2255
1294 2255
1294 2248
1525 2248
1525 2247
1604 2247
1604 2245
1511 2245
1511 2231
1547 2231
1547 2226
1556 2226
1556 2211
1518 2211
1518 2185
1488 2185
1488 2209
1486 2209
1486 2237
1454 2237
1454 2243
1410 2243
1410 2223
1408 2223
1408 2246
1334 2246
1334 2212
1314 2212
1314 2203
1313 2203
1313 2235
1306 2235
1306 2228
1257 2228
1257 2233
1303 2233
1303 2238
1252 2238
1252 2114
1245 2114
1245 2063
1240 2063
1240 2036
1253 2036
1253 1991
1254 1991
1254 2011
1281 2011
1281 2037
1292 2037
1292 2031
1318 2031
1318 2053
1337 2053
1337 2073
1398 2073
1398 2074
1594 2074
1594 2075
1414 2075
1414 2077
1483 2077
1483 2076
1713 2076
1713 2104
1681 2104
1681 2107
1640 2107
1640 2101
1680 2101
1680 2098
1662 2098
1662 2079
1629 2079
1629 2087
1621 2087
1621 2117
1657 2117
1657 2112
1707 2112
1707 2121
1720 2121
1720 2030
1746 2030
1746 2035
1985 2035
1985 2050
2157 2050
2157 2052
2120 2052
2120 2059
2124 2059
2124 2062
2240 2062
2240 2065
2005 2065
2005 2067
2230 2067
2230 2083
2178 2083
2178 2080
2165 2080
2165 2091
2257 2091
2257 2094
2214 2094
2214 2092
2111 2092
2111 2095
1792 2095
1792 2099
1898 2099
1898 2100
2182 2100
2182 2110
2267 2110
2267 2111
2268 2111
2268 2133
2201 2133
2201 2137
2173 2137
2173 2149
2188 2149
2188 2152
1737 2152
1737 2150
1724 2150
1724 2153
2164 2153
2164 2161
2091 2161
2091 2193
2096 2193
2096 2192
2108 2192
2108 2198
2073 2198
2073 2201
2183 2201
2183 2195
2270 2195
2270 2191
2158 2191
2158 2188
2251 2188
2251 2184
2117 2184
2117 2167
2121 2167
2121 2183
2127 2183
2127 2182
2133 2182
2133 2164
2160 2164
2160 2180
2172 2180
2172 2172
2193 2172
2193 2175
2213 2175
2213 2162
2276 2162
2276 2109
2283 2109
2283 2249
2284 2249
2284 2127
2289 2127
2289 2204
2309 2204
2309 2187
2307 2187
2307 2163
2368 2163
2368 2168
2370 2168
2370 2189
2364 2189
2364 2205
2382 2205
2382 2210
2394 2210
2394 2176
2391 2176
2391 2169
2403 2169
2403 2259
2405 2259
2405 2242
2408 2242
2408 2290
2410 2290
2410 2081
2413 2081
2413 2066
2414 2066
2414 2122
2416 2122
2416 2142
2412 2142
2412 2251
2435 2251
2435 2450
2427 2450
2427 2401
2424 2401
2424 2479
2411 2479
2411 2295
2402 2295
2402 2303
2392 2303
2392 2347
2393 2347
2393 2433
2396 2433
2396 2338
2409 2338
2409 2492
2475 2492
2475 2366
2481 2366
2481 2500
2482 2500
2482 2355
2472 2355
2472 2476
2461 2476
2461 2378
2441 2378
2441 2244
2447 2244
2447 2299
2454 2299
2454 2202
2434 2202
2434 2197
2432 2197
2432 2218
2421 2218
2421 2174
2429 2174
2429 2155
2438 2155
2438 2151
2433 2151
2433 2082
2456 2082
2456 2115
2444 2115
2444 2136
2458 2136
2458 1970
2455 1970
2455 1996
2443 1996
2443 1960
2428 1960
2428 1984
2426 1984
2426 1977
2399 1977
2399 1971
2383 1971
2383 1978
2367 1978
2367 1979
2419 1979
2419 2002
2452 2002
2452 2070
2449 2070
2449 2057
2437 2057
2437 2010
2407 2010
2407 2006
2377 2006
2377 2013
2420 2013
2420 2018
2425 2018
2425 2049
2415 2049
2415 2046
2389 2046
2389 2064
2404 2064
2404 2116
2401 2116
2401 2158
2293 2158
2293 2148
2371 2148
2371 2135
2369 2135
2369 2128
2341 2128
2341 2129
2321 2129
2321 2089
2320 2089
2320 2144
2318 2144
2318 2105
2301 2105
2301 2086
2300 2086
2300 2085
2286 2085
2286 2103
2266 2103
2266 2048
2008 2048
2008 2039
1999 2039
1999 2033
2059 2033
2059 2041
2102 2041
2102 2040
2106 2040
2106 2032
2013 2032
2013 2028
1905 2028
1905 2015
1647 2015
1647 2001
1718 2001
1718 1999
1714 1999
1714 1993
1844 1993
1844 1985
1815 1985
1815 1987
1626 1987
1626 2009
1606 2009
1606 2007
1583 2007
1583 2012
1634 2012
1634 2019
1636 2019
1636 2016
1894 2016
1894 2029
1682 2029
1682 2038
1683 2038
1683 2044
1674 2044
1674 2069
1616 2069
1616 2071
1371 2071
1371 2061
1495 2061
1495 2058
1465 2058
1465 2055
1343 2055
1343 2054
1494 2054
1494 2017
1487 2017
1487 2043
1485 2043
1485 2034
1479 2034
1479 2051
1326 2051
1326 1998
1347 1998
1347 2008
1352 2008
1352 1950
1296 1950
1296 1948
1127 1948
1127 1949
1016 1949
1016 1917
1024 1917
1024 1905
1027 1905
1027 1893
1161 1893
1161 1911
1402 1911
1402 1922
1203 1922
1203 1914
1180 1914
1180 1915
1080 1915
1080 1921
1121 1921
1121 1939
1669 1939
1669 1876
1727 1876
1727 1875
1768 1875
1768 1883
1774 1883
1774 1884
1796 1884
1796 1898
1744 1898
1744 1916
1719 1916
1719 1943
1810 1943
1810 1944
1991 1944
1991 1946
2152 1946
2152 1945
2190 1945
2190 1942
2147 1942
2147 1941
2196 1941
2196 1937
2145 1937
2145 1940
1748 1940
1748 1903
1900 1903
1900 1902
1837 1902
1837 1863
1945 1863
1945 1870
1865 1870
1865 1881
1852 1881
1852 1895
1866 1895
1866 1877
1986 1877
1986 1907
2088 1907
2088 1909
2189 1909
2189 1901
2156 1901
2156 1867
2170 1867
2170 1859
2197 1859
2197 1866
2203 1866
2203 1904
2216 1904
2216 1908
2204 1908
2204 1912
2206 1912
2206 1925
2129 1925
2129 1918
2074 1918
2074 1929
2070 1929
2070 1932
1956 1932
1956 1913
1884 1913
1884 1935
2168 1935
2168 1936
2186 1936
2186 1928
2224 1928
2224 1920
2260 1920
2260 1869
2298 1869
2298 1890
2310 1890
2310 1856
2254 1856
2254 1846
2245 1846
2245 1896
2217 1896
2217 1854
2227 1854
2227 1849
2208 1849
2208 1855
2185 1855
2185 1853
2162 1853
2162 1852
2179 1852
2179 1847
2150 1847
2150 1906
2000 1906
2000 1900
2148 1900
2148 1860
2093 1860
2093 1868
2139 1868
2139 1899
1988 1899
1988 1865
2002 1865
2002 1862
1645 1862
1645 1864
1823 1864
1823 1872
1668 1872
1668 1934
1637 1934
1637 1933
1630 1933
1630 1919
1603 1919
1603 1879
1602 1879
1602 1871
1588 1871
1588 1874
1574 1874
1574 1850
1537 1850
1537 1848
1514 1848
1514 1851
1515 1851
1515 1858
1565 1858
1565 1878
1527 1878
1527 1880
1595 1880
1595 1894
1597 1894
1597 1930
1599 1930
1599 1938
1134 1938
1134 1923
1321 1923
1321 1924
1185 1924
1185 1931
1213 1931
1213 1927
1353 1927
1353 1926
1447 1926
1447 1910
1255 1910
1255 1897
1327 1897
1327 1891
1448 1891
1448 1888
1071 1888
1071 1887
1228 1887
1228 1885
1219 1885
1219 1886
1064 1886
1064 1882
1084 1882
1084 1845
1055 1845
1055 1857
1045 1857
1045 1873
1035 1873
1035 1861
1015 1861
1015 1889
1012 1889
1012 1892
1013 1892
1013 1952
1128 1952
1128 1956
1229 1956
1229 1958
1006 1958
1006 1951
987 1951
987 1990
960 1990
960 2232
950 2232
950 2257
997 2257
997 2160
992 2160
992 2208
989 2208
989 2254
964 2254
964 2240
972 2240
972 2220
970 2220
970 2003
991 2003
991 2005
1020 2005
1020 2025
1023 2025
1023 1976
1005 1976
1005 2004
1001 2004
1001 1997
999 1997
999 1981
993 1981
993 1957
1004 1957
1004 1959
1266 1959
1266 1954
1317 1954
1317 1961
1324 1961
1324 2023
1319 2023
1319 1988
1310 1988
1310 2021
1298 2021
1298 1975
1188 1975
1188 1983
1156 1983
1156 1986
1133 1986
1133 2014
1144 2014
1144 1995
1166 1995
1166 2047
1167 2047
1167 2056
1172 2056
1172 2072
1122 2072
1122 2090
1125 2090
1125 2119
1141 2119
1141 2316
1090 2316
1090 2315
1072 2315
1072 2302
1070 2302
1070 2261
1032 2261
1032 2264
1061 2264
1061 2272
1042 2272
1042 2282
1022 2282
1022 2275
854 2275
854 2274
815 2274
815 2273
537 2273
537 2279
469 2279
469 2286
474 2286
474 2285
483 2285
483 2360
450 2360
450 2357
456 2357
456 2292
412 2292
412 2258
425 2258
425 2265
430 2265
430 2256
437 2256
437 2227
429 2227
429 2250
422 2250
422 2229
377 2229
377 2221
439 2221
439 2252
443 2252
443 2219
617 2219
617 2225
637 2225
637 2138
636 2138
636 2130
587 2130
587 2140
623 2140
623 2154
629 2154
629 2177
615 2177
615 2213
477 2213
477 2206
470 2206
470 2216
406 2216
406 2215
373 2215
373 2222
369 2222
369 2190
375 2190
375 2178
381 2178
381 2165
398 2165
398 2156
389 2156
389 2146
408 2146
408 2171
418 2171
418 2068
393 2068
393 2102
388 2102
388 2141
392 2141
392 2145
376 2145
376 1969
387 1969
387 1964
382 1964
382 1955
236 1955
236 1965
206 1965
206 1953
168 1953
168 1947
166 1947
166 1963
170 1963
170 1973
164 1973
164 1844
154 1844
154 1775
146 1775
146 1766
127 1766
127 1767
140 1767
140 1782
141 1782
141 1825
143 1825
143 2022
144 2022
144 1815
149 1815
149 2027
128 2027
128 2093
139 2093
139 2123
142 2123
142 2118
153 2118
153 2097
193 2097
193 2131
238 2131
238 2106
241 2106
241 2170
254 2170
254 2120
301 2120
301 2124
297 2124
297 2224
303 2224
303 2241
316 2241
316 2289
264 2289
264 2297
257 2297
257 2298
240 2298
240 2325
329 2325
329 2291
335 2291
335 2340
262 2340
262 2345
237 2345
237 2200
209 2200
209 2267
135 2267
135 2260
113 2260
113 2181
111 2181
111 1967
108 1967
108 1751
103 1751
103 1638
114 1638
114 2045
115 2045
115 1625
102 1625
102 1649
99 1649
99 1827
95 1827
95 1841
104 1841
104 2024
107 2024
107 2132
106 2132
106 2253
81 2253
81 2194
88 2194
88 2159
83 2159
83 1639
84 1639
84 1624
86 1624
86 1400
90 1400
90 1476
91 1476
91 1264
92 1264
92 1565
93 1565
93 1217
97 1217
97 1439
100 1439
100 1296
105 1296
105 1213
110 1213
110 1188
126 1188
126 1229
122 1229
122 1262
138 1262
138 1315
116 1315
116 1335
124 1335
124 1332
171 1332
171 1331
173 1331
173 1311
177 1311
177 1313
198 1313
198 1291
222 1291
222 1290
259 1290
259 1316
263 1316
263 1361
261 1361
261 1392
256 1392
256 1414
270 1414
270 1370
269 1370
269 1334
283 1334
283 1504
282 1504
282 1474
258 1474
258 1495
246 1495
246 1498
242 1498
242 1534
278 1534
278 1635
231 1635
231 1611
245 1611
245 1603
214 1603
214 1669
252 1669
252 1674
286 1674
286 1637
281 1637
281 1536
287 1536
287 1286
191 1286
191 1301
176 1301
176 1282
288 1282
288 1304
291 1304
291 1465
306 1465
306 1401
310 1401
310 1374
312 1374
312 1379
324 1379
324 1348
327 1348
327 1323
314 1323
314 1310
326 1310
326 1302
323 1302
323 1298
311 1298
311 1327
313 1327
313 1373
305 1373
305 1393
300 1393
300 1445
294 1445
294 1297
362 1297
362 1285
359 1285
359 1284
370 1284
370 1283
379 1283
379 1350
391 1350
391 1467
435 1467
435 1479
444 1479
444 1485
451 1485
451 1482
552 1482
552 1505
542 1505
542 1521
536 1521
536 1589
539 1589
539 1644
579 1644
579 1591
558 1591
558 1545
608 1545
608 1546
586 1546
586 1588
584 1588
584 1668
570 1668
570 1677
544 1677
544 1671
518 1671
518 1656
502 1656
502 1681
495 1681
495 1739
489 1739
489 1754
493 1754
493 1770
503 1770
503 1755
506 1755
506 1749
528 1749
528 1734
618 1734
618 1742
660 1742
660 1735
657 1735
657 1728
625 1728
625 1719
541 1719
541 1717
572 1717
572 1706
551 1706
551 1713
520 1713
520 1741
499 1741
499 1682
589 1682
589 1679
634 1679
634 1695
662 1695
662 1824
701 1824
701 1820
717 1820
717 1817
915 1817
915 1818
852 1818
852 1821
798 1821
798 1822
877 1822
877 1819
896 1819
896 1831
1025 1831
1025 1830
1112 1830
1112 1816
1088 1816
1088 1800
1118 1800
1118 1813
1171 1813
1171 1837
1613 1837
1613 1842
1666 1842
1666 1838
1855 1838
1855 1843
2469 1843
2469 1829
2480 1829
2480 1826
2493 1826
2493 1763
2497 1763
2497 1753
2490 1753
2490 1683
2489 1683
2489 1662
2486 1662
2486 1750
2488 1750
2488 1789
2474 1789
2474 1794
2448 1794
2448 1657
2451 1657
2451 1530
2457 1530
2457 1492
2422 1492
2422 1489
2466 1489
2466 1488
2479 1488
2479 1452
2476 1452
2476 1462
2478 1462
2478 1486
2385 1486
2385 1317
2386 1317
2386 1405
2398 1405
2398 1328
2390 1328
2390 1190
2395 1190
2395 1121
2400 1121
2400 1119
2460 1119
2460 1147
2459 1147
2459 1163
2453 1163
2453 1218
2450 1218
2450 1179
2430 1179
2430 1182
2418 1182
2418 1178
2417 1178
2417 1222
2465 1222
2465 1230
2494 1230
2494 1123
2491 1123
2491 1201
2485 1201
2485 1169
2484 1169
2484 1198
2463 1198
2463 1126
2464 1126
2464 1174
2467 1174
2467 1185
2468 1185
2468 1168
2477 1168
2477 1158
2471 1158
2471 1152
2473 1152
2473 1105
2423 1105
2423 1104
2365 1104
2365 1101
2499 1101
2499 1093
2498 1093
2498 1098
2363 1098
2363 1097
2343 1097
2343 1100
2354 1100
2354 1099
2358 1099
2358 1175
2357 1175
2357 1184
2360 1184
2360 1233
2326 1233
2326 1215
2329 1215
2329 1191
2330 1191
2330 1183
2351 1183
2351 1133
2346 1133
2346 1112
2344 1112
2344 1177
2325 1177
2325 1209
2323 1209
2323 1145
2317 1145
2317 1226
2319 1226
2319 1235
2355 1235
2355 1236
2361 1236
2361 1107
2373 1107
2373 1109
2375 1109
2375 1110
2406 1110
2406 1117
2387 1117
2387 1138
2379 1138
2379 1144
2374 1144
2374 1197
2381 1197
2381 1269
2380 1269
2380 1320
2376 1320
2376 1423
2384 1423
2384 1551
2397 1551
2397 1500
2442 1500
2442 1573
2439 1573
2439 1613
2436 1613
2436 1647
2440 1647
2440 1653
2431 1653
2431 1781
2333 1781
2333 1785
2445 1785
2445 1828
2388 1828
2388 1810
2372 1810
2372 1834
2446 1834
2446 1839
2378 1839
2378 1840
2210 1840
2210 1835
1919 1835
1919 1833
1587 1833
1587 1836
1216 1836
1216 1801
1233 1801
1233 1799
1261 1799
1261 1823
1342 1823
1342 1832
1380 1832
1380 1798
1370 1798
1370 1812
1276 1812
1276 1802
1288 1802
1288 1803
1351 1803
1351 1796
1379 1796
1379 1784
1361 1784
1361 1787
1272 1787
1272 1790
1190 1790
1190 1806
1159 1806
1159 1786
1150 1786
1150 1783
933 1783
933 1791
876 1791
876 1792
955 1792
955 1788
1097 1788
1097 1795
1092 1795
1092 1793
1083 1793
1083 1804
1077 1804
1077 1809
1082 1809
1082 1814
764 1814
764 1811
784 1811
784 1808
882 1808
882 1797
871 1797
871 1807
691 1807
691 1805
669 1805
669 1776
668 1776
668 1744
664 1744
664 1672
594 1672
594 1655
591 1655
591 1614
606 1614
606 1636
626 1636
626 1510
644 1510
644 1552
661 1552
661 1556
677 1556
677 1561
889 1561
889 1560
880 1560
880 1558
905 1558
905 1508
959 1508
959 1531
961 1531
961 1567
974 1567
974 1473
975 1473
975 1496
980 1496
980 1455
1007 1455
1007 1483
994 1483
994 1593
979 1593
979 1608
776 1608
776 1604
912 1604
912 1599
863 1599
863 1600
771 1600
771 1646
780 1646
780 1651
813 1651
813 1643
825 1643
825 1661
806 1661
806 1696
860 1696
860 1705
861 1705
861 1701
968 1701
968 1697
1311 1697
1311 1729
1068 1729
1068 1726
947 1726
947 1736
1041 1736
1041 1748
1111 1748
1111 1747
1175 1747
1175 1743
1087 1743
1087 1733
1073 1733
1073 1731
1439 1731
1439 1724
1528 1724
1528 1714
1553 1714
1553 1703
1648 1703
1648 1746
1661 1746
1661 1756
1641 1756
1641 1759
1665 1759
1665 1761
1689 1761
1689 1760
1756 1760
1756 1752
1664 1752
1664 1732
1670 1732
1670 1708
1775 1708
1775 1711
1862 1711
1862 1720
1921 1720
1921 1737
1937 1737
1937 1738
1967 1738
1967 1740
1972 1740
1972 1727
2037 1727
2037 1725
2081 1725
2081 1689
2104 1689
2104 1707
2110 1707
2110 1768
2109 1768
2109 1730
2107 1730
2107 1778
2119 1778
2119 1765
2130 1765
2130 1715
2125 1715
2125 1693
2142 1693
2142 1690
2144 1690
2144 1660
2151 1660
2151 1764
2167 1764
2167 1780
2305 1780
2305 1779
2345 1779
2345 1774
2315 1774
2315 1773
2340 1773
2340 1771
2287 1771
2287 1777
2176 1777
2176 1769
2184 1769
2184 1762
2200 1762
2200 1757
2177 1757
2177 1758
2161 1758
2161 1650
2234 1650
2234 1346
2237 1346
2237 1347
2238 1347
2238 1352
2247 1352
2247 1359
2253 1359
2253 1416
2248 1416
2248 1434
2246 1434
2246 1460
2242 1460
2242 1568
2239 1568
2239 1632
2244 1632
2244 1497
2249 1497
2249 1610
2252 1610
2252 1475
2262 1475
2262 1372
2269 1372
2269 1559
2280 1559
2280 1518
2272 1518
2272 1413
2278 1413
2278 1266
2294 1266
2294 1267
2304 1267
2304 1253
2316 1253
2316 1243
2296 1243
2296 1261
2288 1261
2288 1231
2263 1231
2263 1216
2277 1216
2277 1194
2279 1194
2279 1189
2259 1189
2259 1211
2256 1211
2256 1207
2250 1207
2250 1224
2229 1224
2229 1157
2235 1157
2235 1153
2223 1153
2223 1151
2205 1151
2205 1149
2163 1149
2163 1150
2153 1150
2153 1268
1954 1268
1954 1295
1946 1295
1946 1299
1914 1299
1914 1303
1927 1303
1927 1305
1929 1305
1929 1318
1848 1318
1848 1314
1847 1314
1847 1306
1841 1306
1841 1280
1833 1280
1833 1245
1705 1245
1705 1241
1821 1241
1821 1237
1677 1237
1677 1247
1729 1247
1729 1251
1694 1251
1694 1255
1722 1255
1722 1263
1738 1263
1738 1270
1791 1270
1791 1256
1809 1256
1809 1260
1805 1260
1805 1271
1811 1271
1811 1288
1822 1288
1822 1292
1838 1292
1838 1326
1987 1326
1987 1333
1973 1333
1973 1330
1969 1330
1969 1339
1741 1339
1741 1355
1761 1355
1761 1353
1770 1353
1770 1380
1799 1380
1799 1399
1818 1399
1818 1387
1871 1387
1871 1407
1721 1407
1721 1409
1633 1409
1633 1378
1699 1378
1699 1356
1611 1356
1611 1398
1598 1398
1598 1381
1586 1381
1586 1397
1498 1397
1498 1389
1478 1389
1478 1364
1268 1364
1268 1368
1297 1368
1297 1366
1468 1366
1468 1369
1409 1369
1409 1377
1416 1377
1416 1408
1417 1408
1417 1417
1440 1417
1440 1385
1443 1385
1443 1376
1427 1376
1427 1371
1470 1371
1470 1418
1559 1418
1559 1404
1596 1404
1596 1406
1631 1406
1631 1412
1926 1412
1926 1403
1924 1403
1924 1390
1885 1390
1885 1388
1951 1388
1951 1411
1982 1411
1982 1410
1993 1410
1993 1396
1992 1396
1992 1384
1990 1384
1990 1375
1800 1375
1800 1351
1777 1351
1777 1341
1802 1341
1802 1345
1867 1345
1867 1349
2009 1349
2009 1358
1994 1358
1994 1360
2053 1360
2053 1383
2007 1383
2007 1421
1899 1421
1899 1419
1536 1419
1536 1425
1242 1425
1242 1420
957 1420
957 1426
1131 1426
1131 1429
2033 1429
2033 1427
1754 1427
1754 1424
2017 1424
2017 1402
2011 1402
2011 1386
2066 1386
2066 1362
2103 1362
2103 1365
2175 1365
2175 1354
2018 1354
2018 1344
1887 1344
1887 1342
1920 1342
1920 1343
2028 1343
2028 1336
2050 1336
2050 1308
2047 1308
2047 1321
2025 1321
2025 1324
1964 1324
1964 1276
1976 1276
1976 1273
1978 1273
1978 1277
2116 1277
2116 1272
2159 1272
2159 1167
2169 1167
2169 1159
2209 1159
2209 1156
2211 1156
2211 1162
2218 1162
2218 1166
2226 1166
2226 1210
2221 1210
2221 1232
2255 1232
2255 1252
2281 1252
2281 1258
2274 1258
2274 1382
2271 1382
2271 1312
2261 1312
2261 1319
2233 1319
2233 1648
2220 1648
2220 1581
2215 1581
2215 1596
2212 1596
2212 1645
2140 1645
2140 1654
2134 1654
2134 1688
2105 1688
2105 1670
1996 1670
1996 1667
1953 1667
1953 1666
1874 1666
1874 1675
1846 1675
1846 1640
1858 1640
1858 1580
1980 1580
1980 1587
2100 1587
2100 1582
2069 1582
2069 1576
2065 1576
2065 1578
2020 1578
2020 1583
2003 1583
2003 1577
1585 1577
1585 1570
1679 1570
1679 1569
1529 1569
1529 1572
1573 1572
1573 1605
1578 1605
1578 1616
1450 1616
1450 1606
1312 1606
1312 1584
1267 1584
1267 1566
1273 1566
1273 1564
1256 1564
1256 1607
1249 1607
1249 1548
1302 1548
1302 1538
1322 1538
1322 1535
1239 1535
1239 1541
1217 1541
1217 1507
1455 1507
1455 1512
1381 1512
1381 1513
1386 1513
1386 1515
1338 1515
1338 1516
1441 1516
1441 1519
1422 1519
1422 1532
1429 1532
1429 1533
1333 1533
1333 1537
1435 1537
1435 1520
1467 1520
1467 1494
1399 1494
1399 1477
1419 1477
1419 1472
1395 1472
1395 1487
1396 1487
1396 1501
1234 1501
1234 1502
1280 1502
1280 1506
1214 1506
1214 1493
1181 1493
1181 1517
1191 1517
1191 1540
1208 1540
1208 1547
1241 1547
1241 1553
1115 1553
1115 1450
1114 1450
1114 1490
1108 1490
1108 1550
1106 1550
1106 1444
1099 1444
1099 1514
1101 1514
1101 1562
1178 1562
1178 1555
1243 1555
1243 1571
1230 1571
1230 1594
1186 1594
1186 1597
1201 1597
1201 1598
1244 1598
1244 1618
1289 1618
1289 1621
1279 1621
1279 1622
1377 1622
1377 1630
1549 1630
1549 1617
1716 1617
1716 1615
1752 1615
1752 1602
1584 1602
1584 1585
1610 1585
1610 1601
1691 1601
1691 1590
1772 1590
1772 1592
1839 1592
1839 1642
1831 1642
1831 1678
1828 1678
1828 1665
1812 1665
1812 1659
1807 1659
1807 1673
1817 1673
1817 1680
2079 1680
2079 1721
2072 1721
2072 1716
1912 1716
1912 1710
1932 1710
1932 1702
1995 1702
1995 1700
1819 1700
1819 1699
1400 1699
1400 1709
1438 1709
1438 1718
1497 1718
1497 1723
1415 1723
1415 1722
1320 1722
1320 1686
1315 1686
1315 1694
913 1694
913 1692
948 1692
948 1685
937 1685
937 1684
830 1684
830 1652
850 1652
850 1628
837 1628
837 1623
812 1623
812 1612
977 1612
977 1609
990 1609
990 1626
967 1626
967 1620
930 1620
930 1627
907 1627
907 1633
976 1633
976 1641
998 1641
998 1586
1000 1586
1000 1579
1002 1579
1002 1575
1021 1575
1021 1595
1029 1595
1029 1549
1018 1549
1018 1484
1037 1484
1037 1631
1036 1631
1036 1663
1038 1663
1038 1634
1040 1634
1040 1463
1011 1463
1011 1446
995 1446
995 1443
1003 1443
1003 1441
985 1441
985 1435
973 1435
973 1447
888 1447
888 1448
971 1448
971 1503
904 1503
904 1499
916 1499
916 1491
951 1491
951 1470
965 1470
965 1449
952 1449
952 1451
945 1451
945 1469
906 1469
906 1480
900 1480
900 1464
897 1464
897 1554
727 1554
727 1544
821 1544
821 1542
649 1542
649 1456
659 1456
659 1433
689 1433
689 1395
688 1395
688 1394
654 1394
654 1325
683 1325
683 1338
698 1338
698 1340
705 1340
705 1322
653 1322
653 1422
666 1422
666 1432
647 1432
647 1453
643 1453
643 1307
642 1307
642 1225
676 1225
676 1242
679 1242
679 1186
673 1186
673 1106
682 1106
682 1128
686 1128
686 1129
684 1129
684 1142
685 1142
685 1205
693 1205
693 1161
699 1161
699 1160
714 1160
714 1140
719 1140
719 1113
712 1113
712 947
775 947
775 949
739 949
739 950
740 950
740 964
796 964
796 996
800 996
800 973
818 973
818 1068
810 1068
810 1086
946 1086
946 1085
829 1085
829 1057
853 1057
853 1050
840 1050
840 1052
822 1052
822 1049
819 1049
819 969
820 969
820 935
811 935
811 922
791 922
791 910
786 910
786 898
778 898
778 886
789 886
789 891
804 891
804 881
755 881
755 884
724 884
724 874
716 874
716 857
718 857
718 850
728 850
728 820
729 820
729 861
738 861
738 832
735 832
735 783
749 783
749 703
753 703
753 695
744 695
744 671
760 671
760 655
752 655
752 665
751 665
751 652
758 652
758 629
757 629
757 531
748 531
748 622
746 622
746 507
767 507
767 489
747 489
747 454
759 454
759 475
826 475
826 471
866 471
866 518
864 518
864 512
862 512
862 487
846 487
846 477
824 477
824 497
842 497
842 528
849 528
849 738
841 738
841 758
844 758
844 772
833 772
833 866
835 866
835 888
836 888
836 773
848 773
848 769
847 769
847 762
859 762
859 648
858 648
858 574
857 574
857 620
855 620
855 537
873 537
873 514
884 514
884 614
890 614
890 534
923 534
923 663
878 663
878 793
879 793
879 681
883 681
883 669
924 669
924 702
910 702
910 698
903 698
903 731
901 731
901 796
908 796
908 763
925 763
925 790
928 790
928 756
941 756
941 743
939 743
939 704
931 704
931 683
926 683
926 516
918 516
918 513
914 513
914 495
868 495
868 469
769 469
769 467
816 467
816 457
869 457
869 459
1212 459
1212 452
1221 452
1221 493
1226 493
1226 466
1270 466
1270 530
1262 530
1262 650
1260 650
1260 662
1290 662
1290 766
1287 766
1287 667
1264 667
1264 691
1274 691
1274 680
1286 680
1286 774
1284 774
1284 718
1235 718
1235 713
1170 713
1170 654
1168 654
1168 615
1176 615
1176 684
1197 684
1197 670
1202 670
1202 649
1218 649
1218 550
1198 550
1198 581
1189 581
1189 584
1187 584
1187 549
1163 549
1163 571
1164 571
1164 727
1165 727
1165 715
1204 715
1204 722
1282 722
1282 795
1283 795
1283 803
1277 803
1277 777
1222 777
1222 779
1209 779
1209 780
1265 780
1265 786
1193 786
1193 784
1160 784
1160 728
1147 728
1147 604
1153 604
1153 594
1158 594
1158 586
1152 586
1152 527
1124 527
1124 546
1119 546
1119 633
1120 633
1120 551
1129 551
1129 589
1146 589
1146 592
1142 592
1142 746
1137 746
1137 685
1089 685
1089 706
1076 706
1076 716
1047 716
1047 801
1043 801
1043 811
1078 811
1078 799
1079 799
1079 828
1085 828
1085 798
1048 798
1048 755
1074 755
1074 792
1086 792
1086 744
1091 744
1091 689
1135 689
1135 711
1126 711
1126 740
1132 740
1132 747
1107 747
1107 789
1225 789
1225 804
1258 804
1258 807
1251 807
1251 808
1278 808
1278 816
1199 816
1199 813
1139 813
1139 818
1295 818
1295 826
1113 826
1113 827
1304 827
1304 788
1307 788
1307 742
1293 742
1293 645
1269 645
1269 543
1285 543
1285 456
1299 456
1299 503
1309 503
1309 434
1308 434
1308 449
1259 449
1259 448
1183 448
1183 455
944 455
944 451
814 451
814 443
1026 443
1026 445
1196 445
1196 437
1215 437
1215 421
1325 421
1325 630
1341 630
1341 791
1332 791
1332 825
1521 825
1521 929
1542 929
1542 995
1534 995
1534 999
1535 999
1535 1040
1516 1040
1516 1045
1544 1045
1544 1060
1548 1060
1548 1056
1569 1056
1569 1066
1476 1066
1476 1053
1473 1053
1473 1067
1532 1067
1532 1071
1526 1071
1526 1072
1464 1072
1464 887
1462 887
1462 840
1444 840
1444 837
1428 837
1428 829
1373 829
1373 839
1434 839
1434 843
1426 843
1426 845
1323 845
1323 846
1372 846
1372 865
1401 865
1401 867
1456 867
1456 1017
1446 1017
1446 975
1442 975
1442 1048
1452 1048
1452 1062
1459 1062
1459 864
1423 864
1423 851
1389 851
1389 849
1432 849
1432 848
1460 848
1460 1074
1508 1074
1508 1082
1728 1082
1728 1084
1736 1084
1736 1046
1733 1046
1733 1079
1697 1079
1697 1063
1684 1063
1684 1059
1632 1059
1632 1042
1600 1042
1600 1043
1607 1043
1607 1061
1676 1061
1676 1077
1693 1077
1693 1081
1524 1081
1524 1078
1575 1078
1575 1038
1558 1038
1558 1013
1552 1013
1552 926
1531 926
1531 810
1555 810
1555 844
1546 844
1546 863
1543 863
1543 859
1540 859
1540 876
1560 876
1560 852
1577 852
1577 924
1579 924
1579 871
1580 871
1580 842
1568 842
1568 830
1571 830
1571 824
1590 824
1590 875
1685 875
1685 873
1790 873
1790 860
1860 860
1860 890
1863 890
1863 882
1901 882
1901 878
1934 878
1934 879
2021 879
2021 883
1928 883
1928 889
2052 889
2052 892
1997 892
1997 894
2062 894
2062 897
2029 897
2029 901
2078 901
2078 903
1763 903
1763 904
2019 904
2019 905
1910 905
1910 914
2030 914
2030 913
2095 913
2095 977
2027 977
2027 962
2080 962
2080 972
2086 972
2086 974
2092 974
2092 946
2046 946
2046 942
2041 942
2041 952
1962 952
1962 955
1979 955
1979 979
2085 979
2085 983
2026 983
2026 998
2054 998
2054 987
2089 987
2089 1012
2131 1012
2131 1009
2114 1009
2114 953
2141 953
2141 957
2154 957
2154 1001
2149 1001
2149 981
2143 981
2143 1029
2231 1029
2231 1034
2136 1034
2136 1032
2135 1032
2135 1027
2115 1027
2115 1035
2314 1035
2314 1028
2331 1028
2331 1025
2199 1025
2199 1019
2336 1019
2336 1033
2495 1033
2495 1024
2500 1024
2500 1023
2496 1023
2496 978
2487 978
2487 956
2483 956
2483 993
2470 993
2470 971
2462 971
2462 997
2492 997
2492 1022
2366 1022
2366 991
2356 991
2356 1015
2290 1015
2290 992
2297 992
2297 988
2312 988
2312 985
2322 985
2322 970
2282 970
2282 1010
2232 1010
2232 1016
2225 1016
2225 1018
2171 1018
2171 989
2155 989
2155 986
2192 986
2192 959
2228 959
2228 938
2207 938
2207 944
2112 944
2112 976
2113 976
2113 984
2098 984
2098 853
2084 853
2084 893
2058 893
2058 870
1908 870
1908 856
1778 856
1778 854
1730 854
1730 868
1725 868
1725 869
1601 869
1601 862
1608 862
1608 841
1671 841
1671 838
1762 838
1762 819
1747 819
1747 834
1696 834
1696 836
1612 836
1612 833
1615 833
1615 831
1618 831
1618 823
1639 823
1639 821
1566 821
1566 814
1561 814
1561 805
1517 805
1517 822
1457 822
1457 815
1358 815
1358 812
1367 812
1367 809
1349 809
1349 806
1366 806
1366 611
1411 611
1411 590
1477 590
1477 599
1437 599
1437 610
1977 610
1977 613
1886 613
1886 617
1701 617
1701 616
1453 616
1453 627
1466 627
1466 626
1710 626
1710 632
1698 632
1698 637
1709 637
1709 641
1896 641
1896 635
1891 635
1891 639
1859 639
1859 634
1938 634
1938 631
1750 631
1750 625
1981 625
1981 621
1760 621
1760 619
2043 619
2043 638
2174 638
2174 636
2137 636
2137 578
2202 578
2202 596
2194 596
2194 628
2222 628
2222 618
2236 618
2236 602
2241 602
2241 647
2273 647
2273 597
2291 597
2291 646
2302 646
2302 653
2337 653
2337 651
2349 651
2349 656
2342 656
2342 657
2219 657
2219 658
1523 658
1523 672
1507 672
1507 673
1764 673
1764 674
1939 674
1939 675
1827 675
1827 676
1784 676
1784 677
1513 677
1513 679
1651 679
1651 678
1906 678
1906 682
1771 682
1771 690
1638 690
1638 694
1835 694
1835 696
1572 696
1572 701
1533 701
1533 708
1482 708
1482 724
1449 724
1449 732
1445 732
1445 734
1489 734
1489 719
1538 719
1538 735
1539 735
1539 757
1759 757
1759 754
1788 754
1788 739
1649 739
1649 749
1551 749
1551 733
1646 733
1646 726
1609 726
1609 729
1545 729
1545 723
1592 723
1592 709
1627 709
1627 707
1654 707
1654 699
1851 699
1851 700
1853 700
1853 693
1903 693
1903 687
1943 687
1943 760
1961 760
1961 753
1958 753
1958 750
1955 750
1955 730
1952 730
1952 720
1971 720
1971 717
1983 717
1983 714
2015 714
2015 721
2083 721
2083 770
2285 770
2285 785
2292 785
2292 782
2308 782
2308 787
2328 787
2328 767
2311 767
2311 761
2126 761
2126 764
2275 764
2275 765
2099 765
2099 752
2097 752
2097 725
2087 725
2087 712
2045 712
2045 705
2061 705
2061 692
2010 692
2010 710
1950 710
1950 686
1944 686
1944 668
1782 668
1782 664
1624 664
1624 661
2031 661
2031 660
2359 660
2359 736
2348 736
2348 737
2347 737
2347 745
2334 745
2334 748
2353 748
2353 759
2335 759
2335 775
2339 775
2339 768
2362 768
2362 643
2295 643
2295 624
2303 624
2303 598
2306 598
2306 605
2327 605
2327 583
2338 583
2338 569
2352 569
2352 556
2350 556
2350 565
2332 565
2332 545
2180 545
2180 544
1794 544
1794 511
1803 511
1803 488
1830 488
1830 490
1840 490
1840 439
1857 439
1857 496
1843 496
1843 510
1850 510
1850 499
1856 499
1856 504
1870 504
1870 498
1875 498
1875 540
1879 540
1879 522
1897 522
1897 532
1904 532
1904 542
1907 542
1907 519
1890 519
1890 517
1878 517
1878 492
1880 492
1880 460
1868 460
1868 410
1888 410
1888 428
1893 428
1893 422
1889 422
1889 411
1931 411
1931 494
1930 494
1930 539
2064 539
2064 484
2057 484
2057 520
2034 520
2034 535
2004 535
2004 526
1989 526
1989 536
1984 536
1984 523
1963 523
1963 515
1949 515
1949 502
1948 502
1948 529
1933 529
1933 403
2012 403
2012 458
2042 458
2042 416
2051 416
2051 483
2067 483
2067 470
2063 470
2063 468
2060 468
2060 444
2056 444
2056 414
2023 414
2023 402
1864 402
1864 409
1845 409
1845 429
1826 429
1826 479
1834 479
1834 485
1798 485
1798 383
1813 383
1813 382
1779 382
1779 399
1787 399
1787 401
1785 401
1785 482
1776 482
1776 481
1757 481
1757 500
1789 500
1789 486
1793 486
1793 547
2128 547
2128 548
2324 548
2324 566
2313 566
2313 570
2265 570
2265 642
2258 642
2258 612
2243 612
2243 573
2181 573
2181 555
2166 555
2166 576
2146 576
2146 559
2138 559
2138 558
2132 558
2132 603
2094 603
2094 582
2090 582
2090 609
1959 609
1959 607
1829 607
1829 608
1557 608
1557 606
1512 606
1512 601
1582 601
1582 600
1731 600
1731 593
1753 593
1753 579
1678 579
1678 580
1726 580
1726 585
1589 585
1589 591
1562 591
1562 588
1576 588
1576 572
1591 572
1591 562
1628 562
1628 553
1642 553
1642 552
1614 552
1614 557
1617 557
1617 560
1625 560
1625 561
1550 561
1550 564
1541 564
1541 563
1520 563
1520 568
1570 568
1570 587
1504 587
1504 595
1499 595
1499 567
1421 567
1421 575
1374 575
1374 525
1378 525
1378 533
1384 533
1384 462
1385 462
1385 420
1403 420
1403 447
1397 447
1397 464
1413 464
1413 436
1404 436
1404 432
1451 432
1451 423
1474 423
1474 426
1484 426
1484 463
1490 463
1490 508
1493 508
1493 538
1503 538
1503 472
1505 472
1505 321
1433 321
1433 312
1405 312
1405 311
1393 311
1393 310
1407 310
1407 309
1406 309
1406 304
1436 304
1436 300
1461 300
1461 296
1424 296
1424 277
1471 277
1471 282
1506 282
1506 272
1420 272
1420 293
1412 293
1412 279
1331 279
1331 291
1316 291
1316 319
1363 319
1363 303
1364 303
1364 322
1501 322
1501 348
1500 348
1500 446
1502 446
1502 450
1496 450
1496 418
1369 418
1369 461
1382 461
1382 524
1365 524
1365 797
1357 797
1357 802
1346 802
1346 751
1350 751
1350 640
1345 640
1345 577
1354 577
1354 554
1329 554
1329 474
1330 474
1330 453
1340 453
1340 415
1179 415
1179 442
988 442
988 441
1117 441
1117 440
823 440
823 392
954 392
954 391
832 391
832 388
902 388
902 387
899 387
899 385
790 385
790 369
785 369
785 349
783 349
783 269
827 269
827 265
839 265
839 264
1116 264
1116 261
1143 261
1143 248
1157 248
1157 245
1103 245
1103 236
772 236
772 234
481 234
481 224
421 224
421 215
407 215
407 181
399 181
399 180
356 180
356 122
355 122
355 109
460 109
460 106
509 106
509 103
472 103
472 97
247 97
247 101
299 101
299 131
280 131
280 128
266 128
266 157
292 157
292 175
208 175
208 129
226 129
226 115
235 115
235 84
333 84
333 83
