2164
466 83
466 78
459 78
459 49
478 49
478 47
2 47
2 77
11 77
11 96
1 96
1 149
21 149
21 359
14 359
14 295
18 295
18 271
16 271
16 240
15 240
15 231
10 231
10 260
6 260
6 334
5 334
5 225
4 225
4 395
9 395
9 343
8 343
8 267
12 267
12 339
13 339
13 473
17 473
17 688
19 688
19 794
20 794
20 478
22 478
22 384
24 384
24 298
23 298
23 59
7 59
7 50
77 50
77 61
96 61
96 52
112 52
112 48
147 48
147 65
39 65
39 94
49 94
49 67
340 67
340 73
325 73
325 72
319 72
319 68
296 68
296 74
133 74
133 125
117 125
117 143
36 143
36 147
89 147
89 148
119 148
119 146
134 146
134 75
151 75
151 80
272 80
272 79
423 79
423 70
427 70
427 57
383 57
383 63
249 63
249 64
348 64
348 71
341 71
341 66
196 66
196 58
213 58
213 55
434 55
434 82
187 82
187 89
179 89
179 111
218 111
218 119
202 119
202 176
219 176
219 183
243 183
243 196
302 196
302 124
328 124
328 99
350 99
350 192
351 192
351 123
352 123
352 182
380 182
380 188
354 188
354 195
357 195
357 205
363 205
363 206
364 206
364 208
378 208
378 221
395 221
395 227
462 227
462 238
592 238
592 239
792 239
792 241
690 241
690 247
694 247
694 243
895 243
895 242
934 242
934 237
1056 237
1056 250
1130 250
1130 251
1057 251
1057 257
978 257
978 244
956 244
956 255
875 255
875 246
867 246
867 249
828 249
828 256
909 256
909 259
799 259
799 262
779 262
779 306
781 306
781 396
807 396
807 465
768 465
768 433
742 433
742 623
745 623
745 644
731 644
731 666
725 666
725 506
723 506
723 659
722 659
722 697
737 697
737 778
732 778
732 776
730 776
730 771
721 771
721 817
720 817
720 800
710 800
710 835
715 835
715 896
777 896
777 900
763 900
763 906
733 906
733 932
794 932
794 943
708 943
708 937
667 937
667 948
706 948
706 945
711 945
711 1065
700 1065
700 1044
692 1044
692 961
687 961
687 1069
703 1069
703 1125
702 1125
702 1115
695 1115
695 1103
665 1103
665 1120
671 1120
671 1220
670 1220
670 1196
632 1196
632 1181
658 1181
658 1173
616 1173
616 1176
604 1176
604 1200
590 1200
590 1164
599 1164
599 1141
630 1141
630 1131
595 1131
595 1064
598 1064
598 741
597 741
597 521
609 521
609 480
627 480
627 476
607 476
607 505
596 505
596 919
593 919
593 1051
585 1051
585 1055
588 1055
588 1165
577 1165
577 940
573 940
573 931
569 931
569 907
553 907
553 912
566 912
566 927
562 927
562 967
563 967
563 994
547 994
547 980
535 980
535 858
526 858
526 872
530 872
530 885
513 885
513 847
448 847
448 855
492 855
492 877
500 877
500 880
486 880
486 899
482 899
482 902
385 902
385 895
274 895
274 941
273 941
273 1003
267 1003
267 1002
253 1002
253 1020
275 1020
275 1047
244 1047
244 1058
251 1058
251 1080
255 1080
255 1070
279 1070
279 933
293 933
293 928
304 928
304 1014
309 1014
309 1092
315 1092
315 1008
317 1008
317 1089
320 1089
320 923
413 923
413 917
415 917
415 915
344 915
344 911
289 911
289 916
338 916
338 920
285 920
285 908
440 908
440 909
445 909
445 918
431 918
431 939
426 939
426 963
416 963
416 965
424 965
424 1039
432 1039
432 1030
428 1030
428 1011
433 1011
433 1041
436 1041
436 921
449 921
449 954
453 954
453 1000
455 1000
455 966
463 966
463 1021
473 1021
473 1005
471 1005
471 990
488 990
488 936
467 936
467 951
464 951
464 925
514 925
514 930
491 930
491 934
534 934
534 958
511 958
511 1007
505 1007
505 1037
512 1037
512 1036
516 1036
516 1075
521 1075
521 1114
498 1114
498 1130
519 1130
519 1118
524 1118
524 1006
515 1006
515 968
523 968
523 982
545 982
545 1026
543 1026
543 1073
529 1073
529 1083
527 1083
527 1108
531 1108
531 1090
532 1090
532 1087
533 1087
533 1076
557 1076
557 1054
571 1054
571 1031
546 1031
546 1004
567 1004
567 960
576 960
576 1146
555 1146
555 1154
574 1154
574 1187
565 1187
565 1193
568 1193
568 1203
646 1203
646 1204
602 1204
602 1234
605 1234
605 1239
614 1239
614 1212
640 1212
640 1454
622 1454
622 1436
635 1436
635 1430
621 1430
621 1563
620 1563
620 1543
548 1543
548 1509
560 1509
560 1526
550 1526
550 1528
583 1528
583 1525
575 1525
575 1523
619 1523
619 1522
613 1522
613 1511
561 1511
561 1481
484 1481
484 1471
452 1471
452 1466
490 1466
490 1457
396 1457
396 1294
397 1294
397 1391
403 1391
403 1363
410 1363
410 1279
402 1279
402 1337
400 1337
400 1275
347 1275
347 1287
337 1287
337 1293
295 1293
295 1289
290 1289
290 1278
228 1278
228 1257
234 1257
234 1199
232 1199
232 1228
230 1228
230 1249
221 1249
221 1265
224 1265
224 1274
204 1274
204 1248
205 1248
205 1238
194 1238
194 1246
161 1246
161 1250
172 1250
172 1329
145 1329
145 1259
131 1259
131 1127
109 1127
109 1135
44 1135
44 1136
42 1136
42 1137
27 1137
27 1124
26 1124
26 1132
25 1132
25 1148
34 1148
34 1155
66 1155
66 1437
64 1437
64 1478
61 1478
61 1428
56 1428
56 1281
52 1281
52 1357
51 1357
51 1300
41 1300
41 1415
48 1415
48 1468
54 1468
54 1431
58 1431
58 1527
60 1527
60 1619
57 1619
57 1664
67 1664
67 1557
69 1557
69 1629
72 1629
72 1676
46 1676
46 1687
40 1687
40 1658
33 1658
33 1438
32 1438
32 1223
38 1223
38 1219
30 1219
30 1309
31 1309
31 1691
73 1691
73 1574
71 1574
71 1529
65 1529
65 1442
70 1442
70 1143
43 1143
43 1139
121 1139
121 1134
130 1134
130 1180
80 1180
80 1206
76 1206
76 1240
87 1240
87 1367
78 1367
78 1539
82 1539
82 1704
79 1704
79 2263
98 2263
98 2268
155 2268
155 2271
203 2271
203 2270
211 2270
211 2230
217 2230
217 2214
220 2214
220 2217
229 2217
229 2266
223 2266
223 2326
185 2326
185 2301
159 2301
159 2317
156 2317
156 2343
94 2343
94 2352
118 2352
118 2349
123 2349
123 2354
74 2354
74 2356
85 2356
85 2359
59 2359
59 2387
53 2387
53 2369
29 2369
29 2382
28 2382
28 2390
75 2390
75 2371
101 2371
101 2370
63 2370
63 2362
162 2362
162 2391
158 2391
158 2497
180 2497
180 2499
268 2499
268 2491
201 2491
201 2471
457 2471
457 2475
581 2475
581 2467
645 2467
645 2468
641 2468
641 2474
761 2474
761 2460
1250 2460
1250 2457
1300 2457
1300 2473
1211 2473
1211 2477
1301 2477
1301 2472
1335 2472
1335 2448
1375 2448
1375 2489
1028 2489
1028 2487
1110 2487
1110 2482
1096 2482
1096 2486
922 2486
922 2478
886 2478
886 2480
795 2480
795 2481
672 2481
672 2490
756 2490
756 2496
788 2496
788 2498
808 2498
808 2485
675 2485
675 2484
765 2484
765 2483
919 2483
919 2488
817 2488
817 2495
1033 2495
1033 2493
1388 2493
1388 2469
1418 2469
1418 2464
1480 2464
1480 2462
1425 2462
1425 2445
1394 2445
1394 2440
1391 2440
1391 2447
1362 2447
1362 2422
1275 2422
1275 2427
1355 2427
1355 2443
1305 2443
1305 2451
1271 2451
1271 2444
1136 2444
1136 2442
1104 2442
1104 2437
1263 2437
1263 2424
1223 2424
1223 2423
1200 2423
1200 2430
1231 2430
1231 2436
1162 2436
1162 2421
1519 2421
1519 2441
1567 2441
1567 2418
1344 2418
1344 2417
1100 2417
1100 2410
1109 2410
1109 2403
1148 2403
1148 2413
1154 2413
1154 2407
1430 2407
1430 2402
1227 2402
1227 2405
1169 2405
1169 2400
1184 2400
1184 2394
1232 2394
1232 2392
1093 2392
1093 2425
1105 2425
1105 2431
1102 2431
1102 2434
1066 2434
1066 2429
1065 2429
1065 2453
1008 2453
1008 2428
898 2428
898 2419
1060 2419
1060 2398
1063 2398
1063 2397
1034 2397
1034 2380
966 2380
966 2385
940 2385
940 2395
936 2395
936 2399
1054 2399
1054 2412
981 2412
981 2415
929 2415
929 2393
920 2393
920 2404
872 2404
872 2396
851 2396
851 2406
874 2406
874 2408
802 2408
802 2411
793 2411
793 2361
787 2361
787 2416
809 2416
809 2420
843 2420
843 2409
887 2409
887 2414
894 2414
894 2432
865 2432
865 2449
963 2449
963 2452
893 2452
893 2456
736 2456
736 2463
678 2463
678 2466
559 2466
559 2459
446 2459
446 2461
386 2461
386 2458
372 2458
372 2455
346 2455
346 2439
298 2439
298 2438
250 2438
250 2446
186 2446
186 2465
330 2465
330 2470
192 2470
192 2494
160 2494
160 2454
175 2454
175 2435
174 2435
174 2426
165 2426
165 2381
225 2381
225 2379
210 2379
210 2377
307 2377
307 2389
419 2389
419 2388
414 2388
414 2386
454 2386
454 2383
394 2383
394 2375
458 2375
458 2376
475 2376
475 2372
361 2372
361 2373
360 2373
360 2384
334 2384
334 2374
167 2374
167 2307
184 2307
184 2310
182 2310
182 2365
183 2365
183 2364
197 2364
197 2368
216 2368
216 2350
349 2350
349 2157
345 2157
345 2134
342 2134
342 2147
336 2147
336 2166
332 2166
332 2199
308 2199
308 2139
322 2139
322 2126
331 2126
331 2113
318 2113
318 2108
284 2108
284 2096
248 2096
248 2088
129 2088
129 2042
178 2042
178 2026
150 2026
150 2000
190 2000
190 1980
227 1980
227 1989
239 1989
239 1974
188 1974
188 1968
277 1968
277 1966
260 1966
260 1962
358 1962
358 1972
374 1972
374 2179
371 2179
371 2186
368 2186
368 2060
365 2060
365 2239
390 2239
390 2234
409 2234
409 2236
405 2236
405 2262
404 2262
404 2284
401 2284
401 2296
438 2296
438 2344
447 2344
447 2353
353 2353
353 2363
384 2363
384 2358
441 2358
441 2367
501 2367
501 2351
549 2351
549 2348
628 2348
628 2346
631 2346
631 2342
508 2342
508 2341
485 2341
485 2327
496 2327
496 2287
704 2287
704 2278
681 2278
681 2277
911 2277
911 2276
949 2276
949 2323
984 2323
984 2318
996 2318
996 2283
1044 2283
1044 2288
1009 2288
1009 2293
1014 2293
1014 2294
1031 2294
1031 2312
1062 2312
1062 2319
1149 2319
1149 2196
1145 2196
1145 2125
1155 2125
1155 2084
1173 2084
1173 2329
1509 2329
1509 2332
1564 2332
1564 2321
1644 2321
1644 2330
1734 2330
1734 2331
1708 2331
1708 2333
1766 2333
1766 2336
1605 2336
1605 2337
1058 2337
1058 2339
1795 2339
1795 2311
1783 2311
1783 2308
2075 2308
2075 2313
1876 2313
1876 2320
1816 2320
1816 2335
2076 2335
2076 2334
2014 2334
2014 2324
2101 2324
2101 2306
1832 2306
1832 2300
1773 2300
1773 2314
1643 2314
1643 2305
1481 2305
1481 2269
1469 2269
1469 2280
1463 2280
1463 2281
1458 2281
1458 2322
1563 2322
1563 2328
1210 2328
1210 2304
1205 2304
1205 2309
1174 2309
1174 1992
1206 1992
1206 1982
1236 1982
1236 1994
1192 1994
1192 2078
1195 2078
1195 2020
1237 2020
1237 2143
1248 2143
1248 2173
1246 2173
1246 2207
1247 2207
1247 2255
1294 2255
1294 2248
1525 2248
1525 2247
1604 2247
1604 2245
1511 2245
1511 2231
1547 2231
1547 2226
1556 2226
1556 2211
1518 2211
1518 2185
1488 2185
1488 2209
1486 2209
1486 2237
1454 2237
1454 2243
1410 2243
1410 2223
1408 2223
1408 2246
1334 2246
1334 2212
1314 2212
1314 2203
1313 2203
1313 2235
1306 2235
1306 2228
1257 2228
1257 2233
1303 2233
1303 2238
1252 2238
1252 2114
1245 2114
1245 2063
1240 2063
1240 2036
1253 2036
1253 1991
1254 1991
1254 2011
1281 2011
1281 2037
1292 2037
1292 2031
1318 2031
1318 2053
1337 2053
1337 2073
1398 2073
1398 2074
1594 2074
1594 2075
1414 2075
1414 2077
1483 2077
1483 2076
1713 2076
1713 2104
1681 2104
1681 2107
1640 2107
1640 2101
1680 2101
1680 2098
1662 2098
1662 2079
1629 2079
1629 2087
1621 2087
1621 2117
1657 2117
1657 2112
1707 2112
1707 2121
1720 2121
1720 2030
1746 2030
1746 2035
1985 2035
1985 2050
2157 2050
2157 2052
2120 2052
2120 2059
2124 2059
2124 2062
2240 2062
2240 2065
2005 2065
2005 2067
2230 2067
2230 2083
2178 2083
2178 2080
2165 2080
2165 2091
2257 2091
2257 2094
2214 2094
2214 2092
2111 2092
2111 2095
1792 2095
1792 2099
1898 2099
1898 2100
2182 2100
2182 2110
2267 2110
2267 2111
2268 2111
2268 2133
2201 2133
2201 2137
2173 2137
2173 2149
2188 2149
2188 2152
1737 2152
1737 2150
1724 2150
1724 2153
2164 2153
2164 2161
2091 2161
2091 2193
2096 2193
2096 2192
2108 2192
2108 2198
2073 2198
2073 2201
2183 2201
2183 2195
2270 2195
2270 2191
2158 2191
2158 2188
2251 2188
2251 2184
2117 2184
2117 2167
2121 2167
2121 2183
2127 2183
2127 2182
2133 2182
2133 2164
2160 2164
2160 2180
2172 2180
2172 2172
2193 2172
2193 2175
2213 2175
2213 2162
2276 2162
2276 2109
2283 2109
2283 2249
2284 2249
2284 2127
2289 2127
2289 2204
2309 2204
2309 2187
2307 2187
2307 2163
2368 2163
2368 2168
2370 2168
2370 2189
2364 2189
2364 2205
2382 2205
2382 2210
2394 2210
2394 2176
2391 2176
2391 2169
2403 2169
2403 2259
2405 2259
2405 2242
2408 2242
2408 2290
2410 2290
2410 2081
2413 2081
2413 2066
2414 2066
2414 2122
2416 2122
2416 2142
2412 2142
2412 2251
2435 2251
2435 2450
2427 2450
2427 2401
2424 2401
2424 2479
2411 2479
2411 2295
2402 2295
2402 2303
2392 2303
2392 2347
2393 2347
2393 2433
2396 2433
2396 2338
2409 2338
2409 2492
2475 2492
2475 2366
2481 2366
2481 2500
2482 2500
2482 2355
2472 2355
2472 2476
2461 2476
2461 2378
2441 2378
2441 2244
2447 2244
2447 2299
2454 2299
2454 2202
2434 2202
2434 2197
2432 2197
2432 2218
2421 2218
2421 2174
2429 2174
2429 2155
2438 2155
2438 2151
2433 2151
2433 2082
2456 2082
2456 2115
2444 2115
2444 2136
2458 2136
2458 1970
2455 1970
2455 1996
2443 1996
2443 1960
2428 1960
2428 1984
2426 1984
2426 1977
2399 1977
2399 1971
2383 1971
2383 1978
2367 1978
2367 1979
2419 1979
2419 2002
2452 2002
2452 2070
2449 2070
2449 2057
2437 2057
2437 2010
2407 2010
2407 2006
2377 2006
2377 2013
2420 2013
2420 2018
2425 2018
2425 2049
2415 2049
2415 2046
2389 2046
2389 2064
2404 2064
2404 2116
2401 2116
2401 2158
2293 2158
2293 2148
2371 2148
2371 2135
2369 2135
2369 2128
2341 2128
2341 2129
2321 2129
2321 2089
2320 2089
2320 2144
2318 2144
2318 2105
2301 2105
2301 2086
2300 2086
2300 2085
2286 2085
2286 2103
2266 2103
2266 2048
2008 2048
2008 2039
1999 2039
1999 2033
2059 2033
2059 2041
2102 2041
2102 2040
2106 2040
2106 2032
2013 2032
2013 2028
1905 2028
1905 2015
1647 2015
1647 2001
1718 2001
1718 1999
1714 1999
1714 1993
1844 1993
1844 1985
1815 1985
1815 1987
1626 1987
1626 2009
1606 2009
1606 2007
1583 2007
1583 2012
1634 2012
1634 2019
1636 2019
1636 2016
1894 2016
1894 2029
1682 2029
1682 2038
1683 2038
1683 2044
1674 2044
1674 2069
1616 2069
1616 2071
1371 2071
1371 2061
1495 2061
1495 2058
1465 2058
1465 2055
1343 2055
1343 2054
1494 2054
1494 2017
1487 2017
1487 2043
1485 2043
1485 2034
1479 2034
1479 2051
1326 2051
1326 1998
1347 1998
1347 2008
1352 2008
1352 1950
1296 1950
1296 1948
1127 1948
1127 1949
1016 1949
1016 1917
1024 1917
1024 1905
1027 1905
1027 1893
1161 1893
1161 1911
1402 1911
1402 1922
1203 1922
1203 1914
1180 1914
1180 1915
1080 1915
1080 1921
1121 1921
1121 1939
1669 1939
1669 1876
1727 1876
1727 1875
1768 1875
1768 1883
1774 1883
1774 1884
1796 1884
1796 1898
1744 1898
1744 1916
1719 1916
1719 1943
1810 1943
1810 1944
1991 1944
1991 1946
2152 1946
2152 1945
2190 1945
2190 1942
2147 1942
2147 1941
2196 1941
2196 1937
2145 1937
2145 1940
1748 1940
1748 1903
1900 1903
1900 1902
1837 1902
1837 1863
1945 1863
1945 1870
1865 1870
1865 1881
1852 1881
1852 1895
1866 1895
1866 1877
1986 1877
1986 1907
2088 1907
2088 1909
2189 1909
2189 1901
2156 1901
2156 1867
2170 1867
2170 1859
2197 1859
2197 1866
2203 1866
2203 1904
2216 1904
2216 1908
2204 1908
2204 1912
2206 1912
2206 1925
2129 1925
2129 1918
2074 1918
2074 1929
2070 1929
2070 1932
1956 1932
1956 1913
1884 1913
1884 1935
2168 1935
2168 1936
2186 1936
2186 1928
2224 1928
2224 1920
2260 1920
2260 1869
2298 1869
2298 1890
2310 1890
2310 1856
2254 1856
2254 1846
2245 1846
2245 1896
2217 1896
2217 1854
2227 1854
2227 1849
2208 1849
2208 1855
2185 1855
2185 1853
2162 1853
2162 1852
2179 1852
2179 1847
2150 1847
2150 1906
2000 1906
2000 1900
2148 1900
2148 1860
2093 1860
2093 1868
2139 1868
2139 1899
1988 1899
1988 1865
2002 1865
2002 1862
1645 1862
1645 1864
1823 1864
1823 1872
1668 1872
1668 1934
1637 1934
1637 1933
1630 1933
1630 1919
1603 1919
1603 1879
1602 1879
1602 1871
1588 1871
1588 1874
1574 1874
1574 1850
1537 1850
1537 1848
1514 1848
1514 1851
1515 1851
1515 1858
1565 1858
1565 1878
1527 1878
1527 1880
1595 1880
1595 1894
1597 1894
1597 1930
1599 1930
1599 1938
1134 1938
1134 1923
1321 1923
1321 1924
1185 1924
1185 1931
1213 1931
1213 1927
1353 1927
1353 1926
1447 1926
1447 1910
1255 1910
1255 1897
1327 1897
1327 1891
1448 1891
1448 1888
1071 1888
1071 1887
1228 1887
1228 1885
1219 1885
1219 1886
1064 1886
1064 1882
1084 1882
1084 1845
1055 1845
1055 1857
1045 1857
1045 1873
1035 1873
1035 1861
1015 1861
1015 1889
1012 1889
1012 1892
1013 1892
1013 1952
1128 1952
1128 1956
1229 1956
1229 1958
1006 1958
1006 1951
987 1951
987 1990
960 1990
960 2232
950 2232
950 2257
997 2257
997 2160
992 2160
992 2208
989 2208
989 2254
964 2254
964 2240
972 2240
972 2220
970 2220
970 2003
991 2003
991 2005
1020 2005
1020 2025
1023 2025
1023 1976
1005 1976
1005 2004
1001 2004
1001 1997
999 1997
999 1981
993 1981
993 1957
1004 1957
1004 1959
1266 1959
1266 1954
1317 1954
1317 1961
1324 1961
1324 2023
1319 2023
1319 1988
1310 1988
1310 2021
1298 2021
1298 1975
1188 1975
1188 1983
1156 1983
1156 1986
1133 1986
1133 2014
1144 2014
1144 1995
1166 1995
1166 2047
1167 2047
1167 2056
1172 2056
1172 2072
1122 2072
1122 2090
1125 2090
1125 2119
1141 2119
1141 2316
1090 2316
1090 2315
1072 2315
1072 2302
1070 2302
1070 2261
1032 2261
1032 2264
1061 2264
1061 2272
1042 2272
1042 2282
1022 2282
1022 2275
854 2275
854 2274
815 2274
815 2273
537 2273
537 2279
469 2279
469 2286
474 2286
474 2285
483 2285
483 2360
450 2360
450 2357
456 2357
456 2292
412 2292
412 2258
425 2258
425 2265
430 2265
430 2256
437 2256
437 2227
429 2227
429 2250
422 2250
422 2229
377 2229
377 2221
439 2221
439 2252
443 2252
443 2219
617 2219
617 2225
637 2225
637 2138
636 2138
636 2130
587 2130
587 2140
623 2140
623 2154
629 2154
629 2177
615 2177
615 2213
477 2213
477 2206
470 2206
470 2216
406 2216
406 2215
373 2215
373 2222
369 2222
369 2190
375 2190
375 2178
381 2178
381 2165
398 2165
398 2156
389 2156
389 2146
408 2146
408 2171
418 2171
418 2068
393 2068
393 2102
388 2102
388 2141
392 2141
392 2145
376 2145
376 1969
387 1969
387 1964
382 1964
382 1955
236 1955
236 1965
206 1965
206 1953
168 1953
168 1947
166 1947
166 1963
170 1963
170 1973
164 1973
164 1844
154 1844
154 1775
146 1775
146 1766
127 1766
127 1767
140 1767
140 1782
141 1782
141 1825
143 1825
143 2022
144 2022
144 1815
149 1815
149 2027
128 2027
128 2093
139 2093
139 2123
142 2123
142 2118
153 2118
153 2097
193 2097
193 2131
238 2131
238 2106
241 2106
241 2170
254 2170
254 2120
301 2120
301 2124
297 2124
297 2224
303 2224
303 2241
316 2241
316 2289
264 2289
264 2297
257 2297
257 2298
240 2298
240 2325
329 2325
329 2291
335 2291
335 2340
262 2340
262 2345
237 2345
237 2200
209 2200
209 2267
135 2267
135 2260
113 2260
113 2181
111 2181
111 1967
108 1967
108 1751
103 1751
103 1638
114 1638
114 2045
115 2045
115 1625
102 1625
102 1649
99 1649
99 1827
95 1827
95 1841
104 1841
104 2024
107 2024
107 2132
106 2132
106 2253
81 2253
81 2194
88 2194
88 2159
83 2159
83 1639
84 1639
84 1624
86 1624
86 1400
90 1400
90 1476
91 1476
91 1264
92 1264
92 1565
93 1565
93 1217
97 1217
97 1439
100 1439
100 1296
105 1296
105 1213
110 1213
110 1188
126 1188
126 1229
122 1229
122 1262
138 1262
138 1315
116 1315
116 1331
173 1331
173 1311
198 1311
198 1301
176 1301
176 1282
288 1282
288 1297
362 1297
362 1285
359 1285
359 1284
370 1284
370 1283
379 1283
379 1350
391 1350
391 1467
435 1467
435 1479
444 1479
444 1482
552 1482
552 1505
542 1505
542 1521
536 1521
536 1545
608 1545
608 1546
586 1546
586 1588
626 1588
626 1510
649 1510
649 1456
659 1456
659 1453
643 1453
643 1307
642 1307
642 1225
679 1225
679 1186
673 1186
673 1106
682 1106
682 1128
719 1128
719 1113
712 1113
712 947
820 947
820 935
811 935
811 922
791 922
791 910
786 910
786 898
778 898
778 886
804 886
804 884
724 884
724 874
716 874
716 857
718 857
718 850
728 850
728 820
735 820
735 783
749 783
749 703
753 703
753 695
744 695
744 671
760 671
760 665
751 665
751 652
758 652
758 629
757 629
757 622
746 622
746 507
767 507
767 489
747 489
747 454
759 454
759 467
816 467
816 457
1212 457
1212 455
944 455
944 451
814 451
814 443
1196 443
1196 442
988 442
988 441
1117 441
1117 440
823 440
823 392
954 392
954 391
832 391
832 388
902 388
902 387
899 387
899 385
790 385
790 369
785 369
785 349
783 349
783 269
827 269
827 265
839 265
839 264
1116 264
1116 261
1143 261
1143 248
1157 248
1157 245
1103 245
1103 236
772 236
772 234
481 234
481 224
421 224
421 215
407 215
407 181
399 181
399 180
356 180
356 122
355 122
355 109
460 109
460 106
509 106
509 103
472 103
472 97
247 97
247 101
299 101
299 131
280 131
280 128
266 128
266 157
292 157
292 175
208 175
208 129
226 129
226 115
235 115
235 84
333 84
333 83
