786
466 83
466 78
459 78
459 49
478 49
478 47
2 47
2 77
11 77
11 96
1 96
1 149
21 149
21 359
14 359
14 295
18 295
18 271
16 271
16 240
15 240
15 231
10 231
10 260
6 260
6 334
5 334
5 225
4 225
4 395
9 395
9 343
8 343
8 267
12 267
12 339
13 339
13 473
17 473
17 688
19 688
19 794
20 794
20 478
22 478
22 384
24 384
24 298
23 298
23 59
7 59
7 50
77 50
77 61
96 61
96 52
112 52
112 48
147 48
147 65
39 65
39 94
49 94
49 67
340 67
340 73
325 73
325 72
319 72
319 68
296 68
296 74
133 74
133 125
117 125
117 143
36 143
36 147
89 147
89 148
119 148
119 146
134 146
134 75
151 75
151 80
272 80
272 79
423 79
423 70
427 70
427 57
383 57
383 63
249 63
249 64
348 64
348 71
341 71
341 66
196 66
196 58
213 58
213 55
434 55
434 82
187 82
187 89
179 89
179 111
218 111
218 119
202 119
202 176
219 176
219 183
243 183
243 196
302 196
302 124
328 124
328 99
350 99
350 192
351 192
351 123
352 123
352 182
380 182
380 188
354 188
354 195
357 195
357 205
363 205
363 206
364 206
364 208
378 208
378 221
395 221
395 227
462 227
462 238
592 238
592 239
792 239
792 241
690 241
690 247
694 247
694 243
895 243
895 242
934 242
934 237
1056 237
1056 250
1130 250
1130 251
1057 251
1057 257
978 257
978 244
956 244
956 255
875 255
875 246
867 246
867 249
828 249
828 256
909 256
909 259
799 259
799 262
779 262
779 306
781 306
781 396
807 396
807 465
768 465
768 433
742 433
742 623
745 623
745 644
731 644
731 666
725 666
725 506
723 506
723 659
722 659
722 697
737 697
737 778
732 778
732 776
730 776
730 771
721 771
721 817
720 817
720 800
710 800
710 835
715 835
715 896
777 896
777 900
763 900
763 906
733 906
733 932
794 932
794 943
708 943
708 937
667 937
667 948
706 948
706 945
711 945
711 1065
700 1065
700 1044
692 1044
692 961
687 961
687 1069
703 1069
703 1125
702 1125
702 1115
695 1115
695 1103
665 1103
665 1120
671 1120
671 1220
670 1220
670 1196
632 1196
632 1181
658 1181
658 1173
616 1173
616 1176
604 1176
604 1200
590 1200
590 1164
599 1164
599 1141
630 1141
630 1131
595 1131
595 1064
598 1064
598 741
597 741
597 521
609 521
609 480
627 480
627 476
607 476
607 505
596 505
596 919
593 919
593 1051
585 1051
585 1055
588 1055
588 1165
577 1165
577 940
573 940
573 931
569 931
569 907
553 907
553 912
566 912
566 927
562 927
562 967
563 967
563 994
547 994
547 980
535 980
535 858
526 858
526 872
530 872
530 885
513 885
513 847
448 847
448 855
492 855
492 877
500 877
500 880
486 880
486 899
482 899
482 902
385 902
385 895
274 895
274 941
273 941
273 1003
267 1003
267 1002
253 1002
253 1020
275 1020
275 1047
244 1047
244 1058
251 1058
251 1080
255 1080
255 1070
279 1070
279 933
293 933
293 928
304 928
304 1014
309 1014
309 1092
315 1092
315 1008
317 1008
317 1089
320 1089
320 923
413 923
413 917
415 917
415 915
344 915
344 911
289 911
289 916
338 916
338 920
285 920
285 908
440 908
440 909
445 909
445 918
431 918
431 939
426 939
426 963
416 963
416 965
424 965
424 1039
432 1039
432 1030
428 1030
428 1011
433 1011
433 1041
436 1041
436 921
449 921
449 954
453 954
453 1000
455 1000
455 966
463 966
463 1021
473 1021
473 1005
471 1005
471 990
488 990
488 936
467 936
467 951
464 951
464 925
514 925
514 930
491 930
491 934
534 934
534 958
511 958
511 1007
505 1007
505 1037
512 1037
512 1036
516 1036
516 1075
521 1075
521 1114
498 1114
498 1130
519 1130
519 1118
524 1118
524 1006
515 1006
515 968
523 968
523 982
545 982
545 1026
543 1026
543 1073
529 1073
529 1083
527 1083
527 1108
531 1108
531 1090
532 1090
532 1087
533 1087
533 1076
557 1076
557 1054
571 1054
571 1031
546 1031
546 1004
567 1004
567 960
576 960
576 1146
555 1146
555 1154
574 1154
574 1187
565 1187
565 1193
568 1193
568 1203
646 1203
646 1204
602 1204
602 1234
605 1234
605 1239
614 1239
614 1212
640 1212
640 1454
622 1454
622 1436
635 1436
635 1430
621 1430
621 1563
620 1563
620 1543
548 1543
548 1509
560 1509
560 1526
550 1526
550 1528
583 1528
583 1525
575 1525
575 1523
619 1523
619 1522
613 1522
613 1511
561 1511
561 1481
484 1481
484 1471
452 1471
452 1466
490 1466
490 1457
396 1457
396 1294
397 1294
397 1391
403 1391
403 1363
410 1363
410 1279
402 1279
402 1337
400 1337
400 1275
347 1275
347 1287
337 1287
337 1293
295 1293
295 1289
290 1289
290 1278
228 1278
228 1257
234 1257
234 1199
232 1199
232 1228
230 1228
230 1249
221 1249
221 1265
224 1265
224 1274
204 1274
204 1248
205 1248
205 1238
194 1238
194 1246
161 1246
161 1250
172 1250
172 1329
145 1329
145 1259
131 1259
131 1180
80 1180
80 1206
76 1206
76 1240
87 1240
87 1367
78 1367
78 1539
82 1539
82 1704
79 1704
79 2263
98 2263
98 2268
155 2268
155 2271
203 2271
203 2270
211 2270
211 2230
217 2230
217 2214
220 2214
220 2217
229 2217
229 2266
223 2266
223 2326
185 2326
185 2301
159 2301
159 2317
167 2317
167 2307
184 2307
184 2310
182 2310
182 2345
237 2345
237 2200
209 2200
209 2267
135 2267
135 2260
113 2260
113 2253
81 2253
81 2194
88 2194
88 2159
83 2159
83 1639
84 1639
84 1624
86 1624
86 1400
91 1400
91 1264
93 1264
93 1217
105 1217
105 1213
110 1213
110 1188
126 1188
126 1229
122 1229
122 1262
138 1262
138 1315
116 1315
116 1331
173 1331
173 1311
198 1311
198 1301
176 1301
176 1282
288 1282
288 1297
362 1297
362 1285
359 1285
359 1284
370 1284
370 1283
379 1283
379 1350
391 1350
391 1467
435 1467
435 1479
444 1479
444 1482
552 1482
552 1505
542 1505
542 1521
536 1521
536 1545
608 1545
608 1546
586 1546
586 1588
626 1588
626 1510
649 1510
649 1456
659 1456
659 1453
643 1453
643 1307
642 1307
642 1225
679 1225
679 1186
673 1186
673 1106
682 1106
682 1128
719 1128
719 1113
712 1113
712 947
820 947
820 935
811 935
811 922
791 922
791 910
786 910
786 898
778 898
778 886
804 886
804 884
724 884
724 874
716 874
716 857
718 857
718 850
728 850
728 820
735 820
735 783
749 783
749 703
753 703
753 695
744 695
744 671
760 671
760 665
751 665
751 652
758 652
758 629
757 629
757 622
746 622
746 507
767 507
767 489
747 489
747 454
759 454
759 467
816 467
816 457
1212 457
1212 455
944 455
944 451
814 451
814 443
1196 443
1196 442
988 442
988 441
1117 441
1117 440
823 440
823 392
954 392
954 391
832 391
832 388
902 388
902 387
899 387
899 385
790 385
790 369
785 369
785 349
783 349
783 269
827 269
827 265
839 265
839 264
1116 264
1116 261
1143 261
1143 248
1157 248
1157 245
1103 245
1103 236
772 236
772 234
481 234
481 224
421 224
421 215
407 215
407 181
399 181
399 180
356 180
356 122
355 122
355 109
460 109
460 106
509 106
509 103
472 103
472 97
247 97
247 101
299 101
299 131
280 131
280 128
266 128
266 157
292 157
292 175
208 175
208 129
226 129
226 115
235 115
235 84
333 84
333 83
