242
1 1
1 15
8 15
8 17
35 17
35 18
4 18
4 20
7 20
7 19
38 19
38 23
353 23
353 24
421 24
421 46
422 46
422 89
403 89
403 50
386 50
386 34
186 34
186 33
324 33
324 27
291 27
291 30
228 30
228 28
222 28
222 31
182 31
182 38
177 38
177 51
250 51
250 48
265 48
265 83
266 83
266 43
234 43
234 45
206 45
206 42
217 42
217 36
287 36
287 39
319 39
319 63
337 63
337 62
320 62
320 58
321 58
321 47
365 47
365 53
361 53
361 91
370 91
370 44
375 44
375 90
455 90
455 29
466 29
466 32
461 32
461 113
453 113
453 112
436 112
436 119
414 119
414 129
200 129
200 122
187 122
187 120
171 120
171 118
5 118
5 121
149 121
149 123
134 123
134 127
36 127
36 131
31 131
31 159
25 159
25 176
3 176
3 181
81 181
81 182
260 182
260 170
272 170
272 174
301 174
301 190
249 190
249 193
294 193
294 228
303 228
303 229
157 229
157 224
175 224
175 226
188 226
188 222
293 222
293 210
289 210
289 215
282 215
282 217
243 217
243 202
229 202
229 204
236 204
236 219
143 219
143 208
130 208
130 233
109 233
109 238
118 238
118 239
151 239
151 223
155 223
155 242
159 242
159 235
166 235
166 230
276 230
276 231
275 231
275 244
152 244
152 249
169 249
169 246
170 246
170 245
267 245
267 247
285 247
285 236
316 236
316 237
340 237
340 252
336 252
336 250
334 250
334 269
315 269
315 276
447 276
447 275
438 275
438 274
323 274
323 273
393 273
393 272
443 272
443 267
449 267
449 265
341 265
341 248
406 248
406 243
351 243
351 227
304 227
304 165
224 165
224 178
208 178
208 180
196 180
196 179
32 179
32 142
54 142
54 132
256 132
256 130
458 130
458 117
459 117
459 115
470 115
470 109
476 109
476 106
483 106
483 103
471 103
471 102
477 102
477 99
474 99
474 94
472 94
472 25
450 25
450 49
444 49
444 75
439 75
439 68
423 68
423 52
433 52
433 41
445 41
445 40
424 40
424 22
131 22
131 21
53 21
53 16
47 16
47 14
9 14
9 1
