708
1 1
1 15
8 15
8 17
35 17
35 18
4 18
4 20
7 20
7 19
38 19
38 23
353 23
353 24
421 24
421 46
422 46
422 89
403 89
403 50
386 50
386 34
186 34
186 33
324 33
324 27
291 27
291 30
228 30
228 28
222 28
222 31
182 31
182 38
177 38
177 51
250 51
250 48
265 48
265 83
266 83
266 43
234 43
234 45
206 45
206 42
217 42
217 36
287 36
287 39
319 39
319 63
337 63
337 62
320 62
320 58
321 58
321 47
365 47
365 53
361 53
361 91
370 91
370 44
375 44
375 90
455 90
455 29
466 29
466 32
461 32
461 113
453 113
453 112
436 112
436 119
414 119
414 129
200 129
200 122
187 122
187 120
171 120
171 118
5 118
5 121
149 121
149 123
134 123
134 127
36 127
36 131
31 131
31 159
25 159
25 176
3 176
3 181
81 181
81 182
260 182
260 170
272 170
272 174
301 174
301 190
249 190
249 193
294 193
294 228
303 228
303 229
157 229
157 224
175 224
175 226
188 226
188 222
293 222
293 210
289 210
289 215
282 215
282 217
243 217
243 202
229 202
229 204
236 204
236 219
143 219
143 208
130 208
130 233
109 233
109 238
118 238
118 239
151 239
151 223
155 223
155 242
159 242
159 235
166 235
166 230
276 230
276 231
275 231
275 244
152 244
152 249
169 249
169 246
170 246
170 245
267 245
267 247
285 247
285 236
316 236
316 237
340 237
340 252
336 252
336 250
334 250
334 269
315 269
315 279
317 279
317 276
442 276
442 277
407 277
407 302
329 302
329 300
271 300
271 295
195 295
195 294
280 294
280 289
259 289
259 293
181 293
181 280
139 280
139 287
161 287
161 288
91 288
91 346
84 346
84 351
99 351
99 314
108 314
108 310
93 310
93 308
240 308
240 307
295 307
295 340
298 340
298 306
110 306
110 290
132 290
132 292
122 292
122 297
144 297
144 303
409 303
409 284
432 284
432 301
437 301
437 296
447 296
447 275
438 275
438 274
323 274
323 273
393 273
393 272
443 272
443 267
449 267
449 263
391 263
391 265
341 265
341 248
363 248
363 256
390 256
390 258
454 258
454 259
494 259
494 260
473 260
473 264
511 264
511 285
492 285
492 291
497 291
497 299
515 299
515 311
541 311
541 286
565 286
565 283
581 283
581 330
583 330
583 281
602 281
602 271
555 271
555 270
603 270
603 324
650 324
650 333
649 333
649 336
573 336
573 335
527 335
527 322
519 322
519 338
578 338
578 341
679 341
679 342
663 342
663 343
604 343
604 359
617 359
617 355
636 355
636 363
642 363
642 362
677 362
677 368
549 368
549 367
542 367
542 369
681 369
681 373
680 373
680 391
664 391
664 392
623 392
623 395
641 395
641 394
691 394
691 389
693 389
693 366
728 366
728 372
702 372
702 374
730 374
730 396
712 396
712 404
720 404
720 429
463 429
463 420
479 420
479 421
464 421
464 425
521 425
521 423
503 423
503 418
501 418
501 419
430 419
430 433
420 433
420 426
379 426
379 539
377 539
377 514
354 514
354 524
362 524
362 567
368 567
368 625
359 625
359 666
373 666
373 671
174 671
174 670
114 670
114 681
67 681
67 675
55 675
55 700
142 700
142 702
153 702
153 696
111 696
111 690
117 690
117 691
167 691
167 689
204 689
204 684
194 684
194 677
226 677
226 676
258 676
258 672
302 672
302 709
305 709
305 722
300 722
300 720
199 720
199 721
274 721
274 724
162 724
162 725
100 725
100 766
101 766
101 775
57 775
57 773
48 773
48 762
39 762
39 769
42 769
42 778
106 778
106 781
133 781
133 790
140 790
140 798
102 798
102 807
90 807
90 816
74 816
74 803
61 803
61 819
37 819
37 861
41 861
41 894
45 894
45 836
50 836
50 838
51 838
51 822
64 822
64 875
77 875
77 897
83 897
83 873
78 873
78 829
104 829
104 842
89 842
89 845
92 845
92 908
80 908
80 905
69 905
69 931
59 931
59 923
46 923
46 980
17 980
17 979
28 979
28 962
27 962
27 971
13 971
13 1019
11 1019
11 1067
12 1067
12 1072
33 1072
33 1078
34 1078
34 1070
29 1070
29 1069
14 1069
14 1053
24 1053
24 1027
70 1027
70 1028
71 1028
71 1147
62 1147
62 1141
58 1141
58 1153
66 1153
66 1150
82 1150
82 1138
76 1138
76 1091
85 1091
85 1064
72 1064
72 1030
75 1030
75 1036
79 1036
79 1018
68 1018
68 1022
43 1022
43 1015
16 1015
16 993
19 993
19 984
20 984
20 990
23 990
23 1011
26 1011
26 1002
56 1002
56 986
60 986
60 1000
63 1000
63 997
65 997
65 972
52 972
52 946
88 946
88 1001
87 1001
87 1012
97 1012
97 1004
95 1004
95 890
115 890
115 886
96 886
96 881
103 881
103 865
94 865
94 852
98 852
98 846
105 846
105 850
113 850
113 825
73 825
73 823
107 823
107 805
124 805
124 883
121 883
121 913
127 913
127 921
123 921
123 1031
120 1031
120 1098
126 1098
126 1097
146 1097
146 1115
165 1115
165 1102
158 1102
158 1095
160 1095
160 1092
129 1092
129 1076
128 1076
128 904
125 904
125 799
145 799
145 770
135 770
135 764
116 764
116 759
119 759
119 744
212 744
212 742
202 742
202 741
150 741
150 740
112 740
112 734
147 734
147 728
191 728
191 727
296 727
296 723
314 723
314 687
413 687
413 686
355 686
355 683
475 683
475 680
346 680
346 673
397 673
397 669
441 669
441 664
372 664
372 610
369 610
369 517
376 517
376 543
381 543
381 479
383 479
383 448
380 448
380 428
382 428
382 427
404 427
404 434
733 434
733 370
735 370
735 365
710 365
710 361
644 361
644 353
645 353
645 344
700 344
700 334
674 334
674 331
695 331
695 323
633 323
633 320
607 320
607 313
615 313
615 268
524 268
524 282
516 282
516 298
514 298
514 257
406 257
406 243
351 243
351 227
304 227
304 165
224 165
224 178
208 178
208 180
196 180
196 179
32 179
32 142
54 142
54 132
256 132
256 130
458 130
458 117
459 117
459 115
470 115
470 109
476 109
476 106
483 106
483 103
471 103
471 102
477 102
477 99
474 99
474 94
472 94
472 25
450 25
450 49
444 49
444 75
439 75
439 68
423 68
423 52
433 52
433 41
445 41
445 40
424 40
424 22
131 22
131 21
53 21
53 16
47 16
47 14
9 14
9 1
