2492
1 1
1 15
8 15
8 17
35 17
35 18
4 18
4 20
7 20
7 19
38 19
38 23
353 23
353 24
421 24
421 46
422 46
422 89
403 89
403 50
386 50
386 34
186 34
186 33
324 33
324 27
291 27
291 30
228 30
228 28
222 28
222 31
182 31
182 38
177 38
177 51
250 51
250 48
265 48
265 83
266 83
266 43
234 43
234 45
206 45
206 42
217 42
217 36
287 36
287 39
319 39
319 63
337 63
337 62
320 62
320 58
321 58
321 47
365 47
365 53
361 53
361 91
370 91
370 44
375 44
375 90
455 90
455 29
466 29
466 32
461 32
461 113
453 113
453 112
436 112
436 119
414 119
414 129
200 129
200 122
187 122
187 120
171 120
171 118
5 118
5 121
149 121
149 123
134 123
134 127
36 127
36 131
31 131
31 159
25 159
25 176
3 176
3 181
81 181
81 182
260 182
260 170
272 170
272 174
301 174
301 190
249 190
249 193
294 193
294 228
303 228
303 229
157 229
157 224
175 224
175 226
188 226
188 222
293 222
293 210
289 210
289 215
282 215
282 217
243 217
243 202
229 202
229 204
236 204
236 219
143 219
143 208
130 208
130 233
109 233
109 238
118 238
118 239
151 239
151 223
155 223
155 242
159 242
159 235
166 235
166 230
276 230
276 231
275 231
275 244
152 244
152 249
169 249
169 246
170 246
170 245
267 245
267 247
285 247
285 236
316 236
316 237
340 237
340 252
336 252
336 250
334 250
334 269
315 269
315 279
317 279
317 276
442 276
442 277
407 277
407 302
329 302
329 300
271 300
271 295
195 295
195 294
280 294
280 289
259 289
259 293
181 293
181 280
139 280
139 287
161 287
161 288
91 288
91 346
84 346
84 351
99 351
99 314
108 314
108 310
93 310
93 308
240 308
240 307
295 307
295 340
298 340
298 306
110 306
110 290
132 290
132 292
122 292
122 297
144 297
144 303
409 303
409 284
432 284
432 301
437 301
437 296
447 296
447 275
438 275
438 274
323 274
323 273
393 273
393 272
443 272
443 267
449 267
449 263
391 263
391 265
341 265
341 248
363 248
363 256
390 256
390 258
454 258
454 259
494 259
494 260
473 260
473 264
511 264
511 285
492 285
492 291
497 291
497 299
515 299
515 311
541 311
541 286
565 286
565 283
581 283
581 330
583 330
583 281
602 281
602 271
555 271
555 270
603 270
603 324
650 324
650 333
649 333
649 336
573 336
573 335
527 335
527 322
519 322
519 338
578 338
578 341
679 341
679 342
663 342
663 343
604 343
604 359
617 359
617 355
636 355
636 363
642 363
642 362
677 362
677 368
549 368
549 367
542 367
542 369
681 369
681 373
680 373
680 391
664 391
664 392
623 392
623 395
641 395
641 394
691 394
691 389
693 389
693 366
728 366
728 372
702 372
702 374
730 374
730 396
712 396
712 404
720 404
720 429
463 429
463 420
479 420
479 421
464 421
464 425
521 425
521 423
503 423
503 418
501 418
501 419
430 419
430 433
420 433
420 415
281 415
281 413
176 413
176 400
205 400
205 393
401 393
401 403
290 403
290 406
417 406
417 407
434 407
434 410
446 410
446 390
469 390
469 384
465 384
465 379
367 379
367 378
429 378
429 377
468 377
468 375
416 375
416 371
357 371
357 376
344 376
344 385
410 385
410 386
232 386
232 382
262 382
262 381
168 381
168 383
190 383
190 387
173 387
173 414
277 414
277 416
360 416
360 424
326 424
326 443
325 443
325 447
328 447
328 468
333 468
333 426
379 426
379 539
377 539
377 509
352 509
352 488
330 488
330 486
309 486
309 493
283 493
283 497
268 497
268 495
156 495
156 498
18 498
18 483
30 483
30 460
21 460
21 459
22 459
22 455
10 455
10 484
6 484
6 477
2 477
2 500
192 500
192 501
335 501
335 494
343 494
343 510
311 510
311 508
292 508
292 513
332 513
332 512
342 512
342 511
358 511
358 514
354 514
354 524
362 524
362 567
368 567
368 625
359 625
359 666
373 666
373 671
174 671
174 670
114 670
114 681
67 681
67 675
55 675
55 700
142 700
142 702
153 702
153 696
111 696
111 690
117 690
117 691
167 691
167 689
204 689
204 684
194 684
194 677
226 677
226 676
258 676
258 672
302 672
302 709
305 709
305 722
300 722
300 720
199 720
199 721
274 721
274 724
162 724
162 725
100 725
100 766
101 766
101 775
57 775
57 773
48 773
48 762
39 762
39 769
42 769
42 778
106 778
106 781
133 781
133 790
140 790
140 798
102 798
102 807
90 807
90 816
74 816
74 803
61 803
61 819
37 819
37 861
41 861
41 894
45 894
45 836
50 836
50 838
51 838
51 822
64 822
64 875
77 875
77 897
83 897
83 873
78 873
78 829
104 829
104 842
89 842
89 845
92 845
92 908
80 908
80 905
69 905
69 931
59 931
59 923
46 923
46 980
17 980
17 979
28 979
28 962
27 962
27 971
13 971
13 1019
11 1019
11 1067
12 1067
12 1072
33 1072
33 1078
34 1078
34 1070
29 1070
29 1069
14 1069
14 1053
24 1053
24 1027
70 1027
70 1028
71 1028
71 1147
62 1147
62 1141
58 1141
58 1153
66 1153
66 1150
82 1150
82 1138
76 1138
76 1091
85 1091
85 1064
72 1064
72 1030
75 1030
75 1036
79 1036
79 1018
68 1018
68 1022
43 1022
43 1015
16 1015
16 993
19 993
19 984
20 984
20 990
23 990
23 1011
26 1011
26 1002
56 1002
56 986
60 986
60 1000
63 1000
63 997
65 997
65 972
52 972
52 946
88 946
88 1001
87 1001
87 1012
97 1012
97 1004
95 1004
95 890
115 890
115 886
96 886
96 881
103 881
103 865
94 865
94 852
98 852
98 846
105 846
105 850
113 850
113 825
73 825
73 823
107 823
107 805
124 805
124 883
121 883
121 913
127 913
127 921
123 921
123 1031
120 1031
120 1098
126 1098
126 1097
146 1097
146 1115
136 1115
136 1146
148 1146
148 1131
141 1131
141 1128
138 1128
138 1117
165 1117
165 1102
158 1102
158 1095
160 1095
160 1092
129 1092
129 1076
128 1076
128 904
125 904
125 799
137 799
137 847
154 847
154 833
145 833
145 770
135 770
135 764
116 764
116 759
119 759
119 744
172 744
172 747
212 747
212 742
202 742
202 736
163 736
163 741
150 741
150 740
112 740
112 734
147 734
147 728
191 728
191 727
296 727
296 723
307 723
307 732
299 732
299 776
297 776
297 737
279 737
279 738
284 738
284 801
478 801
478 800
539 800
539 796
532 796
532 794
513 794
513 774
517 774
517 787
531 787
531 784
540 784
540 810
364 810
364 809
244 809
244 916
239 916
239 907
241 907
241 843
237 843
237 969
233 969
233 954
223 954
223 943
235 943
235 933
220 933
220 867
198 867
198 859
185 859
185 864
180 864
180 870
219 870
219 880
203 880
203 900
189 900
189 903
210 903
210 901
211 901
211 948
207 948
207 994
201 994
201 1010
197 1010
197 1033
193 1033
193 1043
209 1043
209 1042
225 1042
225 1055
218 1055
218 1058
221 1058
221 1057
231 1057
231 1041
238 1041
238 1029
214 1029
214 992
216 992
216 1005
242 1005
242 999
253 999
253 1023
278 1023
278 888
264 888
264 814
263 814
263 891
270 891
270 926
273 926
273 995
261 995
261 988
213 988
213 974
227 974
227 978
230 978
230 982
248 982
248 977
257 977
257 957
252 957
252 955
246 955
246 893
251 893
251 832
254 832
254 834
255 834
255 811
374 811
374 813
550 813
550 785
554 785
554 828
551 828
551 851
556 851
556 854
535 854
535 902
534 902
534 914
546 914
546 922
560 922
560 936
552 936
552 959
558 959
558 983
557 983
557 1049
587 1049
587 1048
597 1048
597 961
605 961
605 966
628 966
628 1020
632 1020
632 1040
673 1040
673 1039
690 1039
690 1062
711 1062
711 1094
683 1094
683 1086
657 1086
657 1149
622 1149
622 1154
653 1154
653 1179
659 1179
659 1191
666 1191
666 1193
654 1193
654 1245
523 1245
523 1206
575 1206
575 1194
580 1194
580 1214
528 1214
528 1226
591 1226
591 1188
526 1188
526 1190
538 1190
538 1199
518 1199
518 1233
502 1233
502 1218
496 1218
496 1227
493 1227
493 1235
508 1235
508 1250
590 1250
590 1248
616 1248
616 1246
635 1246
635 1247
661 1247
661 1208
670 1208
670 1187
682 1187
682 1136
671 1136
671 1164
665 1164
665 1125
662 1125
662 1124
688 1124
688 1103
723 1103
723 1081
722 1081
722 1050
717 1050
717 1045
721 1045
721 1035
716 1035
716 1046
706 1046
706 1034
696 1034
696 1032
634 1032
634 1007
631 1007
631 953
640 953
640 987
646 987
646 1008
651 1008
651 960
656 960
656 989
667 989
667 950
678 950
678 967
705 967
705 981
707 981
707 965
718 965
718 991
729 991
729 1014
732 1014
732 949
715 949
715 945
686 945
686 941
704 941
704 938
630 938
630 963
611 963
611 958
627 958
627 929
598 929
598 925
596 925
596 1047
562 1047
562 928
566 928
566 940
570 940
570 976
595 976
595 947
594 947
594 889
584 889
584 898
567 898
567 909
536 909
536 877
599 877
599 871
612 871
612 879
660 879
660 856
648 856
648 860
643 860
643 827
626 827
626 840
625 840
625 837
624 837
624 869
582 869
582 868
569 868
569 806
572 806
572 793
563 793
563 791
559 791
559 771
512 771
512 763
537 763
537 755
601 755
601 754
571 754
571 752
533 752
533 761
530 761
530 756
489 756
489 760
486 760
486 786
510 786
510 797
286 797
286 795
347 795
347 792
306 792
306 779
310 779
310 746
312 746
312 745
322 745
322 692
338 692
338 707
345 707
345 688
318 688
318 733
314 733
314 687
413 687
413 686
355 686
355 683
460 683
460 703
371 703
371 701
349 701
349 704
408 704
408 706
451 706
451 708
480 708
480 695
699 695
699 711
692 711
692 719
689 719
689 716
568 716
568 718
658 718
658 717
687 717
687 743
685 743
685 739
684 739
684 748
694 748
694 714
708 714
708 729
754 729
754 783
757 783
757 812
752 812
752 830
771 830
771 815
773 815
773 839
774 839
774 826
776 826
776 821
775 821
775 820
780 820
780 862
781 862
781 872
782 872
782 910
783 910
783 911
785 911
785 920
784 920
784 918
778 918
778 951
787 951
787 1082
789 1082
789 1107
792 1107
792 1068
794 1068
794 1108
742 1108
742 1077
744 1077
744 1074
743 1074
743 767
741 767
741 751
740 751
740 1166
745 1166
745 1163
746 1163
746 1160
820 1160
820 1165
882 1165
882 1157
883 1157
883 1155
960 1155
960 1161
970 1161
970 1143
979 1143
979 1142
983 1142
983 1174
978 1174
978 1196
967 1196
967 1181
958 1181
958 1169
949 1169
949 1168
899 1168
899 1170
834 1170
834 1167
832 1167
832 1171
942 1171
942 1182
935 1182
935 1173
738 1173
738 1177
809 1177
809 1180
822 1180
822 1176
833 1176
833 1178
905 1178
905 1175
909 1175
909 1183
928 1183
928 1184
870 1184
870 1189
926 1189
926 1186
945 1186
945 1185
965 1185
965 1203
959 1203
959 1195
946 1195
946 1201
952 1201
952 1212
943 1212
943 1202
890 1202
890 1197
875 1197
875 1205
877 1205
877 1224
859 1224
859 1244
887 1244
887 1249
951 1249
951 1243
872 1243
872 1242
981 1242
981 1241
1089 1241
1089 1238
1184 1238
1184 1240
1189 1240
1189 1239
1199 1239
1199 1217
1230 1217
1230 1204
1242 1204
1242 1152
1240 1152
1240 1100
1250 1100
1250 1054
1249 1054
1249 1090
1248 1090
1248 697
1245 697
1245 658
1241 658
1241 661
1237 661
1237 555
1235 555
1235 665
1227 665
1227 602
1221 602
1221 465
1228 465
1228 456
1215 456
1215 492
1207 492
1207 471
1191 471
1191 467
1179 467
1179 526
1171 526
1171 608
1152 608
1152 572
1158 572
1158 560
1148 560
1148 519
1164 519
1164 505
1147 505
1147 592
1146 592
1146 504
1135 504
1135 507
1133 507
1133 480
1106 480
1106 481
1100 481
1100 464
1097 464
1097 457
1119 457
1119 462
1132 462
1132 461
1127 461
1127 449
1113 449
1113 452
1092 452
1092 445
1033 445
1033 345
1038 345
1038 348
1050 348
1050 347
1049 347
1049 339
1107 339
1107 337
1166 337
1166 356
1165 356
1165 388
1121 388
1121 380
1111 380
1111 401
1104 401
1104 402
1065 402
1065 349
1064 349
1064 354
1062 354
1062 411
1048 411
1048 440
1069 440
1069 441
1053 441
1053 444
1142 444
1142 437
1153 437
1153 430
1099 430
1099 422
1084 422
1084 431
1082 431
1082 432
1066 432
1066 405
1151 405
1151 408
1125 408
1125 409
1131 409
1131 417
1155 417
1155 397
1161 397
1161 398
1167 398
1167 412
1168 412
1168 325
1087 325
1087 327
1080 327
1080 328
1072 328
1072 319
1068 319
1068 317
1043 317
1043 305
1077 305
1077 315
1120 315
1120 316
1122 316
1122 312
1204 312
1204 304
1036 304
1036 309
1030 309
1030 318
1019 318
1019 266
1021 266
1021 240
1022 240
1022 134
1016 134
1016 101
1023 101
1023 74
1028 74
1028 79
1025 79
1025 153
1024 153
1024 220
1026 220
1026 185
1029 185
1029 73
1032 73
1032 93
1035 93
1035 69
1149 69
1149 72
1145 72
1145 70
1136 70
1136 71
1075 71
1075 78
1105 78
1105 80
1060 80
1060 82
1061 82
1061 104
1047 104
1047 114
1045 114
1045 110
1044 110
1044 97
1041 97
1041 116
1071 116
1071 125
1101 125
1101 126
1150 126
1150 128
1124 128
1124 136
1159 136
1159 175
1059 175
1059 171
1076 171
1076 167
1112 167
1112 149
1094 149
1094 161
1093 161
1093 162
1067 162
1067 166
1042 166
1042 177
1063 177
1063 183
1058 183
1058 186
1073 186
1073 189
1098 189
1098 192
1137 192
1137 187
1174 187
1174 211
1118 211
1118 201
1154 201
1154 200
1170 200
1170 197
1117 197
1117 195
1090 195
1090 214
1091 214
1091 199
1110 199
1110 241
1176 241
1176 137
1173 137
1173 146
1172 146
1172 163
1169 163
1169 95
1162 95
1162 105
1141 105
1141 98
1134 98
1134 108
1157 108
1157 124
1083 124
1083 111
1070 111
1070 84
1177 84
1177 81
1175 81
1175 77
1126 77
1126 76
1185 76
1185 86
1187 86
1187 88
1200 88
1200 87
1190 87
1190 64
1139 64
1139 67
1103 67
1103 56
1130 56
1130 61
1178 61
1178 59
1156 59
1156 55
1057 55
1057 54
1046 54
1046 26
1040 26
1040 35
1034 35
1034 60
1051 60
1051 57
1096 57
1096 65
1020 65
1020 92
1018 92
1018 66
1013 66
1013 198
1010 198
1010 164
1007 164
1007 107
1006 107
1006 207
1004 207
1004 216
1005 216
1005 350
1008 350
1008 262
1009 262
1009 209
1011 209
1011 218
1012 218
1012 278
1015 278
1015 191
1014 191
1014 160
1017 160
1017 321
1054 321
1054 326
1055 326
1055 329
1079 329
1079 332
1031 332
1031 399
1027 399
1027 463
1037 463
1037 453
1039 453
1039 451
1056 451
1056 454
1086 454
1086 458
1085 458
1085 466
1074 466
1074 487
1102 487
1102 490
1109 490
1109 485
1116 485
1116 491
1129 491
1129 547
1140 547
1140 566
1144 566
1144 613
1186 613
1186 606
1193 606
1193 617
1196 617
1196 632
1194 632
1194 653
1195 653
1195 640
1202 640
1202 641
1206 641
1206 624
1198 624
1198 607
1203 607
1203 596
1182 596
1182 605
1181 605
1181 515
1183 515
1183 489
1180 489
1180 472
1201 472
1201 475
1205 475
1205 502
1220 502
1220 594
1219 594
1219 628
1214 628
1214 626
1212 626
1212 574
1210 574
1210 527
1209 527
1209 565
1208 565
1208 639
1211 639
1211 629
1216 629
1216 647
1222 647
1222 699
1224 699
1224 615
1225 615
1225 705
1217 705
1217 782
1218 782
1218 750
1229 750
1229 694
1232 694
1232 698
1243 698
1243 731
1233 731
1233 765
1247 765
1247 882
1239 882
1239 899
1213 899
1213 935
1223 935
1223 964
1231 964
1231 1038
1236 1038
1236 1024
1234 1024
1234 942
1246 942
1246 1059
1244 1059
1244 1087
1238 1087
1238 1172
1226 1172
1226 1216
1188 1216
1188 1225
1163 1225
1163 1228
1160 1228
1160 1229
1138 1229
1138 1220
1143 1220
1143 1219
1088 1219
1088 1215
1128 1215
1128 1198
1123 1198
1123 1192
1114 1192
1114 1211
1108 1211
1108 1209
1081 1209
1081 1210
1078 1210
1078 1223
1095 1223
1095 1222
1115 1222
1115 1231
1192 1231
1192 1221
1197 1221
1197 1237
1052 1237
1052 1236
939 1236
939 1234
867 1234
867 1232
891 1232
891 1230
892 1230
892 1213
980 1213
980 1207
995 1207
995 1200
996 1200
996 1144
993 1144
993 1159
991 1159
991 1083
1000 1083
1000 1052
1001 1052
1001 1093
1002 1093
1002 1063
1003 1063
1003 1051
997 1051
997 1037
999 1037
999 895
998 895
998 998
992 998
992 985
989 985
989 996
990 996
990 1021
975 1021
975 757
977 757
977 710
976 710
976 631
969 631
969 529
966 529
966 627
964 627
964 668
968 668
968 939
972 939
972 876
971 876
971 682
973 682
973 667
974 667
974 1044
982 1044
982 1025
994 1025
994 1075
988 1075
988 1089
986 1089
986 1099
985 1099
985 1113
987 1113
987 1123
984 1123
984 1120
963 1120
963 1148
910 1148
910 1127
925 1127
925 1119
920 1119
920 1104
940 1104
940 1106
944 1106
944 1133
947 1133
947 1121
948 1121
948 1111
955 1111
955 1085
961 1085
961 1080
962 1080
962 1079
957 1079
957 1066
954 1066
954 1101
917 1101
917 1118
911 1118
911 1112
853 1112
853 1105
850 1105
850 1084
841 1084
841 1026
842 1026
842 1073
856 1073
856 1065
851 1065
851 1056
849 1056
849 1016
845 1016
845 878
843 878
843 892
837 892
837 848
839 848
839 844
830 844
830 896
829 896
829 660
896 660
896 654
888 654
888 553
884 553
884 551
893 551
893 542
900 542
900 563
906 563
906 623
907 623
907 831
898 831
898 930
897 930
897 956
902 956
902 968
919 968
919 975
924 975
924 934
930 934
930 970
934 970
934 937
937 937
937 1013
938 1013
938 932
956 932
956 885
950 885
950 887
953 887
953 927
922 927
922 924
932 924
932 919
927 919
927 884
941 884
941 824
936 824
936 835
923 835
923 915
921 915
921 952
901 952
901 841
908 841
908 525
913 525
913 534
912 534
912 597
914 597
914 544
915 544
915 619
918 619
918 541
929 541
929 603
933 603
933 590
931 590
931 532
916 532
916 522
889 522
889 482
886 482
886 533
885 533
885 470
895 470
895 469
879 469
879 506
881 506
881 604
878 604
878 530
862 530
862 535
876 535
876 600
873 600
873 630
880 630
880 650
868 650
868 637
871 637
871 577
865 577
865 589
863 589
863 659
857 659
857 652
846 652
846 657
827 657
827 663
828 663
828 917
831 917
831 1003
835 1003
835 912
836 912
836 944
840 944
840 1060
838 1060
838 1088
848 1088
848 1110
847 1110
847 1116
861 1116
861 1126
858 1126
858 1129
860 1129
860 1130
864 1130
864 1132
852 1132
852 1139
854 1139
854 1140
866 1140
866 1134
869 1134
869 1114
904 1114
904 1135
903 1135
903 1137
894 1137
894 1151
874 1151
874 1162
855 1162
855 1158
844 1158
844 1156
755 1156
755 1109
791 1109
791 1145
793 1145
793 1122
796 1122
796 1096
798 1096
798 1071
797 1071
797 1061
788 1061
788 1017
790 1017
790 808
786 808
786 804
795 804
795 789
799 789
799 855
801 855
801 1009
821 1009
821 1006
815 1006
815 973
802 973
802 857
812 857
812 858
814 858
814 863
813 863
813 906
823 906
823 866
825 866
825 777
819 777
819 874
816 874
816 679
817 679
817 646
818 646
818 656
824 656
824 651
826 651
826 635
811 635
811 735
810 735
810 849
808 849
808 758
807 758
807 768
805 768
805 753
804 753
804 749
803 749
803 817
806 817
806 853
800 853
800 772
779 772
779 780
769 780
769 818
760 818
760 788
761 788
761 802
763 802
763 730
756 730
756 726
762 726
762 715
737 715
737 713
713 713
713 712
709 712
709 693
488 693
488 685
475 685
475 678
366 678
366 674
356 674
356 680
346 680
346 673
397 673
397 669
441 669
441 655
431 655
431 662
440 662
440 664
372 664
372 610
369 610
369 517
376 517
376 621
384 621
384 558
419 558
419 583
428 583
428 569
427 569
427 556
426 556
426 545
619 545
619 548
525 548
525 552
520 552
520 622
522 622
522 559
652 559
652 561
544 561
544 564
637 564
637 568
638 568
638 573
620 573
620 578
724 578
724 580
758 580
758 581
698 581
698 579
647 579
647 588
639 588
639 586
579 586
579 587
553 587
553 601
547 601
547 618
543 618
543 638
529 638
529 642
548 642
548 633
561 633
561 609
564 609
564 634
576 634
576 636
586 636
586 598
588 598
588 645
585 645
585 649
621 649
621 648
606 648
606 644
675 644
675 643
600 643
600 620
589 620
589 595
764 595
764 599
703 599
703 611
725 611
725 612
719 612
719 616
772 616
772 614
765 614
765 593
770 593
770 591
668 591
668 584
669 584
669 585
672 585
672 582
766 582
766 576
629 576
629 575
734 575
734 571
697 571
697 570
676 570
676 562
726 562
726 557
593 557
593 554
545 554
545 549
727 549
727 550
749 550
749 546
739 546
739 537
777 537
777 516
767 516
767 520
753 520
753 352
748 352
748 360
750 360
750 446
751 446
751 521
747 521
747 531
759 531
759 523
768 523
768 536
736 536
736 540
467 540
467 538
457 538
457 543
381 543
381 479
383 479
383 448
380 448
380 428
382 428
382 427
404 427
404 442
388 442
388 450
392 450
392 499
411 499
411 503
395 503
395 528
398 528
398 518
415 518
415 496
400 496
400 473
402 473
402 476
405 476
405 478
425 478
425 474
418 474
418 436
574 436
574 438
577 438
577 439
592 439
592 435
655 435
655 434
733 434
733 370
735 370
735 364
714 364
714 365
710 365
710 358
731 358
731 357
701 357
701 361
644 361
644 353
645 353
645 344
700 344
700 334
674 334
674 331
695 331
695 323
633 323
633 320
607 320
607 313
615 313
615 205
613 205
613 194
618 194
618 135
614 135
614 141
610 141
610 251
609 251
609 261
608 261
608 268
524 268
524 282
516 282
516 298
514 298
514 253
505 253
505 212
504 212
504 173
506 173
506 203
509 203
509 188
507 188
507 157
495 157
495 168
485 168
485 169
490 169
490 184
500 184
500 196
499 196
499 206
491 206
491 213
498 213
498 254
487 254
487 255
452 255
452 257
406 257
406 232
385 232
385 234
378 234
378 243
351 243
351 225
396 225
396 221
313 221
313 227
304 227
304 165
224 165
224 178
208 178
208 180
196 180
196 172
179 172
179 179
32 179
32 142
40 142
40 156
54 156
54 132
256 132
256 130
456 130
456 150
412 150
412 139
387 139
387 138
215 138
215 145
245 145
245 144
247 144
247 155
183 155
183 158
269 158
269 151
288 151
288 140
339 140
339 143
389 143
389 148
394 148
394 147
399 147
399 152
448 152
448 154
458 154
458 117
459 117
459 115
462 115
462 133
470 133
470 109
476 109
476 106
483 106
483 96
484 96
484 85
482 85
482 100
481 100
481 103
471 103
471 102
477 102
477 99
474 99
474 94
472 94
472 25
450 25
450 49
444 49
444 75
439 75
439 68
423 68
423 52
433 52
433 41
445 41
445 37
435 37
435 40
424 40
424 22
131 22
131 21
53 21
53 16
47 16
47 13
49 13
49 11
164 11
164 12
178 12
178 9
184 9
184 10
327 10
327 8
308 8
308 6
15 6
15 7
44 7
44 14
9 14
9 1
