648
119 1
119 3
113 3
113 7
97 7
97 6
9 6
9 9
112 9
112 11
42 11
42 10
1 10
1 30
3 30
3 37
11 37
11 38
7 38
7 66
23 66
23 61
8 61
8 47
32 47
32 53
26 53
26 54
39 54
39 56
81 56
81 73
57 73
57 75
52 75
52 78
91 78
91 95
89 95
89 94
70 94
70 117
67 117
67 151
83 151
83 122
90 122
90 161
86 161
86 156
68 156
68 197
66 197
66 205
69 205
69 239
63 239
63 302
62 302
62 265
58 265
58 172
36 172
36 177
12 177
12 185
47 185
47 183
30 183
30 178
55 178
55 263
38 263
38 253
33 253
33 249
31 249
31 269
24 269
24 203
22 203
22 200
21 200
21 275
19 275
19 276
25 276
25 278
48 278
48 282
54 282
54 288
35 288
35 296
29 296
29 312
18 312
18 223
17 223
17 314
4 314
4 323
5 323
5 332
14 332
14 321
27 321
27 320
34 320
34 337
40 337
40 393
44 393
44 376
46 376
46 404
50 404
50 406
53 406
53 363
60 363
60 356
75 356
75 378
77 378
77 350
79 350
79 349
106 349
106 348
93 348
93 345
59 345
59 357
51 357
51 340
45 340
45 336
43 336
43 330
49 330
49 326
65 326
65 317
61 317
61 310
64 310
64 295
74 295
74 293
82 293
82 290
78 290
78 283
88 283
88 279
92 279
92 214
101 214
101 208
87 208
87 250
72 250
72 171
71 171
71 163
85 163
85 180
95 180
95 112
84 112
84 108
96 108
96 145
107 145
107 147
108 147
108 152
110 152
110 129
109 129
109 119
111 119
111 114
104 114
104 80
120 80
120 121
128 121
128 352
133 352
133 386
131 386
131 384
127 384
127 294
123 294
123 255
124 255
124 211
122 211
122 427
114 427
114 433
115 433
115 437
125 437
125 400
135 400
135 341
129 341
129 189
130 189
130 268
132 268
132 324
136 324
136 209
141 209
141 252
144 252
144 221
145 221
145 217
147 217
147 202
146 202
146 196
138 196
138 136
142 136
142 155
148 155
148 148
143 148
143 115
140 115
140 132
137 132
137 110
126 110
126 107
121 107
121 77
117 77
117 65
116 65
116 68
105 68
105 79
102 79
102 111
100 111
100 85
99 85
99 52
98 52
98 106
94 106
94 48
73 48
73 50
41 50
41 45
15 45
15 35
6 35
6 29
103 29
103 28
13 28
13 26
2 26
2 12
10 12
10 24
16 24
16 23
20 23
20 22
28 22
28 17
37 17
37 20
80 20
80 19
76 19
76 18
56 18
56 13
152 13
152 8
139 8
139 4
164 4
164 2
172 2
172 25
163 25
163 14
118 14
118 27
134 27
134 16
156 16
156 15
160 15
160 42
150 42
150 58
153 58
153 91
151 91
151 96
155 96
155 169
149 169
149 175
154 175
154 199
157 199
157 71
158 71
158 82
159 82
159 166
165 166
165 157
169 157
169 149
162 149
162 139
168 139
168 69
179 69
179 102
188 102
188 99
192 99
192 101
205 101
205 103
232 103
232 104
224 104
224 113
249 113
249 137
276 137
276 140
240 140
240 130
230 130
230 184
242 184
242 181
254 181
254 182
256 182
256 254
213 254
213 259
207 259
207 245
210 245
210 238
220 238
220 218
235 218
235 216
241 216
241 213
214 213
214 210
223 210
223 207
217 207
217 192
216 192
216 187
211 187
211 194
206 194
206 261
199 261
199 260
183 260
183 235
180 235
180 220
178 220
178 271
215 271
215 306
208 306
208 305
196 305
196 299
171 299
171 311
174 311
174 383
181 383
181 430
176 430
176 444
170 444
170 459
184 459
184 476
245 476
245 481
253 481
253 483
286 483
286 482
270 482
270 480
250 480
250 479
293 479
293 489
419 489
419 491
418 491
418 492
401 492
401 495
414 495
414 500
453 500
453 498
466 498
466 499
500 499
500 496
478 496
478 494
482 494
482 493
459 493
459 497
422 497
422 490
423 490
423 487
408 487
408 447
413 447
413 443
411 443
411 429
406 429
406 446
403 446
403 428
400 428
400 450
405 450
405 488
346 488
346 485
331 485
331 486
303 486
303 475
282 475
282 473
266 473
266 477
265 477
265 455
289 455
289 472
304 472
304 463
314 463
314 467
325 467
325 469
352 469
352 466
362 466
362 462
370 462
370 461
348 461
348 442
339 442
339 440
312 440
312 449
343 449
343 454
278 454
278 441
275 441
275 452
263 452
263 478
257 478
257 448
269 448
269 445
255 445
255 474
247 474
247 471
222 471
222 460
229 460
229 436
238 436
238 434
274 434
274 431
233 431
233 401
258 401
258 403
239 403
239 409
280 409
280 391
283 391
283 392
288 392
288 387
292 387
292 375
326 375
326 373
424 373
424 389
425 389
425 390
402 390
402 380
398 380
398 379
384 379
384 402
378 402
378 412
383 412
383 414
371 414
371 424
372 424
372 435
375 435
375 465
377 465
377 457
381 457
381 468
397 468
397 464
393 464
393 456
376 456
376 432
379 432
379 423
391 423
391 422
392 422
392 416
394 416
394 408
421 408
421 407
433 407
433 399
388 399
388 394
446 394
446 377
431 377
431 372
281 372
281 382
225 382
225 388
248 388
248 396
221 396
221 453
212 453
212 470
191 470
191 458
185 458
185 421
187 421
187 413
189 413
189 313
186 313
186 309
228 309
228 303
219 303
219 272
226 272
226 267
227 267
227 266
234 266
234 264
243 264
243 262
285 262
285 257
272 257
272 240
311 240
311 237
262 237
262 229
259 229
259 226
260 226
260 179
231 179
231 154
246 154
246 141
301 141
301 131
252 131
252 98
202 98
202 97
204 97
204 89
182 89
182 64
167 64
167 100
161 100
161 49
166 49
166 39
173 39
173 32
177 32
177 1
