310
40 15
40 17
11 17
11 38
21 38
21 61
29 61
29 65
116 65
116 68
126 68
126 74
107 74
107 75
61 75
61 98
60 98
60 79
8 79
8 96
6 96
6 116
5 116
5 114
4 114
4 133
7 133
7 99
9 99
9 152
2 152
2 157
112 157
112 162
132 162
132 165
119 165
119 170
83 170
83 185
72 185
72 181
47 181
47 180
19 180
19 176
3 176
3 175
1 175
1 179
13 179
13 190
28 190
28 194
104 194
104 192
96 192
96 191
86 191
86 188
58 188
58 189
33 189
33 187
38 187
38 184
16 184
16 182
45 182
45 186
88 186
88 183
99 183
99 177
111 177
111 174
130 174
130 178
122 178
122 198
142 198
142 172
139 172
139 195
137 195
137 173
113 173
113 171
149 171
149 193
152 193
152 200
165 200
165 168
166 168
166 169
168 169
168 164
164 164
164 199
154 199
154 197
155 197
155 196
153 196
153 154
143 154
143 167
140 167
140 163
141 163
141 159
125 159
125 156
23 156
23 141
20 141
20 150
14 150
14 107
17 107
17 137
46 137
46 136
54 136
54 122
50 122
50 127
32 127
32 124
18 124
18 103
10 103
10 84
59 84
59 100
62 100
62 101
81 101
81 78
77 78
77 89
71 89
71 90
66 90
66 83
63 83
63 76
127 76
127 117
124 117
124 95
123 95
123 109
106 109
106 118
94 118
94 113
100 113
100 87
87 87
87 81
85 81
85 112
90 112
90 119
93 119
93 120
117 120
117 121
109 121
109 131
129 131
129 135
160 135
160 108
162 108
162 104
158 104
158 102
163 102
163 106
170 106
170 77
171 77
171 85
173 85
173 115
176 115
176 123
174 123
174 143
179 143
179 160
172 160
172 161
181 161
181 149
180 149
180 88
175 88
175 73
183 73
183 80
193 80
193 94
194 94
194 82
198 82
198 130
199 130
199 42
197 42
197 66
196 66
196 8
195 8
195 3
200 3
200 2
188 2
188 4
189 4
189 22
190 22
190 56
191 56
191 34
192 34
192 69
187 69
187 67
186 67
186 51
185 51
185 41
178 41
178 52
177 52
177 70
182 70
182 58
184 58
184 72
169 72
169 93
167 93
167 91
156 91
156 97
157 97
157 105
159 105
159 128
151 128
151 125
148 125
148 129
150 129
150 132
147 132
147 110
145 110
145 111
138 111
138 134
136 134
136 126
135 126
135 86
134 86
134 92
128 92
128 71
146 71
146 64
121 64
121 54
144 54
144 40
110 40
110 63
31 63
31 60
80 60
80 59
26 59
26 39
44 39
44 37
27 37
27 33
48 33
48 36
53 36
53 35
115 35
115 32
131 32
131 31
12 31
12 23
15 23
15 18
42 18
42 16
49 16
49 19
103 19
103 15
