186
83 26
83 32
58 32
58 30
36 30
36 28
1 28
1 46
2 46
2 37
10 37
10 43
18 43
18 36
23 36
23 33
53 33
53 39
54 39
54 41
57 41
57 34
72 34
72 40
64 40
64 42
100 42
100 38
92 38
92 29
108 29
108 31
112 31
112 35
106 35
106 47
66 47
66 49
75 49
75 48
99 48
99 57
20 57
20 55
9 55
9 54
21 54
21 50
13 50
13 53
4 53
4 56
16 56
16 60
5 60
5 61
35 61
35 62
28 62
28 64
19 64
19 70
25 70
25 69
51 69
51 71
44 71
44 78
27 78
27 76
24 76
24 74
22 74
22 73
11 73
11 89
3 89
3 95
6 95
6 104
7 104
7 92
15 92
15 90
14 90
14 88
12 88
12 80
46 80
46 72
60 72
60 86
61 86
61 91
76 91
76 97
71 97
71 99
78 99
78 103
80 103
80 100
88 100
88 98
81 98
81 85
93 85
93 84
116 84
116 93
120 93
120 102
135 102
135 110
134 110
134 108
105 108
105 106
86 106
86 132
137 132
137 133
84 133
84 117
26 117
26 122
8 122
8 126
31 126
31 127
40 127
40 125
52 125
52 123
37 123
37 120
67 120
67 119
33 119
33 124
30 124
30 118
74 118
74 134
142 134
142 131
87 131
87 130
96 130
96 129
90 129
90 113
91 113
91 112
110 112
110 109
133 109
133 116
139 116
139 101
121 101
121 96
132 96
132 94
129 94
129 87
124 87
124 83
63 83
63 77
62 77
62 75
65 75
65 65
38 65
38 63
73 63
73 59
45 59
45 58
102 58
102 51
114 51
114 44
115 44
115 26
