Removal 0: 
Solution 0: 
11 4
14 8
2 15
4 11
6 7
9 1

Solution 1: 
11 4
14 8
4 11
5 14
6 7
9 1

Solution 2: 
11 4
14 8
4 11
6 7
8 14
9 1

Solution 3: 
11 4
14 8
4 11
6 7
8 15
9 1

Solution 4: 
11 4
14 8
4 11
7 10
8 15
9 1

Solution 5: 
11 4
14 8
2 15
4 11
7 10
9 1

Solution 6: 
11 4
14 8
4 11
7 10
8 14
9 1

Solution 7: 
11 4
14 8
4 11
5 14
7 10
9 1

Solution 8: 
11 4
15 10
4 11
5 14
7 10
9 1

Solution 9: 
11 4
14 5
4 11
5 14
7 10
9 1

Solution 10: 
11 4
15 4
4 11
5 14
7 10
9 1

Solution 11: 
10 6
15 4
4 11
5 14
7 10
9 1

Solution 12: 
10 6
14 5
4 11
5 14
7 10
9 1

Solution 13: 
11 4
15 10
4 11
5 14
6 7
9 1

Solution 14: 
11 4
15 10
4 11
6 7
8 15
9 1

Solution 15: 
11 4
15 10
4 11
6 7
8 14
9 1

Solution 16: 
11 4
15 10
2 15
4 11
6 7
9 1

Solution 17: 
11 4
15 10
2 15
4 11
7 10
9 1

Solution 18: 
11 4
15 10
4 11
7 10
8 15
9 1

Solution 19: 
11 4
15 10
4 11
7 10
8 14
9 1

Solution 20: 
11 4
14 5
4 11
7 10
8 14
9 1

Solution 21: 
11 4
15 4
4 11
7 10
8 14
9 1

Solution 22: 
11 4
15 4
4 11
7 10
8 15
9 1

Solution 23: 
11 4
14 5
4 11
7 10
8 15
9 1

Solution 24: 
10 6
14 5
4 11
7 10
8 15
9 1

Solution 25: 
10 6
15 4
4 11
7 10
8 15
9 1

Solution 26: 
10 6
15 4
4 11
7 10
8 14
9 1

Solution 27: 
10 6
15 4
2 15
4 11
7 10
9 1

Solution 28: 
11 4
15 4
2 15
4 11
7 10
9 1

Solution 29: 
11 4
14 5
2 15
4 11
7 10
9 1

Solution 30: 
10 6
14 5
2 15
4 11
7 10
9 1

Solution 31: 
10 6
14 5
4 11
7 10
8 14
9 1

Solution 32: 
10 6
14 5
4 11
7 10
8 14
9 3

Solution 33: 
10 6
14 5
4 11
7 10
8 15
9 3

Solution 34: 
10 6
14 5
4 11
5 14
7 10
9 3

Solution 35: 
10 6
11 1
14 5
4 11
5 14
7 10

Solution 36: 
10 3
10 6
14 5
4 11
5 14
7 10

Solution 37: 
10 3
10 6
14 5
4 11
7 10
8 15

Solution 38: 
10 3
10 6
14 5
4 11
7 10
8 14

Solution 39: 
10 6
11 1
14 5
4 11
7 10
8 14

Solution 40: 
10 6
11 1
14 5
4 11
7 10
8 15

Solution 41: 
11 1
13 6
14 5
4 11
7 10
8 15

Solution 42: 
11 1
13 5
14 5
4 11
7 10
8 15

Solution 43: 
10 3
13 5
14 5
4 11
7 10
8 15

Solution 44: 
10 3
13 6
14 5
4 11
7 10
8 15

Solution 45: 
10 3
13 6
14 5
4 11
7 10
8 14

Solution 46: 
10 3
13 6
14 5
4 11
5 14
7 10

Solution 47: 
10 3
13 5
14 5
4 11
5 14
7 10

Solution 48: 
10 3
13 5
14 5
4 11
7 10
8 14

Solution 49: 
10 3
13 5
14 5
2 15
4 11
7 10

Solution 50: 
10 3
13 6
14 5
2 15
4 11
7 10

Solution 51: 
10 3
10 6
14 5
2 15
4 11
7 10

Solution 52: 
10 3
11 4
14 5
2 15
4 11
7 10

Solution 53: 
10 3
11 4
14 5
4 11
7 10
8 14

Solution 54: 
10 3
11 4
14 5
4 11
5 14
7 10

Solution 55: 
10 3
11 4
14 5
4 11
7 10
8 15

Solution 56: 
11 4
14 5
4 11
7 10
8 15
9 3

Solution 57: 
11 1
11 4
14 5
4 11
7 10
8 15

Solution 58: 
11 1
11 4
14 5
4 11
7 10
8 14

Solution 59: 
11 1
11 4
14 5
2 15
4 11
7 10

Solution 60: 
11 4
14 5
2 15
4 11
7 10
9 3

Solution 61: 
11 4
14 5
4 11
7 10
8 14
9 3

Solution 62: 
11 4
14 5
4 11
5 14
7 10
9 3

Solution 63: 
11 1
11 4
14 5
4 11
5 14
7 10

Solution 64: 
11 1
13 6
14 5
4 11
5 14
7 10

Solution 65: 
11 1
13 5
14 5
4 11
5 14
7 10

Solution 66: 
11 1
13 5
14 5
4 11
7 10
8 14

Solution 67: 
11 1
13 6
14 5
4 11
7 10
8 14

Solution 68: 
11 1
13 6
14 5
2 15
4 11
7 10

Solution 69: 
10 6
11 1
14 5
2 15
4 11
7 10

Solution 70: 
11 1
13 5
14 5
2 15
4 11
7 10

Solution 71: 
10 6
14 5
2 15
4 11
7 10
9 3

Solution 72: 
10 6
15 4
2 15
4 11
7 10
9 3

Solution 73: 
10 6
15 4
4 11
7 10
8 15
9 3

Solution 74: 
10 6
15 4
4 11
7 10
8 14
9 3

Solution 75: 
11 4
15 4
4 11
7 10
8 14
9 3

Solution 76: 
11 4
15 4
2 15
4 11
7 10
9 3

Solution 77: 
11 4
15 4
4 11
7 10
8 15
9 3

Solution 78: 
11 4
15 4
4 11
5 14
7 10
9 3

Solution 79: 
10 6
15 4
4 11
5 14
7 10
9 3

Solution 80: 
11 4
15 10
4 11
5 14
7 10
9 3

Solution 81: 
11 4
14 8
4 11
5 14
7 10
9 3

Solution 82: 
11 4
14 8
2 15
4 11
7 10
9 3

Solution 83: 
11 4
14 8
4 11
7 10
8 15
9 3

Solution 84: 
11 4
14 8
4 11
7 10
8 14
9 3

Solution 85: 
11 4
15 10
4 11
7 10
8 14
9 3

Solution 86: 
11 4
15 10
4 11
7 10
8 15
9 3

Solution 87: 
11 4
15 10
2 15
4 11
7 10
9 3

Solution 88: 
10 3
11 4
15 10
2 15
4 11
7 10

Solution 89: 
10 3
11 4
14 8
2 15
4 11
7 10

Solution 90: 
10 3
11 4
15 4
2 15
4 11
7 10

Solution 91: 
10 3
11 4
15 4
4 11
7 10
8 14

Solution 92: 
10 3
11 4
15 4
4 11
7 10
8 15

Solution 93: 
10 3
11 4
15 4
4 11
5 14
7 10

Solution 94: 
10 3
11 4
14 8
4 11
5 14
7 10

Solution 95: 
10 3
11 4
15 10
4 11
5 14
7 10

Solution 96: 
10 3
11 4
15 10
4 11
7 10
8 14

Solution 97: 
10 3
11 4
14 8
4 11
7 10
8 14

Solution 98: 
10 3
11 4
14 8
4 11
7 10
8 15

Solution 99: 
10 3
11 4
15 10
4 11
7 10
8 15

Solution 100: 
11 1
11 4
15 10
4 11
7 10
8 15

Solution 101: 
11 1
11 4
15 10
4 11
7 10
8 14

Solution 102: 
11 1
11 4
15 10
2 15
4 11
7 10

Solution 103: 
11 1
11 4
15 10
4 11
5 14
7 10

Solution 104: 
11 1
11 4
14 8
4 11
5 14
7 10

Solution 105: 
11 1
11 4
15 4
4 11
5 14
7 10

Solution 106: 
11 1
11 4
15 4
4 11
7 10
8 14

Solution 107: 
11 1
11 4
15 4
4 11
7 10
8 15

Solution 108: 
11 1
11 4
15 4
2 15
4 11
7 10

Solution 109: 
11 1
11 4
14 8
2 15
4 11
7 10

Solution 110: 
11 1
11 4
14 8
4 11
7 10
8 14

Solution 111: 
11 1
11 4
14 8
4 11
7 10
8 15

Solution 112: 
11 1
13 5
14 8
4 11
7 10
8 15

Solution 113: 
11 1
13 5
14 8
4 11
5 14
7 10

Solution 114: 
11 1
13 5
14 8
4 11
7 10
8 14

Solution 115: 
11 1
13 5
15 10
4 11
7 10
8 14

Solution 116: 
11 1
13 5
15 10
4 11
7 10
8 15

Solution 117: 
11 1
13 5
15 4
4 11
7 10
8 15

Solution 118: 
11 1
13 5
15 4
4 11
7 10
8 14

Solution 119: 
11 1
13 5
15 4
4 11
5 14
7 10

Solution 120: 
11 1
13 5
15 10
4 11
5 14
7 10

Solution 121: 
10 6
11 1
15 4
4 11
5 14
7 10

Solution 122: 
11 1
13 6
15 4
4 11
5 14
7 10

Solution 123: 
11 1
13 6
15 4
4 11
7 10
8 15

Solution 124: 
11 1
13 6
15 4
4 11
7 10
8 14

Solution 125: 
11 1
13 6
15 4
2 15
4 11
7 10

Solution 126: 
10 6
11 1
15 4
2 15
4 11
7 10

Solution 127: 
10 6
11 1
15 4
4 11
7 10
8 15

Solution 128: 
10 6
11 1
15 4
4 11
7 10
8 14

Solution 129: 
11 1
13 5
15 4
2 15
4 11
7 10

Solution 130: 
11 1
13 5
14 8
2 15
4 11
7 10

Solution 131: 
11 1
13 5
15 10
2 15
4 11
7 10

Solution 132: 
10 3
13 5
15 10
2 15
4 11
7 10

Solution 133: 
10 3
13 5
14 8
2 15
4 11
7 10

Solution 134: 
10 3
13 5
14 8
4 11
7 10
8 15

Solution 135: 
10 3
13 5
14 8
4 11
7 10
8 14

Solution 136: 
10 3
13 5
14 8
4 11
5 14
7 10

Solution 137: 
10 3
13 5
15 10
4 11
5 14
7 10

Solution 138: 
10 3
13 5
15 4
4 11
5 14
7 10

Solution 139: 
10 3
13 5
15 4
4 11
7 10
8 15

Solution 140: 
10 3
13 5
15 4
2 15
4 11
7 10

Solution 141: 
10 3
13 5
15 10
4 11
7 10
8 15

Solution 142: 
10 3
13 5
15 10
4 11
7 10
8 14

Solution 143: 
10 3
13 5
15 4
4 11
7 10
8 14

Solution 144: 
10 3
10 6
15 4
4 11
7 10
8 14

Solution 145: 
10 3
13 6
15 4
4 11
7 10
8 14

Solution 146: 
10 3
13 6
15 4
4 11
7 10
8 15

Solution 147: 
10 3
10 6
15 4
4 11
7 10
8 15

Solution 148: 
10 3
10 6
15 4
2 15
4 11
7 10

Solution 149: 
10 3
13 6
15 4
2 15
4 11
7 10

Solution 150: 
10 3
13 6
15 4
4 11
5 14
7 10

Solution 151: 
10 3
10 6
15 4
4 11
5 14
7 10

Solution 152: 
10 3
13 5
14 8
4 11
5 14
6 7

Solution 153: 
10 3
11 4
14 8
4 11
5 14
6 7

Solution 154: 
10 3
11 4
15 10
4 11
5 14
6 7

Solution 155: 
10 3
13 5
15 10
4 11
5 14
6 7

Solution 156: 
10 3
13 5
15 10
2 15
4 11
6 7

Solution 157: 
10 3
13 5
15 10
4 11
6 7
8 14

Solution 158: 
10 3
13 5
15 10
4 11
6 7
8 15

Solution 159: 
10 3
11 4
15 10
4 11
6 7
8 15

Solution 160: 
10 3
11 4
15 10
4 11
6 7
8 14

Solution 161: 
10 3
11 4
15 10
2 15
4 11
6 7

Solution 162: 
10 3
11 4
14 8
2 15
4 11
6 7

Solution 163: 
10 3
11 4
14 8
4 11
6 7
8 14

Solution 164: 
10 3
11 4
14 8
4 11
6 7
8 15

Solution 165: 
10 3
13 5
14 8
4 11
6 7
8 15

Solution 166: 
10 3
13 5
14 8
4 11
6 7
8 14

Solution 167: 
10 3
13 5
14 8
2 15
4 11
6 7

Solution 168: 
11 1
13 5
14 8
2 15
4 11
6 7

Solution 169: 
11 1
11 4
14 8
2 15
4 11
6 7

Solution 170: 
11 4
14 8
2 15
4 11
6 7
9 3

Solution 171: 
11 4
14 8
4 11
6 7
8 14
9 3

Solution 172: 
11 4
14 8
4 11
6 7
8 15
9 3

Solution 173: 
11 4
14 8
4 11
5 14
6 7
9 3

Solution 174: 
11 1
11 4
14 8
4 11
5 14
6 7

Solution 175: 
11 1
11 4
14 8
4 11
6 7
8 15

Solution 176: 
11 1
11 4
14 8
4 11
6 7
8 14

Solution 177: 
11 1
13 5
14 8
4 11
6 7
8 14

Solution 178: 
11 1
13 5
14 8
4 11
6 7
8 15

Solution 179: 
11 1
13 5
14 8
4 11
5 14
6 7

Solution 180: 
11 1
13 5
15 10
4 11
5 14
6 7

Solution 181: 
11 1
13 5
15 10
2 15
4 11
6 7

Solution 182: 
11 1
13 5
15 10
4 11
6 7
8 15

Solution 183: 
11 1
13 5
15 10
4 11
6 7
8 14

Solution 184: 
11 1
11 4
15 10
4 11
6 7
8 14

Solution 185: 
11 1
11 4
15 10
4 11
6 7
8 15

Solution 186: 
11 1
11 4
15 10
4 11
5 14
6 7

Solution 187: 
11 1
11 4
15 10
2 15
4 11
6 7

Solution 188: 
11 4
15 10
2 15
4 11
6 7
9 3

Solution 189: 
11 4
15 10
4 11
6 7
8 14
9 3

Solution 190: 
11 4
15 10
4 11
6 7
8 15
9 3

Solution 191: 
11 4
15 10
4 11
5 14
6 7
9 3

Number of solutions found: 192

Changes at vertices: 
New Vertex: 3 9
4 9 -> 4 2
----------------------------------
Removal 1: 
Solution 0: 
11 4
14 8
2 15
4 11
6 7
9 1

Solution 1: 
11 4
14 8
4 11
5 14
6 7
9 1

Solution 2: 
11 4
14 8
4 11
6 7
8 14
9 1

Solution 3: 
11 4
14 8
4 11
6 7
8 15
9 1

Solution 4: 
11 4
14 8
4 11
7 10
8 15
9 1

Solution 5: 
11 4
14 8
2 15
4 11
7 10
9 1

Solution 6: 
11 4
14 8
4 11
7 10
8 14
9 1

Solution 7: 
11 4
14 8
4 11
5 14
7 10
9 1

Solution 8: 
11 4
14 5
4 11
5 14
7 10
9 1

Solution 9: 
11 4
15 10
4 11
5 14
7 10
9 1

Solution 10: 
11 4
15 4
4 11
5 14
7 10
9 1

Solution 11: 
10 6
15 4
4 11
5 14
7 10
9 1

Solution 12: 
10 6
14 5
4 11
5 14
7 10
9 1

Solution 13: 
10 6
14 5
4 11
7 10
8 14
9 1

Solution 14: 
10 6
14 5
2 15
4 11
7 10
9 1

Solution 15: 
10 6
14 5
4 11
7 10
8 15
9 1

Solution 16: 
10 6
15 4
4 11
7 10
8 15
9 1

Solution 17: 
10 6
15 4
4 11
7 10
8 14
9 1

Solution 18: 
10 6
15 4
2 15
4 11
7 10
9 1

Solution 19: 
11 4
15 4
2 15
4 11
7 10
9 1

Solution 20: 
11 4
15 4
4 11
7 10
8 14
9 1

Solution 21: 
11 4
15 4
4 11
7 10
8 15
9 1

Solution 22: 
11 4
14 5
4 11
7 10
8 15
9 1

Solution 23: 
11 4
15 10
4 11
7 10
8 15
9 1

Solution 24: 
11 4
15 10
2 15
4 11
7 10
9 1

Solution 25: 
11 4
14 5
2 15
4 11
7 10
9 1

Solution 26: 
11 4
14 5
4 11
7 10
8 14
9 1

Solution 27: 
11 4
15 10
4 11
7 10
8 14
9 1

Solution 28: 
11 4
15 10
4 11
6 7
8 14
9 1

Solution 29: 
11 4
15 10
4 11
6 7
8 15
9 1

Solution 30: 
11 4
15 10
2 15
4 11
6 7
9 1

Solution 31: 
11 4
15 10
4 11
5 14
6 7
9 1

Solution 32: 
11 4
15 10
4 11
5 14
6 7
9 3

Solution 33: 
11 4
15 10
4 11
5 14
7 10
9 3

Solution 34: 
11 1
11 4
15 10
4 11
5 14
7 10

Solution 35: 
10 3
11 4
15 10
4 11
5 14
7 10

Solution 36: 
10 3
11 4
15 10
4 11
5 14
6 7

Solution 37: 
11 1
11 4
15 10
4 11
5 14
6 7

Solution 38: 
11 1
13 5
15 10
4 11
5 14
6 7

Solution 39: 
11 1
13 5
15 10
4 11
5 14
7 10

Solution 40: 
10 3
13 5
15 10
4 11
5 14
7 10

Solution 41: 
10 3
13 5
15 10
4 11
5 14
6 7

Solution 42: 
10 3
13 5
14 8
4 11
5 14
6 7

Solution 43: 
10 3
11 4
14 8
4 11
5 14
6 7

Solution 44: 
10 3
11 4
14 8
4 11
5 14
7 10

Solution 45: 
10 3
13 5
14 8
4 11
5 14
7 10

Solution 46: 
10 3
13 5
14 5
4 11
5 14
7 10

Solution 47: 
10 3
13 5
15 4
4 11
5 14
7 10

Solution 48: 
10 3
13 6
15 4
4 11
5 14
7 10

Solution 49: 
10 3
13 6
14 5
4 11
5 14
7 10

Solution 50: 
10 3
10 6
14 5
4 11
5 14
7 10

Solution 51: 
10 3
10 6
15 4
4 11
5 14
7 10

Solution 52: 
10 3
11 4
15 4
4 11
5 14
7 10

Solution 53: 
10 3
11 4
14 5
4 11
5 14
7 10

Solution 54: 
11 4
14 5
4 11
5 14
7 10
9 3

Solution 55: 
11 1
11 4
14 5
4 11
5 14
7 10

Solution 56: 
11 1
11 4
14 8
4 11
5 14
7 10

Solution 57: 
11 1
11 4
15 4
4 11
5 14
7 10

Solution 58: 
11 4
15 4
4 11
5 14
7 10
9 3

Solution 59: 
11 4
14 8
4 11
5 14
7 10
9 3

Solution 60: 
11 4
14 8
4 11
5 14
6 7
9 3

Solution 61: 
11 1
11 4
14 8
4 11
5 14
6 7

Solution 62: 
11 1
13 5
14 8
4 11
5 14
6 7

Solution 63: 
11 1
13 5
14 8
4 11
5 14
7 10

Solution 64: 
11 1
13 5
14 5
4 11
5 14
7 10

Solution 65: 
11 1
13 5
15 4
4 11
5 14
7 10

Solution 66: 
11 1
13 6
15 4
4 11
5 14
7 10

Solution 67: 
11 1
13 6
14 5
4 11
5 14
7 10

Solution 68: 
10 6
11 1
14 5
4 11
5 14
7 10

Solution 69: 
10 6
11 1
15 4
4 11
5 14
7 10

Solution 70: 
10 6
15 4
4 11
5 14
7 10
9 3

Solution 71: 
10 6
14 5
4 11
5 14
7 10
9 3

Solution 72: 
10 6
14 5
4 11
7 10
8 15
9 3

Solution 73: 
10 6
14 5
4 11
7 10
8 14
9 3

Solution 74: 
10 6
14 5
2 15
4 11
7 10
9 3

Solution 75: 
10 6
15 4
2 15
4 11
7 10
9 3

Solution 76: 
10 6
15 4
4 11
7 10
8 15
9 3

Solution 77: 
10 6
15 4
4 11
7 10
8 14
9 3

Solution 78: 
11 4
15 4
4 11
7 10
8 14
9 3

Solution 79: 
11 4
15 10
4 11
7 10
8 14
9 3

Solution 80: 
11 4
14 8
4 11
7 10
8 14
9 3

Solution 81: 
11 4
14 5
4 11
7 10
8 14
9 3

Solution 82: 
11 4
14 5
4 11
7 10
8 15
9 3

Solution 83: 
11 4
14 5
2 15
4 11
7 10
9 3

Solution 84: 
11 4
15 10
2 15
4 11
7 10
9 3

Solution 85: 
11 4
14 8
2 15
4 11
7 10
9 3

Solution 86: 
11 4
15 4
2 15
4 11
7 10
9 3

Solution 87: 
11 4
15 4
4 11
7 10
8 15
9 3

Solution 88: 
11 4
15 10
4 11
7 10
8 15
9 3

Solution 89: 
11 4
14 8
4 11
7 10
8 15
9 3

Solution 90: 
11 4
14 8
4 11
6 7
8 15
9 3

Solution 91: 
11 4
14 8
4 11
6 7
8 14
9 3

Solution 92: 
11 4
15 10
4 11
6 7
8 14
9 3

Solution 93: 
11 4
15 10
4 11
6 7
8 15
9 3

Solution 94: 
11 4
15 10
2 15
4 11
6 7
9 3

Solution 95: 
11 4
14 8
2 15
4 11
6 7
9 3

Solution 96: 
11 1
11 4
14 8
2 15
4 11
6 7

Solution 97: 
11 1
11 4
15 10
2 15
4 11
6 7

Solution 98: 
11 1
11 4
15 10
2 15
4 11
7 10

Solution 99: 
11 1
11 4
14 5
2 15
4 11
7 10

Solution 100: 
11 1
11 4
15 4
2 15
4 11
7 10

Solution 101: 
11 1
11 4
14 8
2 15
4 11
7 10

Solution 102: 
11 1
11 4
14 8
4 11
7 10
8 15

Solution 103: 
11 1
11 4
14 8
4 11
7 10
8 14

Solution 104: 
11 1
11 4
15 4
4 11
7 10
8 14

Solution 105: 
11 1
11 4
14 5
4 11
7 10
8 14

Solution 106: 
11 1
11 4
15 10
4 11
7 10
8 14

Solution 107: 
11 1
11 4
15 10
4 11
7 10
8 15

Solution 108: 
11 1
11 4
14 5
4 11
7 10
8 15

Solution 109: 
11 1
11 4
15 4
4 11
7 10
8 15

Solution 110: 
11 1
11 4
15 10
4 11
6 7
8 15

Solution 111: 
11 1
11 4
14 8
4 11
6 7
8 15

Solution 112: 
11 1
11 4
14 8
4 11
6 7
8 14

Solution 113: 
11 1
11 4
15 10
4 11
6 7
8 14

Solution 114: 
11 1
13 5
15 10
4 11
6 7
8 14

Solution 115: 
11 1
13 5
14 8
4 11
6 7
8 14

Solution 116: 
11 1
13 5
14 8
4 11
7 10
8 14

Solution 117: 
11 1
13 5
15 4
4 11
7 10
8 14

Solution 118: 
11 1
13 5
14 5
4 11
7 10
8 14

Solution 119: 
11 1
13 5
15 10
4 11
7 10
8 14

Solution 120: 
10 6
11 1
14 5
4 11
7 10
8 14

Solution 121: 
11 1
13 6
14 5
4 11
7 10
8 14

Solution 122: 
11 1
13 6
15 4
4 11
7 10
8 14

Solution 123: 
10 6
11 1
15 4
4 11
7 10
8 14

Solution 124: 
10 3
10 6
15 4
4 11
7 10
8 14

Solution 125: 
10 3
11 4
15 4
4 11
7 10
8 14

Solution 126: 
10 3
13 5
15 4
4 11
7 10
8 14

Solution 127: 
10 3
13 6
15 4
4 11
7 10
8 14

Solution 128: 
10 3
13 6
14 5
4 11
7 10
8 14

Solution 129: 
10 3
10 6
14 5
4 11
7 10
8 14

Solution 130: 
10 3
11 4
14 5
4 11
7 10
8 14

Solution 131: 
10 3
13 5
14 5
4 11
7 10
8 14

Solution 132: 
10 3
13 5
15 10
4 11
7 10
8 14

Solution 133: 
10 3
11 4
15 10
4 11
7 10
8 14

Solution 134: 
10 3
11 4
14 8
4 11
7 10
8 14

Solution 135: 
10 3
13 5
14 8
4 11
7 10
8 14

Solution 136: 
10 3
13 5
14 8
4 11
6 7
8 14

Solution 137: 
10 3
11 4
14 8
4 11
6 7
8 14

Solution 138: 
10 3
11 4
15 10
4 11
6 7
8 14

Solution 139: 
10 3
13 5
15 10
4 11
6 7
8 14

Solution 140: 
10 3
13 5
15 10
4 11
6 7
8 15

Solution 141: 
10 3
13 5
15 10
2 15
4 11
6 7

Solution 142: 
10 3
11 4
15 10
2 15
4 11
6 7

Solution 143: 
10 3
11 4
15 10
4 11
6 7
8 15

Solution 144: 
10 3
11 4
14 8
4 11
6 7
8 15

Solution 145: 
10 3
13 5
14 8
4 11
6 7
8 15

Solution 146: 
10 3
13 5
14 8
2 15
4 11
6 7

Solution 147: 
10 3
11 4
14 8
2 15
4 11
6 7

Solution 148: 
10 3
11 4
14 8
2 15
4 11
7 10

Solution 149: 
10 3
13 5
14 8
2 15
4 11
7 10

Solution 150: 
10 3
13 5
14 5
2 15
4 11
7 10

Solution 151: 
10 3
13 5
15 4
2 15
4 11
7 10

Solution 152: 
10 3
13 5
15 10
2 15
4 11
7 10

Solution 153: 
10 3
11 4
15 10
2 15
4 11
7 10

Solution 154: 
10 3
11 4
14 5
2 15
4 11
7 10

Solution 155: 
10 3
10 6
14 5
2 15
4 11
7 10

Solution 156: 
10 3
13 6
14 5
2 15
4 11
7 10

Solution 157: 
10 3
13 6
15 4
2 15
4 11
7 10

Solution 158: 
10 3
10 6
15 4
2 15
4 11
7 10

Solution 159: 
10 3
11 4
15 4
2 15
4 11
7 10

Solution 160: 
10 3
11 4
15 4
4 11
7 10
8 15

Solution 161: 
10 3
11 4
15 10
4 11
7 10
8 15

Solution 162: 
10 3
11 4
14 5
4 11
7 10
8 15

Solution 163: 
10 3
11 4
14 8
4 11
7 10
8 15

Solution 164: 
10 3
13 5
14 8
4 11
7 10
8 15

Solution 165: 
10 3
13 5
15 4
4 11
7 10
8 15

Solution 166: 
10 3
13 6
15 4
4 11
7 10
8 15

Solution 167: 
10 3
10 6
15 4
4 11
7 10
8 15

Solution 168: 
10 3
13 5
15 10
4 11
7 10
8 15

Solution 169: 
10 3
13 5
14 5
4 11
7 10
8 15

Solution 170: 
10 3
13 6
14 5
4 11
7 10
8 15

Solution 171: 
10 3
10 6
14 5
4 11
7 10
8 15

Solution 172: 
10 6
11 1
14 5
4 11
7 10
8 15

Solution 173: 
11 1
13 6
14 5
4 11
7 10
8 15

Solution 174: 
11 1
13 5
14 5
4 11
7 10
8 15

Solution 175: 
11 1
13 5
15 10
4 11
7 10
8 15

Solution 176: 
11 1
13 5
14 8
4 11
7 10
8 15

Solution 177: 
11 1
13 5
15 4
4 11
7 10
8 15

Solution 178: 
11 1
13 6
15 4
4 11
7 10
8 15

Solution 179: 
10 6
11 1
15 4
4 11
7 10
8 15

Solution 180: 
10 6
11 1
15 4
2 15
4 11
7 10

Solution 181: 
11 1
13 6
15 4
2 15
4 11
7 10

Solution 182: 
11 1
13 5
15 4
2 15
4 11
7 10

Solution 183: 
11 1
13 5
15 10
2 15
4 11
7 10

Solution 184: 
11 1
13 5
14 8
2 15
4 11
7 10

Solution 185: 
11 1
13 5
14 5
2 15
4 11
7 10

Solution 186: 
11 1
13 6
14 5
2 15
4 11
7 10

Solution 187: 
10 6
11 1
14 5
2 15
4 11
7 10

Solution 188: 
11 1
13 5
14 8
2 15
4 11
6 7

Solution 189: 
11 1
13 5
15 10
2 15
4 11
6 7

Solution 190: 
11 1
13 5
15 10
4 11
6 7
8 15

Solution 191: 
11 1
13 5
14 8
4 11
6 7
8 15

Number of solutions found: 192

Changes at vertices: 
6 8 -> 6 7
New Vertex: 12 8
----------------------------------
Removal 2: 
Solution 0: 
1 13
11 4
14 8
2 15
6 11
9 1

Solution 1: 
11 4
14 8
2 13
2 15
6 11
9 1

Solution 2: 
11 4
14 8
2 15
4 9
6 11
9 1

Solution 3: 
11 4
14 8
2 15
4 11
6 11
9 1

Solution 4: 
11 4
14 8
2 15
4 11
7 12
9 1

Solution 5: 
1 13
11 4
14 8
2 15
7 12
9 1

Solution 6: 
11 4
14 8
2 13
2 15
7 12
9 1

Solution 7: 
11 4
14 8
2 15
4 9
7 12
9 1

Solution 8: 
11 4
14 8
4 9
5 14
7 12
9 1

Solution 9: 
11 4
15 10
4 9
5 14
7 12
9 1

Solution 10: 
11 4
15 10
2 15
4 9
7 12
9 1

Solution 11: 
11 4
15 10
2 13
2 15
7 12
9 1

Solution 12: 
11 4
15 10
2 15
4 11
7 12
9 1

Solution 13: 
1 13
11 4
15 10
2 15
7 12
9 1

Solution 14: 
1 9
11 4
15 10
2 15
7 12
9 1

Solution 15: 
1 9
11 4
14 8
2 15
7 12
9 1

Solution 16: 
1 9
11 4
14 8
2 15
6 11
9 1

Solution 17: 
1 9
11 4
15 10
2 15
6 11
9 1

Solution 18: 
11 4
15 10
2 15
4 9
6 11
9 1

Solution 19: 
11 4
15 10
2 13
2 15
6 11
9 1

Solution 20: 
1 13
11 4
15 10
2 15
6 11
9 1

Solution 21: 
11 4
15 10
2 15
4 11
6 11
9 1

Solution 22: 
11 4
15 10
2 15
4 11
7 10
9 1

Solution 23: 
11 4
15 4
2 15
4 11
7 10
9 1

Solution 24: 
11 4
14 8
2 15
4 11
7 10
9 1

Solution 25: 
11 4
14 5
2 15
4 11
7 10
9 1

Solution 26: 
11 4
14 5
2 15
4 11
6 8
9 1

Solution 27: 
11 4
15 4
2 15
4 11
6 8
9 1

Solution 28: 
11 4
14 8
2 15
4 11
6 8
9 1

Solution 29: 
11 4
15 10
2 15
4 11
6 8
9 1

Solution 30: 
10 6
14 5
2 15
4 11
6 8
9 1

Solution 31: 
10 6
15 4
2 15
4 11
6 8
9 1

Solution 32: 
10 6
15 4
2 15
4 11
7 10
9 1

Solution 33: 
10 6
14 5
2 15
4 11
7 10
9 1

Solution 34: 
10 6
14 5
4 11
7 10
8 14
9 1

Solution 35: 
10 6
14 5
4 11
7 10
8 15
9 1

Solution 36: 
10 6
14 5
4 11
5 14
7 10
9 1

Solution 37: 
10 6
15 4
4 11
5 14
7 10
9 1

Solution 38: 
10 6
15 4
4 11
7 10
8 15
9 1

Solution 39: 
10 6
15 4
4 11
7 10
8 14
9 1

Solution 40: 
10 6
15 4
4 11
6 8
8 14
9 1

Solution 41: 
10 6
15 4
4 11
5 14
6 8
9 1

Solution 42: 
10 6
15 4
4 11
6 8
8 15
9 1

Solution 43: 
10 6
14 5
4 11
6 8
8 15
9 1

Solution 44: 
10 6
14 5
4 11
5 14
6 8
9 1

Solution 45: 
10 6
14 5
4 11
6 8
8 14
9 1

Solution 46: 
11 4
14 5
4 11
6 8
8 14
9 1

Solution 47: 
11 4
14 5
4 11
6 8
8 15
9 1

Solution 48: 
11 4
14 5
4 11
5 14
6 8
9 1

Solution 49: 
11 4
14 5
4 11
5 14
7 10
9 1

Solution 50: 
11 4
14 5
4 11
7 10
8 15
9 1

Solution 51: 
11 4
14 5
4 11
7 10
8 14
9 1

Solution 52: 
11 4
15 4
4 11
7 10
8 14
9 1

Solution 53: 
11 4
15 4
4 11
7 10
8 15
9 1

Solution 54: 
11 4
14 8
4 11
7 10
8 15
9 1

Solution 55: 
11 4
15 10
4 11
7 10
8 15
9 1

Solution 56: 
11 4
15 10
4 11
7 10
8 14
9 1

Solution 57: 
11 4
14 8
4 11
7 10
8 14
9 1

Solution 58: 
11 4
14 8
4 11
5 14
7 10
9 1

Solution 59: 
11 4
15 10
4 11
5 14
7 10
9 1

Solution 60: 
11 4
15 4
4 11
5 14
7 10
9 1

Solution 61: 
11 4
15 4
4 11
5 14
6 8
9 1

Solution 62: 
11 4
15 4
4 11
6 8
8 14
9 1

Solution 63: 
11 4
15 4
4 11
6 8
8 15
9 1

Solution 64: 
11 4
14 8
4 11
6 8
8 15
9 1

Solution 65: 
11 4
15 10
4 11
6 8
8 15
9 1

Solution 66: 
11 4
15 10
4 11
6 8
8 14
9 1

Solution 67: 
11 4
14 8
4 11
6 8
8 14
9 1

Solution 68: 
11 4
14 8
4 11
5 14
6 8
9 1

Solution 69: 
11 4
15 10
4 11
5 14
6 8
9 1

Solution 70: 
11 4
15 10
4 11
5 14
7 12
9 1

Solution 71: 
11 4
15 10
4 11
5 14
6 11
9 1

Solution 72: 
11 4
15 10
4 9
5 14
6 11
9 1

Solution 73: 
1 13
11 4
15 10
5 14
6 11
9 1

Solution 74: 
1 13
11 4
15 10
5 14
7 12
9 1

Solution 75: 
1 9
11 4
15 10
5 14
7 12
9 1

Solution 76: 
1 9
11 4
15 10
5 14
6 11
9 1

Solution 77: 
11 4
15 10
2 13
5 14
6 11
9 1

Solution 78: 
11 4
15 10
2 13
5 14
7 12
9 1

Solution 79: 
11 4
15 10
2 13
7 12
8 14
9 1

Solution 80: 
11 4
15 10
2 13
7 12
8 15
9 1

Solution 81: 
11 4
15 10
2 13
6 11
8 15
9 1

Solution 82: 
11 4
15 10
2 13
6 11
8 14
9 1

Solution 83: 
11 4
15 10
4 11
6 11
8 14
9 1

Solution 84: 
11 4
15 10
4 11
6 11
8 15
9 1

Solution 85: 
11 4
15 10
4 11
7 12
8 15
9 1

Solution 86: 
11 4
15 10
4 11
7 12
8 14
9 1

Solution 87: 
11 4
14 8
4 11
7 12
8 14
9 1

Solution 88: 
11 4
14 8
4 11
6 11
8 14
9 1

Solution 89: 
11 4
14 8
4 11
6 11
8 15
9 1

Solution 90: 
11 4
14 8
4 11
5 14
6 11
9 1

Solution 91: 
11 4
14 8
4 11
5 14
7 12
9 1

Solution 92: 
11 4
14 8
4 11
7 12
8 15
9 1

Solution 93: 
1 13
11 4
14 8
5 14
7 12
9 1

Solution 94: 
1 9
11 4
14 8
5 14
7 12
9 1

Solution 95: 
1 9
11 4
14 8
5 14
6 11
9 1

Solution 96: 
11 4
14 8
4 9
5 14
6 11
9 1

Solution 97: 
1 13
11 4
14 8
5 14
6 11
9 1

Solution 98: 
11 4
14 8
2 13
5 14
6 11
9 1

Solution 99: 
11 4
14 8
2 13
5 14
7 12
9 1

Solution 100: 
11 4
14 8
2 13
7 12
8 14
9 1

Solution 101: 
11 4
14 8
2 13
7 12
8 15
9 1

Solution 102: 
11 4
14 8
2 13
6 11
8 15
9 1

Solution 103: 
11 4
14 8
2 13
6 11
8 14
9 1

Solution 104: 
11 4
14 8
2 13
6 11
8 14
9 3

Solution 105: 
10 3
11 4
14 8
2 13
6 11
8 14

Solution 106: 
11 1
11 4
14 8
2 13
6 11
8 14

Solution 107: 
11 1
11 4
14 8
2 13
2 15
6 11

Solution 108: 
11 1
11 4
14 8
2 13
6 11
8 15

Solution 109: 
11 1
11 4
14 8
2 13
5 14
6 11

Solution 110: 
11 4
14 8
2 13
5 14
6 11
9 3

Solution 111: 
10 3
11 4
14 8
2 13
5 14
6 11

Solution 112: 
10 3
11 4
14 8
2 13
6 11
8 15

Solution 113: 
11 4
14 8
2 13
6 11
8 15
9 3

Solution 114: 
11 4
14 8
2 13
2 15
6 11
9 3

Solution 115: 
10 3
11 4
14 8
2 13
2 15
6 11

Solution 116: 
10 3
11 4
15 10
2 13
2 15
6 11

Solution 117: 
10 3
11 4
15 10
2 13
6 11
8 15

Solution 118: 
10 3
11 4
15 10
2 13
5 14
6 11

Solution 119: 
10 3
11 4
15 10
2 13
6 11
8 14

Solution 120: 
11 4
15 10
2 13
6 11
8 14
9 3

Solution 121: 
11 1
11 4
15 10
2 13
6 11
8 14

Solution 122: 
11 1
11 4
15 10
2 13
5 14
6 11

Solution 123: 
11 1
11 4
15 10
2 13
2 15
6 11

Solution 124: 
11 1
11 4
15 10
2 13
6 11
8 15

Solution 125: 
11 4
15 10
2 13
6 11
8 15
9 3

Solution 126: 
11 4
15 10
2 13
5 14
6 11
9 3

Solution 127: 
11 4
15 10
2 13
2 15
6 11
9 3

Solution 128: 
11 4
15 10
2 13
2 15
7 12
9 3

Solution 129: 
10 3
11 4
15 10
2 13
2 15
7 12

Solution 130: 
10 3
11 4
15 10
2 13
5 14
7 12

Solution 131: 
11 4
15 10
2 13
5 14
7 12
9 3

Solution 132: 
11 4
15 10
2 13
7 12
8 14
9 3

Solution 133: 
10 3
11 4
15 10
2 13
7 12
8 14

Solution 134: 
11 1
11 4
15 10
2 13
7 12
8 14

Solution 135: 
11 1
11 4
15 10
2 13
5 14
7 12

Solution 136: 
11 1
11 4
15 10
2 13
2 15
7 12

Solution 137: 
11 1
11 4
15 10
2 13
7 12
8 15

Solution 138: 
11 1
11 4
14 8
2 13
7 12
8 15

Solution 139: 
11 1
11 4
14 8
2 13
2 15
7 12

Solution 140: 
11 1
11 4
14 8
2 13
5 14
7 12

Solution 141: 
11 1
11 4
14 8
2 13
7 12
8 14

Solution 142: 
11 1
11 4
14 8
4 11
7 12
8 14

Solution 143: 
11 1
11 4
15 10
4 11
7 12
8 14

Solution 144: 
11 1
11 4
15 10
4 11
7 12
8 15

Solution 145: 
11 1
11 4
15 10
4 11
5 14
7 12

Solution 146: 
11 1
11 4
15 10
2 15
4 11
7 12

Solution 147: 
11 1
11 4
14 8
2 15
4 11
7 12

Solution 148: 
11 1
11 4
14 8
4 11
7 12
8 15

Solution 149: 
11 1
11 4
14 8
4 11
5 14
7 12

Solution 150: 
11 1
11 4
14 8
4 9
5 14
7 12

Solution 151: 
1 9
11 1
11 4
14 8
5 14
7 12

Solution 152: 
1 13
11 1
11 4
14 8
5 14
7 12

Solution 153: 
1 13
11 1
11 4
14 8
2 15
7 12

Solution 154: 
1 9
11 1
11 4
14 8
2 15
7 12

Solution 155: 
11 1
11 4
14 8
2 15
4 9
7 12

Solution 156: 
11 1
11 4
15 10
2 15
4 9
7 12

Solution 157: 
1 9
11 1
11 4
15 10
2 15
7 12

Solution 158: 
1 13
11 1
11 4
15 10
2 15
7 12

Solution 159: 
1 13
11 1
11 4
15 10
5 14
7 12

Solution 160: 
1 9
11 1
11 4
15 10
5 14
7 12

Solution 161: 
11 1
11 4
15 10
4 9
5 14
7 12

Solution 162: 
11 1
11 4
15 10
4 9
5 14
6 11

Solution 163: 
11 1
11 4
15 10
2 15
4 9
6 11

Solution 164: 
11 1
11 4
14 8
2 15
4 9
6 11

Solution 165: 
11 1
11 4
14 8
4 9
5 14
6 11

Solution 166: 
1 9
11 1
11 4
14 8
5 14
6 11

Solution 167: 
1 13
11 1
11 4
14 8
5 14
6 11

Solution 168: 
1 13
11 1
11 4
14 8
2 15
6 11

Solution 169: 
1 9
11 1
11 4
14 8
2 15
6 11

Solution 170: 
11 1
11 4
14 8
2 15
4 11
6 11

Solution 171: 
11 1
11 4
14 8
2 15
4 11
6 8

Solution 172: 
11 1
11 4
14 8
2 15
4 11
7 10

Solution 173: 
11 1
11 4
14 8
4 11
7 10
8 15

Solution 174: 
11 1
11 4
14 8
4 11
7 10
8 14

Solution 175: 
11 1
11 4
14 8
4 11
5 14
7 10

Solution 176: 
11 1
11 4
14 8
4 11
5 14
6 8

Solution 177: 
11 1
11 4
14 8
4 11
5 14
6 11

Solution 178: 
11 1
11 4
14 8
4 11
6 11
8 15

Solution 179: 
11 1
11 4
14 8
4 11
6 11
8 14

Solution 180: 
11 1
11 4
14 8
4 11
6 8
8 14

Solution 181: 
11 1
11 4
14 8
4 11
6 8
8 15

Solution 182: 
11 1
11 4
15 4
4 11
6 8
8 15

Solution 183: 
11 1
11 4
14 5
4 11
6 8
8 15

Solution 184: 
11 1
11 4
15 10
4 11
6 8
8 15

Solution 185: 
11 1
11 4
15 10
4 11
6 8
8 14

Solution 186: 
11 1
11 4
15 4
4 11
6 8
8 14

Solution 187: 
11 1
11 4
14 5
4 11
6 8
8 14

Solution 188: 
11 1
11 4
14 5
4 11
7 10
8 14

Solution 189: 
11 1
11 4
15 4
4 11
7 10
8 14

Solution 190: 
11 1
11 4
15 4
4 11
7 10
8 15

Solution 191: 
11 1
11 4
14 5
4 11
7 10
8 15

Solution 192: 
11 1
11 4
14 5
2 15
4 11
7 10

Solution 193: 
11 1
11 4
14 5
4 11
5 14
7 10

Solution 194: 
11 1
11 4
15 4
4 11
5 14
7 10

Solution 195: 
11 1
11 4
15 4
2 15
4 11
7 10

Solution 196: 
11 1
11 4
15 4
2 15
4 11
6 8

Solution 197: 
11 1
11 4
14 5
2 15
4 11
6 8

Solution 198: 
11 1
11 4
14 5
4 11
5 14
6 8

Solution 199: 
11 1
11 4
15 4
4 11
5 14
6 8

Solution 200: 
11 1
11 4
15 10
4 11
5 14
6 8

Solution 201: 
11 1
11 4
15 10
4 11
5 14
6 11

Solution 202: 
11 1
11 4
15 10
4 11
5 14
7 10

Solution 203: 
11 1
11 4
15 10
4 11
7 10
8 14

Solution 204: 
11 1
11 4
15 10
2 15
4 11
7 10

Solution 205: 
11 1
11 4
15 10
4 11
7 10
8 15

Solution 206: 
11 1
11 4
15 10
4 11
6 11
8 15

Solution 207: 
11 1
11 4
15 10
4 11
6 11
8 14

Solution 208: 
11 1
11 4
15 10
2 15
4 11
6 11

Solution 209: 
11 1
11 4
15 10
2 15
4 11
6 8

Solution 210: 
1 9
11 1
11 4
15 10
2 15
6 11

Solution 211: 
1 13
11 1
11 4
15 10
2 15
6 11

Solution 212: 
1 13
11 1
11 4
15 10
5 14
6 11

Solution 213: 
1 9
11 1
11 4
15 10
5 14
6 11

Solution 214: 
1 9
11 1
13 5
15 10
5 14
6 11

Solution 215: 
1 9
11 1
13 5
15 10
5 14
7 12

Solution 216: 
1 9
11 1
13 5
14 8
5 14
7 12

Solution 217: 
1 9
11 1
13 5
14 8
5 14
6 11

Solution 218: 
1 9
11 1
13 5
14 8
2 15
6 11

Solution 219: 
1 9
11 1
13 5
15 10
2 15
6 11

Solution 220: 
1 9
11 1
13 5
15 10
2 15
7 12

Solution 221: 
1 9
11 1
13 5
14 8
2 15
7 12

Solution 222: 
11 1
13 5
14 8
2 15
4 9
7 12

Solution 223: 
1 13
11 1
13 5
14 8
2 15
7 12

Solution 224: 
11 1
13 5
14 8
2 13
2 15
7 12

Solution 225: 
11 1
13 5
14 8
2 13
5 14
7 12

Solution 226: 
11 1
13 5
14 8
2 13
7 12
8 14

Solution 227: 
11 1
13 5
14 8
2 13
7 12
8 15

Solution 228: 
11 1
13 5
14 8
4 11
7 12
8 15

Solution 229: 
11 1
13 5
14 8
4 11
7 12
8 14

Solution 230: 
11 1
13 5
14 8
4 11
5 14
7 12

Solution 231: 
11 1
13 5
14 8
2 15
4 11
7 12

Solution 232: 
1 13
11 1
13 5
14 8
5 14
7 12

Solution 233: 
11 1
13 5
14 8
4 9
5 14
7 12

Solution 234: 
11 1
13 5
15 10
4 9
5 14
7 12

Solution 235: 
1 13
11 1
13 5
15 10
5 14
7 12

Solution 236: 
11 1
13 5
15 10
2 13
5 14
7 12

Solution 237: 
11 1
13 5
15 10
4 11
5 14
7 12

Solution 238: 
11 1
13 5
15 10
4 11
7 12
8 14

Solution 239: 
11 1
13 5
15 10
2 15
4 11
7 12

Solution 240: 
11 1
13 5
15 10
4 11
7 12
8 15

Solution 241: 
11 1
13 5
15 10
2 13
7 12
8 15

Solution 242: 
11 1
13 5
15 10
2 13
7 12
8 14

Solution 243: 
11 1
13 5
15 10
2 13
2 15
7 12

Solution 244: 
1 13
11 1
13 5
15 10
2 15
7 12

Solution 245: 
11 1
13 5
15 10
2 15
4 9
7 12

Solution 246: 
11 1
13 5
15 10
2 15
4 9
6 11

Solution 247: 
1 13
11 1
13 5
15 10
2 15
6 11

Solution 248: 
11 1
13 5
15 10
2 13
2 15
6 11

Solution 249: 
11 1
13 5
15 10
2 15
4 11
6 11

Solution 250: 
11 1
13 5
15 10
2 15
4 11
7 10

Solution 251: 
11 1
13 5
15 10
2 15
4 11
6 8

Solution 252: 
11 1
13 5
15 10
4 11
6 8
8 14

Solution 253: 
11 1
13 5
15 10
4 11
5 14
6 8

Solution 254: 
11 1
13 5
15 10
4 11
6 8
8 15

Solution 255: 
11 1
13 5
15 10
4 11
7 10
8 15

Solution 256: 
11 1
13 5
15 10
4 11
6 11
8 15

Solution 257: 
11 1
13 5
15 10
4 11
5 14
6 11

Solution 258: 
11 1
13 5
15 10
4 11
5 14
7 10

Solution 259: 
11 1
13 5
15 10
4 11
7 10
8 14

Solution 260: 
11 1
13 5
15 10
4 11
6 11
8 14

Solution 261: 
1 13
11 1
13 5
15 10
5 14
6 11

Solution 262: 
11 1
13 5
15 10
4 9
5 14
6 11

Solution 263: 
11 1
13 5
15 10
2 13
5 14
6 11

Solution 264: 
11 1
13 5
15 10
2 13
6 11
8 15

Solution 265: 
11 1
13 5
15 10
2 13
6 11
8 14

Solution 266: 
10 3
13 5
15 10
2 13
6 11
8 14

Solution 267: 
10 3
13 5
15 10
2 13
2 15
6 11

Solution 268: 
10 3
13 5
15 10
2 13
6 11
8 15

Solution 269: 
10 3
13 5
15 10
2 13
5 14
6 11

Solution 270: 
10 3
13 5
15 10
2 13
5 14
7 12

Solution 271: 
10 3
13 5
15 10
2 13
2 15
7 12

Solution 272: 
10 3
13 5
15 10
2 13
7 12
8 15

Solution 273: 
10 3
13 5
15 10
2 13
7 12
8 14

Solution 274: 
1 9
10 3
13 5
15 10
2 15
7 12

Solution 275: 
1 13
10 3
13 5
15 10
2 15
7 12

Solution 276: 
10 3
13 5
15 10
2 15
4 9
7 12

Solution 277: 
10 3
13 5
15 10
4 9
5 14
7 12

Solution 278: 
1 9
10 3
13 5
15 10
5 14
7 12

Solution 279: 
1 13
10 3
13 5
15 10
5 14
7 12

Solution 280: 
10 3
13 5
15 10
4 11
5 14
7 12

Solution 281: 
10 3
13 5
15 10
4 11
7 12
8 14

Solution 282: 
10 3
13 5
15 10
2 15
4 11
7 12

Solution 283: 
10 3
13 5
15 10
4 11
7 12
8 15

Solution 284: 
10 3
13 5
15 10
4 11
6 8
8 15

Solution 285: 
10 3
13 5
15 10
4 11
7 10
8 15

Solution 286: 
10 3
13 5
15 10
4 11
6 11
8 15

Solution 287: 
10 3
13 5
15 10
4 11
6 11
8 14

Solution 288: 
10 3
13 5
15 10
4 11
6 8
8 14

Solution 289: 
10 3
13 5
15 10
4 11
7 10
8 14

Solution 290: 
10 3
13 5
15 10
4 11
5 14
7 10

Solution 291: 
10 3
13 5
15 10
4 11
5 14
6 8

Solution 292: 
10 3
13 5
15 10
4 11
5 14
6 11

Solution 293: 
10 3
13 5
15 10
2 15
4 11
6 11

Solution 294: 
10 3
13 5
15 10
2 15
4 11
6 8

Solution 295: 
10 3
13 5
15 10
2 15
4 11
7 10

Solution 296: 
10 3
13 5
15 10
2 15
4 9
6 11

Solution 297: 
1 9
10 3
13 5
15 10
2 15
6 11

Solution 298: 
1 13
10 3
13 5
15 10
2 15
6 11

Solution 299: 
1 13
10 3
13 5
15 10
5 14
6 11

Solution 300: 
1 9
10 3
13 5
15 10
5 14
6 11

Solution 301: 
10 3
13 5
15 10
4 9
5 14
6 11

Solution 302: 
10 3
11 4
15 10
4 9
5 14
6 11

Solution 303: 
11 4
15 10
4 9
5 14
6 11
9 3

Solution 304: 
11 4
15 10
2 15
4 9
6 11
9 3

Solution 305: 
10 3
11 4
15 10
2 15
4 9
6 11

Solution 306: 
10 3
11 4
15 10
2 15
4 9
7 12

Solution 307: 
11 4
15 10
2 15
4 9
7 12
9 3

Solution 308: 
11 4
15 10
4 9
5 14
7 12
9 3

Solution 309: 
10 3
11 4
15 10
4 9
5 14
7 12

Solution 310: 
1 9
10 3
11 4
15 10
5 14
7 12

Solution 311: 
1 13
10 3
11 4
15 10
5 14
7 12

Solution 312: 
1 13
11 4
15 10
5 14
7 12
9 3

Solution 313: 
1 9
11 4
15 10
5 14
7 12
9 3

Solution 314: 
11 4
15 10
4 11
5 14
7 12
9 3

Solution 315: 
10 3
11 4
15 10
4 11
5 14
7 12

Solution 316: 
10 3
11 4
15 10
4 11
7 12
8 14

Solution 317: 
10 3
11 4
15 10
2 15
4 11
7 12

Solution 318: 
10 3
11 4
15 10
4 11
7 12
8 15

Solution 319: 
1 13
10 3
11 4
15 10
2 15
7 12

Solution 320: 
1 9
10 3
11 4
15 10
2 15
7 12

Solution 321: 
10 3
11 4
15 10
2 13
7 12
8 15

Solution 322: 
11 4
15 10
2 13
7 12
8 15
9 3

Solution 323: 
11 4
15 10
4 11
7 12
8 15
9 3

Solution 324: 
11 4
15 10
4 11
7 12
8 14
9 3

Solution 325: 
11 4
15 10
2 15
4 11
7 12
9 3

Solution 326: 
1 9
11 4
15 10
2 15
7 12
9 3

Solution 327: 
1 13
11 4
15 10
2 15
7 12
9 3

Solution 328: 
1 13
11 4
15 10
2 15
6 11
9 3

Solution 329: 
1 13
11 4
15 10
5 14
6 11
9 3

Solution 330: 
1 9
11 4
15 10
5 14
6 11
9 3

Solution 331: 
1 9
11 4
15 10
2 15
6 11
9 3

Solution 332: 
11 4
15 10
2 15
4 11
6 11
9 3

Solution 333: 
11 4
15 10
4 11
6 11
8 14
9 3

Solution 334: 
11 4
15 10
4 11
5 14
6 11
9 3

Solution 335: 
11 4
15 10
4 11
6 11
8 15
9 3

Solution 336: 
11 4
15 10
4 11
7 10
8 15
9 3

Solution 337: 
11 4
15 10
4 11
6 8
8 15
9 3

Solution 338: 
11 4
15 10
4 11
6 8
8 14
9 3

Solution 339: 
11 4
15 10
4 11
5 14
6 8
9 3

Solution 340: 
11 4
15 10
4 11
5 14
7 10
9 3

Solution 341: 
11 4
15 10
4 11
7 10
8 14
9 3

Solution 342: 
11 4
15 10
2 15
4 11
7 10
9 3

Solution 343: 
11 4
15 10
2 15
4 11
6 8
9 3

Solution 344: 
10 3
11 4
15 10
2 15
4 11
6 8

Solution 345: 
10 3
11 4
15 10
4 11
6 8
8 14

Solution 346: 
10 3
11 4
15 10
4 11
5 14
6 8

Solution 347: 
10 3
11 4
15 10
4 11
6 8
8 15

Solution 348: 
10 3
11 4
15 10
4 11
7 10
8 15

Solution 349: 
10 3
11 4
15 10
4 11
6 11
8 15

Solution 350: 
10 3
11 4
15 10
4 11
6 11
8 14

Solution 351: 
10 3
11 4
15 10
4 11
5 14
6 11

Solution 352: 
10 3
11 4
15 10
2 15
4 11
6 11

Solution 353: 
10 3
11 4
15 10
2 15
4 11
7 10

Solution 354: 
10 3
11 4
15 10
4 11
7 10
8 14

Solution 355: 
10 3
11 4
15 10
4 11
5 14
7 10

Solution 356: 
1 9
10 3
11 4
15 10
5 14
6 11

Solution 357: 
1 13
10 3
11 4
15 10
5 14
6 11

Solution 358: 
1 13
10 3
11 4
15 10
2 15
6 11

Solution 359: 
1 9
10 3
11 4
15 10
2 15
6 11

Solution 360: 
1 9
10 3
11 4
14 8
2 15
6 11

Solution 361: 
1 9
10 3
11 4
14 8
5 14
6 11

Solution 362: 
10 3
11 4
14 8
4 9
5 14
6 11

Solution 363: 
1 13
10 3
11 4
14 8
5 14
6 11

Solution 364: 
10 3
11 4
14 8
4 11
5 14
6 11

Solution 365: 
10 3
11 4
14 8
4 11
6 11
8 14

Solution 366: 
10 3
11 4
14 8
4 11
6 11
8 15

Solution 367: 
10 3
11 4
14 8
2 15
4 11
6 11

Solution 368: 
1 13
10 3
11 4
14 8
2 15
6 11

Solution 369: 
10 3
11 4
14 8
2 15
4 9
6 11

Solution 370: 
10 3
11 4
14 8
2 15
4 9
7 12

Solution 371: 
10 3
11 4
14 8
2 13
2 15
7 12

Solution 372: 
1 9
10 3
11 4
14 8
2 15
7 12

Solution 373: 
1 13
10 3
11 4
14 8
2 15
7 12

Solution 374: 
10 3
11 4
14 8
2 15
4 11
7 12

Solution 375: 
10 3
11 4
14 8
4 11
7 12
8 15

Solution 376: 
10 3
11 4
14 8
4 11
7 12
8 14

Solution 377: 
10 3
11 4
14 8
4 11
5 14
7 12

Solution 378: 
10 3
11 4
14 8
4 11
5 14
7 10

Solution 379: 
10 3
11 4
14 8
4 11
5 14
6 8

Solution 380: 
10 3
11 4
14 8
4 11
6 8
8 15

Solution 381: 
10 3
11 4
14 8
4 11
6 8
8 14

Solution 382: 
10 3
11 4
14 8
4 11
7 10
8 14

Solution 383: 
10 3
11 4
14 8
4 11
7 10
8 15

Solution 384: 
10 3
11 4
14 8
2 13
7 12
8 15

Solution 385: 
10 3
11 4
14 8
2 13
7 12
8 14

Solution 386: 
10 3
11 4
14 8
2 13
5 14
7 12

Solution 387: 
1 13
10 3
11 4
14 8
5 14
7 12

Solution 388: 
10 3
11 4
14 8
4 9
5 14
7 12

Solution 389: 
1 9
10 3
11 4
14 8
5 14
7 12

Solution 390: 
10 3
11 4
14 8
2 15
4 11
6 8

Solution 391: 
10 3
11 4
14 8
2 15
4 11
7 10

Solution 392: 
10 3
11 4
15 4
2 15
4 11
7 10

Solution 393: 
10 3
11 4
14 5
2 15
4 11
7 10

Solution 394: 
10 3
11 4
14 5
2 15
4 11
6 8

Solution 395: 
10 3
11 4
15 4
2 15
4 11
6 8

Solution 396: 
10 3
11 4
15 4
4 11
6 8
8 14

Solution 397: 
10 3
11 4
15 4
4 11
5 14
6 8

Solution 398: 
10 3
11 4
15 4
4 11
6 8
8 15

Solution 399: 
10 3
11 4
15 4
4 11
7 10
8 15

Solution 400: 
10 3
11 4
15 4
4 11
7 10
8 14

Solution 401: 
10 3
11 4
15 4
4 11
5 14
7 10

Solution 402: 
10 3
11 4
14 5
4 11
5 14
7 10

Solution 403: 
10 3
11 4
14 5
4 11
5 14
6 8

Solution 404: 
10 3
11 4
14 5
4 11
6 8
8 14

Solution 405: 
10 3
11 4
14 5
4 11
7 10
8 14

Solution 406: 
10 3
11 4
14 5
4 11
7 10
8 15

Solution 407: 
10 3
11 4
14 5
4 11
6 8
8 15

Solution 408: 
10 3
13 5
14 5
4 11
6 8
8 15

Solution 409: 
10 3
10 6
14 5
4 11
6 8
8 15

Solution 410: 
10 3
13 6
14 5
4 11
6 8
8 15

Solution 411: 
10 3
13 6
14 5
4 11
7 10
8 15

Solution 412: 
10 3
13 5
14 5
4 11
7 10
8 15

Solution 413: 
10 3
10 6
14 5
4 11
7 10
8 15

Solution 414: 
10 3
10 6
14 5
4 11
7 10
8 14

Solution 415: 
10 3
10 6
14 5
2 15
4 11
7 10

Solution 416: 
10 3
10 6
14 5
4 11
5 14
7 10

Solution 417: 
10 3
13 6
14 5
4 11
5 14
7 10

Solution 418: 
10 3
13 5
14 5
4 11
5 14
7 10

Solution 419: 
10 3
13 5
14 5
4 11
7 10
8 14

Solution 420: 
10 3
13 6
14 5
4 11
7 10
8 14

Solution 421: 
10 3
13 6
14 5
2 15
4 11
7 10

Solution 422: 
10 3
13 5
14 5
2 15
4 11
7 10

Solution 423: 
10 3
13 5
14 5
2 15
4 11
6 8

Solution 424: 
10 3
13 5
14 5
4 11
6 8
8 14

Solution 425: 
10 3
13 5
14 5
4 11
5 14
6 8

Solution 426: 
10 3
10 6
14 5
4 11
5 14
6 8

Solution 427: 
10 3
13 6
14 5
4 11
5 14
6 8

Solution 428: 
10 3
13 6
14 5
4 11
6 8
8 14

Solution 429: 
10 3
13 6
14 5
2 15
4 11
6 8

Solution 430: 
10 3
10 6
14 5
2 15
4 11
6 8

Solution 431: 
10 3
10 6
14 5
4 11
6 8
8 14

Solution 432: 
10 3
10 6
15 4
4 11
6 8
8 14

Solution 433: 
10 3
10 6
15 4
4 11
6 8
8 15

Solution 434: 
10 3
10 6
15 4
4 11
5 14
6 8

Solution 435: 
10 3
10 6
15 4
2 15
4 11
6 8

Solution 436: 
10 3
10 6
15 4
2 15
4 11
7 10

Solution 437: 
10 3
10 6
15 4
4 11
7 10
8 15

Solution 438: 
10 3
10 6
15 4
4 11
7 10
8 14

Solution 439: 
10 3
10 6
15 4
4 11
5 14
7 10

Solution 440: 
10 3
13 6
15 4
4 11
5 14
7 10

Solution 441: 
10 3
13 6
15 4
4 11
5 14
6 8

Solution 442: 
10 3
13 6
15 4
4 11
6 8
8 15

Solution 443: 
10 3
13 6
15 4
4 11
6 8
8 14

Solution 444: 
10 3
13 6
15 4
2 15
4 11
6 8

Solution 445: 
10 3
13 6
15 4
2 15
4 11
7 10

Solution 446: 
10 3
13 6
15 4
4 11
7 10
8 15

Solution 447: 
10 3
13 6
15 4
4 11
7 10
8 14

Solution 448: 
10 3
13 5
15 4
4 11
7 10
8 14

Solution 449: 
10 3
13 5
15 4
4 11
7 10
8 15

Solution 450: 
10 3
13 5
15 4
4 11
5 14
7 10

Solution 451: 
10 3
13 5
15 4
2 15
4 11
7 10

Solution 452: 
10 3
13 5
15 4
2 15
4 11
6 8

Solution 453: 
10 3
13 5
15 4
4 11
6 8
8 14

Solution 454: 
10 3
13 5
15 4
4 11
6 8
8 15

Solution 455: 
10 3
13 5
15 4
4 11
5 14
6 8

Solution 456: 
10 3
13 5
14 8
4 11
5 14
6 8

Solution 457: 
10 3
13 5
14 8
4 11
5 14
7 10

Solution 458: 
10 3
13 5
14 8
4 11
5 14
7 12

Solution 459: 
10 3
13 5
14 8
4 11
5 14
6 11

Solution 460: 
10 3
13 5
14 8
4 9
5 14
6 11

Solution 461: 
1 9
10 3
13 5
14 8
5 14
6 11

Solution 462: 
1 13
10 3
13 5
14 8
5 14
6 11

Solution 463: 
1 13
10 3
13 5
14 8
5 14
7 12

Solution 464: 
10 3
13 5
14 8
4 9
5 14
7 12

Solution 465: 
1 9
10 3
13 5
14 8
5 14
7 12

Solution 466: 
10 3
13 5
14 8
2 13
5 14
7 12

Solution 467: 
10 3
13 5
14 8
2 13
5 14
6 11

Solution 468: 
10 3
13 5
14 8
2 13
6 11
8 14

Solution 469: 
10 3
13 5
14 8
2 13
6 11
8 15

Solution 470: 
10 3
13 5
14 8
2 13
2 15
6 11

Solution 471: 
10 3
13 5
14 8
2 13
2 15
7 12

Solution 472: 
10 3
13 5
14 8
2 13
7 12
8 14

Solution 473: 
10 3
13 5
14 8
2 13
7 12
8 15

Solution 474: 
10 3
13 5
14 8
4 11
7 12
8 15

Solution 475: 
10 3
13 5
14 8
4 11
7 10
8 15

Solution 476: 
10 3
13 5
14 8
4 11
6 8
8 15

Solution 477: 
10 3
13 5
14 8
4 11
6 11
8 15

Solution 478: 
10 3
13 5
14 8
4 11
6 11
8 14

Solution 479: 
10 3
13 5
14 8
2 15
4 11
6 11

Solution 480: 
10 3
13 5
14 8
2 15
4 11
7 10

Solution 481: 
10 3
13 5
14 8
2 15
4 11
6 8

Solution 482: 
10 3
13 5
14 8
2 15
4 11
7 12

Solution 483: 
10 3
13 5
14 8
4 11
7 12
8 14

Solution 484: 
10 3
13 5
14 8
4 11
7 10
8 14

Solution 485: 
10 3
13 5
14 8
4 11
6 8
8 14

Solution 486: 
1 9
10 3
13 5
14 8
2 15
7 12

Solution 487: 
1 9
10 3
13 5
14 8
2 15
6 11

Solution 488: 
1 13
10 3
13 5
14 8
2 15
6 11

Solution 489: 
1 13
10 3
13 5
14 8
2 15
7 12

Solution 490: 
10 3
13 5
14 8
2 15
4 9
7 12

Solution 491: 
10 3
13 5
14 8
2 15
4 9
6 11

Solution 492: 
11 1
13 5
14 8
2 15
4 9
6 11

Solution 493: 
11 1
13 5
14 8
2 13
2 15
6 11

Solution 494: 
11 1
13 5
14 8
2 15
4 11
6 11

Solution 495: 
1 13
11 1
13 5
14 8
2 15
6 11

Solution 496: 
1 13
11 1
13 5
14 8
5 14
6 11

Solution 497: 
11 1
13 5
14 8
4 11
5 14
6 11

Solution 498: 
11 1
13 5
14 8
4 11
6 11
8 15

Solution 499: 
11 1
13 5
14 8
4 11
6 11
8 14

Solution 500: 
11 1
13 5
14 8
2 13
6 11
8 14

Solution 501: 
11 1
13 5
14 8
2 13
6 11
8 15

Solution 502: 
11 1
13 5
14 8
2 13
5 14
6 11

Solution 503: 
11 1
13 5
14 8
4 9
5 14
6 11

Solution 504: 
11 1
13 5
14 8
4 11
5 14
7 10

Solution 505: 
11 1
13 5
14 8
4 11
5 14
6 8

Solution 506: 
11 1
13 5
14 8
4 11
6 8
8 14

Solution 507: 
11 1
13 5
14 8
4 11
6 8
8 15

Solution 508: 
11 1
13 5
14 8
2 15
4 11
6 8

Solution 509: 
11 1
13 5
14 8
2 15
4 11
7 10

Solution 510: 
11 1
13 5
14 8
4 11
7 10
8 15

Solution 511: 
11 1
13 5
14 8
4 11
7 10
8 14

Solution 512: 
11 1
13 5
14 5
4 11
7 10
8 14

Solution 513: 
11 1
13 5
15 4
4 11
7 10
8 14

Solution 514: 
11 1
13 5
15 4
4 11
6 8
8 14

Solution 515: 
11 1
13 5
14 5
4 11
6 8
8 14

Solution 516: 
11 1
13 5
14 5
4 11
6 8
8 15

Solution 517: 
11 1
13 5
14 5
4 11
5 14
6 8

Solution 518: 
11 1
13 5
15 4
4 11
5 14
6 8

Solution 519: 
11 1
13 5
15 4
4 11
6 8
8 15

Solution 520: 
11 1
13 5
15 4
4 11
7 10
8 15

Solution 521: 
11 1
13 5
15 4
4 11
5 14
7 10

Solution 522: 
11 1
13 5
14 5
4 11
5 14
7 10

Solution 523: 
11 1
13 5
14 5
4 11
7 10
8 15

Solution 524: 
11 1
13 5
14 5
2 15
4 11
7 10

Solution 525: 
11 1
13 5
14 5
2 15
4 11
6 8

Solution 526: 
11 1
13 5
15 4
2 15
4 11
6 8

Solution 527: 
11 1
13 5
15 4
2 15
4 11
7 10

Solution 528: 
11 1
13 6
15 4
2 15
4 11
7 10

Solution 529: 
10 6
11 1
15 4
2 15
4 11
7 10

Solution 530: 
10 6
11 1
15 4
4 11
7 10
8 15

Solution 531: 
11 1
13 6
15 4
4 11
7 10
8 15

Solution 532: 
11 1
13 6
15 4
4 11
7 10
8 14

Solution 533: 
10 6
11 1
15 4
4 11
7 10
8 14

Solution 534: 
10 6
11 1
14 5
4 11
7 10
8 14

Solution 535: 
10 6
11 1
14 5
4 11
7 10
8 15

Solution 536: 
11 1
13 6
14 5
4 11
7 10
8 15

Solution 537: 
11 1
13 6
14 5
4 11
7 10
8 14

Solution 538: 
11 1
13 6
14 5
2 15
4 11
7 10

Solution 539: 
10 6
11 1
14 5
2 15
4 11
7 10

Solution 540: 
10 6
11 1
14 5
4 11
5 14
7 10

Solution 541: 
11 1
13 6
14 5
4 11
5 14
7 10

Solution 542: 
11 1
13 6
15 4
4 11
5 14
7 10

Solution 543: 
10 6
11 1
15 4
4 11
5 14
7 10

Solution 544: 
10 6
15 4
4 11
5 14
7 10
9 3

Solution 545: 
10 6
14 5
4 11
5 14
7 10
9 3

Solution 546: 
11 4
14 5
4 11
5 14
7 10
9 3

Solution 547: 
11 4
14 8
4 11
5 14
7 10
9 3

Solution 548: 
11 4
15 4
4 11
5 14
7 10
9 3

Solution 549: 
11 4
15 4
2 15
4 11
7 10
9 3

Solution 550: 
11 4
15 4
4 11
7 10
8 15
9 3

Solution 551: 
11 4
15 4
4 11
7 10
8 14
9 3

Solution 552: 
11 4
14 8
4 11
7 10
8 14
9 3

Solution 553: 
11 4
14 5
4 11
7 10
8 14
9 3

Solution 554: 
11 4
14 5
2 15
4 11
7 10
9 3

Solution 555: 
11 4
14 5
4 11
7 10
8 15
9 3

Solution 556: 
11 4
14 8
4 11
7 10
8 15
9 3

Solution 557: 
11 4
14 8
2 15
4 11
7 10
9 3

Solution 558: 
10 6
15 4
2 15
4 11
7 10
9 3

Solution 559: 
10 6
14 5
2 15
4 11
7 10
9 3

Solution 560: 
10 6
14 5
4 11
7 10
8 14
9 3

Solution 561: 
10 6
14 5
4 11
7 10
8 15
9 3

Solution 562: 
10 6
15 4
4 11
7 10
8 15
9 3

Solution 563: 
10 6
15 4
4 11
7 10
8 14
9 3

Solution 564: 
10 6
15 4
4 11
6 8
8 14
9 3

Solution 565: 
10 6
14 5
4 11
6 8
8 14
9 3

Solution 566: 
10 6
14 5
4 11
5 14
6 8
9 3

Solution 567: 
10 6
14 5
2 15
4 11
6 8
9 3

Solution 568: 
10 6
14 5
4 11
6 8
8 15
9 3

Solution 569: 
10 6
15 4
4 11
6 8
8 15
9 3

Solution 570: 
11 4
15 4
4 11
6 8
8 15
9 3

Solution 571: 
11 4
14 5
4 11
6 8
8 15
9 3

Solution 572: 
11 4
14 8
4 11
6 8
8 15
9 3

Solution 573: 
11 4
14 8
4 11
7 12
8 15
9 3

Solution 574: 
11 4
14 8
4 11
6 11
8 15
9 3

Solution 575: 
11 4
14 8
2 15
4 11
6 11
9 3

Solution 576: 
11 4
14 8
4 11
6 11
8 14
9 3

Solution 577: 
11 4
14 8
4 11
5 14
6 11
9 3

Solution 578: 
11 4
14 8
4 11
5 14
7 12
9 3

Solution 579: 
11 4
14 8
2 15
4 11
7 12
9 3

Solution 580: 
11 4
14 8
4 11
7 12
8 14
9 3

Solution 581: 
11 4
14 8
4 11
6 8
8 14
9 3

Solution 582: 
11 4
14 8
2 15
4 11
6 8
9 3

Solution 583: 
11 4
14 8
4 11
5 14
6 8
9 3

Solution 584: 
11 4
14 5
4 11
5 14
6 8
9 3

Solution 585: 
11 4
14 5
4 11
6 8
8 14
9 3

Solution 586: 
11 4
14 5
2 15
4 11
6 8
9 3

Solution 587: 
11 4
15 4
2 15
4 11
6 8
9 3

Solution 588: 
11 4
15 4
4 11
6 8
8 14
9 3

Solution 589: 
11 4
15 4
4 11
5 14
6 8
9 3

Solution 590: 
10 6
15 4
4 11
5 14
6 8
9 3

Solution 591: 
10 6
15 4
2 15
4 11
6 8
9 3

Solution 592: 
1 13
11 4
14 8
2 15
7 12
9 3

Solution 593: 
1 13
11 4
14 8
2 15
6 11
9 3

Solution 594: 
11 4
14 8
2 13
2 15
7 12
9 3

Solution 595: 
11 4
14 8
2 15
4 9
7 12
9 3

Solution 596: 
1 9
11 4
14 8
2 15
7 12
9 3

Solution 597: 
1 9
11 4
14 8
2 15
6 11
9 3

Solution 598: 
11 4
14 8
2 15
4 9
6 11
9 3

Solution 599: 
11 4
14 8
4 9
5 14
6 11
9 3

Solution 600: 
1 9
11 4
14 8
5 14
6 11
9 3

Solution 601: 
1 13
11 4
14 8
5 14
6 11
9 3

Solution 602: 
1 13
11 4
14 8
5 14
7 12
9 3

Solution 603: 
11 4
14 8
4 9
5 14
7 12
9 3

Solution 604: 
1 9
11 4
14 8
5 14
7 12
9 3

Solution 605: 
11 4
14 8
2 13
5 14
7 12
9 3

Solution 606: 
11 4
14 8
2 13
7 12
8 15
9 3

Solution 607: 
11 4
14 8
2 13
7 12
8 14
9 3

Solution 608: 
11 1
13 6
15 4
4 11
6 8
8 14

Solution 609: 
11 1
13 6
15 4
4 11
6 8
8 15

Solution 610: 
11 1
13 6
15 4
2 15
4 11
6 8

Solution 611: 
11 1
13 6
14 5
2 15
4 11
6 8

Solution 612: 
11 1
13 6
14 5
4 11
6 8
8 14

Solution 613: 
11 1
13 6
14 5
4 11
6 8
8 15

Solution 614: 
10 6
11 1
14 5
4 11
6 8
8 15

Solution 615: 
10 6
11 1
14 5
4 11
6 8
8 14

Solution 616: 
10 6
11 1
15 4
4 11
6 8
8 14

Solution 617: 
10 6
11 1
15 4
4 11
6 8
8 15

Solution 618: 
10 6
11 1
15 4
4 11
5 14
6 8

Solution 619: 
10 6
11 1
14 5
4 11
5 14
6 8

Solution 620: 
10 6
11 1
14 5
2 15
4 11
6 8

Solution 621: 
10 6
11 1
15 4
2 15
4 11
6 8

Solution 622: 
11 1
13 6
15 4
4 11
5 14
6 8

Solution 623: 
11 1
13 6
14 5
4 11
5 14
6 8

Number of solutions found: 624

Changes at vertices: 
New Vertex: 13 5
10 5 -> 10 6
----------------------------------
Removal 3: 
Solution 0: 
11 1
15 4
4 11
5 14
6 8

Solution 1: 
10 3
15 4
4 11
5 14
6 8

Solution 2: 
10 3
14 5
4 11
5 14
6 8

Solution 3: 
11 1
14 5
4 11
5 14
6 8

Solution 4: 
11 1
14 5
4 11
6 8
8 15

Solution 5: 
11 1
14 5
4 11
6 8
8 14

Solution 6: 
11 1
14 5
2 15
4 11
6 8

Solution 7: 
10 3
14 5
2 15
4 11
6 8

Solution 8: 
10 3
14 5
4 11
6 8
8 15

Solution 9: 
10 3
14 5
4 11
6 8
8 14

Solution 10: 
10 3
15 4
4 11
6 8
8 14

Solution 11: 
10 3
15 4
4 11
6 8
8 15

Solution 12: 
11 1
15 4
4 11
6 8
8 15

Solution 13: 
11 1
15 4
4 11
6 8
8 14

Solution 14: 
11 1
15 4
2 15
4 11
6 8

Solution 15: 
10 3
15 4
2 15
4 11
6 8

Solution 16: 
10 3
15 4
2 15
4 11
7 10

Solution 17: 
11 1
15 4
2 15
4 11
7 10

Solution 18: 
11 1
14 5
2 15
4 11
7 10

Solution 19: 
10 3
14 5
2 15
4 11
7 10

Solution 20: 
10 3
14 5
4 11
5 14
7 10

Solution 21: 
10 3
14 5
4 11
7 10
8 15

Solution 22: 
10 3
14 5
4 11
7 10
8 14

Solution 23: 
11 1
14 5
4 11
7 10
8 14

Solution 24: 
11 1
14 5
4 11
7 10
8 15

Solution 25: 
11 1
14 5
4 11
5 14
7 10

Solution 26: 
11 1
15 4
4 11
5 14
7 10

Solution 27: 
11 1
15 4
4 11
7 10
8 15

Solution 28: 
11 1
15 4
4 11
7 10
8 14

Solution 29: 
10 3
15 4
4 11
7 10
8 14

Solution 30: 
10 3
15 4
4 11
7 10
8 15

Solution 31: 
10 3
15 4
4 11
5 14
7 10

Number of solutions found: 32

Changes at vertices: 
Change visibility: 10 3
11 3 -> 11 1
----------------------------------
Removal 4: 
Solution 0: 
1 13
10 5
14 8
2 15
6 11

Solution 1: 
10 5
14 8
2 13
2 15
6 11

Solution 2: 
10 5
14 8
2 15
4 9
6 11

Solution 3: 
10 5
14 8
2 15
4 11
6 11

Solution 4: 
10 5
14 8
2 15
4 11
7 12

Solution 5: 
1 13
10 5
14 8
2 15
7 12

Solution 6: 
10 5
14 8
2 13
2 15
7 12

Solution 7: 
10 5
14 8
2 15
4 9
7 12

Solution 8: 
10 5
14 8
4 9
5 14
7 12

Solution 9: 
10 5
15 10
4 9
5 14
7 12

Solution 10: 
10 5
15 10
2 15
4 9
7 12

Solution 11: 
11 4
15 10
2 15
4 9
7 12

Solution 12: 
11 4
15 10
2 13
2 15
7 12

Solution 13: 
1 13
11 4
15 10
2 15
7 12

Solution 14: 
1 9
11 4
15 10
2 15
7 12

Solution 15: 
1 9
11 4
15 10
2 15
6 11

Solution 16: 
1 13
11 4
15 10
2 15
6 11

Solution 17: 
11 4
15 10
2 13
2 15
6 11

Solution 18: 
11 4
15 10
2 15
4 9
6 11

Solution 19: 
11 4
15 10
2 15
4 11
6 11

Solution 20: 
11 4
15 10
2 15
4 11
7 10

Solution 21: 
11 4
15 10
2 15
4 11
7 12

Solution 22: 
11 4
15 10
2 15
4 11
6 8

Solution 23: 
10 5
15 10
2 15
4 11
6 8

Solution 24: 
10 5
15 10
2 15
4 11
7 10

Solution 25: 
10 5
15 10
2 15
4 11
7 12

Solution 26: 
10 5
15 10
2 15
4 11
6 11

Solution 27: 
1 9
10 5
15 10
2 15
6 11

Solution 28: 
10 5
15 10
2 13
2 15
6 11

Solution 29: 
1 13
10 5
15 10
2 15
6 11

Solution 30: 
10 5
15 10
2 15
4 9
6 11

Solution 31: 
10 5
15 10
2 13
2 15
7 12

Solution 32: 
1 9
10 5
15 10
2 15
7 12

Solution 33: 
1 13
10 5
15 10
2 15
7 12

Solution 34: 
1 9
10 5
14 8
2 15
7 12

Solution 35: 
1 9
11 4
14 8
2 15
7 12

Solution 36: 
11 4
14 8
2 15
4 11
7 12

Solution 37: 
1 13
11 4
14 8
2 15
7 12

Solution 38: 
11 4
14 8
2 15
4 9
7 12

Solution 39: 
11 4
14 8
2 13
2 15
7 12

Solution 40: 
11 4
14 8
2 13
2 15
6 11

Solution 41: 
11 4
14 8
2 15
4 9
6 11

Solution 42: 
11 4
14 8
2 15
4 11
6 11

Solution 43: 
1 13
11 4
14 8
2 15
6 11

Solution 44: 
11 4
14 8
2 15
4 11
7 10

Solution 45: 
11 4
14 8
2 15
4 11
6 8

Solution 46: 
1 9
11 4
14 8
2 15
6 11

Solution 47: 
1 9
10 5
14 8
2 15
6 11

Solution 48: 
10 5
14 8
2 15
4 11
7 10

Solution 49: 
10 5
14 8
2 15
4 11
6 8

Solution 50: 
10 5
14 5
2 15
4 11
6 8

Solution 51: 
10 5
15 4
2 15
4 11
6 8

Solution 52: 
10 3
15 4
2 15
4 11
6 8

Solution 53: 
10 3
14 5
2 15
4 11
6 8

Solution 54: 
11 4
14 5
2 15
4 11
6 8

Solution 55: 
11 4
15 4
2 15
4 11
6 8

Solution 56: 
11 3
15 4
2 15
4 11
6 8

Solution 57: 
11 3
14 5
2 15
4 11
6 8

Solution 58: 
11 3
14 5
2 15
4 11
7 10

Solution 59: 
11 3
15 4
2 15
4 11
7 10

Solution 60: 
10 3
15 4
2 15
4 11
7 10

Solution 61: 
10 3
14 5
2 15
4 11
7 10

Solution 62: 
10 5
14 5
2 15
4 11
7 10

Solution 63: 
10 5
15 4
2 15
4 11
7 10

Solution 64: 
11 4
15 4
2 15
4 11
7 10

Solution 65: 
11 4
14 5
2 15
4 11
7 10

Solution 66: 
11 4
14 5
4 11
5 14
7 10

Solution 67: 
11 4
14 5
4 11
7 10
8 14

Solution 68: 
11 4
14 5
4 11
7 10
8 15

Solution 69: 
10 5
14 5
4 11
7 10
8 15

Solution 70: 
11 3
14 5
4 11
7 10
8 15

Solution 71: 
11 3
14 5
4 11
7 10
8 14

Solution 72: 
11 3
14 5
4 11
5 14
7 10

Solution 73: 
10 5
14 5
4 11
5 14
7 10

Solution 74: 
10 5
14 5
4 11
7 10
8 14

Solution 75: 
10 3
14 5
4 11
7 10
8 14

Solution 76: 
10 3
14 5
4 11
5 14
7 10

Solution 77: 
10 3
14 5
4 11
7 10
8 15

Solution 78: 
10 3
15 4
4 11
7 10
8 15

Solution 79: 
11 3
15 4
4 11
7 10
8 15

Solution 80: 
10 5
15 4
4 11
7 10
8 15

Solution 81: 
10 5
15 10
4 11
7 10
8 15

Solution 82: 
10 5
14 8
4 11
7 10
8 15

Solution 83: 
11 4
14 8
4 11
7 10
8 15

Solution 84: 
11 4
15 10
4 11
7 10
8 15

Solution 85: 
11 4
15 4
4 11
7 10
8 15

Solution 86: 
11 4
15 4
4 11
7 10
8 14

Solution 87: 
11 4
15 4
4 11
5 14
7 10

Solution 88: 
11 4
15 10
4 11
5 14
7 10

Solution 89: 
11 4
14 8
4 11
5 14
7 10

Solution 90: 
11 4
14 8
4 11
7 10
8 14

Solution 91: 
11 4
15 10
4 11
7 10
8 14

Solution 92: 
10 5
15 10
4 11
7 10
8 14

Solution 93: 
10 5
14 8
4 11
7 10
8 14

Solution 94: 
10 5
14 8
4 11
5 14
7 10

Solution 95: 
10 5
15 10
4 11
5 14
7 10

Solution 96: 
10 5
15 4
4 11
5 14
7 10

Solution 97: 
11 3
15 4
4 11
5 14
7 10

Solution 98: 
10 3
15 4
4 11
5 14
7 10

Solution 99: 
10 3
15 4
4 11
7 10
8 14

Solution 100: 
11 3
15 4
4 11
7 10
8 14

Solution 101: 
10 5
15 4
4 11
7 10
8 14

Solution 102: 
10 5
15 4
4 11
6 8
8 14

Solution 103: 
10 5
15 10
4 11
6 8
8 14

Solution 104: 
10 5
15 10
4 11
7 12
8 14

Solution 105: 
10 5
15 10
4 11
6 11
8 14

Solution 106: 
10 5
14 8
4 11
6 11
8 14

Solution 107: 
10 5
14 8
4 11
6 8
8 14

Solution 108: 
10 5
14 8
4 11
7 12
8 14

Solution 109: 
11 3
15 4
4 11
6 8
8 14

Solution 110: 
11 4
15 4
4 11
6 8
8 14

Solution 111: 
10 3
15 4
4 11
6 8
8 14

Solution 112: 
10 3
14 5
4 11
6 8
8 14

Solution 113: 
10 5
14 5
4 11
6 8
8 14

Solution 114: 
11 3
14 5
4 11
6 8
8 14

Solution 115: 
11 4
14 5
4 11
6 8
8 14

Solution 116: 
11 4
14 8
4 11
6 8
8 14

Solution 117: 
11 4
15 10
4 11
6 8
8 14

Solution 118: 
11 4
15 10
4 11
7 12
8 14

Solution 119: 
11 4
15 10
4 11
6 11
8 14

Solution 120: 
11 4
14 8
4 11
6 11
8 14

Solution 121: 
11 4
14 8
4 11
7 12
8 14

Solution 122: 
11 4
14 8
2 13
7 12
8 14

Solution 123: 
11 4
15 10
2 13
7 12
8 14

Solution 124: 
11 4
15 10
2 13
6 11
8 14

Solution 125: 
11 4
14 8
2 13
6 11
8 14

Solution 126: 
10 5
14 8
2 13
6 11
8 14

Solution 127: 
10 5
14 8
2 13
7 12
8 14

Solution 128: 
10 5
15 10
2 13
7 12
8 14

Solution 129: 
10 5
15 10
2 13
6 11
8 14

Solution 130: 
10 5
15 10
2 13
6 11
8 15

Solution 131: 
10 5
15 10
2 13
5 14
6 11

Solution 132: 
10 5
14 8
2 13
5 14
6 11

Solution 133: 
10 5
14 8
2 13
6 11
8 15

Solution 134: 
11 4
14 8
2 13
6 11
8 15

Solution 135: 
11 4
14 8
2 13
5 14
6 11

Solution 136: 
11 4
15 10
2 13
5 14
6 11

Solution 137: 
11 4
15 10
2 13
6 11
8 15

Solution 138: 
11 4
15 10
2 13
7 12
8 15

Solution 139: 
11 4
15 10
2 13
5 14
7 12

Solution 140: 
11 4
14 8
2 13
5 14
7 12

Solution 141: 
11 4
14 8
2 13
7 12
8 15

Solution 142: 
10 5
14 8
2 13
7 12
8 15

Solution 143: 
10 5
15 10
2 13
7 12
8 15

Solution 144: 
10 5
15 10
2 13
5 14
7 12

Solution 145: 
10 5
14 8
2 13
5 14
7 12

Solution 146: 
1 13
10 5
14 8
5 14
7 12

Solution 147: 
1 9
10 5
14 8
5 14
7 12

Solution 148: 
1 9
10 5
15 10
5 14
7 12

Solution 149: 
1 13
10 5
15 10
5 14
7 12

Solution 150: 
10 5
15 10
4 11
5 14
7 12

Solution 151: 
10 5
14 8
4 11
5 14
7 12

Solution 152: 
10 5
14 8
4 11
7 12
8 15

Solution 153: 
10 5
15 10
4 11
7 12
8 15

Solution 154: 
10 5
15 10
4 11
6 11
8 15

Solution 155: 
10 5
14 8
4 11
6 11
8 15

Solution 156: 
10 5
14 8
4 11
5 14
6 11

Solution 157: 
10 5
15 10
4 11
5 14
6 11

Solution 158: 
10 5
15 10
4 9
5 14
6 11

Solution 159: 
1 13
10 5
15 10
5 14
6 11

Solution 160: 
1 13
10 5
14 8
5 14
6 11

Solution 161: 
10 5
14 8
4 9
5 14
6 11

Solution 162: 
10 5
14 8
4 11
5 14
6 8

Solution 163: 
10 5
15 4
4 11
5 14
6 8

Solution 164: 
10 5
14 5
4 11
5 14
6 8

Solution 165: 
10 5
15 10
4 11
5 14
6 8

Solution 166: 
1 9
10 5
15 10
5 14
6 11

Solution 167: 
1 9
10 5
14 8
5 14
6 11

Solution 168: 
10 5
14 8
4 11
6 8
8 15

Solution 169: 
10 5
15 4
4 11
6 8
8 15

Solution 170: 
10 5
14 5
4 11
6 8
8 15

Solution 171: 
10 5
15 10
4 11
6 8
8 15

Solution 172: 
11 4
15 10
4 11
6 8
8 15

Solution 173: 
11 4
14 8
4 11
6 8
8 15

Solution 174: 
11 4
14 5
4 11
6 8
8 15

Solution 175: 
11 3
14 5
4 11
6 8
8 15

Solution 176: 
10 3
14 5
4 11
6 8
8 15

Solution 177: 
10 3
15 4
4 11
6 8
8 15

Solution 178: 
11 3
15 4
4 11
6 8
8 15

Solution 179: 
11 4
15 4
4 11
6 8
8 15

Solution 180: 
11 4
15 4
4 11
5 14
6 8

Solution 181: 
11 3
15 4
4 11
5 14
6 8

Solution 182: 
10 3
15 4
4 11
5 14
6 8

Solution 183: 
11 4
14 8
4 11
5 14
6 8

Solution 184: 
11 4
15 10
4 11
5 14
6 8

Solution 185: 
11 4
14 5
4 11
5 14
6 8

Solution 186: 
11 3
14 5
4 11
5 14
6 8

Solution 187: 
10 3
14 5
4 11
5 14
6 8

Solution 188: 
11 4
14 8
4 11
5 14
7 12

Solution 189: 
11 4
15 10
4 11
5 14
7 12

Solution 190: 
11 4
15 10
4 11
5 14
6 11

Solution 191: 
11 4
14 8
4 11
5 14
6 11

Solution 192: 
1 9
11 4
14 8
5 14
6 11

Solution 193: 
1 13
11 4
14 8
5 14
6 11

Solution 194: 
11 4
14 8
4 9
5 14
6 11

Solution 195: 
11 4
15 10
4 9
5 14
6 11

Solution 196: 
1 13
11 4
15 10
5 14
6 11

Solution 197: 
1 9
11 4
15 10
5 14
6 11

Solution 198: 
1 9
11 4
15 10
5 14
7 12

Solution 199: 
1 13
11 4
15 10
5 14
7 12

Solution 200: 
11 4
15 10
4 9
5 14
7 12

Solution 201: 
11 4
14 8
4 9
5 14
7 12

Solution 202: 
1 13
11 4
14 8
5 14
7 12

Solution 203: 
1 9
11 4
14 8
5 14
7 12

Solution 204: 
11 4
14 8
4 11
7 12
8 15

Solution 205: 
11 4
15 10
4 11
7 12
8 15

Solution 206: 
11 4
15 10
4 11
6 11
8 15

Solution 207: 
11 4
14 8
4 11
6 11
8 15

Number of solutions found: 208

Changes at vertices: 
10 4 -> 10 3
New Vertex: 11 4
----------------------------------
Removal 5: 
Solution 0: 
14 5
2 15
4 11
7 10

Solution 1: 
14 5
2 15
4 11
6 8

Solution 2: 
15 4
2 15
4 11
6 8

Solution 3: 
15 4
2 15
4 11
7 10

Solution 4: 
15 4
4 11
7 10
8 15

Solution 5: 
15 4
4 11
5 14
7 10

Solution 6: 
15 4
4 11
7 10
8 14

Solution 7: 
15 4
4 11
6 8
8 14

Solution 8: 
15 4
4 11
6 8
8 15

Solution 9: 
15 4
4 11
5 14
6 8

Solution 10: 
14 5
4 11
5 14
6 8

Solution 11: 
14 5
4 11
6 8
8 15

Solution 12: 
14 5
4 11
6 8
8 14

Solution 13: 
14 5
4 11
7 10
8 14

Solution 14: 
14 5
4 11
7 10
8 15

Solution 15: 
14 5
4 11
5 14
7 10

Number of solutions found: 16

Changes at vertices: 
Change visibility: 14 5
15 5 -> 15 4
----------------------------------
Removal 6: 
Solution 0: 
1 13
14 8
2 15
6 11

Solution 1: 
14 8
2 13
2 15
6 11

Solution 2: 
14 8
2 15
4 9
6 11

Solution 3: 
14 8
2 15
4 11
6 11

Solution 4: 
14 8
2 15
4 11
7 12

Solution 5: 
1 13
14 8
2 15
7 12

Solution 6: 
14 8
2 13
2 15
7 12

Solution 7: 
14 8
2 15
4 9
7 12

Solution 8: 
14 8
4 9
5 14
7 12

Solution 9: 
15 10
4 9
5 14
7 12

Solution 10: 
15 10
2 15
4 9
7 12

Solution 11: 
15 10
2 15
4 9
6 11

Solution 12: 
15 10
2 13
2 15
6 11

Solution 13: 
1 13
15 10
2 15
6 11

Solution 14: 
15 10
2 15
4 11
6 11

Solution 15: 
15 10
2 15
4 11
6 8

Solution 16: 
15 10
2 15
4 11
7 10

Solution 17: 
15 10
2 15
4 11
7 12

Solution 18: 
15 10
2 13
2 15
7 12

Solution 19: 
1 13
15 10
2 15
7 12

Solution 20: 
14 5
2 15
4 11
6 8

Solution 21: 
14 8
2 15
4 11
6 8

Solution 22: 
14 8
2 15
4 11
7 10

Solution 23: 
14 5
2 15
4 11
7 10

Solution 24: 
15 5
2 15
4 11
7 10

Solution 25: 
15 5
2 15
4 11
6 8

Solution 26: 
1 9
14 8
2 15
7 12

Solution 27: 
1 9
14 8
2 15
6 11

Solution 28: 
1 9
15 10
2 15
6 11

Solution 29: 
1 9
15 10
2 15
7 12

Solution 30: 
1 9
15 10
5 14
7 12

Solution 31: 
1 9
15 10
5 14
6 11

Solution 32: 
1 9
14 8
5 14
6 11

Solution 33: 
1 9
14 8
5 14
7 12

Solution 34: 
1 13
14 8
5 14
7 12

Solution 35: 
14 8
2 13
5 14
7 12

Solution 36: 
14 8
2 13
5 14
6 11

Solution 37: 
14 8
4 9
5 14
6 11

Solution 38: 
1 13
14 8
5 14
6 11

Solution 39: 
14 8
4 11
5 14
6 11

Solution 40: 
14 8
4 11
5 14
7 12

Solution 41: 
14 8
4 11
5 14
7 10

Solution 42: 
14 8
4 11
7 10
8 15

Solution 43: 
14 8
4 11
7 10
8 14

Solution 44: 
14 8
4 11
6 8
8 14

Solution 45: 
14 8
4 11
7 12
8 14

Solution 46: 
14 8
4 11
6 11
8 14

Solution 47: 
14 8
4 11
6 11
8 15

Solution 48: 
14 8
4 11
6 8
8 15

Solution 49: 
14 8
4 11
7 12
8 15

Solution 50: 
14 8
2 13
7 12
8 15

Solution 51: 
14 8
2 13
7 12
8 14

Solution 52: 
14 8
2 13
6 11
8 14

Solution 53: 
14 8
2 13
6 11
8 15

Solution 54: 
14 8
4 11
5 14
6 8

Solution 55: 
14 5
4 11
5 14
6 8

Solution 56: 
15 5
4 11
5 14
6 8

Solution 57: 
15 10
4 11
5 14
6 8

Solution 58: 
15 10
4 11
5 14
7 10

Solution 59: 
15 5
4 11
5 14
7 10

Solution 60: 
15 10
4 11
5 14
7 12

Solution 61: 
15 10
4 11
5 14
6 11

Solution 62: 
14 5
4 11
5 14
7 10

Solution 63: 
1 13
15 10
5 14
6 11

Solution 64: 
1 13
15 10
5 14
7 12

Solution 65: 
15 10
2 13
5 14
7 12

Solution 66: 
15 10
2 13
5 14
6 11

Solution 67: 
15 10
4 9
5 14
6 11

Solution 68: 
15 10
2 13
6 11
8 15

Solution 69: 
15 10
2 13
6 11
8 14

Solution 70: 
15 10
2 13
7 12
8 14

Solution 71: 
15 10
2 13
7 12
8 15

Solution 72: 
15 10
4 11
7 12
8 15

Solution 73: 
15 10
4 11
7 10
8 15

Solution 74: 
15 10
4 11
6 8
8 15

Solution 75: 
15 10
4 11
6 11
8 15

Solution 76: 
14 5
4 11
7 10
8 15

Solution 77: 
14 5
4 11
6 8
8 15

Solution 78: 
15 5
4 11
6 8
8 15

Solution 79: 
15 5
4 11
7 10
8 15

Solution 80: 
15 5
4 11
7 10
8 14

Solution 81: 
15 5
4 11
6 8
8 14

Solution 82: 
15 10
4 11
6 8
8 14

Solution 83: 
14 5
4 11
6 8
8 14

Solution 84: 
15 10
4 11
7 12
8 14

Solution 85: 
15 10
4 11
7 10
8 14

Solution 86: 
14 5
4 11
7 10
8 14

Solution 87: 
15 10
4 11
6 11
8 14

Number of solutions found: 88

Changes at vertices: 
New Vertex: 14 8
15 8 -> 15 5
----------------------------------
Removal 7: 
Solution 0: 
2 15
4 11
6 8

Solution 1: 
4 11
5 14
6 8

Solution 2: 
4 11
6 8
8 14

Solution 3: 
4 11
6 8
8 15

Solution 4: 
4 11
7 10
8 15

Solution 5: 
4 11
5 14
7 10

Solution 6: 
4 11
7 10
8 14

Solution 7: 
2 15
4 11
7 10

Number of solutions found: 8

Changes at vertices: 
6 10 -> 6 8
Change visibility: 7 10
----------------------------------
Removal 8: 
Solution 0: 
1 13
2 15
6 11

Solution 1: 
2 13
2 15
6 11

Solution 2: 
2 15
4 9
6 11

Solution 3: 
2 15
4 11
6 11

Solution 4: 
2 15
4 11
7 12

Solution 5: 
1 13
2 15
7 12

Solution 6: 
2 13
2 15
7 12

Solution 7: 
2 15
4 9
7 12

Solution 8: 
4 9
5 14
7 12

Solution 9: 
4 9
5 14
6 11

Solution 10: 
1 13
5 14
6 11

Solution 11: 
2 13
5 14
6 11

Solution 12: 
2 13
6 11
8 14

Solution 13: 
2 13
6 11
8 15

Solution 14: 
2 13
7 12
8 15

Solution 15: 
2 13
7 12
8 14

Solution 16: 
2 13
5 14
7 12

Solution 17: 
1 13
5 14
7 12

Solution 18: 
1 9
5 14
7 12

Solution 19: 
1 9
5 14
6 11

Solution 20: 
4 11
5 14
6 11

Solution 21: 
4 11
5 14
7 10

Solution 22: 
4 11
5 14
6 10

Solution 23: 
4 11
5 14
7 12

Solution 24: 
4 11
7 12
8 14

Solution 25: 
4 11
7 12
8 15

Solution 26: 
4 11
7 10
8 15

Solution 27: 
4 11
6 10
8 15

Solution 28: 
4 11
6 11
8 15

Solution 29: 
4 11
6 11
8 14

Solution 30: 
4 11
7 10
8 14

Solution 31: 
4 11
6 10
8 14

Solution 32: 
2 15
4 11
6 10

Solution 33: 
2 15
4 11
7 10

Solution 34: 
1 9
2 15
7 12

Solution 35: 
1 9
2 15
6 11

Number of solutions found: 36

Changes at vertices: 
New Vertex: 6 11
7 11 -> 7 10
----------------------------------
Removal 9: 
Solution 0: 
2 15
4 11

Solution 1: 
4 11
5 14

Solution 2: 
4 11
8 14

Solution 3: 
4 11
8 15

Number of solutions found: 4

Changes at vertices: 
Change visibility: 5 14
2 14 -> 2 15
----------------------------------
Removal 10: 
Solution 0: 
4 11

Number of solutions found: 1

Changes at vertices: 
5 13 -> 5 14
New Vertex: 2 13
----------------------------------
Removal 11: 
Solution 0: 
4 11

Number of solutions found: 1

Changes at vertices: 
New Vertex: 5 12
1 12 -> 1 13
----------------------------------
Removal 12: 
Solution 0: 
4 11

Solution 1: 
1 12

Number of solutions found: 2

Changes at vertices: 
Change visibility: 4 11
1 11 -> 1 12
----------------------------------
Removal 13: 
Solution 0: 
1 11

Solution 1: 
4 9

Solution 2: 
4 11

Solution 3: 
1 9

Number of solutions found: 4

