94
1 61
1 89
2 89
2 113
15 113
15 116
19 116
19 114
35 114
35 124
36 124
36 144
37 144
37 138
80 138
80 139
84 139
84 132
86 132
86 143
89 143
89 142
93 142
93 140
94 140
94 137
90 137
90 123
87 123
87 110
85 110
85 128
88 128
88 131
59 131
59 127
66 127
66 119
61 119
61 98
56 98
56 125
54 125
54 135
40 135
40 122
39 122
39 112
46 112
46 120
47 120
47 85
48 85
48 107
49 107
49 96
53 96
53 94
50 94
50 82
68 82
68 101
71 101
71 103
73 103
73 100
75 100
75 72
72 72
72 93
69 93
69 80
51 80
51 81
45 81
45 111
24 111
24 106
10 106
10 97
3 97
3 92
5 92
5 76
20 76
20 75
8 75
8 65
16 65
16 63
41 63
41 62
26 62
26 61
