338
369 874
369 871
313 871
313 845
267 845
267 826
270 826
270 823
273 823
273 813
324 813
324 802
301 802
301 796
278 796
278 811
265 811
265 909
248 909
248 910
271 910
271 925
170 925
170 937
165 937
165 883
181 883
181 809
208 809
208 793
220 793
220 792
229 792
229 797
211 797
211 814
259 814
259 708
263 708
263 707
223 707
223 696
226 696
226 684
404 684
404 710
385 710
385 732
641 732
641 715
633 715
633 661
314 661
314 664
253 664
253 667
274 667
274 669
238 669
238 663
137 663
137 660
118 660
118 659
69 659
69 554
60 554
60 673
54 673
54 649
45 649
45 625
52 625
52 609
47 609
47 580
46 580
46 505
30 505
30 404
16 404
16 425
7 425
7 644
8 644
8 654
2 654
2 712
1 712
1 975
3 975
3 833
4 833
4 972
23 972
23 983
21 983
21 1018
22 1018
22 987
28 987
28 1004
29 1004
29 961
15 961
15 968
6 968
6 655
9 655
9 716
10 716
10 601
11 601
11 960
44 960
44 927
48 927
48 923
50 923
50 896
49 896
49 886
37 886
37 762
31 762
31 774
35 774
35 940
12 940
12 428
13 428
13 620
17 620
17 650
18 650
18 407
27 407
27 506
33 506
33 549
36 549
36 513
43 513
43 616
40 616
40 656
25 656
25 552
20 552
20 679
64 679
64 639
65 639
65 678
304 678
304 677
225 677
225 676
90 676
90 665
94 665
94 668
189 668
189 670
114 670
114 672
176 672
176 675
184 675
184 674
177 674
177 671
367 671
367 666
389 666
389 662
628 662
628 711
627 711
627 728
582 728
582 730
387 730
387 718
459 718
459 704
465 704
465 720
471 720
471 706
568 706
568 705
580 705
580 702
429 702
429 693
416 693
416 687
535 687
535 688
544 688
544 686
581 686
581 689
449 689
449 690
594 690
594 683
196 683
196 709
204 709
204 694
213 694
213 697
217 697
217 714
146 714
146 698
122 698
122 725
128 725
128 717
144 717
144 734
228 734
228 723
230 723
230 719
255 719
255 812
245 812
245 799
251 799
251 789
224 789
224 770
216 770
216 773
179 773
179 779
178 779
178 832
173 832
173 801
163 801
163 827
166 827
166 867
159 867
159 828
158 828
158 906
160 906
160 928
156 928
156 939
195 939
195 950
201 950
201 949
203 949
203 973
222 973
222 976
298 976
298 979
303 979
303 984
345 984
345 969
419 969
419 974
430 974
430 964
375 964
375 942
374 942
374 943
361 943
361 941
331 941
331 947
306 947
306 948
317 948
317 951
351 951
351 956
299 956
299 953
286 953
286 958
279 958
279 963
356 963
356 955
366 955
366 965
266 965
266 967
307 967
307 971
232 971
232 962
205 962
205 959
234 959
234 938
231 938
231 952
221 952
221 926
275 926
275 879
276 879
276 907
280 907
280 913
288 913
288 889
285 889
285 885
283 885
283 858
282 858
282 854
312 854
312 860
302 860
302 861
287 861
287 872
359 872
359 877
435 877
435 875
553 875
553 874
