2050
1195 1
1195 3
1173 3
1173 28
1131 28
1131 27
1111 27
1111 30
1049 30
1049 23
1068 23
1068 4
985 4
985 5
922 5
922 11
939 11
939 21
940 21
940 145
946 145
946 141
959 141
959 122
964 122
964 100
966 100
966 232
929 232
929 228
941 228
941 221
908 221
908 219
885 219
885 164
887 164
887 153
778 153
778 156
700 156
700 158
698 158
698 159
682 159
682 182
638 182
638 186
624 186
624 181
612 181
612 183
603 183
603 180
584 180
584 152
591 152
591 148
588 148
588 118
631 118
631 125
655 125
655 130
593 130
593 138
653 138
653 137
676 137
676 149
711 149
711 126
671 126
671 117
585 117
585 140
571 140
571 111
579 111
579 109
609 109
609 108
694 108
694 96
727 96
727 78
720 78
720 74
677 74
677 66
759 66
759 61
691 61
691 58
647 58
647 56
679 56
679 48
708 48
708 42
573 42
573 38
570 38
570 40
545 40
545 41
558 41
558 51
527 51
527 31
561 31
561 26
501 26
501 39
516 39
516 57
586 57
586 52
569 52
569 43
673 43
673 49
616 49
616 53
642 53
642 67
665 67
665 105
473 105
473 107
489 107
489 123
86 123
86 151
88 151
88 311
85 311
85 251
77 251
77 313
106 313
106 421
83 421
83 427
80 427
80 457
81 457
81 641
123 641
123 632
139 632
139 630
318 630
318 635
440 635
440 631
475 631
475 614
483 614
483 612
625 612
625 611
804 611
804 588
849 588
849 583
873 583
873 579
840 579
840 578
801 578
801 553
737 553
737 530
735 530
735 469
789 469
789 468
796 468
796 491
1181 491
1181 508
1168 508
1168 515
1161 515
1161 526
1139 526
1139 518
1136 518
1136 521
1119 521
1119 523
1038 523
1038 531
942 531
942 544
1027 544
1027 547
1065 547
1065 543
1001 543
1001 532
1125 532
1125 529
1174 529
1174 525
1176 525
1176 540
1192 540
1192 546
1179 546
1179 567
1167 567
1167 561
1160 561
1160 590
1175 590
1175 594
1172 594
1172 613
1155 613
1155 642
1072 642
1072 657
1066 657
1066 658
1103 658
1103 870
1100 870
1100 954
1096 954
1096 1006
1089 1006
1089 844
1092 844
1092 721
1095 721
1095 685
1076 685
1076 700
1077 700
1077 695
1086 695
1086 878
1075 878
1075 911
1083 911
1083 935
1081 935
1081 966
1080 966
1080 978
1079 978
1079 998
1078 998
1078 1115
1082 1115
1082 1129
1085 1129
1085 1015
1090 1015
1090 1065
1098 1065
1098 1058
1099 1058
1099 1078
1097 1078
1097 1152
1105 1152
1105 1053
1094 1053
1094 1022
1101 1022
1101 897
1104 897
1104 852
1106 852
1106 895
1138 895
1138 922
1132 922
1132 999
1122 999
1122 945
1120 945
1120 1000
1140 1000
1140 1012
1137 1012
1137 1027
1133 1027
1133 1114
1124 1114
1124 1133
1126 1133
1126 1137
1234 1137
1234 1124
1235 1124
1235 1154
1130 1154
1130 1155
1062 1155
1062 1134
1074 1134
1074 1127
1048 1127
1048 1122
1036 1122
1036 1095
1013 1095
1013 1061
990 1061
990 988
1000 988
1000 986
1003 986
1003 946
1007 946
1007 933
1009 933
1009 929
992 929
992 904
923 904
923 902
875 902
875 853
909 853
909 851
899 851
899 843
879 843
879 835
495 835
495 842
515 842
515 839
741 839
741 841
758 841
758 846
781 846
781 856
681 856
681 866
552 866
552 873
425 873
425 874
369 874
369 871
313 871
313 845
267 845
267 826
270 826
270 823
273 823
273 813
324 813
324 802
301 802
301 796
278 796
278 811
265 811
265 909
248 909
248 910
271 910
271 925
170 925
170 937
165 937
165 883
181 883
181 809
208 809
208 793
220 793
220 792
229 792
229 797
211 797
211 814
259 814
259 708
263 708
263 707
223 707
223 696
226 696
226 684
404 684
404 710
385 710
385 732
641 732
641 715
633 715
633 661
314 661
314 664
253 664
253 667
274 667
274 669
238 669
238 663
137 663
137 660
118 660
118 659
69 659
69 554
60 554
60 673
54 673
54 649
45 649
45 625
52 625
52 609
47 609
47 580
46 580
46 505
30 505
30 404
16 404
16 425
7 425
7 644
8 644
8 654
2 654
2 712
1 712
1 975
3 975
3 833
4 833
4 972
23 972
23 983
21 983
21 1018
22 1018
22 987
28 987
28 1004
29 1004
29 961
15 961
15 968
6 968
6 655
9 655
9 716
10 716
10 601
11 601
11 960
44 960
44 927
48 927
48 923
50 923
50 896
49 896
49 886
37 886
37 762
31 762
31 774
35 774
35 940
12 940
12 428
13 428
13 620
17 620
17 650
18 650
18 407
27 407
27 506
33 506
33 549
36 549
36 513
43 513
43 616
40 616
40 656
25 656
25 552
20 552
20 679
64 679
64 639
65 639
65 678
304 678
304 677
225 677
225 676
90 676
90 665
94 665
94 668
189 668
189 670
114 670
114 672
176 672
176 675
184 675
184 674
177 674
177 671
367 671
367 666
389 666
389 662
628 662
628 711
627 711
627 728
582 728
582 730
387 730
387 718
459 718
459 704
465 704
465 720
471 720
471 706
568 706
568 705
580 705
580 702
429 702
429 693
416 693
416 687
535 687
535 688
544 688
544 686
581 686
581 689
449 689
449 690
594 690
594 683
196 683
196 709
204 709
204 694
213 694
213 697
217 697
217 714
146 714
146 698
122 698
122 725
128 725
128 717
144 717
144 734
228 734
228 723
230 723
230 719
255 719
255 812
245 812
245 799
251 799
251 789
224 789
224 770
216 770
216 773
179 773
179 779
178 779
178 832
173 832
173 801
163 801
163 827
166 827
166 867
159 867
159 828
158 828
158 906
160 906
160 928
156 928
156 939
195 939
195 950
201 950
201 949
203 949
203 973
222 973
222 976
298 976
298 979
303 979
303 984
345 984
345 969
419 969
419 974
430 974
430 964
375 964
375 942
374 942
374 943
361 943
361 941
331 941
331 947
306 947
306 948
317 948
317 951
351 951
351 956
299 956
299 953
286 953
286 958
279 958
279 963
356 963
356 955
366 955
366 965
266 965
266 967
307 967
307 971
232 971
232 962
205 962
205 959
234 959
234 938
231 938
231 952
221 952
221 926
275 926
275 879
276 879
276 907
280 907
280 913
288 913
288 889
285 889
285 885
283 885
283 858
282 858
282 854
312 854
312 860
302 860
302 861
287 861
287 872
359 872
359 877
435 877
435 875
553 875
553 869
684 869
684 868
706 868
706 859
689 859
689 857
788 857
788 837
870 837
870 901
830 901
830 890
817 890
817 892
792 892
792 1033
790 1033
790 888
812 888
812 880
777 880
777 899
787 899
787 985
772 985
772 981
768 981
768 992
766 992
766 1016
765 1016
765 1010
745 1010
745 1034
749 1034
749 1030
769 1030
769 1002
770 1002
770 1026
774 1026
774 1007
786 1007
786 1047
751 1047
751 1044
725 1044
725 1037
664 1037
664 1029
686 1029
686 1011
662 1011
662 996
696 996
696 1008
697 1008
697 990
597 990
597 993
660 993
660 994
670 994
670 995
637 995
637 1005
621 1005
621 1024
531 1024
531 1023
509 1023
509 1017
488 1017
488 1021
463 1021
463 1020
450 1020
450 1035
456 1035
456 1106
508 1106
508 1089
517 1089
517 1112
503 1112
503 1132
511 1132
511 1148
480 1148
480 1146
476 1146
476 1223
474 1223
474 1244
493 1244
493 1238
547 1238
547 1235
574 1235
574 1250
645 1250
645 1248
851 1248
851 1249
890 1249
890 1247
669 1247
669 1246
744 1246
744 1245
945 1245
945 1243
575 1243
575 1240
589 1240
589 1233
622 1233
622 1242
892 1242
892 1239
1033 1239
1033 1237
888 1237
888 1241
629 1241
629 1231
666 1231
666 1236
724 1236
724 1227
872 1227
872 1219
886 1219
886 1222
935 1222
935 1224
980 1224
980 1229
910 1229
910 1230
963 1230
963 1234
1015 1234
1015 1232
1053 1232
1053 1221
1043 1221
1043 1216
1022 1216
1022 1226
1032 1226
1032 1228
993 1228
993 1218
874 1218
874 1217
864 1217
864 1201
814 1201
814 1200
835 1200
835 1195
903 1195
903 1197
1217 1197
1217 1198
1227 1198
1227 1193
1230 1193
1230 1204
1237 1204
1237 1182
1233 1182
1233 1184
1210 1184
1210 1196
1193 1196
1193 1183
1187 1183
1187 1194
1014 1194
1014 1191
995 1191
995 1187
914 1187
914 1188
994 1188
994 1189
891 1189
891 1186
893 1186
893 1185
889 1185
889 1192
791 1192
791 1190
783 1190
783 1199
757 1199
757 1202
862 1202
862 1206
856 1206
856 1209
829 1209
829 1212
850 1212
850 1220
827 1220
827 1214
826 1214
826 1225
557 1225
557 1215
486 1215
486 1213
520 1213
520 1211
646 1211
646 1207
578 1207
578 1205
549 1205
549 1208
632 1208
632 1210
512 1210
512 1203
478 1203
478 1166
481 1166
481 1149
519 1149
519 1126
525 1126
525 1117
518 1117
518 1076
537 1076
537 1073
546 1073
546 1055
529 1055
529 1071
507 1071
507 1064
496 1064
496 1097
498 1097
498 1105
487 1105
487 1103
468 1103
468 1031
513 1031
513 1025
617 1025
617 1054
618 1054
618 1087
623 1087
623 1100
630 1100
630 1013
651 1013
651 1009
654 1009
654 1019
643 1019
643 1032
661 1032
661 1051
657 1051
657 1109
663 1109
663 1118
678 1118
678 1156
701 1156
701 1169
650 1169
650 1165
639 1165
639 1171
723 1171
723 1151
692 1151
692 1150
704 1150
704 1125
699 1125
699 1135
688 1135
688 1139
687 1139
687 1141
685 1141
685 1084
667 1084
667 1074
683 1074
683 1052
672 1052
672 1038
707 1038
707 1104
721 1104
721 1101
716 1101
716 1096
722 1096
722 1092
740 1092
740 1067
730 1067
730 1070
736 1070
736 1072
712 1072
712 1046
729 1046
729 1050
795 1050
795 1014
794 1014
794 944
798 944
798 1056
793 1056
793 1099
800 1099
800 903
799 903
799 900
818 900
818 908
845 908
845 931
906 931
906 930
880 930
880 919
865 919
865 917
911 917
911 924
936 924
936 914
853 914
853 915
847 915
847 905
961 905
961 912
969 912
969 921
974 921
974 970
975 970
975 980
976 980
976 936
979 936
979 916
984 916
984 934
1002 934
1002 957
989 957
989 1068
1005 1068
1005 1093
988 1093
988 1113
998 1113
998 1102
1011 1102
1011 1116
1017 1116
1017 1180
1019 1180
1019 1107
1020 1107
1020 1098
1025 1098
1025 1111
1031 1111
1031 1138
1040 1138
1040 1145
1045 1145
1045 1167
1071 1167
1071 1157
1180 1157
1180 1161
1197 1161
1197 1164
1156 1164
1156 1160
1162 1160
1162 1159
1142 1159
1142 1181
1171 1181
1171 1177
1203 1177
1203 1176
1219 1176
1219 1174
1231 1174
1231 1173
1222 1173
1222 1172
1150 1172
1150 1175
1159 1175
1159 1179
1152 1179
1152 1178
1143 1178
1143 1170
1148 1170
1148 1168
1202 1168
1202 1158
1229 1158
1229 1163
1244 1163
1244 1128
1242 1128
1242 1147
1241 1147
1241 1066
1245 1066
1245 991
1246 991
1246 1077
1248 1077
1248 1144
1249 1144
1249 1003
1250 1003
1250 932
1247 932
1247 989
1243 989
1243 1028
1240 1028
1240 1049
1238 1049
1238 1059
1239 1059
1239 1162
1236 1162
1236 1036
1232 1036
1232 1131
1225 1131
1225 1123
1226 1123
1226 1045
1224 1045
1224 1069
1223 1069
1223 1119
1178 1119
1178 1108
1194 1108
1194 1091
1165 1091
1165 1090
1169 1090
1169 1086
1215 1086
1215 1060
1164 1060
1164 1063
1207 1063
1207 1075
1212 1075
1212 1081
1166 1081
1166 1080
1154 1080
1154 1079
1158 1079
1158 1062
1157 1062
1157 982
1149 982
1149 977
1147 977
1147 1001
1144 1001
1144 1039
1146 1039
1146 1110
1163 1110
1163 1120
1218 1120
1218 1130
1216 1130
1216 1136
1128 1136
1128 1121
1135 1121
1135 1041
1141 1041
1141 891
1115 891
1115 862
1118 862
1118 876
1121 876
1121 834
1129 834
1129 808
1114 808
1114 882
1113 882
1113 881
1109 881
1109 820
1108 820
1108 652
1134 652
1134 648
1170 648
1170 647
1221 647
1221 651
1190 651
1190 653
1228 653
1228 645
1201 645
1201 646
1107 646
1107 643
1177 643
1177 628
1186 628
1186 598
1196 598
1196 595
1199 595
1199 576
1183 576
1183 572
1188 572
1188 564
1191 564
1191 550
1200 550
1200 551
1204 551
1204 534
1185 534
1185 533
1182 533
1182 490
815 490
815 489
802 489
802 488
917 488
917 481
926 481
926 482
996 482
996 480
934 480
934 478
898 478
898 449
900 449
900 435
904 435
904 456
905 456
905 461
938 461
938 453
918 453
918 438
944 438
944 437
947 437
947 471
968 471
968 463
951 463
951 431
907 431
907 430
883 430
883 458
894 458
894 485
808 485
808 467
739 467
739 442
734 442
734 556
738 556
738 560
635 560
635 557
615 557
615 558
592 558
592 559
606 559
606 565
608 565
608 562
773 562
773 608
747 608
747 603
742 603
742 596
733 596
733 607
714 607
714 602
539 602
539 589
542 589
542 592
614 592
614 581
604 581
604 585
408 585
408 577
548 577
548 568
438 568
438 570
329 570
329 599
310 599
310 622
272 622
272 615
264 615
264 621
162 621
162 606
202 606
202 605
241 605
241 597
185 597
185 582
171 582
171 591
183 591
183 604
152 604
152 586
150 586
150 516
191 516
191 484
197 484
197 473
168 473
168 511
147 511
147 537
142 537
142 460
153 460
153 454
323 454
323 464
355 464
355 465
370 465
370 459
405 459
405 466
410 466
410 504
448 504
448 422
445 422
445 447
443 447
443 450
446 450
446 479
442 479
442 486
444 486
444 497
413 497
413 483
434 483
434 440
441 440
441 419
433 419
433 452
412 452
412 455
354 455
354 451
401 451
401 445
348 445
348 448
182 448
182 441
192 441
192 443
257 443
257 439
151 439
151 429
148 429
148 446
135 446
135 536
116 536
116 541
132 541
132 542
117 542
117 555
138 555
138 539
149 539
149 619
136 619
136 623
341 623
341 600
349 600
349 593
353 593
353 584
397 584
397 587
528 587
528 610
432 610
432 624
457 624
457 626
330 626
330 627
402 627
402 633
371 633
371 629
120 629
120 634
82 634
82 436
84 436
84 423
91 423
91 495
103 495
103 444
99 444
99 433
108 433
108 475
111 475
111 434
115 434
115 426
112 426
112 432
110 432
110 416
113 416
113 378
109 378
109 298
98 298
98 260
96 260
96 237
100 237
100 250
104 250
104 230
95 230
95 266
89 266
89 191
92 191
92 147
141 147
141 144
102 144
102 134
107 134
107 132
161 132
161 146
145 146
145 163
140 163
140 162
119 162
119 215
164 215
164 216
235 216
235 214
219 214
219 205
121 205
121 179
126 179
126 166
154 166
154 175
289 175
289 189
292 189
292 206
268 206
268 220
277 220
277 240
335 240
335 252
254 252
254 246
129 246
129 255
125 255
125 309
127 309
127 304
130 304
130 410
316 410
316 412
333 412
333 413
210 413
210 414
337 414
337 415
338 415
338 411
322 411
322 395
258 395
258 377
260 377
260 348
296 348
296 353
372 353
372 355
326 355
326 366
315 366
315 367
415 367
415 364
477 364
477 365
500 365
500 362
494 362
494 363
339 363
339 358
393 358
393 357
611 357
611 361
780 361
780 360
871 360
871 372
834 372
834 370
852 370
852 368
636 368
636 382
559 382
559 384
659 384
659 385
710 385
710 387
717 387
717 394
750 394
750 376
762 376
762 374
732 374
732 392
731 392
731 383
713 383
713 373
644 373
644 371
823 371
823 397
824 397
824 402
831 402
831 396
842 396
842 379
848 379
848 393
878 393
878 347
877 347
877 343
881 343
881 375
916 375
916 380
920 380
920 381
925 381
925 356
884 356
884 339
876 339
876 354
811 354
811 335
937 335
937 334
776 334
776 352
760 352
760 350
680 350
680 336
540 336
540 338
658 338
658 346
668 346
668 351
499 351
499 349
504 349
504 342
453 342
453 341
422 341
422 345
342 345
342 337
362 337
362 333
346 333
346 332
249 332
249 344
242 344
242 359
252 359
252 398
321 398
321 406
175 406
175 408
295 408
295 409
134 409
134 331
143 331
143 322
133 322
133 312
190 312
190 307
131 307
131 249
212 249
212 253
358 253
358 254
431 254
431 248
344 248
344 239
437 239
437 236
399 236
399 233
521 233
521 231
360 231
360 238
297 238
297 199
293 199
293 170
320 170
320 188
325 188
325 200
309 200
309 224
327 224
327 198
328 198
328 167
200 167
200 168
247 168
247 174
187 174
187 154
180 154
180 135
172 135
172 136
167 136
167 127
97 127
97 124
492 124
492 114
532 114
532 112
538 112
538 106
556 106
556 172
563 172
563 178
543 178
543 194
536 194
536 171
479 171
479 184
461 184
461 187
454 187
454 196
491 196
491 204
524 204
524 212
506 212
506 208
420 208
420 177
411 177
411 207
418 207
418 218
451 218
451 213
523 213
523 217
526 217
526 210
554 210
554 203
555 203
555 185
602 185
602 197
583 197
583 202
605 202
605 190
674 190
674 193
726 193
726 176
719 176
719 192
690 192
690 161
752 161
752 160
855 160
855 155
868 155
868 169
866 169
866 195
857 195
857 201
858 201
858 209
861 209
861 229
895 229
895 241
902 241
902 227
913 227
913 244
919 244
919 234
921 234
921 245
954 245
954 243
978 243
978 235
970 235
970 157
972 157
972 165
973 165
973 103
986 103
986 98
981 98
981 92
982 92
982 69
971 69
971 22
960 22
960 29
958 29
958 70
965 70
965 77
957 77
957 18
956 18
956 139
950 139
950 129
943 129
943 71
953 71
953 16
1004 16
1004 62
1021 62
1021 65
1023 65
1023 14
1024 14
1024 15
1028 15
1028 242
1029 242
1029 10
1018 10
1018 20
1016 20
1016 6
1055 6
1055 9
1030 9
1030 12
1042 12
1042 17
1041 17
1041 13
1037 13
1037 84
1039 84
1039 46
1047 46
1047 44
1061 44
1061 81
1059 81
1059 173
1046 173
1046 225
1050 225
1050 258
764 258
764 256
587 256
587 259
510 259
510 257
336 257
336 267
368 267
368 269
455 269
455 268
391 268
391 262
566 262
566 296
562 296
562 281
530 281
530 289
447 289
447 294
484 294
484 293
490 293
490 291
505 291
505 297
514 297
514 299
595 299
595 300
482 300
482 302
423 302
423 274
350 274
350 285
347 285
347 310
332 310
332 318
311 318
311 317
281 317
281 314
214 314
214 316
240 316
240 321
261 321
261 325
215 325
215 323
194 323
194 329
250 329
250 330
334 330
334 324
363 324
363 320
364 320
364 290
378 290
378 315
464 315
464 308
382 308
382 305
414 305
414 292
383 292
383 288
396 288
396 278
388 278
388 277
365 277
365 286
357 286
357 276
421 276
421 303
564 303
564 301
596 301
596 295
598 295
598 283
576 283
576 282
601 282
601 265
567 265
567 261
626 261
626 263
1044 263
1044 270
775 270
775 271
610 271
610 280
607 280
607 306
620 306
620 287
619 287
619 273
634 273
634 275
656 275
656 284
675 284
675 272
1051 272
1051 264
1052 264
1052 226
1058 226
1058 247
1060 247
1060 222
1056 222
1056 211
1064 211
1064 142
1067 142
1067 143
1112 143
1112 133
1073 133
1073 128
1110 128
1110 82
1117 82
1117 64
1102 64
1102 76
1093 76
1093 110
1069 110
1069 59
1084 59
1084 60
1091 60
1091 50
1116 50
1116 55
1209 55
1209 68
1208 68
1208 223
1213 223
1213 150
1214 150
1214 131
1211 131
1211 47
1198 47
1198 37
1088 37
1088 45
1087 45
1087 54
1063 54
1063 34
1070 34
1070 32
1189 32
1189 7
1206 7
1206 1
