124
314 662
314 664
253 664
253 667
274 667
274 669
238 669
238 663
137 663
137 660
118 660
118 659
69 659
69 554
60 554
60 673
54 673
54 649
45 649
45 625
52 625
52 609
47 609
47 580
46 580
46 505
30 505
30 404
16 404
16 425
7 425
7 644
8 644
8 654
2 654
2 712
1 712
1 975
3 975
3 833
4 833
4 972
23 972
23 983
21 983
21 1018
22 1018
22 987
28 987
28 1004
29 1004
29 961
15 961
15 968
6 968
6 655
9 655
9 716
10 716
10 601
11 601
11 960
44 960
44 927
48 927
48 923
50 923
50 896
49 896
49 886
37 886
37 762
31 762
31 774
35 774
35 940
12 940
12 428
13 428
13 620
17 620
17 650
18 650
18 407
27 407
27 506
33 506
33 549
36 549
36 513
43 513
43 616
40 616
40 656
25 656
25 552
20 552
20 679
64 679
64 639
65 639
65 678
304 678
304 677
225 677
225 676
90 676
90 665
94 665
94 668
189 668
189 670
114 670
114 672
176 672
176 675
184 675
184 674
177 674
177 671
367 671
367 666
389 666
389 662
