372
447 246
447 247
454 247
454 253
458 253
458 258
482 258
482 267
489 267
489 273
491 273
491 354
475 354
475 369
473 369
473 355
466 355
466 342
437 342
437 340
351 340
351 345
345 345
345 346
243 346
243 356
108 356
108 357
254 357
254 360
49 360
49 367
21 367
21 352
22 352
22 298
34 298
34 279
32 279
32 265
7 265
7 337
2 337
2 256
6 256
6 234
1 234
1 373
3 373
3 392
31 392
31 384
84 384
84 387
103 387
103 391
126 391
126 390
137 390
137 381
101 381
101 383
94 383
94 378
52 378
52 379
71 379
71 382
9 382
9 339
10 339
10 274
14 274
14 276
27 276
27 266
30 266
30 281
11 281
11 320
17 320
17 368
53 368
53 362
125 362
125 366
167 366
167 364
176 364
176 363
157 363
157 361
256 361
256 347
371 347
371 341
399 341
399 349
266 349
266 350
406 350
406 343
443 343
443 348
414 348
414 351
433 351
433 353
461 353
461 370
457 370
457 371
424 371
424 374
423 374
423 389
413 389
413 397
429 397
429 401
416 401
416 415
426 415
426 450
392 450
392 460
354 460
354 462
280 462
280 453
309 453
309 447
334 447
334 443
321 443
321 438
353 438
353 402
326 402
326 400
381 400
381 434
387 434
387 395
360 395
360 398
344 398
344 399
316 399
316 421
298 421
298 413
245 413
245 417
274 417
274 420
244 420
244 423
270 423
270 422
349 422
349 425
313 425
313 426
341 426
341 430
203 430
203 432
216 432
216 431
308 431
308 436
146 436
146 412
166 412
166 404
155 404
155 405
43 405
43 407
41 407
41 408
66 408
66 419
38 419
38 441
48 441
48 439
50 439
50 449
60 449
60 446
62 446
62 455
56 455
56 458
55 458
55 461
44 461
44 463
45 463
45 468
83 468
83 429
85 429
85 418
89 418
89 451
115 451
115 471
114 471
114 474
102 474
102 452
96 452
96 484
98 484
98 486
118 486
118 488
141 488
141 490
104 490
104 492
46 492
46 496
33 496
33 500
72 500
72 499
54 499
54 497
47 497
47 493
148 493
148 495
150 495
150 491
149 491
149 487
119 487
119 478
128 478
128 485
134 485
134 444
91 444
91 433
143 433
143 416
82 416
82 445
76 445
76 428
75 428
75 456
65 456
65 427
74 427
74 424
73 424
73 414
122 414
122 411
107 411
107 410
145 410
145 480
172 480
172 483
174 483
174 477
183 477
183 494
185 494
185 498
189 498
189 489
197 489
197 472
147 472
147 437
311 437
311 435
317 435
317 440
314 440
314 442
287 442
287 448
259 448
259 459
237 459
237 454
235 454
235 464
268 464
268 466
398 466
398 465
400 465
400 475
372 475
372 467
369 467
369 469
347 469
347 479
315 479
315 481
368 481
368 482
376 482
376 476
415 476
415 473
411 473
411 457
418 457
418 470
427 470
427 409
420 409
420 406
431 406
431 377
444 377
444 385
448 385
448 403
449 403
449 386
451 386
451 393
452 393
452 375
446 375
446 372
485 372
485 376
460 376
460 394
467 394
467 388
483 388
483 380
486 380
486 365
487 365
487 396
492 396
492 261
488 261
488 257
478 257
478 245
234 245
234 222
329 222
329 223
405 223
405 230
397 230
397 228
388 228
388 231
408 231
408 221
233 221
233 243
218 243
218 246
