126
473 369
473 355
466 355
466 342
437 342
437 340
351 340
351 345
345 345
345 346
243 346
243 356
108 356
108 357
254 357
254 360
49 360
49 367
21 367
21 352
22 352
22 298
34 298
34 279
32 279
32 265
7 265
7 337
2 337
2 256
6 256
6 234
1 234
1 373
3 373
3 392
31 392
31 384
84 384
84 387
103 387
103 391
126 391
126 390
137 390
137 381
101 381
101 383
94 383
94 378
52 378
52 379
71 379
71 382
9 382
9 339
10 339
10 274
14 274
14 276
27 276
27 266
30 266
30 281
11 281
11 320
17 320
17 368
53 368
53 362
125 362
125 366
167 366
167 364
176 364
176 363
157 363
157 361
256 361
256 347
371 347
371 341
399 341
399 349
266 349
266 350
406 350
406 343
443 343
443 348
414 348
414 351
433 351
433 353
461 353
461 370
457 370
457 371
424 371
424 374
423 374
423 389
413 389
413 397
429 397
429 401
416 401
416 415
426 415
426 450
392 450
392 460
411 460
411 457
427 457
427 409
420 409
420 406
431 406
431 377
452 377
452 375
446 375
446 372
486 372
486 369
