2930
505 1
505 201
501 201
501 63
499 63
499 316
502 316
502 310
521 310
521 304
525 304
525 317
546 317
546 353
515 353
515 350
475 350
475 360
533 360
533 371
443 371
443 372
484 372
484 375
575 375
575 380
519 380
519 384
444 384
444 392
470 392
470 403
428 403
428 404
388 404
388 407
259 407
259 408
225 408
225 411
149 411
149 417
131 417
131 431
287 431
287 443
293 443
293 501
322 501
322 543
323 543
323 1128
311 1128
311 1354
319 1354
319 1708
316 1708
316 1828
310 1828
310 1919
314 1919
314 1935
317 1935
317 2022
313 2022
313 2021
258 2021
258 2016
303 2016
303 2015
204 2015
204 2012
219 2012
219 2007
223 2007
223 1997
109 1997
109 1995
66 1995
66 1986
91 1986
91 1834
81 1834
81 1821
92 1821
92 1787
87 1787
87 1768
49 1768
49 1751
47 1751
47 1719
75 1719
75 1714
25 1714
25 1648
19 1648
19 1629
1 1629
1 1636
12 1636
12 1673
14 1673
14 1723
37 1723
37 1738
30 1738
30 1792
31 1792
31 1817
28 1817
28 2002
26 2002
26 1964
16 1964
16 1951
7 1951
7 1860
6 1860
6 1966
13 1966
13 1979
2 1979
2 1987
4 1987
4 1998
3 1998
3 2008
8 2008
8 2141
5 2141
5 2188
9 2188
9 2278
22 2278
22 2252
10 2252
10 2198
56 2198
56 2319
67 2319
67 2318
71 2318
71 2342
72 2342
72 2310
61 2310
61 2269
60 2269
60 2305
58 2305
58 2194
17 2194
17 2192
11 2192
11 2040
15 2040
15 2001
18 2001
18 1984
23 1984
23 2074
24 2074
24 2187
40 2187
40 2155
34 2155
34 2097
36 2097
36 2092
41 2092
41 2049
38 2049
38 1976
39 1976
39 1973
32 1973
32 2105
27 2105
27 2046
29 2046
29 1899
33 1899
33 1782
74 1782
74 1785
35 1785
35 1797
42 1797
42 1795
78 1795
78 1769
82 1769
82 1781
79 1781
79 1832
48 1832
48 1829
63 1829
63 1822
52 1822
52 1825
44 1825
44 1863
43 1863
43 1902
46 1902
46 1913
45 1913
45 1944
53 1944
53 1886
51 1886
51 1839
68 1839
68 1837
88 1837
88 1884
90 1884
90 1974
89 1974
89 1945
59 1945
59 1949
76 1949
76 1967
55 1967
55 1988
64 1988
64 1999
135 1999
135 2004
86 2004
86 2009
128 2009
128 2006
160 2006
160 2018
216 2018
216 2019
93 2019
93 2025
126 2025
126 2321
125 2321
125 2330
127 2330
127 2029
153 2029
153 2027
141 2027
141 2020
232 2020
232 2017
247 2017
247 2024
299 2024
299 2023
320 2023
320 1332
318 1332
318 1196
321 1196
321 1830
325 1830
325 1198
326 1198
326 951
324 951
324 498
301 498
301 496
294 496
294 445
302 445
302 494
309 494
309 483
307 483
307 476
308 476
308 469
331 469
331 474
349 474
349 430
181 430
181 427
478 427
478 422
491 422
491 420
445 420
445 421
416 421
416 423
441 423
441 426
147 426
147 424
230 424
230 416
180 416
180 415
210 415
210 412
300 412
300 410
540 410
540 394
623 394
623 342
625 342
625 318
610 318
610 333
551 333
551 351
563 351
563 338
622 338
622 344
582 344
582 365
604 365
604 370
619 370
619 386
592 386
592 389
577 389
577 363
569 363
569 359
550 359
550 282
538 282
538 269
558 269
558 261
601 261
601 274
567 274
567 279
630 279
630 313
634 313
634 298
638 298
638 283
666 283
666 281
688 281
688 291
675 291
675 395
682 395
682 337
681 337
681 308
685 308
685 311
691 311
691 361
745 361
745 362
722 362
722 366
695 366
695 434
698 434
698 413
705 413
705 414
757 414
757 401
727 401
727 402
696 402
696 367
773 367
773 368
783 368
783 322
785 322
785 319
791 319
791 306
793 306
793 309
799 309
799 302
802 302
802 506
800 506
800 747
784 747
784 722
795 722
795 735
796 735
796 683
794 683
794 638
779 638
779 634
771 634
771 676
746 676
746 630
752 630
752 627
761 627
761 620
790 620
790 619
768 619
768 616
770 616
770 589
769 589
769 570
765 570
765 603
755 603
755 610
748 610
748 605
703 605
703 583
671 583
671 601
670 601
670 661
669 661
669 644
665 644
665 725
660 725
660 770
659 770
659 557
657 557
657 726
654 726
654 844
653 844
653 728
649 728
649 737
645 737
645 890
644 890
644 715
646 715
646 592
643 592
643 674
637 674
637 731
642 731
642 834
641 834
641 870
640 870
640 794
639 794
639 911
663 911
663 920
602 920
602 954
591 954
591 1036
599 1036
599 1048
589 1048
589 1108
590 1108
590 1206
605 1206
605 1181
596 1181
596 1106
617 1106
617 1064
627 1064
627 1013
618 1013
618 989
616 989
616 999
593 999
593 955
609 955
609 935
651 935
651 941
687 941
687 932
692 932
692 944
697 944
697 943
714 943
714 1151
711 1151
711 957
710 957
710 975
709 975
709 1303
719 1303
719 1378
716 1378
716 1403
712 1403
712 1443
706 1443
706 1422
704 1422
704 1458
679 1458
679 1450
672 1450
672 1473
661 1473
661 1440
662 1440
662 1418
598 1418
598 1429
573 1429
573 1376
541 1376
541 1366
580 1366
580 1313
586 1313
586 788
587 788
587 752
584 752
584 681
548 681
548 649
544 649
544 648
532 648
532 643
472 643
472 848
461 848
461 1257
460 1257
460 1694
462 1694
462 1799
458 1799
458 1818
457 1818
457 1956
452 1956
452 1910
449 1910
449 1989
448 1989
448 1849
447 1849
447 1891
446 1891
446 1909
442 1909
442 1890
424 1890
424 1844
373 1844
373 1838
366 1838
366 1743
369 1743
369 1687
370 1687
370 1605
386 1605
386 1690
383 1690
383 1705
389 1705
389 1417
381 1417
381 1459
377 1459
377 1190
374 1190
374 1176
380 1176
380 1163
392 1163
392 1289
395 1289
395 1516
394 1516
394 1530
393 1530
393 1447
391 1447
391 1762
398 1762
398 1612
396 1612
396 1542
399 1542
399 1775
400 1775
400 1477
401 1477
401 1374
404 1374
404 1600
402 1600
402 1761
429 1761
429 1748
405 1748
405 1545
410 1545
410 1540
422 1540
422 1284
421 1284
421 1276
432 1276
432 1266
435 1266
435 1372
433 1372
433 1486
430 1486
430 1754
431 1754
431 1667
436 1667
436 1669
437 1669
437 1451
439 1451
439 1431
438 1431
438 1213
434 1213
434 1185
412 1185
412 1191
427 1191
427 1237
423 1237
423 1262
417 1262
417 1329
415 1329
415 1472
419 1472
419 1529
414 1529
414 1501
413 1501
413 1504
407 1504
407 1358
408 1358
408 1291
397 1291
397 1137
390 1137
390 1126
379 1126
379 863
406 863
406 855
384 855
384 843
378 843
378 771
420 771
420 695
426 695
426 569
337 569
337 846
336 846
336 576
334 576
334 884
333 884
333 564
329 564
329 577
328 577
328 1310
330 1310
330 1344
348 1344
348 1362
327 1362
327 1383
350 1383
350 1371
357 1371
357 1476
359 1476
359 1356
358 1356
358 1350
352 1350
352 1308
351 1308
351 1306
343 1306
343 1325
339 1325
339 1301
338 1301
338 1231
340 1231
340 1277
344 1277
344 1218
346 1218
346 1110
335 1110
335 1122
332 1122
332 968
347 968
347 926
355 926
355 927
356 927
356 914
353 914
353 915
345 915
345 710
341 710
341 694
354 694
354 657
342 657
342 579
382 579
382 573
425 573
425 686
418 686
418 761
376 761
376 781
364 781
364 824
360 824
360 953
362 953
362 882
375 882
375 1057
372 1057
372 1130
371 1130
371 1508
368 1508
368 1157
367 1157
367 1512
385 1512
385 1593
363 1593
363 1377
361 1377
361 1641
365 1641
365 1850
403 1850
403 1851
411 1851
411 1853
387 1853
387 1865
409 1865
409 1900
440 1900
440 1992
471 1992
471 1981
463 1981
463 1763
464 1763
464 1526
466 1526
466 1531
465 1531
465 1654
467 1654
467 1436
468 1436
468 995
469 995
469 960
473 960
473 872
474 872
474 654
487 654
487 645
511 645
511 671
524 671
524 692
535 692
535 696
555 696
555 687
581 687
581 758
576 758
576 803
494 803
494 806
493 806
493 815
537 815
537 851
530 851
530 831
485 831
485 878
483 878
483 913
489 913
489 918
495 918
495 899
496 899
496 859
507 859
507 876
560 876
560 813
503 813
503 812
508 812
508 807
583 807
583 1099
579 1099
579 1334
572 1334
572 1349
566 1349
566 1320
574 1320
574 1233
565 1233
565 1365
547 1365
547 1314
543 1314
543 1290
529 1290
529 1309
516 1309
516 1316
536 1316
536 1324
498 1324
498 1346
504 1346
504 1342
527 1342
527 1353
523 1353
523 1357
520 1357
520 1367
482 1367
482 1380
497 1380
497 1382
517 1382
517 1385
568 1385
568 1435
545 1435
545 1444
570 1444
570 1426
571 1426
571 1433
628 1433
628 1442
626 1442
626 1457
632 1457
632 1471
594 1471
594 1481
600 1481
600 1606
559 1606
559 1638
556 1638
556 1602
557 1602
557 1561
553 1561
553 1609
552 1609
552 1725
585 1725
585 1718
606 1718
606 1793
595 1793
595 1811
607 1811
607 1724
608 1724
608 1730
624 1730
624 1715
554 1715
554 1704
597 1704
597 1696
564 1696
564 1670
603 1670
603 1546
611 1546
611 1691
613 1691
613 1596
614 1596
614 1475
750 1475
750 1434
774 1434
774 1420
776 1420
776 1416
764 1416
764 1412
747 1412
747 1441
738 1441
738 1414
735 1414
735 1461
715 1461
715 1460
720 1460
720 1250
724 1250
724 1222
726 1222
726 1207
729 1207
729 1165
730 1165
730 1246
733 1246
733 1331
737 1331
737 1125
732 1125
732 1129
718 1129
718 1073
721 1073
721 986
749 986
749 1065
753 1065
753 1211
756 1211
756 886
754 886
754 978
723 978
723 931
612 931
612 921
635 921
635 922
684 922
684 841
686 841
686 759
683 759
683 906
680 906
680 905
647 905
647 847
652 847
652 853
658 853
658 827
667 827
667 868
668 868
668 769
673 769
673 597
677 597
677 604
678 604
678 612
689 612
689 608
744 608
744 641
728 641
728 642
700 642
700 660
701 660
701 666
725 666
725 702
731 702
731 653
739 653
739 724
736 724
736 743
740 743
740 679
792 679
792 703
777 703
777 768
780 768
780 766
805 766
805 568
808 568
808 418
807 418
807 550
803 550
803 292
798 292
798 265
801 265
801 207
817 207
817 210
898 210
898 214
881 214
881 222
1005 222
1005 219
1145 219
1145 224
1108 224
1108 227
1354 227
1354 215
1421 215
1421 243
1396 243
1396 248
1416 248
1416 258
1407 258
1407 263
1418 263
1418 273
1390 273
1390 280
1373 280
1373 303
1401 303
1401 289
1409 289
1409 284
1411 284
1411 275
1432 275
1432 290
1453 290
1453 286
1468 286
1468 225
1471 225
1471 203
1462 203
1462 196
1447 196
1447 148
1436 148
1436 84
1448 84
1448 92
1450 92
1450 68
1454 68
1454 54
1465 54
1465 106
1470 106
1470 53
1497 53
1497 90
1476 90
1476 117
1475 117
1475 236
1472 236
1472 240
1512 240
1512 260
1506 260
1506 267
1520 267
1520 255
1592 255
1592 268
1588 268
1588 321
1575 321
1575 320
1548 320
1548 278
1545 278
1545 297
1521 297
1521 300
1496 300
1496 314
1547 314
1547 323
1481 323
1481 326
1523 326
1523 324
1597 324
1597 315
1594 315
1594 307
1602 307
1602 235
1589 235
1589 124
1598 124
1598 134
1603 134
1603 200
1605 200
1605 230
1608 230
1608 122
1601 122
1601 66
1610 66
1610 383
1606 383
1606 456
1420 456
1420 452
1422 452
1422 450
1355 450
1355 448
1341 448
1341 468
1342 468
1342 486
1361 486
1361 461
1364 461
1364 505
1363 505
1363 488
1359 488
1359 503
1357 503
1357 490
1319 490
1319 519
1271 519
1271 500
1179 500
1179 514
1143 514
1143 524
1123 524
1123 516
1079 516
1079 493
998 493
998 489
883 489
883 495
869 495
869 459
910 459
910 463
967 463
967 467
1088 467
1088 481
1089 481
1089 484
1094 484
1094 477
1187 477
1187 442
1165 442
1165 457
1159 457
1159 441
1142 441
1142 464
1138 464
1138 455
873 455
873 449
1114 449
1114 437
979 437
979 436
1091 436
1091 435
907 435
907 438
1041 438
1041 439
972 439
972 444
1111 444
1111 447
860 447
860 475
858 475
858 558
865 558
865 563
870 563
870 509
859 509
859 507
890 507
890 520
874 520
874 548
884 548
884 547
885 547
885 701
913 701
913 665
923 665
923 658
1086 658
1086 736
1087 736
1087 746
1058 746
1058 744
1039 744
1039 903
1033 903
1033 929
1040 929
1040 974
1042 974
1042 1011
1038 1011
1038 1393
1047 1393
1047 1466
976 1466
976 1463
959 1463
959 1453
956 1453
956 1425
934 1425
934 1452
927 1452
927 1455
930 1455
930 1493
908 1493
908 1411
995 1411
995 1370
1000 1370
1000 1355
1004 1355
1004 1229
953 1229
953 1228
941 1228
941 1224
904 1224
904 1232
900 1232
900 1236
871 1236
871 1348
876 1348
876 1312
879 1312
879 1302
878 1302
878 1240
994 1240
994 1352
992 1352
992 1317
973 1317
973 1323
940 1323
940 1368
970 1368
970 1364
980 1364
980 1395
958 1395
958 1388
957 1388
957 1399
925 1399
925 1400
948 1400
948 1407
897 1407
897 1498
931 1498
931 1496
936 1496
936 1499
1022 1499
1022 1521
1027 1521
1027 1543
1028 1543
1028 1623
952 1623
952 1597
960 1597
960 1553
920 1553
920 1562
933 1562
933 1586
944 1586
944 1625
965 1625
965 1650
932 1650
932 1649
914 1649
914 1776
915 1776
915 1843
935 1843
935 1836
937 1836
937 1842
942 1842
942 1773
943 1773
943 1756
949 1756
949 1757
964 1757
964 1716
954 1716
954 1701
918 1701
918 1653
971 1653
971 1805
983 1805
983 1845
844 1845
844 1848
840 1848
840 1887
864 1887
864 1923
1003 1923
1003 1937
1001 1937
1001 1943
981 1943
981 1930
905 1930
905 1939
880 1939
880 1948
917 1948
917 1957
938 1957
938 1959
946 1959
946 1968
928 1968
928 1965
924 1965
924 1983
926 1983
926 1972
966 1972
966 1960
969 1960
969 1947
1030 1947
1030 1921
1097 1921
1097 1903
1134 1903
1134 1915
1149 1915
1149 1936
1093 1936
1093 1940
1185 1940
1185 1931
1170 1931
1170 1933
1163 1933
1163 1889
1020 1889
1020 1883
1014 1883
1014 1893
1010 1893
1010 1912
1019 1912
1019 1895
1024 1895
1024 1925
1007 1925
1007 1916
868 1916
868 1898
894 1898
894 1878
985 1878
985 1881
1104 1881
1104 1880
1333 1880
1333 1928
1329 1928
1329 1929
1312 1929
1312 1927
1310 1927
1310 1950
1255 1950
1255 1977
1282 1977
1282 1952
1287 1952
1287 1958
1327 1958
1327 1980
1336 1980
1336 1962
1332 1962
1332 1961
1331 1961
1331 1946
1346 1946
1346 1938
1353 1938
1353 1932
1343 1932
1343 1877
1345 1877
1345 1869
1307 1869
1307 1868
1150 1868
1150 1861
1096 1861
1096 1864
1092 1864
1092 1857
1095 1857
1095 1855
1012 1855
1012 1867
1026 1867
1026 1870
1158 1870
1158 1871
856 1871
856 1866
853 1866
853 1872
1198 1872
1198 1874
1202 1874
1202 1876
1299 1876
1299 1879
1013 1879
1013 1875
850 1875
850 1873
852 1873
852 1846
919 1846
919 1847
988 1847
988 1840
987 1840
987 1794
986 1794
986 1737
975 1737
975 1639
974 1639
974 1633
993 1633
993 1630
1075 1630
1075 1361
1077 1361
1077 1343
1074 1343
1074 1373
1073 1373
1073 1601
1063 1601
1063 1583
1035 1583
1035 1580
1034 1580
1034 1568
1065 1568
1065 1567
1029 1567
1029 1478
1062 1478
1062 1467
1049 1467
1049 1419
1061 1419
1061 1337
1053 1337
1053 1280
1072 1280
1072 1028
1068 1028
1068 1033
1060 1033
1060 934
1054 934
1054 945
1055 945
1055 1001
1059 1001
1059 1044
1052 1044
1052 961
1046 961
1046 1111
1056 1111
1056 1112
1064 1112
1064 1253
1066 1253
1066 1269
1043 1269
1043 1214
1044 1214
1044 826
1048 826
1048 816
1113 816
1113 833
1101 833
1101 891
1098 891
1098 1172
1109 1172
1109 1164
1126 1164
1126 1147
1131 1147
1131 1158
1133 1158
1133 1131
1153 1131
1153 1093
1162 1093
1162 1183
1171 1183
1171 1267
1178 1267
1178 1294
1182 1294
1182 1296
1180 1296
1180 1488
1184 1488
1184 1180
1166 1180
1166 1049
1157 1049
1157 1056
1164 1056
1164 1084
1146 1084
1146 1071
1144 1071
1144 1085
1136 1085
1136 1076
1135 1076
1135 1115
1127 1115
1127 1134
1122 1134
1122 1113
1102 1113
1102 983
1100 983
1100 1092
1099 1092
1099 939
1118 939
1118 923
1117 923
1117 873
1132 873
1132 817
1119 817
1119 797
1085 797
1085 767
1090 767
1090 639
1081 639
1081 655
886 655
886 598
887 598
887 539
892 539
892 491
990 491
990 499
1076 499
1076 502
1050 502
1050 538
1032 538
1032 541
1173 541
1173 537
1121 537
1121 535
1084 535
1084 534
1183 534
1183 561
1189 561
1189 580
1213 580
1213 628
1208 628
1208 678
1219 678
1219 682
1211 682
1211 717
1203 717
1203 789
1207 789
1207 839
1263 839
1263 842
1242 842
1242 865
1216 865
1216 937
1230 937
1230 1023
1228 1023
1228 1083
1247 1083
1247 959
1243 959
1243 1022
1235 1022
1235 1080
1231 1080
1231 880
1258 880
1258 900
1253 900
1253 940
1256 940
1256 1699
1232 1699
1232 1491
1226 1491
1226 1520
1224 1520
1224 1544
1229 1544
1229 1615
1221 1615
1221 1702
1225 1702
1225 1745
1237 1745
1237 1753
1251 1753
1251 1747
1293 1747
1293 1750
1294 1750
1294 1740
1264 1740
1264 1688
1286 1688
1286 1655
1288 1655
1288 1680
1300 1680
1300 1739
1320 1739
1320 1791
1314 1791
1314 1801
1318 1801
1318 1798
1324 1798
1324 1665
1323 1665
1323 1657
1291 1657
1291 1598
1279 1598
1279 1652
1259 1652
1259 1549
1262 1549
1262 1537
1261 1537
1261 1519
1281 1519
1281 1494
1276 1494
1276 1389
1278 1389
1278 1468
1280 1468
1280 1363
1274 1363
1274 1321
1275 1321
1275 1114
1277 1114
1277 1086
1272 1086
1272 1272
1273 1272
1273 1391
1266 1391
1266 1484
1257 1484
1257 916
1260 916
1260 879
1268 879
1268 835
1212 835
1212 706
1220 706
1220 650
1233 650
1233 624
1222 624
1222 613
1296 613
1296 621
1306 621
1306 607
1322 607
1322 586
1444 586
1444 593
1395 593
1395 594
1402 594
1402 595
1417 595
1417 596
1446 596
1446 609
1449 609
1449 637
1473 637
1473 640
1492 640
1492 670
1482 670
1482 723
1484 723
1484 756
1501 756
1501 765
1507 765
1507 784
1494 784
1494 772
1443 772
1443 777
1434 777
1434 782
1429 782
1429 792
1489 792
1489 802
1525 802
1525 786
1551 786
1551 668
1558 668
1558 635
1564 635
1564 647
1565 647
1565 948
1566 948
1566 1008
1557 1008
1557 991
1556 991
1556 1077
1568 1077
1568 1082
1559 1082
1559 1098
1623 1098
1623 1102
1728 1102
1728 1100
1958 1100
1958 1103
1895 1103
1895 1101
1771 1101
1771 1104
1977 1104
1977 1058
1989 1058
1989 1040
1979 1040
1979 1045
1988 1045
1988 1047
1964 1047
1964 1061
1970 1061
1970 1079
1966 1079
1966 1096
1663 1096
1663 1091
1837 1091
1837 1062
1897 1062
1897 1031
1906 1031
1906 1026
1948 1026
1948 1017
1997 1017
1997 1012
2051 1012
2051 1081
2042 1081
2042 1087
2046 1087
2046 1095
2049 1095
2049 1117
1998 1117
1998 1133
2017 1133
2017 1139
1908 1139
1908 1138
1923 1138
1923 1136
1733 1136
1733 1152
1764 1152
1764 1150
1812 1150
1812 1149
2096 1149
2096 1154
1922 1154
1922 1184
1919 1184
1919 1210
1927 1210
1927 1263
1870 1263
1870 1283
1839 1283
1839 1287
1867 1287
1867 1330
1904 1330
1904 1285
1890 1285
1890 1319
1882 1319
1882 1297
1874 1297
1874 1273
1946 1273
1946 1203
1947 1203
1947 1219
1949 1219
1949 1192
1945 1192
1945 1235
1931 1235
1931 1189
1936 1189
1936 1162
1928 1162
1928 1161
1952 1161
1952 1225
1951 1225
1951 1360
1953 1360
1953 1430
1763 1430
1763 1533
1770 1533
1770 1437
1778 1437
1778 1563
1748 1563
1748 1566
1754 1566
1754 1585
1737 1585
1737 1622
1731 1622
1731 1570
1682 1570
1682 1536
1686 1536
1686 1534
1669 1534
1669 1286
1683 1286
1683 1142
1713 1142
1713 1195
1719 1195
1719 1132
1676 1132
1676 1120
1673 1120
1673 1188
1670 1188
1670 1160
1666 1160
1666 1156
1650 1156
1650 1166
1640 1166
1640 1159
1638 1159
1638 1167
1661 1167
1661 1200
1667 1200
1667 1311
1665 1311
1665 1402
1668 1402
1668 1409
1658 1409
1658 1454
1656 1454
1656 1555
1660 1555
1660 1513
1662 1513
1662 1576
1705 1576
1705 1584
1703 1584
1703 1594
1652 1594
1652 1607
1721 1607
1721 1642
1707 1642
1707 1660
1675 1660
1675 1697
1693 1697
1693 1709
1689 1709
1689 1736
1694 1736
1694 1780
1695 1780
1695 1826
1697 1826
1697 1663
1734 1663
1734 1824
1756 1824
1756 1831
1766 1831
1766 1827
1772 1827
1772 1815
1735 1815
1735 1812
1740 1812
1740 1604
1749 1604
1749 1587
1803 1587
1803 1588
1811 1588
1811 1564
1789 1564
1789 1474
1781 1474
1781 1438
1954 1438
1954 1387
1956 1387
1956 1347
1962 1347
1962 1295
1959 1295
1959 1274
1961 1274
1961 1221
1972 1221
1972 1201
1986 1201
1986 1216
1990 1216
1990 1199
1980 1199
1980 1193
1981 1193
1981 1174
1976 1174
1976 1155
2104 1155
2104 1170
2079 1170
2079 1171
2036 1171
2036 1392
2039 1392
2039 1248
2044 1248
2044 1175
2094 1175
2094 1182
2085 1182
2085 1187
2092 1187
2092 1230
2077 1230
2077 1234
2073 1234
2073 1244
2080 1244
2080 1252
2059 1252
2059 1259
2069 1259
2069 1279
2098 1279
2098 1315
2128 1315
2128 1318
2125 1318
2125 1386
2129 1386
2129 1375
2146 1375
2146 1345
2134 1345
2134 1341
2198 1341
2198 1326
2199 1326
2199 1338
2201 1338
2201 1281
2247 1281
2247 1298
2252 1298
2252 1299
2235 1299
2235 1300
2226 1300
2226 1396
2222 1396
2222 1408
2228 1408
2228 1424
2237 1424
2237 1404
2244 1404
2244 1406
2246 1406
2246 1423
2258 1423
2258 1448
2177 1448
2177 1446
2171 1446
2171 1464
2139 1464
2139 1483
2113 1483
2113 1485
2182 1485
2182 1449
2261 1449
2261 1523
2263 1523
2263 1524
2265 1524
2265 1565
2256 1565
2256 1559
2253 1559
2253 1571
2241 1571
2241 1579
2245 1579
2245 1582
2234 1582
2234 1554
2193 1554
2193 1552
2137 1552
2137 1538
2219 1538
2219 1525
2168 1525
2168 1510
2169 1510
2169 1503
2105 1503
2105 1506
2155 1506
2155 1522
2060 1522
2060 1413
2057 1413
2057 1462
2043 1462
2043 1505
2047 1505
2047 1514
2054 1514
2054 1532
2005 1532
2005 1640
1994 1640
1994 1637
1992 1637
1992 1679
1995 1679
1995 1683
2004 1683
2004 1700
2006 1700
2006 1720
2023 1720
2023 1675
2048 1675
2048 1674
2026 1674
2026 1569
2013 1569
2013 1619
2021 1619
2021 1646
2015 1646
2015 1656
2007 1656
2007 1557
2012 1557
2012 1541
2120 1541
2120 1547
2087 1547
2087 1548
2052 1548
2052 1611
2056 1611
2056 1558
2053 1558
2053 1551
2121 1551
2121 1556
2216 1556
2216 1573
2164 1573
2164 1603
2151 1603
2151 1731
2150 1731
2150 1728
2149 1728
2149 1664
2143 1664
2143 1734
2140 1734
2140 1726
2136 1726
2136 1729
2132 1729
2132 1741
2142 1741
2142 1765
2141 1765
2141 1823
2131 1823
2131 1858
2144 1858
2144 1744
2147 1744
2147 1924
2156 1924
2156 2026
2160 2026
2160 2014
2157 2014
2157 1767
2165 1767
2165 2088
2170 2088
2170 2185
2162 2185
2162 2177
2135 2177
2135 2169
2124 2169
2124 2134
2100 2134
2100 2200
2102 2200
2102 2208
1706 2208
1706 2216
1753 2216
1753 2224
1612 2224
1612 2232
1554 2232
1554 2211
1529 2211
1529 2207
1518 2207
1518 2205
1515 2205
1515 2179
1560 2179
1560 2182
1586 2182
1586 2181
1621 2181
1621 2152
1509 2152
1509 2151
1393 2151
1393 2147
1419 2147
1419 2143
1344 2143
1344 2142
1067 2142
1067 2136
845 2136
845 2183
815 2183
815 2131
820 2131
820 2132
846 2132
846 2130
851 2130
851 2129
847 2129
847 2127
1071 2127
1071 2126
1045 2126
1045 2124
1016 2124
1016 2121
1107 2121
1107 2123
1292 2123
1292 2118
1356 2118
1356 2093
1337 2093
1337 2090
1321 2090
1321 2081
1613 2081
1613 2085
1629 2085
1629 2086
1495 2086
1495 2091
1595 2091
1595 2096
1631 2096
1631 2089
1738 2089
1738 2084
1742 2084
1742 2070
1933 2070
1933 2063
1879 2063
1879 2064
1802 2064
1802 2069
1752 2069
1752 2065
1739 2065
1739 2067
1692 2067
1692 2083
1632 2083
1632 2075
1609 2075
1609 2071
1653 2071
1653 2061
1577 2061
1577 2066
1553 2066
1553 2060
1546 2060
1546 2059
1630 2059
1630 2058
1856 2058
1856 2041
1891 2041
1891 2032
2027 2032
2027 2035
2003 2035
2003 2039
2038 2039
2038 2036
2083 2036
2083 2031
1864 2031
1864 2011
1871 2011
1871 1996
1905 1996
1905 2030
1909 2030
1909 1994
1854 1994
1854 2033
1845 2033
1845 2005
1842 2005
1842 2051
1823 2051
1823 2044
1816 2044
1816 2034
1784 2034
1784 2037
1747 2037
1747 2028
1648 2028
1648 2042
1671 2042
1671 2045
1687 2045
1687 2043
1724 2043
1724 2038
1765 2038
1765 2047
1815 2047
1815 2054
1807 2054
1807 2055
1634 2055
1634 2053
1637 2053
1637 2048
1428 2048
1428 2050
1562 2050
1562 2056
1600 2056
1600 2052
1625 2052
1625 2057
1491 2057
1491 2062
1511 2062
1511 2068
1522 2068
1522 2078
1440 2078
1440 2077
1423 2077
1423 2079
1404 2079
1404 2073
1380 2073
1380 2076
1365 2076
1365 2080
1305 2080
1305 2082
1301 2082
1301 2117
1248 2117
1248 2115
1008 2115
1008 2110
991 2110
991 2109
1238 2109
1238 2099
1236 2099
1236 2094
1015 2094
1015 2095
1192 2095
1192 2103
1234 2103
1234 2106
1177 2106
1177 2104
1167 2104
1167 2100
818 2100
818 2101
899 2101
899 2102
1106 2102
1106 2107
962 2107
962 2111
909 2111
909 2122
891 2122
891 2125
854 2125
854 2120
906 2120
906 2116
811 2116
811 2197
812 2197
812 2206
813 2206
813 2343
823 2343
823 2366
824 2366
824 2376
828 2376
828 2418
788 2418
788 2411
809 2411
809 2408
650 2408
650 2405
674 2405
674 2403
656 2403
656 2399
633 2399
633 2402
528 2402
528 2415
522 2415
522 2417
451 2417
451 2400
459 2400
459 2414
477 2414
477 2406
479 2406
479 2395
480 2395
480 2397
539 2397
539 2394
561 2394
561 2396
562 2396
562 2391
486 2391
486 2392
500 2392
500 2393
450 2393
450 2440
453 2440
453 2459
476 2459
476 2478
488 2478
488 2472
492 2472
492 2458
481 2458
481 2457
454 2457
454 2445
490 2445
490 2442
455 2442
455 2433
456 2433
456 2423
534 2423
534 2425
578 2425
578 2428
620 2428
620 2421
542 2421
542 2407
621 2407
621 2412
636 2412
636 2409
717 2409
717 2416
762 2416
762 2419
699 2419
699 2427
702 2427
702 2429
778 2429
778 2426
713 2426
713 2424
767 2424
767 2420
806 2420
806 2422
786 2422
786 2432
832 2432
832 2404
830 2404
830 2398
829 2398
829 2387
834 2387
834 2401
836 2401
836 2374
833 2374
833 2328
837 2328
837 2382
841 2382
841 2386
1110 2386
1110 2388
1129 2388
1129 2385
1037 2385
1037 2384
1140 2384
1140 2389
1191 2389
1191 2390
1195 2390
1195 2371
889 2371
889 2368
867 2368
867 2367
855 2367
855 2375
1124 2375
1124 2373
1193 2373
1193 2383
1017 2383
1017 2381
916 2381
916 2380
893 2380
893 2379
839 2379
839 2311
825 2311
825 2340
814 2340
814 2218
821 2218
821 2186
842 2186
842 2184
857 2184
857 2166
875 2166
875 2150
895 2150
895 2140
896 2140
896 2144
1376 2144
1376 2156
1439 2156
1439 2163
1541 2163
1541 2158
1604 2158
1604 2178
1467 2178
1467 2189
1025 2189
1025 2190
1513 2190
1513 2219
1532 2219
1532 2237
1618 2237
1618 2229
1628 2229
1628 2225
1797 2225
1797 2215
1893 2215
1893 2210
1769 2210
1769 2209
2107 2209
2107 2167
2101 2167
2101 2139
2117 2139
2117 2154
2122 2154
2122 2191
2180 2191
2180 2087
2166 2087
2166 1892
2173 1892
2173 1742
2184 1742
2184 1733
2152 1733
2152 1631
2187 1631
2187 1624
2186 1624
2186 1591
2254 1591
2254 1590
2272 1590
2272 1439
2264 1439
2264 1401
2231 1401
2231 1336
2233 1336
2233 1335
2262 1335
2262 1268
2195 1268
2195 1340
2179 1340
2179 1333
2148 1333
2148 1307
2109 1307
2109 1278
2099 1278
2099 1186
2119 1186
2119 1179
2111 1179
2111 1148
1741 1148
1741 1145
1860 1145
1860 1144
1861 1144
1861 1141
2088 1141
2088 1124
2037 1124
2037 1121
2062 1121
2062 1105
2074 1105
2074 1059
2067 1059
2067 1010
1849 1010
1849 1025
1846 1025
1846 1002
1841 1002
1841 1046
1892 1046
1892 1050
1822 1050
1822 1066
1829 1066
1829 1075
1810 1075
1810 1089
1607 1089
1607 1097
1585 1097
1585 1042
1572 1042
1572 1006
1579 1006
1579 980
1567 980
1567 614
1540 614
1540 636
1543 636
1543 730
1510 730
1510 734
1498 734
1498 664
1493 664
1493 625
1505 625
1505 622
1455 622
1455 585
1241 585
1241 587
1252 587
1252 588
1284 588
1284 606
1218 606
1218 574
1427 574
1427 572
1326 572
1326 571
1201 571
1201 567
1325 567
1325 566
1244 566
1244 542
1295 542
1295 533
1105 533
1105 531
1082 531
1082 526
1155 526
1155 521
1552 521
1552 518
1456 518
1456 517
1374 517
1374 515
1406 515
1406 513
1441 513
1441 512
1405 512
1405 510
1370 510
1370 504
1368 504
1368 485
1367 485
1367 466
1542 466
1542 465
1499 465
1499 460
1516 460
1516 458
1616 458
1616 433
1614 433
1614 85
1626 85
1626 70
1622 70
1622 56
1596 56
1596 73
1587 73
1587 246
1590 246
1590 252
1561 252
1561 244
1582 244
1582 238
1485 238
1485 229
1483 229
1483 167
1536 167
1536 151
1488 151
1488 131
1504 131
1504 51
1435 51
1435 155
1438 155
1438 226
1452 226
1452 228
1457 228
1457 208
1461 208
1461 272
1425 272
1425 264
1433 264
1433 250
1424 250
1424 194
1348 194
1348 221
1283 221
1283 223
1156 223
1156 218
921 218
921 220
902 220
902 209
863 209
863 199
797 199
797 285
789 285
789 301
781 301
781 328
782 328
782 352
758 352
758 356
694 356
694 346
693 346
693 293
743 293
743 288
690 288
690 277
664 277
664 276
655 276
655 271
707 271
707 270
631 270
631 257
531 257
531 312
526 312
526 266
514 266
514 305
513 305
513 259
512 259
512 296
509 296
509 262
510 262
510 137
506 137
506 1
