448
505 1
505 201
501 201
501 63
499 63
499 316
502 316
502 310
521 310
521 304
525 304
525 317
546 317
546 353
515 353
515 350
475 350
475 360
533 360
533 371
443 371
443 372
484 372
484 375
575 375
575 380
519 380
519 384
444 384
444 392
470 392
470 403
428 403
428 404
388 404
388 407
259 407
259 408
225 408
225 411
149 411
149 417
131 417
131 431
287 431
287 443
293 443
293 501
322 501
322 543
323 543
323 1128
311 1128
311 1354
319 1354
319 1708
316 1708
316 1828
310 1828
310 1919
314 1919
314 1935
317 1935
317 2022
313 2022
313 2021
258 2021
258 2016
303 2016
303 2015
204 2015
204 2012
219 2012
219 2007
223 2007
223 1997
109 1997
109 1995
66 1995
66 1986
91 1986
91 1834
81 1834
81 1821
92 1821
92 1787
87 1787
87 1768
49 1768
49 1751
47 1751
47 1719
75 1719
75 1714
25 1714
25 1648
19 1648
19 1629
1 1629
1 1636
12 1636
12 1673
14 1673
14 1723
37 1723
37 1738
30 1738
30 1792
31 1792
31 1817
28 1817
28 2002
26 2002
26 1964
16 1964
16 1951
7 1951
7 1860
6 1860
6 1966
13 1966
13 1979
2 1979
2 1987
4 1987
4 1998
3 1998
3 2008
8 2008
8 2141
5 2141
5 2188
9 2188
9 2278
22 2278
22 2252
10 2252
10 2198
56 2198
56 2319
67 2319
67 2318
71 2318
71 2342
72 2342
72 2310
61 2310
61 2269
60 2269
60 2305
58 2305
58 2194
17 2194
17 2192
11 2192
11 2040
15 2040
15 2001
18 2001
18 1984
23 1984
23 2074
24 2074
24 2187
40 2187
40 2155
34 2155
34 2097
36 2097
36 2092
41 2092
41 2049
38 2049
38 1976
39 1976
39 1973
32 1973
32 2105
27 2105
27 2046
29 2046
29 1899
33 1899
33 1782
74 1782
74 1785
35 1785
35 1797
42 1797
42 1795
78 1795
78 1769
82 1769
82 1781
79 1781
79 1832
48 1832
48 1829
63 1829
63 1822
52 1822
52 1825
44 1825
44 1863
43 1863
43 1902
46 1902
46 1913
45 1913
45 1944
53 1944
53 1886
51 1886
51 1839
68 1839
68 1837
88 1837
88 1884
90 1884
90 1974
89 1974
89 1945
59 1945
59 1949
76 1949
76 1967
55 1967
55 1988
64 1988
64 1999
135 1999
135 2004
86 2004
86 2009
128 2009
128 2006
160 2006
160 2018
216 2018
216 2019
93 2019
93 2025
126 2025
126 2321
125 2321
125 2330
127 2330
127 2029
153 2029
153 2027
141 2027
141 2020
232 2020
232 2017
247 2017
247 2024
299 2024
299 2023
320 2023
320 1332
318 1332
318 1196
321 1196
321 1830
325 1830
325 1198
326 1198
326 951
324 951
324 498
301 498
301 496
294 496
294 445
302 445
302 494
309 494
309 483
307 483
307 476
308 476
308 469
331 469
331 474
349 474
349 430
181 430
181 427
478 427
478 422
491 422
491 420
445 420
445 421
416 421
416 423
441 423
441 426
147 426
147 424
230 424
230 416
180 416
180 415
210 415
210 412
300 412
300 410
540 410
540 394
623 394
623 342
625 342
625 318
610 318
610 333
551 333
551 351
563 351
563 338
622 338
622 344
582 344
582 365
604 365
604 370
619 370
619 386
592 386
592 389
577 389
577 363
569 363
569 359
550 359
550 282
538 282
538 269
558 269
558 261
601 261
601 274
567 274
567 279
630 279
630 313
634 313
634 298
638 298
638 283
666 283
666 281
688 281
688 291
675 291
675 395
682 395
682 337
681 337
681 308
685 308
685 311
691 311
691 361
745 361
745 362
722 362
722 366
695 366
695 434
698 434
698 413
705 413
705 414
757 414
757 401
727 401
727 402
696 402
696 367
773 367
773 368
783 368
783 322
785 322
785 319
791 319
791 306
793 306
793 309
799 309
799 302
802 302
802 506
800 506
800 747
784 747
784 722
795 722
795 735
796 735
796 703
777 703
777 766
805 766
805 568
808 568
808 550
803 550
803 301
781 301
781 328
782 328
782 352
758 352
758 356
694 356
694 346
693 346
693 293
743 293
743 288
690 288
690 277
664 277
664 276
655 276
655 271
707 271
707 270
631 270
631 257
531 257
531 312
526 312
526 266
514 266
514 305
513 305
513 259
512 259
512 296
509 296
509 262
510 262
510 137
506 137
506 1
