100
87 1769
87 1768
49 1768
49 1751
47 1751
47 1719
75 1719
75 1714
25 1714
25 1648
19 1648
19 1629
1 1629
1 1636
12 1636
12 1673
14 1673
14 1723
37 1723
37 1738
30 1738
30 1792
31 1792
31 1817
28 1817
28 2002
26 2002
26 1964
16 1964
16 1951
7 1951
7 1860
6 1860
6 1966
13 1966
13 1979
2 1979
2 1987
4 1987
4 1998
3 1998
3 2008
8 2008
8 2141
5 2141
5 2188
9 2188
9 2278
22 2278
22 2252
10 2252
10 2198
56 2198
56 2319
67 2319
67 2318
71 2318
71 2342
72 2342
72 2310
61 2310
61 2269
60 2269
60 2305
58 2305
58 2194
17 2194
17 2192
11 2192
11 2040
15 2040
15 2001
18 2001
18 1984
23 1984
23 2074
24 2074
24 2187
40 2187
40 2155
34 2155
34 2097
36 2097
36 2092
41 2092
41 2049
38 2049
38 1976
39 1976
39 1973
32 1973
32 2105
27 2105
27 2046
29 2046
29 1899
33 1899
33 1782
78 1782
78 1769
