334
1 91
1 102
6 102
6 106
3 106
3 128
8 128
8 114
9 114
9 130
14 130
14 126
15 126
15 119
11 119
11 117
10 117
10 112
19 112
19 113
51 113
51 134
43 134
43 138
30 138
30 147
18 147
18 183
21 183
21 216
25 216
25 180
39 180
39 187
29 187
29 244
22 244
22 493
28 493
28 492
23 492
23 319
32 319
32 335
35 335
35 491
67 491
67 494
60 494
60 498
63 498
63 500
75 500
75 499
76 499
76 497
77 497
77 489
53 489
53 490
42 490
42 475
47 475
47 470
45 470
45 453
46 453
46 435
50 435
50 425
48 425
48 419
44 419
44 460
38 460
38 431
37 431
37 486
36 486
36 386
40 386
40 289
34 289
34 282
27 282
27 250
31 250
31 214
41 214
41 163
26 163
26 155
24 155
24 148
33 148
33 142
56 142
56 133
52 133
52 127
57 127
57 122
62 122
62 165
68 165
68 201
69 201
69 206
71 206
71 168
72 168
72 218
73 218
73 132
99 132
99 207
98 207
98 249
100 249
100 252
96 252
96 198
93 198
93 245
92 245
92 227
78 227
78 241
79 241
79 372
80 372
80 229
82 229
82 248
90 248
90 251
95 251
95 257
102 257
102 203
103 203
103 316
104 316
104 342
105 342
105 366
110 366
110 370
113 370
113 411
88 411
88 398
91 398
91 397
89 397
89 326
84 326
84 329
81 329
81 347
86 347
86 420
94 420
94 418
119 418
119 406
127 406
127 396
161 396
161 409
162 409
162 404
166 404
166 405
208 405
208 408
172 408
172 410
163 410
163 413
194 413
194 422
209 422
209 427
191 427
191 457
189 457
189 455
180 455
180 484
184 484
184 474
193 474
193 429
197 429
197 469
195 469
195 471
196 471
196 477
201 477
201 468
204 468
204 464
231 464
231 481
198 481
198 487
254 487
254 495
213 495
213 496
262 496
262 488
301 488
301 483
349 483
349 480
344 480
344 479
359 479
359 467
362 467
362 462
366 462
366 472
372 472
372 465
371 465
371 456
365 456
365 454
393 454
393 442
404 442
404 440
451 440
451 434
417 434
417 433
367 433
367 445
363 445
363 437
357 437
357 478
356 478
356 476
282 476
282 452
309 452
309 458
332 458
332 451
336 451
336 446
338 446
338 443
325 443
325 447
320 447
320 424
327 424
327 426
348 426
348 423
288 423
288 450
280 450
280 466
279 466
279 412
278 412
278 485
251 485
251 482
249 482
249 473
255 473
255 463
216 463
216 461
227 461
227 449
211 449
211 403
187 403
187 401
182 401
182 400
169 400
169 399
175 399
175 395
116 395
116 417
114 417
114 348
123 348
123 321
112 321
112 308
107 308
107 253
108 253
108 200
109 200
109 197
101 197
101 143
140 143
140 135
106 135
106 131
66 131
66 121
55 121
55 125
54 125
54 109
20 109
20 108
12 108
12 103
17 103
17 101
151 101
151 100
49 100
49 98
2 98
2 92
159 92
159 91
