990
218 1
218 2
275 2
275 3
239 3
239 4
163 4
163 7
124 7
124 9
176 9
176 10
118 10
118 12
146 12
146 14
164 14
164 13
171 13
171 18
187 18
187 20
113 20
113 19
101 19
101 16
6 16
6 17
25 17
25 21
105 21
105 22
154 22
154 23
8 23
8 27
43 27
43 28
56 28
56 26
120 26
120 31
201 31
201 34
97 34
97 32
91 32
91 39
72 39
72 36
62 36
62 30
33 30
33 56
19 56
19 58
11 58
11 131
35 131
35 128
145 128
145 129
153 129
153 133
79 133
79 142
69 142
69 183
99 183
99 181
185 181
185 171
110 171
110 175
136 175
136 179
174 179
174 178
177 178
177 180
70 180
70 166
87 166
87 152
80 152
80 143
89 143
89 150
216 150
216 149
279 149
279 148
286 148
286 168
247 168
247 172
268 172
268 177
278 177
278 184
280 184
280 202
342 202
342 203
347 203
347 204
318 204
318 232
310 232
310 243
309 243
309 255
301 255
301 250
282 250
282 253
277 253
277 240
283 240
283 239
241 239
241 251
262 251
262 254
225 254
225 256
166 256
166 242
195 242
195 234
178 234
178 225
230 225
230 218
220 218
220 221
167 221
167 215
170 215
170 207
221 207
221 206
159 206
159 212
157 212
157 257
131 257
131 252
148 252
148 247
156 247
156 235
155 235
155 244
117 244
117 259
305 259
305 261
313 261
313 262
323 262
323 238
322 238
322 229
333 229
333 222
340 222
340 214
344 214
344 241
348 241
348 404
346 404
346 405
345 405
345 406
328 406
328 374
343 374
343 367
336 367
336 358
341 358
341 325
339 325
339 297
337 297
337 284
327 284
327 265
104 265
104 263
90 263
90 266
258 266
258 269
208 269
208 270
211 270
211 271
232 271
232 272
243 272
243 281
251 281
251 294
168 294
168 293
158 293
158 348
144 348
144 338
125 338
125 333
126 333
126 324
106 324
106 335
95 335
95 375
86 375
86 267
71 267
71 227
68 227
68 224
67 224
67 280
60 280
60 287
65 287
65 323
44 323
44 308
38 308
38 264
42 264
42 299
46 299
46 258
37 258
37 289
23 289
23 311
20 311
20 302
18 302
18 354
16 354
16 245
22 245
22 236
24 236
24 248
45 248
45 223
28 223
28 210
5 210
5 211
13 211
13 220
3 220
3 226
14 226
14 290
10 290
10 314
9 314
9 359
15 359
15 370
34 370
34 363
32 363
32 360
21 360
21 353
41 353
41 339
48 339
48 336
66 336
66 306
74 306
74 328
81 328
81 341
85 341
85 366
73 366
73 382
39 382
39 401
61 401
61 421
198 421
198 443
189 443
189 457
173 457
173 430
150 430
150 440
147 440
147 483
133 483
133 487
130 487
130 444
1 444
1 488
2 488
2 482
4 482
4 478
75 478
75 485
76 485
76 489
31 489
31 490
77 490
77 494
92 494
92 495
93 495
93 477
7 477
7 451
26 451
26 450
17 450
17 448
30 448
30 447
55 447
55 445
128 445
128 492
199 492
199 491
151 491
151 431
165 431
165 459
169 459
169 464
197 464
197 462
204 462
204 455
209 455
209 425
213 425
213 420
83 420
83 397
160 397
160 392
226 392
226 391
207 391
207 390
123 390
123 396
53 396
53 394
50 394
50 384
88 384
88 376
102 376
102 349
129 349
129 350
192 350
192 365
188 365
188 377
193 377
193 381
200 381
200 372
202 372
202 343
203 343
203 331
210 331
210 330
212 330
212 380
223 380
223 368
219 368
219 318
196 318
196 337
175 337
175 332
161 332
161 305
190 305
190 304
162 304
162 298
244 298
244 378
257 378
257 295
259 295
259 268
317 268
317 275
298 275
298 283
302 283
302 307
303 307
303 356
293 356
293 357
287 357
287 346
264 346
264 351
285 351
285 369
306 369
306 345
304 345
304 278
312 278
312 277
321 277
321 312
308 312
308 315
314 315
314 321
329 321
329 316
338 316
338 334
332 334
332 352
325 352
325 400
316 400
316 413
296 413
296 416
311 416
311 417
269 417
269 411
288 411
288 410
242 410
242 427
256 427
256 429
240 429
240 438
235 438
235 428
234 428
234 500
236 500
236 481
238 481
238 480
260 480
260 475
245 475
245 471
270 471
270 465
273 465
273 479
289 479
289 486
299 486
299 460
281 460
281 463
255 463
255 467
252 467
252 468
250 468
250 446
246 446
246 436
265 436
265 434
290 434
290 419
294 419
294 424
352 424
352 441
353 441
353 329
351 329
351 246
349 246
349 230
354 230
354 433
355 433
355 415
356 415
356 496
350 496
350 499
372 499
372 498
373 498
373 497
375 497
375 484
374 484
374 493
361 493
361 466
362 466
362 474
424 474
424 461
426 461
426 476
458 476
458 469
432 469
432 456
466 456
466 454
410 454
410 449
439 449
439 435
419 435
419 414
443 414
443 393
450 393
450 292
457 292
457 282
469 282
469 301
452 301
452 342
454 342
454 432
467 432
467 453
482 453
482 426
479 426
479 409
472 409
472 408
455 408
455 326
456 326
456 373
462 373
462 364
470 364
470 387
489 387
489 398
494 398
494 362
485 362
485 340
492 340
492 195
478 195
478 219
483 219
483 205
488 205
488 260
491 260
491 309
486 309
486 249
477 249
477 379
481 379
481 288
484 288
484 385
480 385
480 383
476 383
476 355
475 355
475 213
474 213
474 228
473 228
473 276
463 276
463 274
442 274
442 273
446 273
446 216
471 216
471 201
464 201
464 189
436 189
436 188
431 188
431 191
448 191
448 198
453 198
453 209
430 209
430 197
429 197
429 217
434 217
434 233
435 233
435 237
437 237
437 291
440 291
440 317
423 317
423 320
421 320
421 286
407 286
407 300
398 300
398 285
399 285
399 208
400 208
400 231
401 231
401 193
395 193
395 174
420 174
420 145
425 145
425 164
427 164
427 124
460 124
460 159
451 159
451 136
447 136
447 182
465 182
465 134
461 134
461 120
441 120
441 119
414 119
414 118
418 118
418 116
459 116
459 117
490 117
490 162
493 162
493 167
495 167
495 186
499 186
499 173
497 173
497 170
500 170
500 156
498 156
498 155
496 155
496 114
468 114
468 113
487 113
487 112
406 112
406 121
377 121
377 109
366 109
366 115
363 115
363 122
408 122
408 153
396 153
396 154
415 154
415 157
383 157
383 158
378 158
378 192
381 192
381 190
382 190
382 185
380 185
380 160
397 160
397 163
384 163
384 165
389 165
389 176
394 176
394 279
393 279
393 310
392 310
392 322
412 322
412 327
404 327
404 344
405 344
405 361
422 361
422 347
428 347
428 319
444 319
444 303
445 303
445 296
449 296
449 386
402 386
402 395
433 395
433 399
438 399
438 407
403 407
403 403
390 403
390 412
416 412
416 439
413 439
413 423
411 423
411 437
409 437
409 470
417 470
417 473
391 473
391 472
386 472
386 452
385 452
385 458
359 458
359 402
357 402
357 371
358 371
358 313
360 313
360 200
335 200
335 199
319 199
319 196
300 196
300 187
297 187
297 194
284 194
284 169
292 169
292 161
295 161
295 151
291 151
291 147
253 147
253 146
217 146
217 144
140 144
140 141
152 141
152 135
181 135
181 137
186 137
186 139
214 139
214 140
261 140
261 138
191 138
191 132
227 132
227 130
272 130
272 127
143 127
143 126
266 126
266 125
271 125
271 123
12 123
12 81
29 81
29 66
47 66
47 103
27 103
27 106
52 106
52 92
57 92
57 108
58 108
58 78
64 78
64 80
82 80
82 73
59 73
59 48
54 48
54 63
36 63
36 37
51 37
51 38
49 38
49 41
63 41
63 40
78 40
78 44
100 44
100 74
141 74
141 77
172 77
172 76
183 76
183 79
182 79
182 87
132 87
132 85
127 85
127 100
121 100
121 86
112 86
112 95
111 95
111 82
107 82
107 89
94 89
94 88
84 88
84 90
96 90
96 96
115 96
115 104
119 104
119 111
122 111
122 110
134 110
134 91
184 91
184 72
138 72
138 71
149 71
149 70
224 70
224 105
254 105
254 107
331 107
331 102
307 102
307 98
330 98
330 101
370 101
370 83
371 83
371 65
376 65
376 93
379 93
379 84
387 84
387 75
388 75
388 64
368 64
368 69
365 69
365 49
369 49
369 45
367 45
367 46
364 46
364 97
274 97
274 99
237 99
237 94
233 94
233 67
231 67
231 52
326 52
326 54
315 54
315 55
320 55
320 62
334 62
334 42
324 42
324 47
267 47
267 51
248 51
248 50
229 50
229 61
222 61
222 68
108 68
108 60
116 60
116 59
114 59
114 57
139 57
139 53
103 53
103 43
109 43
109 35
215 35
215 33
206 33
206 29
137 29
137 25
180 25
180 24
194 24
194 15
228 15
228 11
263 11
263 8
205 8
205 6
249 6
249 5
276 5
276 1
