336
344 214
344 241
348 241
348 404
346 404
346 405
345 405
345 406
328 406
328 374
343 374
343 367
336 367
336 358
341 358
341 325
339 325
339 297
337 297
337 284
327 284
327 266
258 266
258 269
208 269
208 270
211 270
211 271
232 271
232 272
243 272
243 281
251 281
251 294
158 294
158 348
95 348
95 375
73 375
73 382
39 382
39 401
61 401
61 421
198 421
198 443
189 443
189 457
173 457
173 430
150 430
150 440
147 440
147 483
133 483
133 487
130 487
130 444
1 444
1 488
2 488
2 482
4 482
4 478
75 478
75 485
76 485
76 489
31 489
31 490
77 490
77 494
92 494
92 495
93 495
93 477
7 477
7 451
26 451
26 450
17 450
17 448
30 448
30 447
55 447
55 445
128 445
128 492
199 492
199 491
151 491
151 431
165 431
165 459
169 459
169 464
197 464
197 462
204 462
204 455
209 455
209 425
213 425
213 420
83 420
83 397
160 397
160 396
53 396
53 394
50 394
50 384
88 384
88 376
102 376
102 349
129 349
129 350
192 350
192 365
188 365
188 377
193 377
193 381
200 381
200 372
202 372
202 343
203 343
203 331
210 331
210 330
212 330
212 380
223 380
223 368
219 368
219 318
196 318
196 337
175 337
175 332
161 332
161 305
190 305
190 304
162 304
162 298
244 298
244 378
257 378
257 295
259 295
259 268
317 268
317 275
298 275
298 283
302 283
302 307
303 307
303 356
293 356
293 357
287 357
287 346
264 346
264 351
285 351
285 369
306 369
306 345
304 345
304 278
312 278
312 277
321 277
321 312
308 312
308 315
314 315
314 321
329 321
329 316
338 316
338 334
332 334
332 352
325 352
325 400
316 400
316 413
296 413
296 416
311 416
311 417
269 417
269 411
288 411
288 410
242 410
242 427
256 427
256 429
240 429
240 438
235 438
235 428
234 428
234 500
236 500
236 481
238 481
238 480
260 480
260 475
245 475
245 471
270 471
270 465
273 465
273 479
289 479
289 486
299 486
299 460
281 460
281 463
255 463
255 467
252 467
252 468
250 468
250 446
246 446
246 436
265 436
265 434
290 434
290 419
294 419
294 424
352 424
352 441
353 441
353 329
351 329
351 246
349 246
349 230
354 230
354 433
355 433
355 415
356 415
356 496
350 496
350 499
372 499
372 498
373 498
373 497
375 497
375 484
374 484
374 493
361 493
361 466
362 466
362 474
424 474
424 461
426 461
426 476
458 476
458 469
432 469
432 456
466 456
466 454
410 454
410 449
439 449
439 435
419 435
419 414
443 414
443 393
450 393
450 292
440 292
440 317
423 317
423 320
421 320
421 300
393 300
393 310
392 310
392 322
428 322
428 319
444 319
444 303
445 303
445 296
449 296
449 386
402 386
402 395
433 395
433 399
438 399
438 407
403 407
403 403
390 403
390 412
416 412
416 439
409 439
409 470
417 470
417 473
391 473
391 472
386 472
386 458
359 458
359 402
357 402
357 371
358 371
358 313
360 313
360 214
