970
166 7
166 9
163 9
163 11
131 11
131 12
127 12
127 18
117 18
117 129
116 129
116 75
115 75
115 186
114 186
114 237
118 237
118 103
119 103
119 286
112 286
112 306
110 306
110 281
102 281
102 270
96 270
96 213
88 213
88 295
86 295
86 385
80 385
80 355
73 355
73 335
64 335
64 307
71 307
71 251
74 251
74 162
59 162
59 182
41 182
41 275
40 275
40 309
39 309
39 90
37 90
37 84
53 84
53 72
36 72
36 58
52 58
52 29
23 29
23 49
27 49
27 88
18 88
18 82
5 82
5 79
1 79
1 93
6 93
6 219
4 219
4 274
8 274
8 337
7 337
7 346
3 346
3 364
21 364
21 365
22 365
22 361
19 361
19 360
11 360
11 223
12 223
12 174
16 174
16 141
15 141
15 173
14 173
14 164
13 164
13 168
10 168
10 264
9 264
9 95
25 95
25 107
28 107
28 83
30 83
30 30
35 30
35 147
38 147
38 298
33 298
33 283
34 283
34 201
32 201
32 197
31 197
31 308
29 308
29 304
26 304
26 290
24 290
24 331
42 331
42 188
43 188
43 316
44 316
44 336
49 336
49 271
48 271
48 246
50 246
50 199
47 199
47 284
45 284
45 184
63 184
63 171
67 171
67 234
65 234
65 245
57 245
57 276
58 276
58 249
68 249
68 258
62 258
62 339
72 339
72 358
66 358
66 359
78 359
78 382
75 382
75 389
55 389
55 391
17 391
17 396
20 396
20 394
84 394
84 397
76 397
76 400
60 400
60 417
51 417
51 439
56 439
56 434
77 434
77 432
81 432
81 431
54 431
54 418
79 418
79 408
61 408
61 407
70 407
70 401
83 401
83 428
82 428
82 433
90 433
90 409
91 409
91 393
85 393
85 387
94 387
94 383
89 383
89 255
93 255
93 268
92 268
92 289
104 289
104 347
99 347
99 323
95 323
95 371
101 371
101 363
105 363
105 321
106 321
106 341
107 341
107 330
108 330
108 314
111 314
111 328
123 328
123 218
120 218
120 67
121 67
121 40
138 40
138 59
134 59
134 70
130 70
130 137
132 137
132 194
137 194
137 202
129 202
129 214
125 214
125 222
126 222
126 232
133 232
133 225
143 225
143 311
135 311
135 395
139 395
139 402
124 402
124 403
128 403
128 410
155 410
155 392
154 392
154 386
140 386
140 317
142 317
142 368
145 368
145 320
146 320
146 267
149 267
149 261
153 261
153 113
152 113
152 248
150 248
150 257
144 257
144 185
136 185
136 68
147 68
147 62
156 62
156 126
159 126
159 65
164 65
164 98
161 98
161 143
162 143
162 312
160 312
160 329
158 329
158 334
157 334
157 366
171 366
171 429
175 429
175 443
178 443
178 437
194 437
194 426
209 426
209 419
210 419
210 422
211 422
211 416
227 416
227 423
263 423
263 415
269 415
269 461
271 461
271 442
273 442
273 388
274 388
274 430
278 430
278 427
275 427
275 381
272 381
272 424
270 424
270 404
268 404
268 413
261 413
261 420
246 420
246 414
184 414
184 405
176 405
176 411
183 411
183 425
172 425
172 421
173 421
173 277
169 277
169 338
167 338
167 179
168 179
168 155
165 155
165 73
170 73
170 56
151 56
151 35
122 35
122 26
141 26
141 27
148 27
148 13
203 13
203 15
197 15
197 19
198 19
198 80
207 80
207 85
253 85
253 76
234 76
234 74
224 74
224 77
201 77
201 22
204 22
204 39
230 39
230 45
289 45
289 44
294 44
294 54
282 54
282 61
286 61
286 63
297 63
297 60
340 60
340 53
358 53
358 145
360 145
360 190
348 190
348 193
350 193
350 192
361 192
361 108
365 108
365 105
363 105
363 69
370 69
370 71
371 71
371 102
367 102
367 122
368 122
368 132
379 132
379 109
378 109
378 101
375 101
375 78
392 78
392 99
389 99
389 97
388 97
388 121
383 121
383 125
403 125
403 96
411 96
411 114
412 114
412 119
404 119
404 206
400 206
400 198
352 198
352 196
328 196
328 187
329 187
329 172
325 172
325 170
322 170
322 178
321 178
321 166
307 166
307 157
320 157
320 156
313 156
313 131
314 131
314 111
280 111
280 138
283 138
283 142
277 142
277 136
265 136
265 120
264 120
264 116
260 116
260 118
240 118
240 106
239 106
239 100
247 100
247 94
249 94
249 115
252 115
252 86
231 86
231 89
228 89
228 133
216 133
216 175
223 175
223 160
232 160
232 227
222 227
222 220
212 220
212 229
218 229
218 250
200 250
200 240
208 240
208 239
195 239
195 273
192 273
192 205
199 205
199 208
206 208
206 117
205 117
205 200
189 200
189 165
188 165
188 191
179 191
179 207
191 207
191 242
177 242
177 254
180 254
180 292
214 292
214 326
279 326
279 325
256 325
256 324
267 324
267 313
266 313
266 322
217 322
217 291
181 291
181 287
225 287
225 285
196 285
196 278
215 278
215 272
202 272
202 252
219 252
219 236
220 236
220 259
226 259
226 231
237 231
237 244
238 244
238 204
233 204
233 159
229 159
229 104
236 104
236 150
242 150
242 183
243 183
243 135
250 135
250 140
251 140
251 123
259 123
259 144
262 144
262 158
285 158
285 112
312 112
312 130
303 130
303 247
299 247
299 357
306 357
306 303
318 303
318 305
315 305
315 310
333 310
333 349
342 349
342 353
356 353
356 352
366 352
366 351
362 351
362 345
338 345
338 333
374 333
374 332
336 332
336 315
347 315
347 319
364 319
364 293
324 293
324 302
301 302
301 256
304 256
304 217
305 217
305 230
309 230
309 203
316 203
316 181
311 181
311 180
327 180
327 215
346 215
346 212
380 212
380 224
406 224
406 210
331 210
331 209
414 209
414 189
407 189
407 151
417 151
417 153
409 153
409 163
426 163
426 139
427 139
427 169
428 169
428 167
446 167
446 152
447 152
447 216
441 216
441 195
440 195
440 211
430 211
430 226
432 226
432 238
431 238
431 288
433 288
433 297
423 297
423 299
385 299
385 296
382 296
382 318
376 318
376 380
381 380
381 373
422 373
422 375
387 375
387 376
397 376
397 379
425 379
425 372
454 372
454 398
474 398
474 399
456 399
456 412
476 412
476 444
464 444
464 448
450 448
450 447
457 447
457 446
436 446
436 450
287 450
287 472
284 472
284 485
290 485
290 484
288 484
288 476
292 476
292 475
293 475
293 479
296 479
296 489
317 489
317 477
319 477
319 490
335 490
335 492
337 492
337 483
330 483
330 486
326 486
326 480
323 480
323 465
310 465
310 478
298 478
298 463
295 463
295 454
344 454
344 455
349 455
349 481
341 481
341 488
345 488
345 495
355 495
355 496
334 496
334 497
359 497
359 460
357 460
357 470
351 470
351 453
339 453
339 452
308 452
308 451
461 451
461 449
489 449
489 445
496 445
496 466
492 466
492 469
491 469
491 459
482 459
482 464
475 464
475 457
490 457
490 456
413 456
413 458
416 458
416 462
458 462
458 471
420 471
420 474
483 474
483 468
484 468
484 473
486 473
486 487
488 487
488 482
494 482
494 467
495 467
495 491
481 491
481 493
487 493
487 494
497 494
497 500
500 500
500 499
499 499
499 498
498 498
498 435
485 435
485 436
479 436
479 438
480 438
480 440
493 440
493 441
478 441
478 406
477 406
477 378
472 378
472 390
469 390
469 374
471 374
471 354
473 354
473 91
467 91
467 154
465 154
465 146
462 146
462 235
466 235
466 253
470 253
470 327
463 327
463 262
459 262
459 377
460 377
460 343
468 343
468 384
455 384
455 370
377 370
377 369
402 369
402 367
393 367
393 356
391 356
391 350
395 350
395 348
418 348
418 362
452 362
452 344
419 344
419 340
410 340
410 342
394 342
394 300
408 300
408 301
438 301
438 294
453 294
453 282
444 282
444 280
451 280
451 260
443 260
443 265
437 265
437 279
434 279
434 243
435 243
435 221
448 221
448 233
449 233
449 127
442 127
442 128
445 128
445 161
439 161
439 110
429 110
429 134
424 134
424 148
405 148
405 124
421 124
421 92
415 92
415 87
396 87
396 66
386 66
386 47
399 47
399 81
401 81
401 37
390 37
390 34
384 34
384 38
398 38
398 46
373 46
373 55
372 55
372 42
369 42
369 52
354 52
354 36
343 36
343 48
353 48
353 50
332 50
332 51
300 51
300 43
302 43
302 41
235 41
235 25
221 25
221 23
245 23
245 24
254 24
254 32
258 32
258 31
255 31
255 28
257 28
257 17
276 17
276 16
281 16
281 33
291 33
291 14
244 14
244 21
241 21
241 20
213 20
213 10
182 10
182 8
190 8
190 6
185 6
185 7
