98
41 182
41 275
40 275
40 309
39 309
39 90
37 90
37 84
53 84
53 72
36 72
36 58
52 58
52 29
23 29
23 49
27 49
27 88
18 88
18 82
5 82
5 79
1 79
1 93
6 93
6 219
4 219
4 274
8 274
8 337
7 337
7 346
3 346
3 364
21 364
21 365
22 365
22 361
19 361
19 360
11 360
11 223
12 223
12 174
16 174
16 141
15 141
15 173
14 173
14 164
13 164
13 168
10 168
10 264
9 264
9 95
25 95
25 107
28 107
28 83
30 83
30 30
35 30
35 147
38 147
38 298
33 298
33 283
34 283
34 201
32 201
32 197
31 197
31 308
29 308
29 304
26 304
26 290
24 290
24 331
42 331
42 188
43 188
43 316
44 316
44 336
49 336
49 271
48 271
48 246
50 246
50 199
47 199
47 284
45 284
45 184
63 184
63 182
