262
117 35
117 129
116 129
116 75
115 75
115 186
114 186
114 237
118 237
118 103
119 103
119 286
112 286
112 306
110 306
110 281
102 281
102 270
96 270
96 213
88 213
88 295
86 295
86 385
80 385
80 355
73 355
73 335
64 335
64 307
71 307
71 251
74 251
74 162
59 162
59 182
41 182
41 275
40 275
40 309
39 309
39 90
37 90
37 84
53 84
53 72
36 72
36 58
52 58
52 29
23 29
23 49
27 49
27 88
18 88
18 82
5 82
5 79
1 79
1 93
6 93
6 219
4 219
4 274
8 274
8 337
7 337
7 346
3 346
3 364
21 364
21 365
22 365
22 361
19 361
19 360
11 360
11 223
12 223
12 174
16 174
16 141
15 141
15 173
14 173
14 164
13 164
13 168
10 168
10 264
9 264
9 95
25 95
25 107
28 107
28 83
30 83
30 30
35 30
35 147
38 147
38 298
33 298
33 283
34 283
34 201
32 201
32 197
31 197
31 308
29 308
29 304
26 304
26 290
24 290
24 331
42 331
42 188
43 188
43 316
44 316
44 336
49 336
49 271
48 271
48 246
50 246
50 199
47 199
47 284
45 284
45 184
63 184
63 171
67 171
67 234
65 234
65 245
57 245
57 276
58 276
58 249
68 249
68 258
62 258
62 339
72 339
72 358
66 358
66 359
78 359
78 382
75 382
75 389
55 389
55 391
17 391
17 396
20 396
20 394
84 394
84 397
76 397
76 400
60 400
60 417
51 417
51 439
56 439
56 434
77 434
77 432
81 432
81 431
54 431
54 418
79 418
79 408
61 408
61 407
70 407
70 401
83 401
83 428
82 428
82 433
90 433
90 409
91 409
91 393
85 393
85 387
94 387
94 383
89 383
89 255
93 255
93 268
92 268
92 289
104 289
104 347
99 347
99 323
95 323
95 371
101 371
101 363
105 363
105 321
106 321
106 341
107 341
107 330
108 330
108 314
111 314
111 328
123 328
123 218
120 218
120 67
121 67
121 40
138 40
138 59
134 59
134 70
130 70
130 137
132 137
132 194
137 194
137 202
129 202
129 214
125 214
125 222
126 222
126 232
133 232
133 225
143 225
143 311
135 311
135 317
146 317
146 267
149 267
149 261
153 261
153 257
144 257
144 185
136 185
136 68
147 68
147 62
170 62
170 56
151 56
151 35
