2674
1 538
1 562
6 562
6 555
12 555
12 645
10 645
10 736
8 736
8 742
4 742
4 779
5 779
5 798
9 798
9 776
7 776
7 745
11 745
11 774
23 774
23 778
51 778
51 777
42 777
42 757
117 757
117 761
123 761
123 924
118 924
118 944
101 944
101 854
103 854
103 920
115 920
115 888
112 888
112 862
106 862
106 844
97 844
97 856
86 856
86 806
84 806
84 839
82 839
82 864
63 864
63 816
26 816
26 875
25 875
25 1029
27 1029
27 821
57 821
57 870
55 870
55 861
49 861
49 926
29 926
29 1046
31 1046
31 941
53 941
53 932
75 932
75 883
78 883
78 929
94 929
94 962
109 962
109 995
133 995
133 1036
93 1036
93 1042
132 1042
132 1045
131 1045
131 1052
138 1052
138 1043
135 1043
135 1001
153 1001
153 857
157 857
157 887
162 887
162 989
163 989
163 1008
173 1008
173 961
177 961
177 1013
184 1013
184 1024
189 1024
189 1025
182 1025
182 1044
216 1044
216 996
228 996
228 1002
234 1002
234 988
194 988
194 957
212 957
212 951
207 951
207 919
199 919
199 817
202 817
202 805
197 805
197 936
193 936
193 923
183 923
183 940
180 940
180 803
235 803
235 769
266 769
266 773
263 773
263 775
268 775
268 740
427 740
427 762
386 762
386 758
308 758
308 760
380 760
380 763
489 763
489 765
471 765
471 784
492 784
492 795
449 795
449 797
519 797
519 829
517 829
517 869
531 869
531 983
525 983
525 994
487 994
487 999
512 999
512 1005
463 1005
463 1004
464 1004
464 969
462 969
462 1009
420 1009
420 964
411 964
411 808
410 808
410 799
406 799
406 966
407 966
407 1061
387 1061
387 1066
419 1066
419 1033
418 1033
418 1010
458 1010
458 1015
724 1015
724 1016
671 1016
671 1019
815 1019
815 1023
684 1023
684 1026
625 1026
625 1031
847 1031
847 1020
905 1020
905 1027
1095 1027
1095 1030
1098 1030
1098 979
1136 979
1136 842
1143 842
1143 859
1148 859
1148 832
1293 832
1293 831
1309 831
1309 858
1381 858
1381 881
1477 881
1477 878
1506 878
1506 877
1486 877
1486 868
1513 868
1513 884
1418 884
1418 891
1516 891
1516 892
1569 892
1569 882
1518 882
1518 879
1643 879
1643 893
1565 893
1565 897
1577 897
1577 895
1590 895
1590 909
1726 909
1726 910
1452 910
1452 938
1456 938
1456 937
1464 937
1464 968
1490 968
1490 960
1494 960
1494 956
1474 956
1474 911
1692 911
1692 915
1728 915
1728 930
1707 930
1707 1065
1736 1065
1736 1099
1723 1099
1723 1084
1700 1084
1700 1080
1698 1080
1698 1055
1685 1055
1685 1081
1683 1081
1683 1062
1662 1062
1662 1072
1441 1072
1441 1102
1440 1102
1440 1085
1436 1085
1436 1076
1431 1076
1431 1089
1438 1089
1438 1090
1414 1090
1414 1092
1412 1092
1412 1114
1256 1114
1256 1113
710 1113
710 1120
669 1120
669 1124
634 1124
634 1123
600 1123
600 1135
574 1135
574 1132
514 1132
514 1139
495 1139
495 1138
417 1138
417 1130
405 1130
405 1158
603 1158
603 1159
821 1159
821 1155
1108 1155
1108 1156
1272 1156
1272 1188
1275 1188
1275 1291
1283 1291
1283 1294
1242 1294
1242 1292
1220 1292
1220 1246
1219 1246
1219 1242
1246 1242
1246 1184
1248 1184
1248 1166
1235 1166
1235 1218
1231 1218
1231 1223
1217 1223
1217 1306
1222 1306
1222 1310
1216 1310
1216 1309
1193 1309
1193 1304
1150 1304
1150 1308
1104 1308
1104 1354
1088 1354
1088 1307
1003 1307
1003 1305
889 1305
889 1298
891 1298
891 1288
1045 1288
1045 1287
883 1287
883 1299
872 1299
872 1285
988 1285
988 1240
999 1240
999 1274
1007 1274
1007 1228
989 1228
989 1216
983 1216
983 1214
976 1214
976 1229
917 1229
917 1222
916 1222
916 1202
820 1202
820 1205
794 1205
794 1211
911 1211
911 1226
907 1226
907 1231
899 1231
899 1245
932 1245
932 1235
910 1235
910 1233
981 1233
981 1280
922 1280
922 1275
877 1275
877 1282
841 1282
841 1269
846 1269
846 1264
823 1264
823 1267
788 1267
788 1272
607 1272
607 1251
595 1251
595 1254
548 1254
548 1276
616 1276
616 1279
658 1279
658 1273
810 1273
810 1286
863 1286
863 1293
816 1293
816 1295
870 1295
870 1297
769 1297
769 1316
876 1316
876 1314
783 1314
783 1313
1076 1313
1076 1320
1026 1320
1026 1330
1028 1330
1028 1337
1043 1337
1043 1352
1057 1352
1057 1359
1164 1359
1164 1327
1195 1327
1195 1325
1233 1325
1233 1328
1232 1328
1232 1331
1209 1331
1209 1345
1214 1345
1214 1349
1282 1349
1282 1336
1297 1336
1297 1324
1276 1324
1276 1323
1113 1323
1113 1343
1107 1343
1107 1311
1131 1311
1131 1322
1167 1322
1167 1319
1274 1319
1274 1318
1262 1318
1262 1312
1295 1312
1295 1249
1287 1249
1287 1261
1278 1261
1278 1230
1277 1230
1277 1169
1286 1169
1286 1200
1364 1200
1364 1204
1354 1204
1354 1315
1340 1315
1340 1250
1335 1250
1335 1289
1324 1289
1324 1326
1317 1326
1317 1395
1341 1395
1341 1437
1347 1437
1347 1435
1352 1435
1352 1425
1372 1425
1372 1583
1362 1583
1362 1604
1376 1604
1376 1617
1360 1617
1360 1629
1337 1629
1337 1627
1356 1627
1356 1621
1339 1621
1339 1619
1327 1619
1327 1620
1300 1620
1300 1665
1188 1665
1188 1674
1154 1674
1154 1676
1127 1676
1127 1825
1132 1825
1132 1756
1130 1756
1130 1717
1134 1717
1134 1773
1185 1773
1185 1836
1175 1836
1175 1848
1190 1848
1190 1856
1169 1856
1169 1830
1021 1830
1021 1785
1050 1785
1050 1812
1097 1812
1097 1611
1092 1611
1092 1685
1089 1685
1089 1802
1054 1802
1054 1781
1041 1781
1041 1774
1006 1774
1006 1750
990 1750
990 1772
980 1772
980 1726
1030 1726
1030 1719
1048 1719
1048 1710
1036 1710
1036 1703
973 1703
973 1724
971 1724
971 1700
1037 1700
1037 1699
954 1699
954 1746
951 1746
951 1766
912 1766
912 1775
855 1775
855 1712
853 1712
853 1707
785 1707
785 1969
862 1969
862 1972
1168 1972
1168 1967
1155 1967
1155 1964
1182 1964
1182 1982
1163 1982
1163 1975
747 1975
747 1981
632 1981
632 1968
650 1968
650 1940
659 1940
659 1959
707 1959
707 1952
683 1952
683 1938
697 1938
697 1933
689 1933
689 1936
686 1936
686 1875
678 1875
678 1863
677 1863
677 1782
682 1782
682 1814
695 1814
695 1694
699 1694
699 1811
706 1811
706 1610
702 1610
702 1570
708 1570
708 1567
718 1567
718 1590
717 1590
717 1654
715 1654
715 1705
723 1705
723 1623
726 1623
726 1631
733 1631
733 1628
745 1628
745 1711
731 1711
731 1761
746 1761
746 1552
740 1552
740 1526
735 1526
735 1504
590 1504
590 1495
588 1495
588 1478
567 1478
567 1484
559 1484
559 1487
558 1487
558 1488
518 1488
518 1492
543 1492
543 1505
575 1505
575 1507
572 1507
572 1509
479 1509
479 1510
585 1510
585 1525
532 1525
532 1539
365 1539
365 1543
363 1543
363 1508
362 1508
362 1592
370 1592
370 1568
373 1568
373 1562
378 1562
378 1679
368 1679
368 1801
356 1801
356 1595
355 1595
355 1709
354 1709
354 1566
357 1566
357 1493
361 1493
361 1420
360 1420
360 1339
342 1339
342 1317
337 1317
337 1290
327 1290
327 1296
324 1296
324 1300
281 1300
281 1350
271 1350
271 1347
248 1347
248 1374
227 1374
227 1356
169 1356
169 1358
191 1358
191 1385
147 1385
147 1361
127 1361
127 1450
151 1450
151 1440
181 1440
181 1466
172 1466
172 1479
164 1479
164 1486
185 1486
185 1672
238 1672
238 1868
196 1868
196 1885
155 1885
155 1891
100 1891
100 1892
126 1892
126 1897
178 1897
178 1919
175 1919
175 1934
208 1934
208 1921
259 1921
259 1946
225 1946
225 1951
170 1951
170 1932
110 1932
110 2008
89 2008
89 2005
64 2005
64 2060
62 2060
62 2069
69 2069
69 2106
79 2106
79 2107
105 2107
105 2108
67 2108
67 2110
61 2110
61 2204
70 2204
70 2222
59 2222
59 2207
58 2207
58 2214
35 2214
35 2394
37 2394
37 2407
38 2407
38 2464
39 2464
39 2452
44 2452
44 2476
48 2476
48 2500
50 2500
50 2382
43 2382
43 2334
45 2334
45 2329
60 2329
60 2307
46 2307
46 2284
36 2284
36 2279
40 2279
40 2224
72 2224
72 2369
74 2369
74 2179
68 2179
68 2142
71 2142
71 2167
76 2167
76 2469
80 2469
80 2443
87 2443
87 2346
88 2346
88 2254
85 2254
85 2197
81 2197
81 2373
77 2373
77 2180
83 2180
83 2115
98 2115
98 2116
104 2116
104 2188
114 2188
114 2186
107 2186
107 2104
73 2104
73 2103
96 2103
96 2074
102 2074
102 2055
90 2055
90 2023
111 2023
111 1942
121 1942
121 1935
122 1935
122 1990
119 1990
119 1997
134 1997
134 1998
136 1998
136 1960
165 1960
165 1966
256 1966
256 1974
265 1974
265 1965
260 1965
260 1912
211 1912
211 1871
239 1871
239 1857
255 1857
255 1788
262 1788
262 1755
254 1755
254 1845
251 1845
251 1847
243 1847
243 1840
245 1840
245 1704
240 1704
240 1658
214 1658
214 1503
220 1503
220 1646
222 1646
222 1612
226 1612
226 1639
231 1639
231 1545
221 1545
221 1523
246 1523
246 1497
198 1497
198 1498
188 1498
188 1516
209 1516
209 1572
203 1572
203 1659
236 1659
236 1666
186 1666
186 1500
187 1500
187 1433
167 1433
167 1436
129 1436
129 1379
146 1379
146 1405
195 1405
195 1380
201 1380
201 1399
217 1399
217 1369
224 1369
224 1394
237 1394
237 1384
250 1384
250 1381
258 1381
258 1470
277 1470
277 1446
291 1446
291 1457
315 1457
315 1443
311 1443
311 1434
300 1434
300 1432
295 1432
295 1439
270 1439
270 1452
267 1452
267 1416
264 1416
264 1424
261 1424
261 1368
252 1368
252 1355
249 1355
249 1351
288 1351
288 1301
333 1301
333 1332
339 1332
339 1346
346 1346
346 1341
359 1341
359 1371
352 1371
352 1376
353 1376
353 1607
351 1607
351 1656
350 1656
350 1442
349 1442
349 1469
344 1469
344 1501
345 1501
345 1596
347 1596
347 1803
358 1803
358 1807
367 1807
367 1804
382 1804
382 1884
385 1884
385 1887
389 1887
389 1725
391 1725
391 1901
377 1901
377 1894
364 1894
364 1916
383 1916
383 1908
393 1908
393 1820
394 1820
394 1915
396 1915
396 1791
392 1791
392 1749
397 1749
397 1874
400 1874
400 1890
408 1890
408 1881
409 1881
409 1880
443 1880
443 1888
438 1888
438 1978
447 1978
447 2041
442 2041
442 1988
433 1988
433 2145
430 2145
430 2084
424 2084
424 2249
423 2249
423 2405
425 2405
425 2086
429 2086
429 2102
428 2102
428 2193
432 2193
432 2305
439 2305
439 2310
457 2310
457 2350
454 2350
454 2433
456 2433
456 2436
466 2436
466 2413
469 2413
469 2426
516 2426
516 2438
511 2438
511 2465
529 2465
529 2472
528 2472
528 2473
461 2473
461 2495
491 2495
491 2496
538 2496
538 2490
560 2490
560 2492
713 2492
713 2488
919 2488
919 2497
933 2497
933 2493
959 2493
959 2491
923 2491
923 2489
1415 2489
1415 2487
509 2487
509 2486
804 2486
804 2484
892 2484
892 2485
1039 2485
1039 2480
879 2480
879 2481
875 2481
875 2475
814 2475
814 2479
792 2479
792 2478
539 2478
539 2467
584 2467
584 2466
692 2466
692 2470
703 2470
703 2461
1591 2461
1591 2398
1599 2398
1599 2402
1607 2402
1607 2462
1702 2462
1702 2456
1651 2456
1651 2435
1636 2435
1636 2410
1661 2410
1661 2419
1670 2419
1670 2396
1656 2396
1656 2391
1778 2391
1778 2392
1834 2392
1834 2401
1817 2401
1817 2427
1840 2427
1840 2434
1833 2434
1833 2463
1830 2463
1830 2483
1869 2483
1869 2455
1884 2455
1884 2453
1894 2453
1894 2482
1890 2482
1890 2494
1883 2494
1883 2498
1895 2498
1895 2459
1903 2459
1903 2477
1905 2477
1905 2357
1907 2357
1907 2257
1909 2257
1909 2237
1921 2237
1921 2213
1902 2213
1902 2320
1900 2320
1900 2387
1899 2387
1899 2437
1898 2437
1898 2198
1897 2198
1897 2444
1850 2444
1850 2390
1873 2390
1873 2286
1871 2286
1871 2253
1876 2253
1876 2239
1860 2239
1860 2203
1854 2203
1854 2195
1811 2195
1811 2199
1802 2199
1802 2209
1821 2209
1821 2200
1838 2200
1838 2208
1859 2208
1859 2266
1853 2266
1853 2215
1852 2215
1852 2248
1842 2248
1842 2219
1829 2219
1829 2293
1855 2293
1855 2330
1857 2330
1857 2348
1872 2348
1872 2388
1638 2388
1638 2157
1633 2157
1633 2011
1634 2011
1634 1907
1658 1907
1658 1917
1653 1917
1653 1924
1725 1924
1725 1930
1743 1930
1743 1995
1765 1995
1765 1994
1809 1994
1809 1992
1826 1992
1826 1991
1868 1991
1868 1989
1856 1989
1856 1971
1804 1971
1804 1961
1768 1961
1768 1945
1779 1945
1779 1928
1746 1928
1746 1927
1910 1927
1910 1929
1943 1929
1943 1926
1858 1926
1858 1918
1844 1918
1844 1922
1816 1922
1816 1925
1738 1925
1738 1923
1695 1923
1695 1914
1715 1914
1715 1899
1782 1899
1782 1895
1681 1895
1681 1900
1659 1900
1659 1893
1822 1893
1822 1882
1825 1882
1825 1867
1827 1867
1827 1720
1835 1720
1835 1906
1846 1906
1846 1817
1849 1817
1849 1861
1874 1861
1874 1911
1913 1911
1913 1903
1881 1903
1881 1806
1837 1806
1837 1742
1870 1742
1870 1721
1851 1721
1851 1680
1820 1680
1820 1633
1880 1633
1880 1649
1893 1649
1893 1771
1896 1771
1896 1571
1892 1571
1892 1544
1875 1544
1875 1530
1901 1530
1901 1522
1877 1522
1877 1524
1862 1524
1862 1598
1848 1598
1848 1624
1841 1624
1841 1601
1818 1601
1818 1681
1832 1681
1832 1693
1845 1693
1845 1735
1839 1735
1839 1702
1808 1702
1808 1794
1806 1794
1806 1564
1795 1564
1795 1537
1786 1537
1786 1541
1784 1541
1784 1577
1791 1577
1791 1673
1783 1673
1783 1602
1780 1602
1780 1634
1781 1634
1781 1690
1793 1690
1793 1576
1805 1576
1805 1722
1801 1722
1801 1728
1803 1728
1803 1879
1812 1879
1812 1734
1814 1734
1814 1776
1813 1776
1813 1883
1766 1883
1766 1855
1763 1855
1763 1660
1767 1660
1767 1640
1776 1640
1776 1561
1773 1561
1773 1609
1771 1609
1771 1637
1762 1637
1762 1581
1678 1581
1678 1664
1654 1664
1654 1643
1648 1643
1648 1630
1582 1630
1582 1615
1613 1615
1613 1614
1602 1614
1602 1585
1585 1585
1585 1591
1567 1591
1567 1594
1549 1594
1549 1517
1536 1517
1536 1536
1512 1536
1512 1494
1554 1494
1554 1506
1589 1506
1589 1502
1580 1502
1580 1475
1610 1475
1610 1474
1593 1474
1593 1471
1530 1471
1530 1460
1543 1460
1543 1448
1552 1448
1552 1400
1553 1400
1553 1404
1615 1404
1615 1414
1598 1414
1598 1444
1606 1444
1606 1422
1618 1422
1618 1389
1609 1389
1609 1360
1601 1360
1601 1362
1600 1362
1600 1372
1603 1372
1603 1393
1532 1393
1532 1366
1503 1366
1503 1388
1523 1388
1523 1410
1432 1410
1432 1464
1422 1464
1422 1483
1423 1483
1423 1491
1428 1491
1428 1473
1434 1473
1434 1421
1450 1421
1450 1427
1489 1427
1489 1411
1510 1411
1510 1677
1508 1677
1508 1533
1498 1533
1498 1662
1504 1662
1504 1688
1497 1688
1497 1636
1491 1636
1491 1642
1482 1642
1482 1667
1472 1667
1472 1597
1470 1597
1470 1558
1453 1558
1453 1563
1468 1563
1468 1652
1467 1652
1467 1795
1478 1795
1478 1683
1487 1683
1487 1731
1501 1731
1501 1718
1515 1718
1515 1663
1511 1663
1511 1551
1514 1551
1514 1542
1526 1542
1526 1831
1527 1831
1527 2151
1505 2151
1505 2152
1476 2152
1476 2135
1473 2135
1473 2053
1480 2053
1480 2081
1481 2081
1481 2101
1493 2101
1493 2090
1495 2090
1495 2019
1484 2019
1484 2016
1492 2016
1492 2014
1424 2014
1424 2021
1471 2021
1471 2156
1449 2156
1449 2047
1447 2047
1447 2099
1446 2099
1446 2158
1465 2158
1465 2161
1547 2161
1547 2118
1537 2118
1537 2117
1562 2117
1562 2124
1551 2124
1551 2164
1560 2164
1560 2170
1604 2170
1604 2155
1570 2155
1570 2141
1608 2141
1608 2007
1597 2007
1597 2138
1574 2138
1574 2123
1583 2123
1583 2094
1550 2094
1550 2113
1528 2113
1528 1632
1538 1632
1538 1606
1573 1606
1573 1675
1576 1675
1576 1789
1584 1789
1584 1864
1578 1864
1578 1878
1596 1878
1596 1796
1594 1796
1594 1769
1592 1769
1592 1751
1614 1751
1614 1762
1666 1762
1666 1783
1711 1783
1711 1784
1727 1784
1727 1793
1729 1793
1729 1780
1675 1780
1675 1763
1703 1763
1703 1754
1642 1754
1642 1752
1616 1752
1616 1651
1646 1651
1646 1684
1687 1684
1687 1655
1684 1655
1684 1588
1688 1588
1688 1696
1691 1696
1691 1671
1689 1671
1689 1599
1716 1599
1716 1587
1760 1587
1760 1886
1625 1886
1625 2001
1621 2001
1621 2131
1622 2131
1622 2192
1627 2192
1627 2183
1635 2183
1635 2430
1623 2430
1623 2340
1630 2340
1630 2280
1469 2280
1469 2270
1466 2270
1466 2261
1455 2261
1455 2271
1457 2271
1457 2287
1426 2287
1426 2268
1411 2268
1411 2309
1556 2309
1556 2317
1403 2317
1403 2288
1402 2288
1402 2260
1409 2260
1409 2240
1394 2240
1394 2227
1346 2227
1346 2264
1333 2264
1333 2251
1338 2251
1338 2246
1331 2246
1331 2275
1323 2275
1323 2217
1405 2217
1405 2211
1392 2211
1392 2210
1385 2210
1385 2216
1315 2216
1315 2285
1342 2285
1342 2295
1332 2295
1332 2302
1334 2302
1334 2296
1363 2296
1363 2290
1379 2290
1379 2282
1351 2282
1351 2252
1369 2252
1369 2258
1401 2258
1401 2315
1388 2315
1388 2324
1389 2324
1389 2332
1407 2332
1407 2327
1534 2327
1534 2345
1517 2345
1517 2359
1571 2359
1571 2355
1561 2355
1561 2344
1568 2344
1568 2303
1496 2303
1496 2283
1611 2283
1611 2363
1555 2363
1555 2360
1264 2360
1264 2368
1259 2368
1259 2371
1314 2371
1314 2378
1380 2378
1380 2367
1399 2367
1399 2361
1535 2361
1535 2362
1524 2362
1524 2374
1588 2374
1588 2460
942 2460
942 2450
1049 2450
1049 2451
1307 2451
1307 2439
1330 2439
1330 2412
1302 2412
1302 2446
1281 2446
1281 2447
1177 2447
1177 2441
1103 2441
1103 2442
1079 2442
1079 2445
1117 2445
1117 2448
940 2448
940 2458
591 2458
591 2457
597 2457
597 2432
530 2432
530 2431
568 2431
568 2429
547 2429
547 2420
661 2420
661 2422
729 2422
729 2424
874 2424
874 2421
1058 2421
1058 2403
1086 2403
1086 2397
1087 2397
1087 2352
1085 2352
1085 2281
1052 2281
1052 2225
827 2225
827 2243
826 2243
826 2277
837 2277
837 2245
843 2245
843 2244
856 2244
856 2328
851 2328
851 2342
840 2342
840 2351
897 2351
897 2364
828 2364
828 2365
904 2365
904 2354
906 2354
906 2375
849 2375
849 2380
857 2380
857 2384
803 2384
803 2366
789 2366
789 2377
775 2377
775 2274
762 2274
762 2120
773 2120
773 2147
790 2147
790 2143
818 2143
818 2171
909 2171
909 2166
893 2166
893 2154
946 2154
946 2149
1186 2149
1186 2169
1162 2169
1162 2168
1125 2168
1125 2153
1179 2153
1179 2150
978 2150
978 2163
1031 2163
1031 2160
1069 2160
1069 2159
1123 2159
1123 2181
927 2181
927 2176
845 2176
845 2178
844 2178
844 2187
871 2187
871 2189
1013 2189
1013 2196
864 2196
864 2202
975 2202
975 2206
1034 2206
1034 2205
1033 2205
1033 2182
1063 2182
1063 2190
1105 2190
1105 2191
1124 2191
1124 2177
1208 2177
1208 2121
1174 2121
1174 2125
1025 2125
1025 2126
1137 2126
1137 2127
1100 2127
1100 2129
1183 2129
1183 2148
850 2148
850 2140
800 2140
800 2134
799 2134
799 2133
798 2133
798 2114
767 2114
767 2111
760 2111
760 2146
751 2146
751 2299
763 2299
763 2297
759 2297
759 2276
764 2276
764 2316
768 2316
768 2386
859 2386
859 2389
930 2389
930 2347
861 2347
861 2231
900 2231
900 2234
914 2234
914 2272
921 2272
921 2242
979 2242
979 2273
982 2273
982 2267
985 2267
985 2229
880 2229
880 2226
1047 2226
1047 2265
1040 2265
1040 2259
1038 2259
1038 2255
1024 2255
1024 2233
1015 2233
1015 2250
1008 2250
1008 2278
1023 2278
1023 2289
1081 2289
1081 2322
1075 2322
1075 2338
1078 2338
1078 2376
1044 2376
1044 2385
1073 2385
1073 2393
1046 2393
1046 2416
1042 2416
1042 2409
822 2409
822 2406
778 2406
778 2399
660 2399
660 2414
915 2414
915 2415
819 2415
819 2418
482 2418
482 2417
640 2417
640 2323
675 2323
675 2318
693 2318
693 2335
711 2335
711 2294
705 2294
705 2300
614 2300
614 2325
605 2325
605 2372
618 2372
618 2314
655 2314
655 2321
638 2321
638 2333
631 2333
631 2411
598 2411
598 2400
505 2400
505 2408
493 2408
493 2379
506 2379
506 2339
500 2339
500 2326
475 2326
475 2356
467 2356
467 2343
459 2343
459 2313
527 2313
527 2301
502 2301
502 2308
451 2308
451 2292
435 2292
435 2112
446 2112
446 2057
452 2057
452 2065
504 2065
504 2082
522 2082
522 2095
690 2095
690 2093
541 2093
541 2080
592 2080
592 2073
536 2073
536 2067
776 2067
776 2091
806 2091
806 2063
709 2063
709 2059
700 2059
700 2052
901 2052
901 2066
931 2066
931 2076
926 2076
926 2070
825 2070
825 2075
903 2075
903 2088
1091 2088
1091 2085
1184 2085
1184 2089
928 2089
928 2092
1009 2092
1009 2096
1020 2096
1020 2097
1258 2097
1258 2078
1153 2078
1153 2083
991 2083
991 2077
958 2077
958 2068
1012 2068
1012 2071
1067 2071
1067 2072
1243 2072
1243 2061
1018 2061
1018 2058
950 2058
950 2079
941 2079
941 2064
929 2064
929 2051
852 2051
852 2050
696 2050
696 2039
685 2039
685 2036
714 2036
714 2042
738 2042
738 2044
924 2044
924 2049
1238 2049
1238 2048
1268 2048
1268 1993
1265 1993
1265 2002
1261 2002
1261 2020
1266 2020
1266 2040
1250 2040
1250 2006
1197 2006
1197 2003
1080 2003
1080 2013
1145 2013
1145 2028
1158 2028
1158 2009
1160 2009
1160 2043
865 2043
865 2037
902 2037
902 2034
962 2034
962 2032
966 2032
966 2031
1017 2031
1017 2027
960 2027
960 2024
832 2024
832 2026
758 2026
758 2029
750 2029
750 2033
513 2033
513 2045
609 2045
609 2038
652 2038
652 2062
587 2062
587 2046
481 2046
481 2018
488 2018
488 1905
490 1905
490 1869
494 1869
494 1913
498 1913
498 1837
497 1837
497 1787
484 1787
484 1815
483 1815
483 1745
508 1745
508 1740
485 1740
485 1741
426 1741
426 1747
480 1747
480 1779
474 1779
474 2000
476 2000
476 2054
470 2054
470 1843
468 1843
468 1996
460 1996
460 1970
448 1970
448 1808
421 1808
421 1826
414 1826
414 1708
402 1708
402 1753
412 1753
412 1765
404 1765
404 1821
401 1821
401 1739
395 1739
395 1689
390 1689
390 1670
381 1670
381 1797
371 1797
371 1698
379 1698
379 1616
384 1616
384 1553
376 1553
376 1540
540 1540
540 1538
537 1538
537 1532
579 1532
579 1528
601 1528
601 1515
656 1515
656 1513
687 1513
687 1512
586 1512
586 1511
719 1511
719 1556
694 1556
694 1574
701 1574
701 1682
667 1682
667 1816
668 1816
668 1870
674 1870
674 1947
666 1947
666 1678
623 1678
623 1729
641 1729
641 1714
657 1714
657 1786
648 1786
648 1849
643 1849
643 1828
624 1828
624 1833
639 1833
639 1850
621 1850
621 1852
620 1852
620 1873
665 1873
665 1920
627 1920
627 1939
626 1939
626 1985
939 1985
939 1984
755 1984
755 1976
1068 1976
1068 1980
1060 1980
1060 1983
1126 1983
1126 1986
1202 1986
1202 1973
1198 1973
1198 1948
1056 1948
1056 1950
968 1950
968 1955
1001 1955
1001 1956
952 1956
952 1898
935 1898
935 1896
842 1896
842 1904
948 1904
948 1943
934 1943
934 1957
884 1957
884 1949
878 1949
878 1958
1077 1958
1077 1953
1173 1953
1173 1963
838 1963
838 1962
791 1962
791 1829
797 1829
797 1732
836 1732
836 1778
1005 1778
1005 1777
1011 1777
1011 1792
998 1792
998 1799
1010 1799
1010 1841
1055 1841
1055 1832
1144 1832
1144 1853
956 1853
956 1854
894 1854
894 1851
947 1851
947 1844
890 1844
890 1846
854 1846
854 1866
888 1866
888 1860
938 1860
938 1859
1203 1859
1203 1842
1212 1842
1212 1834
1196 1834
1196 1835
1189 1835
1189 1770
1147 1770
1147 1767
1199 1767
1199 1813
1201 1813
1201 1798
1221 1798
1221 1758
1207 1758
1207 1744
1312 1744
1312 1733
1305 1733
1305 1723
1304 1723
1304 1737
1241 1737
1241 1727
1152 1727
1152 1716
1138 1716
1138 1713
1161 1713
1161 1706
1210 1706
1210 1669
1303 1669
1303 1641
1328 1641
1328 1691
1348 1691
1348 1653
1378 1653
1378 1409
1343 1409
1343 1382
1355 1382
1355 1373
1321 1373
1321 1329
1357 1329
1357 1335
1361 1335
1361 1344
1383 1344
1383 1278
1370 1278
1370 1333
1367 1333
1367 1239
1365 1239
1365 1207
1366 1207
1366 1197
1349 1197
1349 1196
1329 1196
1329 1198
1310 1198
1310 1168
1301 1168
1301 1189
1292 1189
1292 1152
925 1152
925 1154
663 1154
663 1150
645 1150
645 1157
413 1157
413 1144
571 1144
571 1140
617 1140
617 1129
611 1129
611 1127
662 1127
662 1126
754 1126
754 1118
725 1118
725 1116
780 1116
780 1115
1227 1115
1227 1117
1257 1117
1257 1119
1444 1119
1444 1078
1463 1078
1463 1075
1667 1075
1667 1103
1631 1103
1631 1112
1677 1112
1677 1137
1690 1137
1690 1058
1694 1058
1694 1067
1693 1067
1693 1105
1714 1105
1714 1087
1717 1087
1717 1111
1731 1111
1731 1143
1739 1143
1739 1073
1740 1073
1740 1167
1744 1167
1744 1125
1742 1125
1742 1083
1741 1083
1741 1082
1747 1082
1747 1051
1712 1051
1712 1059
1708 1059
1708 1014
1718 1014
1718 1021
1719 1021
1719 992
1722 992
1722 1028
1745 1028
1745 1017
1750 1017
1750 1070
1754 1070
1754 1146
1757 1146
1757 1133
1759 1133
1759 1177
1756 1177
1756 1174
1433 1174
1433 1173
1430 1173
1430 1181
1459 1181
1459 1192
1483 1192
1483 1195
1488 1195
1488 1191
1581 1191
1581 1186
1595 1186
1595 1183
1733 1183
1733 1180
1764 1180
1764 1151
1774 1151
1774 1149
1772 1149
1772 1128
1755 1128
1755 1109
1758 1109
1758 986
1721 986
1721 952
1724 952
1724 934
1737 934
1737 928
1732 928
1732 907
1696 907
1696 903
1673 903
1673 880
1663 880
1663 871
1617 871
1617 872
1558 872
1558 863
1485 863
1485 876
1398 876
1398 873
1393 873
1393 852
1382 852
1382 848
1887 848
1887 890
1882 890
1882 905
1879 905
1879 912
1864 912
1864 901
1798 901
1798 904
1796 904
1796 918
1906 918
1906 1041
1916 1041
1916 945
1914 945
1914 916
1807 916
1807 914
1950 914
1950 993
1947 993
1947 1018
1952 1018
1952 963
1956 963
1956 1012
1963 1012
1963 1000
1978 1000
1978 1060
2069 1060
2069 1057
2079 1057
2079 1053
2064 1053
2064 1056
2049 1056
2049 1049
2061 1049
2061 1050
2084 1050
2084 1048
2017 1048
2017 1039
2120 1039
2120 1037
2127 1037
2127 1035
2054 1035
2054 1006
2132 1006
2132 987
2156 987
2156 1077
2165 1077
2165 1079
2195 1079
2195 1096
2152 1096
2152 1071
2143 1071
2143 1086
2119 1086
2119 1088
2078 1088
2078 1093
2051 1093
2051 1091
2047 1091
2047 1110
2050 1110
2050 1134
2080 1134
2080 1121
2060 1121
2060 1100
2164 1100
2164 1097
2196 1097
2196 1069
2190 1069
2190 1064
2172 1064
2172 1032
2160 1032
2160 985
2124 985
2124 1003
2046 1003
2046 1034
2010 1034
2010 1054
1988 1054
1988 1038
1989 1038
1989 990
1979 990
1979 958
1969 958
1969 943
1957 943
1957 908
1891 908
1891 846
1531 846
1531 840
1413 840
1413 833
1345 833
1345 827
1106 827
1106 847
1114 847
1114 850
1118 850
1118 860
1082 860
1082 867
1109 867
1109 894
1116 894
1116 896
1121 896
1121 886
1135 886
1135 953
1061 953
1061 942
1066 942
1066 931
1074 931
1074 925
996 925
996 927
974 927
974 948
977 948
977 955
1053 955
1053 959
1027 959
1027 967
1019 967
1019 971
1112 971
1112 972
1059 972
1059 973
1094 973
1094 1022
967 1022
967 1011
570 1011
570 1007
557 1007
557 991
534 991
534 874
533 874
533 796
515 796
515 791
503 791
503 790
507 790
507 771
496 771
496 741
465 741
465 739
232 739
232 800
158 800
158 830
148 830
148 851
150 851
150 978
149 978
149 980
130 980
130 855
124 855
124 754
24 754
24 766
14 766
14 744
15 744
15 563
13 563
13 547
19 547
19 538
