220
1 538
1 562
6 562
6 555
12 555
12 645
10 645
10 736
8 736
8 742
4 742
4 779
5 779
5 798
9 798
9 776
7 776
7 745
11 745
11 774
23 774
23 778
51 778
51 777
42 777
42 757
117 757
117 761
123 761
123 924
118 924
118 944
101 944
101 854
103 854
103 920
115 920
115 888
112 888
112 862
106 862
106 844
97 844
97 856
86 856
86 806
84 806
84 839
82 839
82 864
63 864
63 816
26 816
26 875
25 875
25 1029
27 1029
27 821
57 821
57 870
55 870
55 861
49 861
49 926
29 926
29 1046
31 1046
31 941
53 941
53 932
75 932
75 883
78 883
78 929
94 929
94 962
109 962
109 995
133 995
133 1036
93 1036
93 1042
132 1042
132 1045
131 1045
131 1052
138 1052
138 1043
135 1043
135 1001
153 1001
153 857
157 857
157 887
162 887
162 989
163 989
163 1008
173 1008
173 961
177 961
177 1013
184 1013
184 1024
189 1024
189 1025
182 1025
182 1044
216 1044
216 996
228 996
228 1002
234 1002
234 988
194 988
194 957
212 957
212 951
207 951
207 919
199 919
199 817
202 817
202 805
197 805
197 936
193 936
193 923
183 923
183 940
180 940
180 803
235 803
235 769
266 769
266 773
263 773
263 775
268 775
268 740
427 740
427 762
386 762
386 758
308 758
308 760
380 760
380 763
489 763
489 765
471 765
471 784
492 784
492 795
449 795
449 797
519 797
519 829
517 829
517 869
531 869
531 983
525 983
525 994
487 994
487 999
512 999
512 1005
463 1005
463 1004
464 1004
464 969
462 969
462 1009
420 1009
420 966
407 966
407 1010
570 1010
570 1007
557 1007
557 991
534 991
534 874
533 874
533 796
515 796
515 791
503 791
503 790
507 790
507 771
496 771
496 741
465 741
465 739
232 739
232 800
158 800
158 830
148 830
148 851
150 851
150 978
149 978
149 980
130 980
130 855
124 855
124 754
24 754
24 766
14 766
14 744
15 744
15 563
13 563
13 547
19 547
19 538
