624
339 919
339 929
336 929
336 826
330 826
330 1173
327 1173
327 1097
323 1097
323 1096
324 1096
324 1012
311 1012
311 1081
309 1081
309 1094
293 1094
293 1091
272 1091
272 1072
207 1072
207 1109
200 1109
200 1055
187 1055
187 1040
203 1040
203 1039
306 1039
306 1037
186 1037
186 1035
189 1035
189 1017
211 1017
211 1011
159 1011
159 1006
151 1006
151 971
150 971
150 885
175 885
175 882
146 882
146 827
160 827
160 814
149 814
149 810
166 810
166 808
230 808
230 807
177 807
177 803
147 803
147 782
143 782
143 767
142 767
142 759
176 759
176 748
118 748
118 763
82 763
82 761
30 761
30 752
1 752
1 760
24 760
24 764
26 764
26 770
74 770
74 769
115 769
115 768
123 768
123 771
85 771
85 772
90 772
90 776
126 776
126 749
138 749
138 756
135 756
135 993
137 993
137 932
136 932
136 791
140 791
140 840
145 840
145 1015
155 1015
155 1013
164 1013
164 1020
134 1020
134 1025
165 1025
165 1023
167 1023
167 1028
181 1028
181 1029
182 1029
182 1050
131 1050
131 1033
132 1033
132 1030
130 1030
130 1027
127 1027
127 1051
173 1051
173 1057
158 1057
158 1059
194 1059
194 1066
178 1066
178 1071
169 1071
169 1108
184 1108
184 1116
185 1116
185 1114
195 1114
195 1111
227 1111
227 1080
253 1080
253 1082
265 1082
265 1098
298 1098
298 1100
307 1100
307 1137
315 1137
315 1130
314 1130
314 1104
316 1104
316 1103
313 1103
313 1092
312 1092
312 1026
319 1026
319 1067
322 1067
322 1120
326 1120
326 1123
325 1123
325 1160
304 1160
304 1153
303 1153
303 1210
297 1210
297 1204
296 1204
296 1155
264 1155
264 1149
279 1149
279 1148
254 1148
254 1147
234 1147
234 1145
192 1145
192 1161
205 1161
205 1159
209 1159
209 1156
204 1156
204 1150
229 1150
229 1152
236 1152
236 1165
238 1165
238 1162
239 1162
239 1157
288 1157
288 1208
287 1208
287 1249
291 1249
291 1233
295 1233
295 1225
299 1225
299 1250
302 1250
302 1215
308 1215
308 1166
318 1166
318 1243
353 1243
353 1239
337 1239
337 1234
321 1234
321 1230
370 1230
370 1232
367 1232
367 1241
507 1241
507 1242
526 1242
526 1245
485 1245
485 1247
561 1247
561 1248
634 1248
634 1244
554 1244
554 1246
529 1246
529 1238
535 1238
535 1237
479 1237
479 1231
451 1231
451 1240
399 1240
399 1226
402 1226
402 1224
490 1224
490 1227
474 1227
474 1229
496 1229
496 1228
519 1228
519 1220
460 1220
460 1221
403 1221
403 1192
412 1192
412 1212
441 1212
441 1201
439 1201
439 1199
454 1199
454 1211
457 1211
457 1197
463 1197
463 1193
473 1193
473 1179
461 1179
461 1178
495 1178
495 1191
508 1191
508 1187
515 1187
515 1196
542 1196
542 1189
552 1189
552 1186
619 1186
619 1182
627 1182
627 1190
643 1190
643 1200
663 1200
663 1205
628 1205
628 1213
638 1213
638 1214
595 1214
595 1216
551 1216
551 1218
660 1218
660 1219
668 1219
668 1209
652 1209
652 1206
683 1206
683 1184
669 1184
669 1183
644 1183
644 1181
639 1181
639 1167
630 1167
630 1169
541 1169
541 1170
597 1170
597 1171
620 1171
620 1177
599 1177
599 1185
510 1185
510 1174
405 1174
405 1188
401 1188
401 1175
395 1175
395 1202
391 1202
391 1236
373 1236
373 1235
379 1235
379 1207
362 1207
362 1180
386 1180
386 1194
384 1194
384 1203
388 1203
388 1195
389 1195
389 1158
378 1158
378 1134
383 1134
383 1122
536 1122
536 1043
531 1043
531 1042
555 1042
555 1038
612 1038
612 1056
606 1056
606 1044
567 1044
567 1053
543 1053
543 1102
544 1102
544 1115
546 1115
546 1086
556 1086
556 1128
605 1128
605 1127
658 1127
658 1129
674 1129
674 1124
642 1124
642 1117
593 1117
593 1126
558 1126
558 1099
711 1099
711 1095
710 1095
710 1093
598 1093
598 1089
631 1089
631 1079
692 1079
692 1077
734 1077
734 1087
739 1087
739 1083
751 1083
751 1074
786 1074
786 1078
840 1078
840 1075
830 1075
830 1073
756 1073
756 1070
661 1070
661 1076
602 1076
602 1069
590 1069
590 1088
570 1088
570 1085
548 1085
548 1061
603 1061
603 1049
604 1049
604 1065
875 1065
875 1131
929 1131
929 1133
845 1133
845 1138
815 1138
815 1140
814 1140
814 1136
790 1136
790 1142
789 1142
789 1144
797 1144
797 1154
784 1154
784 1163
796 1163
796 1168
819 1168
819 1151
825 1151
825 1139
860 1139
860 1135
939 1135
939 1125
891 1125
891 1107
1083 1107
1083 1110
895 1110
895 1113
962 1113
962 1112
991 1112
991 1119
1085 1119
1085 1105
1047 1105
1047 1106
1032 1106
1032 1101
896 1101
896 1063
745 1063
745 1062
682 1062
682 1054
625 1054
625 1052
667 1052
667 1046
645 1046
645 1048
622 1048
622 1064
617 1064
617 1036
521 1036
521 1090
520 1090
520 1084
514 1084
514 1060
512 1060
512 1121
380 1121
380 1047
387 1047
387 1034
374 1034
374 1118
368 1118
368 1132
375 1132
375 1143
363 1143
363 1141
355 1141
355 1146
376 1146
376 1164
361 1164
361 1172
360 1172
360 1217
366 1217
366 1222
371 1222
371 1223
320 1223
320 1198
328 1198
328 1176
331 1176
331 972
333 972
333 889
334 889
334 954
343 954
343 951
358 951
358 955
357 955
357 956
396 956
396 977
442 977
442 978
446 978
446 987
488 987
488 981
494 981
494 975
486 975
486 962
502 962
502 964
513 964
513 957
477 957
477 969
458 969
458 958
456 958
456 953
377 953
377 947
372 947
372 920
583 920
583 921
393 921
393 923
444 923
444 922
581 922
581 927
484 927
484 941
450 941
450 942
492 942
492 943
539 943
539 930
594 930
594 931
601 931
601 928
616 928
616 911
618 911
618 983
647 983
647 979
762 979
762 970
720 970
720 966
806 966
806 965
763 965
763 963
839 963
839 952
1039 952
1039 946
1059 946
1059 948
1162 948
1162 982
1169 982
1169 960
1174 960
1174 944
881 944
881 949
834 949
834 959
820 959
820 961
718 961
718 967
684 967
684 968
673 968
673 974
649 974
649 973
646 973
646 912
838 912
838 910
609 910
609 919
