150
324 1067
324 1012
311 1012
311 1081
309 1081
309 1094
293 1094
293 1091
272 1091
272 1072
207 1072
207 1109
200 1109
200 1055
187 1055
187 1040
203 1040
203 1039
306 1039
306 1037
186 1037
186 1035
189 1035
189 1017
211 1017
211 1011
159 1011
159 1006
151 1006
151 971
150 971
150 885
175 885
175 882
146 882
146 827
160 827
160 814
149 814
149 810
166 810
166 808
230 808
230 807
177 807
177 803
147 803
147 782
143 782
143 767
142 767
142 759
176 759
176 748
118 748
118 763
82 763
82 761
30 761
30 752
1 752
1 760
24 760
24 764
26 764
26 770
74 770
74 769
115 769
115 768
123 768
123 771
85 771
85 772
90 772
90 776
126 776
126 749
138 749
138 756
135 756
135 993
137 993
137 932
136 932
136 791
140 791
140 840
145 840
145 1015
155 1015
155 1013
164 1013
164 1020
134 1020
134 1025
165 1025
165 1023
167 1023
167 1028
181 1028
181 1029
182 1029
182 1050
131 1050
131 1033
132 1033
132 1030
130 1030
130 1027
127 1027
127 1051
173 1051
173 1057
158 1057
158 1059
194 1059
194 1066
178 1066
178 1071
169 1071
169 1108
184 1108
184 1116
185 1116
185 1114
195 1114
195 1111
227 1111
227 1080
253 1080
253 1082
265 1082
265 1098
298 1098
298 1100
307 1100
307 1137
315 1137
315 1130
314 1130
314 1104
316 1104
316 1103
313 1103
313 1092
312 1092
312 1026
319 1026
319 1067
