78
5 141
5 127
22 127
22 125
15 125
15 123
1 123
1 126
2 126
2 155
13 155
13 154
16 154
16 143
48 143
48 147
41 147
41 150
45 150
45 159
58 159
58 160
73 160
73 166
76 166
76 167
77 167
77 161
82 161
82 152
60 152
60 156
55 156
55 151
83 151
83 153
91 153
91 149
67 149
67 148
79 148
79 142
95 142
95 158
86 158
86 173
105 173
105 176
125 176
125 178
126 178
126 182
116 182
116 177
89 177
89 184
65 184
65 181
6 181
6 183
30 183
30 186
99 186
99 179
110 179
110 185
131 185
131 175
144 175
144 174
119 174
119 172
92 172
92 168
102 168
102 163
98 163
98 141
