290
29 27
29 37
3 37
3 55
18 55
18 56
31 56
31 58
32 58
32 68
33 68
33 69
40 69
40 77
24 77
24 87
42 87
42 89
37 89
37 95
10 95
10 98
14 98
14 112
49 112
49 114
59 114
59 121
68 121
68 122
78 122
78 138
17 138
17 139
72 139
72 141
5 141
5 127
22 127
22 125
15 125
15 123
1 123
1 126
2 126
2 155
13 155
13 154
16 154
16 143
48 143
48 147
41 147
41 150
45 150
45 159
58 159
58 160
73 160
73 166
76 166
76 167
77 167
77 161
82 161
82 152
60 152
60 156
55 156
55 151
83 151
83 153
91 153
91 149
67 149
67 148
79 148
79 142
95 142
95 158
86 158
86 173
105 173
105 176
125 176
125 178
126 178
126 182
116 182
116 177
89 177
89 184
65 184
65 181
6 181
6 200
8 200
8 190
11 190
11 191
19 191
19 183
30 183
30 187
64 187
64 189
75 189
75 188
85 188
85 197
165 197
165 198
153 198
153 199
171 199
171 195
172 195
172 134
167 134
167 119
184 119
184 180
189 180
189 162
194 162
194 113
197 113
197 146
198 146
198 82
195 82
195 109
154 109
154 107
138 107
138 106
190 106
190 91
161 91
161 90
155 90
155 88
168 88
168 81
106 81
106 80
104 80
104 84
136 84
136 86
117 86
117 102
124 102
124 93
137 93
137 92
139 92
139 96
173 96
173 99
174 99
174 101
181 101
181 103
183 103
183 105
162 105
162 104
127 104
127 115
129 115
129 110
193 110
193 118
186 118
186 117
187 117
187 111
164 111
164 135
169 135
169 194
121 194
121 193
120 193
120 196
90 196
90 186
99 186
99 179
110 179
110 192
130 192
130 185
131 185
131 175
144 175
144 171
158 171
158 164
149 164
149 145
146 145
146 136
160 136
160 120
157 120
157 124
145 124
145 170
142 170
142 157
128 157
128 169
132 169
132 174
119 174
119 165
122 165
122 144
123 144
123 133
118 133
118 172
92 172
92 168
102 168
102 163
98 163
98 140
96 140
96 116
84 116
84 108
23 108
23 100
51 100
51 97
50 97
50 94
46 94
46 85
25 85
25 78
43 78
43 62
34 62
34 52
9 52
9 39
35 39
35 35
44 35
44 33
54 33
54 40
56 40
56 32
61 32
61 28
62 28
62 17
63 17
63 42
66 42
66 14
101 14
101 19
112 19
112 30
103 30
103 38
97 38
97 34
88 34
88 45
109 45
109 50
108 50
108 57
81 57
81 59
111 59
111 36
113 36
113 31
114 31
114 13
53 13
53 27
