338
13 160
13 153
1 153
1 159
3 159
3 182
11 182
11 185
27 185
27 196
49 196
49 180
12 180
12 174
28 174
28 164
26 164
26 80
32 80
32 95
30 95
30 108
33 108
33 88
34 88
34 107
35 107
35 119
39 119
39 6
40 6
40 48
45 48
45 66
42 66
42 79
41 79
41 90
43 90
43 130
61 130
61 99
70 99
70 125
75 125
75 121
73 121
73 101
76 101
76 155
77 155
77 166
79 166
79 170
84 170
84 117
85 117
85 113
87 113
87 173
91 173
91 183
92 183
92 114
93 114
93 167
94 167
94 188
74 188
74 175
72 175
72 171
71 171
71 181
68 181
68 189
88 189
88 195
131 195
131 190
136 190
136 187
116 187
116 193
89 193
89 192
95 192
95 184
104 184
104 161
102 161
102 157
110 157
110 126
105 126
105 124
108 124
108 104
118 104
118 129
117 129
117 135
112 135
112 152
133 152
133 144
137 144
137 156
114 156
114 158
128 158
128 162
138 162
138 139
127 139
127 116
139 116
139 115
124 115
124 133
125 133
125 142
123 142
123 87
122 87
122 83
121 83
121 151
119 151
119 103
107 103
107 100
99 100
99 172
97 172
97 94
83 94
83 93
65 93
65 96
59 96
59 92
60 92
60 85
57 85
57 127
46 127
46 98
44 98
44 91
50 91
50 76
80 76
80 75
55 75
55 74
58 74
58 53
62 53
62 55
64 55
64 54
129 54
129 49
135 49
135 24
181 24
181 23
134 23
134 35
126 35
126 22
184 22
184 71
176 71
176 63
169 63
169 61
168 61
168 62
157 62
157 65
144 65
144 68
98 68
98 69
164 69
164 70
173 70
173 77
172 77
172 89
177 89
177 97
155 97
155 81
141 81
141 143
143 143
143 150
140 150
140 176
145 176
145 198
146 198
146 141
142 141
142 82
153 82
153 120
156 120
156 110
166 110
166 106
167 106
167 131
174 131
174 137
159 137
159 134
150 134
150 165
149 165
149 191
148 191
148 186
147 186
147 200
151 200
151 197
152 197
152 140
165 140
165 146
162 146
162 148
154 148
154 154
178 154
178 177
158 177
158 178
160 178
160 194
161 194
161 199
179 199
179 179
180 179
180 132
182 132
182 149
195 149
195 128
190 128
190 112
191 112
191 111
189 111
189 109
186 109
186 122
171 122
171 102
183 102
183 86
175 86
175 84
185 84
185 40
187 40
187 25
188 25
188 26
194 26
194 27
192 27
192 28
199 28
199 21
120 21
120 30
115 30
115 33
103 33
103 41
96 41
96 43
67 43
67 44
63 44
63 47
66 47
66 45
81 45
81 52
56 52
56 56
53 56
53 60
47 60
47 46
48 46
48 37
51 37
51 29
52 29
52 9
111 9
111 8
100 8
100 7
86 7
86 5
37 5
37 19
38 19
38 118
36 118
36 78
21 78
21 105
20 105
20 123
22 123
22 136
23 136
23 138
24 138
24 145
25 145
25 168
19 168
19 169
15 169
15 163
18 163
18 160
