206
160 45
160 34
159 34
159 23
107 23
107 31
84 31
84 36
124 36
124 38
123 38
123 46
96 46
96 70
142 70
142 110
128 110
128 123
125 123
125 127
122 127
122 125
99 125
99 149
93 149
93 166
92 166
92 167
86 167
86 176
89 176
89 179
112 179
112 183
130 183
130 188
119 188
119 189
22 189
22 193
9 193
9 210
3 210
3 208
1 208
1 213
5 213
5 211
28 211
28 212
6 212
6 214
55 214
55 215
7 215
7 218
11 218
11 219
53 219
53 224
4 224
4 225
66 225
66 222
79 222
79 227
72 227
72 240
98 240
98 241
101 241
101 239
75 239
75 236
111 236
111 237
154 237
154 235
134 235
134 234
168 234
168 242
179 242
179 243
70 243
70 246
140 246
140 245
114 245
114 244
150 244
150 249
165 249
165 247
166 247
166 250
177 250
177 248
182 248
182 238
192 238
192 232
158 232
158 233
90 233
90 228
110 228
110 230
127 230
127 231
176 231
176 229
113 229
113 226
95 226
95 223
138 223
138 216
120 216
120 220
83 220
83 221
56 221
56 217
57 217
57 209
40 209
40 207
10 207
10 201
12 201
12 199
42 199
42 200
49 200
49 196
20 196
20 195
39 195
39 194
36 194
36 190
77 190
77 191
133 191
133 174
157 174
157 161
153 161
153 172
148 172
148 170
146 170
146 159
135 159
135 148
132 148
132 185
131 185
131 178
104 178
104 177
94 177
94 162
97 162
97 155
105 155
105 154
121 154
121 153
100 153
100 142
102 142
102 126
117 126
117 130
162 130
162 128
143 128
143 120
141 120
141 118
149 118
149 113
137 113
137 112
144 112
144 68
108 68
108 58
115 58
115 52
151 52
151 55
152 55
152 51
147 51
147 37
145 37
145 41
136 41
136 35
116 35
116 24
155 24
155 45
