76
3 210
3 208
1 208
1 213
5 213
5 211
28 211
28 212
6 212
6 214
55 214
55 215
7 215
7 218
11 218
11 219
53 219
53 224
4 224
4 225
66 225
66 222
79 222
79 227
72 227
72 240
98 240
98 241
101 241
101 239
75 239
75 236
111 236
111 237
154 237
154 235
134 235
134 234
168 234
168 242
179 242
179 243
70 243
70 246
140 246
140 245
114 245
114 244
150 244
150 249
165 249
165 247
166 247
166 250
177 250
177 248
182 248
182 238
192 238
192 232
158 232
158 233
90 233
90 228
110 228
110 229
113 229
113 226
95 226
95 223
138 223
138 221
56 221
56 217
57 217
57 210
