140
77 57
77 66
73 66
73 78
71 78
71 79
69 79
69 87
68 87
68 71
67 71
67 15
55 15
55 63
54 63
54 84
50 84
50 83
46 83
46 73
47 73
47 46
43 46
43 37
44 37
44 4
25 4
25 12
23 12
23 35
24 35
24 67
21 67
21 61
20 61
20 26
3 26
3 50
2 50
2 55
1 55
1 94
4 94
4 74
5 74
5 90
7 90
7 60
10 60
10 93
8 93
8 98
9 98
9 99
11 99
11 43
12 43
12 31
18 31
18 64
17 64
17 68
15 68
15 40
13 40
13 72
14 72
14 76
19 76
19 69
26 69
26 86
16 86
16 92
22 92
22 95
27 95
27 65
28 65
28 58
29 58
29 56
30 56
30 22
31 22
31 29
36 29
36 18
32 18
32 10
39 10
39 39
40 39
40 47
37 47
37 45
35 45
35 32
34 32
34 42
33 42
33 75
41 75
41 53
38 53
38 49
42 49
42 100
51 100
51 91
52 91
52 97
59 97
59 70
60 70
60 59
58 59
58 77
57 77
57 96
56 96
56 21
62 21
62 20
63 20
63 36
64 36
64 17
65 17
65 89
84 89
84 88
87 88
87 85
83 85
83 82
76 82
76 81
78 81
78 57
