Removal 0: 
Solution 0: 
1 14
11 4
11 9
3 10
3 15
6 1

Solution 1: 
11 4
11 9
2 10
3 10
3 15
6 1

Solution 2: 
11 4
11 9
2 14
3 10
3 15
6 1

Solution 3: 
11 4
11 9
2 10
3 15
4 12
6 1

Solution 4: 
11 4
11 9
2 10
3 15
6 1
7 11

Solution 5: 
11 4
11 9
2 10
3 15
6 1
7 12

Solution 6: 
11 9
12 3
2 10
3 15
6 1
7 12

Solution 7: 
11 9
12 3
2 10
3 15
4 12
6 1

Solution 8: 
11 9
12 3
2 10
3 15
6 1
7 11

Solution 9: 
11 9
12 3
2 10
3 10
3 15
6 1

Solution 10: 
11 9
12 3
2 14
3 10
3 15
6 1

Solution 11: 
1 14
11 9
12 3
3 10
3 15
6 1

Solution 12: 
1 7
11 9
12 3
3 10
3 15
6 1

Solution 13: 
1 7
11 4
11 9
3 10
3 15
6 1

Solution 14: 
1 7
11 4
11 9
3 15
6 1
7 11

Solution 15: 
1 7
11 9
12 3
3 15
6 1
7 11

Solution 16: 
1 7
11 9
12 3
3 15
6 2
7 11

Solution 17: 
1 7
11 4
11 9
3 15
6 2
7 11

Solution 18: 
1 7
11 4
11 9
3 15
7 11
9 2

Solution 19: 
1 7
11 4
11 9
12 1
3 15
7 11

Solution 20: 
1 7
11 9
12 1
15 5
3 15
7 11

Solution 21: 
1 7
11 9
12 1
15 3
3 15
7 11

Solution 22: 
1 7
11 9
12 1
13 5
3 15
7 11

Solution 23: 
1 7
11 9
12 1
12 3
3 15
7 11

Solution 24: 
1 7
11 9
12 3
3 15
7 11
9 2

Solution 25: 
1 7
11 9
13 5
3 15
7 11
9 2

Solution 26: 
1 7
11 9
15 3
3 15
7 11
9 2

Solution 27: 
1 7
11 9
15 5
3 15
7 11
9 2

Solution 28: 
11 9
15 5
2 10
3 15
7 11
9 2

Solution 29: 
11 9
13 5
2 10
3 15
7 11
9 2

Solution 30: 
11 9
15 3
2 10
3 15
7 11
9 2

Solution 31: 
11 4
11 9
2 10
3 15
7 11
9 2

Solution 32: 
11 9
12 3
2 10
3 15
7 11
9 2

Solution 33: 
11 9
12 1
12 3
2 10
3 15
7 11

Solution 34: 
11 9
12 3
2 10
3 15
6 2
7 11

Solution 35: 
11 4
11 9
2 10
3 15
6 2
7 11

Solution 36: 
11 4
11 9
12 1
2 10
3 15
7 11

Solution 37: 
11 9
12 1
15 3
2 10
3 15
7 11

Solution 38: 
11 9
12 1
15 5
2 10
3 15
7 11

Solution 39: 
11 9
12 1
13 5
2 10
3 15
7 11

Solution 40: 
11 9
12 1
13 5
2 10
3 15
7 12

Solution 41: 
11 9
12 1
13 5
2 10
3 15
4 12

Solution 42: 
11 9
12 1
15 3
2 10
3 15
4 12

Solution 43: 
11 9
12 1
15 3
2 10
3 15
7 12

Solution 44: 
11 9
12 1
15 5
2 10
3 15
7 12

Solution 45: 
11 9
12 1
15 5
2 10
3 15
4 12

Solution 46: 
11 4
11 9
12 1
2 10
3 15
4 12

Solution 47: 
11 4
11 9
12 1
2 10
3 15
7 12

Solution 48: 
11 9
12 1
12 3
2 10
3 15
7 12

Solution 49: 
11 9
12 1
12 3
2 10
3 15
4 12

Solution 50: 
11 9
12 1
12 3
2 10
3 10
3 15

Solution 51: 
11 9
12 1
15 3
2 10
3 10
3 15

Solution 52: 
11 9
12 1
13 5
2 10
3 10
3 15

Solution 53: 
11 9
12 1
15 5
2 10
3 10
3 15

Solution 54: 
11 4
11 9
12 1
2 10
3 10
3 15

Solution 55: 
1 14
11 4
11 9
12 1
3 10
3 15

Solution 56: 
11 4
11 9
12 1
2 14
3 10
3 15

Solution 57: 
1 7
11 4
11 9
12 1
3 10
3 15

Solution 58: 
1 7
11 9
12 1
15 3
3 10
3 15

Solution 59: 
1 7
11 9
12 1
13 5
3 10
3 15

Solution 60: 
1 7
11 9
12 1
15 5
3 10
3 15

Solution 61: 
1 7
11 9
12 1
12 3
3 10
3 15

Solution 62: 
1 14
11 9
12 1
12 3
3 10
3 15

Solution 63: 
1 14
11 9
12 1
13 5
3 10
3 15

Solution 64: 
1 14
11 9
12 1
15 3
3 10
3 15

Solution 65: 
1 14
11 9
12 1
15 5
3 10
3 15

Solution 66: 
11 9
12 1
15 5
2 14
3 10
3 15

Solution 67: 
11 9
12 1
13 5
2 14
3 10
3 15

Solution 68: 
11 9
12 1
12 3
2 14
3 10
3 15

Solution 69: 
11 9
12 1
15 3
2 14
3 10
3 15

Solution 70: 
11 9
15 3
2 14
3 10
3 15
9 2

Solution 71: 
11 9
13 5
2 14
3 10
3 15
9 2

Solution 72: 
11 9
12 3
2 14
3 10
3 15
9 2

Solution 73: 
11 9
12 3
2 14
3 10
3 15
6 2

Solution 74: 
11 4
11 9
2 14
3 10
3 15
6 2

Solution 75: 
11 4
11 9
2 14
3 10
3 15
9 2

Solution 76: 
11 9
15 5
2 14
3 10
3 15
9 2

Solution 77: 
1 14
11 9
15 5
3 10
3 15
9 2

Solution 78: 
11 9
15 5
2 10
3 10
3 15
9 2

Solution 79: 
1 7
11 9
15 5
3 10
3 15
9 2

Solution 80: 
1 7
11 9
13 5
3 10
3 15
9 2

Solution 81: 
1 7
11 9
15 3
3 10
3 15
9 2

Solution 82: 
1 7
11 4
11 9
3 10
3 15
9 2

Solution 83: 
1 7
11 9
12 3
3 10
3 15
9 2

Solution 84: 
11 9
12 3
2 10
3 10
3 15
9 2

Solution 85: 
1 14
11 9
12 3
3 10
3 15
9 2

Solution 86: 
1 14
11 9
13 5
3 10
3 15
9 2

Solution 87: 
1 14
11 9
15 3
3 10
3 15
9 2

Solution 88: 
11 9
15 3
2 10
3 10
3 15
9 2

Solution 89: 
11 9
13 5
2 10
3 10
3 15
9 2

Solution 90: 
11 4
11 9
2 10
3 10
3 15
9 2

Solution 91: 
1 14
11 4
11 9
3 10
3 15
9 2

Solution 92: 
1 14
11 4
11 9
3 10
3 15
6 2

Solution 93: 
1 7
11 4
11 9
3 10
3 15
6 2

Solution 94: 
11 4
11 9
2 10
3 10
3 15
6 2

Solution 95: 
11 9
12 3
2 10
3 10
3 15
6 2

Solution 96: 
1 14
11 9
12 3
3 10
3 15
6 2

Solution 97: 
1 7
11 9
12 3
3 10
3 15
6 2

Solution 98: 
11 9
12 3
2 10
3 15
4 12
6 2

Solution 99: 
11 9
12 3
2 10
3 15
6 2
7 12

Solution 100: 
11 9
12 3
2 10
3 15
7 12
9 2

Solution 101: 
11 9
12 3
2 10
3 15
4 12
9 2

Solution 102: 
11 9
13 5
2 10
3 15
4 12
9 2

Solution 103: 
11 9
15 3
2 10
3 15
4 12
9 2

Solution 104: 
11 9
15 5
2 10
3 15
4 12
9 2

Solution 105: 
11 4
11 9
2 10
3 15
4 12
9 2

Solution 106: 
11 4
11 9
2 10
3 15
7 12
9 2

Solution 107: 
11 9
15 5
2 10
3 15
7 12
9 2

Solution 108: 
11 9
13 5
2 10
3 15
7 12
9 2

Solution 109: 
11 9
15 3
2 10
3 15
7 12
9 2

Solution 110: 
11 4
11 9
2 10
3 15
6 2
7 12

Solution 111: 
11 4
11 9
2 10
3 15
4 12
6 2

Solution 112: 
11 4
11 9
2 10
4 12
5 13
6 2

Solution 113: 
11 4
11 9
2 10
4 12
4 13
6 2

Solution 114: 
11 4
11 9
2 10
4 12
5 15
6 2

Solution 115: 
11 4
11 9
2 10
4 12
5 15
6 1

Solution 116: 
11 4
11 9
12 1
2 10
4 12
5 15

Solution 117: 
11 4
11 9
12 1
2 10
4 12
5 13

Solution 118: 
11 4
11 9
12 1
2 10
4 12
4 13

Solution 119: 
11 4
11 9
2 10
4 12
4 13
6 1

Solution 120: 
11 4
11 9
2 10
4 12
4 13
9 2

Solution 121: 
11 4
11 9
2 10
4 12
5 13
9 2

Solution 122: 
11 4
11 9
2 10
4 12
5 13
6 1

Solution 123: 
11 4
11 9
2 10
4 12
5 15
9 2

Solution 124: 
11 4
11 9
2 10
3 10
5 15
9 2

Solution 125: 
1 14
11 4
11 9
3 10
5 15
9 2

Solution 126: 
1 14
11 4
11 9
12 1
3 10
5 15

Solution 127: 
1 14
11 4
11 9
3 10
5 15
6 2

Solution 128: 
11 4
11 9
2 10
3 10
5 15
6 2

Solution 129: 
11 4
11 9
12 1
2 10
3 10
5 15

Solution 130: 
1 7
11 4
11 9
12 1
3 10
5 15

Solution 131: 
11 4
11 9
12 1
2 14
3 10
5 15

Solution 132: 
11 4
11 9
2 14
3 10
5 15
6 2

Solution 133: 
11 4
11 9
2 14
3 10
5 15
9 2

Solution 134: 
11 4
11 9
2 14
3 10
5 15
6 1

Solution 135: 
1 14
11 4
11 9
3 10
5 15
6 1

Solution 136: 
11 4
11 9
2 10
3 10
5 15
6 1

Solution 137: 
1 7
11 4
11 9
3 10
5 15
6 1

Solution 138: 
1 7
11 4
11 9
3 10
5 15
6 2

Solution 139: 
1 7
11 4
11 9
3 10
5 15
9 2

Solution 140: 
1 7
11 4
11 9
3 10
5 13
9 2

Solution 141: 
1 7
11 4
11 9
3 10
5 13
6 2

Solution 142: 
1 7
11 4
11 9
12 1
3 10
5 13

Solution 143: 
1 7
11 4
11 9
12 1
3 10
4 13

Solution 144: 
1 7
11 4
11 9
3 10
4 13
9 2

Solution 145: 
1 7
11 4
11 9
3 10
4 13
6 2

Solution 146: 
11 4
11 9
2 14
3 10
4 13
6 2

Solution 147: 
1 14
11 4
11 9
3 10
4 13
6 2

Solution 148: 
11 4
11 9
2 10
3 10
4 13
6 2

Solution 149: 
11 4
11 9
2 10
3 10
4 13
9 2

Solution 150: 
11 4
11 9
2 14
3 10
4 13
9 2

Solution 151: 
1 14
11 4
11 9
3 10
4 13
9 2

Solution 152: 
1 14
11 4
11 9
12 1
3 10
4 13

Solution 153: 
1 14
11 4
11 9
3 10
4 13
6 1

Solution 154: 
11 4
11 9
2 14
3 10
4 13
6 1

Solution 155: 
1 7
11 4
11 9
3 10
4 13
6 1

Solution 156: 
11 4
11 9
2 10
3 10
4 13
6 1

Solution 157: 
11 4
11 9
12 1
2 10
3 10
4 13

Solution 158: 
11 4
11 9
12 1
2 14
3 10
4 13

Solution 159: 
11 4
11 9
12 1
2 14
3 10
5 13

Solution 160: 
1 14
11 4
11 9
12 1
3 10
5 13

Solution 161: 
1 14
11 4
11 9
3 10
5 13
6 2

Solution 162: 
11 4
11 9
2 14
3 10
5 13
6 2

Solution 163: 
11 4
11 9
2 14
3 10
5 13
9 2

Solution 164: 
1 14
11 4
11 9
3 10
5 13
9 2

Solution 165: 
11 4
11 9
2 10
3 10
5 13
9 2

Solution 166: 
11 4
11 9
2 10
3 10
5 13
6 2

Solution 167: 
11 4
11 9
12 1
2 10
3 10
5 13

Solution 168: 
11 4
11 9
2 10
3 10
5 13
6 1

Solution 169: 
11 4
11 9
2 14
3 10
5 13
6 1

Solution 170: 
1 7
11 4
11 9
3 10
5 13
6 1

Solution 171: 
1 14
11 4
11 9
3 10
5 13
6 1

Solution 172: 
1 7
11 4
11 9
4 13
6 1
7 11

Solution 173: 
11 4
11 9
2 10
4 13
6 1
7 11

Solution 174: 
11 4
11 9
2 10
4 13
6 1
7 12

Solution 175: 
11 4
11 9
2 10
4 13
6 2
7 12

Solution 176: 
11 4
11 9
2 10
4 13
7 12
9 2

Solution 177: 
11 4
11 9
12 1
2 10
4 13
7 12

Solution 178: 
11 4
11 9
12 1
2 10
4 13
7 11

Solution 179: 
11 4
11 9
2 10
4 13
7 11
9 2

Solution 180: 
11 4
11 9
2 10
4 13
6 2
7 11

Solution 181: 
1 7
11 4
11 9
4 13
6 2
7 11

Solution 182: 
1 7
11 4
11 9
4 13
7 11
9 2

Solution 183: 
1 7
11 4
11 9
12 1
4 13
7 11

Solution 184: 
1 7
11 9
12 1
15 5
4 13
7 11

Solution 185: 
1 7
11 9
12 1
13 5
4 13
7 11

Solution 186: 
1 7
11 9
12 1
15 3
4 13
7 11

Solution 187: 
1 7
11 9
12 1
12 3
4 13
7 11

Solution 188: 
1 7
11 9
12 1
12 3
3 10
4 13

Solution 189: 
1 7
11 9
12 1
15 3
3 10
4 13

Solution 190: 
1 7
11 9
12 1
13 5
3 10
4 13

Solution 191: 
1 7
11 9
12 1
15 5
3 10
4 13

Solution 192: 
1 7
11 9
15 5
3 10
4 13
9 2

Solution 193: 
1 7
11 9
15 5
4 13
7 11
9 2

Solution 194: 
1 7
11 9
15 3
4 13
7 11
9 2

Solution 195: 
1 7
11 9
13 5
4 13
7 11
9 2

Solution 196: 
1 7
11 9
12 3
4 13
7 11
9 2

Solution 197: 
1 7
11 9
12 3
3 10
4 13
9 2

Solution 198: 
1 7
11 9
13 5
3 10
4 13
9 2

Solution 199: 
1 7
11 9
15 3
3 10
4 13
9 2

Solution 200: 
1 7
11 9
12 3
3 10
4 13
6 1

Solution 201: 
1 7
11 9
12 3
3 10
4 13
6 2

Solution 202: 
1 7
11 9
12 3
4 13
6 2
7 11

Solution 203: 
1 7
11 9
12 3
4 13
6 1
7 11

Solution 204: 
11 9
12 3
2 10
4 13
6 1
7 11

Solution 205: 
11 9
12 1
12 3
2 10
4 13
7 11

Solution 206: 
11 9
12 3
2 10
4 13
7 11
9 2

Solution 207: 
11 9
12 3
2 10
4 13
6 2
7 11

Solution 208: 
11 9
13 5
2 10
4 13
7 11
9 2

Solution 209: 
11 9
15 3
2 10
4 13
7 11
9 2

Solution 210: 
11 9
15 5
2 10
4 13
7 11
9 2

Solution 211: 
11 9
12 1
15 5
2 10
4 13
7 11

Solution 212: 
11 9
12 1
13 5
2 10
4 13
7 11

Solution 213: 
11 9
12 1
15 3
2 10
4 13
7 11

Solution 214: 
11 9
12 1
15 3
2 10
4 13
7 12

Solution 215: 
11 9
12 1
15 3
2 10
4 12
4 13

Solution 216: 
11 9
12 1
15 3
2 10
3 10
4 13

Solution 217: 
11 9
15 3
2 10
3 10
4 13
9 2

Solution 218: 
11 9
15 3
2 10
4 13
7 12
9 2

Solution 219: 
11 9
15 3
2 10
4 12
4 13
9 2

Solution 220: 
11 9
15 3
2 14
3 10
4 13
9 2

Solution 221: 
1 14
11 9
15 3
3 10
4 13
9 2

Solution 222: 
1 14
11 9
12 1
15 3
3 10
4 13

Solution 223: 
11 9
12 1
15 3
2 14
3 10
4 13

Solution 224: 
11 9
12 1
15 5
2 14
3 10
4 13

Solution 225: 
11 9
12 1
13 5
2 14
3 10
4 13

Solution 226: 
11 9
12 1
12 3
2 14
3 10
4 13

Solution 227: 
11 9
12 3
2 14
3 10
4 13
6 1

Solution 228: 
11 9
12 3
2 14
3 10
4 13
9 2

Solution 229: 
11 9
15 5
2 14
3 10
4 13
9 2

Solution 230: 
11 9
13 5
2 14
3 10
4 13
9 2

Solution 231: 
11 9
12 3
2 14
3 10
4 13
6 2

Solution 232: 
1 14
11 9
12 3
3 10
4 13
6 2

Solution 233: 
1 14
11 9
12 3
3 10
4 13
6 1

Solution 234: 
1 14
11 9
12 1
12 3
3 10
4 13

Solution 235: 
1 14
11 9
12 1
13 5
3 10
4 13

Solution 236: 
11 9
12 1
13 5
2 10
3 10
4 13

Solution 237: 
11 9
12 1
13 5
2 10
4 13
7 12

Solution 238: 
11 9
12 1
13 5
2 10
4 12
4 13

Solution 239: 
11 9
12 1
15 5
2 10
4 12
4 13

Solution 240: 
11 9
15 5
2 10
4 12
4 13
9 2

Solution 241: 
11 9
12 3
2 10
4 12
4 13
9 2

Solution 242: 
11 9
12 3
2 10
4 12
4 13
6 1

Solution 243: 
11 9
12 3
2 10
4 12
4 13
6 2

Solution 244: 
11 9
12 1
12 3
2 10
4 12
4 13

Solution 245: 
11 9
12 1
12 3
2 10
4 13
7 12

Solution 246: 
11 9
12 1
12 3
2 10
3 10
4 13

Solution 247: 
11 9
12 1
15 5
2 10
3 10
4 13

Solution 248: 
11 9
12 1
15 5
2 10
4 13
7 12

Solution 249: 
11 9
15 5
2 10
4 13
7 12
9 2

Solution 250: 
11 9
15 5
2 10
3 10
4 13
9 2

Solution 251: 
11 9
12 3
2 10
3 10
4 13
9 2

Solution 252: 
11 9
12 3
2 10
3 10
4 13
6 2

Solution 253: 
11 9
12 3
2 10
3 10
4 13
6 1

Solution 254: 
11 9
12 3
2 10
4 13
6 1
7 12

Solution 255: 
11 9
12 3
2 10
4 13
6 2
7 12

Solution 256: 
11 9
12 3
2 10
4 13
7 12
9 2

Solution 257: 
11 9
13 5
2 10
4 13
7 12
9 2

Solution 258: 
11 9
13 5
2 10
3 10
4 13
9 2

Solution 259: 
11 9
13 5
2 10
4 12
4 13
9 2

Solution 260: 
1 14
11 9
13 5
3 10
4 13
9 2

Solution 261: 
1 14
11 9
12 3
3 10
4 13
9 2

Solution 262: 
1 14
11 9
15 5
3 10
4 13
9 2

Solution 263: 
1 14
11 9
12 1
15 5
3 10
4 13

Solution 264: 
1 14
11 9
12 1
15 5
3 10
5 15

Solution 265: 
1 14
11 9
12 1
15 5
3 10
5 13

Solution 266: 
1 14
11 9
12 1
15 3
3 10
5 13

Solution 267: 
1 14
11 9
12 1
13 5
3 10
5 13

Solution 268: 
1 14
11 9
12 1
13 5
3 10
5 15

Solution 269: 
1 14
11 9
12 1
15 3
3 10
5 15

Solution 270: 
1 14
11 9
15 3
3 10
5 15
9 2

Solution 271: 
1 14
11 9
13 5
3 10
5 15
9 2

Solution 272: 
1 14
11 9
15 5
3 10
5 15
9 2

Solution 273: 
1 14
11 9
15 5
3 10
5 13
9 2

Solution 274: 
1 14
11 9
15 3
3 10
5 13
9 2

Solution 275: 
1 14
11 9
13 5
3 10
5 13
9 2

Solution 276: 
1 14
11 9
12 3
3 10
5 13
9 2

Solution 277: 
1 14
11 9
12 3
3 10
5 15
9 2

Solution 278: 
1 14
11 9
12 1
12 3
3 10
5 15

Solution 279: 
1 14
11 9
12 3
3 10
5 15
6 2

Solution 280: 
1 14
11 9
12 3
3 10
5 15
6 1

Solution 281: 
1 14
11 9
12 3
3 10
5 13
6 1

Solution 282: 
1 14
11 9
12 1
12 3
3 10
5 13

Solution 283: 
1 14
11 9
12 3
3 10
5 13
6 2

Solution 284: 
11 9
12 3
2 14
3 10
5 13
6 2

Solution 285: 
11 9
12 3
2 14
3 10
5 13
6 1

Solution 286: 
11 9
12 1
12 3
2 14
3 10
5 13

Solution 287: 
1 7
11 9
12 1
12 3
3 10
5 13

Solution 288: 
1 7
11 9
12 3
3 10
5 13
6 1

Solution 289: 
1 7
11 9
12 3
3 10
5 13
6 2

Solution 290: 
11 9
12 3
2 10
3 10
5 13
6 2

Solution 291: 
11 9
12 3
2 10
3 10
5 13
6 1

Solution 292: 
11 9
12 1
12 3
2 10
3 10
5 13

Solution 293: 
11 9
12 1
12 3
2 10
3 10
5 15

Solution 294: 
11 9
12 3
2 10
3 10
5 15
6 1

Solution 295: 
11 9
12 3
2 14
3 10
5 15
6 1

Solution 296: 
11 9
12 1
12 3
2 14
3 10
5 15

Solution 297: 
11 9
12 3
2 14
3 10
5 15
6 2

Solution 298: 
11 9
12 3
2 10
3 10
5 15
6 2

Solution 299: 
1 7
11 9
12 3
3 10
5 15
6 2

Solution 300: 
1 7
11 9
12 3
3 10
5 15
6 1

Solution 301: 
1 7
11 9
12 1
12 3
3 10
5 15

Solution 302: 
1 7
11 9
12 1
15 5
3 10
5 15

Solution 303: 
1 7
11 9
12 1
13 5
3 10
5 15

Solution 304: 
1 7
11 9
12 1
15 3
3 10
5 15

Solution 305: 
11 9
12 1
15 3
2 14
3 10
5 15

Solution 306: 
11 9
12 1
15 3
2 10
3 10
5 15

Solution 307: 
11 9
12 1
15 5
2 10
3 10
5 15

Solution 308: 
11 9
12 1
13 5
2 10
3 10
5 15

Solution 309: 
11 9
12 1
13 5
2 14
3 10
5 15

Solution 310: 
11 9
12 1
15 5
2 14
3 10
5 15

Solution 311: 
11 9
12 1
15 5
2 14
3 10
5 13

Solution 312: 
11 9
12 1
13 5
2 14
3 10
5 13

Solution 313: 
11 9
12 1
13 5
2 10
3 10
5 13

Solution 314: 
11 9
12 1
15 5
2 10
3 10
5 13

Solution 315: 
11 9
12 1
15 3
2 10
3 10
5 13

Solution 316: 
11 9
12 1
15 3
2 14
3 10
5 13

Solution 317: 
1 7
11 9
12 1
15 3
3 10
5 13

Solution 318: 
1 7
11 9
12 1
15 5
3 10
5 13

Solution 319: 
1 7
11 9
12 1
13 5
3 10
5 13

Solution 320: 
1 7
11 9
13 5
3 10
5 13
9 2

Solution 321: 
11 9
13 5
2 14
3 10
5 13
9 2

Solution 322: 
11 9
13 5
2 14
3 10
5 15
9 2

Solution 323: 
1 7
11 9
13 5
3 10
5 15
9 2

Solution 324: 
11 9
13 5
2 10
3 10
5 15
9 2

Solution 325: 
11 9
13 5
2 10
3 10
5 13
9 2

Solution 326: 
11 9
12 3
2 10
3 10
5 13
9 2

Solution 327: 
11 9
15 5
2 10
3 10
5 13
9 2

Solution 328: 
11 9
15 3
2 10
3 10
5 13
9 2

Solution 329: 
11 9
15 3
2 10
3 10
5 15
9 2

Solution 330: 
11 9
12 3
2 10
3 10
5 15
9 2

Solution 331: 
11 9
15 5
2 10
3 10
5 15
9 2

Solution 332: 
11 9
15 5
2 14
3 10
5 15
9 2

Solution 333: 
1 7
11 9
15 5
3 10
5 15
9 2

Solution 334: 
1 7
11 9
12 3
3 10
5 15
9 2

Solution 335: 
11 9
12 3
2 14
3 10
5 15
9 2

Solution 336: 
11 9
12 3
2 14
3 10
5 13
9 2

Solution 337: 
1 7
11 9
12 3
3 10
5 13
9 2

Solution 338: 
1 7
11 9
15 5
3 10
5 13
9 2

Solution 339: 
11 9
15 5
2 14
3 10
5 13
9 2

Solution 340: 
11 9
15 3
2 14
3 10
5 13
9 2

Solution 341: 
1 7
11 9
15 3
3 10
5 13
9 2

Solution 342: 
1 7
11 9
15 3
3 10
5 15
9 2

Solution 343: 
11 9
15 3
2 14
3 10
5 15
9 2

Solution 344: 
11 9
15 3
2 10
4 12
5 15
9 2

Solution 345: 
11 9
12 1
15 3
2 10
4 12
5 15

Solution 346: 
11 9
12 1
15 3
2 10
4 12
5 13

Solution 347: 
11 9
15 3
2 10
4 12
5 13
9 2

Solution 348: 
11 9
13 5
2 10
4 12
5 13
9 2

Solution 349: 
11 9
15 5
2 10
4 12
5 13
9 2

Solution 350: 
11 9
12 3
2 10
4 12
5 13
9 2

Solution 351: 
11 9
12 3
2 10
4 12
5 15
9 2

Solution 352: 
11 9
15 5
2 10
4 12
5 15
9 2

Solution 353: 
11 9
13 5
2 10
4 12
5 15
9 2

Solution 354: 
11 9
12 3
2 10
4 12
5 15
6 1

Solution 355: 
11 9
12 3
2 10
4 12
5 15
6 2

Solution 356: 
11 9
12 1
12 3
2 10
4 12
5 15

Solution 357: 
11 9
12 1
15 5
2 10
4 12
5 15

Solution 358: 
11 9
12 1
15 5
2 10
4 12
5 13

Solution 359: 
11 9
12 1
12 3
2 10
4 12
5 13

Solution 360: 
11 9
12 3
2 10
4 12
5 13
6 1

Solution 361: 
11 9
12 3
2 10
4 12
5 13
6 2

Solution 362: 
11 9
12 1
13 5
2 10
4 12
5 13

Solution 363: 
11 9
12 1
13 5
2 10
4 12
5 15

Solution 364: 
12 1
13 5
14 11
2 10
4 12
5 15

Solution 365: 
11 4
12 1
14 11
2 10
4 12
5 15

Solution 366: 
12 1
12 3
14 11
2 10
4 12
5 15

Solution 367: 
12 3
14 11
2 10
4 12
5 15
6 2

Solution 368: 
12 3
14 11
2 10
4 12
5 15
6 1

Solution 369: 
12 3
14 11
2 10
4 12
5 15
9 2

Solution 370: 
13 5
14 11
2 10
4 12
5 15
9 2

Solution 371: 
11 4
14 11
2 10
4 12
5 15
9 2

Solution 372: 
11 4
14 11
2 10
4 12
5 15
6 2

Solution 373: 
11 4
14 11
2 10
4 12
5 15
6 1

Solution 374: 
11 4
14 11
2 10
3 15
4 12
6 1

Solution 375: 
11 4
14 11
2 10
4 12
5 13
6 1

Solution 376: 
11 4
14 11
2 10
4 12
4 13
6 1

Solution 377: 
11 4
14 11
2 10
4 12
4 13
6 2

Solution 378: 
11 4
12 1
14 11
2 10
4 12
4 13

Solution 379: 
11 4
14 11
2 10
4 12
4 13
9 2

Solution 380: 
11 4
14 11
2 10
4 12
5 13
9 2

Solution 381: 
11 4
14 11
2 10
3 15
4 12
9 2

Solution 382: 
11 4
12 1
14 11
2 10
3 15
4 12

Solution 383: 
11 4
14 11
2 10
3 15
4 12
6 2

Solution 384: 
11 4
14 11
2 10
4 12
5 13
6 2

Solution 385: 
11 4
12 1
14 11
2 10
4 12
5 13

Solution 386: 
12 1
13 5
14 11
2 10
4 12
5 13

Solution 387: 
12 1
12 3
14 11
2 10
4 12
5 13

Solution 388: 
12 3
14 11
2 10
4 12
5 13
9 2

Solution 389: 
13 5
14 11
2 10
4 12
5 13
9 2

Solution 390: 
12 3
14 11
2 10
4 12
5 13
6 2

Solution 391: 
12 3
14 11
2 10
4 12
5 13
6 1

Solution 392: 
12 3
14 11
2 10
4 12
4 13
6 1

Solution 393: 
12 3
14 11
2 10
3 15
4 12
6 1

Solution 394: 
12 3
14 11
2 10
3 15
4 12
6 2

Solution 395: 
12 1
12 3
14 11
2 10
3 15
4 12

Solution 396: 
12 3
14 11
2 10
3 15
4 12
9 2

Solution 397: 
13 5
14 11
2 10
3 15
4 12
9 2

Solution 398: 
12 1
13 5
14 11
2 10
3 15
4 12

Solution 399: 
12 1
13 5
14 11
2 10
4 12
4 13

Solution 400: 
13 5
14 11
2 10
4 12
4 13
9 2

Solution 401: 
12 3
14 11
2 10
4 12
4 13
9 2

Solution 402: 
12 3
14 11
2 10
4 12
4 13
6 2

Solution 403: 
12 1
12 3
14 11
2 10
4 12
4 13

Solution 404: 
12 1
12 3
14 11
2 10
4 13
7 12

Solution 405: 
12 3
14 11
2 10
4 13
6 2
7 12

Solution 406: 
12 3
14 11
2 10
4 13
6 1
7 12

Solution 407: 
12 3
14 11
2 10
3 15
6 1
7 12

Solution 408: 
12 3
14 11
2 10
3 15
6 1
7 11

Solution 409: 
12 3
14 11
2 10
3 10
3 15
6 1

Solution 410: 
12 3
14 11
2 10
3 10
5 15
6 1

Solution 411: 
12 3
14 11
2 10
3 10
5 13
6 1

Solution 412: 
12 3
14 11
2 10
3 10
4 13
6 1

Solution 413: 
12 3
14 11
2 10
4 13
6 1
7 11

Solution 414: 
12 3
14 11
2 10
4 13
6 2
7 11

Solution 415: 
12 1
12 3
14 11
2 10
4 13
7 11

Solution 416: 
12 1
12 3
14 11
2 10
3 15
7 11

Solution 417: 
12 3
14 11
2 10
3 15
6 2
7 11

Solution 418: 
12 3
14 11
2 10
3 15
7 11
9 2

Solution 419: 
12 3
14 11
2 10
4 13
7 11
9 2

Solution 420: 
12 3
14 11
2 10
4 13
7 12
9 2

Solution 421: 
12 3
14 11
2 10
3 10
4 13
9 2

Solution 422: 
12 3
14 11
2 10
3 10
4 13
6 2

Solution 423: 
12 1
12 3
14 11
2 10
3 10
4 13

Solution 424: 
12 1
12 3
14 11
2 10
3 10
5 15

Solution 425: 
12 1
12 3
14 11
2 10
3 10
3 15

Solution 426: 
12 3
14 11
2 10
3 10
3 15
6 2

Solution 427: 
12 3
14 11
2 10
3 10
5 15
6 2

Solution 428: 
12 3
14 11
2 10
3 10
5 13
6 2

Solution 429: 
12 1
12 3
14 11
2 10
3 10
5 13

Solution 430: 
12 3
14 11
2 10
3 10
5 13
9 2

Solution 431: 
12 3
14 11
2 10
3 10
5 15
9 2

Solution 432: 
12 3
14 11
2 10
3 10
3 15
9 2

Solution 433: 
12 3
14 11
2 10
3 15
7 12
9 2

Solution 434: 
12 1
12 3
14 11
2 10
3 15
7 12

Solution 435: 
12 3
14 11
2 10
3 15
6 2
7 12

Solution 436: 
11 4
14 11
2 10
3 15
6 2
7 12

Solution 437: 
11 4
14 11
2 10
3 15
6 2
7 11

Solution 438: 
11 4
14 11
2 10
3 10
3 15
6 2

Solution 439: 
11 4
14 11
2 10
3 10
5 15
6 2

Solution 440: 
11 4
14 11
2 10
3 10
5 13
6 2

Solution 441: 
11 4
14 11
2 10
3 10
4 13
6 2

Solution 442: 
11 4
14 11
2 10
4 13
6 2
7 11

Solution 443: 
11 4
14 11
2 10
4 13
6 2
7 12

Solution 444: 
11 4
14 11
2 10
4 13
6 1
7 12

Solution 445: 
11 4
14 11
2 10
4 13
6 1
7 11

Solution 446: 
11 4
14 11
2 10
4 13
7 11
9 2

Solution 447: 
11 4
14 11
2 10
4 13
7 12
9 2

Solution 448: 
11 4
12 1
14 11
2 10
4 13
7 12

Solution 449: 
11 4
12 1
14 11
2 10
4 13
7 11

Solution 450: 
11 4
12 1
14 11
2 10
3 15
7 11

Solution 451: 
11 4
12 1
14 11
2 10
3 15
7 12

Solution 452: 
11 4
14 11
2 10
3 15
6 1
7 12

Solution 453: 
11 4
14 11
2 10
3 15
6 1
7 11

Solution 454: 
11 4
14 11
2 10
3 15
7 11
9 2

Solution 455: 
11 4
14 11
2 10
3 15
7 12
9 2

Solution 456: 
13 5
14 11
2 10
3 15
7 12
9 2

Solution 457: 
13 5
14 11
2 10
4 13
7 12
9 2

Solution 458: 
13 5
14 11
2 10
4 13
7 11
9 2

Solution 459: 
13 5
14 11
2 10
3 10
4 13
9 2

Solution 460: 
13 5
14 11
2 10
3 10
5 13
9 2

Solution 461: 
13 5
14 11
2 10
3 10
5 15
9 2

Solution 462: 
13 5
14 11
2 10
3 10
3 15
9 2

Solution 463: 
13 5
14 11
2 10
3 15
7 11
9 2

Solution 464: 
11 4
14 11
2 10
3 10
3 15
9 2

Solution 465: 
11 4
14 11
2 10
3 10
5 13
9 2

Solution 466: 
11 4
14 11
2 10
3 10
5 15
9 2

Solution 467: 
11 4
14 11
2 10
3 10
4 13
9 2

Solution 468: 
11 4
14 11
2 10
3 10
4 13
6 1

Solution 469: 
11 4
12 1
14 11
2 10
3 10
4 13

Solution 470: 
12 1
13 5
14 11
2 10
3 10
4 13

Solution 471: 
12 1
13 5
14 11
2 10
3 10
5 13

Solution 472: 
12 1
13 5
14 11
2 10
3 10
5 15

Solution 473: 
12 1
13 5
14 11
2 10
3 10
3 15

Solution 474: 
11 4
12 1
14 11
2 10
3 10
3 15

Solution 475: 
11 4
12 1
14 11
2 10
3 10
5 13

Solution 476: 
11 4
12 1
14 11
2 10
3 10
5 15

Solution 477: 
11 4
14 11
2 10
3 10
5 15
6 1

Solution 478: 
11 4
14 11
2 10
3 10
5 13
6 1

Solution 479: 
11 4
14 11
2 10
3 10
3 15
6 1

Solution 480: 
12 1
13 5
14 11
2 10
3 15
7 12

Solution 481: 
12 1
13 5
14 11
2 10
3 15
7 11

Solution 482: 
12 1
13 5
14 11
2 10
4 13
7 11

Solution 483: 
12 1
13 5
14 11
2 10
4 13
7 12

Solution 484: 
12 1
13 5
14 6
2 10
3 10
4 13

Solution 485: 
12 1
13 5
13 6
2 10
3 10
4 13

Solution 486: 
12 1
13 5
13 6
2 10
4 13
7 11

Solution 487: 
12 1
13 5
14 6
2 10
4 13
7 11

Solution 488: 
12 1
13 5
14 6
2 10
3 15
7 11

Solution 489: 
12 1
13 5
13 6
2 10
3 15
7 11

Solution 490: 
12 1
13 5
13 6
2 10
3 10
3 15

Solution 491: 
12 1
13 5
13 6
2 10
3 10
5 15

Solution 492: 
12 1
13 5
13 6
2 10
3 10
5 13

Solution 493: 
12 1
13 5
14 6
2 10
3 10
5 13

Solution 494: 
12 1
13 5
14 6
2 10
3 10
5 15

Solution 495: 
12 1
13 5
14 6
2 10
3 10
3 15

Solution 496: 
12 1
12 3
14 6
2 10
3 10
3 15

Solution 497: 
11 4
12 1
14 6
2 10
3 10
3 15

Solution 498: 
11 4
12 1
14 6
2 10
3 10
5 15

Solution 499: 
11 4
12 1
14 6
2 10
3 10
5 13

Solution 500: 
12 1
12 3
14 6
2 10
3 10
5 13

Solution 501: 
12 1
12 3
14 6
2 10
3 10
5 15

Solution 502: 
12 1
12 3
14 6
2 10
3 10
4 13

Solution 503: 
11 4
12 1
14 6
2 10
3 10
4 13

Solution 504: 
11 4
12 1
13 6
2 10
3 10
4 13

Solution 505: 
12 1
13 6
15 3
2 10
3 10
4 13

Solution 506: 
12 1
13 6
15 5
2 10
3 10
4 13

Solution 507: 
12 1
12 3
13 6
2 10
3 10
4 13

Solution 508: 
12 1
12 3
13 6
2 10
3 10
5 13

Solution 509: 
12 1
12 3
13 6
2 10
3 10
5 15

Solution 510: 
12 1
12 3
13 6
2 10
3 10
3 15

Solution 511: 
12 1
13 6
15 5
2 10
3 10
3 15

Solution 512: 
12 1
13 6
15 3
2 10
3 10
3 15

Solution 513: 
11 4
12 1
13 6
2 10
3 10
3 15

Solution 514: 
11 4
12 1
13 6
2 10
3 10
5 15

Solution 515: 
11 4
12 1
13 6
2 10
3 10
5 13

Solution 516: 
12 1
13 6
15 5
2 10
3 10
5 13

Solution 517: 
12 1
13 6
15 3
2 10
3 10
5 13

Solution 518: 
12 1
13 6
15 3
2 10
3 10
5 15

Solution 519: 
12 1
13 6
15 5
2 10
3 10
5 15

Solution 520: 
12 1
13 6
15 5
2 10
4 13
7 11

Solution 521: 
12 1
13 6
15 5
2 10
3 15
7 11

Solution 522: 
12 1
13 6
15 3
2 10
3 15
7 11

Solution 523: 
11 4
12 1
13 6
2 10
3 15
7 11

Solution 524: 
12 1
12 3
13 6
2 10
3 15
7 11

Solution 525: 
12 1
12 3
13 6
2 10
4 13
7 11

Solution 526: 
12 1
13 6
15 3
2 10
4 13
7 11

Solution 527: 
11 4
12 1
13 6
2 10
4 13
7 11

Solution 528: 
11 4
12 1
14 6
2 10
4 13
7 11

Solution 529: 
12 1
12 3
14 6
2 10
4 13
7 11

Solution 530: 
12 1
12 3
14 6
2 10
3 15
7 11

Solution 531: 
11 4
12 1
14 6
2 10
3 15
7 11

Solution 532: 
11 4
14 6
2 10
3 15
6 2
7 11

Solution 533: 
11 4
14 6
2 10
3 15
7 11
9 2

Solution 534: 
11 4
14 6
2 10
3 15
6 1
7 11

Solution 535: 
13 5
14 6
2 10
3 15
7 11
9 2

Solution 536: 
12 3
14 6
2 10
3 15
7 11
9 2

Solution 537: 
12 3
14 6
2 10
3 15
6 2
7 11

Solution 538: 
12 3
14 6
2 10
3 15
6 1
7 11

Solution 539: 
12 3
13 6
2 10
3 15
6 1
7 11

Solution 540: 
12 3
13 6
2 10
3 15
6 2
7 11

Solution 541: 
12 3
13 6
2 10
3 15
7 11
9 2

Solution 542: 
13 6
15 3
2 10
3 15
7 11
9 2

Solution 543: 
13 5
13 6
2 10
3 15
7 11
9 2

Solution 544: 
13 6
15 5
2 10
3 15
7 11
9 2

Solution 545: 
11 4
13 6
2 10
3 15
7 11
9 2

Solution 546: 
11 4
13 6
2 10
3 15
6 2
7 11

Solution 547: 
11 4
13 6
2 10
3 15
6 1
7 11

Solution 548: 
11 4
13 6
2 10
3 10
3 15
6 1

Solution 549: 
11 4
13 6
2 10
3 10
3 15
6 2

Solution 550: 
11 4
13 6
2 10
3 10
3 15
9 2

Solution 551: 
11 4
14 6
2 10
3 10
3 15
9 2

Solution 552: 
11 4
14 6
2 10
3 10
3 15
6 2

Solution 553: 
11 4
14 6
2 10
3 10
3 15
6 1

Solution 554: 
12 3
14 6
2 10
3 10
3 15
6 1

Solution 555: 
12 3
14 6
2 10
3 10
3 15
6 2

Solution 556: 
12 3
14 6
2 10
3 10
3 15
9 2

Solution 557: 
13 5
14 6
2 10
3 10
3 15
9 2

Solution 558: 
13 5
13 6
2 10
3 10
3 15
9 2

Solution 559: 
13 6
15 3
2 10
3 10
3 15
9 2

Solution 560: 
13 6
15 5
2 10
3 10
3 15
9 2

Solution 561: 
12 3
13 6
2 10
3 10
3 15
9 2

Solution 562: 
12 3
13 6
2 10
3 10
3 15
6 2

Solution 563: 
12 3
13 6
2 10
3 10
3 15
6 1

Solution 564: 
12 3
13 6
2 10
3 10
5 15
6 1

Solution 565: 
12 3
13 6
2 10
3 10
5 13
6 1

Solution 566: 
12 3
13 6
2 10
3 10
4 13
6 1

Solution 567: 
12 3
13 6
2 10
4 13
6 1
7 11

Solution 568: 
12 3
13 6
2 10
4 13
6 2
7 11

Solution 569: 
12 3
13 6
2 10
4 13
7 11
9 2

Solution 570: 
12 3
13 6
2 10
3 10
4 13
9 2

Solution 571: 
12 3
13 6
2 10
3 10
4 13
6 2

Solution 572: 
12 3
13 6
2 10
3 10
5 13
6 2

Solution 573: 
12 3
13 6
2 10
3 10
5 15
6 2

Solution 574: 
12 3
13 6
2 10
3 10
5 15
9 2

Solution 575: 
12 3
13 6
2 10
3 10
5 13
9 2

Solution 576: 
12 3
14 6
2 10
3 10
5 13
9 2

Solution 577: 
12 3
14 6
2 10
3 10
5 13
6 1

Solution 578: 
12 3
14 6
2 10
3 10
5 15
6 1

Solution 579: 
12 3
14 6
2 10
3 10
5 15
9 2

Solution 580: 
12 3
14 6
2 10
3 10
4 13
9 2

Solution 581: 
12 3
14 6
2 10
3 10
4 13
6 1

Solution 582: 
12 3
14 6
2 10
3 10
4 13
6 2

Solution 583: 
12 3
14 6
2 10
3 10
5 13
6 2

Solution 584: 
12 3
14 6
2 10
3 10
5 15
6 2

Solution 585: 
12 3
14 6
2 10
4 13
6 2
7 11

Solution 586: 
12 3
14 6
2 10
4 13
6 1
7 11

Solution 587: 
12 3
14 6
2 10
4 13
7 11
9 2

Solution 588: 
11 4
14 6
2 10
4 13
7 11
9 2

Solution 589: 
13 5
14 6
2 10
4 13
7 11
9 2

Solution 590: 
11 4
14 6
2 10
4 13
6 1
7 11

Solution 591: 
11 4
14 6
2 10
4 13
6 2
7 11

Solution 592: 
11 4
14 6
2 10
3 10
4 13
6 2

Solution 593: 
11 4
14 6
2 10
3 10
4 13
6 1

Solution 594: 
11 4
14 6
2 10
3 10
4 13
9 2

Solution 595: 
13 5
14 6
2 10
3 10
4 13
9 2

Solution 596: 
13 5
13 6
2 10
3 10
4 13
9 2

Solution 597: 
13 6
15 5
2 10
3 10
4 13
9 2

Solution 598: 
13 6
15 3
2 10
3 10
4 13
9 2

Solution 599: 
13 6
15 3
2 10
4 13
7 11
9 2

Solution 600: 
13 6
15 5
2 10
4 13
7 11
9 2

Solution 601: 
13 5
13 6
2 10
4 13
7 11
9 2

Solution 602: 
11 4
13 6
2 10
4 13
7 11
9 2

Solution 603: 
11 4
13 6
2 10
3 10
4 13
9 2

Solution 604: 
11 4
13 6
2 10
3 10
4 13
6 1

Solution 605: 
11 4
13 6
2 10
3 10
4 13
6 2

Solution 606: 
11 4
13 6
2 10
4 13
6 2
7 11

Solution 607: 
11 4
13 6
2 10
4 13
6 1
7 11

Solution 608: 
11 4
13 6
2 10
3 10
5 13
6 1

Solution 609: 
11 4
13 6
2 10
3 10
5 15
6 1

Solution 610: 
11 4
13 6
2 10
3 10
5 15
6 2

Solution 611: 
11 4
13 6
2 10
3 10
5 15
9 2

Solution 612: 
11 4
13 6
2 10
3 10
5 13
9 2

Solution 613: 
11 4
13 6
2 10
3 10
5 13
6 2

Solution 614: 
13 5
13 6
2 10
3 10
5 13
9 2

Solution 615: 
13 6
15 5
2 10
3 10
5 13
9 2

Solution 616: 
13 6
15 5
2 10
3 10
5 15
9 2

Solution 617: 
13 5
13 6
2 10
3 10
5 15
9 2

Solution 618: 
13 6
15 3
2 10
3 10
5 15
9 2

Solution 619: 
13 6
15 3
2 10
3 10
5 13
9 2

Solution 620: 
13 5
14 6
2 10
3 10
5 13
9 2

Solution 621: 
11 4
14 6
2 10
3 10
5 13
9 2

Solution 622: 
11 4
14 6
2 10
3 10
5 13
6 1

Solution 623: 
11 4
14 6
2 10
3 10
5 13
6 2

Solution 624: 
11 4
14 6
2 10
3 10
5 15
6 2

Solution 625: 
11 4
14 6
2 10
3 10
5 15
6 1

Solution 626: 
11 4
14 6
2 10
3 10
5 15
9 2

Solution 627: 
13 5
14 6
2 10
3 10
5 15
9 2

Solution 628: 
1 14
13 5
14 6
3 10
5 15
9 2

Solution 629: 
13 5
14 6
2 14
3 10
5 15
9 2

Solution 630: 
1 7
13 5
14 6
3 10
5 15
9 2

Solution 631: 
1 7
13 5
14 6
3 10
3 15
9 2

Solution 632: 
1 7
13 5
14 6
3 10
4 13
9 2

Solution 633: 
1 7
13 5
14 6
3 10
5 13
9 2

Solution 634: 
1 14
13 5
14 6
3 10
5 13
9 2

Solution 635: 
13 5
14 6
2 14
3 10
5 13
9 2

Solution 636: 
13 5
14 6
2 14
3 10
3 15
9 2

Solution 637: 
13 5
14 6
2 14
3 10
4 13
9 2

Solution 638: 
1 14
13 5
14 6
3 10
4 13
9 2

Solution 639: 
1 14
13 5
14 6
3 10
3 15
9 2

Solution 640: 
1 14
12 3
14 6
3 10
3 15
9 2

Solution 641: 
1 14
11 4
14 6
3 10
3 15
9 2

Solution 642: 
1 14
11 4
14 6
3 10
4 13
9 2

Solution 643: 
1 14
12 3
14 6
3 10
4 13
9 2

Solution 644: 
1 14
12 3
14 6
3 10
5 15
9 2

Solution 645: 
1 14
12 3
14 6
3 10
5 13
9 2

Solution 646: 
1 14
11 4
14 6
3 10
5 13
9 2

Solution 647: 
1 14
11 4
14 6
3 10
5 15
9 2

Solution 648: 
11 4
14 6
2 14
3 10
5 15
9 2

Solution 649: 
1 7
11 4
14 6
3 10
5 15
9 2

Solution 650: 
1 7
11 4
14 6
3 10
3 15
9 2

Solution 651: 
11 4
14 6
2 14
3 10
3 15
9 2

Solution 652: 
11 4
14 6
2 14
3 10
4 13
9 2

Solution 653: 
1 7
11 4
14 6
3 10
4 13
9 2

Solution 654: 
1 7
12 3
14 6
3 10
4 13
9 2

Solution 655: 
12 3
14 6
2 14
3 10
4 13
9 2

Solution 656: 
12 3
14 6
2 14
3 10
3 15
9 2

Solution 657: 
12 3
14 6
2 14
3 10
5 15
9 2

Solution 658: 
12 3
14 6
2 14
3 10
5 13
9 2

Solution 659: 
1 7
12 3
14 6
3 10
5 13
9 2

Solution 660: 
1 7
12 3
14 6
3 10
3 15
9 2

Solution 661: 
1 7
12 3
14 6
3 10
5 15
9 2

Solution 662: 
1 7
11 4
14 6
3 10
5 13
9 2

Solution 663: 
11 4
14 6
2 14
3 10
5 13
9 2

Solution 664: 
11 4
14 11
2 14
3 10
5 13
9 2

Solution 665: 
11 4
14 11
2 14
3 10
3 15
9 2

Solution 666: 
11 4
14 11
2 14
3 10
5 15
9 2

Solution 667: 
1 14
11 4
14 11
3 10
5 15
9 2

Solution 668: 
1 14
11 4
14 11
3 10
3 15
9 2

Solution 669: 
1 14
11 4
14 11
3 10
5 13
9 2

Solution 670: 
1 14
11 4
13 6
3 10
5 13
9 2

Solution 671: 
1 14
11 4
13 6
3 10
3 15
9 2

Solution 672: 
1 14
11 4
13 6
3 10
5 15
9 2

Solution 673: 
1 14
11 4
13 6
3 10
4 13
9 2

Solution 674: 
1 14
11 4
14 11
3 10
4 13
9 2

Solution 675: 
11 4
14 11
2 14
3 10
4 13
9 2

Solution 676: 
1 7
11 4
14 11
3 10
4 13
9 2

Solution 677: 
1 7
11 4
13 6
3 10
4 13
9 2

Solution 678: 
11 4
13 6
2 14
3 10
4 13
9 2

Solution 679: 
11 4
13 6
2 14
3 10
3 15
9 2

Solution 680: 
11 4
13 6
2 14
3 10
5 15
9 2

Solution 681: 
1 7
11 4
13 6
3 10
5 15
9 2

Solution 682: 
1 7
11 4
13 6
3 10
3 15
9 2

Solution 683: 
1 7
11 4
13 6
3 10
5 13
9 2

Solution 684: 
11 4
13 6
2 14
3 10
5 13
9 2

Solution 685: 
1 7
11 4
14 11
3 10
5 13
9 2

Solution 686: 
1 7
11 4
14 11
3 10
3 15
9 2

Solution 687: 
1 7
11 4
14 11
3 10
5 15
9 2

Solution 688: 
1 7
12 3
14 11
3 10
5 15
9 2

Solution 689: 
1 7
13 5
14 11
3 10
5 15
9 2

Solution 690: 
1 7
13 5
14 11
3 10
3 15
9 2

Solution 691: 
1 7
12 3
14 11
3 10
3 15
9 2

Solution 692: 
1 7
12 3
14 11
3 10
5 13
9 2

Solution 693: 
1 7
12 3
14 11
3 10
4 13
9 2

Solution 694: 
1 7
13 5
14 11
3 10
4 13
9 2

Solution 695: 
1 7
13 5
14 11
3 10
5 13
9 2

Solution 696: 
1 7
13 5
13 6
3 10
5 13
9 2

Solution 697: 
1 7
13 5
13 6
3 10
3 15
9 2

Solution 698: 
1 7
13 5
13 6
3 10
5 15
9 2

Solution 699: 
1 7
13 6
15 5
3 10
5 15
9 2

Solution 700: 
1 7
13 6
15 3
3 10
5 15
9 2

Solution 701: 
1 7
13 6
15 3
3 10
3 15
9 2

Solution 702: 
1 7
13 6
15 5
3 10
3 15
9 2

Solution 703: 
1 7
13 6
15 5
3 10
5 13
9 2

Solution 704: 
1 7
13 6
15 3
3 10
5 13
9 2

Solution 705: 
1 7
13 6
15 3
3 10
4 13
9 2

Solution 706: 
1 7
13 6
15 5
3 10
4 13
9 2

Solution 707: 
1 7
13 5
13 6
3 10
4 13
9 2

Solution 708: 
1 7
12 3
13 6
3 10
4 13
9 2

Solution 709: 
1 7
12 3
13 6
3 10
5 15
9 2

Solution 710: 
1 7
12 3
13 6
3 10
3 15
9 2

Solution 711: 
1 7
12 3
13 6
3 10
5 13
9 2

Solution 712: 
12 3
13 6
2 14
3 10
5 13
9 2

Solution 713: 
1 14
12 3
13 6
3 10
5 13
9 2

Solution 714: 
1 14
12 3
13 6
3 10
5 15
9 2

Solution 715: 
1 14
12 3
13 6
3 10
4 13
9 2

Solution 716: 
12 3
13 6
2 14
3 10
4 13
9 2

Solution 717: 
12 3
13 6
2 14
3 10
5 15
9 2

Solution 718: 
12 3
13 6
2 14
3 10
3 15
9 2

Solution 719: 
1 14
12 3
13 6
3 10
3 15
9 2

Solution 720: 
1 14
13 6
15 5
3 10
3 15
9 2

Solution 721: 
1 14
13 6
15 3
3 10
3 15
9 2

Solution 722: 
1 14
13 6
15 3
3 10
4 13
9 2

Solution 723: 
1 14
13 6
15 5
3 10
4 13
9 2

Solution 724: 
1 14
13 6
15 5
3 10
5 15
9 2

Solution 725: 
1 14
13 6
15 3
3 10
5 15
9 2

Solution 726: 
1 14
13 6
15 3
3 10
5 13
9 2

Solution 727: 
1 14
13 6
15 5
3 10
5 13
9 2

Solution 728: 
1 14
13 5
13 6
3 10
5 13
9 2

Solution 729: 
1 14
13 5
13 6
3 10
4 13
9 2

Solution 730: 
1 14
13 5
13 6
3 10
5 15
9 2

Solution 731: 
1 14
13 5
13 6
3 10
3 15
9 2

Solution 732: 
13 5
13 6
2 14
3 10
3 15
9 2

Solution 733: 
13 5
13 6
2 14
3 10
4 13
9 2

Solution 734: 
13 5
13 6
2 14
3 10
5 15
9 2

Solution 735: 
13 5
13 6
2 14
3 10
5 13
9 2

Solution 736: 
13 6
15 5
2 14
3 10
5 13
9 2

Solution 737: 
13 6
15 3
2 14
3 10
5 13
9 2

Solution 738: 
13 6
15 3
2 14
3 10
4 13
9 2

Solution 739: 
13 6
15 3
2 14
3 10
5 15
9 2

Solution 740: 
13 6
15 5
2 14
3 10
5 15
9 2

Solution 741: 
13 6
15 5
2 14
3 10
4 13
9 2

Solution 742: 
13 6
15 5
2 14
3 10
3 15
9 2

Solution 743: 
13 6
15 3
2 14
3 10
3 15
9 2

Solution 744: 
12 3
14 11
2 14
3 10
3 15
9 2

Solution 745: 
13 5
14 11
2 14
3 10
3 15
9 2

Solution 746: 
1 14
13 5
14 11
3 10
3 15
9 2

Solution 747: 
1 14
12 3
14 11
3 10
3 15
9 2

Solution 748: 
1 14
12 3
14 11
3 10
4 13
9 2

Solution 749: 
1 14
12 3
14 11
3 10
5 15
9 2

Solution 750: 
1 14
12 3
14 11
3 10
5 13
9 2

Solution 751: 
1 14
13 5
14 11
3 10
5 13
9 2

Solution 752: 
1 14
13 5
14 11
3 10
4 13
9 2

Solution 753: 
1 14
13 5
14 11
3 10
5 15
9 2

Solution 754: 
13 5
14 11
2 14
3 10
5 15
9 2

Solution 755: 
13 5
14 11
2 14
3 10
4 13
9 2

Solution 756: 
13 5
14 11
2 14
3 10
5 13
9 2

Solution 757: 
12 3
14 11
2 14
3 10
5 13
9 2

Solution 758: 
12 3
14 11
2 14
3 10
4 13
9 2

Solution 759: 
12 3
14 11
2 14
3 10
5 15
9 2

Solution 760: 
12 3
14 11
2 14
3 10
5 15
6 1

Solution 761: 
12 1
12 3
14 11
2 14
3 10
5 15

Solution 762: 
12 3
14 11
2 14
3 10
5 15
6 2

Solution 763: 
11 4
14 11
2 14
3 10
5 15
6 2

Solution 764: 
11 4
12 1
14 11
2 14
3 10
5 15

Solution 765: 
11 4
14 11
2 14
3 10
5 15
6 1

Solution 766: 
12 1
13 5
14 11
2 14
3 10
5 15

Solution 767: 
12 1
13 5
14 11
2 14
3 10
4 13

Solution 768: 
12 1
13 5
14 11
2 14
3 10
3 15

Solution 769: 
12 1
13 5
14 11
2 14
3 10
5 13

Solution 770: 
12 1
12 3
14 11
2 14
3 10
5 13

Solution 771: 
12 1
12 3
14 11
2 14
3 10
4 13

Solution 772: 
12 1
12 3
14 11
2 14
3 10
3 15

Solution 773: 
11 4
12 1
14 11
2 14
3 10
3 15

Solution 774: 
11 4
12 1
14 11
2 14
3 10
4 13

Solution 775: 
11 4
12 1
14 11
2 14
3 10
5 13

Solution 776: 
11 4
14 11
2 14
3 10
5 13
6 1

Solution 777: 
11 4
14 11
2 14
3 10
5 13
6 2

Solution 778: 
11 4
14 11
2 14
3 10
4 13
6 2

Solution 779: 
11 4
14 11
2 14
3 10
3 15
6 2

Solution 780: 
11 4
14 11
2 14
3 10
3 15
6 1

Solution 781: 
11 4
14 11
2 14
3 10
4 13
6 1

Solution 782: 
12 3
14 11
2 14
3 10
4 13
6 1

Solution 783: 
12 3
14 11
2 14
3 10
4 13
6 2

Solution 784: 
12 3
14 11
2 14
3 10
3 15
6 2

Solution 785: 
12 3
14 11
2 14
3 10
3 15
6 1

Solution 786: 
12 3
14 11
2 14
3 10
5 13
6 1

Solution 787: 
12 3
14 11
2 14
3 10
5 13
6 2

Solution 788: 
12 3
14 6
2 14
3 10
5 13
6 2

Solution 789: 
12 3
13 6
2 14
3 10
5 13
6 2

Solution 790: 
12 1
12 3
13 6
2 14
3 10
5 13

Solution 791: 
12 3
13 6
2 14
3 10
5 13
6 1

Solution 792: 
12 3
14 6
2 14
3 10
5 13
6 1

Solution 793: 
12 1
12 3
14 6
2 14
3 10
5 13

Solution 794: 
12 1
12 3
14 6
2 14
3 10
4 13

Solution 795: 
12 1
12 3
14 6
2 14
3 10
5 15

Solution 796: 
12 3
14 6
2 14
3 10
5 15
6 1

Solution 797: 
12 3
14 6
2 14
3 10
4 13
6 1

Solution 798: 
12 3
14 6
2 14
3 10
4 13
6 2

Solution 799: 
12 3
14 6
2 14
3 10
5 15
6 2

Solution 800: 
12 3
13 6
2 14
3 10
5 15
6 2

Solution 801: 
12 3
13 6
2 14
3 10
4 13
6 2

Solution 802: 
12 1
12 3
13 6
2 14
3 10
4 13

Solution 803: 
12 1
12 3
13 6
2 14
3 10
5 15

Solution 804: 
12 3
13 6
2 14
3 10
5 15
6 1

Solution 805: 
12 3
13 6
2 14
3 10
4 13
6 1

Solution 806: 
12 3
13 6
2 14
3 10
3 15
6 1

Solution 807: 
12 3
14 6
2 14
3 10
3 15
6 1

Solution 808: 
12 1
12 3
14 6
2 14
3 10
3 15

Solution 809: 
12 1
12 3
13 6
2 14
3 10
3 15

Solution 810: 
12 3
13 6
2 14
3 10
3 15
6 2

Solution 811: 
12 3
14 6
2 14
3 10
3 15
6 2

Solution 812: 
11 4
14 6
2 14
3 10
3 15
6 2

Solution 813: 
11 4
13 6
2 14
3 10
3 15
6 2

Solution 814: 
11 4
13 6
2 14
3 10
3 15
6 1

Solution 815: 
11 4
12 1
13 6
2 14
3 10
3 15

Solution 816: 
12 1
13 6
15 5
2 14
3 10
3 15

Solution 817: 
12 1
13 6
15 3
2 14
3 10
3 15

Solution 818: 
12 1
13 5
13 6
2 14
3 10
3 15

Solution 819: 
12 1
13 5
14 6
2 14
3 10
3 15

Solution 820: 
11 4
12 1
14 6
2 14
3 10
3 15

Solution 821: 
11 4
14 6
2 14
3 10
3 15
6 1

Solution 822: 
11 4
14 6
2 14
3 10
4 13
6 1

Solution 823: 
11 4
14 6
2 14
3 10
5 13
6 1

Solution 824: 
11 4
14 6
2 14
3 10
5 15
6 1

Solution 825: 
11 4
14 6
2 14
3 10
5 15
6 2

Solution 826: 
11 4
12 1
14 6
2 14
3 10
5 15

Solution 827: 
11 4
12 1
14 6
2 14
3 10
4 13

Solution 828: 
11 4
12 1
14 6
2 14
3 10
5 13

Solution 829: 
11 4
14 6
2 14
3 10
5 13
6 2

Solution 830: 
11 4
14 6
2 14
3 10
4 13
6 2

Solution 831: 
11 4
13 6
2 14
3 10
4 13
6 2

Solution 832: 
11 4
13 6
2 14
3 10
5 13
6 2

Solution 833: 
11 4
12 1
13 6
2 14
3 10
5 13

Solution 834: 
11 4
12 1
13 6
2 14
3 10
4 13

Solution 835: 
11 4
13 6
2 14
3 10
4 13
6 1

Solution 836: 
11 4
13 6
2 14
3 10
5 13
6 1

Solution 837: 
11 4
13 6
2 14
3 10
5 15
6 1

Solution 838: 
11 4
12 1
13 6
2 14
3 10
5 15

Solution 839: 
11 4
13 6
2 14
3 10
5 15
6 2

Solution 840: 
12 1
13 6
15 5
2 14
3 10
5 15

Solution 841: 
12 1
13 6
15 3
2 14
3 10
5 15

Solution 842: 
12 1
13 5
13 6
2 14
3 10
5 15

Solution 843: 
12 1
13 5
14 6
2 14
3 10
5 15

Solution 844: 
12 1
13 5
14 6
2 14
3 10
4 13

Solution 845: 
12 1
13 5
14 6
2 14
3 10
5 13

Solution 846: 
12 1
13 5
13 6
2 14
3 10
5 13

Solution 847: 
12 1
13 5
13 6
2 14
3 10
4 13

Solution 848: 
12 1
13 6
15 3
2 14
3 10
4 13

Solution 849: 
12 1
13 6
15 5
2 14
3 10
4 13

Solution 850: 
12 1
13 6
15 5
2 14
3 10
5 13

Solution 851: 
12 1
13 6
15 3
2 14
3 10
5 13

Solution 852: 
1 7
12 1
13 6
15 3
3 10
5 13

Solution 853: 
1 14
12 1
13 6
15 3
3 10
5 13

Solution 854: 
1 14
12 1
13 5
13 6
3 10
5 13

Solution 855: 
1 7
12 1
13 5
13 6
3 10
5 13

Solution 856: 
1 7
12 1
12 3
13 6
3 10
5 13

Solution 857: 
1 7
11 4
12 1
13 6
3 10
5 13

Solution 858: 
1 7
12 1
13 6
15 5
3 10
5 13

Solution 859: 
1 14
12 1
13 6
15 5
3 10
5 13

Solution 860: 
1 14
11 4
12 1
13 6
3 10
5 13

Solution 861: 
1 14
12 1
12 3
13 6
3 10
5 13

Solution 862: 
1 14
12 1
12 3
13 6
3 10
3 15

Solution 863: 
1 14
12 1
12 3
13 6
3 10
5 15

Solution 864: 
1 14
12 1
12 3
13 6
3 10
4 13

Solution 865: 
1 14
12 1
13 5
13 6
3 10
4 13

Solution 866: 
1 14
11 4
12 1
13 6
3 10
4 13

Solution 867: 
1 14
12 1
13 6
15 5
3 10
4 13

Solution 868: 
1 14
12 1
13 6
15 3
3 10
4 13

Solution 869: 
1 14
12 1
13 6
15 3
3 10
5 15

Solution 870: 
1 14
12 1
13 6
15 3
3 10
3 15

Solution 871: 
1 14
12 1
13 5
13 6
3 10
3 15

Solution 872: 
1 14
11 4
12 1
13 6
3 10
3 15

Solution 873: 
1 14
12 1
13 6
15 5
3 10
3 15

Solution 874: 
1 14
12 1
13 6
15 5
3 10
5 15

Solution 875: 
1 14
12 1
13 5
13 6
3 10
5 15

Solution 876: 
1 14
11 4
12 1
13 6
3 10
5 15

Solution 877: 
1 7
11 4
12 1
13 6
3 10
5 15

Solution 878: 
1 7
12 1
13 5
13 6
3 10
5 15

Solution 879: 
1 7
12 1
13 6
15 5
3 10
5 15

Solution 880: 
1 7
12 1
13 6
15 5
3 10
3 15

Solution 881: 
1 7
12 1
13 5
13 6
3 10
3 15

Solution 882: 
1 7
11 4
12 1
13 6
3 10
3 15

Solution 883: 
1 7
12 1
13 6
15 3
3 10
3 15

Solution 884: 
1 7
12 1
13 6
15 3
3 10
5 15

Solution 885: 
1 7
12 1
13 6
15 3
3 10
4 13

Solution 886: 
1 7
12 1
13 5
13 6
3 10
4 13

Solution 887: 
1 7
11 4
12 1
13 6
3 10
4 13

Solution 888: 
1 7
12 1
13 6
15 5
3 10
4 13

Solution 889: 
1 7
12 1
12 3
13 6
3 10
4 13

Solution 890: 
1 7
12 1
12 3
13 6
3 10
5 15

Solution 891: 
1 7
12 1
12 3
13 6
3 10
3 15

Solution 892: 
1 7
12 3
13 6
3 10
3 15
6 1

Solution 893: 
1 7
12 3
13 6
3 10
3 15
6 2

Solution 894: 
1 14
12 3
13 6
3 10
3 15
6 2

Solution 895: 
1 14
12 3
13 6
3 10
3 15
6 1

Solution 896: 
1 14
12 3
13 6
3 10
5 13
6 1

Solution 897: 
1 14
12 3
13 6
3 10
5 15
6 1

Solution 898: 
1 14
12 3
13 6
3 10
4 13
6 1

Solution 899: 
1 14
12 3
13 6
3 10
4 13
6 2

Solution 900: 
1 14
12 3
13 6
3 10
5 13
6 2

Solution 901: 
1 14
12 3
13 6
3 10
5 15
6 2

Solution 902: 
1 7
12 3
13 6
3 10
5 15
6 2

Solution 903: 
1 7
12 3
13 6
3 10
5 13
6 2

Solution 904: 
1 7
12 3
13 6
3 10
5 13
6 1

Solution 905: 
1 7
12 3
13 6
3 10
5 15
6 1

Solution 906: 
1 7
12 3
13 6
3 10
4 13
6 1

Solution 907: 
1 7
12 3
13 6
3 10
4 13
6 2

Solution 908: 
1 7
11 4
13 6
3 10
4 13
6 2

Solution 909: 
1 14
11 4
13 6
3 10
4 13
6 2

Solution 910: 
1 14
11 4
13 6
3 10
4 13
6 1

Solution 911: 
1 7
11 4
13 6
3 10
4 13
6 1

Solution 912: 
1 7
11 4
13 6
3 10
5 13
6 1

Solution 913: 
1 7
11 4
13 6
3 10
5 15
6 1

Solution 914: 
1 7
11 4
13 6
3 10
3 15
6 1

Solution 915: 
1 14
11 4
13 6
3 10
3 15
6 1

Solution 916: 
1 14
11 4
13 6
3 10
5 13
6 1

Solution 917: 
1 14
11 4
13 6
3 10
5 15
6 1

Solution 918: 
1 14
11 4
13 6
3 10
5 15
6 2

Solution 919: 
1 14
11 4
13 6
3 10
5 13
6 2

Solution 920: 
1 7
11 4
13 6
3 10
5 13
6 2

Solution 921: 
1 7
11 4
13 6
3 10
5 15
6 2

Solution 922: 
1 7
11 4
13 6
3 10
3 15
6 2

Solution 923: 
1 14
11 4
13 6
3 10
3 15
6 2

Solution 924: 
1 14
11 4
14 11
3 10
3 15
6 2

Solution 925: 
1 14
11 4
14 6
3 10
3 15
6 2

Solution 926: 
1 14
11 4
12 1
14 6
3 10
3 15

Solution 927: 
1 14
11 4
12 1
14 11
3 10
3 15

Solution 928: 
1 14
11 4
14 11
3 10
3 15
6 1

Solution 929: 
1 14
11 4
14 6
3 10
3 15
6 1

Solution 930: 
1 7
11 4
14 6
3 10
3 15
6 1

Solution 931: 
1 7
11 4
14 11
3 10
3 15
6 1

Solution 932: 
1 7
11 4
14 11
3 10
3 15
6 2

Solution 933: 
1 7
11 4
12 1
14 11
3 10
3 15

Solution 934: 
1 7
11 4
12 1
14 6
3 10
3 15

Solution 935: 
1 7
11 4
14 6
3 10
3 15
6 2

Solution 936: 
1 7
11 4
14 6
3 10
4 13
6 2

Solution 937: 
1 7
11 4
14 6
3 10
5 13
6 2

Solution 938: 
1 7
11 4
14 6
3 10
5 15
6 2

Solution 939: 
1 7
11 4
14 11
3 10
5 15
6 2

Solution 940: 
1 7
11 4
14 11
3 10
5 13
6 2

Solution 941: 
1 7
11 4
14 11
3 10
4 13
6 2

Solution 942: 
1 7
11 4
12 1
14 11
3 10
4 13

Solution 943: 
1 7
11 4
12 1
14 6
3 10
4 13

Solution 944: 
1 7
11 4
14 6
3 10
4 13
6 1

Solution 945: 
1 7
11 4
14 11
3 10
4 13
6 1

Solution 946: 
1 7
11 4
14 11
3 10
5 13
6 1

Solution 947: 
1 7
11 4
14 6
3 10
5 13
6 1

Solution 948: 
1 7
11 4
12 1
14 6
3 10
5 13

Solution 949: 
1 7
11 4
12 1
14 11
3 10
5 13

Solution 950: 
1 7
11 4
12 1
14 11
3 10
5 15

Solution 951: 
1 7
11 4
12 1
14 6
3 10
5 15

Solution 952: 
1 7
11 4
14 6
3 10
5 15
6 1

Solution 953: 
1 7
11 4
14 11
3 10
5 15
6 1

Solution 954: 
1 14
11 4
14 11
3 10
5 15
6 1

Solution 955: 
1 14
11 4
12 1
14 11
3 10
5 15

Solution 956: 
1 14
11 4
14 11
3 10
5 15
6 2

Solution 957: 
1 14
11 4
14 11
3 10
5 13
6 2

Solution 958: 
1 14
11 4
12 1
14 11
3 10
5 13

Solution 959: 
1 14
11 4
12 1
14 11
3 10
4 13

Solution 960: 
1 14
11 4
14 11
3 10
4 13
6 2

Solution 961: 
1 14
11 4
14 11
3 10
4 13
6 1

Solution 962: 
1 14
11 4
14 11
3 10
5 13
6 1

Solution 963: 
1 14
11 4
14 6
3 10
5 13
6 1

Solution 964: 
1 14
11 4
14 6
3 10
5 15
6 1

Solution 965: 
1 14
11 4
14 6
3 10
4 13
6 1

Solution 966: 
1 14
11 4
12 1
14 6
3 10
4 13

Solution 967: 
1 14
11 4
14 6
3 10
4 13
6 2

Solution 968: 
1 14
11 4
14 6
3 10
5 13
6 2

Solution 969: 
1 14
11 4
14 6
3 10
5 15
6 2

Solution 970: 
1 14
11 4
12 1
14 6
3 10
5 15

Solution 971: 
1 14
11 4
12 1
14 6
3 10
5 13

Solution 972: 
1 14
12 1
12 3
14 6
3 10
5 13

Solution 973: 
1 14
12 1
13 5
14 6
3 10
5 13

Solution 974: 
1 14
12 1
13 5
14 6
3 10
3 15

Solution 975: 
1 14
12 1
13 5
14 6
3 10
5 15

Solution 976: 
1 14
12 1
13 5
14 6
3 10
4 13

Solution 977: 
1 14
12 1
12 3
14 6
3 10
4 13

Solution 978: 
1 14
12 1
12 3
14 6
3 10
3 15

Solution 979: 
1 14
12 1
12 3
14 6
3 10
5 15

Solution 980: 
1 14
12 3
14 6
3 10
5 15
6 2

Solution 981: 
1 14
12 3
14 6
3 10
5 15
6 1

Solution 982: 
1 14
12 3
14 6
3 10
3 15
6 1

Solution 983: 
1 14
12 3
14 6
3 10
4 13
6 1

Solution 984: 
1 14
12 3
14 6
3 10
5 13
6 1

Solution 985: 
1 14
12 3
14 6
3 10
5 13
6 2

Solution 986: 
1 14
12 3
14 6
3 10
3 15
6 2

Solution 987: 
1 14
12 3
14 6
3 10
4 13
6 2

Solution 988: 
1 14
12 3
14 11
3 10
4 13
6 2

Solution 989: 
1 14
12 3
14 11
3 10
4 13
6 1

Solution 990: 
1 14
12 1
12 3
14 11
3 10
4 13

Solution 991: 
1 14
12 1
13 5
14 11
3 10
4 13

Solution 992: 
1 14
12 1
13 5
14 11
3 10
3 15

Solution 993: 
1 14
12 1
13 5
14 11
3 10
5 13

Solution 994: 
1 14
12 1
13 5
14 11
3 10
5 15

Solution 995: 
1 14
12 1
12 3
14 11
3 10
5 15

Solution 996: 
1 14
12 1
12 3
14 11
3 10
3 15

Solution 997: 
1 14
12 1
12 3
14 11
3 10
5 13

Solution 998: 
1 14
12 3
14 11
3 10
5 13
6 1

Solution 999: 
1 14
12 3
14 11
3 10
3 15
6 1

Solution 1000: 
1 14
12 3
14 11
3 10
3 15
6 2

Solution 1001: 
1 14
12 3
14 11
3 10
5 13
6 2

Solution 1002: 
1 14
12 3
14 11
3 10
5 15
6 2

Solution 1003: 
1 14
12 3
14 11
3 10
5 15
6 1

Solution 1004: 
1 7
12 3
14 11
3 10
5 15
6 1

Solution 1005: 
1 7
12 1
12 3
14 11
3 10
5 15

Solution 1006: 
1 7
12 1
13 5
14 11
3 10
5 15

Solution 1007: 
1 7
12 3
14 11
3 10
5 15
6 2

Solution 1008: 
1 7
12 3
14 11
3 10
5 13
6 2

Solution 1009: 
1 7
12 3
14 11
3 10
4 13
6 2

Solution 1010: 
1 7
12 3
14 11
3 10
3 15
6 2

Solution 1011: 
1 7
12 3
14 11
3 10
3 15
6 1

Solution 1012: 
1 7
12 1
12 3
14 11
3 10
3 15

Solution 1013: 
1 7
12 1
13 5
14 11
3 10
3 15

Solution 1014: 
1 7
12 1
13 5
14 11
3 10
4 13

Solution 1015: 
1 7
12 1
13 5
14 11
3 10
5 13

Solution 1016: 
1 7
12 1
12 3
14 11
3 10
5 13

Solution 1017: 
1 7
12 1
12 3
14 11
3 10
4 13

Solution 1018: 
1 7
12 3
14 11
3 10
4 13
6 1

Solution 1019: 
1 7
12 3
14 11
3 10
5 13
6 1

Solution 1020: 
1 7
12 3
14 6
3 10
5 13
6 1

Solution 1021: 
1 7
12 3
14 6
3 10
5 13
6 2

Solution 1022: 
1 7
12 3
14 6
3 10
5 15
6 2

Solution 1023: 
1 7
12 3
14 6
3 10
5 15
6 1

Solution 1024: 
1 7
12 3
14 6
3 10
4 13
6 1

Solution 1025: 
1 7
12 3
14 6
3 10
4 13
6 2

Solution 1026: 
1 7
12 1
12 3
14 6
3 10
4 13

Solution 1027: 
1 7
12 1
12 3
14 6
3 10
5 15

Solution 1028: 
1 7
12 1
12 3
14 6
3 10
5 13

Solution 1029: 
1 7
12 1
12 3
14 6
3 10
3 15

Solution 1030: 
1 7
12 3
14 6
3 10
3 15
6 1

Solution 1031: 
1 7
12 3
14 6
3 10
3 15
6 2

Solution 1032: 
1 7
12 1
13 5
14 6
3 10
3 15

Solution 1033: 
1 7
12 1
13 5
14 6
3 10
5 15

Solution 1034: 
1 7
12 1
13 5
14 6
3 10
5 13

Solution 1035: 
1 7
12 1
13 5
14 6
3 10
4 13

Solution 1036: 
1 7
12 1
13 5
14 6
4 13
7 11

Solution 1037: 
1 7
13 5
14 6
4 13
7 11
9 2

Solution 1038: 
1 7
13 5
14 6
3 15
7 11
9 2

Solution 1039: 
1 7
12 1
13 5
14 6
3 15
7 11

Solution 1040: 
1 7
12 1
13 5
13 6
3 15
7 11

Solution 1041: 
1 7
12 1
13 5
14 11
3 15
7 11

Solution 1042: 
1 7
13 5
14 11
3 15
7 11
9 2

Solution 1043: 
1 7
13 5
13 6
3 15
7 11
9 2

Solution 1044: 
1 7
13 5
13 6
4 13
7 11
9 2

Solution 1045: 
1 7
12 1
13 5
13 6
4 13
7 11

Solution 1046: 
1 7
12 1
13 5
14 11
4 13
7 11

Solution 1047: 
1 7
13 5
14 11
4 13
7 11
9 2

Solution 1048: 
1 7
11 4
14 11
4 13
7 11
9 2

Solution 1049: 
1 7
12 3
14 11
4 13
7 11
9 2

Solution 1050: 
1 7
12 1
12 3
14 11
4 13
7 11

Solution 1051: 
1 7
11 4
12 1
14 11
4 13
7 11

Solution 1052: 
1 7
11 4
14 11
4 13
6 2
7 11

Solution 1053: 
1 7
12 3
14 11
4 13
6 2
7 11

Solution 1054: 
1 7
12 3
14 11
4 13
6 1
7 11

Solution 1055: 
1 7
11 4
14 11
4 13
6 1
7 11

Solution 1056: 
1 7
11 4
14 6
4 13
6 1
7 11

Solution 1057: 
1 7
11 4
14 6
4 13
6 2
7 11

Solution 1058: 
1 7
11 4
14 6
4 13
7 11
9 2

Solution 1059: 
1 7
11 4
13 6
4 13
7 11
9 2

Solution 1060: 
1 7
13 6
15 3
4 13
7 11
9 2

Solution 1061: 
1 7
13 6
15 5
4 13
7 11
9 2

Solution 1062: 
1 7
11 4
13 6
4 13
6 1
7 11

Solution 1063: 
1 7
11 4
13 6
4 13
6 2
7 11

Solution 1064: 
1 7
11 4
12 1
13 6
4 13
7 11

Solution 1065: 
1 7
12 1
13 6
15 3
4 13
7 11

Solution 1066: 
1 7
12 1
13 6
15 5
4 13
7 11

Solution 1067: 
1 7
11 4
12 1
14 6
4 13
7 11

Solution 1068: 
1 7
12 1
12 3
14 6
4 13
7 11

Solution 1069: 
1 7
12 1
12 3
13 6
4 13
7 11

Solution 1070: 
1 7
12 3
13 6
4 13
7 11
9 2

Solution 1071: 
1 7
12 3
13 6
4 13
6 2
7 11

Solution 1072: 
1 7
12 3
13 6
4 13
6 1
7 11

Solution 1073: 
1 7
12 3
14 6
4 13
6 1
7 11

Solution 1074: 
1 7
12 3
14 6
4 13
7 11
9 2

Solution 1075: 
1 7
12 3
14 6
4 13
6 2
7 11

Solution 1076: 
1 7
12 3
14 6
3 15
6 2
7 11

Solution 1077: 
1 7
12 3
14 6
3 15
7 11
9 2

Solution 1078: 
1 7
12 3
14 6
3 15
6 1
7 11

Solution 1079: 
1 7
12 3
14 11
3 15
6 1
7 11

Solution 1080: 
1 7
12 3
14 11
3 15
6 2
7 11

Solution 1081: 
1 7
12 3
14 11
3 15
7 11
9 2

Solution 1082: 
1 7
12 3
13 6
3 15
7 11
9 2

Solution 1083: 
1 7
12 3
13 6
3 15
6 2
7 11

Solution 1084: 
1 7
12 3
13 6
3 15
6 1
7 11

Solution 1085: 
1 7
13 6
15 5
3 15
7 11
9 2

Solution 1086: 
1 7
13 6
15 3
3 15
7 11
9 2

Solution 1087: 
1 7
12 1
13 6
15 3
3 15
7 11

Solution 1088: 
1 7
12 1
13 6
15 5
3 15
7 11

Solution 1089: 
1 7
12 1
12 3
13 6
3 15
7 11

Solution 1090: 
1 7
12 1
12 3
14 11
3 15
7 11

Solution 1091: 
1 7
12 1
12 3
14 6
3 15
7 11

Solution 1092: 
1 7
11 4
12 1
14 6
3 15
7 11

Solution 1093: 
1 7
11 4
12 1
13 6
3 15
7 11

Solution 1094: 
1 7
11 4
12 1
14 11
3 15
7 11

Solution 1095: 
1 7
11 4
14 11
3 15
7 11
9 2

Solution 1096: 
1 7
11 4
14 11
3 15
6 1
7 11

Solution 1097: 
1 7
11 4
14 11
3 15
6 2
7 11

Solution 1098: 
1 7
11 4
13 6
3 15
6 2
7 11

Solution 1099: 
1 7
11 4
13 6
3 15
7 11
9 2

Solution 1100: 
1 7
11 4
13 6
3 15
6 1
7 11

Solution 1101: 
1 7
11 4
14 6
3 15
6 1
7 11

Solution 1102: 
1 7
11 4
14 6
3 15
7 11
9 2

Solution 1103: 
1 7
11 4
14 6
3 15
6 2
7 11

Number of solutions found: 1104

Changes at vertices: 
Change visibility: 9 2
12 2 -> 12 1
----------------------------------
Removal 1: 
Solution 0: 
1 14
11 4
11 9
3 10
3 15

Solution 1: 
11 4
11 9
2 10
3 10
3 15

Solution 2: 
11 4
11 9
2 14
3 10
3 15

Solution 3: 
11 4
11 9
2 10
3 15
4 12

Solution 4: 
11 4
11 9
2 10
3 15
7 11

Solution 5: 
11 4
11 9
2 10
3 15
7 12

Solution 6: 
11 9
12 3
2 10
3 15
7 12

Solution 7: 
11 9
12 3
2 10
3 15
4 12

Solution 8: 
11 9
12 3
2 10
3 15
7 11

Solution 9: 
1 7
11 9
12 3
3 15
7 11

Solution 10: 
1 7
11 4
11 9
3 15
7 11

Solution 11: 
1 7
11 4
11 9
3 10
3 15

Solution 12: 
1 7
11 9
12 3
3 10
3 15

Solution 13: 
11 9
12 3
2 14
3 10
3 15

Solution 14: 
1 14
11 9
12 3
3 10
3 15

Solution 15: 
11 9
12 3
2 10
3 10
3 15

Solution 16: 
11 9
12 3
2 10
3 10
4 13

Solution 17: 
11 9
12 3
2 10
3 10
5 13

Solution 18: 
11 9
12 3
2 10
3 10
5 15

Solution 19: 
1 7
11 9
12 3
3 10
5 15

Solution 20: 
1 7
11 9
12 3
3 10
4 13

Solution 21: 
1 14
11 9
12 3
3 10
4 13

Solution 22: 
1 14
11 9
12 3
3 10
5 15

Solution 23: 
11 9
12 3
2 14
3 10
5 15

Solution 24: 
11 9
12 3
2 14
3 10
4 13

Solution 25: 
11 9
12 3
2 14
3 10
5 13

Solution 26: 
1 7
11 9
12 3
3 10
5 13

Solution 27: 
1 14
11 9
12 3
3 10
5 13

Solution 28: 
1 14
11 4
11 9
3 10
5 13

Solution 29: 
1 7
11 4
11 9
3 10
5 13

Solution 30: 
11 4
11 9
2 14
3 10
5 13

Solution 31: 
11 4
11 9
2 10
3 10
5 13

Solution 32: 
11 4
11 9
2 10
3 10
4 13

Solution 33: 
11 4
11 9
2 10
3 10
5 15

Solution 34: 
1 7
11 4
11 9
3 10
5 15

Solution 35: 
1 14
11 4
11 9
3 10
5 15

Solution 36: 
1 14
11 4
11 9
3 10
4 13

Solution 37: 
1 7
11 4
11 9
3 10
4 13

Solution 38: 
11 4
11 9
2 14
3 10
4 13

Solution 39: 
11 4
11 9
2 14
3 10
5 15

Solution 40: 
1 7
11 4
11 9
4 13
7 11

Solution 41: 
11 4
11 9
2 10
4 13
7 11

Solution 42: 
11 4
11 9
2 10
4 12
4 13

Solution 43: 
11 4
11 9
2 10
4 13
7 12

Solution 44: 
11 4
11 9
2 10
4 12
5 13

Solution 45: 
11 4
11 9
2 10
4 12
5 15

Solution 46: 
11 9
12 3
2 10
4 12
5 15

Solution 47: 
11 9
12 3
2 10
4 12
5 13

Solution 48: 
11 9
12 3
2 10
4 12
4 13

Solution 49: 
11 9
12 3
2 10
4 13
7 12

Solution 50: 
11 9
12 3
2 10
4 13
7 11

Solution 51: 
1 7
11 9
12 3
4 13
7 11

Solution 52: 
1 7
12 3
14 11
4 13
7 11

Solution 53: 
1 7
12 3
14 6
4 13
7 11

Solution 54: 
1 7
12 3
13 6
4 13
7 11

Solution 55: 
1 7
12 3
13 6
3 15
7 11

Solution 56: 
1 7
12 3
13 6
3 10
3 15

Solution 57: 
1 7
12 3
13 6
3 10
5 15

Solution 58: 
1 7
12 3
13 6
3 10
5 13

Solution 59: 
1 7
12 3
13 6
3 10
4 13

Solution 60: 
1 7
12 3
14 6
3 10
4 13

Solution 61: 
1 7
12 3
14 11
3 10
4 13

Solution 62: 
1 7
12 3
14 11
3 10
3 15

Solution 63: 
1 7
12 3
14 11
3 10
5 15

Solution 64: 
1 7
12 3
14 11
3 10
5 13

Solution 65: 
1 7
12 3
14 6
3 10
5 13

Solution 66: 
1 7
12 3
14 6
3 10
3 15

Solution 67: 
1 7
12 3
14 6
3 10
5 15

Solution 68: 
1 7
12 3
14 6
3 15
7 11

Solution 69: 
1 7
12 3
14 11
3 15
7 11

Solution 70: 
1 7
11 4
14 11
3 15
7 11

Solution 71: 
1 7
11 4
14 6
3 15
7 11

Solution 72: 
1 7
11 4
13 6
3 15
7 11

Solution 73: 
1 7
11 4
13 6
3 10
3 15

Solution 74: 
1 7
11 4
14 6
3 10
3 15

Solution 75: 
1 7
11 4
14 11
3 10
3 15

Solution 76: 
1 7
11 4
14 11
3 10
5 15

Solution 77: 
1 7
11 4
14 11
3 10
5 13

Solution 78: 
1 7
11 4
14 11
3 10
4 13

Solution 79: 
1 7
11 4
14 6
3 10
4 13

Solution 80: 
1 7
11 4
14 6
3 10
5 15

Solution 81: 
1 7
11 4
14 6
3 10
5 13

Solution 82: 
1 7
11 4
13 6
3 10
5 13

Solution 83: 
1 7
11 4
13 6
3 10
5 15

Solution 84: 
1 7
11 4
13 6
3 10
4 13

Solution 85: 
1 7
11 4
13 6
4 13
7 11

Solution 86: 
1 7
11 4
14 6
4 13
7 11

Solution 87: 
1 7
11 4
14 11
4 13
7 11

Solution 88: 
11 4
14 11
2 10
4 13
7 11

Solution 89: 
12 3
14 11
2 10
4 13
7 11

Solution 90: 
12 3
14 11
2 10
4 13
7 12

Solution 91: 
12 3
14 11
2 10
4 12
4 13

Solution 92: 
11 4
14 11
2 10
4 12
4 13

Solution 93: 
11 4
14 11
2 10
4 13
7 12

Solution 94: 
11 4
14 11
2 10
3 10
4 13

Solution 95: 
11 4
14 11
2 14
3 10
4 13

Solution 96: 
1 14
11 4
14 11
3 10
4 13

Solution 97: 
1 14
12 3
14 11
3 10
4 13

Solution 98: 
12 3
14 11
2 14
3 10
4 13

Solution 99: 
12 3
14 11
2 10
3 10
4 13

Solution 100: 
12 3
14 6
2 10
3 10
4 13

Solution 101: 
12 3
13 6
2 10
3 10
4 13

Solution 102: 
11 4
13 6
2 10
3 10
4 13

Solution 103: 
11 4
14 6
2 10
3 10
4 13

Solution 104: 
11 4
14 6
2 14
3 10
4 13

Solution 105: 
1 14
11 4
14 6
3 10
4 13

Solution 106: 
1 14
11 4
13 6
3 10
4 13

Solution 107: 
11 4
13 6
2 14
3 10
4 13

Solution 108: 
12 3
13 6
2 14
3 10
4 13

Solution 109: 
1 14
12 3
13 6
3 10
4 13

Solution 110: 
1 14
12 3
14 6
3 10
4 13

Solution 111: 
12 3
14 6
2 14
3 10
4 13

Solution 112: 
12 3
14 6
2 10
4 13
7 11

Solution 113: 
12 3
13 6
2 10
4 13
7 11

Solution 114: 
11 4
13 6
2 10
4 13
7 11

Solution 115: 
11 4
14 6
2 10
4 13
7 11

Solution 116: 
11 4
14 6
2 10
3 15
7 11

Solution 117: 
12 3
14 6
2 10
3 15
7 11

Solution 118: 
12 3
14 11
2 10
3 15
7 11

Solution 119: 
11 4
14 11
2 10
3 15
7 11

Solution 120: 
11 4
14 11
2 10
3 15
7 12

Solution 121: 
11 4
14 11
2 10
3 15
4 12

Solution 122: 
11 4
14 11
2 10
4 12
5 13

Solution 123: 
11 4
14 11
2 10
4 12
5 15

Solution 124: 
11 4
13 6
2 10
3 15
7 11

Solution 125: 
12 3
13 6
2 10
3 15
7 11

Solution 126: 
12 3
13 6
2 10
3 10
3 15

Solution 127: 
11 4
13 6
2 10
3 10
3 15

Solution 128: 
1 14
11 4
13 6
3 10
3 15

Solution 129: 
11 4
13 6
2 14
3 10
3 15

Solution 130: 
12 3
13 6
2 14
3 10
3 15

Solution 131: 
1 14
12 3
13 6
3 10
3 15

Solution 132: 
1 14
12 3
14 6
3 10
3 15

Solution 133: 
1 14
11 4
14 6
3 10
3 15

Solution 134: 
1 14
11 4
14 11
3 10
3 15

Solution 135: 
1 14
12 3
14 11
3 10
3 15

Solution 136: 
12 3
14 11
2 14
3 10
3 15

Solution 137: 
12 3
14 11
2 10
3 10
3 15

Solution 138: 
12 3
14 6
2 10
3 10
3 15

Solution 139: 
12 3
14 6
2 14
3 10
3 15

Solution 140: 
11 4
14 6
2 14
3 10
3 15

Solution 141: 
11 4
14 6
2 10
3 10
3 15

Solution 142: 
11 4
14 11
2 10
3 10
3 15

Solution 143: 
11 4
14 11
2 14
3 10
3 15

Solution 144: 
12 3
14 11
2 10
3 15
7 12

Solution 145: 
12 3
14 11
2 10
3 15
4 12

Solution 146: 
12 3
14 11
2 10
4 12
5 15

Solution 147: 
12 3
14 11
2 10
4 12
5 13

Solution 148: 
12 3
14 11
2 10
3 10
5 13

Solution 149: 
12 3
13 6
2 10
3 10
5 13

Solution 150: 
12 3
14 6
2 10
3 10
5 13

Solution 151: 
12 3
14 6
2 10
3 10
5 15

Solution 152: 
12 3
14 11
2 10
3 10
5 15

Solution 153: 
12 3
13 6
2 10
3 10
5 15

Solution 154: 
11 4
13 6
2 10
3 10
5 15

Solution 155: 
11 4
14 11
2 10
3 10
5 15

Solution 156: 
11 4
14 6
2 10
3 10
5 15

Solution 157: 
11 4
14 6
2 10
3 10
5 13

Solution 158: 
11 4
14 11
2 10
3 10
5 13

Solution 159: 
11 4
13 6
2 10
3 10
5 13

Solution 160: 
1 14
11 4
13 6
3 10
5 13

Solution 161: 
11 4
13 6
2 14
3 10
5 13

Solution 162: 
12 3
13 6
2 14
3 10
5 13

Solution 163: 
1 14
12 3
13 6
3 10
5 13

Solution 164: 
1 14
12 3
13 6
3 10
5 15

Solution 165: 
1 14
11 4
13 6
3 10
5 15

Solution 166: 
11 4
13 6
2 14
3 10
5 15

Solution 167: 
12 3
13 6
2 14
3 10
5 15

Solution 168: 
12 3
14 6
2 14
3 10
5 15

Solution 169: 
11 4
14 6
2 14
3 10
5 15

Solution 170: 
11 4
14 11
2 14
3 10
5 15

Solution 171: 
12 3
14 11
2 14
3 10
5 15

Solution 172: 
1 14
12 3
14 11
3 10
5 15

Solution 173: 
1 14
11 4
14 11
3 10
5 15

Solution 174: 
1 14
11 4
14 6
3 10
5 15

Solution 175: 
1 14
12 3
14 6
3 10
5 15

Solution 176: 
1 14
12 3
14 6
3 10
5 13

Solution 177: 
1 14
12 3
14 11
3 10
5 13

Solution 178: 
12 3
14 11
2 14
3 10
5 13

Solution 179: 
12 3
14 6
2 14
3 10
5 13

Solution 180: 
11 4
14 6
2 14
3 10
5 13

Solution 181: 
11 4
14 11
2 14
3 10
5 13

Solution 182: 
1 14
11 4
14 11
3 10
5 13

Solution 183: 
1 14
11 4
14 6
3 10
5 13

Number of solutions found: 184

Changes at vertices: 
9 3 -> 9 2
New Vertex: 12 3
----------------------------------
Removal 2: 
Solution 0: 
1 14
11 4
11 9
3 10
3 15

Solution 1: 
11 4
11 9
2 10
3 10
3 15

Solution 2: 
11 4
11 9
2 14
3 10
3 15

Solution 3: 
11 4
11 9
2 10
3 15
4 12

Solution 4: 
11 4
11 9
2 10
3 15
7 11

Solution 5: 
11 4
11 9
2 10
3 15
7 12

Solution 6: 
11 9
15 3
2 10
3 15
7 12

Solution 7: 
11 9
15 3
2 10
3 15
4 12

Solution 8: 
11 9
15 3
2 10
3 15
7 11

Solution 9: 
11 9
15 3
2 10
3 10
3 15

Solution 10: 
1 14
11 9
15 3
3 10
3 15

Solution 11: 
11 9
15 3
2 14
3 10
3 15

Solution 12: 
1 7
11 9
15 3
3 10
3 15

Solution 13: 
1 7
11 4
11 9
3 10
3 15

Solution 14: 
1 7
11 4
11 9
3 15
7 11

Solution 15: 
1 7
11 9
15 3
3 15
7 11

Solution 16: 
1 7
11 9
15 3
4 13
7 11

Solution 17: 
1 7
11 4
11 9
4 13
7 11

Solution 18: 
1 7
11 4
11 9
3 10
4 13

Solution 19: 
1 7
11 4
11 9
3 10
5 15

Solution 20: 
1 7
11 4
11 9
3 10
5 13

Solution 21: 
1 7
11 9
15 3
3 10
5 13

Solution 22: 
1 7
11 9
15 3
3 10
5 15

Solution 23: 
1 7
11 9
15 3
3 10
4 13

Solution 24: 
1 14
11 9
15 3
3 10
4 13

Solution 25: 
11 9
15 3
2 14
3 10
4 13

Solution 26: 
11 9
15 3
2 10
3 10
4 13

Solution 27: 
11 9
15 3
2 10
3 10
5 13

Solution 28: 
11 9
15 3
2 10
3 10
5 15

Solution 29: 
11 9
15 3
2 14
3 10
5 15

Solution 30: 
1 14
11 9
15 3
3 10
5 15

Solution 31: 
1 14
11 9
15 3
3 10
5 13

Solution 32: 
11 9
15 3
2 14
3 10
5 13

Solution 33: 
11 4
11 9
2 14
3 10
5 13

Solution 34: 
11 4
11 9
2 10
3 10
5 13

Solution 35: 
1 14
11 4
11 9
3 10
5 13

Solution 36: 
1 14
11 4
11 9
3 10
4 13

Solution 37: 
1 14
11 4
11 9
3 10
5 15

Solution 38: 
11 4
11 9
2 14
3 10
5 15

Solution 39: 
11 4
11 9
2 10
3 10
5 15

Solution 40: 
11 4
11 9
2 10
3 10
4 13

Solution 41: 
11 4
11 9
2 14
3 10
4 13

Solution 42: 
11 4
11 9
2 10
4 13
7 12

Solution 43: 
11 4
11 9
2 10
4 13
7 11

Solution 44: 
11 4
11 9
2 10
4 12
4 13

Solution 45: 
11 4
11 9
2 10
4 12
5 13

Solution 46: 
11 4
11 9
2 10
4 12
5 15

Solution 47: 
11 9
15 3
2 10
4 12
5 15

Solution 48: 
11 9
15 3
2 10
4 12
5 13

Solution 49: 
11 9
15 3
2 10
4 12
4 13

Solution 50: 
11 9
15 3
2 10
4 13
7 12

Solution 51: 
11 9
15 3
2 10
4 13
7 11

Solution 52: 
13 6
15 3
2 10
4 13
7 11

Solution 53: 
11 4
13 6
2 10
4 13
7 11

Solution 54: 
11 4
14 11
2 10
4 13
7 11

Solution 55: 
11 4
14 6
2 10
4 13
7 11

Solution 56: 
11 4
14 11
2 10
4 13
7 12

Solution 57: 
11 4
14 11
2 10
4 12
4 13

Solution 58: 
11 4
14 11
2 10
3 10
4 13

Solution 59: 
11 4
14 6
2 10
3 10
4 13

Solution 60: 
11 4
13 6
2 10
3 10
4 13

Solution 61: 
13 6
15 3
2 10
3 10
4 13

Solution 62: 
13 6
15 3
2 10
3 10
3 15

Solution 63: 
13 6
15 3
2 10
3 10
5 15

Solution 64: 
13 6
15 3
2 10
3 10
5 13

Solution 65: 
11 4
13 6
2 10
3 10
5 13

Solution 66: 
11 4
13 6
2 10
3 10
3 15

Solution 67: 
11 4
13 6
2 10
3 10
5 15

Solution 68: 
11 4
14 6
2 10
3 10
5 15

Solution 69: 
11 4
14 11
2 10
3 10
5 15

Solution 70: 
11 4
14 11
2 10
3 10
5 13

Solution 71: 
11 4
14 11
2 10
3 10
3 15

Solution 72: 
11 4
14 6
2 10
3 10
3 15

Solution 73: 
11 4
14 6
2 10
3 10
5 13

Solution 74: 
11 4
14 6
2 10
3 15
7 11

Solution 75: 
11 4
13 6
2 10
3 15
7 11

Solution 76: 
13 6
15 3
2 10
3 15
7 11

Solution 77: 
11 4
14 11
2 10
3 15
7 11

Solution 78: 
11 4
14 11
2 10
3 15
7 12

Solution 79: 
11 4
14 11
2 10
3 15
4 12

Solution 80: 
11 4
14 11
2 10
4 12
5 13

Solution 81: 
11 4
14 11
2 10
4 12
5 15

Solution 82: 
1 14
11 4
14 11
3 10
5 15

Solution 83: 
1 14
11 4
14 11
3 10
5 13

Solution 84: 
1 14
11 4
14 6
3 10
5 13

Solution 85: 
1 14
11 4
14 6
3 10
5 15

Solution 86: 
1 14
11 4
14 6
3 10
4 13

Solution 87: 
1 14
11 4
14 11
3 10
4 13

Solution 88: 
1 14
11 4
13 6
3 10
4 13

Solution 89: 
1 14
11 4
13 6
3 10
5 13

Solution 90: 
1 14
11 4
13 6
3 10
3 15

Solution 91: 
1 14
11 4
13 6
3 10
5 15

Solution 92: 
1 14
11 4
14 6
3 10
3 15

Solution 93: 
1 14
11 4
14 11
3 10
3 15

Solution 94: 
11 4
14 11
2 14
3 10
3 15

Solution 95: 
11 4
13 6
2 14
3 10
3 15

Solution 96: 
11 4
14 6
2 14
3 10
3 15

Solution 97: 
11 4
14 6
2 14
3 10
5 13

Solution 98: 
11 4
14 6
2 14
3 10
5 15

Solution 99: 
11 4
13 6
2 14
3 10
5 15

Solution 100: 
11 4
14 11
2 14
3 10
5 15

Solution 101: 
11 4
14 11
2 14
3 10
5 13

Solution 102: 
11 4
13 6
2 14
3 10
5 13

Solution 103: 
1 7
11 4
13 6
3 10
5 13

Solution 104: 
1 7
11 4
13 6
3 10
5 15

Solution 105: 
1 7
11 4
13 6
3 10
3 15

Solution 106: 
1 7
11 4
13 6
3 10
4 13

Solution 107: 
11 4
13 6
2 14
3 10
4 13

Solution 108: 
11 4
14 11
2 14
3 10
4 13

Solution 109: 
11 4
14 6
2 14
3 10
4 13

Solution 110: 
1 7
11 4
14 6
3 10
4 13

Solution 111: 
1 7
11 4
14 6
3 10
5 15

Solution 112: 
1 7
11 4
14 6
3 10
5 13

Solution 113: 
1 7
11 4
14 6
3 10
3 15

Solution 114: 
1 7
11 4
14 11
3 10
3 15

Solution 115: 
1 7
11 4
14 11
3 10
5 15

Solution 116: 
1 7
11 4
14 11
3 10
5 13

Solution 117: 
1 7
11 4
14 11
3 10
4 13

Solution 118: 
1 7
11 4
14 11
4 13
7 11

Solution 119: 
1 7
11 4
13 6
4 13
7 11

Solution 120: 
1 7
11 4
14 6
4 13
7 11

Solution 121: 
1 7
11 4
14 6
3 15
7 11

Solution 122: 
1 7
11 4
13 6
3 15
7 11

Solution 123: 
1 7
11 4
14 11
3 15
7 11

Solution 124: 
1 7
13 6
15 3
3 15
7 11

Solution 125: 
1 7
13 6
15 3
4 13
7 11

Solution 126: 
1 7
13 6
15 3
3 10
4 13

Solution 127: 
1 7
13 6
15 3
3 10
5 15

Solution 128: 
1 7
13 6
15 3
3 10
5 13

Solution 129: 
1 7
13 6
15 3
3 10
3 15

Solution 130: 
1 14
13 6
15 3
3 10
3 15

Solution 131: 
13 6
15 3
2 14
3 10
3 15

Solution 132: 
13 6
15 3
2 14
3 10
5 13

Solution 133: 
13 6
15 3
2 14
3 10
5 15

Solution 134: 
13 6
15 3
2 14
3 10
4 13

Solution 135: 
1 14
13 6
15 3
3 10
4 13

Solution 136: 
1 14
13 6
15 3
3 10
5 13

Solution 137: 
1 14
13 6
15 3
3 10
5 15

Number of solutions found: 138

Changes at vertices: 
Change visibility: 11 4
15 4 -> 15 3
----------------------------------
Removal 3: 
Solution 0: 
1 14
11 4
11 9
3 10
3 15

Solution 1: 
11 4
11 9
2 10
3 10
3 15

Solution 2: 
11 4
11 9
2 14
3 10
3 15

Solution 3: 
11 4
11 9
2 10
3 15
4 12

Solution 4: 
11 4
11 9
2 10
3 15
7 11

Solution 5: 
11 4
11 9
2 10
3 15
7 12

Solution 6: 
11 4
11 9
2 10
4 13
7 12

Solution 7: 
11 4
11 9
2 10
4 13
7 11

Solution 8: 
11 4
11 9
2 10
4 12
4 13

Solution 9: 
1 7
11 4
11 9
4 13
7 11

Solution 10: 
1 7
11 4
11 9
3 15
7 11

Solution 11: 
1 7
11 4
11 9
3 10
3 15

Solution 12: 
1 7
11 4
11 9
3 10
5 15

Solution 13: 
1 7
11 4
11 9
3 10
4 13

Solution 14: 
1 7
11 4
11 9
3 10
5 13

Solution 15: 
1 14
11 4
11 9
3 10
5 13

Solution 16: 
11 4
11 9
2 14
3 10
5 13

Solution 17: 
11 4
11 9
2 10
3 10
5 13

Solution 18: 
11 4
11 9
2 10
3 10
5 15

Solution 19: 
11 4
11 9
2 10
3 10
4 13

Solution 20: 
11 4
11 9
2 14
3 10
4 13

Solution 21: 
11 4
11 9
2 14
3 10
5 15

Solution 22: 
1 14
11 4
11 9
3 10
5 15

Solution 23: 
1 14
11 4
11 9
3 10
4 13

Solution 24: 
11 4
11 9
2 10
4 12
5 13

Solution 25: 
11 4
11 9
2 10
4 12
5 15

Solution 26: 
11 9
15 4
2 10
4 12
5 15

Solution 27: 
11 9
13 5
2 10
4 12
5 15

Solution 28: 
11 9
15 5
2 10
4 12
5 15

Solution 29: 
11 9
15 5
2 10
3 15
4 12

Solution 30: 
11 9
15 5
2 10
4 12
5 13

Solution 31: 
11 9
15 5
2 10
4 12
4 13

Solution 32: 
11 9
15 4
2 10
4 12
4 13

Solution 33: 
11 9
13 5
2 10
4 12
4 13

Solution 34: 
11 9
13 5
2 10
3 15
4 12

Solution 35: 
11 9
13 5
2 10
4 12
5 13

Solution 36: 
11 9
15 4
2 10
4 12
5 13

Solution 37: 
11 9
15 4
2 10
3 15
4 12

Solution 38: 
11 9
15 4
2 10
3 15
7 12

Solution 39: 
11 9
15 4
2 10
3 10
3 15

Solution 40: 
11 9
15 4
2 10
3 10
5 13

Solution 41: 
11 9
15 4
2 10
3 10
4 13

Solution 42: 
11 9
15 4
2 10
3 10
5 15

Solution 43: 
11 9
15 4
2 10
4 13
7 12

Solution 44: 
11 9
13 5
2 10
4 13
7 12

Solution 45: 
11 9
15 5
2 10
4 13
7 12

Solution 46: 
11 9
15 5
2 10
3 10
4 13

Solution 47: 
11 9
13 5
2 10
3 10
4 13

Solution 48: 
11 9
13 5
2 10
3 10
5 15

Solution 49: 
11 9
15 5
2 10
3 10
5 15

Solution 50: 
11 9
15 5
2 10
3 10
3 15

Solution 51: 
11 9
13 5
2 10
3 10
3 15

Solution 52: 
11 9
13 5
2 10
3 15
7 12

Solution 53: 
11 9
15 5
2 10
3 15
7 12

Solution 54: 
11 9
15 5
2 10
3 15
7 11

Solution 55: 
11 9
13 5
2 10
3 15
7 11

Solution 56: 
11 9
15 4
2 10
3 15
7 11

Solution 57: 
11 9
15 4
2 10
4 13
7 11

Solution 58: 
11 9
13 5
2 10
4 13
7 11

Solution 59: 
11 9
15 5
2 10
4 13
7 11

Solution 60: 
11 9
15 5
2 10
3 10
5 13

Solution 61: 
11 9
13 5
2 10
3 10
5 13

Solution 62: 
11 9
13 5
2 14
3 10
5 13

Solution 63: 
1 7
11 9
13 5
3 10
5 13

Solution 64: 
1 14
11 9
13 5
3 10
5 13

Solution 65: 
1 14
11 9
15 4
3 10
5 13

Solution 66: 
1 14
11 9
15 5
3 10
5 13

Solution 67: 
1 7
11 9
15 5
3 10
5 13

Solution 68: 
11 9
15 5
2 14
3 10
5 13

Solution 69: 
11 9
15 4
2 14
3 10
5 13

Solution 70: 
1 7
11 9
15 4
3 10
5 13

Solution 71: 
1 7
11 9
15 4
3 10
5 15

Solution 72: 
1 7
11 9
15 4
3 10
3 15

Solution 73: 
1 7
11 9
13 5
3 10
3 15

Solution 74: 
1 7
11 9
13 5
3 10
5 15

Solution 75: 
1 7
11 9
15 5
3 10
5 15

Solution 76: 
1 7
11 9
15 5
3 10
3 15

Solution 77: 
1 14
11 9
15 5
3 10
3 15

Solution 78: 
1 14
11 9
15 5
3 10
5 15

Solution 79: 
11 9
15 5
2 14
3 10
5 15

Solution 80: 
11 9
15 5
2 14
3 10
3 15

Solution 81: 
11 9
15 4
2 14
3 10
3 15

Solution 82: 
11 9
13 5
2 14
3 10
3 15

Solution 83: 
11 9
13 5
2 14
3 10
5 15

Solution 84: 
11 9
15 4
2 14
3 10
5 15

Solution 85: 
11 9
15 4
2 14
3 10
4 13

Solution 86: 
11 9
13 5
2 14
3 10
4 13

Solution 87: 
1 14
11 9
13 5
3 10
4 13

Solution 88: 
1 14
11 9
13 5
3 10
5 15

Solution 89: 
1 14
11 9
13 5
3 10
3 15

Solution 90: 
1 14
11 9
15 4
3 10
3 15

Solution 91: 
1 14
11 9
15 4
3 10
5 15

Solution 92: 
1 14
11 9
15 4
3 10
4 13

Solution 93: 
1 7
11 9
15 4
3 10
4 13

Solution 94: 
1 7
11 9
13 5
3 10
4 13

Solution 95: 
1 7
11 9
15 5
3 10
4 13

Solution 96: 
1 14
11 9
15 5
3 10
4 13

Solution 97: 
11 9
15 5
2 14
3 10
4 13

Solution 98: 
1 7
11 9
15 5
4 13
7 11

Solution 99: 
1 7
11 9
15 5
3 15
7 11

Solution 100: 
1 7
11 9
15 4
3 15
7 11

Solution 101: 
1 7
11 9
13 5
3 15
7 11

Solution 102: 
1 7
11 9
13 5
4 13
7 11

Solution 103: 
1 7
11 9
15 4
4 13
7 11

Solution 104: 
1 7
13 6
15 4
4 13
7 11

Solution 105: 
1 7
13 6
15 4
3 10
4 13

Solution 106: 
1 7
13 6
15 5
3 10
4 13

Solution 107: 
1 7
11 4
13 6
3 10
4 13

Solution 108: 
1 7
13 5
13 6
3 10
4 13

Solution 109: 
1 7
13 5
13 6
4 13
7 11

Solution 110: 
1 7
13 6
15 5
4 13
7 11

Solution 111: 
1 7
11 4
13 6
4 13
7 11

Solution 112: 
1 7
11 4
14 6
4 13
7 11

Solution 113: 
1 7
13 5
14 6
4 13
7 11

Solution 114: 
1 7
13 5
14 11
4 13
7 11

Solution 115: 
1 7
11 4
14 11
4 13
7 11

Solution 116: 
1 7
11 4
14 11
3 10
4 13

Solution 117: 
1 7
11 4
14 6
3 10
4 13

Solution 118: 
1 7
13 5
14 6
3 10
4 13

Solution 119: 
1 7
13 5
14 11
3 10
4 13

Solution 120: 
1 14
13 5
14 11
3 10
4 13

Solution 121: 
13 5
14 11
2 14
3 10
4 13

Solution 122: 
11 4
14 11
2 14
3 10
4 13

Solution 123: 
1 14
11 4
14 11
3 10
4 13

Solution 124: 
11 4
14 11
2 10
3 10
4 13

Solution 125: 
13 5
14 11
2 10
3 10
4 13

Solution 126: 
13 5
14 11
2 10
4 12
4 13

Solution 127: 
13 5
14 11
2 10
4 13
7 12

Solution 128: 
13 5
14 11
2 10
4 13
7 11

Solution 129: 
11 4
14 11
2 10
4 13
7 11

Solution 130: 
11 4
14 11
2 10
4 12
4 13

Solution 131: 
11 4
14 11
2 10
4 13
7 12

Solution 132: 
11 4
14 6
2 10
3 10
4 13

Solution 133: 
11 4
13 6
2 10
3 10
4 13

Solution 134: 
1 14
11 4
13 6
3 10
4 13

Solution 135: 
11 4
13 6
2 14
3 10
4 13

Solution 136: 
11 4
14 6
2 14
3 10
4 13

Solution 137: 
1 14
11 4
14 6
3 10
4 13

Solution 138: 
11 4
14 6
2 10
4 13
7 11

Solution 139: 
11 4
13 6
2 10
4 13
7 11

Solution 140: 
13 6
15 4
2 10
4 13
7 11

Solution 141: 
13 6
15 5
2 10
4 13
7 11

Solution 142: 
13 5
13 6
2 10
4 13
7 11

Solution 143: 
13 5
14 6
2 10
4 13
7 11

Solution 144: 
13 5
14 6
2 10
3 10
4 13

Solution 145: 
1 14
13 5
14 6
3 10
4 13

Solution 146: 
13 5
14 6
2 14
3 10
4 13

Solution 147: 
13 5
13 6
2 14
3 10
4 13

Solution 148: 
1 14
13 5
13 6
3 10
4 13

Solution 149: 
13 5
13 6
2 10
3 10
4 13

Solution 150: 
13 6
15 5
2 10
3 10
4 13

Solution 151: 
13 6
15 4
2 10
3 10
4 13

Solution 152: 
13 6
15 4
2 14
3 10
4 13

Solution 153: 
13 6
15 5
2 14
3 10
4 13

Solution 154: 
1 14
13 6
15 5
3 10
4 13

Solution 155: 
1 14
13 6
15 4
3 10
4 13

Solution 156: 
1 14
13 6
15 4
3 10
5 13

Solution 157: 
1 14
13 6
15 4
3 10
5 15

Solution 158: 
1 14
13 6
15 4
3 10
3 15

Solution 159: 
1 7
13 6
15 4
3 10
3 15

Solution 160: 
13 6
15 4
2 10
3 10
3 15

Solution 161: 
13 6
15 4
2 10
3 10
5 13

Solution 162: 
1 7
13 6
15 4
3 10
5 13

Solution 163: 
1 7
13 6
15 4
3 10
5 15

Solution 164: 
13 6
15 4
2 10
3 10
5 15

Solution 165: 
13 6
15 4
2 14
3 10
5 15

Solution 166: 
13 6
15 4
2 14
3 10
5 13

Solution 167: 
13 6
15 4
2 14
3 10
3 15

Solution 168: 
11 4
13 6
2 14
3 10
3 15

Solution 169: 
13 6
15 5
2 14
3 10
3 15

Solution 170: 
13 5
13 6
2 14
3 10
3 15

Solution 171: 
13 5
13 6
2 14
3 10
5 13

Solution 172: 
13 5
13 6
2 14
3 10
5 15

Solution 173: 
13 6
15 5
2 14
3 10
5 15

Solution 174: 
13 6
15 5
2 14
3 10
5 13

Solution 175: 
11 4
13 6
2 14
3 10
5 13

Solution 176: 
11 4
13 6
2 14
3 10
5 15

Solution 177: 
11 4
13 6
2 10
3 10
5 15

Solution 178: 
1 14
11 4
13 6
3 10
5 15

Solution 179: 
1 7
11 4
13 6
3 10
5 15

Solution 180: 
1 7
11 4
13 6
3 10
5 13

Solution 181: 
1 7
11 4
13 6
3 10
3 15

Solution 182: 
11 4
13 6
2 10
3 10
3 15

Solution 183: 
1 14
11 4
13 6
3 10
3 15

Solution 184: 
1 14
11 4
13 6
3 10
5 13

Solution 185: 
11 4
13 6
2 10
3 10
5 13

Solution 186: 
13 6
15 5
2 10
3 10
5 13

Solution 187: 
13 5
13 6
2 10
3 10
5 13

Solution 188: 
1 14
13 5
13 6
3 10
5 13

Solution 189: 
1 14
13 6
15 5
3 10
5 13

Solution 190: 
1 14
13 6
15 5
3 10
5 15

Solution 191: 
1 14
13 5
13 6
3 10
5 15

Solution 192: 
1 14
13 5
13 6
3 10
3 15

Solution 193: 
1 14
13 6
15 5
3 10
3 15

Solution 194: 
13 6
15 5
2 10
3 10
3 15

Solution 195: 
13 5
13 6
2 10
3 10
3 15

Solution 196: 
1 7
13 5
13 6
3 10
3 15

Solution 197: 
1 7
13 6
15 5
3 10
3 15

Solution 198: 
1 7
13 6
15 5
3 10
5 13

Solution 199: 
1 7
13 5
13 6
3 10
5 13

Solution 200: 
1 7
13 5
13 6
3 10
5 15

Solution 201: 
1 7
13 6
15 5
3 10
5 15

Solution 202: 
13 6
15 5
2 10
3 10
5 15

Solution 203: 
13 5
13 6
2 10
3 10
5 15

Solution 204: 
13 5
13 6
2 10
3 15
7 11

Solution 205: 
13 6
15 4
2 10
3 15
7 11

Solution 206: 
11 4
13 6
2 10
3 15
7 11

Solution 207: 
13 6
15 5
2 10
3 15
7 11

Solution 208: 
1 7
13 6
15 5
3 15
7 11

Solution 209: 
1 7
13 5
13 6
3 15
7 11

Solution 210: 
1 7
13 6
15 4
3 15
7 11

Solution 211: 
1 7
11 4
13 6
3 15
7 11

Solution 212: 
1 7
11 4
14 6
3 15
7 11

Solution 213: 
1 7
13 5
14 6
3 15
7 11

Solution 214: 
1 7
13 5
14 11
3 15
7 11

Solution 215: 
1 7
11 4
14 11
3 15
7 11

Solution 216: 
1 7
11 4
14 11
3 10
3 15

Solution 217: 
1 7
13 5
14 11
3 10
3 15

Solution 218: 
1 7
13 5
14 6
3 10
3 15

Solution 219: 
1 7
11 4
14 6
3 10
3 15

Solution 220: 
11 4
14 6
2 14
3 10
3 15

Solution 221: 
1 14
11 4
14 6
3 10
3 15

Solution 222: 
11 4
14 6
2 10
3 10
3 15

Solution 223: 
11 4
14 11
2 10
3 10
3 15

Solution 224: 
1 14
11 4
14 11
3 10
3 15

Solution 225: 
11 4
14 11
2 14
3 10
3 15

Solution 226: 
11 4
14 11
2 10
3 15
7 11

Solution 227: 
11 4
14 11
2 10
3 15
7 12

Solution 228: 
11 4
14 11
2 10
3 15
4 12

Solution 229: 
11 4
14 6
2 10
3 15
7 11

Solution 230: 
13 5
14 6
2 10
3 15
7 11

Solution 231: 
13 5
14 11
2 10
3 15
7 11

Solution 232: 
13 5
14 11
2 10
3 15
7 12

Solution 233: 
13 5
14 11
2 10
3 15
4 12

Solution 234: 
13 5
14 11
2 10
3 10
3 15

Solution 235: 
13 5
14 6
2 10
3 10
3 15

Solution 236: 
1 14
13 5
14 6
3 10
3 15

Solution 237: 
13 5
14 6
2 14
3 10
3 15

Solution 238: 
13 5
14 11
2 14
3 10
3 15

Solution 239: 
1 14
13 5
14 11
3 10
3 15

Solution 240: 
1 14
13 5
14 11
3 10
5 15

Solution 241: 
1 14
13 5
14 11
3 10
5 13

Solution 242: 
1 14
13 5
14 6
3 10
5 13

Solution 243: 
1 14
13 5
14 6
3 10
5 15

Solution 244: 
13 5
14 6
2 14
3 10
5 15

Solution 245: 
1 7
13 5
14 6
3 10
5 15

Solution 246: 
13 5
14 6
2 10
3 10
5 15

Solution 247: 
13 5
14 6
2 10
3 10
5 13

Solution 248: 
13 5
14 11
2 10
3 10
5 13

Solution 249: 
13 5
14 11
2 14
3 10
5 13

Solution 250: 
1 7
13 5
14 11
3 10
5 13

Solution 251: 
1 7
13 5
14 6
3 10
5 13

Solution 252: 
13 5
14 6
2 14
3 10
5 13

Solution 253: 
13 5
14 11
2 10
4 12
5 13

Solution 254: 
13 5
14 11
2 10
4 12
5 15

Solution 255: 
13 5
14 11
2 10
3 10
5 15

Solution 256: 
13 5
14 11
2 14
3 10
5 15

Solution 257: 
1 7
13 5
14 11
3 10
5 15

Solution 258: 
1 7
11 4
14 11
3 10
5 15

Solution 259: 
11 4
14 11
2 14
3 10
5 15

Solution 260: 
1 14
11 4
14 11
3 10
5 15

Solution 261: 
1 14
11 4
14 6
3 10
5 15

Solution 262: 
11 4
14 6
2 14
3 10
5 15

Solution 263: 
1 7
11 4
14 6
3 10
5 15

Solution 264: 
1 7
11 4
14 6
3 10
5 13

Solution 265: 
11 4
14 6
2 14
3 10
5 13

Solution 266: 
1 14
11 4
14 6
3 10
5 13

Solution 267: 
1 14
11 4
14 11
3 10
5 13

Solution 268: 
11 4
14 11
2 14
3 10
5 13

Solution 269: 
1 7
11 4
14 11
3 10
5 13

Solution 270: 
11 4
14 11
2 10
3 10
5 13

Solution 271: 
11 4
14 11
2 10
4 12
5 13

Solution 272: 
11 4
14 6
2 10
3 10
5 13

Solution 273: 
11 4
14 6
2 10
3 10
5 15

Solution 274: 
11 4
14 11
2 10
3 10
5 15

Solution 275: 
11 4
14 11
2 10
4 12
5 15

Number of solutions found: 276

Changes at vertices: 
11 5 -> 11 4
Change visibility: 13 5
----------------------------------
Removal 4: 
Solution 0: 
1 14
11 9
3 10
3 15

Solution 1: 
11 9
2 10
3 10
3 15

Solution 2: 
11 9
2 14
3 10
3 15

Solution 3: 
11 9
2 10
3 15
4 12

Solution 4: 
11 9
2 10
3 15
7 12

Solution 5: 
11 9
2 10
3 15
7 11

Solution 6: 
11 9
2 10
4 13
7 11

Solution 7: 
11 9
2 10
4 13
7 12

Solution 8: 
11 9
2 10
4 12
4 13

Solution 9: 
11 9
2 10
4 12
5 13

Solution 10: 
11 9
2 10
4 12
5 15

Solution 11: 
11 9
2 10
3 10
5 15

Solution 12: 
11 9
2 10
3 10
5 13

Solution 13: 
11 9
2 10
3 10
4 13

Solution 14: 
1 14
11 9
3 10
4 13

Solution 15: 
11 9
2 14
3 10
4 13

Solution 16: 
1 7
11 9
3 10
4 13

Solution 17: 
1 7
11 9
3 10
3 15

Solution 18: 
1 7
11 9
3 10
5 15

Solution 19: 
1 7
11 9
3 10
5 13

Solution 20: 
11 9
2 14
3 10
5 13

Solution 21: 
1 14
11 9
3 10
5 13

Solution 22: 
1 14
11 9
3 10
5 15

Solution 23: 
11 9
2 14
3 10
5 15

Solution 24: 
1 7
11 9
3 15
7 11

Solution 25: 
1 7
11 9
4 13
7 11

Solution 26: 
1 7
13 6
4 13
7 11

Solution 27: 
1 7
13 6
3 10
4 13

Solution 28: 
1 7
13 6
3 10
5 15

Solution 29: 
1 7
13 6
3 10
5 13

Solution 30: 
1 7
13 6
3 10
3 15

Solution 31: 
1 7
13 6
3 15
7 11

Solution 32: 
13 6
2 10
3 15
7 11

Solution 33: 
13 6
2 10
4 13
7 11

Solution 34: 
13 6
2 10
3 10
4 13

Solution 35: 
13 6
2 10
3 10
5 15

Solution 36: 
13 6
2 10
3 10
5 13

Solution 37: 
13 6
2 10
3 10
3 15

Solution 38: 
1 14
13 6
3 10
3 15

Solution 39: 
13 6
2 14
3 10
3 15

Solution 40: 
13 6
2 14
3 10
5 15

Solution 41: 
13 6
2 14
3 10
5 13

Solution 42: 
1 14
13 6
3 10
5 13

Solution 43: 
1 14
13 6
3 10
5 15

Solution 44: 
1 14
13 6
3 10
4 13

Solution 45: 
13 6
2 14
3 10
4 13

Number of solutions found: 46

Changes at vertices: 
11 6 -> 11 5
New Vertex: 13 6
----------------------------------
Removal 5: 
Solution 0: 
1 14
11 9
3 10
3 15

Solution 1: 
11 9
2 10
3 10
3 15

Solution 2: 
11 9
2 14
3 10
3 15

Solution 3: 
11 9
2 10
3 15
4 12

Solution 4: 
11 9
2 10
3 15
7 11

Solution 5: 
11 9
2 10
3 15
7 12

Solution 6: 
11 9
2 10
4 13
7 12

Solution 7: 
11 9
2 10
4 13
7 11

Solution 8: 
11 9
2 10
4 12
4 13

Solution 9: 
11 9
2 10
4 12
5 13

Solution 10: 
11 9
2 10
4 12
5 15

Solution 11: 
11 9
2 10
3 10
5 15

Solution 12: 
11 9
2 10
3 10
4 13

Solution 13: 
11 9
2 10
3 10
5 13

Solution 14: 
1 14
11 9
3 10
5 13

Solution 15: 
11 9
2 14
3 10
5 13

Solution 16: 
1 7
11 9
3 10
5 13

Solution 17: 
1 7
11 9
3 10
3 15

Solution 18: 
1 7
11 9
3 10
5 15

Solution 19: 
1 7
11 9
3 10
4 13

Solution 20: 
1 14
11 9
3 10
4 13

Solution 21: 
11 9
2 14
3 10
4 13

Solution 22: 
11 9
2 14
3 10
5 15

Solution 23: 
1 14
11 9
3 10
5 15

Solution 24: 
1 7
11 9
3 15
7 11

Solution 25: 
1 7
11 9
4 13
7 11

Solution 26: 
1 7
14 6
4 13
7 11

Solution 27: 
1 7
14 11
4 13
7 11

Solution 28: 
1 7
11 6
4 13
7 11

Solution 29: 
1 7
11 6
3 10
4 13

Solution 30: 
1 7
14 6
3 10
4 13

Solution 31: 
1 7
14 11
3 10
4 13

Solution 32: 
1 7
14 11
3 10
5 15

Solution 33: 
1 7
14 11
3 10
5 13

Solution 34: 
1 7
14 11
3 10
3 15

Solution 35: 
1 7
11 6
3 10
3 15

Solution 36: 
1 7
14 6
3 10
3 15

Solution 37: 
1 7
14 6
3 10
5 13

Solution 38: 
1 7
14 6
3 10
5 15

Solution 39: 
1 7
11 6
3 10
5 15

Solution 40: 
1 7
11 6
3 10
5 13

Solution 41: 
1 7
11 6
3 15
7 11

Solution 42: 
1 7
14 6
3 15
7 11

Solution 43: 
1 7
14 11
3 15
7 11

Solution 44: 
14 11
2 10
3 15
7 11

Solution 45: 
14 11
2 10
4 13
7 11

Solution 46: 
14 11
2 10
4 13
7 12

Solution 47: 
14 11
2 10
4 12
4 13

Solution 48: 
14 11
2 10
4 12
5 13

Solution 49: 
14 11
2 10
4 12
5 15

Solution 50: 
14 11
2 10
3 15
4 12

Solution 51: 
14 11
2 10
3 15
7 12

Solution 52: 
14 11
2 10
3 10
3 15

Solution 53: 
14 11
2 10
3 10
5 13

Solution 54: 
14 11
2 10
3 10
5 15

Solution 55: 
14 11
2 10
3 10
4 13

Solution 56: 
14 11
2 14
3 10
4 13

Solution 57: 
1 14
14 11
3 10
4 13

Solution 58: 
1 14
14 11
3 10
5 13

Solution 59: 
1 14
14 11
3 10
3 15

Solution 60: 
1 14
14 11
3 10
5 15

Solution 61: 
14 11
2 14
3 10
5 15

Solution 62: 
14 11
2 14
3 10
5 13

Solution 63: 
14 11
2 14
3 10
3 15

Solution 64: 
14 6
2 14
3 10
3 15

Solution 65: 
11 6
2 14
3 10
3 15

Solution 66: 
11 6
2 14
3 10
5 13

Solution 67: 
11 6
2 14
3 10
5 15

Solution 68: 
14 6
2 14
3 10
5 15

Solution 69: 
14 6
2 14
3 10
5 13

Solution 70: 
14 6
2 14
3 10
4 13

Solution 71: 
11 6
2 14
3 10
4 13

Solution 72: 
1 14
11 6
3 10
4 13

Solution 73: 
11 6
2 10
3 10
4 13

Solution 74: 
14 6
2 10
3 10
4 13

Solution 75: 
1 14
14 6
3 10
4 13

Solution 76: 
1 14
14 6
3 10
5 15

Solution 77: 
1 14
14 6
3 10
5 13

Solution 78: 
1 14
14 6
3 10
3 15

Solution 79: 
14 6
2 10
3 10
3 15

Solution 80: 
14 6
2 10
3 10
5 15

Solution 81: 
14 6
2 10
3 10
5 13

Solution 82: 
11 6
2 10
3 10
5 13

Solution 83: 
11 6
2 10
3 10
5 15

Solution 84: 
1 14
11 6
3 10
5 15

Solution 85: 
1 14
11 6
3 10
5 13

Solution 86: 
1 14
11 6
3 10
3 15

Solution 87: 
11 6
2 10
3 10
3 15

Solution 88: 
11 6
2 10
3 15
7 11

Solution 89: 
14 6
2 10
3 15
7 11

Solution 90: 
14 6
2 10
4 13
7 11

Solution 91: 
11 6
2 10
4 13
7 11

Number of solutions found: 92

Changes at vertices: 
New Vertex: 11 9
14 9 -> 14 6
----------------------------------
Removal 6: 
Solution 0: 
1 14
3 10
3 15

Solution 1: 
2 10
3 10
3 15

Solution 2: 
2 14
3 10
3 15

Solution 3: 
2 14
3 10
4 13

Solution 4: 
2 14
3 10
5 13

Solution 5: 
2 14
3 10
5 15

Solution 6: 
1 14
3 10
5 15

Solution 7: 
1 14
3 10
5 13

Solution 8: 
1 14
3 10
4 13

Solution 9: 
2 10
3 10
4 13

Solution 10: 
2 10
3 10
5 15

Solution 11: 
2 10
3 10
5 13

Solution 12: 
1 7
3 10
5 13

Solution 13: 
1 7
3 10
5 15

Solution 14: 
1 7
3 10
4 13

Solution 15: 
1 7
3 10
3 15

Solution 16: 
1 7
3 15
7 11

Solution 17: 
1 7
4 13
7 11

Solution 18: 
2 10
4 13
7 11

Solution 19: 
2 10
3 15
7 11

Number of solutions found: 20

Changes at vertices: 
Change visibility: 4 13
3 13 -> 3 15
----------------------------------
Removal 7: 
Solution 0: 
1 14
3 10

Solution 1: 
2 10
3 10

Solution 2: 
2 14
3 10

Solution 3: 
1 7
3 10

Number of solutions found: 4

Changes at vertices: 
New Vertex: 4 12
3 12 -> 3 13
----------------------------------
Removal 8: 
Solution 0: 
1 14
3 10

Solution 1: 
2 10
3 10

Solution 2: 
2 14
3 10

Solution 3: 
2 10
7 11

Solution 4: 
1 7
7 11

Solution 5: 
1 7
3 10

Number of solutions found: 6

Changes at vertices: 
New Vertex: 7 11
3 11 -> 3 12
----------------------------------
Removal 9: 
Solution 0: 
1 14
3 10

Solution 1: 
2 10
3 10

Solution 2: 
2 14
3 10

Solution 3: 
10 9
2 10

Solution 4: 
14 9
2 10

Solution 5: 
2 10
3 11

Solution 6: 
14 11
2 10

Solution 7: 
1 7
10 9

Solution 8: 
1 7
3 10

Solution 9: 
1 7
3 11

Number of solutions found: 10

Changes at vertices: 
14 10 -> 14 11
New Vertex: 3 10
----------------------------------
Removal 10: 
Solution 0: 
2 10

Number of solutions found: 1

Changes at vertices: 
New Vertex: 2 10
1 10 -> 1 14
----------------------------------
Removal 11: 
Solution 0: 
1 10

Number of solutions found: 1

Changes at vertices: 
Change visibility: 10 9
1 9 -> 1 10
----------------------------------
Removal 12: 
Solution 0: 
8 8

Solution 1: 
1 9

Number of solutions found: 2

Changes at vertices: 
Change visibility: 8 8
1 8 -> 1 9
----------------------------------
Removal 13: 
Solution 0: 
1 8

Solution 1: 
8 7

Solution 2: 
8 8

Solution 3: 
1 7

Number of solutions found: 4

