94
123 149
123 103
112 103
112 151
104 151
104 174
106 174
106 195
96 195
96 201
87 201
87 210
86 210
86 211
76 211
76 224
69 224
69 245
41 245
41 247
8 247
8 244
14 244
14 237
2 237
2 235
1 235
1 243
4 243
4 250
7 250
7 248
45 248
45 249
114 249
114 246
77 246
77 239
119 239
119 241
131 241
131 240
139 240
139 223
155 223
155 230
157 230
157 231
167 231
167 227
175 227
175 225
161 225
161 219
154 219
154 218
173 218
173 217
166 217
166 215
100 215
100 216
135 216
135 236
120 236
120 234
107 234
107 233
108 233
108 222
92 222
92 228
71 228
71 226
91 226
91 221
78 221
78 212
97 212
97 213
99 213
99 205
110 205
110 202
115 202
115 138
113 138
113 107
121 107
121 120
118 120
118 150
127 150
127 149
