414
136 1
136 9
142 9
142 2
174 2
174 7
171 7
171 8
195 8
195 10
180 10
180 13
170 13
170 15
143 15
143 19
196 19
196 14
230 14
230 20
224 20
224 93
223 93
223 81
218 81
218 118
216 118
216 157
215 157
215 119
214 119
214 188
211 188
211 184
206 184
206 192
146 192
146 185
150 185
150 152
151 152
151 111
156 111
156 110
158 110
158 153
160 153
160 167
182 167
182 176
191 176
191 183
194 183
194 175
187 175
187 173
213 173
213 127
212 127
212 171
208 171
208 87
210 87
210 78
209 78
209 76
188 76
188 79
181 79
181 90
189 90
189 91
177 91
177 94
204 94
204 83
205 83
205 116
203 116
203 95
199 95
199 97
200 97
200 132
201 132
201 137
190 137
190 135
179 135
179 142
184 142
184 148
192 148
192 155
202 155
202 162
186 162
186 170
183 170
183 161
178 161
178 166
169 166
169 160
165 160
165 117
163 117
163 60
159 60
159 82
162 82
162 104
149 104
149 100
148 100
148 158
145 158
145 178
141 178
141 109
140 109
140 136
137 136
137 186
138 186
138 187
144 187
144 190
129 190
129 163
133 163
133 125
132 125
132 73
134 73
134 57
111 57
111 65
126 65
126 122
124 122
124 149
123 149
123 102
125 102
125 89
122 89
122 103
117 103
117 88
112 88
112 151
109 151
109 74
105 74
105 96
98 96
98 72
94 72
94 146
95 146
95 144
101 144
101 159
102 159
102 108
104 108
104 174
106 174
106 195
103 195
103 189
96 189
96 201
89 201
89 123
88 123
88 114
83 114
83 66
93 66
93 34
53 34
53 32
26 32
26 31
84 31
84 29
59 29
59 27
29 27
29 23
35 23
35 21
34 21
34 22
10 22
10 18
30 18
30 16
21 16
21 3
19 3
19 17
9 17
9 12
3 12
3 36
12 36
12 38
28 38
28 33
42 33
42 37
57 37
57 35
90 35
90 56
80 56
80 105
81 105
81 106
82 106
82 112
73 112
73 62
72 62
72 49
61 49
61 54
64 54
64 55
67 55
67 50
70 50
70 92
68 92
68 115
74 115
74 129
87 129
87 210
86 210
86 211
76 211
76 224
69 224
69 245
41 245
41 247
8 247
8 244
14 244
14 237
2 237
2 235
1 235
1 243
4 243
4 250
7 250
7 248
45 248
45 249
114 249
114 246
77 246
77 239
119 239
119 241
131 241
131 240
139 240
139 223
155 223
155 230
157 230
157 231
167 231
167 227
175 227
175 225
161 225
161 219
154 219
154 218
173 218
173 217
166 217
166 215
100 215
100 216
135 216
135 236
120 236
120 234
107 234
107 233
108 233
108 222
92 222
92 228
71 228
71 226
91 226
91 221
78 221
78 212
97 212
97 213
99 213
99 205
110 205
110 202
115 202
115 138
113 138
113 107
121 107
121 120
118 120
118 150
127 150
127 64
116 64
116 61
130 61
130 63
128 63
128 203
164 203
164 200
193 200
193 204
168 204
168 206
172 206
172 208
152 208
152 209
207 209
207 199
147 199
147 193
153 193
153 194
217 194
217 141
219 141
219 179
220 179
220 124
221 124
221 113
222 113
222 126
237 126
237 168
232 168
232 196
227 196
227 214
231 214
231 207
236 207
236 191
238 191
238 198
239 198
239 84
249 84
249 80
241 80
241 75
233 75
233 99
228 99
228 98
226 98
226 77
225 77
225 25
234 25
234 42
229 42
229 51
245 51
245 58
250 58
250 40
248 40
248 41
247 41
247 48
240 48
240 26
242 26
242 28
243 28
243 39
244 39
244 30
246 30
246 24
235 24
235 11
198 11
198 6
197 6
197 5
176 5
176 4
185 4
185 1
