236
136 1
136 9
142 9
142 2
174 2
174 7
171 7
171 8
195 8
195 10
180 10
180 13
170 13
170 15
143 15
143 19
196 19
196 14
230 14
230 20
224 20
224 93
223 93
223 81
218 81
218 118
216 118
216 157
215 157
215 119
214 119
214 188
211 188
211 184
206 184
206 192
146 192
146 190
129 190
129 163
133 163
133 125
132 125
132 73
134 73
134 57
111 57
111 65
126 65
126 122
124 122
124 149
123 149
123 103
112 103
112 151
104 151
104 174
106 174
106 195
96 195
96 201
87 201
87 210
86 210
86 211
76 211
76 224
69 224
69 245
41 245
41 247
8 247
8 244
14 244
14 237
2 237
2 235
1 235
1 243
4 243
4 250
7 250
7 248
45 248
45 249
114 249
114 246
77 246
77 239
119 239
119 241
131 241
131 240
139 240
139 223
155 223
155 230
157 230
157 231
167 231
167 227
175 227
175 225
161 225
161 219
154 219
154 218
173 218
173 217
166 217
166 215
100 215
100 216
135 216
135 236
120 236
120 234
107 234
107 233
108 233
108 222
92 222
92 228
71 228
71 226
91 226
91 221
78 221
78 212
97 212
97 213
99 213
99 205
110 205
110 202
115 202
115 138
113 138
113 107
121 107
121 120
118 120
118 150
127 150
127 64
116 64
116 61
130 61
130 63
128 63
128 203
164 203
164 200
193 200
193 204
168 204
168 206
172 206
172 208
152 208
152 209
207 209
207 199
147 199
147 193
153 193
153 194
217 194
217 141
219 141
219 179
220 179
220 124
221 124
221 113
222 113
222 126
237 126
237 168
232 168
232 196
227 196
227 214
231 214
231 207
236 207
236 191
238 191
238 198
239 198
239 84
249 84
249 80
241 80
241 75
233 75
233 99
228 99
228 98
226 98
226 77
225 77
225 25
234 25
234 42
229 42
229 51
245 51
245 58
250 58
250 40
248 40
248 41
247 41
247 48
240 48
240 26
242 26
242 28
243 28
243 39
244 39
244 30
246 30
246 24
235 24
235 11
198 11
198 6
197 6
197 5
176 5
176 4
185 4
185 1
