270
541 155
541 168
538 168
538 16
530 16
530 97
534 97
534 128
515 128
515 65
523 65
523 44
100 44
100 39
118 39
118 36
23 36
23 48
9 48
9 96
12 96
12 138
14 138
14 158
16 158
16 183
5 183
5 244
3 244
3 197
1 197
1 262
2 262
2 419
4 419
4 293
6 293
6 224
18 224
18 225
7 225
7 535
8 535
8 228
11 228
11 245
10 245
10 271
15 271
15 309
20 309
20 239
21 239
21 167
22 167
22 139
19 139
19 53
13 53
13 52
24 52
24 38
44 38
44 40
86 40
86 41
80 41
80 45
511 45
511 120
498 120
498 129
533 129
533 204
512 204
512 163
507 163
507 142
502 142
502 171
493 171
493 161
487 161
487 114
475 114
475 88
484 88
484 61
479 61
479 47
472 47
472 55
477 55
477 58
478 58
478 72
471 72
471 79
464 79
464 102
461 102
461 111
473 111
473 118
467 118
467 126
481 126
481 131
486 131
486 172
510 172
510 208
535 208
535 30
537 30
537 190
545 190
545 166
554 166
554 175
564 175
564 198
565 198
565 219
558 219
558 392
557 392
557 312
542 312
542 320
516 320
516 316
513 316
513 306
490 306
490 305
430 305
430 297
546 297
546 290
497 290
497 295
426 295
426 315
421 315
421 314
392 314
392 289
329 289
329 280
283 280
283 292
389 292
389 302
377 302
377 301
364 301
364 299
282 299
282 318
369 318
369 321
432 321
432 311
496 311
496 326
508 326
508 335
503 335
503 332
489 332
489 328
482 328
482 341
509 341
509 346
485 346
485 350
395 350
395 342
328 342
328 344
388 344
388 355
243 355
243 354
55 354
55 353
42 353
42 385
69 385
69 397
45 397
45 402
127 402
127 412
122 412
122 447
106 447
106 448
107 448
107 463
110 463
110 462
111 462
111 482
125 482
125 500
129 500
129 494
130 494
130 483
132 483
132 452
128 452
128 398
76 398
76 377
78 377
78 374
71 374
71 359
300 359
300 367
355 367
355 366
390 366
390 373
396 373
396 363
326 363
326 356
414 356
414 351
531 351
531 333
524 333
524 322
552 322
552 391
525 391
525 386
520 386
520 389
506 389
506 396
460 396
460 393
441 393
441 401
452 401
452 416
434 416
434 454
444 454
444 544
446 544
446 423
468 423
468 406
466 406
466 399
559 399
559 259
566 259
566 193
585 193
585 179
569 179
569 155
