82
1 1
1 5
25 5
25 28
19 28
19 42
17 42
17 75
13 75
13 43
15 43
15 33
16 33
16 25
11 25
11 58
12 58
12 87
14 87
14 110
22 110
22 119
9 119
9 120
7 120
7 123
24 123
24 143
6 143
6 138
3 138
3 104
5 104
5 88
4 88
4 30
2 30
2 149
8 149
8 148
33 148
33 145
37 145
37 134
45 134
45 132
61 132
61 139
60 139
60 141
42 141
42 146
51 146
51 150
53 150
53 142
63 142
63 129
35 129
35 130
46 130
46 131
36 131
36 140
27 140
27 121
32 121
32 116
28 116
28 106
18 106
18 83
20 83
20 53
23 53
23 40
29 40
29 3
21 3
21 2
10 2
10 1
