272
1 1
1 5
25 5
25 28
19 28
19 42
17 42
17 75
13 75
13 43
15 43
15 33
16 33
16 25
11 25
11 58
12 58
12 87
14 87
14 110
22 110
22 119
9 119
9 120
7 120
7 123
24 123
24 143
6 143
6 138
3 138
3 104
5 104
5 88
4 88
4 30
2 30
2 149
8 149
8 148
33 148
33 145
37 145
37 134
45 134
45 132
61 132
61 139
60 139
60 141
42 141
42 146
51 146
51 150
53 150
53 142
63 142
63 118
83 118
83 122
84 122
84 126
66 126
66 127
70 127
70 136
72 136
72 133
87 133
87 128
89 128
89 117
50 117
50 115
69 115
69 109
74 109
74 112
76 112
76 107
49 107
49 114
47 114
47 129
35 129
35 130
46 130
46 131
36 131
36 140
27 140
27 121
32 121
32 108
30 108
30 116
28 116
28 103
34 103
34 105
38 105
38 95
40 95
40 92
54 92
54 68
55 68
55 15
56 15
56 16
57 16
57 52
65 52
65 24
67 24
67 74
81 74
81 38
82 38
82 36
85 36
85 32
98 32
98 31
100 31
100 12
103 12
103 11
101 11
101 10
106 10
106 9
132 9
132 48
133 48
133 59
129 59
129 89
128 89
128 44
123 44
123 63
119 63
119 62
111 62
111 78
108 78
108 47
102 47
102 54
99 54
99 61
107 61
107 71
97 71
97 49
95 49
95 45
90 45
90 79
91 79
91 76
104 76
104 84
112 84
112 86
113 86
113 70
122 70
122 67
125 67
125 55
126 55
126 81
117 81
117 91
115 91
115 93
127 93
127 96
114 96
114 94
105 94
105 100
109 100
109 102
110 102
110 147
124 147
124 144
120 144
120 125
130 125
130 137
135 137
135 124
121 124
121 111
137 111
137 101
131 101
131 99
118 99
118 113
116 113
116 98
142 98
142 97
143 97
143 85
140 85
140 66
144 66
144 72
147 72
147 135
149 135
149 73
150 73
150 50
146 50
146 69
145 69
145 65
134 65
134 7
96 7
96 21
93 21
93 23
88 23
88 29
80 29
80 60
79 60
79 57
78 57
78 56
71 56
71 26
73 26
73 8
64 8
64 35
58 35
58 14
48 14
48 17
44 17
44 20
39 20
39 22
52 22
52 80
41 80
41 82
31 82
31 90
26 90
26 106
18 106
18 83
20 83
20 53
23 53
23 40
29 40
29 3
21 3
21 2
10 2
10 1
