118
63 83
63 88
59 88
59 110
53 110
53 114
43 114
43 117
47 117
47 123
32 123
32 137
41 137
41 139
40 139
40 144
15 144
15 158
1 158
1 159
20 159
20 150
19 150
19 145
42 145
42 154
48 154
48 151
68 151
68 135
60 135
60 136
66 136
66 142
46 142
46 141
57 141
57 134
67 134
67 132
54 132
54 121
51 121
51 120
61 120
61 90
65 90
65 93
70 93
70 87
79 87
79 84
81 84
81 107
78 107
78 130
77 130
77 103
76 103
76 161
88 161
88 172
75 172
75 177
49 177
49 167
8 167
8 166
2 166
2 171
3 171
3 173
4 173
4 175
6 175
6 174
9 174
9 170
12 170
12 168
45 168
45 189
44 189
44 169
38 169
38 176
39 176
39 186
36 186
36 190
5 190
5 231
21 231
21 227
18 227
18 221
7 221
7 205
62 205
62 204
17 204
17 200
10 200
10 194
13 194
13 192
56 192
56 187
50 187
50 180
89 180
89 153
80 153
80 129
82 129
82 126
85 126
85 83
