462
140 1
140 4
218 4
218 7
205 7
205 10
131 10
131 9
127 9
127 6
143 6
143 8
193 8
193 5
121 5
121 12
223 12
223 24
214 24
214 35
184 35
184 32
182 32
182 36
177 36
177 29
129 29
129 28
156 28
156 26
151 26
151 27
124 27
124 25
120 25
120 30
122 30
122 33
144 33
144 40
117 40
117 47
113 47
113 45
114 45
114 44
111 44
111 98
109 98
109 19
108 19
108 39
106 39
106 34
97 34
97 20
99 20
99 18
95 18
95 17
126 17
126 16
112 16
112 13
87 13
87 14
84 14
84 22
83 22
83 83
74 83
74 77
63 77
63 88
59 88
59 110
53 110
53 114
43 114
43 117
47 117
47 123
32 123
32 137
41 137
41 139
40 139
40 144
15 144
15 158
1 158
1 159
20 159
20 150
19 150
19 145
42 145
42 154
48 154
48 151
68 151
68 135
60 135
60 136
66 136
66 142
46 142
46 141
57 141
57 134
67 134
67 132
54 132
54 121
51 121
51 120
61 120
61 90
65 90
65 93
70 93
70 87
79 87
79 84
81 84
81 107
78 107
78 130
77 130
77 103
76 103
76 161
88 161
88 172
75 172
75 177
49 177
49 167
8 167
8 166
2 166
2 171
3 171
3 173
4 173
4 175
6 175
6 174
9 174
9 170
12 170
12 168
45 168
45 189
44 189
44 169
38 169
38 176
39 176
39 186
36 186
36 190
5 190
5 231
14 231
14 248
16 248
16 250
25 250
25 247
22 247
22 244
21 244
21 227
18 227
18 221
7 221
7 205
11 205
11 206
55 206
55 211
110 211
110 197
159 197
159 201
162 201
162 198
190 198
190 196
202 196
202 214
237 214
237 215
222 215
222 217
167 217
167 218
206 218
206 219
248 219
248 233
243 233
243 226
224 226
224 225
240 225
240 220
187 220
187 222
152 222
152 223
209 223
209 224
189 224
189 234
166 234
166 229
148 229
148 232
141 232
141 235
119 235
119 246
123 246
123 249
125 249
125 241
128 241
128 236
194 236
194 238
135 238
135 239
165 239
165 242
185 242
185 245
195 245
195 228
208 228
208 230
196 230
196 243
198 243
198 237
204 237
204 240
250 240
250 216
239 216
239 213
245 213
245 212
235 212
235 210
247 210
247 185
225 185
225 181
200 181
200 182
192 182
192 179
249 179
249 178
176 178
176 183
154 183
154 184
178 184
178 191
188 191
188 188
246 188
246 209
241 209
241 202
238 202
238 203
203 203
203 195
201 195
201 193
90 193
90 199
101 199
101 207
105 207
105 208
62 208
62 204
17 204
17 200
10 200
10 194
13 194
13 192
56 192
56 187
50 187
50 180
89 180
89 149
86 149
86 153
80 153
80 129
82 129
82 126
85 126
85 21
94 21
94 23
93 23
93 42
98 42
98 94
96 94
96 91
92 91
92 99
91 99
91 115
100 115
100 68
102 68
102 78
107 78
107 102
103 102
103 119
104 119
104 106
115 106
115 96
116 96
116 57
118 57
118 41
146 41
146 31
168 31
168 43
172 43
172 89
169 89
169 109
171 109
171 112
180 112
180 116
170 116
170 122
173 122
173 124
164 124
164 79
163 79
163 50
150 50
150 59
130 59
130 60
133 60
133 81
132 81
132 162
137 162
137 163
139 163
139 146
145 146
145 140
142 140
142 131
147 131
147 128
153 128
153 127
136 127
136 118
134 118
134 113
138 113
138 62
155 62
155 72
161 72
161 85
160 85
160 97
157 97
157 125
158 125
158 133
183 133
183 86
181 86
181 55
179 55
179 108
175 108
175 46
174 46
174 37
215 37
215 38
216 38
216 51
219 51
219 73
199 73
199 66
197 66
197 58
191 58
191 64
186 64
186 74
217 74
217 75
207 75
207 92
212 92
212 156
211 156
211 95
210 95
210 160
213 160
213 105
221 105
221 49
226 49
226 147
220 147
220 165
229 165
229 155
234 155
234 164
244 164
244 152
236 152
236 148
228 148
228 157
227 157
227 104
230 104
230 71
231 71
231 15
232 15
232 80
242 80
242 67
233 67
233 3
149 3
149 1
