976
166 1
166 79
183 79
183 97
185 97
185 69
189 69
189 147
217 147
217 150
227 150
227 148
248 148
248 106
254 106
254 153
205 153
205 154
207 154
207 161
157 161
157 156
154 156
154 137
148 137
148 139
143 139
143 141
137 141
137 163
160 163
160 164
246 164
246 162
251 162
251 168
208 168
208 171
244 171
244 173
165 173
165 175
87 175
87 176
163 176
163 178
162 178
162 177
61 177
61 172
46 172
46 155
49 155
49 151
40 151
40 144
48 144
48 130
72 130
72 128
150 128
150 75
152 75
152 14
131 14
131 35
128 35
128 17
114 17
114 20
101 20
101 2
88 2
88 3
53 3
53 6
43 6
43 18
77 18
77 25
74 25
74 26
79 26
79 13
84 13
84 21
93 21
93 24
124 24
124 28
80 28
80 36
71 36
71 41
56 41
56 33
54 33
54 31
34 31
34 38
30 38
30 95
32 95
32 76
37 76
37 72
58 72
58 62
55 62
55 43
68 43
68 86
90 86
90 84
69 84
69 67
76 67
76 71
98 71
98 66
97 66
97 56
86 56
86 45
103 45
103 44
92 44
92 39
91 39
91 34
81 34
81 32
108 32
108 42
145 42
145 29
147 29
147 37
149 37
149 107
119 107
119 101
112 101
112 94
132 94
132 100
142 100
142 81
134 81
134 88
109 88
109 99
59 99
59 103
106 103
106 104
113 104
113 123
118 123
118 121
135 121
135 120
120 120
120 108
139 108
139 125
83 125
83 127
33 127
33 135
35 135
35 166
26 166
26 214
19 214
19 218
3 218
3 222
22 222
22 223
4 223
4 227
5 227
5 225
31 225
31 220
27 220
27 184
39 184
39 198
100 198
100 203
94 203
94 207
126 207
126 209
129 209
129 187
116 187
116 192
110 192
110 194
47 194
47 183
44 183
44 157
45 157
45 180
144 180
144 181
202 181
202 189
175 189
175 197
186 197
186 230
138 230
138 228
14 228
14 235
25 235
25 234
15 234
15 229
78 229
78 233
153 233
153 232
206 232
206 231
215 231
215 217
223 217
223 216
258 216
258 215
195 215
195 224
193 224
193 201
209 201
209 200
229 200
229 174
241 174
241 182
236 182
236 191
293 191
293 188
286 188
286 169
274 169
274 142
309 142
309 112
285 112
285 102
284 102
284 93
279 93
279 114
299 114
299 133
273 133
273 138
268 138
268 185
267 185
267 160
255 160
255 91
247 91
247 110
239 110
239 64
350 64
350 77
324 77
324 65
307 65
307 80
348 80
348 82
377 82
377 85
381 85
381 78
393 78
393 74
358 74
358 61
443 61
443 68
446 68
446 87
398 87
398 92
411 92
411 117
410 117
410 105
366 105
366 109
406 109
406 111
369 111
369 134
374 134
374 132
378 132
378 140
379 140
379 152
380 152
380 190
375 190
375 195
382 195
382 165
383 165
383 119
388 119
388 204
389 204
389 208
390 208
390 213
368 213
368 221
367 221
367 202
359 202
359 212
336 212
336 242
330 242
330 239
179 239
179 244
167 244
167 288
196 288
196 289
159 289
159 280
140 280
140 278
125 278
125 298
121 298
121 296
115 296
115 299
123 299
123 306
130 306
130 325
156 325
156 331
316 331
316 337
343 337
343 339
420 339
420 338
478 338
478 335
423 335
423 334
385 334
385 336
376 336
376 333
329 333
329 328
292 328
292 329
323 329
323 330
158 330
158 327
277 327
277 326
301 326
301 324
170 324
170 322
180 322
180 323
449 323
449 320
271 320
271 317
276 317
276 316
344 316
344 315
328 315
328 313
303 313
303 303
405 303
405 311
426 311
426 302
440 302
440 309
441 309
441 304
481 304
481 332
482 332
482 305
484 305
484 387
493 387
493 493
471 493
471 448
472 448
472 426
475 426
475 422
470 422
470 490
469 490
469 392
465 392
465 394
422 394
422 441
421 441
421 453
424 453
424 446
436 446
436 465
373 465
373 463
413 463
413 455
400 455
400 458
396 458
396 459
402 459
402 460
403 460
403 461
340 461
340 445
331 445
331 444
339 444
339 433
320 433
320 429
253 429
253 436
235 436
235 439
181 439
181 440
242 440
242 437
281 437
281 466
283 466
283 431
288 431
288 430
313 430
313 449
317 449
317 451
315 451
315 462
363 462
363 464
365 464
365 470
416 470
416 472
418 472
418 468
432 468
432 471
437 471
437 473
318 473
318 474
345 474
345 476
429 476
429 482
351 482
351 478
199 478
199 480
304 480
304 483
249 483
249 481
184 481
184 485
105 485
105 443
127 443
127 404
161 404
161 411
168 411
168 406
194 406
194 400
226 400
226 395
211 395
211 396
204 396
204 398
176 398
176 402
95 402
95 432
96 432
96 425
107 425
107 403
111 403
111 415
117 415
117 408
122 408
122 435
104 435
104 438
99 438
99 452
67 452
67 434
64 434
64 442
63 442
63 450
66 450
66 454
16 454
16 420
21 420
21 413
41 413
41 418
50 418
50 421
73 421
73 423
85 423
85 390
82 390
82 378
62 378
62 369
20 369
20 359
52 359
52 366
89 366
89 360
151 360
151 363
319 363
319 364
327 364
327 361
332 361
332 371
308 371
308 370
295 370
295 424
300 424
300 417
311 417
311 419
312 419
312 393
298 393
298 372
306 372
306 373
334 373
334 382
346 382
346 389
337 389
337 391
409 391
409 386
370 386
370 381
364 381
364 368
360 368
360 362
361 362
361 353
356 353
356 383
347 383
347 365
342 365
342 354
321 354
321 351
272 351
272 347
335 347
335 343
155 343
155 348
214 348
214 345
264 345
264 344
290 344
290 346
263 346
263 356
302 356
302 358
9 358
9 375
11 375
11 379
28 379
28 377
60 377
60 380
75 380
75 416
42 416
42 414
51 414
51 410
7 410
7 428
6 428
6 467
2 467
2 427
1 427
1 477
8 477
8 447
10 447
10 469
12 469
12 412
13 412
13 457
102 457
102 486
269 486
269 489
278 489
278 491
354 491
354 488
357 488
357 487
386 487
386 492
412 492
412 484
444 484
444 475
438 475
438 399
439 399
439 401
468 401
468 456
464 456
464 479
466 479
466 494
473 494
473 495
492 495
492 496
476 496
476 497
480 497
480 498
491 498
491 499
485 499
485 500
494 500
494 376
490 376
490 367
495 367
495 342
497 342
497 352
500 352
500 341
496 341
496 340
488 340
488 301
256 301
256 307
250 307
250 321
230 321
230 314
210 314
210 310
177 310
177 318
188 318
188 319
146 319
146 312
133 312
133 308
136 308
136 300
141 300
141 297
164 297
164 295
237 295
237 294
178 294
178 293
451 293
451 276
435 276
435 275
419 275
419 290
371 290
371 292
262 292
262 285
270 285
270 283
310 283
310 272
296 272
296 271
314 271
314 270
265 270
265 281
240 281
240 273
232 273
232 277
238 277
238 287
259 287
259 291
224 291
224 286
220 286
220 284
198 284
198 279
200 279
200 274
221 274
221 267
201 267
201 268
173 268
173 282
172 282
172 249
252 249
252 258
266 258
266 261
333 261
333 260
445 260
445 263
463 263
463 264
467 264
467 262
498 262
498 265
479 265
479 266
486 266
486 269
499 269
499 250
489 250
489 259
487 259
487 247
483 247
483 236
474 236
474 248
477 248
477 255
395 255
395 253
384 253
384 254
353 254
353 252
349 252
349 257
338 257
338 256
305 256
305 251
261 251
261 246
225 246
225 241
213 241
213 240
257 240
257 243
282 243
282 245
341 245
341 219
362 219
362 237
372 237
372 238
387 238
387 226
397 226
397 179
392 179
392 158
394 158
394 113
404 113
404 115
407 115
407 122
408 122
408 210
452 210
452 205
454 205
454 199
433 199
433 196
456 196
456 206
461 206
461 211
462 211
462 159
459 159
459 143
458 143
458 167
457 167
457 145
455 145
455 170
460 170
460 186
447 186
447 193
415 193
415 149
430 149
430 131
434 131
434 126
414 126
414 116
428 116
428 118
431 118
431 98
442 98
442 96
417 96
417 90
399 90
399 89
453 89
453 49
391 49
391 46
297 46
297 47
231 47
231 48
218 48
218 27
219 27
219 22
216 22
216 16
280 16
280 19
289 19
289 23
291 23
291 12
326 12
326 7
275 7
275 5
260 5
260 4
245 4
245 8
325 8
325 10
322 10
322 9
203 9
203 30
197 30
197 50
287 50
287 59
294 59
294 58
355 58
355 57
352 57
352 51
450 51
450 63
448 63
448 55
427 55
427 52
401 52
401 54
425 54
425 60
233 60
233 83
234 83
234 124
222 124
222 129
228 129
228 136
243 136
243 146
190 146
190 73
192 73
192 70
191 70
191 40
174 40
174 15
182 15
182 11
171 11
171 53
169 53
169 1
