98
373 465
373 463
413 463
413 458
396 458
396 459
402 459
402 460
403 460
403 461
340 461
340 445
331 445
331 444
339 444
339 433
320 433
320 429
253 429
253 436
235 436
235 439
181 439
181 440
242 440
242 437
281 437
281 466
283 466
283 431
288 431
288 430
313 430
313 449
317 449
317 451
315 451
315 462
363 462
363 464
365 464
365 468
432 468
432 471
437 471
437 473
318 473
318 474
345 474
345 476
429 476
429 482
304 482
304 483
184 483
184 485
105 485
105 454
16 454
16 420
21 420
21 413
51 413
51 410
7 410
7 428
6 428
6 467
2 467
2 427
1 427
1 477
8 477
8 447
10 447
10 469
12 469
12 412
13 412
13 457
102 457
102 486
269 486
269 489
278 489
278 491
354 491
354 488
357 488
357 487
386 487
386 492
412 492
412 484
444 484
444 475
438 475
438 465
