430
443 63
443 68
446 68
446 87
398 87
398 92
411 92
411 117
410 117
410 111
369 111
369 134
374 134
374 132
378 132
378 140
379 140
379 152
380 152
380 190
375 190
375 195
382 195
382 165
383 165
383 119
388 119
388 204
389 204
389 208
390 208
390 213
368 213
368 221
367 221
367 212
336 212
336 242
330 242
330 239
179 239
179 244
167 244
167 288
196 288
196 289
125 289
125 298
121 298
121 296
115 296
115 299
123 299
123 306
130 306
130 322
449 322
449 320
271 320
271 317
276 317
276 316
344 316
344 315
328 315
328 313
303 313
303 303
426 303
426 302
440 302
440 309
441 309
441 304
481 304
481 332
482 332
482 305
484 305
484 387
493 387
493 493
471 493
471 490
469 490
469 394
422 394
422 441
421 441
421 453
424 453
424 446
436 446
436 465
373 465
373 463
413 463
413 455
400 455
400 458
396 458
396 459
402 459
402 460
403 460
403 461
340 461
340 445
331 445
331 444
339 444
339 433
320 433
320 429
253 429
253 436
235 436
235 439
181 439
181 440
242 440
242 437
281 437
281 466
283 466
283 431
288 431
288 430
313 430
313 449
317 449
317 451
315 451
315 462
363 462
363 464
365 464
365 470
416 470
416 472
418 472
418 468
432 468
432 471
437 471
437 473
318 473
318 474
345 474
345 476
429 476
429 482
304 482
304 483
184 483
184 485
105 485
105 454
16 454
16 420
21 420
21 413
51 413
51 410
7 410
7 428
6 428
6 467
2 467
2 427
1 427
1 477
8 477
8 447
10 447
10 469
12 469
12 412
13 412
13 457
102 457
102 486
269 486
269 489
278 489
278 491
354 491
354 488
357 488
357 487
386 487
386 492
412 492
412 484
444 484
444 475
438 475
438 399
439 399
439 401
468 401
468 456
464 456
464 479
466 479
466 494
473 494
473 495
492 495
492 496
476 496
476 497
480 497
480 498
491 498
491 499
485 499
485 500
494 500
494 376
490 376
490 367
495 367
495 342
497 342
497 352
500 352
500 341
496 341
496 340
488 340
488 301
256 301
256 307
250 307
250 321
230 321
230 314
210 314
210 310
177 310
177 318
188 318
188 319
146 319
146 312
133 312
133 308
136 308
136 300
141 300
141 297
164 297
164 295
237 295
237 294
178 294
178 293
451 293
451 276
435 276
435 275
419 275
419 290
371 290
371 292
262 292
262 285
270 285
270 283
310 283
310 272
296 272
296 271
314 271
314 270
265 270
265 281
240 281
240 273
232 273
232 277
238 277
238 287
259 287
259 291
224 291
224 286
220 286
220 284
198 284
198 282
172 282
172 249
252 249
252 258
266 258
266 261
333 261
333 260
445 260
445 263
463 263
463 264
467 264
467 262
498 262
498 265
479 265
479 266
486 266
486 269
499 269
499 250
489 250
489 259
487 259
487 247
483 247
483 236
474 236
474 248
477 248
477 255
395 255
395 253
384 253
384 254
353 254
353 252
349 252
349 257
338 257
338 256
305 256
305 251
261 251
261 246
225 246
225 241
213 241
213 240
257 240
257 243
282 243
282 245
341 245
341 219
362 219
362 237
372 237
372 238
387 238
387 226
397 226
397 179
392 179
392 158
394 158
394 113
404 113
404 115
407 115
407 122
408 122
408 210
452 210
452 205
454 205
454 199
433 199
433 196
456 196
456 206
461 206
461 211
462 211
462 159
459 159
459 143
458 143
458 167
457 167
457 145
455 145
455 170
460 170
460 186
447 186
447 193
415 193
415 149
430 149
430 131
434 131
434 126
414 126
414 116
428 116
428 118
431 118
431 98
442 98
442 96
417 96
417 90
399 90
399 89
453 89
453 49
391 49
391 46
297 46
297 47
231 47
231 48
218 48
218 30
197 30
197 50
287 50
287 59
294 59
294 58
355 58
355 57
352 57
352 51
450 51
450 63
