114
4 107
4 97
1 97
1 116
8 116
8 111
11 111
11 141
10 141
10 146
45 146
45 149
37 149
37 153
47 153
47 152
60 152
60 148
111 148
111 151
98 151
98 161
72 161
72 156
35 156
35 160
31 160
31 158
27 158
27 175
58 175
58 177
29 177
29 182
33 182
33 193
85 193
85 192
109 192
109 188
122 188
122 206
136 206
136 208
134 208
134 210
113 210
113 215
99 215
99 220
100 220
100 219
115 219
115 212
186 212
186 217
120 217
120 218
211 218
211 214
212 214
212 216
223 216
223 222
191 222
191 223
225 223
225 213
231 213
231 211
167 211
167 207
148 207
148 202
197 202
197 200
145 200
145 198
128 198
128 185
106 185
106 189
40 189
40 179
43 179
43 178
77 178
77 176
59 176
59 159
62 159
62 163
121 163
121 150
152 150
152 147
49 147
49 145
181 145
181 144
34 144
34 142
176 142
176 140
107 140
107 139
56 139
56 138
119 138
119 137
12 137
12 124
13 124
13 107
