1398
877 1
877 23
797 23
797 19
798 19
798 8
801 8
801 7
795 7
795 13
715 13
715 20
740 20
740 17
775 17
775 25
928 25
928 22
932 22
932 18
903 18
903 15
945 15
945 14
917 14
917 12
949 12
949 9
950 9
950 11
957 11
957 35
941 35
941 48
929 48
929 55
958 55
958 24
967 24
967 42
990 42
990 143
973 143
973 221
975 221
975 277
933 277
933 284
830 284
830 276
815 276
815 272
711 272
711 251
735 251
735 240
764 240
764 230
824 230
824 171
828 171
828 150
845 150
845 146
779 146
779 123
785 123
785 119
564 119
564 154
562 154
562 181
510 181
510 248
508 248
508 250
506 250
506 141
470 141
470 245
412 245
412 255
398 255
398 266
393 266
393 236
392 236
392 206
372 206
372 218
357 218
357 173
366 173
366 144
396 144
396 142
424 142
424 117
411 117
411 108
401 108
401 101
370 101
370 91
291 91
291 53
239 53
239 78
178 78
178 64
177 64
177 46
97 46
97 41
94 41
94 75
100 75
100 105
75 105
75 202
84 202
84 130
103 130
103 56
108 56
108 89
106 89
106 161
105 161
105 182
88 182
88 205
35 205
35 222
33 222
33 162
31 162
31 186
32 186
32 279
36 279
36 264
34 264
34 226
38 226
38 336
26 336
26 258
28 258
28 254
24 254
24 210
11 210
11 295
7 295
7 553
6 553
6 600
3 600
3 517
5 517
5 480
4 480
4 237
1 237
1 335
2 335
2 609
18 609
18 627
19 627
19 541
8 541
8 313
15 313
15 257
17 257
17 305
20 305
20 229
23 229
23 343
39 343
39 249
42 249
42 219
48 219
48 212
51 212
51 208
58 208
58 234
79 234
79 239
89 239
89 243
63 243
63 262
59 262
59 271
60 271
60 338
86 338
86 347
81 347
81 351
25 351
25 357
113 357
113 345
119 345
119 337
136 337
136 330
170 330
170 328
157 328
157 325
235 325
235 281
233 281
233 274
230 274
230 321
219 321
219 319
139 319
139 312
77 312
77 329
85 329
85 318
127 318
127 334
67 334
67 289
70 289
70 263
91 263
91 200
95 200
95 220
96 220
96 214
112 214
112 136
131 136
131 133
126 133
126 100
110 100
110 121
109 121
109 88
117 88
117 62
122 62
122 47
145 47
145 81
229 81
229 84
246 84
246 65
248 65
248 71
289 71
289 82
278 82
278 94
327 94
327 103
285 103
285 106
332 106
332 110
385 110
385 132
349 132
349 149
356 149
356 176
329 176
329 174
306 174
306 153
304 153
304 275
299 275
299 273
292 273
292 301
283 301
283 288
281 288
281 267
257 267
257 261
251 261
251 260
237 260
237 268
254 268
254 311
280 311
280 320
282 320
282 314
297 314
297 282
309 282
309 269
307 269
307 195
331 195
331 242
321 242
321 247
324 247
324 322
338 322
338 287
336 287
336 232
335 232
335 180
314 180
314 178
341 178
341 217
350 217
350 223
371 223
371 246
379 246
379 216
382 216
382 307
383 307
383 354
387 354
387 317
395 317
395 296
409 296
409 283
391 283
391 278
402 278
402 256
477 256
477 198
481 198
481 211
486 211
486 190
493 190
493 165
497 165
497 196
498 196
498 253
515 253
515 203
528 203
528 192
568 192
568 122
646 122
646 126
671 126
671 124
750 124
750 131
771 131
771 135
766 135
766 151
804 151
804 147
821 147
821 159
822 159
822 228
712 228
712 185
708 185
708 167
706 167
706 280
710 280
710 299
753 299
753 303
786 303
786 297
887 297
887 304
855 304
855 308
731 308
731 309
927 309
927 293
760 293
760 285
966 285
966 302
987 302
987 300
1017 300
1017 298
1035 298
1035 310
1045 310
1045 323
1015 323
1015 316
1030 316
1030 315
983 315
983 324
1065 324
1065 290
1101 290
1101 331
1097 331
1097 344
1019 344
1019 340
978 340
978 341
972 341
972 332
951 332
951 339
942 339
942 350
953 350
953 356
1001 356
1001 355
1112 355
1112 353
1085 353
1085 352
1070 352
1070 348
1116 348
1116 342
1104 342
1104 224
1064 224
1064 233
1092 233
1092 244
1096 244
1096 225
1100 225
1100 259
1098 259
1098 286
1046 286
1046 291
977 291
977 270
979 270
979 252
981 252
981 215
984 215
984 168
993 168
993 184
1003 184
1003 160
1008 160
1008 138
1005 138
1005 156
991 156
991 5
1009 5
1009 26
1004 26
1004 31
999 31
999 66
1006 66
1006 29
1010 29
1010 6
1014 6
1014 67
1016 67
1016 69
1021 69
1021 113
1038 113
1038 115
1071 115
1071 120
1083 120
1083 134
1086 134
1086 139
1089 139
1089 163
1095 163
1095 193
1102 193
1102 183
1103 183
1103 157
1090 157
1090 92
1084 92
1084 87
1081 87
1081 80
1077 80
1077 63
1076 63
1076 52
1114 52
1114 50
1079 50
1079 38
1094 38
1094 37
1122 37
1122 51
1166 51
1166 33
1184 33
1184 36
1232 36
1232 326
1231 326
1231 292
1219 292
1219 155
1217 155
1217 158
1215 158
1215 175
1200 175
1200 231
1205 231
1205 227
1209 227
1209 333
1211 333
1211 387
1218 387
1218 383
1213 383
1213 306
1228 306
1228 349
1221 349
1221 406
1198 406
1198 403
1188 403
1188 636
1185 636
1185 567
1178 567
1178 422
1174 422
1174 457
1161 457
1161 209
1168 209
1168 235
1173 235
1173 213
1190 213
1190 294
1192 294
1192 207
1186 207
1186 199
1172 199
1172 164
1159 164
1159 187
1156 187
1156 581
1157 581
1157 583
1160 583
1160 555
1162 555
1162 489
1175 489
1175 563
1169 563
1169 590
1171 590
1171 617
1177 617
1177 601
1182 601
1182 631
1179 631
1179 800
1170 800
1170 637
1167 637
1167 642
1164 642
1164 783
1152 783
1152 764
1154 764
1154 758
1155 758
1155 678
1153 678
1153 572
1149 572
1149 664
1150 664
1150 786
1147 786
1147 738
1146 738
1146 692
1139 692
1139 620
1148 620
1148 598
1144 598
1144 527
1138 527
1138 559
1141 559
1141 571
1136 571
1136 711
1140 711
1140 712
1145 712
1145 735
1143 735
1143 752
1135 752
1135 776
1142 776
1142 804
1151 804
1151 827
1134 827
1134 733
1131 733
1131 739
1123 739
1123 709
1121 709
1121 718
1119 718
1119 775
1117 775
1117 782
1125 782
1125 754
1133 754
1133 823
1124 823
1124 1037
1130 1037
1130 1043
1137 1043
1137 1038
1158 1038
1158 1057
1163 1057
1163 1041
1212 1041
1212 1069
1201 1069
1201 1112
1187 1112
1187 1095
1176 1095
1176 1166
1195 1166
1195 1219
1074 1219
1074 1215
1118 1215
1118 1209
913 1209
913 1206
935 1206
935 1195
931 1195
931 1191
1013 1191
1013 1193
937 1193
937 1200
1042 1200
1042 1189
1087 1189
1087 1207
1107 1207
1107 1159
1111 1159
1111 1138
803 1138
803 1140
677 1140
677 1141
627 1141
627 1122
548 1122
548 1182
453 1182
453 1186
437 1186
437 1078
438 1078
438 1168
441 1168
441 1164
440 1164
440 1060
443 1060
443 1032
448 1032
448 1130
449 1130
449 1077
459 1077
459 1048
462 1048
462 1136
491 1136
491 1157
511 1157
511 1124
487 1124
487 1110
513 1110
513 1119
525 1119
525 1092
521 1092
521 1086
501 1086
501 1065
495 1065
495 1018
561 1018
561 1028
611 1028
611 1024
565 1024
565 1023
609 1023
609 1022
591 1022
591 1015
588 1015
588 1017
579 1017
579 1014
492 1014
492 966
520 966
520 969
566 969
566 979
573 979
573 983
626 983
626 982
652 982
652 996
694 996
694 997
780 997
780 992
744 992
744 985
827 985
827 988
783 988
783 999
719 999
719 1005
773 1005
773 1001
745 1001
745 1000
832 1000
832 1027
784 1027
784 1033
767 1033
767 1040
751 1040
751 1049
859 1049
859 1047
943 1047
943 1050
1023 1050
1023 1051
765 1051
765 1071
788 1071
788 1087
800 1087
800 1085
820 1085
820 1084
882 1084
882 1066
854 1066
854 1056
792 1056
792 1052
1018 1052
1018 1054
994 1054
994 1055
1050 1055
1050 1031
1054 1031
1054 993
1049 993
1049 976
1043 976
1043 703
1047 703
1047 707
1048 707
1048 705
1057 705
1057 790
1061 790
1061 625
1029 625
1029 621
1020 621
1020 610
970 610
970 623
1028 623
1028 624
954 624
954 570
902 570
902 585
896 585
896 578
895 578
895 587
872 587
872 569
870 569
870 562
860 562
860 557
772 557
772 550
759 550
759 531
650 531
650 529
544 529
544 522
586 522
586 525
585 525
585 528
638 528
638 519
668 519
668 518
429 518
429 492
389 492
389 475
374 475
374 471
275 471
275 456
253 456
253 461
252 461
252 539
262 539
262 543
243 543
243 576
241 576
241 650
213 650
213 688
212 688
212 667
206 667
206 698
205 698
205 679
201 679
201 714
180 714
180 708
195 708
195 665
200 665
200 658
188 658
188 704
169 704
169 710
57 710
57 715
98 715
98 729
107 729
107 730
155 730
155 727
172 727
172 725
174 725
174 745
93 745
93 747
190 747
190 746
308 746
308 763
242 763
242 750
226 750
226 765
354 765
354 769
220 769
220 770
151 770
151 761
144 761
144 771
298 771
298 774
218 774
218 791
238 791
238 794
300 794
300 793
380 793
380 799
202 799
202 798
49 798
49 809
61 809
61 807
135 807
135 813
90 813
90 820
171 820
171 818
458 818
458 817
466 817
466 821
454 821
454 824
476 824
476 810
496 810
496 822
522 822
522 819
518 819
518 797
512 797
512 778
509 778
509 779
500 779
500 795
485 795
485 796
475 796
475 773
450 773
450 757
545 757
545 762
538 762
538 759
482 759
482 760
457 760
457 768
533 768
533 772
556 772
556 767
551 767
551 766
594 766
594 755
523 755
523 751
517 751
517 756
507 756
507 753
461 753
461 749
542 749
542 719
537 719
537 734
504 734
504 744
531 744
531 748
468 748
468 742
469 742
469 743
499 743
499 732
473 732
473 724
432 724
432 726
471 726
471 736
442 736
442 780
451 780
451 811
456 811
456 806
455 806
455 801
464 801
464 812
414 812
414 816
210 816
210 815
147 815
147 808
191 808
191 803
271 803
271 802
388 802
388 792
267 792
267 789
234 789
234 777
378 777
378 741
368 741
368 740
223 740
223 737
203 737
203 723
120 723
120 716
227 716
227 713
286 713
286 706
232 706
232 669
247 669
247 618
250 618
250 594
273 594
273 592
272 592
272 575
330 575
330 566
295 566
295 564
268 564
268 560
279 560
279 556
277 556
277 524
264 524
264 523
303 523
303 513
255 513
255 458
256 458
256 474
369 474
369 495
418 495
418 497
340 497
340 501
377 501
377 503
386 503
386 520
390 520
390 504
407 504
407 502
420 502
420 521
489 521
489 533
756 533
756 549
658 549
658 552
675 552
675 551
681 551
681 558
842 558
842 588
899 588
899 586
908 586
908 577
910 577
910 573
948 573
948 580
947 580
947 599
952 599
952 619
940 619
940 632
1059 632
1059 656
1011 656
1011 648
1055 648
1055 634
1007 634
1007 638
961 638
961 670
965 670
965 663
968 663
968 671
768 671
768 659
777 659
777 647
805 647
805 668
810 668
810 657
813 657
813 666
853 666
853 662
816 662
816 640
761 640
761 639
826 639
826 652
862 652
862 646
879 646
879 645
889 645
889 653
892 653
892 643
869 643
869 641
835 641
835 635
802 635
802 629
807 629
807 628
799 628
799 633
747 633
747 644
755 644
755 649
723 649
723 651
757 651
757 654
736 654
736 673
836 673
836 675
900 675
900 676
925 676
925 681
915 681
915 689
926 689
926 690
955 690
955 701
962 701
962 672
976 672
976 661
996 661
996 660
1052 660
1052 674
1060 674
1060 781
1058 781
1058 693
1040 693
1040 862
1041 862
1041 1045
921 1045
921 1046
758 1046
758 1042
831 1042
831 1039
898 1039
898 1036
838 1036
838 1012
839 1012
839 995
844 995
844 989
847 989
847 984
659 984
659 981
748 981
748 980
578 980
578 973
709 973
709 972
605 972
605 971
642 971
642 967
698 967
698 965
488 965
488 1016
480 1016
480 1002
478 1002
478 1008
465 1008
465 1021
494 1021
494 1083
483 1083
483 1107
474 1107
474 1089
463 1089
463 1030
433 1030
433 1029
445 1029
445 998
431 998
431 1148
436 1148
436 1165
427 1165
427 1132
423 1132
423 1011
415 1011
415 1013
421 1013
421 1063
400 1063
400 1059
397 1059
397 1058
351 1058
351 1064
419 1064
419 1180
435 1180
435 1190
550 1190
550 1179
554 1179
554 1170
549 1170
549 1127
624 1127
624 1129
595 1129
595 1142
1002 1142
1002 1139
1108 1139
1108 1153
1080 1153
1080 1154
1099 1154
1099 1188
906 1188
906 1210
1066 1210
1066 1222
1227 1222
1227 1216
1206 1216
1206 1162
1204 1162
1204 1152
1183 1152
1183 1114
1222 1114
1222 1111
1230 1111
1230 1094
1216 1094
1216 1091
1223 1091
1223 1034
1199 1034
1199 1026
1129 1026
1129 1003
1127 1003
1127 829
1165 829
1165 805
1180 805
1180 696
1181 696
1181 655
1197 655
1197 613
1194 613
1194 542
1191 542
1191 454
1214 454
1214 414
1233 414
1233 346
1235 346
1235 32
1115 32
1115 34
1062 34
1062 85
1067 85
1067 83
1069 83
1069 86
1075 86
1075 112
1037 112
1037 109
1039 109
1039 93
1025 93
1025 44
1022 44
1022 4
939 4
939 2
1034 2
1034 1
