272
110 1
110 2
144 2
144 3
143 3
143 19
138 19
138 26
135 26
135 4
103 4
103 8
87 8
87 15
88 15
88 37
80 37
80 62
73 62
73 67
81 67
81 70
78 70
78 96
83 96
83 98
84 98
84 103
64 103
64 90
63 90
63 86
70 86
70 74
69 74
69 64
67 64
67 43
72 43
72 34
68 34
68 30
61 30
61 35
58 35
58 18
65 18
65 17
54 17
54 51
52 51
52 20
50 20
50 38
51 38
51 76
57 76
57 49
55 49
55 27
56 27
56 47
59 47
59 92
60 92
60 65
62 65
62 104
77 104
77 105
79 105
79 109
66 109
66 111
75 111
75 124
53 124
53 132
47 132
47 146
32 146
32 143
45 143
45 97
44 97
44 82
42 82
42 116
28 116
28 114
13 114
13 107
6 107
6 84
8 84
8 66
9 66
9 79
10 79
10 85
14 85
14 83
15 83
15 75
11 75
11 61
3 61
3 68
2 68
2 72
5 72
5 73
1 73
1 106
4 106
4 125
16 125
16 123
12 123
12 118
7 118
7 117
31 117
31 119
27 119
27 120
40 120
40 129
43 129
43 137
39 137
39 133
36 133
36 140
30 140
30 144
29 144
29 142
22 142
22 147
37 147
37 149
46 149
46 148
48 148
48 134
71 134
71 138
49 138
49 141
74 141
74 136
82 136
82 127
76 127
76 121
86 121
86 102
85 102
85 41
89 41
89 58
93 58
93 60
96 60
96 59
95 59
95 56
97 56
97 46
94 46
94 44
90 44
90 21
92 21
92 12
91 12
91 11
114 11
114 10
108 10
108 9
112 9
112 6
115 6
115 7
119 7
119 5
126 5
126 13
127 13
127 25
121 25
121 22
101 22
101 29
99 29
99 32
100 32
100 36
98 36
98 45
107 45
107 69
111 69
111 54
109 54
109 53
122 53
122 55
124 55
124 52
116 52
116 50
141 50
141 71
140 71
140 88
137 88
137 115
136 115
136 94
132 94
132 108
125 108
125 112
130 112
130 110
134 110
134 113
129 113
129 122
139 122
139 130
133 130
133 126
123 126
123 128
131 128
131 131
118 131
118 145
120 145
120 139
146 139
146 150
148 150
148 135
142 135
142 48
113 48
113 40
106 40
106 42
105 42
105 39
102 39
102 24
104 24
104 28
117 28
117 33
128 33
128 31
150 31
150 14
149 14
149 23
147 23
147 16
145 16
145 1
