168
172 70
172 87
167 87
167 89
144 89
144 92
120 92
120 118
115 118
115 126
123 126
123 132
126 132
126 137
124 137
124 138
109 138
109 141
71 141
71 147
55 147
55 128
73 128
73 119
107 119
107 45
101 45
101 39
88 39
88 34
18 34
18 14
5 14
5 36
4 36
4 25
1 25
1 31
2 31
2 85
3 85
3 42
7 42
7 32
6 32
6 22
8 22
8 38
10 38
10 37
26 37
26 50
27 50
27 53
24 53
24 63
30 63
30 52
31 52
31 35
38 35
38 44
64 44
64 40
97 40
97 41
87 41
87 49
84 49
84 78
92 78
92 77
90 77
90 73
93 73
93 83
98 83
98 46
99 46
99 94
100 94
100 79
103 79
103 61
106 61
106 116
105 116
105 107
85 107
85 105
59 105
59 109
65 109
65 123
58 123
58 125
48 125
48 134
47 134
47 135
50 135
50 133
54 133
54 152
63 152
63 153
66 153
66 151
72 151
72 156
76 156
76 149
125 149
125 148
79 148
79 145
137 145
137 144
149 144
149 122
130 122
130 114
146 114
146 108
129 108
129 96
154 96
154 100
157 100
157 101
158 101
158 110
160 110
160 160
169 160
169 142
170 142
170 161
118 161
118 157
95 157
95 158
117 158
117 159
112 159
112 165
122 165
122 163
179 163
179 162
176 162
176 129
163 129
163 104
171 104
171 102
175 102
175 74
207 74
207 97
205 97
205 127
202 127
202 136
209 136
209 113
214 113
214 70
