102
71 141
71 147
55 147
55 128
73 128
73 119
107 119
107 45
101 45
101 39
88 39
88 34
18 34
18 14
5 14
5 36
4 36
4 25
1 25
1 31
2 31
2 85
3 85
3 42
7 42
7 32
6 32
6 22
8 22
8 38
10 38
10 37
26 37
26 50
27 50
27 53
24 53
24 63
30 63
30 52
31 52
31 35
38 35
38 44
64 44
64 40
97 40
97 41
87 41
87 49
84 49
84 78
92 78
92 77
90 77
90 73
93 73
93 83
98 83
98 46
99 46
99 94
100 94
100 79
103 79
103 61
106 61
106 116
105 116
105 107
85 107
85 105
59 105
59 109
65 109
65 123
58 123
58 125
48 125
48 134
47 134
47 135
50 135
50 133
54 133
54 152
63 152
63 153
66 153
66 151
72 151
72 156
76 156
76 149
125 149
125 148
79 148
79 145
137 145
137 144
149 144
149 141
