76
1 89
1 91
3 91
3 97
6 97
6 98
8 98
8 138
15 138
15 125
21 125
21 139
16 139
16 141
17 141
17 146
24 146
24 142
29 142
29 161
19 161
19 164
27 164
27 167
34 167
34 166
35 166
35 126
33 126
33 137
30 137
30 132
28 132
28 95
22 95
22 94
70 94
70 109
63 109
63 127
54 127
54 107
51 107
51 100
48 100
48 101
45 101
45 96
44 96
44 170
57 170
57 175
64 175
64 163
46 163
46 158
47 158
47 112
50 112
50 119
52 119
52 131
73 131
73 124
65 124
65 111
72 111
72 103
79 103
79 93
38 93
38 92
25 92
25 90
43 90
43 89
