358
87 6
87 3
39 3
39 60
37 60
37 74
23 74
23 46
36 46
36 44
32 44
32 36
20 36
20 75
18 75
18 32
14 32
14 13
13 13
13 45
12 45
12 59
7 59
7 9
31 9
31 8
5 8
5 42
4 42
4 64
9 64
9 63
10 63
10 82
26 82
26 76
42 76
42 88
2 88
2 89
1 89
1 91
3 91
3 97
6 97
6 98
8 98
8 138
15 138
15 125
21 125
21 139
16 139
16 141
17 141
17 146
24 146
24 142
29 142
29 161
19 161
19 164
27 164
27 167
34 167
34 166
35 166
35 126
33 126
33 137
30 137
30 132
28 132
28 95
22 95
22 94
70 94
70 109
63 109
63 127
54 127
54 107
51 107
51 100
48 100
48 101
45 101
45 96
44 96
44 170
57 170
57 175
58 175
58 183
59 183
59 176
64 176
64 163
46 163
46 158
47 158
47 112
50 112
50 119
52 119
52 133
55 133
55 144
61 144
61 131
66 131
66 184
82 184
82 160
93 160
93 168
85 168
85 180
90 180
90 187
94 187
94 162
97 162
97 174
98 174
98 155
100 155
100 153
108 153
108 154
112 154
112 156
121 156
121 150
118 150
118 129
119 129
119 145
122 145
122 143
124 143
124 140
154 140
154 113
161 113
161 165
158 165
158 169
160 169
160 171
156 171
156 177
147 177
147 195
144 195
144 182
136 182
136 188
137 188
137 185
142 185
142 186
139 186
139 191
143 191
143 198
179 198
179 197
183 197
183 196
185 196
185 199
184 199
184 200
186 200
186 190
200 190
200 189
178 189
178 192
181 192
181 193
171 193
171 194
148 194
148 179
170 179
170 178
164 178
164 130
167 130
167 116
196 116
196 114
176 114
176 110
159 110
159 108
172 108
172 104
174 104
174 105
175 105
175 106
177 106
177 99
165 99
165 102
127 102
127 115
105 115
105 120
149 120
149 117
151 117
151 136
150 136
150 135
138 135
138 128
116 128
116 152
96 152
96 148
95 148
95 147
86 147
86 149
84 149
84 159
80 159
80 181
68 181
68 173
74 173
74 172
67 172
67 151
73 151
73 124
65 124
65 111
69 111
69 121
71 121
71 123
72 123
72 103
75 103
75 157
76 157
76 134
78 134
78 122
77 122
77 118
79 118
79 93
38 93
38 92
25 92
25 90
43 90
43 77
60 77
60 66
62 66
62 61
56 61
56 57
41 57
41 34
40 34
40 4
81 4
81 10
83 10
83 15
99 15
99 31
102 31
102 79
114 79
114 73
115 73
115 72
106 72
106 70
129 70
129 81
134 81
134 71
133 71
133 54
132 54
132 58
117 58
117 69
104 69
104 38
103 38
103 17
110 17
110 23
109 23
109 47
107 47
107 52
120 52
120 51
111 51
111 43
113 43
113 35
128 35
128 33
123 33
123 27
130 27
130 29
131 29
131 30
155 30
155 39
152 39
152 78
173 78
173 53
168 53
168 56
166 56
166 67
162 67
162 65
153 65
153 49
169 49
169 48
182 48
182 50
187 50
187 55
195 55
195 41
180 41
180 40
157 40
157 28
135 28
135 18
126 18
126 14
101 14
101 11
91 11
91 7
92 7
92 6
