102
46 934
46 938
14 938
14 964
13 964
13 970
20 970
20 1105
21 1105
21 1164
4 1164
4 1167
1 1167
1 1192
7 1192
7 1182
38 1182
38 1180
71 1180
71 1183
60 1183
60 1187
76 1187
76 1205
10 1205
10 1217
31 1217
31 1208
63 1208
63 1209
88 1209
88 1207
79 1207
79 1184
111 1184
111 1168
108 1168
108 1177
26 1177
26 1176
67 1176
67 1170
66 1170
66 1165
61 1165
61 1163
121 1163
121 1223
126 1223
126 1247
133 1247
133 1245
158 1245
158 1250
168 1250
168 1244
163 1244
163 1240
157 1240
157 1238
132 1238
132 1222
137 1222
137 1219
134 1219
134 1161
52 1161
52 1173
22 1173
22 1058
23 1058
23 1002
30 1002
30 1010
32 1010
32 948
33 948
33 1123
89 1123
89 1089
87 1089
87 1092
69 1092
69 1118
62 1118
62 1121
34 1121
34 1065
37 1065
37 1077
40 1077
40 1041
45 1041
45 995
47 995
47 1047
70 1047
70 1040
53 1040
53 991
68 991
68 934
