1888
1245 1
1245 5
1122 5
1122 9
1082 9
1082 10
1243 10
1243 34
1242 34
1242 174
1239 174
1239 57
1235 57
1235 58
1234 58
1234 50
1214 50
1214 89
1220 89
1220 103
1208 103
1208 66
1201 66
1201 75
1191 75
1191 78
1204 78
1204 68
1207 68
1207 108
1167 108
1167 148
1169 148
1169 265
1102 265
1102 334
1094 334
1094 570
1091 570
1091 598
1085 598
1085 955
1087 955
1087 971
1093 971
1093 802
1095 802
1095 850
1114 850
1114 903
1116 903
1116 849
1124 849
1124 931
1106 931
1106 979
1113 979
1113 1000
1127 1000
1127 1003
1115 1003
1115 1069
1053 1069
1053 1072
1007 1072
1007 984
1003 984
1003 908
995 908
995 736
1000 736
1000 764
1043 764
1043 627
982 627
982 560
979 560
979 545
1038 545
1038 542
1063 542
1063 521
1062 521
1062 500
1029 500
1029 399
1059 399
1059 351
1061 351
1061 303
1056 303
1056 295
1066 295
1066 288
888 288
888 290
836 290
836 291
854 291
854 301
805 301
805 306
880 306
880 324
830 324
830 369
828 369
828 585
832 585
832 673
819 673
819 854
817 854
817 828
728 828
728 857
738 857
738 859
722 859
722 602
711 602
711 589
739 589
739 503
615 503
615 512
472 512
472 533
459 533
459 471
458 471
458 469
465 469
465 457
475 457
475 448
453 448
453 383
460 383
460 379
456 379
456 371
478 371
478 347
474 347
474 329
487 329
487 279
470 279
470 275
471 275
471 271
469 271
469 226
492 226
492 216
480 216
480 208
496 208
496 204
671 204
671 195
746 195
746 190
720 190
720 187
758 187
758 186
680 186
680 185
670 185
670 146
749 146
749 145
764 145
764 184
845 184
845 151
844 151
844 119
842 119
842 96
841 96
841 91
782 91
782 86
628 86
628 85
622 85
622 84
716 84
716 82
565 82
565 79
639 79
639 77
531 77
531 65
561 65
561 61
651 61
651 56
667 56
667 55
692 55
692 51
683 51
683 44
783 44
783 41
743 41
743 38
761 38
761 36
757 36
757 35
741 35
741 14
412 14
412 20
407 20
407 21
408 21
408 94
400 94
400 49
394 49
394 43
391 43
391 95
403 95
403 105
409 105
409 67
410 67
410 115
328 115
328 120
315 120
315 122
213 122
213 126
275 126
275 205
225 205
225 338
223 338
223 524
231 524
231 483
233 483
233 573
230 573
230 571
218 571
218 597
220 597
220 618
216 618
216 684
222 684
222 586
234 586
234 592
256 592
256 647
257 647
257 662
253 662
253 767
250 767
250 687
217 687
217 799
214 799
214 845
228 845
228 1064
224 1064
224 1046
215 1046
215 1022
199 1022
199 739
195 739
195 1055
193 1055
193 1081
190 1081
190 1156
185 1156
185 1150
181 1150
181 1145
144 1145
144 1131
112 1131
112 1095
106 1095
106 874
107 874
107 798
114 798
114 720
120 720
120 702
81 702
81 733
77 733
77 758
35 758
35 816
64 816
64 934
46 934
46 938
14 938
14 964
13 964
13 970
20 970
20 1105
21 1105
21 1164
4 1164
4 1167
1 1167
1 1192
7 1192
7 1182
38 1182
38 1180
71 1180
71 1183
60 1183
60 1187
76 1187
76 1205
10 1205
10 1217
31 1217
31 1208
63 1208
63 1209
88 1209
88 1207
79 1207
79 1184
111 1184
111 1168
108 1168
108 1177
26 1177
26 1176
67 1176
67 1170
66 1170
66 1165
61 1165
61 1163
121 1163
121 1223
126 1223
126 1247
133 1247
133 1245
158 1245
158 1250
168 1250
168 1244
163 1244
163 1240
157 1240
157 1238
132 1238
132 1222
137 1222
137 1219
134 1219
134 1161
52 1161
52 1173
22 1173
22 1058
23 1058
23 1002
30 1002
30 1010
32 1010
32 948
33 948
33 1123
89 1123
89 1089
87 1089
87 1092
69 1092
69 1118
62 1118
62 1121
34 1121
34 1065
37 1065
37 1077
40 1077
40 1041
45 1041
45 995
47 995
47 1047
70 1047
70 1040
53 1040
53 991
68 991
68 929
65 929
65 805
51 805
51 761
72 761
72 784
75 784
75 785
80 785
80 750
84 750
84 703
116 703
116 710
92 710
92 787
101 787
101 896
103 896
103 768
105 768
105 901
94 901
94 926
97 926
97 915
104 915
104 1033
99 1033
99 1051
90 1051
90 1059
93 1059
93 1115
102 1115
102 1139
127 1139
127 1146
164 1146
164 1147
171 1147
171 1153
170 1153
170 1155
169 1155
169 1162
167 1162
167 1185
172 1185
172 1152
174 1152
174 1174
182 1174
182 1169
177 1169
177 1157
196 1157
196 892
198 892
198 1048
212 1048
212 1078
229 1078
229 1074
232 1074
232 1138
209 1138
209 1143
210 1143
210 1148
241 1148
241 1140
272 1140
272 1125
283 1125
283 1114
263 1114
263 1099
259 1099
259 1117
240 1117
240 1056
239 1056
239 1060
235 1060
235 981
237 981
237 839
221 839
221 707
226 707
226 690
242 690
242 716
248 716
248 809
254 809
254 862
255 862
255 958
258 958
258 1005
280 1005
280 986
288 986
288 980
290 980
290 969
287 969
287 962
301 962
301 992
297 992
297 999
303 999
303 1021
311 1021
311 953
322 953
322 952
331 952
331 1039
338 1039
338 1080
334 1080
334 1111
335 1111
335 1178
384 1178
384 1181
356 1181
356 1193
368 1193
368 1198
350 1198
350 1211
380 1211
380 1196
383 1196
383 1226
405 1226
405 1221
413 1221
413 1210
416 1210
416 1213
418 1213
418 1199
404 1199
404 1197
399 1197
399 1216
392 1216
392 1194
389 1194
389 1179
386 1179
386 1175
385 1175
385 1172
342 1172
342 1116
344 1116
344 990
373 990
373 1016
377 1016
377 1031
374 1031
374 1085
378 1085
378 978
376 978
376 968
345 968
345 858
346 858
346 756
348 756
348 885
351 885
351 881
361 881
361 820
366 820
366 760
370 760
370 607
363 607
363 730
360 730
360 511
381 511
381 497
379 497
379 505
357 505
357 539
355 539
355 531
347 531
347 664
358 664
358 633
359 633
359 751
362 751
362 770
354 770
354 762
349 762
349 741
352 741
352 726
343 726
343 1091
341 1091
341 795
330 795
330 766
336 766
336 699
332 699
332 747
316 747
316 584
329 584
329 572
333 572
333 538
326 538
326 583
298 583
298 588
312 588
312 613
306 613
306 709
305 709
305 745
300 745
300 771
308 771
308 616
313 616
313 812
340 812
340 963
339 963
339 945
320 945
320 941
310 941
310 890
292 890
292 906
302 906
302 909
309 909
309 933
281 933
281 972
286 972
286 983
268 983
268 954
271 954
271 944
273 944
273 928
266 928
266 891
262 891
262 663
277 663
277 622
265 622
265 609
261 609
261 559
236 559
236 468
238 468
238 361
260 361
260 357
227 357
227 247
243 247
243 253
244 253
244 274
247 274
247 246
249 246
249 269
318 269
318 293
294 293
294 326
296 326
296 296
314 296
314 322
317 322
317 385
291 385
291 284
284 284
284 390
293 390
293 389
299 389
299 388
323 388
323 319
325 319
325 348
382 348
382 327
369 327
369 316
324 316
324 300
327 300
327 272
337 272
337 260
267 260
267 266
252 266
252 214
246 214
246 206
282 206
282 139
285 139
285 171
289 171
289 125
415 125
415 150
387 150
387 381
398 381
398 354
397 354
397 325
396 325
396 286
401 286
401 310
402 310
402 193
406 193
406 182
395 182
395 259
388 259
388 172
390 172
390 160
393 160
393 180
417 180
417 166
420 166
420 210
421 210
421 173
422 173
422 116
411 116
411 64
414 64
414 33
419 33
419 40
498 40
498 31
517 31
517 37
506 37
506 45
530 45
530 28
462 28
462 22
554 22
554 26
534 26
534 27
540 27
540 29
576 29
576 25
563 25
563 17
490 17
490 18
485 18
485 16
522 16
522 15
686 15
686 19
685 19
685 23
672 23
672 24
664 24
664 32
679 32
679 30
726 30
726 42
669 42
669 52
623 52
623 54
629 54
629 59
634 59
634 60
560 60
560 62
488 62
488 70
483 70
483 83
493 83
493 97
549 97
549 98
557 98
557 113
610 113
610 111
648 111
648 110
677 110
677 107
562 107
562 88
645 88
645 90
687 90
687 87
770 87
770 102
765 102
765 106
787 106
787 104
792 104
792 92
796 92
796 123
799 123
799 121
838 121
838 179
821 179
821 157
803 157
803 176
768 176
768 144
665 144
665 149
662 149
662 199
668 199
668 202
616 202
616 201
594 201
594 203
476 203
476 198
542 198
542 188
510 188
510 181
466 181
466 191
468 191
468 308
454 308
454 285
444 285
444 312
473 312
473 320
461 320
461 339
449 339
449 408
452 408
452 424
448 424
448 508
447 508
447 386
446 386
446 501
442 501
442 519
426 519
426 551
430 551
430 731
429 731
429 801
425 801
425 724
428 724
428 641
424 641
424 780
423 780
423 878
427 878
427 904
431 904
431 553
435 553
435 582
436 582
436 836
434 836
434 1012
433 1012
433 924
432 924
432 1090
440 1090
440 1034
441 1034
441 873
439 873
439 666
438 666
438 925
437 925
437 576
445 576
445 568
464 568
464 537
494 537
494 552
500 552
500 562
512 562
512 565
509 565
509 606
507 606
507 946
505 946
505 1004
508 1004
508 876
525 876
525 894
524 894
524 947
523 947
523 1023
526 1023
526 993
529 993
529 998
559 998
559 974
551 974
551 965
532 965
532 829
533 829
533 949
537 949
537 920
538 920
538 888
541 888
541 936
570 936
570 960
612 960
612 959
625 959
625 927
558 927
558 887
547 887
547 865
626 865
626 844
633 844
633 864
641 864
641 910
640 910
640 1009
635 1009
635 1061
636 1061
636 1025
647 1025
647 1127
611 1127
611 1093
451 1093
451 1101
443 1101
443 1106
467 1106
467 1102
491 1102
491 1098
455 1098
455 1097
497 1097
497 1120
502 1120
502 1119
552 1119
552 1100
566 1100
566 1096
608 1096
608 1126
585 1126
585 1133
621 1133
621 1128
632 1128
632 1134
650 1134
650 1028
649 1028
649 1007
646 1007
646 935
652 935
652 900
643 900
643 893
658 893
658 840
630 840
630 842
619 842
619 825
603 825
603 810
607 810
607 803
609 803
609 781
627 781
627 783
631 783
631 777
602 777
602 863
600 863
600 759
590 759
590 782
598 782
598 853
535 853
535 832
567 832
567 831
577 831
577 717
580 717
580 742
593 742
593 728
604 728
604 694
586 694
586 682
579 682
579 656
584 656
584 621
582 621
582 574
596 574
596 590
614 590
614 579
624 579
624 569
618 569
618 564
605 564
605 556
591 556
591 558
546 558
546 593
555 593
555 575
574 575
574 819
556 819
556 815
536 815
536 778
528 778
528 867
527 867
527 824
516 824
516 804
511 804
511 671
519 671
519 757
521 757
521 708
520 708
520 661
515 661
515 550
503 550
503 527
499 527
499 515
575 515
575 514
657 514
657 510
723 510
723 516
676 516
676 523
713 523
713 518
719 518
719 520
729 520
729 535
736 535
736 578
701 578
701 580
666 580
666 601
699 601
699 605
706 605
706 619
697 619
697 623
691 623
691 652
696 652
696 632
702 632
702 624
708 624
708 603
721 603
721 872
740 872
740 852
731 852
731 830
791 830
791 841
762 841
762 848
752 848
752 1067
704 1067
704 1030
725 1030
725 1044
744 1044
744 1006
727 1006
727 1024
737 1024
737 1027
732 1027
732 1026
703 1026
703 1029
700 1029
700 1110
693 1110
693 1186
698 1186
698 1160
694 1160
694 1159
709 1159
709 1122
707 1122
707 1108
705 1108
705 1070
712 1070
712 1088
715 1088
715 1149
718 1149
718 1071
755 1071
755 1083
748 1083
748 1087
759 1087
759 1079
773 1079
773 1038
771 1038
771 1043
763 1043
763 1037
753 1037
753 985
754 985
754 866
766 866
766 950
777 950
777 923
784 923
784 976
774 976
774 1035
795 1035
795 1050
775 1050
775 1229
798 1229
798 1232
742 1232
742 1231
688 1231
688 1233
681 1233
681 1235
660 1235
660 1237
690 1237
690 1239
760 1239
760 1241
751 1241
751 1242
767 1242
767 1243
745 1243
745 1249
747 1249
747 1246
785 1246
785 1248
789 1248
789 1236
750 1236
750 1234
863 1234
863 1220
862 1220
862 1225
788 1225
788 1212
786 1212
786 1228
780 1228
780 1188
781 1188
781 1094
778 1094
778 1054
794 1054
794 1063
861 1063
861 1066
864 1066
864 1057
800 1057
800 1008
776 1008
776 987
793 987
793 921
772 921
772 875
779 875
779 851
815 851
815 907
808 907
808 912
823 912
823 855
824 855
824 674
826 674
826 749
847 749
847 790
825 790
825 905
827 905
827 939
843 939
843 932
834 932
834 794
846 794
846 899
859 899
859 763
860 763
860 646
857 646
857 884
852 884
852 554
853 554
853 454
856 454
856 403
865 403
865 547
877 547
877 504
895 504
895 642
892 642
892 635
894 635
894 599
891 599
891 557
881 557
881 705
882 705
882 898
870 898
870 918
874 918
874 942
867 942
867 989
885 989
885 966
886 966
886 957
903 957
903 961
900 961
900 1011
893 1011
893 1015
872 1015
872 1019
913 1019
913 1017
904 1017
904 1013
906 1013
906 996
917 996
917 1001
918 1001
918 994
921 994
921 982
919 982
919 911
890 911
890 916
873 916
873 902
889 902
889 838
899 838
899 860
912 860
912 786
909 786
909 807
908 807
908 811
887 811
887 806
884 806
884 693
896 693
896 675
883 675
883 655
902 655
902 636
901 636
901 587
897 587
897 498
878 498
878 477
871 477
871 422
868 422
868 464
869 464
869 488
866 488
866 395
858 395
858 393
855 393
855 437
851 437
851 529
850 529
850 643
849 643
849 704
848 704
848 732
839 732
839 740
829 740
829 706
837 706
837 555
835 555
835 492
831 492
831 382
833 382
833 335
898 335
898 345
876 345
876 364
879 364
879 356
914 356
914 378
920 378
920 375
922 375
922 343
916 343
916 333
907 333
907 346
905 346
905 330
910 330
910 318
911 318
911 302
875 302
875 294
915 294
915 307
967 307
967 304
949 304
949 289
971 289
971 292
1045 292
1045 297
1042 297
1042 305
1037 305
1037 311
1052 311
1052 355
1048 355
1048 315
978 315
978 323
1012 323
1012 368
974 368
974 367
966 367
966 341
960 341
960 352
963 352
963 360
945 360
945 374
987 374
987 376
1014 376
1014 377
965 377
965 380
1018 380
1018 349
1016 349
1016 328
1041 328
1041 384
1031 384
1031 394
1028 394
1028 540
983 540
983 476
986 476
986 513
1002 513
1002 528
1008 528
1008 496
1004 496
1004 449
1010 449
1010 439
1009 439
1009 447
964 447
964 423
968 423
968 411
970 411
970 409
988 409
988 405
991 405
991 402
972 402
972 397
962 397
962 420
956 420
956 451
980 451
980 452
984 452
984 456
990 456
990 459
992 459
992 460
998 460
998 465
973 465
973 495
977 495
977 517
975 517
975 620
969 620
969 628
1040 628
1040 743
1039 743
1039 748
1033 748
1033 744
1001 744
1001 735
994 735
994 822
989 822
989 718
948 718
948 676
955 676
955 677
961 677
961 672
946 672
946 689
939 689
939 719
938 719
938 752
929 752
929 714
931 714
931 596
928 596
928 563
924 563
924 625
930 625
930 639
923 639
923 654
926 654
926 754
944 754
944 723
951 723
951 835
950 835
950 1036
947 1036
947 1052
941 1052
941 1018
936 1018
936 956
932 956
932 988
934 988
934 1045
937 1045
937 1082
940 1082
940 1166
942 1166
942 1200
935 1200
935 1195
927 1195
927 1191
925 1191
925 1201
933 1201
933 1202
943 1202
943 1084
952 1084
952 930
953 930
953 793
954 793
954 937
958 937
958 868
959 868
959 808
957 808
957 725
981 725
981 765
976 765
976 791
985 791
985 973
993 973
993 1068
996 1068
996 1014
997 1014
997 1141
999 1141
999 1076
1006 1076
1006 1107
1030 1107
1030 1130
1076 1130
1076 1136
1074 1136
1074 1144
1080 1144
1080 1151
1081 1151
1081 1129
1035 1129
1035 1113
1121 1113
1121 1203
1107 1203
1107 1137
1120 1137
1120 1135
1097 1135
1097 1204
1084 1204
1084 1214
1086 1214
1086 1206
1125 1206
1125 1171
1141 1171
1141 1218
1148 1218
1148 1158
1140 1158
1140 1154
1123 1154
1123 1112
1126 1112
1126 1104
1034 1104
1034 1109
1032 1109
1032 1103
1022 1103
1022 1073
1092 1073
1092 1075
1128 1075
1128 861
1133 861
1133 951
1139 951
1139 883
1179 883
1179 1190
1176 1190
1176 1227
1181 1227
1181 1230
1199 1230
1199 1189
1196 1189
1196 1124
1197 1124
1197 997
1195 997
1195 1215
1192 1215
1192 1224
1180 1224
1180 1020
1183 1020
1183 1032
1188 1032
1188 967
1182 967
1182 882
1186 882
1186 880
1138 880
1138 897
1136 897
1136 871
1144 871
1144 877
1163 877
1163 856
1154 856
1154 846
1146 846
1146 843
1130 843
1130 813
1098 813
1098 774
1112 774
1112 738
1089 738
1089 604
1096 604
1096 365
1104 365
1104 314
1109 314
1109 281
1129 281
1129 313
1132 313
1132 277
1152 277
1152 463
1117 463
1117 466
1160 466
1160 413
1157 413
1157 431
1156 431
1156 299
1164 299
1164 278
1168 278
1168 391
1171 391
1171 283
1170 283
1170 124
1178 124
1178 109
1190 109
1190 128
1200 128
1200 114
1203 114
1203 129
1209 129
1209 135
1225 135
1225 99
1226 99
1226 224
1230 224
1230 153
1229 153
1229 164
1228 164
1228 73
1233 73
1233 76
1237 76
1237 207
1236 207
1236 212
1231 212
1231 236
1232 236
1232 332
1227 332
1227 280
1222 280
1222 331
1218 331
1218 276
1213 276
1213 336
1211 336
1211 298
1205 298
1205 358
1212 358
1212 370
1206 370
1206 372
1216 372
1216 419
1217 419
1217 879
1219 879
1219 396
1223 396
1223 577
1224 577
1224 392
1221 392
1221 359
1238 359
1238 342
1215 342
1215 344
1210 344
1210 340
1240 340
1240 317
1241 317
1241 258
1244 258
1244 8
1131 8
1131 7
1159 7
1159 6
1246 6
1246 3
1247 3
1247 11
1250 11
1250 4
1248 4
1248 2
1249 2
1249 1
