560
408 64
408 94
409 94
409 67
410 67
410 115
328 115
328 120
315 120
315 122
213 122
213 126
275 126
275 205
225 205
225 338
223 338
223 524
231 524
231 483
233 483
233 573
230 573
230 571
218 571
218 597
220 597
220 618
216 618
216 684
222 684
222 586
234 586
234 592
256 592
256 647
257 647
257 662
253 662
253 767
250 767
250 687
217 687
217 799
214 799
214 845
228 845
228 1064
224 1064
224 1046
215 1046
215 1022
199 1022
199 739
195 739
195 1055
193 1055
193 1081
190 1081
190 1156
185 1156
185 1150
181 1150
181 1145
144 1145
144 1131
112 1131
112 1095
106 1095
106 874
107 874
107 798
114 798
114 720
120 720
120 702
81 702
81 733
77 733
77 758
35 758
35 816
64 816
64 934
46 934
46 938
14 938
14 964
13 964
13 970
20 970
20 1105
21 1105
21 1164
4 1164
4 1167
1 1167
1 1192
7 1192
7 1182
38 1182
38 1180
71 1180
71 1183
60 1183
60 1187
76 1187
76 1205
10 1205
10 1217
31 1217
31 1208
63 1208
63 1209
88 1209
88 1207
79 1207
79 1184
111 1184
111 1168
108 1168
108 1177
26 1177
26 1176
67 1176
67 1170
66 1170
66 1165
61 1165
61 1163
121 1163
121 1223
126 1223
126 1247
133 1247
133 1245
158 1245
158 1250
168 1250
168 1244
163 1244
163 1240
157 1240
157 1238
132 1238
132 1222
137 1222
137 1219
134 1219
134 1161
52 1161
52 1173
22 1173
22 1058
23 1058
23 1002
30 1002
30 1010
32 1010
32 948
33 948
33 1123
89 1123
89 1089
87 1089
87 1092
69 1092
69 1118
62 1118
62 1121
34 1121
34 1065
37 1065
37 1077
40 1077
40 1041
45 1041
45 995
47 995
47 1047
70 1047
70 1040
53 1040
53 991
68 991
68 929
65 929
65 805
51 805
51 761
72 761
72 784
75 784
75 785
80 785
80 750
84 750
84 703
116 703
116 710
92 710
92 787
101 787
101 896
103 896
103 768
105 768
105 901
94 901
94 926
97 926
97 915
104 915
104 1033
99 1033
99 1051
90 1051
90 1059
93 1059
93 1115
102 1115
102 1139
127 1139
127 1146
164 1146
164 1147
171 1147
171 1153
170 1153
170 1155
169 1155
169 1162
167 1162
167 1185
172 1185
172 1152
174 1152
174 1174
182 1174
182 1169
177 1169
177 1157
196 1157
196 892
198 892
198 1048
212 1048
212 1078
229 1078
229 1074
232 1074
232 1138
209 1138
209 1143
210 1143
210 1148
241 1148
241 1140
272 1140
272 1125
283 1125
283 1114
263 1114
263 1099
259 1099
259 1117
240 1117
240 1056
239 1056
239 1060
235 1060
235 981
237 981
237 839
221 839
221 707
226 707
226 690
242 690
242 716
248 716
248 809
254 809
254 862
255 862
255 958
258 958
258 1005
280 1005
280 986
288 986
288 980
290 980
290 969
287 969
287 962
301 962
301 992
297 992
297 999
303 999
303 1021
311 1021
311 953
322 953
322 952
331 952
331 1039
338 1039
338 1080
334 1080
334 1111
335 1111
335 1178
384 1178
384 1181
356 1181
356 1193
368 1193
368 1198
350 1198
350 1211
380 1211
380 1196
383 1196
383 1226
405 1226
405 1221
413 1221
413 1210
416 1210
416 1213
418 1213
418 1199
404 1199
404 1197
399 1197
399 1216
392 1216
392 1194
389 1194
389 1179
386 1179
386 1175
385 1175
385 1172
342 1172
342 1116
344 1116
344 990
373 990
373 1016
377 1016
377 1031
374 1031
374 1085
378 1085
378 978
376 978
376 968
345 968
345 858
346 858
346 756
348 756
348 885
351 885
351 881
361 881
361 820
366 820
366 760
370 760
370 607
363 607
363 730
360 730
360 511
381 511
381 497
379 497
379 505
357 505
357 539
355 539
355 531
347 531
347 664
358 664
358 633
359 633
359 751
362 751
362 770
354 770
354 762
349 762
349 741
352 741
352 726
343 726
343 1091
341 1091
341 795
330 795
330 766
336 766
336 699
332 699
332 747
316 747
316 584
329 584
329 572
333 572
333 538
326 538
326 583
298 583
298 588
312 588
312 613
306 613
306 709
305 709
305 745
300 745
300 771
308 771
308 616
313 616
313 812
340 812
340 963
339 963
339 945
320 945
320 941
310 941
310 890
292 890
292 906
302 906
302 909
309 909
309 933
281 933
281 972
286 972
286 983
268 983
268 954
271 954
271 944
273 944
273 928
266 928
266 891
262 891
262 663
277 663
277 622
265 622
265 609
261 609
261 559
236 559
236 468
238 468
238 361
260 361
260 357
227 357
227 247
243 247
243 253
244 253
244 274
247 274
247 246
249 246
249 269
318 269
318 293
294 293
294 326
296 326
296 296
314 296
314 322
317 322
317 385
291 385
291 284
284 284
284 390
293 390
293 389
299 389
299 388
323 388
323 319
325 319
325 348
382 348
382 327
369 327
369 316
324 316
324 300
327 300
327 272
337 272
337 260
267 260
267 266
252 266
252 214
246 214
246 206
282 206
282 139
285 139
285 171
289 171
289 125
415 125
415 150
387 150
387 381
398 381
398 354
397 354
397 325
396 325
396 286
401 286
401 310
402 310
402 193
406 193
406 182
395 182
395 259
388 259
388 172
390 172
390 160
393 160
393 180
417 180
417 166
420 166
420 210
421 210
421 173
422 173
422 116
411 116
411 64
