102
18 75
18 94
51 94
51 95
44 95
44 97
59 97
59 121
54 121
54 137
58 137
58 153
35 153
35 158
31 158
31 165
42 165
42 174
9 174
9 170
7 170
7 167
1 167
1 171
3 171
3 173
8 173
8 175
38 175
38 199
41 199
41 177
43 177
43 154
55 154
55 168
46 168
46 172
49 172
49 192
53 192
53 190
73 190
73 193
67 193
67 196
78 196
78 200
79 200
79 198
92 198
92 195
96 195
96 197
138 197
138 194
141 194
141 191
167 191
167 188
133 188
133 189
112 189
112 187
132 187
132 185
135 185
135 181
129 181
129 178
120 178
120 184
107 184
107 186
106 186
106 179
99 179
99 183
89 183
89 182
84 182
84 176
68 176
68 180
50 180
50 169
61 169
61 161
62 161
62 133
63 133
63 128
60 128
60 93
47 93
47 64
45 64
45 87
40 87
40 91
20 91
20 75
