88
44 3
44 6
43 6
43 11
8 11
8 10
1 10
1 29
3 29
3 28
5 28
5 37
4 37
4 44
9 44
9 45
11 45
11 32
13 32
13 26
15 26
15 38
25 38
25 41
23 41
23 42
20 42
20 46
26 46
26 49
27 49
27 48
30 48
30 43
31 43
31 50
40 50
40 47
37 47
37 39
41 39
41 40
45 40
45 36
28 36
28 35
22 35
22 34
16 34
16 33
17 33
17 22
19 22
19 25
18 25
18 30
47 30
47 31
48 31
48 24
34 24
34 23
39 23
39 20
10 20
10 19
7 19
7 21
12 21
12 27
2 27
2 13
21 13
21 17
24 17
24 12
42 12
42 15
33 15
33 14
29 14
29 16
36 16
36 18
49 18
49 9
46 9
46 3
