282
130 1
130 2
138 2
138 6
146 6
146 54
143 54
143 34
142 34
142 65
140 65
140 57
137 57
137 61
133 61
133 82
131 82
131 69
111 69
111 97
107 97
107 99
102 99
102 115
97 115
97 76
94 76
94 16
104 16
104 14
100 14
100 9
114 9
114 7
74 7
74 12
60 12
60 60
62 60
62 93
51 93
51 81
57 81
57 78
54 78
54 58
56 58
56 37
50 37
50 26
6 26
6 23
24 23
24 18
3 18
3 28
8 28
8 32
1 32
1 124
10 124
10 148
11 148
11 145
13 145
13 144
14 144
14 150
15 150
15 127
18 127
18 123
16 123
16 119
19 119
19 117
7 117
7 120
4 120
4 88
5 88
5 72
12 72
12 71
17 71
17 64
2 64
2 44
9 44
9 27
30 27
30 31
43 31
43 30
49 30
49 42
45 42
45 49
55 49
55 52
40 52
40 56
35 56
35 111
33 111
33 114
28 114
28 67
31 67
31 55
34 55
34 35
29 35
29 33
23 33
23 39
20 39
20 62
21 62
21 41
32 41
32 43
27 43
27 79
26 79
26 116
22 116
22 136
25 136
25 126
36 126
36 59
52 59
52 63
46 63
46 95
58 95
58 105
53 105
53 103
48 103
48 96
39 96
39 92
37 92
37 104
38 104
38 98
47 98
47 101
41 101
41 110
42 110
42 135
44 135
44 106
59 106
59 121
63 121
63 66
65 66
65 48
66 48
66 77
69 77
69 68
70 68
70 38
68 38
68 24
64 24
64 22
71 22
71 29
77 29
77 83
81 83
81 50
84 50
84 84
75 84
75 87
76 87
76 89
83 89
83 129
82 129
82 149
91 149
91 147
85 147
85 51
89 51
89 75
90 75
90 46
88 46
88 19
86 19
86 25
87 25
87 47
79 47
79 20
80 20
80 17
73 17
73 21
67 21
67 13
78 13
78 8
99 8
99 15
92 15
92 100
95 100
95 118
108 118
108 125
109 125
109 131
116 131
116 132
124 132
124 133
134 133
134 140
123 140
123 142
96 142
96 139
101 139
101 137
93 137
93 143
136 143
136 141
144 141
144 146
150 146
150 138
139 138
139 134
135 134
135 130
117 130
117 128
113 128
113 122
118 122
118 112
119 112
119 113
125 113
125 109
120 109
120 108
106 108
106 102
115 102
115 107
122 107
122 90
112 90
112 70
128 70
128 80
129 80
129 91
126 91
126 94
147 94
147 73
148 73
148 36
149 36
149 4
141 4
141 3
145 3
145 1
