1424
18 331
18 343
17 343
17 458
10 458
10 565
8 565
8 536
2 536
2 533
3 533
3 525
1 525
1 566
4 566
4 564
7 564
7 698
13 698
13 466
15 466
15 464
16 464
16 469
19 469
19 472
20 472
20 341
24 341
24 678
31 678
31 655
29 655
29 608
27 608
27 645
25 645
25 332
42 332
42 753
53 753
53 772
41 772
41 550
38 550
38 385
37 385
37 755
32 755
32 757
34 757
34 760
5 760
5 769
35 769
35 773
57 773
57 763
64 763
64 759
70 759
70 743
60 743
60 738
52 738
52 685
54 685
54 636
63 636
63 633
55 633
55 627
100 627
100 625
109 625
109 623
123 623
123 631
126 631
126 584
138 584
138 589
143 589
143 656
134 656
134 641
111 641
111 640
89 640
89 647
72 647
72 661
71 661
71 686
76 686
76 715
80 715
80 728
81 728
81 664
105 664
105 670
152 670
152 643
166 643
166 612
171 612
171 704
165 704
165 682
163 682
163 708
148 708
148 687
145 687
145 751
137 751
137 790
139 790
139 815
153 815
153 716
150 716
150 712
172 712
172 684
175 684
175 885
173 885
173 794
170 794
170 798
169 798
169 855
168 855
168 835
158 835
158 844
162 844
162 853
167 853
167 859
147 859
147 936
140 936
140 996
133 996
133 1000
129 1000
129 969
131 969
131 834
125 834
125 1005
120 1005
120 1009
146 1009
146 997
142 997
142 941
149 941
149 1010
179 1010
179 998
181 998
181 1012
160 1012
160 1029
156 1029
156 1022
104 1022
104 1186
101 1186
101 1112
103 1112
103 1063
96 1063
96 1068
95 1068
95 1071
92 1071
92 1075
98 1075
98 1171
91 1171
91 1132
88 1132
88 1205
230 1205
230 1206
319 1206
319 1207
322 1207
322 1212
355 1212
355 1210
411 1210
411 1228
396 1228
396 1232
398 1232
398 1233
455 1233
455 1234
427 1234
427 1244
541 1244
541 1247
610 1247
610 1248
712 1248
712 1246
666 1246
666 1245
586 1245
586 1243
766 1243
766 1250
789 1250
789 1235
792 1235
792 1218
788 1218
788 1217
794 1217
794 1173
796 1173
796 1174
801 1174
801 1172
848 1172
848 1179
849 1179
849 1183
857 1183
857 1196
1130 1196
1130 1188
1131 1188
1131 1190
1158 1190
1158 1199
1133 1199
1133 1200
1236 1200
1236 1201
1244 1201
1244 1191
1212 1191
1212 1143
1229 1143
1229 1131
1234 1131
1234 1180
1235 1180
1235 1128
1215 1128
1215 1133
1213 1133
1213 1123
1188 1123
1188 1121
1044 1121
1044 1087
1086 1087
1086 1062
1124 1062
1124 1034
1132 1034
1132 1028
1128 1028
1128 994
1121 994
1121 420
1098 420
1098 624
1100 624
1100 459
1103 459
1103 652
1097 652
1097 416
1093 416
1093 436
1091 436
1091 426
1087 426
1087 600
1088 600
1088 691
1084 691
1084 721
1090 721
1090 515
1094 515
1094 500
1096 500
1096 609
1095 609
1095 756
1092 756
1092 804
1089 804
1089 808
1080 808
1080 800
1081 800
1081 768
1079 768
1079 783
1074 783
1074 807
1072 807
1072 446
1073 446
1073 433
1061 433
1061 456
1050 456
1050 297
1049 297
1049 422
1047 422
1047 247
1048 247
1048 189
1042 189
1042 238
1041 238
1041 250
1046 250
1046 265
1045 265
1045 463
1054 463
1054 465
1051 465
1051 548
1058 548
1058 557
1056 557
1056 819
1060 819
1060 774
1059 774
1059 507
1052 507
1052 471
1064 471
1064 662
1065 662
1065 887
1057 887
1057 899
1055 899
1055 851
1053 851
1053 909
1040 909
1040 833
1034 833
1034 727
1035 727
1035 474
1032 474
1032 796
1031 796
1031 394
1028 394
1028 379
1024 379
1024 44
852 44
852 41
890 41
890 43
1000 43
1000 38
1007 38
1007 23
926 23
926 18
947 18
947 16
903 16
903 20
869 20
869 24
975 24
975 26
991 26
991 29
898 29
898 32
936 32
936 36
847 36
847 30
791 30
791 28
762 28
762 7
516 7
516 6
528 6
528 5
492 5
492 12
579 12
579 15
620 15
620 13
590 13
590 9
565 9
565 11
521 11
521 8
759 8
759 25
753 25
753 48
696 48
696 55
722 55
722 66
731 66
731 74
689 74
689 72
652 72
652 75
710 75
710 76
495 76
495 88
494 88
494 96
552 96
552 93
500 93
500 79
523 79
523 91
576 91
576 150
557 150
557 126
550 126
550 138
553 138
553 151
559 151
559 234
561 234
561 195
562 195
562 283
535 283
535 419
534 419
534 399
519 399
519 405
512 405
512 491
506 491
506 383
504 383
504 724
497 724
497 754
503 754
503 750
529 750
529 673
524 673
524 669
530 669
530 659
520 659
520 697
515 697
515 644
518 644
518 613
513 613
513 710
505 710
505 502
514 502
514 424
537 424
537 417
536 417
536 296
560 296
560 356
558 356
558 657
567 657
567 599
571 599
571 672
554 672
554 523
556 523
556 505
551 505
551 696
540 696
540 481
542 481
542 478
543 478
543 649
545 649
545 646
548 646
548 554
549 554
549 412
547 412
547 401
539 401
539 628
538 628
538 775
544 775
544 781
522 781
522 823
517 823
517 776
507 776
507 797
496 797
496 810
493 810
493 820
508 820
508 788
510 788
510 857
509 857
509 918
498 918
498 970
499 970
499 1044
532 1044
532 1043
501 1043
501 966
502 966
502 921
511 921
511 910
527 910
527 903
533 903
533 881
526 881
526 818
525 818
525 782
546 782
546 745
570 745
570 690
575 690
575 560
574 560
574 350
598 350
598 408
588 408
588 439
595 439
595 549
589 549
589 517
585 517
585 532
584 532
584 516
583 516
583 522
580 522
580 630
582 630
582 717
581 717
581 732
587 732
587 780
591 780
591 592
592 592
592 651
597 651
597 435
599 435
599 580
600 580
600 368
602 368
602 513
601 513
601 700
603 700
603 648
607 648
607 737
608 737
608 779
609 779
609 587
604 587
604 403
605 403
605 348
568 348
568 373
573 373
573 602
572 602
572 488
566 488
566 457
563 457
563 191
564 191
564 168
577 168
577 122
593 122
593 166
594 166
594 119
670 119
670 117
679 117
679 169
673 169
673 148
617 148
617 155
628 155
628 159
631 159
631 174
713 174
713 259
669 259
669 262
615 262
615 132
611 132
611 323
612 323
612 162
613 162
613 310
624 310
624 299
614 299
614 298
616 298
616 285
647 285
647 290
643 290
643 409
636 409
636 430
632 430
632 468
629 468
629 489
638 489
638 504
618 504
618 744
619 744
619 563
622 563
622 524
640 524
640 634
642 634
642 863
637 863
637 840
630 840
630 843
623 843
623 847
634 847
634 858
625 858
625 865
648 865
648 912
641 912
641 913
646 913
646 947
644 947
644 1003
626 1003
626 1026
633 1026
633 1011
649 1011
649 814
653 814
653 736
651 736
651 799
645 799
645 316
659 316
659 354
664 354
664 378
677 378
677 583
668 583
668 598
667 598
667 511
663 511
663 570
660 570
660 371
657 371
657 639
656 639
656 654
658 654
658 957
672 957
672 954
674 954
674 943
715 943
715 959
727 959
727 929
741 929
741 917
742 917
742 888
747 888
747 854
743 854
743 841
748 841
748 829
746 829
746 817
738 817
738 890
736 890
736 832
730 832
730 925
724 925
724 867
721 867
721 928
662 928
662 665
665 665
665 677
676 677
676 777
681 777
681 795
688 795
688 709
680 709
680 666
671 666
671 615
686 615
686 578
682 578
682 482
685 482
685 444
683 444
683 346
661 346
661 334
678 334
678 324
692 324
692 315
650 315
650 312
654 312
654 288
719 288
719 287
707 287
707 277
635 277
635 275
621 275
621 263
744 263
744 261
716 261
716 183
740 183
740 167
702 167
702 163
708 163
708 144
705 144
705 140
701 140
701 116
655 116
655 115
578 115
578 89
569 89
569 84
531 84
531 77
750 77
750 56
754 56
754 34
765 34
765 31
799 31
799 37
790 37
790 40
793 40
793 45
819 45
819 46
1019 46
1019 345
1018 345
1018 778
1020 778
1020 355
1022 355
1022 190
1023 190
1023 490
1030 490
1030 546
1027 546
1027 861
1014 861
1014 604
1015 604
1015 58
1016 58
1016 50
995 50
995 49
842 49
842 90
892 90
892 137
815 137
815 153
834 153
834 145
855 145
855 147
862 147
862 139
893 139
893 124
894 124
894 95
930 95
930 102
966 102
966 156
967 156
967 225
958 225
958 218
929 218
929 206
943 206
943 192
944 192
944 176
952 176
952 212
953 212
953 154
951 154
951 161
950 161
950 158
935 158
935 173
911 173
911 380
913 380
913 451
915 451
915 314
916 314
916 453
910 453
910 338
909 338
909 388
908 388
908 531
904 531
904 497
901 497
901 528
886 528
886 552
919 552
919 526
912 526
912 518
931 518
931 493
925 493
925 462
934 462
934 389
932 389
932 281
928 281
928 413
918 413
918 268
957 268
957 337
939 337
939 473
940 473
940 431
946 431
946 467
948 467
948 581
954 581
954 680
880 680
880 501
879 501
879 689
941 689
941 699
878 699
878 725
877 725
877 632
876 632
876 475
874 475
874 510
873 510
873 542
867 542
867 561
871 561
871 576
872 576
872 596
875 596
875 739
861 739
861 595
860 595
860 300
859 300
859 286
832 286
832 305
829 305
829 319
828 319
828 328
836 328
836 317
833 317
833 291
843 291
843 292
856 292
856 503
853 503
853 461
851 461
851 553
841 553
841 530
845 530
845 498
839 498
839 438
837 438
837 415
831 415
831 418
823 418
823 429
830 429
830 480
818 480
818 432
817 432
817 509
820 509
820 543
822 543
822 558
858 558
858 748
881 748
881 765
798 765
798 764
784 764
784 442
785 442
785 397
803 397
803 454
810 454
810 434
805 434
805 359
802 359
802 364
800 364
800 349
797 349
797 367
795 367
795 391
779 391
779 421
777 421
777 400
774 400
774 410
768 410
768 440
769 440
769 476
770 476
770 868
771 868
771 452
780 452
780 414
783 414
783 770
773 770
773 771
840 771
840 767
807 767
807 766
883 766
883 722
895 722
895 720
896 720
896 752
927 752
927 747
938 747
938 714
900 714
900 719
889 719
889 713
983 713
983 706
984 706
984 321
985 321
985 477
990 477
990 344
989 344
989 309
986 309
986 295
982 295
982 571
981 571
981 179
987 179
987 214
994 214
994 398
999 398
999 449
1001 449
1001 441
1003 441
1003 387
998 387
998 170
979 170
979 245
978 245
978 203
976 203
976 193
974 193
974 437
977 437
977 313
980 313
980 711
972 711
972 695
965 695
965 705
945 705
945 681
969 681
969 658
961 658
961 629
960 629
960 534
949 534
949 365
970 365
970 448
971 448
971 445
973 445
973 306
963 306
963 284
968 284
968 70
866 70
866 69
921 69
921 67
863 67
863 62
870 62
870 60
844 60
844 51
993 51
993 118
996 118
996 65
997 65
997 86
1006 86
1006 106
1008 106
1008 134
1009 134
1009 222
1005 222
1005 224
1011 224
1011 260
1010 260
1010 484
1013 484
1013 579
1012 579
1012 862
1029 862
1029 869
1037 869
1037 940
1068 940
1068 610
1067 610
1067 443
1071 443
1071 761
1070 761
1070 811
1099 811
1099 707
1104 707
1104 427
1108 427
1108 450
1113 450
1113 479
1114 479
1114 842
1107 842
1107 846
1109 846
1109 898
1115 898
1115 967
1085 967
1085 950
1069 950
1069 972
1066 972
1066 978
955 978
955 977
1063 977
1063 951
1021 951
1021 975
964 975
964 973
914 973
914 988
897 988
897 944
891 944
891 930
906 930
906 920
885 920
885 900
826 900
826 919
811 919
811 836
814 836
814 828
816 828
816 825
806 825
806 837
809 837
809 876
808 876
808 949
821 949
821 948
813 948
813 923
824 923
824 932
868 932
868 922
854 922
854 915
846 915
846 906
882 906
882 964
887 964
887 992
956 992
956 986
1002 986
1002 985
962 985
962 982
924 982
924 983
922 983
922 974
937 974
937 980
1117 980
1117 880
1116 880
1116 683
1119 683
1119 1013
1120 1013
1120 1019
1110 1019
1110 991
1105 991
1105 1017
1106 1017
1106 1036
1112 1036
1112 1030
1123 1030
1123 1057
1076 1057
1076 1079
1043 1079
1043 1082
1033 1082
1033 1096
959 1096
959 1100
920 1100
920 1088
905 1088
905 1084
888 1084
888 1081
865 1081
865 1086
835 1086
835 1097
902 1097
902 1099
825 1099
825 1106
827 1106
827 1110
850 1110
850 1109
884 1109
884 1107
1004 1107
1004 1105
838 1105
838 1101
923 1101
923 1102
1017 1102
1017 1103
1038 1103
1038 1120
1025 1120
1025 1122
1165 1122
1165 1124
1205 1124
1205 1134
1220 1134
1220 1129
1222 1129
1222 1137
1201 1137
1201 1150
1210 1150
1210 1193
1232 1193
1232 1198
1189 1198
1189 1197
1166 1197
1166 1194
1164 1194
1164 1187
1082 1187
1082 1195
864 1195
864 1170
782 1170
782 1202
786 1202
786 1230
787 1230
787 1249
781 1249
781 1242
763 1242
763 1241
487 1241
487 1240
437 1240
437 1237
467 1237
467 1226
414 1226
414 1209
336 1209
336 1204
94 1204
94 1189
106 1189
106 1038
130 1038
130 1035
161 1035
161 1025
182 1025
182 1001
188 1001
188 995
174 995
174 1008
151 1008
151 961
157 961
157 896
178 896
178 894
176 894
176 809
177 809
177 586
164 586
164 619
144 619
144 573
121 573
121 618
84 618
84 622
45 622
45 730
43 730
43 351
77 351
77 347
61 347
61 336
50 336
50 331
