532
18 331
18 343
17 343
17 458
10 458
10 565
8 565
8 536
2 536
2 533
3 533
3 525
1 525
1 566
4 566
4 564
7 564
7 698
13 698
13 466
15 466
15 464
16 464
16 469
19 469
19 472
20 472
20 341
24 341
24 678
31 678
31 655
29 655
29 608
27 608
27 645
25 645
25 332
42 332
42 753
53 753
53 772
41 772
41 550
38 550
38 385
37 385
37 755
32 755
32 757
34 757
34 760
5 760
5 769
35 769
35 773
57 773
57 763
64 763
64 759
70 759
70 743
60 743
60 738
52 738
52 685
54 685
54 636
63 636
63 633
55 633
55 627
100 627
100 625
109 625
109 623
123 623
123 631
126 631
126 584
138 584
138 589
143 589
143 656
134 656
134 641
111 641
111 640
89 640
89 647
72 647
72 661
71 661
71 686
76 686
76 715
80 715
80 728
81 728
81 664
105 664
105 670
152 670
152 643
166 643
166 612
171 612
171 704
165 704
165 682
163 682
163 708
148 708
148 687
145 687
145 751
137 751
137 790
139 790
139 815
153 815
153 716
150 716
150 712
172 712
172 684
175 684
175 885
173 885
173 794
170 794
170 798
169 798
169 855
168 855
168 835
158 835
158 844
162 844
162 853
167 853
167 859
147 859
147 936
140 936
140 996
133 996
133 1000
129 1000
129 969
131 969
131 834
125 834
125 1005
120 1005
120 1009
146 1009
146 997
142 997
142 941
149 941
149 1010
179 1010
179 998
181 998
181 1012
160 1012
160 1029
156 1029
156 1022
104 1022
104 1186
101 1186
101 1112
103 1112
103 1063
96 1063
96 1068
95 1068
95 1071
92 1071
92 1075
98 1075
98 1171
91 1171
91 1132
88 1132
88 1205
230 1205
230 1206
319 1206
319 1207
322 1207
322 1212
355 1212
355 1210
411 1210
411 1228
396 1228
396 1232
398 1232
398 1233
455 1233
455 1234
427 1234
427 1244
541 1244
541 1247
610 1247
610 1248
712 1248
712 1246
666 1246
666 1245
586 1245
586 1243
766 1243
766 1250
789 1250
789 1235
792 1235
792 1218
788 1218
788 1217
794 1217
794 1173
796 1173
796 1174
801 1174
801 1172
848 1172
848 1179
849 1179
849 1183
857 1183
857 1196
1130 1196
1130 1188
1131 1188
1131 1190
1158 1190
1158 1199
1133 1199
1133 1200
1236 1200
1236 1201
1244 1201
1244 1191
1212 1191
1212 1143
1229 1143
1229 1131
1234 1131
1234 1180
1235 1180
1235 1128
1215 1128
1215 1133
1213 1133
1213 1123
1188 1123
1188 1121
1044 1121
1044 1087
1086 1087
1086 1062
1124 1062
1124 1034
1132 1034
1132 1028
1128 1028
1128 994
1121 994
1121 420
1098 420
1098 624
1100 624
1100 459
1103 459
1103 652
1097 652
1097 416
1093 416
1093 436
1091 436
1091 426
1087 426
1087 600
1088 600
1088 691
1084 691
1084 721
1090 721
1090 515
1094 515
1094 500
1096 500
1096 609
1095 609
1095 756
1092 756
1092 804
1089 804
1089 808
1070 808
1070 811
1099 811
1099 707
1104 707
1104 427
1108 427
1108 450
1113 450
1113 479
1114 479
1114 842
1107 842
1107 846
1109 846
1109 898
1115 898
1115 967
1085 967
1085 950
1069 950
1069 972
1066 972
1066 978
955 978
955 977
1063 977
1063 951
1021 951
1021 975
964 975
964 973
914 973
914 988
897 988
897 944
891 944
891 930
906 930
906 920
885 920
885 900
826 900
826 919
811 919
811 836
814 836
814 828
816 828
816 825
806 825
806 837
809 837
809 876
808 876
808 949
821 949
821 948
813 948
813 923
824 923
824 932
868 932
868 922
854 922
854 915
846 915
846 906
882 906
882 964
887 964
887 992
956 992
956 986
1002 986
1002 985
962 985
962 982
924 982
924 983
922 983
922 974
937 974
937 980
1117 980
1117 880
1116 880
1116 683
1119 683
1119 1013
1120 1013
1120 1019
1110 1019
1110 991
1105 991
1105 1017
1106 1017
1106 1036
1112 1036
1112 1030
1123 1030
1123 1057
1076 1057
1076 1079
1043 1079
1043 1082
1033 1082
1033 1096
959 1096
959 1100
920 1100
920 1088
905 1088
905 1084
888 1084
888 1081
865 1081
865 1086
835 1086
835 1097
902 1097
902 1099
825 1099
825 1106
827 1106
827 1110
850 1110
850 1109
884 1109
884 1107
1004 1107
1004 1105
838 1105
838 1101
923 1101
923 1102
1017 1102
1017 1103
1038 1103
1038 1120
1025 1120
1025 1122
1165 1122
1165 1124
1205 1124
1205 1134
1220 1134
1220 1129
1222 1129
1222 1137
1201 1137
1201 1150
1210 1150
1210 1193
1232 1193
1232 1198
1189 1198
1189 1197
1166 1197
1166 1194
1164 1194
1164 1187
1082 1187
1082 1195
864 1195
864 1170
782 1170
782 1202
786 1202
786 1230
787 1230
787 1249
781 1249
781 1242
763 1242
763 1241
487 1241
487 1240
437 1240
437 1237
467 1237
467 1226
414 1226
414 1209
336 1209
336 1204
94 1204
94 1189
106 1189
106 1038
130 1038
130 1035
161 1035
161 1025
182 1025
182 1001
188 1001
188 995
174 995
174 1008
151 1008
151 961
157 961
157 896
178 896
178 894
176 894
176 809
177 809
177 586
164 586
164 619
144 619
144 573
121 573
121 618
84 618
84 622
45 622
45 730
43 730
43 351
77 351
77 347
61 347
61 336
50 336
50 331
