752
18 331
18 343
17 343
17 458
10 458
10 565
8 565
8 536
2 536
2 533
3 533
3 525
1 525
1 566
4 566
4 564
7 564
7 698
13 698
13 466
15 466
15 464
16 464
16 469
19 469
19 472
20 472
20 341
24 341
24 678
31 678
31 655
29 655
29 608
27 608
27 645
25 645
25 332
42 332
42 753
53 753
53 772
41 772
41 550
38 550
38 385
37 385
37 755
32 755
32 757
34 757
34 760
5 760
5 769
35 769
35 773
57 773
57 763
64 763
64 759
70 759
70 743
60 743
60 738
52 738
52 685
54 685
54 636
63 636
63 633
55 633
55 627
100 627
100 625
109 625
109 623
123 623
123 631
126 631
126 584
138 584
138 589
143 589
143 656
134 656
134 641
111 641
111 640
89 640
89 647
72 647
72 661
71 661
71 686
76 686
76 715
80 715
80 728
81 728
81 664
105 664
105 670
152 670
152 643
166 643
166 612
171 612
171 704
165 704
165 682
163 682
163 708
148 708
148 687
145 687
145 751
137 751
137 790
139 790
139 815
153 815
153 716
150 716
150 712
172 712
172 684
175 684
175 885
173 885
173 794
170 794
170 798
169 798
169 855
168 855
168 835
158 835
158 844
162 844
162 853
167 853
167 859
147 859
147 936
140 936
140 996
133 996
133 1000
129 1000
129 969
131 969
131 834
125 834
125 1005
120 1005
120 1009
146 1009
146 997
142 997
142 941
149 941
149 1010
179 1010
179 998
181 998
181 1012
160 1012
160 1029
156 1029
156 1022
104 1022
104 1186
101 1186
101 1112
103 1112
103 1063
96 1063
96 1068
95 1068
95 1071
92 1071
92 1075
98 1075
98 1171
91 1171
91 1132
88 1132
88 1205
230 1205
230 1206
319 1206
319 1207
322 1207
322 1212
355 1212
355 1210
411 1210
411 1228
396 1228
396 1232
398 1232
398 1233
455 1233
455 1234
427 1234
427 1244
541 1244
541 1247
610 1247
610 1248
712 1248
712 1246
666 1246
666 1245
586 1245
586 1243
766 1243
766 1250
789 1250
789 1235
792 1235
792 1218
788 1218
788 1217
794 1217
794 1173
796 1173
796 1174
801 1174
801 1172
848 1172
848 1179
849 1179
849 1183
857 1183
857 1196
1130 1196
1130 1188
1131 1188
1131 1190
1158 1190
1158 1199
1133 1199
1133 1200
1236 1200
1236 1201
1244 1201
1244 1191
1212 1191
1212 1143
1229 1143
1229 1131
1234 1131
1234 1180
1235 1180
1235 1128
1215 1128
1215 1133
1213 1133
1213 1123
1188 1123
1188 1121
1044 1121
1044 1087
1086 1087
1086 1062
1124 1062
1124 1034
1132 1034
1132 1028
1128 1028
1128 994
1121 994
1121 420
1098 420
1098 624
1100 624
1100 459
1103 459
1103 652
1097 652
1097 416
1093 416
1093 436
1091 436
1091 426
1087 426
1087 600
1088 600
1088 691
1084 691
1084 721
1090 721
1090 515
1094 515
1094 500
1096 500
1096 609
1095 609
1095 756
1092 756
1092 804
1089 804
1089 808
1080 808
1080 800
1081 800
1081 768
1079 768
1079 783
1074 783
1074 807
1072 807
1072 446
1073 446
1073 433
1061 433
1061 456
1050 456
1050 297
1049 297
1049 422
1047 422
1047 247
1048 247
1048 189
1042 189
1042 238
1041 238
1041 250
1046 250
1046 265
1045 265
1045 463
1054 463
1054 465
1051 465
1051 548
1058 548
1058 557
1056 557
1056 819
1060 819
1060 774
1059 774
1059 507
1052 507
1052 471
1064 471
1064 662
1065 662
1065 887
1057 887
1057 899
1055 899
1055 851
1053 851
1053 909
1040 909
1040 861
1014 861
1014 604
1015 604
1015 58
1016 58
1016 50
995 50
995 49
842 49
842 90
892 90
892 137
815 137
815 153
834 153
834 145
855 145
855 147
862 147
862 139
893 139
893 124
894 124
894 95
930 95
930 102
966 102
966 156
967 156
967 225
958 225
958 218
929 218
929 206
943 206
943 192
944 192
944 176
952 176
952 212
953 212
953 154
951 154
951 161
950 161
950 158
935 158
935 173
911 173
911 380
913 380
913 451
915 451
915 314
916 314
916 453
910 453
910 338
909 338
909 388
908 388
908 531
904 531
904 497
901 497
901 528
886 528
886 552
919 552
919 526
912 526
912 518
931 518
931 493
925 493
925 462
934 462
934 389
932 389
932 281
928 281
928 413
918 413
918 268
957 268
957 337
939 337
939 473
940 473
940 431
946 431
946 467
948 467
948 581
954 581
954 680
880 680
880 501
879 501
879 689
941 689
941 699
878 699
878 711
972 711
972 705
945 705
945 681
969 681
969 658
961 658
961 629
960 629
960 534
949 534
949 365
973 365
973 306
963 306
963 284
968 284
968 70
866 70
866 69
921 69
921 67
863 67
863 62
870 62
870 60
844 60
844 51
993 51
993 118
996 118
996 65
997 65
997 86
1006 86
1006 106
1008 106
1008 134
1009 134
1009 222
1005 222
1005 224
1011 224
1011 260
1010 260
1010 484
1013 484
1013 579
1012 579
1012 862
1029 862
1029 869
1037 869
1037 940
1068 940
1068 610
1067 610
1067 443
1071 443
1071 761
1070 761
1070 811
1099 811
1099 707
1104 707
1104 427
1108 427
1108 450
1113 450
1113 479
1114 479
1114 842
1107 842
1107 846
1109 846
1109 898
1115 898
1115 967
1085 967
1085 950
1069 950
1069 972
1066 972
1066 978
955 978
955 977
1063 977
1063 951
1021 951
1021 975
964 975
964 973
914 973
914 988
897 988
897 944
891 944
891 930
906 930
906 920
885 920
885 900
826 900
826 919
811 919
811 836
814 836
814 828
816 828
816 825
806 825
806 837
809 837
809 876
808 876
808 949
821 949
821 948
813 948
813 923
824 923
824 932
868 932
868 922
854 922
854 915
846 915
846 906
882 906
882 964
887 964
887 992
956 992
956 986
1002 986
1002 985
962 985
962 982
924 982
924 983
922 983
922 974
937 974
937 980
1117 980
1117 880
1116 880
1116 683
1119 683
1119 1013
1120 1013
1120 1019
1110 1019
1110 991
1105 991
1105 1017
1106 1017
1106 1036
1112 1036
1112 1030
1123 1030
1123 1057
1076 1057
1076 1079
1043 1079
1043 1082
1033 1082
1033 1096
959 1096
959 1100
920 1100
920 1088
905 1088
905 1084
888 1084
888 1081
865 1081
865 1086
835 1086
835 1097
902 1097
902 1099
825 1099
825 1106
827 1106
827 1110
850 1110
850 1109
884 1109
884 1107
1004 1107
1004 1105
838 1105
838 1101
923 1101
923 1102
1017 1102
1017 1103
1038 1103
1038 1120
1025 1120
1025 1122
1165 1122
1165 1124
1205 1124
1205 1134
1220 1134
1220 1129
1222 1129
1222 1137
1201 1137
1201 1150
1210 1150
1210 1193
1232 1193
1232 1198
1189 1198
1189 1197
1166 1197
1166 1194
1164 1194
1164 1187
1082 1187
1082 1195
864 1195
864 1170
782 1170
782 1202
786 1202
786 1230
787 1230
787 1249
781 1249
781 1242
763 1242
763 1241
487 1241
487 1240
437 1240
437 1237
467 1237
467 1226
414 1226
414 1209
336 1209
336 1204
94 1204
94 1189
106 1189
106 1038
130 1038
130 1035
161 1035
161 1025
182 1025
182 1001
188 1001
188 995
174 995
174 1008
151 1008
151 961
157 961
157 896
178 896
178 894
176 894
176 809
177 809
177 586
164 586
164 619
144 619
144 573
121 573
121 618
84 618
84 622
45 622
45 730
43 730
43 351
77 351
77 347
61 347
61 336
50 336
50 331
