212
3 21
3 57
1 57
1 97
2 97
2 69
5 69
5 91
4 91
4 135
7 135
7 131
9 131
9 161
10 161
10 162
19 162
19 153
24 153
24 152
25 152
25 145
21 145
21 139
15 139
15 134
20 134
20 137
36 137
36 133
40 133
40 125
13 125
13 119
11 119
11 117
6 117
6 65
12 65
12 62
8 62
8 27
17 27
17 37
14 37
14 52
23 52
23 46
27 46
27 70
29 70
29 79
37 79
37 75
44 75
44 68
57 68
57 72
59 72
59 64
53 64
53 66
48 66
48 63
34 63
34 61
64 61
64 55
62 55
62 47
63 47
63 40
65 40
65 29
85 29
85 81
86 81
86 96
87 96
87 58
89 58
89 42
90 42
90 78
91 78
91 80
92 80
92 116
97 116
97 122
83 122
83 129
96 129
96 159
84 159
84 157
82 157
82 158
73 158
73 127
74 127
74 140
78 140
78 73
76 73
76 76
75 76
75 71
79 71
79 84
80 84
80 39
70 39
70 59
66 59
66 74
71 74
71 132
72 132
72 144
69 144
69 138
67 138
67 151
68 151
68 172
52 172
52 174
43 174
43 186
41 186
41 200
42 200
42 189
49 189
49 187
60 187
60 179
77 179
77 165
88 165
88 160
94 160
94 199
108 199
108 198
200 198
200 170
186 170
186 163
185 163
185 164
179 164
179 107
181 107
181 104
182 104
182 92
177 92
177 108
174 108
174 130
178 130
178 155
176 155
176 156
175 156
175 167
183 167
183 171
199 171
199 195
121 195
121 197
110 197
110 196
109 196
109 192
102 192
102 191
188 191
188 190
101 190
101 178
103 178
103 175
100 175
100 173
99 173
99 166
104 166
104 150
129 150
129 147
119 147
119 143
98 143
98 113
93 113
93 25
61 25
61 34
54 34
54 54
46 54
46 60
30 60
30 44
26 44
26 43
18 43
18 21
