226
96 5
96 7
42 7
42 11
33 11
33 12
28 12
28 17
46 17
46 24
31 24
31 28
32 28
32 35
34 35
34 45
61 45
61 50
55 50
55 57
59 57
59 106
58 106
58 104
56 104
56 100
48 100
48 66
37 66
37 83
27 83
27 86
25 86
25 105
26 105
26 112
24 112
24 116
20 116
20 118
9 118
9 129
3 129
3 113
7 113
7 90
4 90
4 71
5 71
5 46
8 46
8 42
11 42
11 41
1 41
1 63
2 63
2 135
6 135
6 134
22 134
22 146
19 146
19 150
23 150
23 124
21 124
21 122
30 122
30 97
39 97
39 93
36 93
36 87
29 87
29 85
40 85
40 68
44 68
44 96
41 96
41 107
54 107
54 110
51 110
51 126
60 126
60 70
62 70
62 32
49 32
49 29
47 29
47 20
50 20
50 16
43 16
43 9
52 9
52 10
104 10
104 8
97 8
97 6
135 6
135 13
91 13
91 15
83 15
83 18
73 18
73 19
122 19
122 36
117 36
117 26
111 26
111 30
66 30
66 114
65 114
65 47
64 47
64 149
71 149
71 69
72 69
72 76
74 76
74 121
78 121
78 136
77 136
77 145
75 145
75 148
79 148
79 119
76 119
76 52
69 52
69 94
70 94
70 108
68 108
68 95
67 95
67 40
82 40
82 56
87 56
87 55
84 55
84 54
85 54
85 31
109 31
109 39
108 39
108 33
98 33
98 43
101 43
101 49
103 49
103 44
118 44
118 37
127 37
127 59
123 59
123 75
121 75
121 62
106 62
106 74
107 74
107 78
86 78
86 81
110 81
110 67
115 67
115 82
113 82
113 128
119 128
119 109
130 109
130 102
116 102
116 79
125 79
125 61
131 61
131 130
105 130
105 132
137 132
137 127
141 127
141 125
149 125
149 120
133 120
133 101
140 101
140 98
136 98
136 92
138 92
138 91
143 91
143 89
132 89
132 48
150 48
150 34
124 34
124 27
129 27
129 21
134 21
134 14
145 14
145 5
