654
482 1
482 10
472 10
472 24
471 24
471 64
478 64
478 67
479 67
479 83
460 83
460 98
451 98
451 58
446 58
446 78
442 78
442 56
441 56
441 79
438 79
438 88
450 88
450 89
440 89
440 91
422 91
422 82
424 82
424 61
420 61
420 62
421 62
421 71
374 71
374 69
378 69
378 68
396 68
396 63
372 63
372 75
368 75
368 44
387 44
387 49
391 49
391 38
375 38
375 33
402 33
402 30
373 30
373 13
371 13
371 6
376 6
376 5
377 5
377 4
401 4
401 14
405 14
405 2
370 2
370 23
364 23
364 45
365 45
365 133
332 133
332 118
350 118
350 92
346 92
346 108
342 108
342 116
337 116
337 104
334 104
334 74
330 74
330 99
329 99
329 137
354 137
354 138
352 138
352 143
394 143
394 159
436 159
436 156
423 156
423 155
417 155
417 152
437 152
437 157
454 157
454 158
463 158
463 160
389 160
389 168
413 168
413 163
393 163
393 162
427 162
427 166
439 166
439 167
475 167
475 164
468 164
468 161
497 161
497 183
493 183
493 173
486 173
486 169
485 169
485 175
489 175
489 188
483 188
483 207
477 207
477 186
466 186
466 179
322 179
322 172
314 172
314 178
312 178
312 170
307 170
307 111
321 111
321 109
298 109
298 125
302 125
302 135
304 135
304 139
305 139
305 203
308 203
308 204
336 204
336 229
339 229
339 244
357 244
357 243
340 243
340 201
317 201
317 199
327 199
327 197
315 197
315 184
326 184
326 181
362 181
362 187
414 187
414 185
447 185
447 180
464 180
464 194
455 194
455 273
459 273
459 337
449 337
449 390
452 390
452 395
445 395
445 399
453 399
453 407
444 407
444 408
411 408
411 409
335 409
335 423
319 423
319 403
320 403
320 392
323 392
323 387
297 387
297 347
289 347
289 231
277 231
277 234
274 234
274 237
260 237
260 238
270 238
270 239
275 239
275 240
278 240
278 300
273 300
273 255
266 255
266 252
242 252
242 257
228 257
228 254
213 254
213 280
211 280
211 289
217 289
217 286
220 286
220 261
238 261
238 306
230 306
230 377
205 377
205 376
209 376
209 356
206 356
206 341
178 341
178 340
182 340
182 336
129 336
129 348
131 348
131 357
111 357
111 365
37 365
37 363
32 363
32 358
27 358
27 351
19 351
19 285
10 285
10 283
7 283
7 281
1 281
1 304
4 304
4 307
9 307
9 318
6 318
6 325
3 325
3 319
2 319
2 329
5 329
5 375
8 375
8 383
13 383
13 382
15 382
15 378
11 378
11 355
12 355
12 305
16 305
16 291
18 291
18 370
21 370
21 369
160 369
160 373
176 373
176 372
162 372
162 354
133 354
133 359
140 359
140 362
144 362
144 361
155 361
155 368
20 368
20 364
34 364
34 366
132 366
132 342
150 342
150 339
152 339
152 344
199 344
199 360
197 360
197 374
186 374
186 379
188 379
188 384
191 384
191 381
201 381
201 380
231 380
231 353
245 353
245 350
248 350
248 274
240 274
240 268
258 268
258 270
263 270
263 267
246 267
246 266
243 266
243 258
256 258
256 253
264 253
264 282
265 282
265 295
268 295
268 277
269 277
269 275
272 275
272 303
280 303
280 311
281 311
281 272
283 272
283 269
282 269
282 260
284 260
284 293
285 293
285 233
287 233
287 371
292 371
292 385
293 385
293 393
301 393
301 404
290 404
290 418
257 418
257 389
252 389
252 411
254 411
254 412
249 412
249 416
247 416
247 396
241 396
241 397
193 397
193 394
222 394
222 386
208 386
208 388
210 388
210 391
185 391
185 405
194 405
194 398
233 398
233 400
198 400
198 401
207 401
207 402
227 402
227 415
214 415
214 436
223 436
223 445
316 445
316 440
347 440
347 448
358 448
358 438
294 438
294 443
262 443
262 441
235 441
235 417
253 417
253 422
295 422
295 428
299 428
299 433
244 433
244 437
395 437
395 439
390 439
390 449
407 449
407 446
425 446
425 483
430 483
430 487
360 487
360 480
399 480
399 474
380 474
380 478
359 478
359 456
412 456
412 452
383 452
383 455
356 455
356 453
355 453
355 475
343 475
343 482
345 482
345 485
341 485
341 470
331 470
331 454
325 454
325 450
300 450
300 451
288 451
288 458
296 458
296 462
279 462
279 463
229 463
229 457
203 457
203 459
204 459
204 466
196 466
196 473
216 473
216 486
212 486
212 497
215 497
215 498
218 498
218 492
234 492
234 477
226 477
226 471
261 471
261 469
251 469
251 468
224 468
224 464
313 464
313 465
267 465
267 467
276 467
276 472
309 472
309 479
318 479
318 461
324 461
324 476
333 476
333 481
306 481
306 499
311 499
311 484
328 484
328 488
349 488
349 490
392 490
392 491
379 491
379 494
361 494
361 495
400 495
400 489
403 489
403 493
419 493
419 496
432 496
432 500
435 500
435 460
434 460
434 447
426 447
426 444
408 444
408 442
416 442
416 431
398 431
398 434
348 434
348 435
303 435
303 432
310 432
310 427
344 427
344 429
363 429
363 430
385 430
385 426
353 426
353 424
382 424
382 425
433 425
433 421
410 421
410 420
381 420
381 419
338 419
338 410
409 410
409 413
428 413
428 414
456 414
456 367
469 367
469 290
465 290
465 343
461 343
461 251
462 251
462 241
467 241
467 220
470 220
470 232
473 232
473 227
476 227
476 217
490 217
490 205
491 205
491 209
498 209
498 200
494 200
494 198
492 198
492 189
500 189
500 146
499 146
499 153
488 153
488 148
448 148
448 149
457 149
457 150
397 150
397 145
418 145
418 134
431 134
431 129
415 129
415 140
386 140
386 141
366 141
366 52
367 52
367 81
384 81
384 80
406 80
406 101
487 101
487 97
496 97
496 65
480 65
480 59
481 59
481 57
495 57
495 48
474 48
474 11
484 11
484 1
