128
396 26
396 39
257 39
257 41
258 41
258 65
236 65
236 62
206 62
206 36
173 36
173 49
188 49
188 53
155 53
155 50
154 50
154 149
156 149
156 339
153 339
153 370
157 370
157 436
130 436
130 442
122 442
122 497
23 497
23 496
114 496
114 495
43 495
43 494
13 494
13 488
4 488
4 487
1 487
1 499
90 499
90 500
116 500
116 498
128 498
128 453
127 453
127 458
124 458
124 446
141 446
141 440
158 440
158 54
159 54
159 57
164 57
164 55
193 55
193 48
197 48
197 52
200 52
200 58
202 58
202 66
231 66
231 71
261 71
261 70
260 70
260 42
302 42
302 43
270 43
270 45
373 45
373 40
406 40
406 35
407 35
407 28
428 28
428 29
410 29
410 44
416 44
416 59
381 59
381 117
375 117
375 68
315 68
315 72
248 72
248 96
241 96
241 111
239 111
239 137
214 137
214 153
319 153
319 152
242 152
242 125
250 125
250 74
323 74
323 73
369 73
369 69
371 69
371 84
372 84
372 122
390 122
390 79
398 79
398 60
429 60
429 46
417 46
417 34
441 34
441 32
432 32
432 26
