784
330 1
330 5
230 5
230 3
207 3
207 14
294 14
294 9
298 9
298 12
327 12
327 15
169 15
169 19
271 19
271 18
405 18
405 21
396 21
396 39
365 39
365 38
288 38
288 30
283 30
283 31
257 31
257 41
258 41
258 65
236 65
236 56
232 56
232 51
215 51
215 61
224 61
224 62
206 62
206 24
198 24
198 23
182 23
182 27
165 27
165 22
162 22
162 36
173 36
173 49
188 49
188 53
155 53
155 50
154 50
154 149
156 149
156 339
153 339
153 370
157 370
157 436
143 436
143 336
138 336
138 286
142 286
142 37
140 37
140 242
139 242
139 11
148 11
148 104
144 104
144 394
145 394
145 112
146 112
146 411
147 411
147 251
152 251
152 85
149 85
149 16
150 16
150 7
151 7
151 6
132 6
132 131
131 131
131 148
133 148
133 272
134 272
134 204
135 204
135 170
136 170
136 409
137 409
137 432
130 432
130 442
122 442
122 497
23 497
23 496
114 496
114 485
108 485
108 481
113 481
113 418
82 418
82 421
96 421
96 419
111 419
111 445
105 445
105 491
79 491
79 492
64 492
64 493
99 493
99 495
43 495
43 494
13 494
13 488
4 488
4 487
1 487
1 499
90 499
90 500
116 500
116 498
128 498
128 453
127 453
127 458
124 458
124 446
141 446
141 440
158 440
158 54
159 54
159 57
164 57
164 55
193 55
193 48
197 48
197 52
200 52
200 58
202 58
202 66
231 66
231 71
261 71
261 70
260 70
260 42
302 42
302 43
270 43
270 45
373 45
373 40
406 40
406 35
407 35
407 28
428 28
428 29
410 29
410 44
416 44
416 59
381 59
381 117
375 117
375 64
356 64
356 63
278 63
278 68
315 68
315 72
248 72
248 96
241 96
241 111
239 111
239 137
214 137
214 155
219 155
219 157
222 157
222 168
220 168
220 181
217 181
217 193
223 193
223 184
247 184
247 186
251 186
251 201
246 201
246 215
225 215
225 200
218 200
218 292
226 292
226 295
211 295
211 325
216 325
216 343
186 343
186 281
180 281
180 267
205 267
205 269
209 269
209 217
208 217
208 212
199 212
199 238
196 238
196 265
195 265
195 261
177 261
177 345
178 345
178 382
184 382
184 395
166 395
166 428
167 428
167 431
190 431
190 430
175 430
175 413
171 413
171 406
191 406
191 456
185 456
185 438
181 438
181 441
176 441
176 447
174 447
174 449
170 449
170 448
161 448
161 450
172 450
172 461
160 461
160 462
163 462
163 466
168 466
168 471
192 471
192 470
213 470
213 454
210 454
210 469
203 469
203 455
204 455
204 439
235 439
235 437
201 437
201 468
194 468
194 405
187 405
187 372
179 372
179 363
183 363
183 369
189 369
189 344
233 344
233 361
229 361
229 364
237 364
237 387
234 387
234 390
238 390
238 322
212 322
212 310
227 310
227 243
243 243
243 347
240 347
240 368
244 368
244 259
249 259
249 350
252 350
252 331
263 331
263 424
276 424
276 381
292 381
292 327
290 327
290 237
286 237
286 206
280 206
280 232
279 232
279 236
273 236
273 202
267 202
267 239
284 239
284 254
266 254
266 302
274 302
274 262
285 262
285 289
289 289
289 335
281 335
281 353
275 353
275 359
269 359
269 416
265 416
265 414
264 414
264 311
259 311
259 312
256 312
256 304
255 304
255 287
253 287
253 258
254 258
254 275
262 275
262 183
221 183
221 174
228 174
228 153
318 153
318 172
301 172
301 224
300 224
300 328
293 328
293 360
299 360
299 373
297 373
297 388
303 388
303 367
320 367
320 422
324 422
324 417
322 417
322 389
321 389
321 357
304 357
304 208
305 208
305 192
306 192
306 180
308 180
308 260
309 260
309 323
307 323
307 324
312 324
312 348
316 348
316 307
314 307
314 278
311 278
311 191
319 191
319 127
317 127
317 109
310 109
310 106
295 106
295 99
328 99
328 119
329 119
329 76
326 76
326 95
291 95
291 93
325 93
325 80
296 80
296 81
277 81
277 124
272 124
272 135
282 135
282 129
313 129
313 143
287 143
287 152
242 152
242 125
245 125
245 145
268 145
268 128
250 128
250 74
323 74
323 73
368 73
368 75
369 75
369 69
371 69
371 84
372 84
372 151
393 151
393 154
383 154
383 169
394 169
394 205
374 205
374 226
385 226
385 298
379 298
379 252
376 252
376 473
380 473
380 317
382 317
382 478
339 478
339 451
344 451
344 475
361 475
361 465
362 465
362 464
367 464
367 463
345 463
345 435
366 435
366 433
364 433
364 415
360 415
360 434
359 434
359 423
343 423
343 402
353 402
353 392
358 392
358 222
355 222
355 216
354 216
354 294
357 294
357 349
352 349
352 175
341 175
341 146
338 146
338 245
335 245
335 136
333 136
333 160
332 160
332 227
334 227
334 270
340 270
340 209
347 209
347 247
349 247
349 380
350 380
350 365
351 365
351 384
348 384
348 385
346 385
346 375
331 375
331 383
336 383
336 480
337 480
337 482
342 482
342 490
384 490
384 483
395 483
395 444
391 444
391 474
387 474
387 274
389 274
389 271
388 271
388 257
386 257
386 223
378 223
378 210
401 210
401 98
403 98
403 158
404 158
404 126
408 126
408 77
400 77
400 86
399 86
399 122
390 122
390 79
398 79
398 60
409 60
409 67
429 67
429 46
417 46
417 34
441 34
441 32
432 32
432 26
447 26
447 33
446 33
446 47
443 47
443 91
442 91
442 123
437 123
437 97
436 97
436 89
433 89
433 134
424 134
424 82
415 82
415 113
412 113
412 87
411 87
411 173
413 173
413 139
414 139
414 315
421 315
421 356
430 356
430 366
431 366
431 371
434 371
434 399
438 399
438 407
453 407
453 396
439 396
439 358
478 358
478 362
492 362
492 314
495 314
495 318
500 318
500 309
499 309
499 249
491 249
491 277
490 277
490 190
488 190
488 118
496 118
496 132
493 132
493 163
494 163
494 199
498 199
498 100
497 100
497 88
483 88
483 103
482 103
482 161
481 161
481 230
484 230
484 164
485 164
485 316
487 316
487 273
489 273
489 352
486 352
486 333
474 333
474 334
464 334
464 337
455 337
455 241
463 241
463 246
471 246
471 303
475 303
475 301
480 301
480 101
462 101
462 110
461 110
461 130
459 130
459 140
465 140
465 102
477 102
477 107
472 107
472 156
470 156
470 177
467 177
467 178
476 178
476 115
479 115
479 229
473 229
473 188
469 188
469 194
466 194
466 187
458 187
458 203
457 203
457 211
456 211
456 221
452 221
452 231
454 231
454 284
450 284
450 341
468 341
468 355
427 355
427 285
426 285
426 255
425 255
425 320
422 320
422 276
420 276
420 150
460 150
460 144
435 144
435 141
418 141
418 133
419 133
419 120
423 120
423 138
444 138
444 114
448 114
448 94
451 94
451 78
449 78
449 25
440 25
440 20
445 20
445 4
402 4
402 2
392 2
392 8
397 8
397 17
377 17
377 13
363 13
363 10
370 10
370 1
