578
396 25
396 39
257 39
257 41
258 41
258 65
236 65
236 62
206 62
206 36
173 36
173 49
188 49
188 53
155 53
155 50
154 50
154 149
156 149
156 339
153 339
153 370
157 370
157 436
130 436
130 442
122 442
122 497
23 497
23 496
114 496
114 495
43 495
43 494
13 494
13 488
4 488
4 487
1 487
1 499
90 499
90 500
116 500
116 498
128 498
128 453
127 453
127 458
124 458
124 446
141 446
141 440
158 440
158 54
159 54
159 57
164 57
164 55
193 55
193 48
197 48
197 52
200 52
200 58
202 58
202 66
231 66
231 71
261 71
261 70
260 70
260 42
302 42
302 43
270 43
270 45
373 45
373 40
406 40
406 35
407 35
407 28
428 28
428 29
410 29
410 44
416 44
416 59
381 59
381 117
375 117
375 64
356 64
356 63
278 63
278 68
315 68
315 72
248 72
248 96
241 96
241 111
239 111
239 137
214 137
214 155
219 155
219 157
222 157
222 168
220 168
220 181
217 181
217 193
223 193
223 184
247 184
247 186
251 186
251 201
246 201
246 215
225 215
225 200
218 200
218 292
226 292
226 295
211 295
211 325
216 325
216 343
186 343
186 281
180 281
180 267
205 267
205 269
209 269
209 217
208 217
208 212
199 212
199 238
196 238
196 265
195 265
195 261
177 261
177 345
178 345
178 382
184 382
184 395
166 395
166 428
167 428
167 431
190 431
190 430
175 430
175 413
171 413
171 406
191 406
191 456
185 456
185 438
181 438
181 441
176 441
176 447
174 447
174 449
170 449
170 448
161 448
161 450
172 450
172 461
160 461
160 462
163 462
163 466
168 466
168 471
192 471
192 470
213 470
213 454
210 454
210 469
203 469
203 455
204 455
204 439
235 439
235 437
201 437
201 468
194 468
194 405
187 405
187 372
179 372
179 363
183 363
183 369
189 369
189 344
233 344
233 361
229 361
229 364
237 364
237 387
234 387
234 390
238 390
238 322
212 322
212 310
227 310
227 243
243 243
243 347
240 347
240 368
244 368
244 259
249 259
249 350
252 350
252 331
263 331
263 424
276 424
276 381
292 381
292 327
290 327
290 237
286 237
286 206
280 206
280 232
279 232
279 236
273 236
273 202
267 202
267 239
284 239
284 254
266 254
266 302
274 302
274 262
285 262
285 289
289 289
289 335
281 335
281 353
275 353
275 359
269 359
269 416
265 416
265 414
264 414
264 311
259 311
259 312
256 312
256 304
255 304
255 287
253 287
253 258
254 258
254 275
262 275
262 183
221 183
221 174
228 174
228 153
318 153
318 172
301 172
301 224
300 224
300 328
293 328
293 360
299 360
299 373
297 373
297 388
303 388
303 367
320 367
320 422
324 422
324 417
322 417
322 389
321 389
321 357
304 357
304 208
305 208
305 192
306 192
306 180
308 180
308 260
309 260
309 323
307 323
307 324
312 324
312 348
316 348
316 307
314 307
314 278
311 278
311 191
319 191
319 127
317 127
317 109
310 109
310 106
295 106
295 99
328 99
328 119
329 119
329 76
326 76
326 95
291 95
291 93
325 93
325 80
296 80
296 81
277 81
277 124
272 124
272 135
282 135
282 129
313 129
313 143
287 143
287 152
242 152
242 125
245 125
245 145
268 145
268 128
250 128
250 74
323 74
323 73
368 73
368 75
369 75
369 69
371 69
371 84
372 84
372 151
393 151
393 154
383 154
383 169
394 169
394 205
374 205
374 226
385 226
385 298
379 298
379 252
376 252
376 473
380 473
380 317
382 317
382 478
339 478
339 451
344 451
344 475
361 475
361 465
362 465
362 464
367 464
367 463
345 463
345 435
366 435
366 433
364 433
364 415
360 415
360 434
359 434
359 423
343 423
343 402
353 402
353 392
358 392
358 222
355 222
355 216
354 216
354 294
357 294
357 349
352 349
352 175
341 175
341 146
338 146
338 245
335 245
335 136
333 136
333 160
332 160
332 227
334 227
334 270
340 270
340 209
347 209
347 247
349 247
349 380
350 380
350 365
351 365
351 384
348 384
348 385
346 385
346 375
331 375
331 383
336 383
336 480
337 480
337 482
342 482
342 490
384 490
384 483
395 483
395 444
391 444
391 474
387 474
387 274
389 274
389 271
388 271
388 257
386 257
386 223
378 223
378 210
401 210
401 98
403 98
403 158
404 158
404 126
408 126
408 77
400 77
400 86
399 86
399 122
390 122
390 79
398 79
398 60
409 60
409 67
429 67
429 46
417 46
417 34
441 34
441 32
432 32
432 26
447 26
447 33
446 33
446 47
443 47
443 91
442 91
442 123
437 123
437 97
436 97
436 89
433 89
433 134
424 134
424 113
412 113
412 87
411 87
411 173
413 173
413 139
414 139
414 315
421 315
421 356
430 356
430 366
431 366
431 371
434 371
434 399
438 399
438 407
453 407
453 396
439 396
439 358
478 358
478 362
492 362
492 314
500 314
500 309
489 309
489 352
468 352
468 355
427 355
427 320
422 320
422 276
420 276
420 150
460 150
460 144
435 144
435 141
418 141
418 133
419 133
419 120
423 120
423 138
444 138
444 114
448 114
448 94
451 94
451 78
449 78
449 25
