210
16 53
16 37
1 37
1 64
4 64
4 60
57 60
57 63
91 63
91 70
88 70
88 66
37 66
37 65
24 65
24 68
65 68
65 67
68 67
68 71
6 71
6 69
3 69
3 90
8 90
8 101
7 101
7 116
13 116
13 110
15 110
15 107
10 107
10 100
11 100
11 86
173 86
173 89
176 89
176 93
188 93
188 94
179 94
179 99
194 99
194 104
199 104
199 102
206 102
206 98
200 98
200 96
212 96
212 95
226 95
226 103
221 103
221 105
232 105
232 108
217 108
217 106
195 106
195 111
183 111
183 112
187 112
187 120
189 120
189 142
185 142
185 167
186 167
186 181
164 181
164 164
170 164
170 127
161 127
161 126
137 126
137 118
112 118
112 128
145 128
145 132
163 132
163 149
162 149
162 190
159 190
159 189
140 189
140 182
158 182
158 180
160 180
160 139
130 139
130 144
92 144
92 146
110 146
110 159
85 159
85 170
80 170
80 151
77 151
77 147
89 147
89 140
39 140
39 152
78 152
78 161
67 161
67 173
41 173
41 156
34 156
34 195
40 195
40 208
45 208
45 186
51 186
51 188
58 188
58 174
64 174
64 216
30 216
30 218
18 218
18 223
17 223
17 231
35 231
35 238
62 238
62 236
63 236
63 235
61 235
61 220
48 220
48 221
46 221
46 219
66 219
66 176
69 176
69 162
76 162
76 171
122 171
122 169
93 169
93 166
119 166
119 145
131 145
131 143
157 143
157 175
141 175
141 177
125 177
125 191
190 191
190 185
192 185
192 133
191 133
191 115
193 115
193 114
208 114
208 113
234 113
234 97
229 97
229 92
249 92
249 91
184 91
184 88
216 88
216 87
174 87
174 85
5 85
5 76
9 76
9 72
109 72
109 62
73 62
73 61
102 61
102 59
27 59
27 58
2 58
2 57
14 57
14 56
29 56
29 53
