320
16 53
16 37
1 37
1 64
4 64
4 60
57 60
57 63
91 63
91 70
88 70
88 66
37 66
37 65
24 65
24 68
65 68
65 67
68 67
68 71
6 71
6 69
3 69
3 90
8 90
8 101
7 101
7 116
13 116
13 110
15 110
15 107
10 107
10 100
11 100
11 86
173 86
173 89
176 89
176 93
188 93
188 94
179 94
179 99
194 99
194 104
199 104
199 102
206 102
206 98
200 98
200 96
212 96
212 95
226 95
226 103
221 103
221 105
232 105
232 108
217 108
217 106
195 106
195 111
183 111
183 112
187 112
187 120
189 120
189 142
185 142
185 167
186 167
186 181
164 181
164 164
170 164
170 127
161 127
161 126
137 126
137 118
112 118
112 128
145 128
145 132
163 132
163 149
162 149
162 190
159 190
159 189
140 189
140 182
158 182
158 180
160 180
160 139
130 139
130 144
92 144
92 146
110 146
110 159
85 159
85 170
80 170
80 151
77 151
77 147
89 147
89 136
55 136
55 138
49 138
49 140
39 140
39 155
70 155
70 153
74 153
74 152
78 152
78 161
67 161
67 173
41 173
41 156
34 156
34 195
40 195
40 208
45 208
45 186
51 186
51 188
58 188
58 174
64 174
64 216
30 216
30 218
18 218
18 223
17 223
17 231
35 231
35 238
62 238
62 236
63 236
63 235
61 235
61 220
48 220
48 221
46 221
46 219
66 219
66 176
69 176
69 162
76 162
76 172
79 172
79 212
83 212
83 202
84 202
84 183
87 183
87 184
97 184
97 178
81 178
81 171
121 171
121 196
101 196
101 203
99 203
99 224
94 224
94 250
98 250
98 248
95 248
95 233
96 233
96 241
103 241
103 240
104 240
104 237
105 237
105 230
100 230
100 222
114 222
114 215
115 215
115 204
122 204
122 169
93 169
93 166
119 166
119 145
131 145
131 143
157 143
157 175
144 175
144 160
141 160
141 177
125 177
125 206
124 206
124 247
139 247
139 242
153 242
153 244
156 244
156 245
175 245
175 243
169 243
169 239
127 239
127 234
134 234
134 232
136 232
136 209
143 209
143 226
142 226
142 228
146 228
146 200
133 200
133 199
126 199
126 191
182 191
182 194
190 194
190 185
192 185
192 133
191 133
191 115
193 115
193 114
202 114
202 117
208 117
208 113
225 113
225 121
218 121
218 124
213 124
213 123
198 123
198 131
197 131
197 168
196 168
196 201
201 201
201 158
203 158
203 207
214 207
214 225
215 225
215 198
224 198
224 192
210 192
210 163
211 163
211 154
204 154
204 125
241 125
241 122
234 122
234 97
229 97
229 92
249 92
249 91
184 91
184 88
216 88
216 87
174 87
174 85
5 85
5 76
9 76
9 72
109 72
109 62
73 62
73 61
102 61
102 59
27 59
27 58
2 58
2 57
14 57
14 56
29 56
29 53
