82
18 14
18 85
17 85
17 51
12 51
12 49
1 49
1 55
10 55
10 60
14 60
14 88
20 88
20 37
21 37
21 19
22 19
22 43
23 43
23 124
15 124
15 125
16 125
16 126
11 126
11 129
6 129
6 123
7 123
7 101
3 101
3 93
2 93
2 111
4 111
4 131
5 131
5 150
103 150
103 143
112 143
112 133
114 133
114 121
109 121
109 135
50 135
50 136
43 136
43 137
62 137
62 139
77 139
77 142
87 142
87 140
98 140
98 147
97 147
97 148
45 148
45 149
9 149
9 130
27 130
27 106
24 106
24 44
34 44
34 34
29 34
29 30
51 30
51 29
44 29
44 27
53 27
53 26
39 26
39 25
35 25
35 14
