104
37 183
37 189
39 189
39 190
18 190
18 144
19 144
19 94
5 94
5 91
1 91
1 107
2 107
2 108
3 108
3 110
12 110
12 114
4 114
4 120
9 120
9 133
7 133
7 126
6 126
6 156
8 156
8 160
10 160
10 192
11 192
11 200
14 200
14 179
13 179
13 98
15 98
15 101
16 101
16 127
17 127
17 193
33 193
33 194
42 194
42 188
45 188
45 187
46 187
46 184
63 184
63 186
109 186
109 185
117 185
117 168
130 168
130 162
128 162
128 153
132 153
132 148
135 148
135 174
139 174
139 170
148 170
148 169
149 169
149 166
155 166
155 132
154 132
154 121
142 121
142 124
143 124
143 125
141 125
141 136
140 136
140 128
123 128
123 143
146 143
146 145
116 145
116 172
101 172
101 137
103 137
103 131
105 131
105 122
120 122
120 118
102 118
102 130
92 130
92 140
99 140
99 178
85 178
85 183
