1134
853 1944
853 1947
889 1947
889 1948
841 1948
841 1941
666 1941
666 2058
182 2058
182 2061
55 2061
55 2065
119 2065
119 2067
123 2067
123 2063
161 2063
161 2064
211 2064
211 2069
157 2069
157 2071
208 2071
208 2073
85 2073
85 2074
91 2074
91 2075
31 2075
31 2114
29 2114
29 2119
17 2119
17 2375
15 2375
15 2378
14 2378
14 2162
7 2162
7 2170
3 2170
3 2377
2 2377
2 2499
1 2499
1 2500
4 2500
4 2495
6 2495
6 2357
10 2357
10 2348
5 2348
5 2213
12 2213
12 2168
13 2168
13 2358
11 2358
11 2405
18 2405
18 2389
19 2389
19 2408
21 2408
21 2394
26 2394
26 2413
45 2413
45 2417
40 2417
40 2419
156 2419
156 2420
184 2420
184 2407
255 2407
255 2421
106 2421
106 2422
258 2422
258 2412
262 2412
262 2428
227 2428
227 2425
88 2425
88 2438
28 2438
28 2439
36 2439
36 2441
118 2441
118 2443
136 2443
136 2453
140 2453
140 2469
121 2469
121 2494
127 2494
127 2498
148 2498
148 2477
138 2477
138 2476
145 2476
145 2430
162 2430
162 2433
282 2433
282 2434
294 2434
294 2451
288 2451
288 2460
277 2460
277 2435
263 2435
263 2457
257 2457
257 2465
344 2465
344 2350
349 2350
349 2305
383 2305
383 2276
384 2276
384 2338
388 2338
388 2374
389 2374
389 2392
387 2392
387 2398
378 2398
378 2410
376 2410
376 2416
380 2416
380 2446
373 2446
373 2454
475 2454
475 2459
489 2459
489 2461
615 2461
615 2468
614 2468
614 2471
657 2471
657 2473
607 2473
607 2480
638 2480
638 2479
649 2479
649 2493
758 2493
758 2490
785 2490
785 2496
574 2496
574 2497
804 2497
804 2491
839 2491
839 2489
831 2489
831 2488
1043 2488
1043 2492
1281 2492
1281 2485
1380 2485
1380 2481
1367 2481
1367 2475
1370 2475
1370 2470
1366 2470
1366 2474
1222 2474
1222 2472
1196 2472
1196 2455
1144 2455
1144 2447
1275 2447
1275 2448
1328 2448
1328 2395
1299 2395
1299 2440
1258 2440
1258 2406
1292 2406
1292 2396
1282 2396
1282 2400
1256 2400
1256 2445
1130 2445
1130 2462
1189 2462
1189 2478
1361 2478
1361 2484
1240 2484
1240 2487
672 2487
672 2486
703 2486
703 2483
713 2483
713 2482
716 2482
716 2467
706 2467
706 2432
709 2432
709 2424
702 2424
702 2426
700 2426
700 2449
704 2449
704 2464
632 2464
632 2458
637 2458
637 2456
681 2456
681 2452
671 2452
671 2450
395 2450
395 2444
512 2444
512 2436
513 2436
513 2429
559 2429
559 2423
549 2423
549 2427
505 2427
505 2442
403 2442
403 2403
406 2403
406 2401
390 2401
390 2391
402 2391
402 2393
446 2393
446 2382
428 2382
428 2385
400 2385
400 2353
401 2353
401 2315
410 2315
410 2354
436 2354
436 2327
416 2327
416 2317
515 2317
515 2316
940 2316
940 2324
556 2324
556 2337
613 2337
613 2335
609 2335
609 2326
798 2326
798 2325
805 2325
805 2328
870 2328
870 2330
1036 2330
1036 2331
1066 2331
1066 2339
1145 2339
1145 2333
1307 2333
1307 2341
1254 2341
1254 2342
1201 2342
1201 2343
762 2343
762 2344
975 2344
975 2346
730 2346
730 2349
1048 2349
1048 2345
1271 2345
1271 2352
1310 2352
1310 2347
1319 2347
1319 2336
1337 2336
1337 2359
1200 2359
1200 2361
1212 2361
1212 2363
1284 2363
1284 2366
1251 2366
1251 2376
1132 2376
1132 2371
976 2371
976 2370
992 2370
992 2368
921 2368
921 2364
915 2364
915 2362
895 2362
895 2390
896 2390
896 2372
981 2372
981 2373
1059 2373
1059 2388
1104 2388
1104 2380
1113 2380
1113 2381
1235 2381
1235 2387
1324 2387
1324 2383
1326 2383
1326 2379
1273 2379
1273 2367
1352 2367
1352 2334
1363 2334
1363 2355
1371 2355
1371 2351
1372 2351
1372 2332
1320 2332
1320 2329
1171 2329
1171 2322
944 2322
944 2320
1237 2320
1237 2319
1115 2319
1115 2318
1106 2318
1106 2312
687 2312
687 2314
627 2314
627 2313
660 2313
660 2311
397 2311
397 2321
386 2321
386 2282
433 2282
433 2285
471 2285
471 2284
565 2284
565 2297
561 2297
561 2309
739 2309
739 2307
686 2307
686 2306
579 2306
579 2308
577 2308
577 2301
1162 2301
1162 2302
1417 2302
1417 2304
1433 2304
1433 2303
1788 2303
1788 2283
1816 2283
1816 2267
1806 2267
1806 2279
1791 2279
1791 2257
1834 2257
1834 2247
1902 2247
1902 2249
1963 2249
1963 2274
1944 2274
1944 2277
1927 2277
1927 2286
1932 2286
1932 2288
1961 2288
1961 2291
1934 2291
1934 2292
1974 2292
1974 2246
1946 2246
1946 2240
2021 2240
2021 2217
2019 2217
2019 2236
1987 2236
1987 2210
1951 2210
1951 2209
1976 2209
1976 2208
1911 2208
1911 2211
1858 2211
1858 2206
1872 2206
1872 2205
2000 2205
2000 2195
1926 2195
1926 2200
1884 2200
1884 2194
1893 2194
1893 2189
1901 2189
1901 2188
1907 2188
1907 2186
1878 2186
1878 2178
2057 2178
2057 2176
1814 2176
1814 2184
1822 2184
1822 2182
1876 2182
1876 2190
1842 2190
1842 2199
1867 2199
1867 2203
1772 2203
1772 2202
1733 2202
1733 2215
1695 2215
1695 2207
1644 2207
1644 2214
1616 2214
1616 2216
1604 2216
1604 2172
1581 2172
1581 2174
1598 2174
1598 2192
1589 2192
1589 2196
1579 2196
1579 2180
1568 2180
1568 2201
1543 2201
1543 2204
1467 2204
1467 2193
1466 2193
1466 2169
1519 2169
1519 2171
1538 2171
1538 2166
1477 2166
1477 2149
1507 2149
1507 2139
1553 2139
1553 2147
1558 2147
1558 2137
1248 2137
1248 2136
1005 2136
1005 2140
952 2140
952 2133
937 2133
937 2130
925 2130
925 2134
951 2134
951 2141
1203 2141
1203 2142
1354 2142
1354 2138
1390 2138
1390 2144
1464 2144
1464 2244
1609 2244
1609 2242
1496 2242
1496 2228
1551 2228
1551 2237
1588 2237
1588 2224
1638 2224
1638 2258
1429 2258
1429 2226
1399 2226
1399 2198
1398 2198
1398 2227
1407 2227
1407 2243
1338 2243
1338 2253
1257 2253
1257 2255
1404 2255
1404 2260
1317 2260
1317 2262
1183 2262
1183 2256
1177 2256
1177 2250
1195 2250
1195 2181
1181 2181
1181 2179
1161 2179
1161 2161
1094 2161
1094 2159
1204 2159
1204 2160
1280 2160
1280 2165
1415 2165
1415 2164
1388 2164
1388 2148
1386 2148
1386 2146
1325 2146
1325 2153
1234 2153
1234 2155
1379 2155
1379 2158
1228 2158
1228 2157
1100 2157
1100 2154
933 2154
933 2167
946 2167
946 2233
980 2233
980 2248
947 2248
947 2252
983 2252
983 2264
995 2264
995 2239
1111 2239
1111 2232
1003 2232
1003 2229
1018 2229
1018 2225
948 2225
948 2156
1012 2156
1012 2163
1133 2163
1133 2175
1156 2175
1156 2185
1168 2185
1168 2197
1188 2197
1188 2231
1135 2231
1135 2269
1146 2269
1146 2238
1149 2238
1149 2234
1158 2234
1158 2271
1215 2271
1215 2270
1309 2270
1309 2272
1378 2272
1378 2266
1469 2266
1469 2263
1424 2263
1424 2259
1665 2259
1665 2254
1649 2254
1649 2251
1719 2251
1719 2241
1648 2241
1648 2220
1626 2220
1626 2219
1789 2219
1789 2218
1836 2218
1836 2212
1983 2212
1983 2221
1942 2221
1942 2223
1936 2223
1936 2230
1929 2230
1929 2245
1819 2245
1819 2235
1783 2235
1783 2289
1782 2289
1782 2275
1779 2275
1779 2278
1600 2278
1600 2300
775 2300
775 2299
689 2299
689 2298
1355 2298
1355 2287
1342 2287
1342 2294
1246 2294
1246 2295
1159 2295
1159 2293
665 2293
665 2296
569 2296
569 2187
573 2187
573 2191
571 2191
571 2222
584 2222
584 2183
576 2183
576 2177
568 2177
568 2281
450 2281
450 2273
375 2273
375 2268
365 2268
365 2261
343 2261
343 2280
324 2280
324 2290
328 2290
328 2310
325 2310
325 2365
332 2365
332 2340
326 2340
326 2323
342 2323
342 2463
304 2463
304 2437
302 2437
302 2431
270 2431
270 2404
226 2404
226 2399
214 2399
214 2397
180 2397
180 2402
153 2402
153 2414
141 2414
141 2418
126 2418
126 2415
78 2415
78 2409
27 2409
27 2265
25 2265
25 2131
24 2131
24 2386
22 2386
22 2360
20 2360
20 2173
23 2173
23 2127
30 2127
30 2126
32 2126
32 2079
33 2079
33 2082
37 2082
37 2112
39 2112
39 2135
34 2135
34 2150
35 2150
35 2145
41 2145
41 2088
115 2088
115 2101
194 2101
194 2100
575 2100
575 2099
291 2099
291 2094
338 2094
338 2098
593 2098
593 2105
598 2105
598 2104
626 2104
626 2107
675 2107
675 2091
662 2091
662 2102
625 2102
625 2097
555 2097
555 2089
554 2089
554 2092
453 2092
453 2093
367 2093
367 2095
362 2095
362 2090
129 2090
129 2096
116 2096
116 2087
46 2087
46 2086
38 2086
38 2080
285 2080
285 2083
160 2083
160 2084
374 2084
374 2081
321 2081
321 2078
357 2078
357 2076
276 2076
276 2077
268 2077
268 2070
218 2070
218 2059
461 2059
461 2062
467 2062
467 2060
669 2060
669 2053
670 2053
670 2037
674 2037
674 1945
801 1945
801 1950
844 1950
844 1949
916 1949
916 1934
920 1934
920 1955
917 1955
917 1957
904 1957
904 1980
953 1980
953 2017
960 2017
960 1964
1027 1964
1027 1965
1044 1965
1044 1954
1231 1954
1231 1956
1101 1956
1101 1958
1103 1958
1103 1969
1213 1969
1213 1979
1255 1979
1255 1981
1266 1981
1266 1995
1662 1995
1662 1996
1402 1996
1402 2004
1454 2004
1454 2005
1628 2005
1628 2006
1605 2006
1605 2008
1687 2008
1687 2009
1696 2009
1696 1998
1751 1998
1751 1997
2004 1997
2004 1999
1770 1999
1770 2003
1802 2003
1802 2001
1824 2001
1824 2002
1921 2002
1921 2011
1714 2011
1714 2014
1748 2014
1748 2025
1726 2025
1726 2020
1624 2020
1624 2024
1565 2024
1565 2027
1533 2027
1533 2029
1560 2029
1560 2035
1509 2035
1509 2038
1474 2038
1474 2044
1501 2044
1501 2049
1512 2049
1512 2041
1629 2041
1629 2030
1633 2030
1633 2021
1685 2021
1685 2042
1730 2042
1730 2045
1750 2045
1750 2036
1768 2036
1768 2019
1761 2019
1761 2016
2008 2016
2008 2015
1965 2015
1965 2000
2209 2000
2209 2013
2275 2013
2275 2010
2264 2010
2264 1992
2280 1992
2280 2007
2303 2007
2303 1903
2329 1903
2329 1899
2366 1899
2366 1905
2339 1905
2339 1921
2362 1921
2362 1922
2334 1922
2334 1935
2364 1935
2364 1917
2412 1917
2412 2031
2415 2031
2415 2026
2416 2026
2416 1926
2428 1926
2428 1931
2434 1931
2434 2023
2431 2023
2431 1982
2422 1982
2422 2034
2425 2034
2425 2047
2288 2047
2288 2046
2283 2046
2283 2039
2247 2039
2247 2040
2208 2040
2208 2051
2384 2051
2384 2050
2420 2050
2420 2054
2424 2054
2424 2066
2426 2066
2426 2085
2430 2085
2430 2106
2274 2106
2274 2110
2276 2110
2276 2117
2270 2117
2270 2120
2241 2120
2241 2121
2230 2121
2230 2128
2263 2128
2263 2129
2255 2129
2255 2411
2253 2411
2253 2466
2258 2466
2258 2384
2257 2384
2257 2369
2256 2369
2256 2152
2310 2152
2310 2151
2287 2151
2287 2108
2411 2108
2411 2109
2315 2109
2315 2125
2331 2125
2331 2118
2342 2118
2342 2123
2361 2123
2361 2124
2386 2124
2386 2122
2374 2122
2374 2116
2379 2116
2379 2113
2359 2113
2359 2115
2343 2115
2343 2111
2435 2111
2435 2103
2433 2103
2433 2068
2437 2068
2437 2032
2438 2032
2438 2012
2441 2012
2441 1897
2419 1897
2419 1896
2301 1896
2301 1887
2370 1887
2370 1885
2266 1885
2266 1879
2313 1879
2313 1869
2286 1869
2286 1871
2246 1871
2246 1891
2250 1891
2250 1893
2279 1893
2279 1889
2291 1889
2291 1967
2284 1967
2284 1966
2277 1966
2277 1943
2269 1943
2269 1937
2203 1937
2203 1936
2207 1936
2207 1924
2232 1924
2232 1914
2168 1914
2168 1898
2229 1898
2229 1873
2152 1873
2152 1874
2228 1874
2228 1882
2210 1882
2210 1892
2161 1892
2161 1911
2154 1911
2154 1915
2140 1915
2140 1916
2205 1916
2205 1923
2135 1923
2135 1906
2132 1906
2132 1919
2115 1919
2115 1929
2116 1929
2116 1932
2186 1932
2186 1940
2223 1940
2223 1946
2272 1946
2272 1970
2249 1970
2249 1974
2197 1974
2197 1987
2177 1987
2177 1994
1663 1994
1663 1993
1447 1993
1447 1991
1514 1991
1514 1989
2121 1989
2121 1988
1562 1988
1562 1985
1294 1985
1294 1953
950 1953
950 1960
931 1960
931 1933
913 1933
913 1942
910 1942
910 1944
