2946
152 1
152 2
144 2
144 3
133 3
133 4
130 4
130 60
137 60
137 149
124 149
124 148
120 148
120 207
122 207
122 387
132 387
132 459
117 459
117 466
135 466
135 343
131 343
131 334
128 334
128 205
125 205
125 179
139 179
139 461
149 461
149 481
154 481
154 478
166 478
166 476
150 476
150 422
155 422
155 426
215 426
215 428
500 428
500 406
532 406
532 382
525 382
525 371
503 371
503 369
493 369
493 363
484 363
484 367
464 367
464 398
449 398
449 340
514 340
514 346
528 346
528 327
451 327
451 324
452 324
452 325
526 325
526 314
485 314
485 313
517 313
517 302
527 302
527 289
520 289
520 286
529 286
529 296
533 296
533 291
737 291
737 220
777 220
777 216
795 216
795 204
815 204
815 271
794 271
794 301
788 301
788 300
776 300
776 306
771 306
771 310
814 310
814 357
796 357
796 342
803 342
803 331
748 331
748 345
740 345
740 368
743 368
743 370
763 370
763 408
648 408
648 463
647 463
647 471
653 471
653 474
624 474
624 464
621 464
621 479
630 479
630 482
620 482
620 483
664 483
664 449
661 449
661 439
677 439
677 425
711 425
711 473
714 473
714 493
891 493
891 497
880 497
880 499
906 499
906 489
919 489
919 498
979 498
979 502
1091 502
1091 500
984 500
984 491
1032 491
1032 494
1076 494
1076 495
1219 495
1219 506
1574 506
1574 510
1279 510
1279 514
1350 514
1350 520
1483 520
1483 519
1485 519
1485 524
1491 524
1491 530
1572 530
1572 526
1660 526
1660 529
1826 529
1826 533
1827 533
1827 539
1841 539
1841 543
1410 543
1410 548
1165 548
1165 542
1084 542
1084 545
1024 545
1024 547
987 547
987 537
1226 537
1226 536
966 536
966 534
1166 534
1166 532
941 532
941 531
1107 531
1107 527
985 527
985 525
850 525
850 541
965 541
965 549
1172 549
1172 550
938 550
938 555
1042 555
1042 551
1060 551
1060 553
1116 553
1116 552
1427 552
1427 546
1472 546
1472 544
1862 544
1862 538
1866 538
1866 528
1683 528
1683 523
1493 523
1493 513
1362 513
1362 512
1571 512
1571 511
1736 511
1736 507
1752 507
1752 505
1924 505
1924 496
1947 496
1947 438
1962 438
1962 447
1964 447
1964 379
1973 379
1973 427
1972 427
1972 517
1970 517
1970 518
1969 518
1969 521
1990 521
1990 540
2023 540
2023 535
2037 535
2037 556
1406 556
1406 559
1383 559
1383 562
1304 562
1304 570
1348 570
1348 582
1303 582
1303 585
1063 585
1063 583
899 583
899 614
923 614
923 586
1083 586
1083 589
1026 589
1026 595
1023 595
1023 612
1034 612
1034 599
1097 599
1097 605
1055 605
1055 613
1446 613
1446 610
1220 610
1220 607
1102 607
1102 596
1143 596
1143 598
1136 598
1136 600
1139 600
1139 604
1497 604
1497 606
1595 606
1595 620
1627 620
1627 619
1632 619
1632 618
1630 618
1630 615
1641 615
1641 603
1300 603
1300 602
1593 602
1593 593
1470 593
1470 592
1308 592
1308 594
1506 594
1506 601
1160 601
1160 590
1305 590
1305 588
1227 588
1227 587
1455 587
1455 580
1471 580
1471 577
1442 577
1442 575
1368 575
1368 584
1360 584
1360 578
1353 578
1353 571
1439 571
1439 569
1421 569
1421 564
1481 564
1481 563
1416 563
1416 560
1586 560
1586 557
1948 557
1948 558
1892 558
1892 568
1863 568
1863 572
1871 572
1871 623
1888 623
1888 611
1895 611
1895 609
1889 609
1889 576
1919 576
1919 608
1925 608
1925 566
1931 566
1931 565
2022 565
2022 567
2010 567
2010 574
1977 574
1977 581
2055 581
2055 591
2058 591
2058 573
2102 573
2102 561
2073 561
2073 554
2041 554
2041 522
2038 522
2038 516
2098 516
2098 450
2047 450
2047 441
2043 441
2043 392
2033 392
2033 433
2020 433
2020 242
2034 242
2034 269
2069 269
2069 303
2074 303
2074 414
2071 414
2071 311
2067 311
2067 429
2061 429
2061 434
2086 434
2086 431
2094 431
2094 399
2104 399
2104 417
2111 417
2111 442
2113 442
2113 386
2114 386
2114 395
2159 395
2159 469
2160 469
2160 475
2153 475
2153 470
2151 470
2151 503
2164 503
2164 468
2162 468
2162 362
2155 362
2155 344
2143 344
2143 323
2124 323
2124 347
2122 347
2122 374
2108 374
2108 385
2092 385
2092 223
2090 223
2090 199
2089 199
2089 124
1682 124
1682 120
1894 120
1894 112
1800 112
1800 118
1590 118
1590 117
1517 117
1517 113
1430 113
1430 98
1451 98
1451 100
1528 100
1528 104
1603 104
1603 108
1611 108
1611 107
1815 107
1815 93
1746 93
1746 79
1820 79
1820 106
1830 106
1830 91
1850 91
1850 81
1915 81
1915 82
1998 82
1998 77
2031 77
2031 85
2103 85
2103 84
2097 84
2097 80
2076 80
2076 76
1703 76
1703 63
1755 63
1755 74
1853 74
1853 73
1799 73
1799 67
1828 67
1828 57
2063 57
2063 62
2110 62
2110 64
2219 64
2219 99
1979 99
1979 102
2220 102
2220 133
2218 133
2218 188
2281 188
2281 186
2285 186
2285 190
2325 190
2325 195
2375 195
2375 192
2455 192
2455 353
2449 353
2449 579
2451 579
2451 626
2445 626
2445 628
2442 628
2442 686
2417 686
2417 690
2427 690
2427 722
2369 722
2369 729
2403 729
2403 735
2317 735
2317 740
2252 740
2252 776
2239 776
2239 789
2237 789
2237 791
2242 791
2242 788
2254 788
2254 801
2248 801
2248 831
2260 831
2260 901
2278 901
2278 899
2330 899
2330 902
2251 902
2251 907
2236 907
2236 882
2170 882
2170 990
2179 990
2179 991
2169 991
2169 1091
2181 1091
2181 1568
2173 1568
2173 1632
2175 1632
2175 1667
2166 1667
2166 1714
2156 1714
2156 1712
2139 1712
2139 1711
2141 1711
2141 1707
2014 1707
2014 1679
1773 1679
1773 1697
1765 1697
1765 1710
1725 1710
1725 1724
1700 1724
1700 1726
1578 1726
1578 1728
1596 1728
1596 1773
1515 1773
1515 1744
1480 1744
1480 1666
1465 1666
1465 1703
1456 1703
1456 1686
1419 1686
1419 1746
1345 1746
1345 1747
1426 1747
1426 1708
1478 1708
1478 1741
1460 1741
1460 1727
1443 1727
1443 1735
1457 1735
1457 1745
1479 1745
1479 1758
1414 1758
1414 1757
1425 1757
1425 1752
1403 1752
1403 1759
1445 1759
1445 1763
1453 1763
1453 1760
1500 1760
1500 1764
1400 1764
1400 1754
1382 1754
1382 1772
1412 1772
1412 1770
1423 1770
1423 1768
1499 1768
1499 1774
1495 1774
1495 1775
1504 1775
1504 1780
1473 1780
1473 1785
1260 1785
1260 1787
1511 1787
1511 1779
1577 1779
1577 1784
1805 1784
1805 1767
1829 1767
1829 1778
1883 1778
1883 1796
1845 1796
1845 1803
1835 1803
1835 1816
1839 1816
1839 1829
1843 1829
1843 1834
1864 1834
1864 1821
1868 1821
1868 1837
1823 1837
1823 1842
1523 1842
1523 1848
1422 1848
1422 1847
1431 1847
1431 1838
1418 1838
1418 1855
1582 1855
1582 1856
1364 1856
1364 1846
1278 1846
1278 1820
988 1820
988 1841
883 1841
883 1839
691 1839
691 1804
417 1804
417 1824
318 1824
318 1833
323 1833
323 1867
146 1867
146 1872
151 1872
151 1888
158 1888
158 1894
159 1894
159 1904
591 1904
591 1910
764 1910
764 1913
853 1913
853 1947
889 1947
889 1948
841 1948
841 1941
666 1941
666 2058
182 2058
182 2061
55 2061
55 2065
119 2065
119 2067
123 2067
123 2063
161 2063
161 2064
211 2064
211 2069
157 2069
157 2071
208 2071
208 2073
85 2073
85 2074
91 2074
91 2075
31 2075
31 2114
29 2114
29 2119
17 2119
17 2375
15 2375
15 2378
14 2378
14 2162
7 2162
7 2170
3 2170
3 2377
2 2377
2 2499
1 2499
1 2500
4 2500
4 2495
6 2495
6 2357
10 2357
10 2348
5 2348
5 2213
12 2213
12 2168
13 2168
13 2358
11 2358
11 2405
18 2405
18 2389
19 2389
19 2408
21 2408
21 2394
26 2394
26 2413
45 2413
45 2417
40 2417
40 2419
156 2419
156 2420
184 2420
184 2407
255 2407
255 2421
106 2421
106 2422
258 2422
258 2412
262 2412
262 2428
227 2428
227 2425
88 2425
88 2438
28 2438
28 2439
36 2439
36 2441
118 2441
118 2443
136 2443
136 2453
140 2453
140 2469
121 2469
121 2494
127 2494
127 2498
148 2498
148 2477
138 2477
138 2476
145 2476
145 2430
162 2430
162 2433
282 2433
282 2434
294 2434
294 2451
288 2451
288 2460
277 2460
277 2435
263 2435
263 2457
257 2457
257 2465
344 2465
344 2350
349 2350
349 2305
383 2305
383 2276
384 2276
384 2338
388 2338
388 2374
389 2374
389 2392
387 2392
387 2398
378 2398
378 2410
376 2410
376 2416
380 2416
380 2446
373 2446
373 2454
475 2454
475 2459
489 2459
489 2461
615 2461
615 2468
614 2468
614 2471
657 2471
657 2473
607 2473
607 2480
638 2480
638 2479
649 2479
649 2493
758 2493
758 2490
785 2490
785 2496
574 2496
574 2497
804 2497
804 2491
839 2491
839 2489
831 2489
831 2488
1043 2488
1043 2492
1281 2492
1281 2485
1380 2485
1380 2481
1367 2481
1367 2475
1370 2475
1370 2470
1366 2470
1366 2474
1222 2474
1222 2472
1196 2472
1196 2455
1144 2455
1144 2447
1275 2447
1275 2448
1328 2448
1328 2395
1299 2395
1299 2440
1258 2440
1258 2406
1292 2406
1292 2396
1282 2396
1282 2400
1256 2400
1256 2445
1130 2445
1130 2462
1189 2462
1189 2478
1361 2478
1361 2484
1240 2484
1240 2487
672 2487
672 2486
703 2486
703 2483
713 2483
713 2482
716 2482
716 2467
706 2467
706 2432
709 2432
709 2424
702 2424
702 2426
700 2426
700 2449
704 2449
704 2464
632 2464
632 2458
637 2458
637 2456
681 2456
681 2452
671 2452
671 2450
395 2450
395 2444
512 2444
512 2436
513 2436
513 2429
559 2429
559 2423
549 2423
549 2427
505 2427
505 2442
403 2442
403 2403
406 2403
406 2401
390 2401
390 2391
402 2391
402 2393
446 2393
446 2382
428 2382
428 2385
400 2385
400 2353
401 2353
401 2315
410 2315
410 2354
436 2354
436 2327
416 2327
416 2317
515 2317
515 2316
940 2316
940 2324
556 2324
556 2337
613 2337
613 2335
609 2335
609 2326
798 2326
798 2325
805 2325
805 2328
870 2328
870 2330
1036 2330
1036 2331
1066 2331
1066 2339
1145 2339
1145 2333
1307 2333
1307 2341
1254 2341
1254 2342
1201 2342
1201 2343
762 2343
762 2344
975 2344
975 2346
730 2346
730 2349
1048 2349
1048 2345
1271 2345
1271 2352
1310 2352
1310 2347
1319 2347
1319 2336
1337 2336
1337 2359
1200 2359
1200 2361
1212 2361
1212 2363
1284 2363
1284 2366
1251 2366
1251 2376
1132 2376
1132 2371
976 2371
976 2370
992 2370
992 2368
921 2368
921 2364
915 2364
915 2362
895 2362
895 2390
896 2390
896 2372
981 2372
981 2373
1059 2373
1059 2388
1104 2388
1104 2380
1113 2380
1113 2381
1235 2381
1235 2387
1324 2387
1324 2383
1326 2383
1326 2379
1273 2379
1273 2367
1352 2367
1352 2334
1363 2334
1363 2355
1371 2355
1371 2351
1372 2351
1372 2332
1320 2332
1320 2329
1171 2329
1171 2322
944 2322
944 2320
1237 2320
1237 2319
1115 2319
1115 2318
1106 2318
1106 2312
687 2312
687 2314
627 2314
627 2313
660 2313
660 2311
397 2311
397 2321
386 2321
386 2282
433 2282
433 2285
471 2285
471 2284
565 2284
565 2297
561 2297
561 2309
739 2309
739 2307
686 2307
686 2306
579 2306
579 2308
577 2308
577 2301
1162 2301
1162 2302
1417 2302
1417 2304
1433 2304
1433 2303
1788 2303
1788 2283
1816 2283
1816 2267
1806 2267
1806 2279
1791 2279
1791 2257
1834 2257
1834 2247
1902 2247
1902 2249
1963 2249
1963 2274
1944 2274
1944 2277
1927 2277
1927 2286
1932 2286
1932 2288
1961 2288
1961 2291
1934 2291
1934 2292
1974 2292
1974 2246
1946 2246
1946 2240
2021 2240
2021 2217
2019 2217
2019 2236
1987 2236
1987 2210
1951 2210
1951 2209
1976 2209
1976 2208
1911 2208
1911 2211
1858 2211
1858 2206
1872 2206
1872 2205
2000 2205
2000 2195
1926 2195
1926 2200
1884 2200
1884 2194
1893 2194
1893 2189
1901 2189
1901 2188
1907 2188
1907 2186
1878 2186
1878 2178
2057 2178
2057 2176
1814 2176
1814 2184
1822 2184
1822 2182
1876 2182
1876 2190
1842 2190
1842 2199
1867 2199
1867 2203
1772 2203
1772 2202
1733 2202
1733 2215
1695 2215
1695 2207
1644 2207
1644 2214
1616 2214
1616 2216
1604 2216
1604 2172
1581 2172
1581 2174
1598 2174
1598 2192
1589 2192
1589 2196
1579 2196
1579 2180
1568 2180
1568 2201
1543 2201
1543 2204
1467 2204
1467 2193
1466 2193
1466 2169
1519 2169
1519 2171
1538 2171
1538 2166
1477 2166
1477 2149
1507 2149
1507 2139
1553 2139
1553 2147
1558 2147
1558 2137
1248 2137
1248 2136
1005 2136
1005 2140
952 2140
952 2133
937 2133
937 2130
925 2130
925 2134
951 2134
951 2141
1203 2141
1203 2142
1354 2142
1354 2138
1390 2138
1390 2144
1464 2144
1464 2244
1609 2244
1609 2242
1496 2242
1496 2228
1551 2228
1551 2237
1588 2237
1588 2224
1638 2224
1638 2258
1429 2258
1429 2226
1399 2226
1399 2198
1398 2198
1398 2227
1407 2227
1407 2243
1338 2243
1338 2253
1257 2253
1257 2255
1404 2255
1404 2260
1317 2260
1317 2262
1183 2262
1183 2256
1177 2256
1177 2250
1195 2250
1195 2181
1181 2181
1181 2179
1161 2179
1161 2161
1094 2161
1094 2159
1204 2159
1204 2160
1280 2160
1280 2165
1415 2165
1415 2164
1388 2164
1388 2148
1386 2148
1386 2146
1325 2146
1325 2153
1234 2153
1234 2155
1379 2155
1379 2158
1228 2158
1228 2157
1100 2157
1100 2154
933 2154
933 2167
946 2167
946 2233
980 2233
980 2248
947 2248
947 2252
983 2252
983 2264
995 2264
995 2239
1111 2239
1111 2232
1003 2232
1003 2229
1018 2229
1018 2225
948 2225
948 2156
1012 2156
1012 2163
1133 2163
1133 2175
1156 2175
1156 2185
1168 2185
1168 2197
1188 2197
1188 2231
1135 2231
1135 2269
1146 2269
1146 2238
1149 2238
1149 2234
1158 2234
1158 2271
1215 2271
1215 2270
1309 2270
1309 2272
1378 2272
1378 2266
1469 2266
1469 2263
1424 2263
1424 2259
1665 2259
1665 2254
1649 2254
1649 2251
1719 2251
1719 2241
1648 2241
1648 2220
1626 2220
1626 2219
1789 2219
1789 2218
1836 2218
1836 2212
1983 2212
1983 2221
1942 2221
1942 2223
1936 2223
1936 2230
1929 2230
1929 2245
1819 2245
1819 2235
1783 2235
1783 2289
1782 2289
1782 2275
1779 2275
1779 2278
1600 2278
1600 2300
775 2300
775 2299
689 2299
689 2298
1355 2298
1355 2287
1342 2287
1342 2294
1246 2294
1246 2295
1159 2295
1159 2293
665 2293
665 2296
569 2296
569 2187
573 2187
573 2191
571 2191
571 2222
584 2222
584 2183
576 2183
576 2177
568 2177
568 2281
450 2281
450 2273
375 2273
375 2268
365 2268
365 2261
343 2261
343 2280
324 2280
324 2290
328 2290
328 2310
325 2310
325 2365
332 2365
332 2340
326 2340
326 2323
342 2323
342 2463
304 2463
304 2437
302 2437
302 2431
270 2431
270 2404
226 2404
226 2399
214 2399
214 2397
180 2397
180 2402
153 2402
153 2414
141 2414
141 2418
126 2418
126 2415
78 2415
78 2409
27 2409
27 2265
25 2265
25 2131
24 2131
24 2386
22 2386
22 2360
20 2360
20 2173
23 2173
23 2127
30 2127
30 2126
32 2126
32 2079
33 2079
33 2082
37 2082
37 2112
39 2112
39 2135
34 2135
34 2150
35 2150
35 2145
41 2145
41 2088
115 2088
115 2101
194 2101
194 2100
575 2100
575 2099
291 2099
291 2094
338 2094
338 2098
593 2098
593 2105
598 2105
598 2104
626 2104
626 2107
675 2107
675 2091
662 2091
662 2102
625 2102
625 2097
555 2097
555 2089
554 2089
554 2092
453 2092
453 2093
367 2093
367 2095
362 2095
362 2090
129 2090
129 2096
116 2096
116 2087
46 2087
46 2086
38 2086
38 2080
285 2080
285 2083
160 2083
160 2084
374 2084
374 2081
321 2081
321 2078
357 2078
357 2076
276 2076
276 2077
268 2077
268 2070
218 2070
218 2059
461 2059
461 2062
467 2062
467 2060
669 2060
669 2053
670 2053
670 2037
674 2037
674 1945
801 1945
801 1950
844 1950
844 1949
916 1949
916 1934
920 1934
920 1955
917 1955
917 1957
904 1957
904 1980
953 1980
953 2017
960 2017
960 1964
1027 1964
1027 1965
1044 1965
1044 1954
1231 1954
1231 1956
1101 1956
1101 1958
1103 1958
1103 1969
1213 1969
1213 1979
1255 1979
1255 1981
1266 1981
1266 1995
1662 1995
1662 1996
1402 1996
1402 2004
1454 2004
1454 2005
1628 2005
1628 2006
1605 2006
1605 2008
1687 2008
1687 2009
1696 2009
1696 1998
1751 1998
1751 1997
2004 1997
2004 1999
1770 1999
1770 2003
1802 2003
1802 2001
1824 2001
1824 2002
1921 2002
1921 2011
1714 2011
1714 2014
1748 2014
1748 2025
1726 2025
1726 2020
1624 2020
1624 2024
1565 2024
1565 2027
1533 2027
1533 2029
1560 2029
1560 2035
1509 2035
1509 2038
1474 2038
1474 2044
1501 2044
1501 2049
1512 2049
1512 2041
1629 2041
1629 2030
1633 2030
1633 2021
1685 2021
1685 2042
1730 2042
1730 2045
1750 2045
1750 2036
1768 2036
1768 2019
1761 2019
1761 2016
2008 2016
2008 2015
1965 2015
1965 2000
2209 2000
2209 2013
2275 2013
2275 2010
2264 2010
2264 1992
2280 1992
2280 2007
2303 2007
2303 1903
2329 1903
2329 1899
2366 1899
2366 1905
2339 1905
2339 1921
2362 1921
2362 1922
2334 1922
2334 1935
2364 1935
2364 1917
2412 1917
2412 2031
2415 2031
2415 2026
2416 2026
2416 1926
2428 1926
2428 1931
2434 1931
2434 2023
2431 2023
2431 1982
2422 1982
2422 2034
2425 2034
2425 2047
2288 2047
2288 2046
2283 2046
2283 2039
2247 2039
2247 2040
2208 2040
2208 2051
2384 2051
2384 2050
2420 2050
2420 2054
2424 2054
2424 2066
2426 2066
2426 2085
2430 2085
2430 2106
2274 2106
2274 2110
2276 2110
2276 2117
2270 2117
2270 2120
2241 2120
2241 2121
2230 2121
2230 2128
2263 2128
2263 2129
2255 2129
2255 2411
2253 2411
2253 2466
2258 2466
2258 2384
2257 2384
2257 2369
2256 2369
2256 2152
2310 2152
2310 2151
2287 2151
2287 2108
2411 2108
2411 2109
2315 2109
2315 2125
2331 2125
2331 2118
2342 2118
2342 2123
2361 2123
2361 2124
2386 2124
2386 2122
2374 2122
2374 2116
2379 2116
2379 2113
2359 2113
2359 2115
2343 2115
2343 2111
2435 2111
2435 2103
2433 2103
2433 2068
2437 2068
2437 2032
2438 2032
2438 2012
2441 2012
2441 1897
2419 1897
2419 1896
2301 1896
2301 1887
2370 1887
2370 1885
2266 1885
2266 1879
2313 1879
2313 1869
2286 1869
2286 1871
2246 1871
2246 1891
2250 1891
2250 1893
2279 1893
2279 1889
2291 1889
2291 1967
2284 1967
2284 1966
2277 1966
2277 1943
2269 1943
2269 1937
2203 1937
2203 1936
2207 1936
2207 1924
2232 1924
2232 1859
2194 1859
2194 1858
2093 1858
2093 1860
2109 1860
2109 1862
2050 1862
2050 1865
2062 1865
2062 1864
2056 1864
2056 1863
2231 1863
2231 1914
2168 1914
2168 1898
2229 1898
2229 1873
2152 1873
2152 1874
2228 1874
2228 1882
2210 1882
2210 1892
2161 1892
2161 1911
2154 1911
2154 1915
2140 1915
2140 1916
2205 1916
2205 1923
2135 1923
2135 1906
2132 1906
2132 1919
2115 1919
2115 1929
2116 1929
2116 1932
2186 1932
2186 1940
2223 1940
2223 1946
2272 1946
2272 1970
2249 1970
2249 1974
2197 1974
2197 1987
2180 1987
2180 1968
2144 1968
2144 1983
2177 1983
2177 1994
1663 1994
1663 1993
1447 1993
1447 1991
1514 1991
1514 1989
2119 1989
2119 1990
2121 1990
2121 1984
2117 1984
2117 1986
1971 1986
1971 1972
1922 1972
1922 1973
1787 1973
1787 1977
1580 1977
1580 1971
1564 1971
1564 1988
1562 1988
1562 1978
1542 1978
1542 1963
1432 1963
1432 1975
1529 1975
1529 1985
1294 1985
1294 1953
1329 1953
1329 1952
1035 1952
1035 1951
950 1951
950 1960
931 1960
931 1933
913 1933
913 1942
910 1942
910 1944
902 1944
902 1925
912 1925
912 1930
922 1930
922 1920
901 1920
901 1918
903 1918
903 1912
884 1912
884 1909
611 1909
611 1901
164 1901
164 1890
201 1890
201 1883
281 1883
281 1884
329 1884
329 1878
369 1878
369 1880
405 1880
405 1876
404 1876
404 1877
245 1877
245 1881
167 1881
167 1868
188 1868
188 1875
216 1875
216 1870
330 1870
330 1854
336 1854
336 1845
347 1845
347 1861
371 1861
371 1843
339 1843
339 1826
447 1826
447 1810
457 1810
457 1805
499 1805
499 1806
509 1806
509 1807
552 1807
552 1809
690 1809
690 1851
989 1851
989 1831
1137 1831
1137 1832
1176 1832
1176 1830
1049 1830
1049 1825
1276 1825
1276 1836
1268 1836
1268 1857
1587 1857
1587 1844
1631 1844
1631 1849
1602 1849
1602 1853
1612 1853
1612 1852
1749 1852
1749 1850
1882 1850
1882 1828
1890 1828
1890 1776
1916 1776
1916 1765
1795 1765
1795 1783
1777 1783
1777 1782
1762 1782
1762 1777
1771 1777
1771 1751
1690 1751
1690 1749
1672 1749
1672 1756
1676 1756
1676 1755
1745 1755
1745 1753
1764 1753
1764 1766
1657 1766
1657 1769
1710 1769
1710 1781
1601 1781
1601 1737
1622 1737
1622 1732
1614 1732
1614 1729
1775 1729
1775 1691
1803 1691
1803 1682
1854 1682
1854 1720
1856 1720
1856 1705
1920 1705
1920 1695
1982 1695
1982 1693
1966 1693
1966 1692
1912 1692
1912 1701
1860 1701
1860 1683
1950 1683
1950 1680
1991 1680
1991 1698
1997 1698
1997 1719
2118 1719
2118 1713
2136 1713
2136 1733
2025 1733
2025 1736
2112 1736
2112 1734
2165 1734
2165 1718
2190 1718
2190 1671
2183 1671
2183 1451
2187 1451
2187 1621
2189 1621
2189 1592
2191 1592
2191 1382
2184 1382
2184 993
2195 993
2195 1133
2201 1133
2201 1287
2196 1287
2196 1374
2198 1374
2198 1717
2199 1717
2199 1321
2202 1321
2202 956
2182 956
2182 949
2178 949
2178 941
2188 941
2188 885
2192 885
2192 914
2204 914
2204 912
2206 912
2206 884
2233 884
2233 908
2388 908
2388 905
2405 905
2405 1282
2401 1282
2401 1181
2399 1181
2399 1313
2376 1313
2376 1298
2372 1298
2372 1416
2381 1416
2381 1427
2371 1427
2371 1278
2360 1278
2360 1176
2367 1176
2367 1145
2365 1145
2365 1154
2324 1154
2324 1115
2336 1115
2336 961
2341 961
2341 943
2340 943
2340 932
2328 932
2328 982
2333 982
2333 1037
2335 1037
2335 1070
2332 1070
2332 1074
2314 1074
2314 930
2293 930
2293 984
2289 984
2289 1016
2261 1016
2261 1022
2240 1022
2240 1017
2243 1017
2243 1012
2234 1012
2234 1046
2244 1046
2244 1023
2298 1023
2298 1080
2297 1080
2297 1101
2294 1101
2294 1183
2295 1183
2295 1209
2306 1209
2306 1180
2300 1180
2300 989
2302 989
2302 944
2311 944
2311 1097
2323 1097
2323 1192
2356 1192
2356 1370
2355 1370
2355 1231
2238 1231
2238 1237
2296 1237
2296 1271
2307 1271
2307 1288
2309 1288
2309 1279
2319 1279
2319 1295
2318 1295
2318 1300
2326 1300
2326 1418
2320 1418
2320 1513
2305 1513
2305 1505
2245 1505
2245 1503
2235 1503
2235 1530
2268 1530
2268 1507
2282 1507
2282 1506
2304 1506
2304 1525
2322 1525
2322 1527
2290 1527
2290 1547
2327 1547
2327 1233
2347 1233
2347 1235
2349 1235
2349 1257
2348 1257
2348 1329
2344 1329
2344 1350
2345 1350
2345 1458
2358 1458
2358 1479
2387 1479
2387 1469
2390 1469
2390 1588
2392 1588
2392 1475
2391 1475
2391 1463
2373 1463
2373 1448
2393 1448
2393 1383
2389 1383
2389 1364
2402 1364
2402 1348
2406 1348
2406 904
2385 904
2385 903
2337 903
2337 897
2354 897
2354 892
2265 892
2265 817
2267 817
2267 844
2292 844
2292 854
2321 854
2321 821
2380 821
2380 814
2352 814
2352 807
2396 807
2396 845
2398 845
2398 805
2351 805
2351 804
2409 804
2409 794
2404 794
2404 772
2394 772
2394 782
2397 782
2397 803
2383 803
2383 800
2377 800
2377 768
2368 768
2368 767
2444 767
2444 766
2429 766
2429 763
2363 763
2363 793
2346 793
2346 815
2308 815
2308 824
2271 824
2271 779
2262 779
2262 757
2443 757
2443 639
2460 639
2460 652
2463 652
2463 633
2453 633
2453 631
2454 631
2454 624
2456 624
2456 627
2468 627
2468 796
2464 796
2464 883
2466 883
2466 857
2471 857
2471 819
2470 819
2470 797
2472 797
2472 638
2474 638
2474 625
2479 625
2479 622
2473 622
2473 616
2469 616
2469 617
2467 617
2467 621
2459 621
2459 352
2458 352
2458 597
2457 597
2457 183
2450 183
2450 175
2408 175
2408 172
2465 172
2465 171
2421 171
2421 170
2461 170
2461 168
2462 168
2462 166
2475 166
2475 197
2477 197
2477 181
2487 181
2487 180
2478 180
2478 165
2436 165
2436 169
2407 169
2407 187
2400 187
2400 178
2382 178
2382 189
2338 189
2338 184
2224 184
2224 185
2221 185
2221 167
2222 167
2222 16
2217 16
2217 46
2193 46
2193 38
2185 38
2185 36
2174 36
2174 53
2147 53
2147 61
2137 61
2137 29
2157 29
2157 24
2145 24
2145 18
2149 18
2149 10
2128 10
2128 15
2105 15
2105 17
1784 17
1784 22
1792 22
1792 27
1813 27
1813 23
1812 23
1812 20
1825 20
1825 21
2068 21
2068 25
2133 25
2133 56
1793 56
1793 70
1785 70
1785 68
1781 68
1781 58
1357 58
1357 59
1374 59
1374 66
1561 66
1561 65
1613 65
1613 71
1684 71
1684 72
1671 72
1671 75
1651 75
1651 83
1744 83
1744 87
1724 87
1724 89
1610 89
1610 88
1505 88
1505 90
1269 90
1269 78
1241 78
1241 48
1263 48
1263 41
1288 41
1288 42
1298 42
1298 55
1550 55
1550 51
1440 51
1440 50
1592 50
1592 47
1566 47
1566 34
1652 34
1652 28
1531 28
1531 32
1555 32
1555 33
1556 33
1556 49
1527 49
1527 40
1461 40
1461 43
1401 43
1401 45
1397 45
1397 54
1384 54
1384 44
1311 44
1311 35
1206 35
1206 31
1217 31
1217 13
1205 13
1205 39
1218 39
1218 52
1192 52
1192 69
1223 69
1223 94
1392 94
1392 92
1576 92
1576 96
1794 96
1794 103
1654 103
1654 97
1391 97
1391 101
1396 101
1396 110
1312 110
1312 109
1121 109
1121 115
1296 115
1296 111
1344 111
1344 121
1365 121
1365 114
1369 114
1369 122
1436 122
1436 116
1458 116
1458 119
1673 119
1673 126
1642 126
1642 127
1291 127
1291 129
1089 129
1089 134
1069 134
1069 123
1071 123
1071 105
1077 105
1077 9
962 9
962 14
968 14
968 26
974 26
974 19
1030 19
1030 12
1068 12
1068 139
1221 139
1221 137
1323 137
1323 132
1180 132
1180 131
1760 131
1760 135
1896 135
1896 130
1993 130
1993 136
1913 136
1913 140
2002 140
2002 141
1954 141
1954 142
1637 142
1637 143
1522 143
1522 151
1545 151
1545 155
1573 155
1573 163
1599 163
1599 243
1591 243
1591 234
1548 234
1548 227
1521 227
1521 268
1498 268
1498 246
1494 246
1494 265
1468 265
1468 264
1358 264
1358 260
1322 260
1322 262
1286 262
1286 263
1277 263
1277 256
1489 256
1489 259
1492 259
1492 248
1463 248
1463 254
1314 254
1314 229
1349 229
1349 222
1376 222
1376 221
1148 221
1148 214
1316 214
1316 217
1341 217
1341 209
1290 209
1290 210
1245 210
1245 212
1210 212
1210 211
1125 211
1125 202
1080 202
1080 196
840 196
840 198
833 198
833 208
957 208
957 206
1112 206
1112 226
1119 226
1119 224
1199 224
1199 225
1191 225
1191 228
1252 228
1252 233
1093 233
1093 231
893 231
893 218
876 218
876 232
986 232
986 236
1067 236
1067 235
1207 235
1207 238
1118 238
1118 241
1099 241
1099 247
1073 247
1073 252
1127 252
1127 255
1061 255
1061 253
873 253
873 237
869 237
869 257
1152 257
1152 244
1178 244
1178 267
1179 267
1179 240
1174 240
1174 239
1267 239
1267 258
1250 258
1250 270
1526 270
1526 250
1535 250
1535 273
1261 273
1261 276
1244 276
1244 275
1236 275
1236 277
1225 277
1225 279
1185 279
1185 280
1216 280
1216 282
1334 282
1334 274
1502 274
1502 278
1449 278
1449 281
1524 281
1524 292
1516 292
1516 295
1541 295
1541 272
1546 272
1546 249
1554 249
1554 337
1552 337
1552 338
1510 338
1510 341
1549 341
1549 377
1559 377
1559 350
1567 350
1567 389
1448 389
1448 384
1420 384
1420 383
1395 383
1395 388
1332 388
1332 376
1347 376
1347 349
1301 349
1301 348
1202 348
1202 351
1155 351
1155 355
1293 355
1293 356
1283 356
1283 372
1050 372
1050 335
1057 335
1057 332
1062 332
1062 328
1046 328
1046 319
1045 319
1045 299
1022 299
1022 317
972 317
972 304
852 304
852 322
863 322
863 318
886 318
886 305
909 305
909 312
939 312
939 309
971 309
971 316
969 316
969 320
1031 320
1031 330
1004 330
1004 339
1016 339
1016 365
998 365
998 373
1253 373
1253 393
1287 393
1287 361
1330 361
1330 390
1540 390
1540 405
1452 405
1452 400
1389 400
1389 403
1385 403
1385 401
1346 401
1346 411
1569 411
1569 360
1570 360
1570 261
1608 261
1608 157
1617 157
1617 378
1620 378
1620 315
1623 315
1623 146
1678 146
1678 145
1861 145
1861 144
2009 144
2009 138
2078 138
2078 128
1797 128
1797 125
2079 125
2079 288
2083 288
2083 329
2082 329
2082 294
2081 294
2081 415
2075 415
2075 219
2018 219
2018 159
2016 159
2016 391
2012 391
2012 293
2007 293
2007 147
2006 147
2006 213
1995 213
1995 193
1996 193
1996 191
1994 191
1994 194
1992 194
1992 245
1999 245
1999 435
2040 435
2040 460
2066 460
2066 454
2095 454
2095 462
2096 462
2096 515
2084 515
2084 509
2053 509
2053 508
1975 508
1975 359
1984 359
1984 396
1981 396
1981 397
1989 397
1989 364
1988 364
1988 358
1955 358
1955 366
1952 366
1952 394
1945 394
1945 354
1943 354
1943 410
1935 410
1935 412
1956 412
1956 430
1937 430
1937 490
1914 490
1914 480
1818 480
1818 467
1886 467
1886 455
1897 455
1897 402
1887 402
1887 380
1904 380
1904 409
1908 409
1908 381
1909 381
1909 477
1910 477
1910 375
1885 375
1885 297
1873 297
1873 326
1869 326
1869 456
1817 456
1817 484
1857 484
1857 501
1918 501
1918 492
1923 492
1923 504
1243 504
1243 487
1170 487
1170 488
744 488
744 486
728 486
728 472
722 472
722 465
720 465
720 451
717 451
717 423
810 423
810 432
772 432
772 458
779 458
779 436
807 436
807 448
820 448
820 215
824 215
824 200
823 200
823 203
792 203
792 201
735 201
735 266
733 266
733 283
685 283
685 285
658 285
658 287
548 287
548 284
506 284
506 290
498 290
498 308
487 308
487 298
431 298
431 333
465 333
465 336
442 336
442 404
494 404
494 418
429 418
429 419
301 419
301 407
292 407
292 413
290 413
290 420
396 420
396 421
479 421
479 424
195 424
195 416
147 416
147 453
143 453
143 95
142 95
142 37
134 37
134 5
163 5
163 1
