300
14 2378
14 2162
7 2162
7 2170
3 2170
3 2377
2 2377
2 2499
1 2499
1 2500
4 2500
4 2495
6 2495
6 2357
10 2357
10 2348
5 2348
5 2213
12 2213
12 2168
13 2168
13 2358
11 2358
11 2405
18 2405
18 2389
19 2389
19 2408
21 2408
21 2394
26 2394
26 2413
45 2413
45 2417
40 2417
40 2419
156 2419
156 2420
184 2420
184 2407
255 2407
255 2421
106 2421
106 2422
258 2422
258 2412
262 2412
262 2428
227 2428
227 2425
88 2425
88 2438
28 2438
28 2439
36 2439
36 2441
118 2441
118 2443
136 2443
136 2453
140 2453
140 2469
121 2469
121 2494
127 2494
127 2498
148 2498
148 2477
138 2477
138 2476
145 2476
145 2430
162 2430
162 2433
282 2433
282 2434
294 2434
294 2451
288 2451
288 2460
277 2460
277 2435
263 2435
263 2457
257 2457
257 2465
344 2465
344 2350
349 2350
349 2305
383 2305
383 2276
384 2276
384 2338
388 2338
388 2374
389 2374
389 2392
387 2392
387 2398
378 2398
378 2410
376 2410
376 2416
380 2416
380 2446
373 2446
373 2454
475 2454
475 2459
489 2459
489 2461
615 2461
615 2468
614 2468
614 2471
657 2471
657 2473
607 2473
607 2480
638 2480
638 2479
649 2479
649 2493
758 2493
758 2490
785 2490
785 2496
574 2496
574 2497
804 2497
804 2491
839 2491
839 2489
831 2489
831 2488
1043 2488
1043 2492
1281 2492
1281 2485
1380 2485
1380 2481
1367 2481
1367 2475
1370 2475
1370 2470
1366 2470
1366 2474
1222 2474
1222 2472
1196 2472
1196 2455
1144 2455
1144 2447
1275 2447
1275 2448
1328 2448
1328 2395
1299 2395
1299 2440
1258 2440
1258 2406
1292 2406
1292 2396
1282 2396
1282 2400
1256 2400
1256 2445
1130 2445
1130 2462
1189 2462
1189 2478
1361 2478
1361 2484
1240 2484
1240 2487
672 2487
672 2486
703 2486
703 2483
713 2483
713 2482
716 2482
716 2467
706 2467
706 2432
709 2432
709 2424
702 2424
702 2426
700 2426
700 2449
704 2449
704 2464
632 2464
632 2458
637 2458
637 2456
681 2456
681 2452
671 2452
671 2450
395 2450
395 2444
512 2444
512 2436
513 2436
513 2429
559 2429
559 2423
549 2423
549 2427
505 2427
505 2442
403 2442
403 2403
406 2403
406 2401
390 2401
390 2391
402 2391
402 2393
446 2393
446 2382
428 2382
428 2385
400 2385
400 2353
401 2353
401 2315
410 2315
410 2354
436 2354
436 2327
416 2327
416 2317
515 2317
515 2316
940 2316
940 2324
556 2324
556 2337
613 2337
613 2335
609 2335
609 2326
798 2326
798 2325
805 2325
805 2328
1171 2328
1171 2322
944 2322
944 2320
1237 2320
1237 2319
1115 2319
1115 2318
1106 2318
1106 2314
397 2314
397 2321
386 2321
386 2282
569 2282
569 2281
450 2281
450 2273
343 2273
343 2280
324 2280
324 2290
328 2290
328 2310
325 2310
325 2365
332 2365
332 2340
326 2340
326 2323
342 2323
342 2463
304 2463
304 2437
302 2437
302 2431
270 2431
270 2404
153 2404
153 2414
141 2414
141 2418
126 2418
126 2415
78 2415
78 2409
27 2409
27 2386
22 2386
22 2378
