668
80 265
80 230
74 230
74 227
75 227
75 178
45 178
45 173
64 173
64 171
50 171
50 163
55 163
55 159
41 159
41 155
47 155
47 150
44 150
44 114
38 114
38 112
40 112
40 109
42 109
42 71
37 71
37 29
8 29
8 117
9 117
9 135
2 135
2 186
3 186
3 236
4 236
4 241
1 241
1 282
12 282
12 254
11 254
11 253
16 253
16 205
7 205
7 200
5 200
5 172
6 172
6 175
10 175
10 149
14 149
14 134
17 134
17 116
13 116
13 48
15 48
15 41
24 41
24 43
33 43
33 36
29 36
29 35
34 35
34 65
31 65
31 50
19 50
19 83
25 83
25 72
30 72
30 86
26 86
26 108
32 108
32 74
36 74
36 121
18 121
18 125
35 125
35 137
28 137
28 176
23 176
23 131
22 131
22 177
21 177
21 179
58 179
58 187
60 187
60 228
61 228
61 218
66 218
66 217
68 217
68 181
72 181
72 267
62 267
62 277
112 277
112 278
301 278
301 279
302 279
302 280
308 280
308 286
298 286
298 289
269 289
269 287
222 287
222 284
221 284
221 285
167 285
167 288
199 288
199 290
344 290
344 239
350 239
350 195
368 195
368 199
375 199
375 213
373 213
373 270
387 270
387 292
394 292
394 275
403 275
403 268
414 268
414 243
450 243
450 247
417 247
417 258
437 258
437 257
439 257
439 256
465 256
465 244
478 244
478 291
466 291
466 293
460 293
460 294
484 294
484 242
397 242
397 249
396 249
396 261
386 261
386 229
398 229
398 214
381 214
381 197
378 197
378 237
379 237
379 262
393 262
393 269
376 269
376 198
372 198
372 193
406 193
406 209
459 209
459 215
458 215
458 219
464 219
464 226
472 226
472 225
471 225
471 216
486 216
486 220
483 220
483 223
496 223
496 274
495 274
495 304
485 304
485 296
415 296
415 314
412 314
412 320
408 320
408 321
429 321
429 297
433 297
433 319
434 319
434 324
436 324
436 313
449 313
449 375
448 375
448 376
447 376
447 381
399 381
399 380
273 380
273 366
254 366
254 369
232 369
232 373
210 373
210 372
231 372
231 363
314 363
314 358
310 358
310 357
353 357
353 355
319 355
319 350
333 350
333 351
341 351
341 354
354 354
354 328
348 328
348 348
347 348
347 330
313 330
313 332
264 332
264 334
280 334
280 337
279 337
279 338
317 338
317 341
248 341
248 342
329 342
329 347
285 347
285 352
293 352
293 353
297 353
297 362
219 362
219 364
184 364
184 361
182 361
182 343
181 343
181 359
168 359
168 365
148 365
148 370
139 370
139 329
141 329
141 295
113 295
113 300
56 300
56 301
82 301
82 302
101 302
101 303
106 303
106 306
124 306
124 298
126 298
126 322
130 322
130 331
131 331
131 336
110 336
110 333
120 333
120 316
53 316
53 317
65 317
65 326
67 326
67 318
114 318
114 325
100 325
100 339
59 339
59 346
69 346
69 360
63 360
63 367
90 367
90 356
87 356
87 349
88 349
88 345
94 345
94 340
105 340
105 335
103 335
103 327
109 327
109 368
116 368
116 344
134 344
134 371
136 371
136 307
140 307
140 315
138 315
138 374
259 374
259 378
267 378
267 383
356 383
356 385
305 385
305 390
253 390
253 384
249 384
249 405
246 405
246 408
230 408
230 421
233 421
233 443
268 443
268 441
322 441
322 444
331 444
331 437
389 437
389 439
410 439
410 445
388 445
388 452
383 452
383 460
374 460
374 448
363 448
363 450
358 450
358 478
351 478
351 491
390 491
390 493
339 493
339 494
228 494
228 489
276 489
276 487
294 487
294 485
312 485
312 461
283 461
283 468
281 468
281 483
125 483
125 488
108 488
108 480
251 480
251 477
172 477
172 476
238 476
238 475
239 475
239 464
227 464
227 465
180 465
180 463
86 463
86 466
225 466
225 469
54 469
54 470
223 470
223 472
216 472
216 471
201 471
201 473
96 473
96 479
52 479
52 490
174 490
174 486
208 486
208 497
220 497
220 496
245 496
245 495
321 495
321 500
364 500
364 498
427 498
427 499
480 499
480 447
487 447
487 446
494 446
494 434
481 434
481 423
475 423
475 427
469 427
469 413
474 413
474 409
482 409
482 410
499 410
499 454
500 454
500 407
470 407
470 406
468 406
468 417
446 417
446 419
456 419
456 418
467 418
467 425
457 425
457 422
431 422
431 426
362 426
362 430
346 430
346 428
311 428
311 431
462 431
462 442
479 442
479 492
404 492
404 474
380 474
380 467
432 467
432 481
440 481
440 482
445 482
445 484
454 484
454 458
461 458
461 455
453 455
453 462
443 462
443 459
430 459
430 456
428 456
428 457
401 457
401 449
409 449
409 453
442 453
442 451
438 451
438 432
402 432
402 436
370 436
370 435
349 435
349 433
328 433
328 438
296 438
296 440
287 440
287 429
272 429
272 424
250 424
250 415
258 415
258 393
345 393
345 397
323 397
323 399
332 399
332 401
327 401
327 411
338 411
338 420
360 420
360 416
357 416
357 404
352 404
352 398
361 398
361 396
382 396
382 400
367 400
367 412
369 412
369 403
371 403
371 414
395 414
395 402
391 402
391 392
407 392
407 395
425 395
425 394
418 394
418 389
340 389
340 391
309 391
309 387
426 387
426 388
451 388
451 386
384 386
384 382
488 382
488 379
489 379
489 377
452 377
452 308
444 308
444 305
435 305
435 299
476 299
476 309
497 309
497 281
498 281
498 222
492 222
492 208
424 208
424 192
303 192
303 204
306 204
306 206
299 206
299 224
326 224
326 212
307 212
307 196
342 196
342 231
291 231
291 232
290 232
290 233
324 233
324 234
330 234
330 235
262 235
262 238
334 238
334 245
263 245
263 240
243 240
243 260
256 260
256 251
261 251
261 264
275 264
275 263
265 263
265 252
315 252
315 250
286 250
286 248
318 248
318 246
335 246
335 255
336 255
336 259
343 259
343 283
316 283
316 276
85 276
85 265
