220
80 265
80 230
74 230
74 227
75 227
75 178
45 178
45 173
64 173
64 171
50 171
50 163
55 163
55 159
41 159
41 155
47 155
47 150
44 150
44 114
38 114
38 112
40 112
40 109
42 109
42 71
37 71
37 29
8 29
8 117
9 117
9 135
2 135
2 186
3 186
3 236
4 236
4 241
1 241
1 282
12 282
12 254
11 254
11 253
16 253
16 205
7 205
7 200
5 200
5 172
6 172
6 175
10 175
10 149
14 149
14 134
17 134
17 116
13 116
13 48
15 48
15 41
24 41
24 43
33 43
33 36
29 36
29 35
34 35
34 65
31 65
31 50
19 50
19 83
25 83
25 72
30 72
30 86
26 86
26 108
32 108
32 74
36 74
36 121
18 121
18 125
35 125
35 137
28 137
28 176
23 176
23 131
22 131
22 177
21 177
21 179
58 179
58 187
60 187
60 228
61 228
61 218
66 218
66 217
68 217
68 181
72 181
72 267
62 267
62 277
112 277
112 278
301 278
301 279
302 279
302 280
308 280
308 286
298 286
298 289
269 289
269 287
222 287
222 284
221 284
221 285
167 285
167 288
199 288
199 290
344 290
344 239
350 239
350 195
368 195
368 199
375 199
375 213
373 213
373 270
387 270
387 292
394 292
394 275
403 275
403 268
414 268
414 243
397 243
397 249
396 249
396 261
386 261
386 229
398 229
398 214
381 214
381 197
378 197
378 237
379 237
379 262
393 262
393 269
376 269
376 198
372 198
372 193
303 193
303 204
306 204
306 206
299 206
299 224
326 224
326 212
307 212
307 196
342 196
342 231
291 231
291 232
290 232
290 233
324 233
324 234
330 234
330 235
262 235
262 238
334 238
334 245
263 245
263 240
243 240
243 260
256 260
256 251
261 251
261 264
275 264
275 263
265 263
265 252
315 252
315 250
286 250
286 248
318 248
318 246
335 246
335 255
336 255
336 259
343 259
343 283
316 283
316 276
85 276
85 265
