110
150 487
150 493
151 493
151 560
164 560
164 626
116 626
116 621
143 621
143 617
114 617
114 635
161 635
161 638
147 638
147 675
158 675
158 641
165 641
165 558
167 558
167 816
160 816
160 677
148 677
148 760
154 760
154 739
159 739
159 826
168 826
168 916
155 916
155 923
137 923
137 887
133 887
133 858
136 858
136 847
146 847
146 844
140 844
140 817
138 817
138 752
66 752
66 764
44 764
44 759
45 759
45 753
1 753
1 756
5 756
5 757
37 757
37 762
2 762
2 768
78 768
78 771
84 771
84 772
46 772
46 773
60 773
60 777
92 777
92 754
127 754
127 758
134 758
134 785
130 785
130 873
129 873
129 926
120 926
120 866
126 866
126 877
128 877
128 818
121 818
121 846
115 846
115 915
64 915
64 925
63 925
63 901
62 901
62 917
29 917
29 924
3 924
3 939
11 939
11 941
58 941
58 937
53 937
53 927
169 927
169 664
172 664
172 769
173 769
173 487
