2212
1242 1
1242 9
1245 9
1245 38
1246 38
1246 88
1241 88
1241 167
1243 167
1243 173
1240 173
1240 175
1212 175
1212 172
1228 172
1228 2
1226 2
1226 56
1227 56
1227 119
1218 119
1218 141
1199 141
1199 110
1181 110
1181 104
1144 104
1144 114
1108 114
1108 116
1142 116
1142 121
1160 121
1160 133
1123 133
1123 132
967 132
967 151
950 151
950 134
949 134
949 148
944 148
944 149
947 149
947 150
935 150
935 153
890 153
890 147
918 147
918 135
920 135
920 130
1094 130
1094 129
1063 129
1063 124
1061 124
1061 125
862 125
862 139
893 139
893 140
840 140
840 155
794 155
794 144
800 144
800 143
789 143
789 154
784 154
784 163
770 163
770 136
777 136
777 122
773 122
773 97
813 97
813 103
834 103
834 98
845 98
845 91
825 91
825 83
881 83
881 81
841 81
841 80
826 80
826 77
819 77
819 73
878 73
878 74
887 74
887 75
897 75
897 71
908 71
908 107
912 107
912 76
929 76
929 84
917 84
917 99
932 99
932 109
902 109
902 120
966 120
966 118
968 118
968 117
931 117
931 112
904 112
904 111
948 111
948 108
977 108
977 105
986 105
986 82
1020 82
1020 72
1064 72
1064 65
1151 65
1151 62
972 62
972 101
963 101
963 94
945 94
945 70
940 70
940 52
922 52
922 57
892 57
892 63
810 63
810 60
820 60
820 30
822 30
822 28
837 28
837 29
1039 29
1039 21
1053 21
1053 8
1009 8
1009 6
1024 6
1024 5
962 5
962 10
1005 10
1005 15
1012 15
1012 16
1050 16
1050 18
1021 18
1021 25
959 25
959 22
951 22
951 26
921 26
921 27
844 27
844 11
829 11
829 13
828 13
828 7
835 7
835 4
847 4
847 3
812 3
812 59
802 59
802 64
900 64
900 66
911 66
911 58
937 58
937 69
808 69
808 85
823 85
823 89
790 89
790 54
772 54
772 68
761 68
761 86
756 86
756 170
766 170
766 179
755 179
755 92
703 92
703 67
704 67
704 61
724 61
724 12
675 12
675 20
698 20
698 23
711 23
711 19
712 19
712 31
539 31
539 32
683 32
683 33
667 33
667 36
450 36
450 37
361 37
361 35
265 35
265 87
269 87
269 201
272 201
272 208
275 208
275 240
270 240
270 222
258 222
258 215
257 215
257 245
279 245
279 258
255 258
255 217
253 217
253 203
250 203
250 202
247 202
247 259
262 259
262 301
264 301
264 289
267 289
267 333
238 333
238 357
236 357
236 244
228 244
228 126
229 126
229 236
233 236
233 115
231 115
231 106
226 106
226 184
227 184
227 191
223 191
223 138
221 138
221 79
218 79
218 248
220 248
220 373
287 373
287 398
234 398
234 463
230 463
230 473
216 473
216 709
261 709
261 701
263 701
263 707
291 707
291 686
307 686
307 689
319 689
319 690
312 690
312 718
310 718
310 746
308 746
308 824
311 824
311 737
315 737
315 750
317 750
317 728
320 728
320 734
322 734
322 744
323 744
323 684
217 684
217 650
222 650
222 636
224 636
224 544
235 544
235 513
243 513
243 581
244 581
244 467
245 467
245 424
252 424
252 422
259 422
259 433
280 433
280 506
302 506
302 516
306 516
306 540
397 540
397 562
389 562
389 645
405 645
405 651
394 651
394 695
408 695
408 892
457 892
457 874
459 874
459 855
448 855
448 791
453 791
453 807
478 807
478 872
476 872
476 891
477 891
477 929
479 929
479 1034
474 1034
474 1054
491 1054
491 1056
520 1056
520 1088
504 1088
504 1106
602 1106
602 1138
603 1138
603 1147
295 1147
295 1149
188 1149
188 1153
156 1153
156 1142
430 1142
430 1139
212 1139
212 1113
214 1113
214 1039
178 1039
178 984
163 984
163 973
192 973
192 967
213 967
213 952
203 952
203 934
201 934
201 918
204 918
204 838
199 838
199 832
208 832
208 781
205 781
205 640
185 640
185 580
197 580
197 475
150 475
150 493
151 493
151 560
164 560
164 626
116 626
116 621
143 621
143 617
114 617
114 635
161 635
161 638
147 638
147 675
158 675
158 641
165 641
165 558
167 558
167 816
160 816
160 677
148 677
148 760
154 760
154 739
159 739
159 826
168 826
168 916
155 916
155 923
137 923
137 887
133 887
133 858
136 858
136 847
146 847
146 844
140 844
140 817
138 817
138 752
66 752
66 764
44 764
44 759
45 759
45 753
1 753
1 756
5 756
5 757
37 757
37 762
2 762
2 768
78 768
78 771
84 771
84 772
46 772
46 773
60 773
60 777
92 777
92 754
127 754
127 758
134 758
134 785
130 785
130 873
129 873
129 926
120 926
120 866
126 866
126 877
128 877
128 818
121 818
121 846
115 846
115 915
64 915
64 925
63 925
63 901
62 901
62 917
29 917
29 924
3 924
3 939
11 939
11 941
58 941
58 937
53 937
53 927
169 927
169 664
172 664
172 769
173 769
173 487
157 487
157 476
174 476
174 531
183 531
183 477
184 477
184 720
200 720
200 763
194 763
194 922
180 922
180 920
179 920
179 936
187 936
187 956
196 956
196 965
132 965
132 945
112 945
112 974
111 974
111 997
118 997
118 959
119 959
119 994
162 994
162 988
175 988
175 1067
207 1067
207 1060
202 1060
202 1058
210 1058
210 1046
176 1046
176 1041
211 1041
211 1131
90 1131
90 1111
94 1111
94 1099
97 1099
97 1073
82 1073
82 1066
98 1066
98 1014
87 1014
87 1001
86 1001
86 964
93 964
93 949
79 949
79 1078
77 1078
77 1019
72 1019
72 1024
76 1024
76 1057
71 1057
71 1090
74 1090
74 1133
70 1133
70 1126
67 1126
67 1101
61 1101
61 1095
13 1095
13 1094
12 1094
12 1103
33 1103
33 1123
24 1123
24 1122
15 1122
15 1112
10 1112
10 1114
7 1114
7 1145
8 1145
8 1146
28 1146
28 1162
47 1162
47 1158
51 1158
51 1160
55 1160
55 1141
41 1141
41 1137
52 1137
52 1129
40 1129
40 1124
38 1124
38 1096
56 1096
56 1130
65 1130
65 1202
57 1202
57 1240
68 1240
68 1242
81 1242
81 1228
113 1228
113 1218
117 1218
117 1237
125 1237
125 1225
171 1225
171 1221
286 1221
286 1206
232 1206
232 1203
182 1203
182 1193
256 1193
256 1195
318 1195
318 1182
254 1182
254 1177
324 1177
324 1219
345 1219
345 1197
387 1197
387 1198
392 1198
392 1200
458 1200
458 1231
418 1231
418 1239
421 1239
421 1245
456 1245
456 1234
489 1234
489 1246
501 1246
501 1232
511 1232
511 1236
532 1236
532 1223
541 1223
541 1207
486 1207
486 1212
460 1212
460 1205
481 1205
481 1199
528 1199
528 1201
565 1201
565 1208
567 1208
567 1220
551 1220
551 1222
596 1222
596 1213
651 1213
651 1226
544 1226
544 1230
654 1230
654 1235
600 1235
600 1233
586 1233
586 1243
716 1243
716 1241
610 1241
610 1238
661 1238
661 1227
691 1227
691 1224
673 1224
673 1215
671 1215
671 1210
599 1210
599 1191
577 1191
577 1188
475 1188
475 1186
419 1186
419 1189
411 1189
411 1196
404 1196
404 1183
331 1183
331 1211
328 1211
328 1180
341 1180
341 1178
471 1178
471 1176
298 1176
298 1175
80 1175
80 1179
248 1179
248 1181
240 1181
240 1184
170 1184
170 1192
149 1192
149 1187
139 1187
139 1194
95 1194
95 1214
110 1214
110 1216
123 1216
123 1217
75 1217
75 1144
88 1144
88 1143
131 1143
131 1161
193 1161
193 1159
225 1159
225 1166
507 1166
507 1167
609 1167
609 1170
513 1170
513 1168
508 1168
508 1171
296 1171
296 1169
142 1169
142 1172
615 1172
615 1173
618 1173
618 1165
420 1165
420 1163
316 1163
316 1164
271 1164
271 1157
277 1157
277 1155
237 1155
237 1154
473 1154
473 1156
557 1156
557 1151
384 1151
384 1152
359 1152
359 1150
614 1150
614 1140
625 1140
625 1134
620 1134
620 1108
613 1108
613 1105
536 1105
536 1104
522 1104
522 1059
540 1059
540 1052
506 1052
506 1043
500 1043
500 1031
547 1031
547 1037
545 1037
545 1093
558 1093
558 1053
573 1053
573 1069
576 1069
576 1045
568 1045
568 1027
564 1027
564 1010
543 1010
543 1028
538 1028
538 995
621 995
621 999
611 999
611 1008
617 1008
617 1033
606 1033
606 1035
624 1035
624 1038
655 1038
655 1044
656 1044
656 1085
657 1085
657 1120
659 1120
659 1023
631 1023
631 1009
739 1009
739 1004
720 1004
720 983
732 983
732 991
796 991
796 989
824 989
824 980
821 980
821 982
809 982
809 975
807 975
807 987
797 987
797 958
848 958
848 990
864 990
864 1016
879 1016
879 971
865 971
865 976
858 976
858 953
723 953
723 950
736 950
736 942
754 942
754 938
776 938
776 932
803 932
803 931
745 931
745 928
727 928
727 921
717 921
717 960
788 960
788 968
762 968
762 978
738 978
738 966
715 966
715 1005
702 1005
702 1003
622 1003
622 992
515 992
515 1029
485 1029
485 935
482 935
482 907
480 907
480 889
496 889
496 878
509 878
509 865
510 865
510 863
512 863
512 861
484 861
484 845
530 845
530 821
648 821
648 820
628 820
628 814
616 814
616 812
580 812
580 811
505 811
505 810
503 810
503 825
495 825
495 833
493 833
493 804
463 804
463 798
838 798
838 800
875 800
875 801
850 801
850 871
866 871
866 843
853 843
853 851
859 851
859 859
852 859
852 808
872 808
872 823
884 823
884 827
909 827
909 841
905 841
905 831
899 831
899 836
896 836
896 848
901 848
901 850
913 850
913 849
914 849
914 880
906 880
906 876
891 876
891 881
915 881
915 809
894 809
894 797
560 797
560 794
744 794
744 793
531 793
531 792
980 792
980 795
1022 795
1022 802
1007 802
1007 806
1060 806
1060 805
1023 805
1023 803
1083 803
1083 835
1082 835
1082 834
1075 834
1075 914
1084 914
1084 908
1088 908
1088 963
1087 963
1087 1012
1078 1012
1078 1007
1068 1007
1068 1006
1086 1006
1086 962
1081 962
1081 948
1077 948
1077 996
1070 996
1070 977
1058 977
1058 1065
1051 1065
1051 1075
1046 1075
1046 1064
1040 1064
1040 1077
1018 1077
1018 1061
1017 1061
1017 1051
1019 1051
1019 1048
1016 1048
1016 1030
998 1030
998 1020
1028 1020
1028 899
1027 899
1027 940
1014 940
1014 1000
999 1000
999 896
1008 896
1008 882
1006 882
1006 884
994 884
994 944
991 944
991 1229
988 1229
988 1174
985 1174
985 1244
996 1244
996 1204
1010 1204
1010 1247
970 1247
970 1250
1161 1250
1161 1249
1158 1249
1158 1248
1011 1248
1011 1209
1015 1209
1015 1190
1038 1190
1038 1185
992 1185
992 1109
995 1109
995 1071
1001 1071
1001 1042
1013 1042
1013 1086
1031 1086
1031 1092
1041 1092
1041 1102
1036 1102
1036 1128
1043 1128
1043 1100
1059 1100
1059 1091
1045 1091
1045 1083
1066 1083
1066 1125
1067 1125
1067 1121
1105 1121
1105 1127
1130 1127
1130 1118
1178 1118
1178 1115
1184 1115
1184 1132
1209 1132
1209 1021
1213 1021
1213 979
1214 979
1214 970
1219 970
1219 951
1221 951
1221 911
1225 911
1225 875
1222 875
1222 755
1220 755
1220 751
1216 751
1216 761
1192 761
1192 767
1201 767
1201 774
1196 774
1196 782
1190 782
1190 819
1200 819
1200 813
1202 813
1202 857
1194 857
1194 856
1193 856
1193 890
1195 890
1195 900
1206 900
1206 888
1197 888
1197 862
1198 862
1198 886
1204 886
1204 829
1205 829
1205 796
1207 796
1207 885
1210 885
1210 799
1211 799
1211 906
1215 906
1215 864
1217 864
1217 943
1208 943
1208 1063
1189 1063
1189 1098
1111 1098
1111 1119
1097 1119
1097 1116
1107 1116
1107 1110
1091 1110
1091 1097
1073 1097
1073 1018
1096 1018
1096 1047
1106 1047
1106 957
1113 957
1113 986
1110 986
1110 1079
1112 1079
1112 1080
1090 1080
1090 1084
1145 1084
1145 1089
1149 1089
1149 1070
1136 1070
1136 1068
1134 1068
1134 1081
1115 1081
1115 993
1120 993
1120 1032
1128 1032
1128 1026
1126 1026
1126 1017
1137 1017
1137 985
1124 985
1124 981
1121 981
1121 946
1093 946
1093 869
1101 869
1101 868
1103 868
1103 867
1104 867
1104 854
1114 854
1114 852
1095 852
1095 828
1089 828
1089 790
429 790
429 822
442 822
442 883
409 883
409 853
426 853
426 837
414 837
414 830
410 830
410 749
417 749
417 688
422 688
422 730
423 730
423 644
391 644
391 576
398 576
398 639
407 639
407 575
406 575
406 568
402 568
402 625
400 625
400 557
403 557
403 541
454 541
454 536
351 536
351 529
395 529
395 331
396 331
396 290
393 290
393 353
390 353
390 522
349 522
349 510
309 510
309 504
301 504
301 471
281 471
281 413
239 413
239 410
313 410
313 450
303 450
303 453
314 453
314 426
368 426
368 466
371 466
371 275
385 275
385 411
381 411
381 346
383 346
383 322
373 322
373 326
380 326
380 344
375 344
375 379
376 379
376 389
377 389
377 501
386 501
386 271
388 271
388 262
367 262
367 296
337 296
337 253
352 253
352 251
372 251
372 224
374 224
374 214
365 214
365 186
347 186
347 212
332 212
332 273
327 273
327 281
335 281
335 299
333 299
333 300
343 300
343 307
326 307
326 328
357 328
357 342
342 342
342 352
353 352
353 369
355 369
355 390
336 390
336 386
299 386
299 171
297 171
297 400
340 400
340 399
344 399
344 393
358 393
358 343
360 343
360 403
369 403
369 405
334 405
334 406
288 406
288 284
292 284
292 269
294 269
294 198
293 198
293 100
290 100
290 255
289 255
289 131
285 131
285 297
284 297
284 362
276 362
276 358
268 358
268 368
241 368
241 361
249 361
249 350
242 350
242 339
278 339
278 285
283 285
283 53
282 53
282 195
273 195
273 78
274 78
274 50
305 50
305 47
348 47
348 51
366 51
366 43
399 43
399 44
494 44
494 46
498 46
498 42
619 42
619 45
598 45
598 49
663 49
663 48
637 48
637 41
382 41
382 40
469 40
469 39
705 39
705 34
719 34
719 14
721 14
721 55
694 55
694 96
706 96
706 102
734 102
734 206
735 206
735 95
697 95
697 93
749 93
749 128
748 128
748 225
743 225
743 228
1056 228
1056 223
990 223
990 219
1072 219
1072 229
729 229
729 243
747 243
747 249
774 249
774 252
778 252
778 233
811 233
811 235
814 235
814 237
842 237
842 238
981 238
981 242
1030 242
1030 246
973 246
973 265
971 265
971 266
961 266
961 263
926 263
926 268
886 268
886 278
876 278
876 264
855 264
855 272
849 272
849 274
701 274
701 277
816 277
816 282
860 282
860 279
916 279
916 280
927 280
927 270
953 270
953 286
989 286
989 283
984 283
984 250
1037 250
1037 256
1054 256
1054 276
1047 276
1047 287
1049 287
1049 293
1098 293
1098 298
1076 298
1076 304
1141 304
1141 313
1139 313
1139 314
1143 314
1143 434
1148 434
1148 539
1125 539
1125 546
1119 546
1119 551
1131 551
1131 572
1140 572
1140 642
1138 642
1138 599
1133 599
1133 643
1118 643
1118 613
1122 613
1122 606
873 606
873 605
1026 605
1026 603
1127 603
1127 598
925 598
925 601
843 601
843 607
815 607
815 600
792 600
792 586
903 586
903 592
839 592
839 595
1035 595
1035 594
974 594
974 591
942 591
942 588
957 588
957 585
1004 585
1004 512
1002 512
1002 461
1029 461
1029 548
1048 548
1048 503
1034 503
1034 527
1032 527
1032 479
1044 479
1044 451
1033 451
1033 455
978 455
978 486
982 486
982 456
997 456
997 507
983 507
983 570
946 570
946 567
832 567
832 571
934 571
934 573
941 573
941 584
758 584
758 579
827 579
827 574
765 574
765 550
751 550
751 519
760 519
760 468
757 468
757 464
759 464
759 423
767 423
767 430
771 430
771 427
795 427
795 402
768 402
768 388
769 388
769 372
764 372
764 395
746 395
746 478
753 478
753 511
741 511
741 520
737 520
737 488
713 488
713 492
696 492
696 498
693 498
693 327
687 327
687 312
681 312
681 325
679 325
679 311
647 311
647 310
559 310
559 315
552 315
552 329
592 329
592 351
645 351
645 349
594 349
594 324
597 324
597 316
665 316
665 320
644 320
644 321
660 321
660 330
689 330
689 340
684 340
684 334
676 334
676 347
682 347
682 360
688 360
688 482
686 482
686 435
677 435
677 472
664 472
664 470
635 470
635 465
623 465
623 454
626 454
626 458
640 458
640 448
638 448
638 446
662 446
662 441
632 441
632 437
601 437
601 442
589 442
589 425
607 425
607 421
579 421
579 416
649 416
649 355
627 355
627 412
591 412
591 384
584 384
584 415
583 415
583 378
542 378
542 382
487 382
487 385
546 385
546 387
569 387
569 439
535 439
535 428
526 428
526 431
527 431
527 449
492 449
492 438
502 438
502 418
566 418
566 407
499 407
499 429
488 429
488 414
470 414
470 432
472 432
472 457
516 457
516 564
550 564
550 517
555 517
555 566
549 566
549 646
518 646
518 632
517 632
517 657
521 657
521 658
537 658
537 663
548 663
548 649
553 649
553 673
593 673
593 670
588 670
588 655
572 655
572 659
563 659
563 671
554 671
554 577
556 577
556 604
574 604
574 597
604 597
604 611
630 611
630 668
642 668
642 693
636 693
636 703
708 703
708 706
775 706
775 705
880 705
880 680
888 680
888 681
923 681
923 722
924 722
924 733
781 733
781 732
695 732
695 738
685 738
685 726
752 726
752 724
817 724
817 721
869 721
869 717
885 717
885 716
804 716
804 719
779 719
779 715
725 715
725 712
699 712
699 714
709 714
709 725
666 725
666 729
672 729
672 741
742 741
742 740
830 740
830 736
955 736
955 742
958 742
958 731
960 731
960 747
965 747
965 748
969 748
969 745
976 745
976 723
954 723
954 713
939 713
939 727
930 727
930 692
928 692
928 676
868 676
868 682
874 682
874 694
861 694
861 687
857 687
857 674
801 674
801 685
856 685
856 691
846 691
846 704
733 704
733 702
728 702
728 700
678 700
678 698
799 698
799 696
798 696
798 697
643 697
643 683
658 683
658 679
669 679
669 667
653 667
653 666
633 666
633 656
652 656
652 654
646 654
646 615
641 615
641 587
629 587
629 583
608 583
608 502
605 502
605 554
595 554
595 593
585 593
585 578
561 578
561 535
570 535
570 530
562 530
562 499
533 499
533 563
524 563
524 496
523 496
523 469
529 469
529 443
571 443
571 420
578 420
578 445
575 445
575 452
612 452
612 481
634 481
634 494
650 494
650 483
692 483
692 505
670 505
670 515
668 515
668 524
718 524
718 525
707 525
707 547
710 547
710 553
680 553
680 559
700 559
700 556
726 556
726 542
722 542
722 509
674 509
674 508
714 508
714 490
731 490
731 528
740 528
740 532
730 532
730 538
750 538
750 628
851 628
851 630
933 630
933 637
952 637
952 629
895 629
895 624
818 624
818 623
805 623
805 619
763 619
763 608
786 608
786 609
907 609
907 614
987 614
987 610
1117 610
1117 616
1069 616
1069 665
1099 665
1099 662
1109 662
1109 660
1129 660
1129 653
1085 653
1085 633
1079 633
1079 618
1102 618
1102 631
1116 631
1116 648
1135 648
1135 652
1150 652
1150 620
1156 620
1156 596
1176 596
1176 602
1172 602
1172 622
1170 622
1170 627
1175 627
1175 647
1183 647
1183 590
1157 590
1157 569
1164 569
1164 565
1155 565
1155 561
1174 561
1174 500
1185 500
1185 495
1173 495
1173 526
1163 526
1163 537
1152 537
1152 533
1154 533
1154 419
1168 419
1168 401
1159 401
1159 370
1180 370
1180 371
1186 371
1186 367
1177 367
1177 366
1182 366
1182 345
1153 345
1153 363
1146 363
1146 309
1162 309
1162 308
1179 308
1179 294
1169 294
1169 291
1062 291
1062 292
1055 292
1055 241
1052 241
1052 239
1057 239
1057 254
1065 254
1065 234
1003 234
1003 232
1071 232
1071 260
1074 260
1074 231
943 231
943 230
1100 230
1100 221
1188 221
1188 220
1171 220
1171 218
919 218
919 216
882 216
882 207
883 207
883 205
870 205
870 209
854 209
854 211
836 211
836 210
783 210
783 197
898 197
898 199
938 199
938 200
979 200
979 194
964 194
964 193
1000 193
1000 190
831 190
831 189
787 189
787 188
833 188
833 187
956 187
956 183
877 183
877 182
806 182
806 185
785 185
785 174
782 174
782 169
780 169
780 166
791 166
791 158
863 158
863 164
867 164
867 157
871 157
871 162
889 162
889 161
910 161
910 159
975 159
975 145
993 145
993 146
1042 146
1042 137
1132 137
1132 156
1147 156
1147 165
1165 165
1165 123
1166 123
1166 113
1187 113
1187 127
1167 127
1167 152
1191 152
1191 142
1224 142
1224 160
1223 160
1223 168
1203 168
1203 176
1233 176
1233 196
1234 196
1234 213
1232 213
1232 247
1231 247
1231 257
1230 257
1230 288
1229 288
1229 364
1238 364
1238 534
1235 534
1235 555
1236 555
1236 672
1237 672
1237 634
1239 634
1239 181
1247 181
1247 180
1244 180
1244 90
1250 90
1250 17
1249 17
1249 24
1248 24
1248 1
