90
49 46
49 45
36 45
36 19
67 19
67 16
14 16
14 57
17 57
17 67
27 67
27 129
30 129
30 132
31 132
31 108
33 108
33 98
28 98
28 82
41 82
41 104
35 104
35 127
37 127
37 160
16 160
16 171
2 171
2 194
1 194
1 197
5 197
5 199
9 199
9 200
10 200
10 198
13 198
13 196
7 196
7 193
12 193
12 192
11 192
11 187
8 187
8 185
4 185
4 176
15 176
15 173
24 173
24 167
34 167
34 169
40 169
40 179
43 179
43 166
29 166
29 161
44 161
44 147
47 147
47 145
39 145
39 137
38 137
38 111
42 111
42 96
46 96
46 79
45 79
45 66
23 66
23 28
21 28
21 35
20 35
20 34
19 34
19 17
25 17
25 18
26 18
26 41
32 41
32 46
