298
116 56
116 55
66 55
66 48
49 48
49 45
36 45
36 19
67 19
67 16
14 16
14 57
17 57
17 67
27 67
27 129
30 129
30 132
31 132
31 108
33 108
33 98
28 98
28 82
41 82
41 104
35 104
35 127
37 127
37 160
16 160
16 171
2 171
2 194
1 194
1 197
5 197
5 199
9 199
9 200
10 200
10 198
13 198
13 196
7 196
7 193
12 193
12 192
11 192
11 187
8 187
8 185
4 185
4 176
15 176
15 173
24 173
24 167
34 167
34 169
40 169
40 179
43 179
43 166
29 166
29 161
44 161
44 147
47 147
47 145
39 145
39 137
38 137
38 111
42 111
42 96
46 96
46 79
45 79
45 66
23 66
23 28
21 28
21 35
20 35
20 34
19 34
19 17
25 17
25 18
26 18
26 41
32 41
32 46
48 46
48 50
65 50
65 51
62 51
62 58
60 58
60 59
57 59
57 62
52 62
52 101
51 101
51 125
53 125
53 140
56 140
56 110
59 110
59 88
121 88
121 83
125 83
125 90
143 90
143 94
144 94
144 131
135 131
135 114
142 114
142 107
136 107
136 106
129 106
129 133
119 133
119 115
115 115
115 117
102 117
102 116
90 116
90 102
88 102
88 100
82 100
82 113
77 113
77 103
74 103
74 118
117 118
117 123
83 123
83 135
153 135
153 134
151 134
151 126
169 126
169 128
178 128
178 112
181 112
181 95
189 95
189 122
196 122
196 136
187 136
187 138
198 138
198 143
186 143
186 141
171 141
171 142
146 142
146 144
194 144
194 150
147 150
147 148
124 148
124 151
158 151
158 152
175 152
175 156
141 156
141 155
123 155
123 154
98 154
98 158
97 158
97 153
93 153
93 157
94 157
94 165
95 165
95 174
91 174
91 172
89 172
89 175
76 175
76 184
79 184
79 182
80 182
80 186
92 186
92 183
84 183
84 181
110 181
110 188
107 188
107 189
69 189
69 191
71 191
71 195
78 195
78 190
120 190
120 178
109 178
109 180
101 180
101 177
103 177
103 163
99 163
99 168
96 168
96 162
106 162
106 159
195 159
195 149
200 149
200 146
199 146
199 120
191 120
191 92
185 92
185 93
184 93
184 70
180 70
180 99
176 99
176 119
177 119
177 124
163 124
163 121
155 121
155 109
154 109
154 105
150 105
150 91
166 91
166 97
174 97
174 89
134 89
134 78
140 78
140 75
131 75
131 74
130 74
130 69
128 69
128 76
113 76
113 80
118 80
118 85
105 85
105 81
72 81
72 77
85 77
85 73
70 73
70 84
75 84
75 86
100 86
100 87
55 87
55 64
68 64
68 63
73 63
73 56
