594
2 874
2 900
7 900
7 941
42 941
42 995
40 995
40 1011
38 1011
38 1027
30 1027
30 1055
24 1055
24 1058
23 1058
23 1109
18 1109
18 1110
33 1110
33 1214
41 1214
41 1224
73 1224
73 1201
68 1201
68 1195
75 1195
75 1168
71 1168
71 1137
133 1137
133 1132
139 1132
139 1084
296 1084
296 1082
539 1082
539 1081
689 1081
689 1094
686 1094
686 1090
459 1090
459 1097
712 1097
712 1101
721 1101
721 1088
735 1088
735 1096
736 1096
736 1093
827 1093
827 1104
981 1104
981 1098
1002 1098
1002 1115
949 1115
949 1116
991 1116
991 1117
1030 1117
1030 1123
935 1123
935 1143
820 1143
820 1142
788 1142
788 1141
765 1141
765 1144
475 1144
475 1145
622 1145
622 1148
497 1148
497 1149
728 1149
728 1147
896 1147
896 1146
937 1146
937 1158
954 1158
954 1160
967 1160
967 1161
901 1161
901 1171
932 1171
932 1162
971 1162
971 1215
936 1215
936 1208
852 1208
852 1232
823 1232
823 1234
787 1234
787 1233
720 1233
720 1230
698 1230
698 1229
634 1229
634 1221
145 1221
145 1209
128 1209
128 1244
112 1244
112 1245
1 1245
1 1248
37 1248
37 1247
124 1247
124 1249
131 1249
131 1211
132 1211
132 1210
141 1210
141 1242
136 1242
136 1250
159 1250
159 1246
154 1246
154 1227
194 1227
194 1239
259 1239
259 1228
297 1228
297 1240
314 1240
314 1231
479 1231
479 1241
502 1241
502 1237
503 1237
503 1226
511 1226
511 1238
569 1238
569 1236
650 1236
650 1235
891 1235
891 1213
858 1213
858 1212
902 1212
902 1216
973 1216
973 1175
978 1175
978 1182
1013 1182
1013 1194
980 1194
980 1207
982 1207
982 1197
986 1197
986 1203
1050 1203
1050 1205
1097 1205
1097 1204
1111 1204
1111 1185
1185 1185
1185 1190
1209 1190
1209 1184
1052 1184
1052 1173
979 1173
979 1169
977 1169
977 1165
975 1165
975 1150
956 1150
956 1127
1020 1127
1020 1126
952 1126
952 1133
944 1133
944 1125
1034 1125
1034 1092
960 1092
960 1080
943 1080
943 1100
912 1100
912 1099
926 1099
926 1071
947 1071
947 1069
851 1069
851 1070
809 1070
809 1073
737 1073
737 1074
469 1074
469 1075
821 1075
821 1072
925 1072
925 1095
864 1095
864 1087
853 1087
853 1079
520 1079
520 1078
187 1078
187 1077
127 1077
127 1122
119 1122
119 1135
74 1135
74 1136
67 1136
67 1222
64 1222
64 1191
44 1191
44 1177
49 1177
49 1167
39 1167
39 1062
47 1062
47 938
9 938
9 875
50 875
50 817
51 817
51 829
55 829
55 950
48 950
48 981
54 981
54 1029
53 1029
53 1008
52 1008
52 1031
126 1031
126 1042
135 1042
135 1046
152 1046
152 1049
214 1049
214 1054
205 1054
205 1056
225 1056
225 1057
170 1057
170 1051
161 1051
161 1061
239 1061
239 1035
325 1035
325 1038
436 1038
436 1032
514 1032
514 1034
641 1034
641 1040
635 1040
635 1041
368 1041
368 1044
301 1044
301 1053
304 1053
304 1047
312 1047
312 1050
466 1050
466 1045
524 1045
524 1048
552 1048
552 1059
561 1059
561 1060
582 1060
582 1067
655 1067
655 1066
1103 1066
1103 1068
1189 1068
1189 1064
1199 1064
1199 1085
1195 1085
1195 1086
1155 1086
1155 1089
1101 1089
1101 1130
1088 1130
1088 1131
1105 1131
1105 1129
1138 1129
1138 1134
1160 1134
1160 1138
1178 1138
1178 1121
1135 1121
1135 1114
1164 1114
1164 1119
1200 1119
1200 1124
1212 1124
1212 1023
1066 1023
1066 1014
1067 1014
1067 977
1014 977
1014 946
970 946
970 944
929 944
929 919
862 919
862 864
876 864
876 850
880 850
880 814
875 814
875 830
871 830
871 853
841 853
841 870
839 870
839 804
846 804
846 785
863 785
863 780
917 780
917 779
877 779
877 774
1096 774
1096 776
1154 776
1154 771
1177 771
1177 767
1151 767
1151 768
1130 768
1130 755
1127 755
1127 738
1036 738
1036 736
968 736
968 742
966 742
966 750
1107 750
1107 752
1086 752
1086 762
1064 762
1064 772
1046 772
1046 761
883 761
883 763
1021 763
1021 773
855 773
855 777
836 777
836 810
838 810
838 872
857 872
857 921
847 921
847 943
840 943
840 902
665 902
665 914
589 914
589 910
609 910
609 897
625 897
625 893
708 893
708 895
767 895
767 899
782 899
782 898
784 898
784 867
798 867
798 851
810 851
810 840
766 840
766 841
792 841
792 842
797 842
797 848
763 848
763 833
729 833
729 837
756 837
756 854
780 854
780 857
781 857
781 890
773 890
773 879
691 879
691 881
677 881
677 856
685 856
685 846
673 846
673 835
672 835
672 813
768 813
768 823
816 823
816 801
623 801
623 791
491 791
491 786
434 786
434 753
448 753
448 741
438 741
438 723
462 723
462 725
474 725
474 724
492 724
492 721
564 721
564 719
620 719
620 717
900 717
900 720
993 720
993 712
988 712
988 709
908 709
908 716
605 716
605 718
432 718
432 759
415 759
415 764
417 764
417 765
402 765
402 784
384 784
384 788
447 788
447 792
538 792
538 797
565 797
565 800
621 800
621 805
815 805
815 812
658 812
658 858
663 858
663 885
619 885
619 882
618 882
618 886
647 886
647 892
587 892
587 911
575 911
575 912
560 912
560 918
682 918
682 903
752 903
752 907
701 907
701 908
837 908
837 928
828 928
828 948
1008 948
1008 978
1033 978
1033 1015
1060 1015
1060 1024
1156 1024
1156 1026
1166 1026
1166 1025
1210 1025
1210 1083
1208 1083
1208 1108
1204 1108
1204 1113
1180 1113
1180 1111
1143 1111
1143 1091
1201 1091
1201 1063
656 1063
656 1065
600 1065
600 1052
603 1052
603 1043
668 1043
668 1037
865 1037
865 1036
812 1036
812 1033
903 1033
903 1030
220 1030
220 1028
56 1028
56 827
66 827
66 819
60 819
60 816
29 816
29 826
8 826
8 831
32 831
32 869
34 869
34 874
