276
2 874
2 900
7 900
7 941
42 941
42 995
40 995
40 1011
38 1011
38 1027
30 1027
30 1055
24 1055
24 1058
23 1058
23 1109
18 1109
18 1110
33 1110
33 1214
41 1214
41 1224
73 1224
73 1201
68 1201
68 1195
75 1195
75 1168
71 1168
71 1137
133 1137
133 1132
139 1132
139 1084
296 1084
296 1082
539 1082
539 1081
689 1081
689 1094
686 1094
686 1090
459 1090
459 1097
712 1097
712 1101
721 1101
721 1088
735 1088
735 1096
736 1096
736 1093
827 1093
827 1104
981 1104
981 1098
1002 1098
1002 1115
949 1115
949 1116
991 1116
991 1117
1030 1117
1030 1123
935 1123
935 1143
820 1143
820 1142
788 1142
788 1141
765 1141
765 1144
475 1144
475 1145
622 1145
622 1148
497 1148
497 1149
728 1149
728 1147
896 1147
896 1146
937 1146
937 1158
954 1158
954 1160
967 1160
967 1161
901 1161
901 1171
932 1171
932 1162
971 1162
971 1215
936 1215
936 1208
852 1208
852 1232
823 1232
823 1234
787 1234
787 1233
720 1233
720 1230
698 1230
698 1229
634 1229
634 1221
145 1221
145 1209
128 1209
128 1244
112 1244
112 1245
1 1245
1 1248
37 1248
37 1247
124 1247
124 1249
131 1249
131 1211
132 1211
132 1210
141 1210
141 1242
136 1242
136 1250
159 1250
159 1246
154 1246
154 1227
194 1227
194 1239
259 1239
259 1228
297 1228
297 1240
314 1240
314 1231
479 1231
479 1241
502 1241
502 1237
503 1237
503 1226
511 1226
511 1238
569 1238
569 1236
650 1236
650 1235
891 1235
891 1213
858 1213
858 1212
902 1212
902 1216
973 1216
973 1175
978 1175
978 1182
1013 1182
1013 1194
980 1194
980 1207
982 1207
982 1197
986 1197
986 1203
1050 1203
1050 1205
1097 1205
1097 1204
1111 1204
1111 1185
1185 1185
1185 1190
1209 1190
1209 1184
1052 1184
1052 1173
979 1173
979 1169
977 1169
977 1165
975 1165
975 1150
956 1150
956 1127
1020 1127
1020 1126
952 1126
952 1133
944 1133
944 1125
1034 1125
1034 1092
960 1092
960 1080
943 1080
943 1100
912 1100
912 1099
926 1099
926 1071
947 1071
947 1069
851 1069
851 1070
809 1070
809 1073
737 1073
737 1074
469 1074
469 1075
821 1075
821 1072
925 1072
925 1095
864 1095
864 1087
853 1087
853 1079
520 1079
520 1078
187 1078
187 1077
127 1077
127 1122
119 1122
119 1135
74 1135
74 1136
67 1136
67 1222
64 1222
64 1191
44 1191
44 1177
49 1177
49 1167
39 1167
39 1062
47 1062
47 938
9 938
9 875
50 875
50 817
51 817
51 829
55 829
55 950
48 950
48 981
54 981
54 1029
52 1029
52 1030
220 1030
220 1028
56 1028
56 827
66 827
66 819
60 819
60 816
29 816
29 826
8 826
8 831
32 831
32 869
34 869
34 874
