2168
423 1
423 3
1109 3
1109 4
1202 4
1202 8
733 8
733 5
670 5
670 6
674 6
674 7
574 7
574 13
777 13
777 10
688 10
688 9
1176 9
1176 14
1082 14
1082 16
1098 16
1098 15
1219 15
1219 12
1239 12
1239 17
1248 17
1248 142
1235 142
1235 133
1236 133
1236 48
1228 48
1228 43
1229 43
1229 18
1205 18
1205 33
1198 33
1198 28
1165 28
1165 32
1163 32
1163 34
1091 34
1091 46
1073 46
1073 44
1007 44
1007 42
1032 42
1032 22
1003 22
1003 49
1038 49
1038 51
887 51
887 50
854 50
854 30
868 30
868 40
916 40
916 26
806 26
806 21
783 21
783 38
662 38
662 29
598 29
598 35
566 35
566 41
731 41
731 45
599 45
599 47
818 47
818 76
748 76
748 78
580 78
580 80
627 80
627 91
513 91
513 86
433 86
433 87
454 87
454 93
581 93
581 107
786 107
786 108
817 108
817 115
804 115
804 116
556 116
556 127
586 127
586 139
408 139
408 136
294 136
294 85
290 85
290 64
295 64
295 110
302 110
302 82
306 82
306 23
91 23
91 25
305 25
305 37
148 37
148 53
65 53
65 57
248 57
248 39
253 39
253 58
156 58
156 60
287 60
287 79
271 79
271 118
283 118
283 138
303 138
303 140
645 140
645 132
630 132
630 126
604 126
604 125
631 125
631 123
592 123
592 121
675 121
675 120
794 120
794 119
824 119
824 106
801 106
801 105
976 105
976 104
835 104
835 102
704 102
704 96
750 96
750 95
694 95
694 92
687 92
687 90
629 90
629 88
829 88
829 27
845 27
845 52
1092 52
1092 36
1206 36
1206 20
1224 20
1224 145
1217 145
1217 157
1218 157
1218 247
1214 247
1214 241
1153 241
1153 240
1089 240
1089 243
1141 243
1141 242
1211 242
1211 252
1137 252
1137 295
1120 295
1120 282
1133 282
1133 265
1117 265
1117 263
1075 263
1075 258
1071 258
1071 264
1048 264
1048 260
1045 260
1045 261
1011 261
1011 262
1027 262
1027 266
1051 266
1051 267
1069 267
1069 270
959 270
959 284
950 284
950 202
873 202
873 200
866 200
866 201
769 201
769 203
426 203
426 205
927 205
927 206
941 206
941 211
800 211
800 215
715 215
715 208
416 208
416 218
354 218
354 221
420 221
420 217
443 217
443 233
482 233
482 209
611 209
611 210
510 210
510 229
507 229
507 237
380 237
380 236
371 236
371 234
334 234
334 246
285 246
285 227
299 227
299 158
331 158
331 152
377 152
377 195
363 195
363 181
336 181
336 179
310 179
310 180
323 180
323 188
346 188
346 192
353 192
353 198
512 198
512 196
471 196
471 197
411 197
411 194
489 194
489 191
529 191
529 185
683 185
683 189
732 189
732 184
819 184
819 183
628 183
628 170
638 170
638 177
755 177
755 178
822 178
822 176
1074 176
1074 171
1142 171
1142 168
1149 168
1149 166
1188 166
1188 165
1119 165
1119 164
1108 164
1108 169
757 169
757 173
739 173
739 172
709 172
709 167
554 167
554 163
547 163
547 160
467 160
467 162
505 162
505 175
490 175
490 174
485 174
485 190
449 190
449 182
403 182
403 186
383 186
383 187
378 187
378 150
364 150
364 148
355 148
355 151
344 151
344 147
342 147
342 149
309 149
309 156
307 156
307 154
293 154
293 153
234 153
234 155
298 155
298 219
226 219
226 213
288 213
288 207
254 207
254 199
213 199
213 161
210 161
210 159
208 159
208 222
276 222
276 224
257 224
257 228
269 228
269 251
317 251
317 256
369 256
369 254
361 254
361 249
375 249
375 257
458 257
458 248
452 248
452 245
337 245
337 244
543 244
543 239
446 239
446 238
557 238
557 235
644 235
644 250
651 250
651 232
508 232
508 231
532 231
532 225
526 225
526 214
608 214
608 216
859 216
859 212
881 212
881 223
886 223
886 272
811 272
811 268
716 268
716 271
724 271
724 274
679 274
679 277
727 277
727 273
889 273
889 255
893 255
893 226
894 226
894 230
945 230
945 287
414 287
414 285
178 285
178 302
168 302
168 290
166 290
166 311
179 311
179 309
181 309
181 320
183 320
183 329
195 329
195 369
192 369
192 473
193 473
193 425
196 425
196 353
197 353
197 373
199 373
199 328
191 328
191 310
219 310
219 344
217 344
217 354
222 354
222 361
227 361
227 443
231 443
231 417
233 417
233 393
228 393
228 366
230 366
230 388
240 388
240 356
236 356
236 305
286 305
286 307
292 307
292 303
237 303
237 299
235 299
235 301
184 301
184 294
182 294
182 289
242 289
242 288
1006 288
1006 283
1005 283
1005 286
961 286
961 281
990 281
990 275
1018 275
1018 276
1124 276
1124 278
1028 278
1028 279
1040 279
1040 280
1112 280
1112 292
1090 292
1090 300
1110 300
1110 298
1193 298
1193 421
1190 421
1190 409
1159 409
1159 419
1147 419
1147 405
1136 405
1136 403
1087 403
1087 401
1084 401
1084 365
1056 365
1056 362
1024 362
1024 367
905 367
905 350
996 350
996 327
870 327
870 330
992 330
992 340
899 340
899 335
793 335
793 324
796 324
796 321
745 321
745 326
700 326
700 319
906 319
906 313
775 313
775 312
681 312
681 314
636 314
636 317
695 317
695 334
626 334
626 333
610 333
610 331
542 331
542 346
545 346
545 337
583 337
583 339
776 339
776 338
885 338
885 341
785 341
785 343
897 343
897 347
911 347
911 342
962 342
962 349
879 349
879 358
844 358
844 357
760 357
760 364
696 364
696 398
706 398
706 416
666 416
666 415
678 415
678 407
643 407
643 404
568 404
568 418
464 418
464 360
494 360
494 384
533 384
533 363
536 363
536 359
493 359
493 355
478 355
478 315
504 315
504 345
521 345
521 316
531 316
531 308
476 308
476 325
456 325
456 336
450 336
450 348
460 348
460 420
525 420
525 423
548 423
548 424
549 424
549 426
702 426
702 431
442 431
442 432
362 432
362 444
351 444
351 389
421 389
421 351
379 351
379 372
409 372
409 386
343 386
343 381
329 381
329 396
333 396
333 435
349 435
349 449
339 449
339 450
388 450
388 456
591 456
591 455
640 455
640 452
424 452
424 446
407 446
407 448
387 448
387 447
386 447
386 433
639 433
639 436
572 436
572 441
486 441
486 445
578 445
578 439
590 439
590 438
711 438
711 437
717 437
717 368
790 368
790 378
867 378
867 374
872 374
872 383
869 383
869 387
878 387
878 375
882 375
882 352
898 352
898 370
888 370
888 371
1001 371
1001 376
1083 376
1083 380
1068 380
1068 390
972 390
972 385
989 385
989 377
933 377
933 382
930 382
930 379
904 379
904 402
913 402
913 406
938 406
938 410
951 410
951 392
953 392
953 397
1004 397
1004 391
1039 391
1039 395
1047 395
1047 400
1057 400
1057 408
1042 408
1042 422
1017 422
1017 457
1019 457
1019 428
1104 428
1104 427
1129 427
1129 412
1063 412
1063 411
1144 411
1144 430
1162 430
1162 414
1184 414
1184 429
1191 429
1191 440
1174 440
1174 451
1128 451
1128 453
1140 453
1140 460
1077 460
1077 459
1044 459
1044 461
974 461
974 463
749 463
749 464
553 464
553 468
758 468
758 469
861 469
861 470
934 470
934 467
848 467
848 466
1099 466
1099 462
1186 462
1186 458
1196 458
1196 413
1194 413
1194 304
1197 304
1197 297
1203 297
1203 306
1213 306
1213 296
1192 296
1192 291
1168 291
1168 293
1139 293
1139 253
1187 253
1187 259
1221 259
1221 489
1237 489
1237 504
1152 504
1152 506
1062 506
1062 520
1059 520
1059 526
1061 526
1061 531
1053 531
1053 534
1043 534
1043 536
1080 536
1080 626
1076 626
1076 567
987 567
987 564
985 564
985 518
1012 518
1012 517
999 517
999 503
1015 503
1015 501
1010 501
1010 487
998 487
998 484
1049 484
1049 483
1078 483
1078 477
762 477
762 488
741 488
741 499
747 499
747 511
754 511
754 553
743 553
743 563
742 563
742 573
771 573
771 585
759 585
759 589
718 589
718 621
669 621
669 604
671 604
671 558
648 558
648 599
593 599
593 614
579 614
579 569
584 569
584 541
397 541
397 549
465 549
465 551
453 551
453 566
472 566
472 574
326 574
326 575
470 575
470 595
341 595
341 608
348 608
348 602
392 602
392 671
382 671
382 692
381 692
381 697
352 697
352 695
281 695
281 615
258 615
258 581
125 581
125 583
100 583
100 623
78 623
78 653
83 653
83 713
76 713
76 747
70 747
70 770
62 770
62 775
35 775
35 778
31 778
31 706
2 706
2 900
7 900
7 941
42 941
42 995
40 995
40 1011
38 1011
38 1027
30 1027
30 1055
24 1055
24 1058
23 1058
23 1109
18 1109
18 1110
33 1110
33 1214
41 1214
41 1224
73 1224
73 1201
68 1201
68 1195
75 1195
75 1168
71 1168
71 1137
133 1137
133 1132
139 1132
139 1084
296 1084
296 1082
539 1082
539 1081
689 1081
689 1094
686 1094
686 1090
459 1090
459 1097
712 1097
712 1101
721 1101
721 1088
735 1088
735 1096
736 1096
736 1093
827 1093
827 1104
981 1104
981 1098
1002 1098
1002 1115
949 1115
949 1116
991 1116
991 1117
1030 1117
1030 1123
935 1123
935 1143
820 1143
820 1142
788 1142
788 1141
765 1141
765 1144
475 1144
475 1145
622 1145
622 1148
497 1148
497 1149
728 1149
728 1147
896 1147
896 1146
937 1146
937 1158
954 1158
954 1160
967 1160
967 1161
901 1161
901 1171
932 1171
932 1162
971 1162
971 1215
936 1215
936 1208
852 1208
852 1232
823 1232
823 1234
787 1234
787 1233
720 1233
720 1230
698 1230
698 1229
634 1229
634 1221
145 1221
145 1209
128 1209
128 1244
112 1244
112 1245
1 1245
1 1248
37 1248
37 1247
124 1247
124 1249
131 1249
131 1211
132 1211
132 1210
141 1210
141 1242
136 1242
136 1250
159 1250
159 1246
154 1246
154 1227
194 1227
194 1239
259 1239
259 1228
297 1228
297 1240
314 1240
314 1231
479 1231
479 1241
502 1241
502 1237
503 1237
503 1226
511 1226
511 1238
569 1238
569 1236
650 1236
650 1235
891 1235
891 1213
858 1213
858 1212
902 1212
902 1216
973 1216
973 1175
978 1175
978 1182
1013 1182
1013 1194
980 1194
980 1207
982 1207
982 1197
986 1197
986 1203
1050 1203
1050 1205
1097 1205
1097 1204
1111 1204
1111 1185
1185 1185
1185 1190
1209 1190
1209 1184
1052 1184
1052 1173
979 1173
979 1169
977 1169
977 1165
975 1165
975 1150
956 1150
956 1127
1020 1127
1020 1126
952 1126
952 1133
944 1133
944 1125
1034 1125
1034 1092
960 1092
960 1080
943 1080
943 1100
912 1100
912 1099
926 1099
926 1071
947 1071
947 1069
851 1069
851 1070
809 1070
809 1073
737 1073
737 1074
469 1074
469 1075
821 1075
821 1072
925 1072
925 1095
864 1095
864 1087
853 1087
853 1079
520 1079
520 1078
187 1078
187 1077
127 1077
127 1122
119 1122
119 1135
74 1135
74 1136
67 1136
67 1222
64 1222
64 1191
44 1191
44 1177
49 1177
49 1167
39 1167
39 1062
47 1062
47 938
9 938
9 875
50 875
50 817
51 817
51 829
55 829
55 950
48 950
48 981
54 981
54 1029
53 1029
53 1008
52 1008
52 1031
126 1031
126 1042
135 1042
135 1046
152 1046
152 1049
214 1049
214 1054
205 1054
205 1056
225 1056
225 1057
170 1057
170 1051
161 1051
161 1061
239 1061
239 1035
325 1035
325 1038
436 1038
436 1032
514 1032
514 1034
641 1034
641 1040
635 1040
635 1041
368 1041
368 1044
301 1044
301 1053
304 1053
304 1047
312 1047
312 1050
466 1050
466 1045
524 1045
524 1048
552 1048
552 1059
561 1059
561 1060
582 1060
582 1067
655 1067
655 1066
1103 1066
1103 1068
1189 1068
1189 1064
1199 1064
1199 1085
1195 1085
1195 1086
1155 1086
1155 1089
1101 1089
1101 1130
1088 1130
1088 1131
1105 1131
1105 1129
1138 1129
1138 1134
1160 1134
1160 1138
1178 1138
1178 1121
1135 1121
1135 1114
1164 1114
1164 1119
1200 1119
1200 1124
1212 1124
1212 1023
1066 1023
1066 1014
1067 1014
1067 977
1014 977
1014 946
970 946
970 944
929 944
929 919
862 919
862 864
876 864
876 850
880 850
880 814
875 814
875 830
871 830
871 853
841 853
841 870
839 870
839 804
846 804
846 785
863 785
863 780
917 780
917 779
877 779
877 774
1096 774
1096 776
1154 776
1154 771
1177 771
1177 767
1151 767
1151 768
1130 768
1130 755
1127 755
1127 738
1036 738
1036 736
968 736
968 742
966 742
966 750
1107 750
1107 752
1086 752
1086 762
1064 762
1064 772
1046 772
1046 761
883 761
883 763
1021 763
1021 773
855 773
855 777
836 777
836 810
838 810
838 872
857 872
857 921
847 921
847 943
840 943
840 901
632 901
632 902
665 902
665 914
589 914
589 910
609 910
609 897
625 897
625 893
708 893
708 895
767 895
767 899
782 899
782 898
784 898
784 867
798 867
798 851
810 851
810 840
766 840
766 841
792 841
792 842
797 842
797 848
763 848
763 833
729 833
729 837
756 837
756 854
780 854
780 857
781 857
781 890
773 890
773 879
691 879
691 881
677 881
677 856
685 856
685 846
673 846
673 835
672 835
672 813
768 813
768 823
816 823
816 801
623 801
623 791
491 791
491 783
483 783
483 786
434 786
434 753
448 753
448 741
438 741
438 723
462 723
462 725
474 725
474 724
492 724
492 721
564 721
564 719
620 719
620 717
900 717
900 720
993 720
993 712
988 712
988 709
908 709
908 716
697 716
697 714
605 714
605 718
432 718
432 759
429 759
429 751
419 751
419 733
412 733
412 737
398 737
398 746
415 746
415 764
417 764
417 765
402 765
402 784
394 784
394 748
389 748
389 749
384 749
384 799
391 799
391 802
413 802
413 807
376 807
376 732
373 732
373 734
367 734
367 729
370 729
370 727
357 727
357 739
374 739
374 781
372 781
372 821
365 821
365 824
360 824
360 803
335 803
335 825
332 825
332 847
328 847
328 863
439 863
439 873
410 873
410 876
319 876
319 942
316 942
316 896
313 896
313 945
321 945
321 1007
320 1007
320 949
144 949
144 947
200 947
200 937
212 937
212 930
273 930
273 868
274 868
274 828
268 828
268 834
267 834
267 859
265 859
265 924
185 924
185 922
176 922
176 917
175 917
175 923
177 923
177 926
172 926
172 925
158 925
158 915
204 915
204 861
206 861
206 822
198 822
198 820
190 820
190 815
186 815
186 839
169 839
169 845
188 845
188 843
189 843
189 866
201 866
201 844
203 844
203 906
147 906
147 931
162 931
162 940
134 940
134 969
140 969
140 972
155 972
155 991
174 991
174 1012
180 1012
180 993
216 993
216 999
218 999
218 982
209 982
209 980
157 980
157 970
151 970
151 964
163 964
163 963
146 963
146 953
280 953
280 958
260 958
260 968
315 968
315 973
282 973
282 994
291 994
291 975
300 975
300 987
308 987
308 1018
272 1018
272 1020
277 1020
277 1022
279 1022
279 1019
311 1019
311 1021
345 1021
345 1017
318 1017
318 1016
324 1016
324 909
327 909
327 884
405 884
405 883
359 883
359 880
322 880
322 878
440 878
440 894
444 894
444 952
431 952
431 934
399 934
399 932
395 932
395 933
366 933
366 935
406 935
406 959
445 959
445 939
541 939
541 936
523 936
523 929
528 929
528 916
546 916
546 913
530 913
530 865
517 865
517 838
509 838
509 877
496 877
496 832
487 832
487 891
522 891
522 927
468 927
468 904
463 904
463 849
461 849
461 889
441 889
441 887
451 887
451 862
340 862
340 860
330 860
330 852
347 852
347 809
350 809
350 806
356 806
356 836
401 836
401 818
435 818
435 811
425 811
425 808
427 808
427 798
418 798
418 795
428 795
428 788
447 788
447 794
488 794
488 792
538 792
538 797
565 797
565 800
621 800
621 805
815 805
815 812
658 812
658 858
663 858
663 885
619 885
619 882
618 882
618 886
647 886
647 892
606 892
606 855
587 855
587 911
585 911
585 905
575 905
575 912
567 912
567 888
560 888
560 918
682 918
682 903
752 903
752 907
701 907
701 908
837 908
837 928
828 928
828 957
849 957
849 961
892 961
892 962
890 962
890 974
907 974
907 967
931 967
931 954
915 954
915 951
884 951
884 960
850 960
850 948
1008 948
1008 990
942 990
942 985
834 985
834 983
909 983
909 979
831 979
831 986
939 986
939 988
842 988
842 989
918 989
918 992
825 992
825 984
813 984
813 1005
719 1005
719 1006
874 1006
874 1003
826 1003
826 1001
833 1001
833 997
948 997
948 1009
922 1009
922 1013
964 1013
964 1010
969 1010
969 998
1025 998
1025 1000
1026 1000
1026 978
1033 978
1033 1015
1060 1015
1060 1024
1156 1024
1156 1026
1166 1026
1166 1025
1210 1025
1210 1083
1208 1083
1208 1108
1204 1108
1204 1113
1180 1113
1180 1111
1143 1111
1143 1091
1201 1091
1201 1063
656 1063
656 1065
600 1065
600 1052
603 1052
603 1043
668 1043
668 1037
779 1037
779 1039
865 1039
865 1036
812 1036
812 1033
903 1033
903 1030
220 1030
220 1028
56 1028
56 827
66 827
66 819
60 819
60 816
29 816
29 826
8 826
8 831
32 831
32 869
34 869
34 874
11 874
11 871
4 871
4 796
5 796
5 745
3 745
3 715
6 715
6 707
14 707
14 726
16 726
16 760
19 760
19 766
22 766
22 758
21 758
21 743
28 743
28 793
36 793
36 790
121 790
121 787
90 787
90 789
84 789
84 782
81 782
81 728
79 728
79 722
85 722
85 744
86 744
86 757
97 757
97 756
107 756
107 754
101 754
101 731
96 731
96 740
87 740
87 710
88 710
88 704
89 704
89 702
102 702
102 686
93 686
93 684
92 684
92 650
99 650
99 658
111 658
111 632
103 632
103 598
115 598
115 591
120 591
120 584
150 584
150 586
165 586
165 582
244 582
244 609
256 609
256 628
262 628
262 678
266 678
266 664
275 664
275 699
289 699
289 700
358 700
358 698
430 698
430 685
385 685
385 681
422 681
422 677
404 677
404 674
400 674
400 661
393 661
393 596
473 596
473 607
477 607
477 548
437 548
437 545
537 545
537 554
495 554
495 557
518 557
518 556
558 556
558 618
563 618
563 620
570 620
570 617
571 617
571 666
562 666
562 669
540 669
540 667
555 667
555 648
550 648
550 629
519 629
519 641
500 641
500 638
499 638
499 640
498 640
498 645
544 645
544 646
484 646
484 656
515 656
515 662
527 662
527 672
588 672
588 679
576 679
576 683
516 683
516 691
481 691
481 696
535 696
535 688
573 688
573 687
594 687
594 610
616 610
616 631
615 631
615 630
601 630
601 668
612 668
612 694
617 694
617 657
624 657
624 655
602 655
602 636
652 636
652 652
657 652
657 590
653 590
653 570
661 570
661 577
660 577
660 601
667 601
667 660
664 660
664 680
676 680
676 682
692 682
692 663
690 663
690 649
680 649
680 627
789 627
789 633
753 633
753 639
761 639
761 675
734 675
734 654
725 654
725 673
726 673
726 676
805 676
805 597
803 597
803 651
764 651
764 635
778 635
778 634
802 634
802 613
740 613
740 594
770 594
770 592
774 592
774 571
772 571
772 479
830 479
830 478
919 478
919 523
921 523
921 481
928 481
928 480
994 480
994 492
965 492
965 486
963 486
963 500
983 500
983 611
1022 611
1022 606
1029 606
1029 625
1031 625
1031 603
1035 603
1035 600
984 600
984 576
1000 576
1000 568
1065 568
1065 624
1070 624
1070 670
1093 670
1093 690
1114 690
1114 689
1115 689
1115 693
1122 693
1122 647
1079 647
1079 644
1132 644
1132 637
1145 637
1145 705
1173 705
1173 701
1171 701
1171 703
1146 703
1146 659
1158 659
1158 579
1150 579
1150 622
1123 622
1123 616
1121 616
1121 642
1102 642
1102 643
1094 643
1094 612
1081 612
1081 521
1126 521
1126 532
1183 532
1183 529
1182 529
1182 514
1181 514
1181 524
1170 524
1170 530
1169 530
1169 519
1095 519
1095 513
1085 513
1085 510
1106 510
1106 508
1118 508
1118 507
1250 507
1250 505
1247 505
1247 472
1233 472
1233 465
1246 465
1246 322
1242 322
1242 318
1240 318
1240 332
1245 332
1245 394
1243 394
1243 442
1234 442
1234 399
1232 399
1232 434
1230 434
1230 454
1222 454
1222 323
1225 323
1225 269
1227 269
1227 220
1223 220
1223 204
1220 204
1220 193
1226 193
1226 117
1231 117
1231 146
1244 146
1244 144
1249 144
1249 11
1238 11
1238 2
480 2
480 1
