80
971 1173
971 1215
936 1215
936 1208
852 1208
852 1232
823 1232
823 1234
787 1234
787 1233
720 1233
720 1230
698 1230
698 1229
634 1229
634 1221
145 1221
145 1209
128 1209
128 1244
112 1244
112 1245
1 1245
1 1248
37 1248
37 1247
124 1247
124 1249
131 1249
131 1211
132 1211
132 1210
141 1210
141 1242
136 1242
136 1250
159 1250
159 1246
154 1246
154 1227
194 1227
194 1239
259 1239
259 1228
297 1228
297 1240
314 1240
314 1231
479 1231
479 1241
502 1241
502 1237
503 1237
503 1226
511 1226
511 1238
569 1238
569 1236
650 1236
650 1235
891 1235
891 1213
858 1213
858 1212
902 1212
902 1216
973 1216
973 1175
978 1175
978 1182
1013 1182
1013 1194
980 1194
980 1197
1111 1197
1111 1185
1209 1185
1209 1184
1052 1184
1052 1173
