650
438 171
438 181
426 181
426 166
424 166
424 145
384 145
384 153
303 153
303 154
205 154
205 155
155 155
155 150
146 150
146 152
127 152
127 159
168 159
168 162
172 162
172 169
171 169
171 172
113 172
113 187
110 187
110 203
98 203
98 210
123 210
123 225
94 225
94 193
91 193
91 229
85 229
85 223
84 223
84 200
79 200
79 215
76 215
76 207
72 207
72 222
71 222
71 221
59 221
59 219
29 219
29 281
34 281
34 289
25 289
25 270
18 270
18 272
14 272
14 278
11 278
11 280
19 280
19 306
23 306
23 295
36 295
36 253
35 253
35 234
45 234
45 260
38 260
38 297
46 297
46 228
51 228
51 230
52 230
52 257
108 257
108 266
101 266
101 263
75 263
75 268
58 268
58 269
119 269
119 243
114 243
114 241
57 241
57 247
53 247
53 226
80 226
80 206
81 206
81 232
107 232
107 231
115 231
115 238
100 238
100 239
190 239
190 245
170 245
170 258
169 258
169 279
174 279
174 256
180 256
180 255
184 255
184 261
183 261
183 308
61 308
61 325
66 325
66 312
87 312
87 319
77 319
77 326
55 326
55 332
47 332
47 351
17 351
17 379
5 379
5 380
7 380
7 386
1 386
1 396
8 396
8 417
6 417
6 435
4 435
4 415
2 415
2 496
96 496
96 498
144 498
144 497
147 497
147 494
153 494
153 500
166 500
166 499
157 499
157 480
162 480
162 468
141 468
141 471
117 471
117 467
105 467
105 470
99 470
99 479
106 479
106 472
140 472
140 485
150 485
150 491
154 491
154 488
156 488
156 493
90 493
90 495
12 495
12 492
37 492
37 487
62 487
62 490
70 490
70 489
78 489
78 486
15 486
15 484
33 484
33 482
41 482
41 481
89 481
89 473
83 473
83 469
60 469
60 478
49 478
49 475
24 475
24 474
32 474
32 465
64 465
64 464
56 464
56 458
43 458
43 461
40 461
40 455
22 455
22 477
20 477
20 462
16 462
16 483
13 483
13 476
3 476
3 459
9 459
9 433
10 433
10 397
26 397
26 408
27 408
27 413
50 413
50 407
103 407
103 406
118 406
118 403
112 403
112 402
74 402
74 404
102 404
102 405
42 405
42 401
28 401
28 352
30 352
30 354
39 354
39 353
63 353
63 362
44 362
44 387
48 387
48 368
67 368
67 367
65 367
65 357
68 357
68 375
82 375
82 383
88 383
88 382
104 382
104 372
111 372
111 371
145 371
145 373
167 373
167 358
152 358
152 370
97 370
97 374
69 374
69 363
73 363
73 347
54 347
54 333
92 333
92 309
148 309
148 311
93 311
93 324
125 324
125 320
138 320
138 317
151 317
151 314
161 314
161 315
186 315
186 318
175 318
175 346
188 346
188 350
199 350
199 345
217 345
217 349
231 349
231 343
266 343
266 342
206 342
206 303
207 303
207 305
208 305
208 337
209 337
209 322
251 322
251 330
276 330
276 329
268 329
268 290
271 290
271 275
279 275
279 300
290 300
290 293
285 293
285 271
284 271
284 267
291 267
291 233
304 233
304 224
282 224
282 218
283 218
283 217
272 217
272 213
307 213
307 199
333 199
333 340
328 340
328 365
326 365
326 360
325 360
325 355
323 355
323 323
318 323
318 304
317 304
317 356
309 356
309 366
306 366
306 381
300 381
300 384
312 384
312 388
310 388
310 418
301 418
301 428
356 428
356 450
353 450
353 443
339 443
339 444
335 444
335 451
357 451
357 438
359 438
359 446
362 446
362 453
289 453
289 454
247 454
247 445
292 445
292 429
278 429
278 434
250 434
250 430
235 430
235 463
257 463
257 466
311 466
311 460
286 460
286 457
273 457
273 456
377 456
377 448
399 448
399 431
412 431
412 425
423 425
423 432
400 432
400 437
425 437
425 439
408 439
408 442
418 442
418 449
406 449
406 452
427 452
427 420
403 420
403 412
404 412
404 411
398 411
398 389
393 389
393 400
389 400
389 421
396 421
396 423
394 423
394 447
381 447
381 436
372 436
372 441
365 441
365 440
364 440
364 414
344 414
344 395
361 395
361 393
346 393
346 394
340 394
340 422
363 422
363 424
355 424
355 426
322 426
322 427
316 427
316 409
315 409
315 378
321 378
321 376
334 376
334 190
298 190
298 211
269 211
269 252
264 252
264 194
280 194
280 191
263 191
263 248
261 248
261 259
270 259
270 262
267 262
267 321
255 321
255 316
216 316
216 302
260 302
260 282
254 282
254 288
237 288
237 292
239 292
239 294
220 294
220 286
225 286
225 251
226 251
226 254
227 254
227 205
234 205
234 216
236 216
236 212
243 212
243 227
248 227
248 220
246 220
246 195
245 195
245 202
211 202
211 201
218 201
218 192
214 192
214 196
203 196
203 236
224 236
224 249
210 249
210 273
219 273
219 285
215 285
215 291
212 291
212 299
249 299
249 298
252 298
252 301
201 301
201 334
204 334
204 339
181 339
181 338
195 338
195 336
200 336
200 328
192 328
192 287
191 287
191 244
194 244
194 237
124 237
124 214
142 214
142 209
116 209
116 178
129 178
129 175
132 175
132 173
182 173
182 180
202 180
202 160
213 160
213 163
230 163
230 161
262 161
262 164
232 164
232 179
265 179
265 182
238 182
238 185
275 185
275 186
240 186
240 189
244 189
244 188
293 188
293 183
308 183
308 174
242 174
242 176
241 176
241 165
313 165
313 167
338 167
338 158
233 158
233 156
331 156
331 157
386 157
386 148
391 148
391 146
420 146
420 184
448 184
448 177
471 177
471 197
463 197
463 204
465 204
465 246
458 246
458 242
457 242
457 277
461 277
461 264
469 264
469 276
470 276
470 284
467 284
467 331
468 331
468 341
473 341
473 313
477 313
477 327
493 327
493 310
482 310
482 235
476 235
476 171
