362
103 1
103 15
119 15
119 25
99 25
99 88
98 88
98 164
97 164
97 127
96 127
96 163
83 163
83 176
67 176
67 128
69 128
69 149
71 149
71 110
66 110
66 103
73 103
73 107
81 107
81 98
82 98
82 40
34 40
34 41
77 41
77 54
76 54
76 52
75 52
75 42
74 42
74 70
79 70
79 92
80 92
80 97
72 97
72 76
61 76
61 64
50 64
50 62
46 62
46 58
38 58
38 49
16 49
16 106
12 106
12 96
6 96
6 87
5 87
5 69
2 69
2 132
1 132
1 139
3 139
3 71
4 71
4 125
8 125
8 118
13 118
13 121
15 121
15 116
27 116
27 122
31 122
31 101
26 101
26 114
23 114
23 108
21 108
21 104
18 104
18 113
17 113
17 79
22 79
22 91
24 91
24 80
25 80
25 78
28 78
28 67
30 67
30 61
29 61
29 59
32 59
32 53
33 53
33 55
35 55
35 84
40 84
40 117
39 117
39 111
36 111
36 130
41 130
41 81
42 81
42 65
60 65
60 66
55 66
55 90
52 90
52 93
44 93
44 123
47 123
47 99
53 99
53 100
54 100
54 126
56 126
56 143
49 143
49 129
48 129
48 148
57 148
57 83
65 83
65 89
58 89
58 109
59 109
59 105
64 105
64 172
63 172
63 177
78 177
78 181
84 181
84 168
85 168
85 197
121 197
121 167
127 167
127 173
130 173
130 186
128 186
128 183
126 183
126 198
137 198
137 194
136 194
136 178
141 178
141 189
193 189
193 199
196 199
196 200
199 200
199 180
195 180
195 188
166 188
166 185
156 185
156 184
146 184
146 175
135 175
135 174
131 174
131 171
129 171
129 158
113 158
113 157
145 157
145 151
154 151
154 150
161 150
161 161
157 161
157 162
149 162
149 170
176 170
176 169
165 169
165 153
178 153
178 146
160 146
160 145
163 145
163 141
155 141
155 140
148 140
148 136
168 136
168 138
175 138
175 137
189 137
189 82
171 82
171 72
169 72
169 86
186 86
186 102
179 102
179 124
184 124
184 115
185 115
185 119
187 119
187 134
170 134
170 135
167 135
167 131
153 131
153 133
150 133
150 120
147 120
147 147
144 147
144 85
152 85
152 73
151 73
151 57
162 57
162 56
180 56
180 51
182 51
182 60
190 60
190 48
177 48
177 46
164 46
164 44
159 44
159 45
134 45
134 47
173 47
173 50
140 50
140 142
142 142
142 152
139 152
139 156
133 156
133 155
114 155
114 154
111 154
111 159
117 159
117 160
125 160
125 166
116 166
116 190
118 190
118 191
120 191
120 196
106 196
106 193
95 193
95 195
86 195
86 187
87 187
87 182
88 182
88 192
89 192
89 165
101 165
101 179
102 179
102 144
100 144
100 29
124 29
124 28
122 28
122 27
112 27
112 26
138 26
138 23
181 23
181 22
192 22
192 14
191 14
191 7
197 7
197 24
200 24
200 10
198 10
198 3
194 3
194 5
183 5
183 8
188 8
188 16
174 16
174 20
172 20
172 18
158 18
158 19
143 19
143 17
132 17
132 21
123 21
123 13
115 13
115 6
109 6
109 11
108 11
108 4
110 4
110 2
107 2
107 12
104 12
104 9
105 9
105 1
