198
83 165
83 176
67 176
67 128
71 128
71 110
66 110
66 103
81 103
81 98
82 98
82 97
72 97
72 76
61 76
61 64
50 64
50 62
46 62
46 58
38 58
38 49
16 49
16 106
12 106
12 96
6 96
6 87
5 87
5 69
2 69
2 132
1 132
1 139
3 139
3 71
4 71
4 125
8 125
8 118
13 118
13 121
15 121
15 116
27 116
27 122
31 122
31 101
26 101
26 114
23 114
23 108
21 108
21 104
18 104
18 113
17 113
17 79
22 79
22 91
24 91
24 80
25 80
25 78
28 78
28 67
30 67
30 61
29 61
29 59
32 59
32 53
33 53
33 55
35 55
35 84
40 84
40 117
39 117
39 111
36 111
36 130
41 130
41 81
42 81
42 65
60 65
60 66
55 66
55 90
52 90
52 93
44 93
44 123
47 123
47 99
53 99
53 100
54 100
54 126
56 126
56 143
49 143
49 129
48 129
48 148
57 148
57 83
65 83
65 89
58 89
58 109
59 109
59 105
64 105
64 172
63 172
63 177
78 177
78 181
84 181
84 168
85 168
85 197
121 197
121 167
127 167
127 173
130 173
130 186
128 186
128 183
126 183
126 198
137 198
137 194
136 194
136 178
141 178
141 189
193 189
193 199
196 199
196 200
199 200
199 180
195 180
195 188
166 188
166 185
156 185
156 184
146 184
146 175
135 175
135 174
131 174
131 171
129 171
129 158
113 158
113 157
145 157
145 151
154 151
154 150
161 150
161 161
157 161
157 162
165 162
165 153
178 153
178 147
142 147
142 152
139 152
139 156
111 156
111 159
117 159
117 160
125 160
125 166
116 166
116 190
118 190
118 191
120 191
120 196
106 196
106 195
86 195
86 187
87 187
87 182
89 182
89 165
