94
8 2
8 9
6 9
6 5
1 5
1 21
2 21
2 26
3 26
3 7
4 7
4 14
12 14
12 17
17 17
17 22
19 22
19 20
28 20
28 16
18 16
18 12
14 12
14 6
32 6
32 15
33 15
33 25
36 25
36 27
34 27
34 28
23 28
23 48
21 48
21 46
16 46
16 32
22 32
22 31
20 31
20 30
7 30
7 34
5 34
5 37
10 37
10 45
11 45
11 41
13 41
13 39
15 39
15 50
30 50
30 49
31 49
31 47
26 47
26 40
25 40
25 33
24 33
24 29
42 29
42 35
27 35
27 44
48 44
48 43
29 43
29 36
44 36
44 38
35 38
35 42
47 42
47 13
46 13
46 10
43 10
43 8
50 8
50 4
41 4
41 18
45 18
45 24
39 24
39 23
40 23
40 19
37 19
37 2
