368
85 32
85 35
79 35
79 39
76 39
76 38
73 38
73 36
52 36
52 48
58 48
58 62
103 62
103 57
117 57
117 58
122 58
122 55
140 55
140 65
134 65
134 70
157 70
157 69
162 69
162 74
154 74
154 82
145 82
145 89
143 89
143 100
139 100
139 103
141 103
141 105
161 105
161 101
160 101
160 88
164 88
164 112
165 112
165 67
156 67
156 61
180 61
180 79
172 79
172 104
194 104
194 99
189 99
189 96
179 96
179 90
182 90
182 53
148 53
148 52
112 52
112 54
89 54
89 59
63 59
63 51
81 51
81 44
53 44
53 40
97 40
97 43
109 43
109 47
204 47
204 42
226 42
226 60
237 60
237 71
207 71
207 98
203 98
203 68
201 68
201 73
198 73
198 84
196 84
196 107
209 107
209 125
205 125
205 132
131 132
131 131
125 131
125 124
128 124
128 129
129 129
129 121
127 121
127 113
126 113
126 110
118 110
118 118
111 118
111 135
133 135
133 138
171 138
171 133
206 133
206 141
210 141
210 106
220 106
220 130
211 130
211 162
218 162
218 166
219 166
219 182
216 182
216 178
212 178
212 173
197 173
197 159
192 159
192 158
123 158
123 155
93 155
93 152
98 152
98 148
60 148
60 146
104 146
104 145
105 145
105 142
43 142
43 137
33 137
33 120
24 120
24 139
16 139
16 149
4 149
4 97
1 97
1 108
3 108
3 161
8 161
8 153
17 153
17 140
26 140
26 123
27 123
27 174
28 174
28 235
25 235
25 219
19 219
19 203
14 203
14 164
12 164
12 214
15 214
15 218
18 218
18 226
23 226
23 243
36 243
36 220
39 220
39 165
38 165
38 167
31 167
31 198
32 198
32 199
34 199
34 197
35 197
35 239
30 239
30 221
29 221
29 150
37 150
37 144
57 144
57 154
90 154
90 160
190 160
190 168
153 168
153 169
130 169
130 170
167 170
167 181
150 181
150 180
82 180
82 183
132 183
132 184
84 184
84 187
59 187
59 189
40 189
40 190
96 190
96 200
100 200
100 209
62 209
62 205
45 205
45 207
55 207
55 216
108 216
108 212
119 212
119 206
120 206
120 196
116 196
116 194
102 194
102 186
173 186
173 191
146 191
146 195
158 195
158 202
181 202
181 217
191 217
191 215
195 215
195 213
185 213
185 179
184 179
184 211
183 211
183 185
168 185
168 171
170 171
170 176
202 176
202 177
208 177
208 204
213 204
213 231
215 231
215 192
217 192
217 245
221 245
221 228
222 228
222 151
223 151
223 163
224 163
224 175
228 175
228 143
229 143
229 210
232 210
232 248
149 248
149 247
67 247
67 241
114 241
114 244
124 244
124 236
115 236
115 237
121 237
121 240
75 240
75 234
95 234
95 233
71 233
71 229
70 229
70 238
65 238
65 227
56 227
56 224
138 224
138 223
50 223
50 242
64 242
64 246
47 246
47 249
159 249
159 250
234 250
234 232
240 232
240 230
239 230
239 222
235 222
235 193
236 193
236 91
233 91
233 92
231 92
231 208
230 208
230 117
227 117
227 172
225 172
225 85
243 85
243 50
245 50
245 201
246 201
246 225
247 225
247 188
248 188
248 41
199 41
199 45
169 45
169 46
135 46
135 37
152 37
152 34
94 34
94 32
