108
197 171
197 159
192 159
192 158
123 158
123 155
93 155
93 152
98 152
98 148
60 148
60 146
104 146
104 145
105 145
105 142
43 142
43 137
33 137
33 120
24 120
24 139
16 139
16 149
4 149
4 97
1 97
1 108
3 108
3 161
8 161
8 153
17 153
17 140
26 140
26 123
27 123
27 174
28 174
28 235
25 235
25 219
19 219
19 203
14 203
14 164
12 164
12 214
15 214
15 218
18 218
18 226
23 226
23 243
36 243
36 220
39 220
39 165
38 165
38 167
31 167
31 198
32 198
32 199
34 199
34 197
35 197
35 239
30 239
30 221
29 221
29 150
37 150
37 144
57 144
57 154
90 154
90 160
190 160
190 168
153 168
153 169
130 169
130 170
167 170
167 181
150 181
150 180
82 180
82 183
132 183
132 184
84 184
84 187
59 187
59 189
40 189
40 190
96 190
96 196
116 196
116 194
102 194
102 186
183 186
183 185
168 185
168 171
