340
1 2
1 14
13 14
13 4
17 4
17 23
14 23
14 20
4 20
4 15
3 15
3 31
5 31
5 24
7 24
7 94
11 94
11 114
10 114
10 133
6 133
6 147
12 147
12 134
15 134
15 111
21 111
21 108
28 108
28 135
19 135
19 149
20 149
20 152
22 152
22 163
32 163
32 173
62 173
62 176
79 176
79 189
75 189
75 195
60 195
60 201
99 201
99 202
74 202
74 203
23 203
23 207
2 207
2 210
24 210
24 204
71 204
71 206
33 206
33 208
102 208
102 199
93 199
93 180
105 180
105 178
126 178
126 188
114 188
114 198
119 198
119 194
122 194
122 200
124 200
124 197
130 197
130 196
128 196
128 186
149 186
149 184
146 184
146 181
139 181
139 177
98 177
98 174
95 174
95 166
94 166
94 154
91 154
91 127
101 127
101 130
96 130
96 146
133 146
133 145
129 145
129 143
115 143
115 137
109 137
109 113
107 113
107 107
87 107
87 104
86 104
86 90
142 90
142 92
150 92
150 99
152 99
152 70
143 70
143 82
137 82
137 72
140 72
140 66
144 66
144 68
145 68
145 64
134 64
134 57
106 57
106 48
112 48
112 54
172 54
172 58
185 58
185 125
186 125
186 140
193 140
193 150
174 150
174 153
201 153
201 74
204 74
204 129
206 129
206 109
205 109
205 78
219 78
219 38
222 38
222 45
230 45
230 101
232 101
232 103
228 103
228 124
227 124
227 157
215 157
215 161
221 161
221 164
212 164
212 165
220 165
220 168
209 168
209 167
191 167
191 158
179 158
179 170
187 170
187 209
182 209
182 218
171 218
171 220
178 220
178 222
176 222
176 223
183 223
183 228
169 228
169 215
167 215
167 211
165 211
165 224
164 224
164 212
161 212
161 221
151 221
151 226
155 226
155 227
160 227
160 232
175 232
175 230
190 230
190 175
198 175
198 183
202 183
202 179
208 179
208 219
207 219
207 234
153 234
153 237
154 237
154 235
157 235
157 239
156 239
156 246
184 246
184 245
210 245
210 248
245 248
245 250
248 250
248 249
249 249
249 247
238 247
238 243
246 243
246 242
218 242
218 241
180 241
180 244
163 244
163 238
166 238
166 236
226 236
226 231
242 231
242 229
211 229
211 193
216 193
216 192
213 192
213 171
223 171
223 162
225 162
225 159
234 159
234 132
240 132
240 100
236 100
236 50
235 50
235 37
217 37
217 59
199 59
199 93
200 93
200 151
195 151
195 136
188 136
188 123
189 123
189 77
197 77
197 56
173 56
173 52
117 52
117 47
92 47
92 61
110 61
110 69
116 69
116 75
111 75
111 79
121 79
121 80
123 80
123 63
132 63
132 86
85 86
85 98
77 98
77 112
81 112
81 115
88 115
88 126
90 126
90 169
89 169
89 190
84 190
84 172
45 172
45 160
46 160
46 156
31 156
31 148
25 148
25 142
27 142
27 141
30 141
30 95
16 95
16 91
9 91
9 67
8 67
8 27
18 27
18 9
41 9
41 3
59 3
59 2
