78
40 111
40 126
53 126
53 69
56 69
56 70
54 70
54 116
70 116
70 127
66 127
66 128
72 128
72 145
26 145
26 144
23 144
23 142
18 142
18 134
9 134
9 136
4 136
4 129
2 129
2 117
3 117
3 68
7 68
7 52
19 52
19 50
1 50
1 140
6 140
6 141
11 141
11 135
13 135
13 150
147 150
147 149
69 149
69 148
116 148
116 147
132 147
132 146
120 146
120 137
122 137
122 125
150 125
150 123
117 123
117 131
113 131
113 139
106 139
106 143
93 143
93 138
74 138
74 124
75 124
75 113
58 113
58 81
61 81
61 63
52 63
52 94
51 94
51 108
49 108
49 118
46 118
46 111
