104
76 191
76 187
74 187
74 149
73 149
73 101
52 101
52 85
41 85
41 84
36 84
36 54
29 54
29 44
1 44
1 60
4 60
4 63
2 63
2 71
3 71
3 64
13 64
13 67
23 67
23 76
24 76
24 56
28 56
28 77
32 77
32 91
51 91
51 105
60 105
60 111
69 111
69 113
55 113
55 116
71 116
71 117
72 117
72 150
70 150
70 142
65 142
65 190
64 190
64 135
48 135
48 130
47 130
47 152
42 152
42 173
40 173
40 183
39 183
39 154
33 154
33 177
31 177
31 180
21 180
21 178
19 178
19 144
25 144
25 93
17 93
17 94
18 94
18 159
15 159
15 125
14 125
14 172
12 172
12 126
11 126
11 185
9 185
9 175
5 175
5 188
7 188
7 182
8 182
8 186
46 186
46 164
49 164
49 147
53 147
53 143
56 143
56 167
58 167
58 165
63 165
63 174
54 174
54 191
