488
2 13
2 22
1 22
1 28
10 28
10 26
6 26
6 27
5 27
5 21
23 21
23 23
18 23
18 38
33 38
33 29
37 29
37 42
35 42
35 49
34 49
34 53
41 53
41 59
28 59
28 62
42 62
42 127
3 127
3 191
7 191
7 216
8 216
8 200
13 200
13 159
27 159
27 152
20 152
20 139
19 139
19 149
12 149
12 129
46 129
46 143
38 143
38 170
45 170
45 214
40 214
40 199
36 199
36 242
32 242
32 261
29 261
29 294
31 294
31 341
30 341
30 334
15 334
15 360
16 360
16 376
17 376
17 385
25 385
25 372
22 372
22 365
71 365
71 351
21 351
21 340
24 340
24 344
39 344
39 278
52 278
52 270
47 270
47 250
49 250
49 193
55 193
55 346
73 346
73 342
60 342
60 96
62 96
62 145
61 145
61 254
66 254
66 228
69 228
69 209
70 209
70 319
74 319
74 413
65 413
65 444
58 444
58 446
48 446
48 422
44 422
44 449
50 449
50 448
87 448
87 439
77 439
77 397
84 397
84 410
91 410
91 454
4 454
4 457
104 457
104 425
94 425
94 408
111 408
111 163
112 163
112 211
117 211
117 287
114 287
114 387
113 387
113 388
115 388
115 405
125 405
125 256
147 256
147 430
141 430
141 394
143 394
143 384
133 384
133 428
136 428
136 447
144 447
144 462
132 462
132 453
128 453
128 335
130 335
130 333
126 333
126 431
127 431
127 465
135 465
135 492
140 492
140 482
142 482
142 479
148 479
148 265
149 265
149 245
145 245
145 234
138 234
138 248
124 248
124 400
121 400
121 324
122 324
122 166
120 166
120 295
118 295
118 175
116 175
116 123
110 123
110 116
107 116
107 97
129 97
129 108
146 108
146 121
152 121
152 117
150 117
150 103
169 103
169 77
179 77
179 106
182 106
182 128
183 128
183 203
172 203
172 279
171 279
171 276
167 276
167 282
154 282
154 355
162 355
162 398
159 398
159 412
151 412
151 421
153 421
153 452
157 452
157 437
160 437
160 436
155 436
155 420
164 420
164 357
166 357
166 407
168 407
168 310
170 310
170 306
173 306
173 212
178 212
178 215
177 215
177 217
175 217
175 231
174 231
174 401
176 401
176 395
186 395
186 371
190 371
190 478
192 478
192 409
195 409
195 369
191 369
191 359
214 359
214 450
207 450
207 469
224 469
224 486
252 486
252 481
268 481
268 466
330 466
330 467
323 467
323 473
273 473
273 497
281 497
281 487
287 487
287 498
289 498
289 490
290 490
290 500
400 500
400 499
452 499
452 496
413 496
413 495
336 495
336 494
291 494
291 488
300 488
300 484
307 484
307 493
313 493
313 491
333 491
333 485
328 485
328 489
312 489
312 483
286 483
286 476
341 476
341 472
398 472
398 477
500 477
500 474
453 474
453 455
460 455
460 443
468 443
468 459
475 459
475 415
477 415
477 417
492 417
492 350
497 350
497 347
496 347
496 312
498 312
498 255
494 255
494 239
479 239
479 233
473 233
473 299
471 299
471 221
486 221
486 218
459 218
459 311
466 311
466 219
469 219
469 313
446 313
446 300
431 300
431 301
415 301
415 314
476 314
476 241
490 241
490 280
493 280
493 296
481 296
481 393
484 393
484 302
487 302
487 318
495 318
495 322
489 322
489 411
457 411
457 451
439 451
439 470
437 470
437 471
332 471
332 468
405 468
405 464
256 464
256 475
253 475
253 480
226 480
226 463
215 463
215 435
216 435
216 354
193 354
193 348
199 348
199 345
184 345
184 337
180 337
180 271
189 271
189 264
188 264
188 165
185 165
185 82
181 82
181 76
158 76
158 101
137 101
137 104
134 104
134 94
99 94
99 133
92 133
92 34
100 34
100 48
108 48
108 7
106 7
106 33
105 33
105 3
93 3
93 18
90 18
90 115
89 115
89 131
81 131
81 100
79 100
79 86
76 86
76 134
83 134
83 188
75 188
75 195
80 195
80 206
86 206
86 148
97 148
97 151
88 151
88 156
96 156
96 168
98 168
98 185
109 185
109 399
101 399
101 389
95 389
95 373
82 373
82 367
85 367
85 366
78 366
78 362
103 362
103 316
102 316
102 307
72 307
72 192
67 192
67 174
63 174
63 95
57 95
57 87
54 87
54 144
56 144
56 132
59 132
59 158
53 158
53 155
51 155
51 13
