114
2 13
2 22
1 22
1 28
10 28
10 26
6 26
6 27
5 27
5 21
23 21
23 23
18 23
18 38
33 38
33 29
37 29
37 42
35 42
35 49
34 49
34 53
41 53
41 59
28 59
28 62
42 62
42 127
3 127
3 191
7 191
7 216
8 216
8 200
13 200
13 159
27 159
27 152
20 152
20 139
19 139
19 149
12 149
12 129
46 129
46 143
38 143
38 170
45 170
45 214
40 214
40 199
36 199
36 242
32 242
32 261
29 261
29 294
31 294
31 341
30 341
30 334
15 334
15 360
16 360
16 376
17 376
17 385
25 385
25 372
22 372
22 365
71 365
71 351
21 351
21 340
24 340
24 344
39 344
39 278
52 278
52 270
47 270
47 250
49 250
49 193
55 193
55 346
73 346
73 342
60 342
60 96
62 96
62 145
61 145
61 209
72 209
72 192
67 192
67 174
63 174
63 95
57 95
57 87
54 87
54 144
56 144
56 132
59 132
59 158
53 158
53 155
51 155
51 13
