116
1 1
1 6
3 6
3 23
5 23
5 82
12 82
12 78
13 78
13 79
22 79
22 66
60 66
60 70
74 70
74 69
75 69
75 55
58 55
58 60
41 60
41 65
21 65
21 49
24 49
24 48
25 48
25 44
49 44
49 45
64 45
64 47
81 47
81 42
62 42
62 43
18 43
18 64
15 64
15 72
6 72
6 52
8 52
8 37
90 37
90 39
102 39
102 40
110 40
110 58
95 58
95 62
123 62
123 63
130 63
130 59
136 59
136 67
145 67
145 71
94 71
94 77
103 77
103 75
120 75
120 76
147 76
147 74
158 74
158 73
163 73
163 57
143 57
143 54
160 54
160 51
153 51
153 46
141 46
141 38
126 38
126 56
114 56
114 35
11 35
11 34
57 34
57 33
28 33
28 28
97 28
97 27
128 27
128 26
23 26
23 22
38 22
38 21
43 21
43 19
83 19
83 18
10 18
10 15
44 15
44 14
131 14
131 13
7 13
7 8
27 8
27 7
9 7
9 3
2 3
2 1
