350
1 1
1 6
3 6
3 23
5 23
5 82
12 82
12 78
13 78
13 79
22 79
22 66
60 66
60 70
74 70
74 69
75 69
75 55
58 55
58 60
41 60
41 65
21 65
21 49
24 49
24 48
25 48
25 44
49 44
49 45
64 45
64 47
81 47
81 42
62 42
62 43
18 43
18 64
15 64
15 72
6 72
6 52
8 52
8 37
90 37
90 39
102 39
102 40
110 40
110 58
95 58
95 62
123 62
123 63
130 63
130 59
136 59
136 67
145 67
145 71
94 71
94 77
103 77
103 75
120 75
120 76
147 76
147 74
158 74
158 73
163 73
163 57
143 57
143 54
160 54
160 51
153 51
153 46
141 46
141 38
126 38
126 56
114 56
114 35
11 35
11 34
57 34
57 32
55 32
55 33
28 33
28 28
97 28
97 27
117 27
117 29
76 29
76 31
180 31
180 50
172 50
172 61
170 61
170 80
173 80
173 68
177 68
177 87
184 87
184 83
190 83
190 88
192 88
192 90
115 90
115 104
91 104
91 110
73 110
73 105
78 105
78 94
79 94
79 85
69 85
69 89
50 89
50 93
53 93
53 98
61 98
61 106
66 106
66 107
67 107
67 99
71 99
71 112
26 112
26 108
17 108
17 111
14 111
14 113
88 113
88 121
70 121
70 126
59 126
59 120
68 120
68 118
63 118
63 117
39 117
39 119
31 119
31 133
30 133
30 174
35 174
35 190
36 190
36 191
33 191
33 200
37 200
37 168
45 168
45 199
125 199
125 198
52 198
52 186
77 186
77 188
65 188
65 194
80 194
80 189
105 189
105 193
104 193
104 192
99 192
99 196
132 196
132 181
87 181
87 179
127 179
127 176
85 176
85 173
96 173
96 175
135 175
135 165
164 165
164 167
166 167
166 163
152 163
152 164
149 164
149 160
167 160
167 156
175 156
175 170
157 170
157 177
146 177
146 178
150 178
150 195
151 195
151 197
154 197
154 187
161 187
161 184
169 184
169 183
162 183
162 182
182 182
182 172
176 172
176 151
183 151
183 171
196 171
196 158
195 158
195 155
185 155
185 146
178 146
178 144
168 144
168 154
156 154
156 139
159 139
159 140
199 140
199 134
197 134
197 136
171 136
171 138
140 138
140 135
134 135
134 152
137 152
137 161
108 161
108 159
113 159
113 157
109 157
109 149
122 149
122 141
118 141
118 148
107 148
107 147
111 147
111 143
112 143
112 142
101 142
101 145
98 145
98 166
106 166
106 169
84 169
84 180
82 180
82 185
47 185
47 153
48 153
48 150
42 150
42 162
34 162
34 137
40 137
40 129
32 129
32 127
46 127
46 123
51 123
51 130
54 130
54 128
86 128
86 131
93 131
93 125
72 125
72 122
100 122
100 109
121 109
121 101
144 101
144 100
129 100
129 91
200 91
200 86
194 86
194 84
191 84
191 81
186 81
186 36
181 36
181 30
128 30
128 26
23 26
23 22
38 22
38 21
43 21
43 19
83 19
83 18
10 18
10 15
44 15
44 14
131 14
131 13
7 13
7 8
27 8
27 7
9 7
9 3
2 3
2 1
