192
1 1
1 6
3 6
3 23
5 23
5 82
12 82
12 78
13 78
13 79
22 79
22 66
60 66
60 70
74 70
74 69
75 69
75 55
58 55
58 60
41 60
41 65
21 65
21 49
24 49
24 48
25 48
25 44
49 44
49 45
64 45
64 47
81 47
81 42
62 42
62 43
18 43
18 64
15 64
15 72
6 72
6 52
8 52
8 37
90 37
90 39
102 39
102 40
110 40
110 58
95 58
95 62
123 62
123 63
130 63
130 59
136 59
136 67
145 67
145 71
94 71
94 77
103 77
103 75
120 75
120 76
147 76
147 74
158 74
158 73
163 73
163 57
143 57
143 54
160 54
160 51
153 51
153 46
141 46
141 38
126 38
126 56
114 56
114 35
11 35
11 34
57 34
57 32
55 32
55 33
28 33
28 28
97 28
97 27
117 27
117 29
76 29
76 31
180 31
180 50
172 50
172 61
170 61
170 80
173 80
173 68
177 68
177 87
184 87
184 83
190 83
190 88
192 88
192 90
115 90
115 104
91 104
91 110
73 110
73 105
78 105
78 94
79 94
79 85
69 85
69 89
50 89
50 93
53 93
53 98
61 98
61 106
66 106
66 107
67 107
67 99
71 99
71 112
26 112
26 108
17 108
17 111
14 111
14 113
88 113
88 121
70 121
70 125
72 125
72 122
100 122
100 109
121 109
121 101
144 101
144 100
129 100
129 91
200 91
200 86
194 86
194 84
191 84
191 81
186 81
186 36
181 36
181 30
128 30
128 26
23 26
23 22
38 22
38 21
43 21
43 19
83 19
83 18
10 18
10 15
44 15
44 14
131 14
131 13
7 13
7 8
27 8
27 7
9 7
9 3
2 3
2 1
