106
119 268
119 271
148 271
148 302
150 302
150 374
152 374
152 322
154 322
154 413
149 413
149 424
143 424
143 461
129 461
129 428
127 428
127 463
182 463
182 462
206 462
206 464
213 464
213 466
207 466
207 467
221 467
221 484
212 484
212 479
168 479
168 472
125 472
125 468
14 468
14 493
4 493
4 488
1 488
1 494
107 494
107 495
184 495
184 496
100 496
100 497
52 497
52 499
6 499
6 500
85 500
85 498
192 498
192 492
21 492
21 470
17 470
17 469
29 469
29 483
34 483
34 487
61 487
61 476
64 476
64 474
68 474
68 482
81 482
81 471
103 471
103 477
105 477
105 475
153 475
153 480
163 480
163 486
110 486
110 489
122 489
122 490
167 490
167 481
196 481
196 485
216 485
216 491
224 491
224 458
166 458
166 443
164 443
164 450
151 450
151 431
160 431
160 426
161 426
161 361
165 361
165 352
159 352
159 345
155 345
155 268
