274
300 109
300 112
282 112
282 152
281 152
281 173
284 173
284 296
295 296
295 303
291 303
291 325
296 325
296 338
297 338
297 378
260 378
260 277
276 277
276 340
277 340
277 228
267 228
267 238
275 238
275 263
271 263
271 243
247 243
247 261
246 261
246 216
252 216
252 136
250 136
250 164
251 164
251 181
239 181
239 226
232 226
232 252
236 252
236 256
244 256
244 259
245 259
245 265
258 265
258 267
263 267
263 274
259 274
259 272
256 272
256 293
254 293
254 323
257 323
257 379
265 379
265 381
303 381
303 386
312 386
312 397
225 397
225 399
219 399
219 394
186 394
186 385
179 385
179 255
176 255
176 225
123 225
123 233
119 233
119 271
148 271
148 302
150 302
150 374
152 374
152 322
154 322
154 413
149 413
149 424
143 424
143 461
129 461
129 428
127 428
127 463
182 463
182 462
206 462
206 464
213 464
213 466
207 466
207 467
221 467
221 484
212 484
212 479
168 479
168 472
125 472
125 468
14 468
14 493
4 493
4 488
1 488
1 494
107 494
107 495
184 495
184 496
100 496
100 497
52 497
52 499
6 499
6 500
85 500
85 498
192 498
192 492
21 492
21 470
17 470
17 469
29 469
29 483
34 483
34 487
61 487
61 476
64 476
64 474
68 474
68 482
81 482
81 471
103 471
103 477
105 477
105 475
153 475
153 480
163 480
163 486
110 486
110 489
122 489
122 490
167 490
167 481
196 481
196 485
216 485
216 491
224 491
224 458
166 458
166 443
164 443
164 450
151 450
151 431
160 431
160 426
161 426
161 361
165 361
165 352
159 352
159 345
155 345
155 268
121 268
121 239
131 239
131 229
124 229
124 227
175 227
175 230
169 230
169 231
174 231
174 262
177 262
177 266
178 266
178 389
181 389
181 407
199 407
199 401
233 401
233 400
314 400
314 393
321 393
321 376
319 376
319 375
299 375
299 371
301 371
301 304
298 304
298 285
285 285
285 247
286 247
286 269
307 269
307 254
318 254
318 244
308 244
308 240
311 240
311 236
287 236
287 191
289 191
289 213
293 213
293 209
306 209
306 184
316 184
316 182
325 182
325 166
323 166
323 169
313 169
313 163
310 163
310 159
302 159
302 115
327 115
327 118
338 118
338 111
353 111
353 140
351 140
351 130
340 130
340 134
350 134
350 156
352 156
352 218
348 218
348 224
369 224
369 223
363 223
363 215
354 215
354 157
357 157
357 109
