4902
1599 1
1599 50
1600 50
1600 67
1607 67
1607 59
1605 59
1605 57
1601 57
1601 10
1608 10
1608 68
1581 68
1581 80
990 80
990 79
1095 79
1095 78
1429 78
1429 73
1260 73
1260 74
1393 74
1393 77
993 77
993 76
967 76
967 98
1004 98
1004 99
973 99
973 107
996 107
996 108
1008 108
1008 100
1068 100
1068 304
1066 304
1066 192
1067 192
1067 121
892 121
892 110
917 110
917 119
1033 119
1033 112
995 112
995 109
801 109
801 125
741 125
741 127
719 127
719 126
711 126
711 120
684 120
684 130
749 130
749 131
623 131
623 133
819 133
819 113
861 113
861 132
869 132
869 128
921 128
921 226
913 226
913 144
910 144
910 222
898 222
898 147
896 147
896 234
894 234
894 239
859 239
859 376
852 376
852 259
847 259
847 357
848 357
848 377
863 377
863 346
878 346
878 753
875 753
875 759
876 759
876 953
874 953
874 796
868 796
868 1170
855 1170
855 1184
849 1184
849 1377
864 1377
864 1376
865 1376
865 1412
850 1412
850 1670
837 1670
837 1633
836 1633
836 1476
838 1476
838 1478
843 1478
843 1437
844 1437
844 1374
835 1374
835 1421
825 1421
825 1341
822 1341
822 1415
808 1415
808 1450
799 1450
799 1451
791 1451
791 1304
796 1304
796 1292
777 1292
777 1310
784 1310
784 1364
788 1364
788 1429
778 1429
778 1417
775 1417
775 1323
770 1323
770 1407
761 1407
761 1406
754 1406
754 1315
756 1315
756 1307
757 1307
757 1220
759 1220
759 1157
762 1157
762 1103
758 1103
758 1079
765 1079
765 794
776 794
776 818
782 818
782 969
790 969
790 1023
794 1023
794 1019
795 1019
795 964
821 964
821 943
832 943
832 945
839 945
839 915
826 915
826 904
800 904
800 918
834 918
834 939
824 939
824 931
793 931
793 960
789 960
789 924
786 924
786 754
785 754
785 781
780 781
780 792
771 792
771 751
766 751
766 700
764 700
764 1046
760 1046
760 1034
748 1034
748 908
746 908
746 662
740 662
740 610
735 610
735 592
727 592
727 593
723 593
723 581
717 581
717 611
704 611
704 589
713 589
713 579
699 579
699 571
695 571
695 561
698 561
698 565
846 565
846 527
818 527
818 521
774 521
774 526
815 526
815 560
714 560
714 556
737 556
737 555
773 555
773 549
772 549
772 553
763 553
763 541
701 541
701 540
696 540
696 488
703 488
703 406
708 406
708 386
689 386
689 307
769 307
769 289
781 289
781 367
802 367
802 368
810 368
810 299
804 299
804 305
803 305
803 279
845 279
845 220
842 220
842 159
841 159
841 265
814 265
814 253
817 253
817 232
820 232
820 224
831 224
831 217
828 217
828 172
816 172
816 221
812 221
812 205
809 205
809 244
805 244
805 269
798 269
798 351
797 351
797 177
792 177
792 323
787 323
787 261
768 261
768 302
767 302
767 271
752 271
752 287
751 287
751 295
676 295
676 173
678 173
678 207
680 207
680 262
686 262
686 195
691 195
691 180
694 180
694 252
697 252
697 213
700 213
700 162
685 162
685 160
687 160
687 146
725 146
725 140
721 140
721 136
715 136
715 134
640 134
640 378
650 378
650 726
648 726
648 595
647 595
647 481
643 481
643 487
637 487
637 478
634 478
634 369
635 369
635 362
638 362
638 312
473 312
473 309
373 309
373 317
282 317
282 248
274 248
274 228
381 228
381 237
513 237
513 236
516 236
516 240
520 240
520 231
575 231
575 230
493 230
493 215
559 215
559 212
521 212
521 208
407 208
407 202
514 202
514 191
278 191
278 184
237 184
237 198
251 198
251 199
200 199
200 219
239 219
239 200
348 200
348 210
254 210
254 267
256 267
256 249
264 249
264 266
268 266
268 282
275 282
275 283
271 283
271 306
206 306
206 319
413 319
413 316
421 316
421 315
428 315
428 313
568 313
568 348
547 348
547 353
422 353
422 349
196 349
196 345
185 345
185 340
255 340
255 325
174 325
174 324
18 324
18 303
16 303
16 329
94 329
94 328
127 328
127 327
154 327
154 343
180 343
180 350
406 350
406 356
395 356
395 359
376 359
376 355
370 355
370 360
560 360
560 363
574 363
574 358
586 358
586 431
483 431
483 418
506 418
506 415
491 415
491 398
476 398
476 439
480 439
480 411
487 411
487 412
482 412
482 438
523 438
523 448
540 448
540 437
561 437
561 458
418 458
418 498
415 498
415 506
387 506
387 641
383 641
383 566
377 566
377 647
390 647
390 674
385 674
385 681
396 681
396 705
401 705
401 654
411 654
411 620
423 620
423 646
454 646
454 621
456 621
456 925
446 925
446 980
445 980
445 1266
269 1266
269 1275
265 1275
265 1269
263 1269
263 1280
273 1280
273 1435
328 1435
328 1442
354 1442
354 1445
374 1445
374 1475
286 1475
286 1481
290 1481
290 1504
365 1504
365 1548
359 1548
359 1595
352 1595
352 1603
353 1603
353 1673
337 1673
337 1678
297 1678
297 1683
298 1683
298 1722
296 1722
296 1852
294 1852
294 1982
281 1982
281 1993
280 1993
280 1994
295 1994
295 2019
258 2019
258 1966
249 1966
249 1979
250 1979
250 2034
267 2034
267 2047
410 2047
410 2024
449 2024
449 2028
419 2028
419 2083
432 2083
432 2096
414 2096
414 2127
372 2127
372 2126
236 2126
236 2046
223 2046
223 2133
202 2133
202 2179
231 2179
231 2343
216 2343
216 2354
212 2354
212 2377
205 2377
205 2344
192 2344
192 2356
166 2356
166 2270
156 2270
156 2283
151 2283
151 2290
145 2290
145 2001
142 2001
142 2327
124 2327
124 2197
141 2197
141 1971
144 1971
144 1975
173 1975
173 1946
183 1946
183 1992
175 1992
175 2057
186 2057
186 1860
187 1860
187 1857
191 1857
191 1799
182 1799
182 1696
195 1696
195 1636
161 1636
161 1614
190 1614
190 1610
165 1610
165 1556
160 1556
160 1644
150 1644
150 1539
169 1539
169 1113
168 1113
168 1502
148 1502
148 1543
146 1543
146 1260
139 1260
139 1098
98 1098
98 1086
109 1086
109 1014
137 1014
137 1058
155 1058
155 1005
90 1005
90 1125
89 1125
89 1124
88 1124
88 979
86 979
86 1059
85 1059
85 967
60 967
60 998
36 998
36 770
39 770
39 914
59 914
59 907
51 907
51 769
42 769
42 750
35 750
35 834
33 834
33 722
49 722
49 738
97 738
97 703
104 703
104 685
103 685
103 691
83 691
83 651
170 651
170 690
133 690
133 717
162 717
162 767
172 767
172 874
193 874
193 898
194 898
194 771
199 771
199 701
207 701
207 741
211 741
211 699
189 699
189 682
177 682
177 660
219 660
219 598
188 598
188 578
147 578
147 597
130 597
130 545
226 545
226 900
225 900
225 842
220 842
220 913
228 913
228 591
229 591
229 944
210 944
210 984
230 984
230 864
232 864
232 523
176 523
176 517
120 517
120 533
57 533
57 574
23 574
23 744
28 744
28 680
27 680
27 604
32 604
32 628
58 628
58 537
167 537
167 529
217 529
217 543
171 543
171 544
126 544
126 634
100 634
100 639
158 639
158 615
181 615
181 624
209 624
209 630
184 630
184 636
197 636
197 645
204 645
204 650
71 650
71 669
73 669
73 728
52 728
52 718
31 718
31 808
29 808
29 976
25 976
25 966
26 966
26 927
17 927
17 1360
20 1360
20 1519
30 1519
30 1544
34 1544
34 1500
22 1500
22 1458
21 1458
21 1164
19 1164
19 934
24 934
24 1022
65 1022
65 1003
84 1003
84 1036
82 1036
82 1031
79 1031
79 1048
80 1048
80 1110
69 1110
69 1027
68 1027
68 1151
70 1151
70 1169
99 1169
99 1146
92 1146
92 1117
101 1117
101 1108
128 1108
128 1138
135 1138
135 1357
114 1357
114 1605
111 1605
111 1588
113 1588
113 1447
106 1447
106 1675
93 1675
93 1680
117 1680
117 1455
134 1455
134 1431
131 1431
131 1388
138 1388
138 1498
140 1498
140 1665
152 1665
152 1695
153 1695
153 1703
157 1703
157 1677
163 1677
163 1668
179 1668
179 1899
107 1899
107 1925
105 1925
105 1936
159 1936
159 1942
143 1942
143 1951
149 1951
149 1960
123 1960
123 1976
129 1976
129 1985
132 1985
132 2076
125 2076
125 2185
115 2185
115 2154
122 2154
122 2106
118 2106
118 2017
116 2017
116 1988
112 1988
112 2098
108 2098
108 2148
81 2148
81 2093
87 2093
87 2014
91 2014
91 1786
74 1786
74 1780
64 1780
64 1770
62 1770
62 1944
53 1944
53 1956
50 1956
50 1990
48 1990
48 2016
54 2016
54 2038
47 2038
47 1962
44 1962
44 2121
55 2121
55 2281
45 2281
45 2276
43 2276
43 2054
40 2054
40 2146
37 2146
37 2184
38 2184
38 2186
41 2186
41 2285
56 2285
56 2100
61 2100
61 2322
46 2322
46 2348
95 2348
95 2336
96 2336
96 2335
76 2335
76 2319
67 2319
67 2289
63 2289
63 1869
72 1869
72 1850
66 1850
66 1816
75 1816
75 1980
77 1980
77 2195
78 2195
78 2191
110 2191
110 2287
121 2287
121 2365
119 2365
119 2382
178 2382
178 2380
201 2380
201 2429
208 2429
208 2431
218 2431
218 2345
235 2345
235 2301
238 2301
238 2491
102 2491
102 2492
11 2492
11 2493
13 2493
13 2496
3 2496
3 2498
1 2498
1 2500
2 2500
2 2499
15 2499
15 2495
136 2495
136 2497
242 2497
242 2494
246 2494
246 2425
241 2425
241 2418
244 2418
244 2353
289 2353
289 2355
308 2355
308 2371
272 2371
272 2374
324 2374
324 2457
319 2457
319 2427
309 2427
309 2383
293 2383
293 2395
291 2395
291 2433
305 2433
305 2479
327 2479
327 2435
389 2435
389 2422
393 2422
393 2430
394 2430
394 2472
397 2472
397 2447
400 2447
400 2487
429 2487
429 2462
444 2462
444 2443
451 2443
451 2426
468 2426
468 2423
474 2423
474 2437
484 2437
484 2477
503 2477
503 2485
504 2485
504 2452
509 2452
509 2421
417 2421
417 2474
416 2474
416 2438
404 2438
404 2385
364 2385
364 2412
367 2412
367 2432
349 2432
349 2415
326 2415
326 2414
336 2414
336 2388
355 2388
355 2349
253 2349
253 2346
260 2346
260 2337
248 2337
248 2315
276 2315
276 2293
262 2293
262 2288
247 2288
247 2351
301 2351
301 2352
243 2352
243 2367
240 2367
240 2172
203 2172
203 2135
245 2135
245 2139
252 2139
252 2202
259 2202
259 2132
224 2132
224 2084
227 2084
227 2129
378 2129
378 2128
437 2128
437 2122
471 2122
471 2137
368 2137
368 2156
440 2156
440 2160
356 2160
356 2166
433 2166
433 2170
461 2170
461 2168
448 2168
448 2162
443 2162
443 2153
477 2153
477 2081
441 2081
441 2075
464 2075
464 2073
450 2073
450 2035
478 2035
478 2023
392 2023
392 2025
391 2025
391 2027
363 2027
363 2012
358 2012
358 2039
398 2039
398 2032
403 2032
403 2040
331 2040
331 2045
304 2045
304 1987
299 1987
299 1856
300 1856
300 1682
321 1682
321 1692
329 1692
329 1704
306 1704
306 1769
322 1769
322 1862
307 1862
307 1926
325 1926
325 1974
347 1974
347 1968
402 1968
402 1977
412 1977
412 1913
438 1913
438 1890
435 1890
435 1871
427 1871
427 1858
430 1858
430 1829
431 1829
431 1790
470 1790
470 1779
466 1779
466 1732
469 1732
469 1659
459 1659
459 1771
426 1771
426 1822
424 1822
424 1889
409 1889
409 1902
405 1902
405 1964
384 1964
384 1963
346 1963
346 1947
343 1947
343 1900
332 1900
332 1909
314 1909
314 1891
344 1891
344 1881
338 1881
338 1864
339 1864
339 1854
335 1854
335 1681
357 1681
357 1711
341 1711
341 1715
361 1715
361 1693
362 1693
362 1642
369 1642
369 1486
333 1486
333 1479
379 1479
379 1570
382 1570
382 1468
386 1468
386 1433
302 1433
302 1430
380 1430
380 1423
287 1423
287 1373
292 1373
292 1370
285 1370
285 1345
283 1345
283 1331
284 1331
284 1270
447 1270
447 928
457 928
457 1102
455 1102
455 1197
458 1197
458 706
463 706
463 825
460 825
460 948
465 948
465 618
453 618
453 625
442 625
442 588
467 588
467 585
399 585
399 539
408 539
408 548
425 548
425 562
479 562
479 601
517 601
517 649
510 649
510 661
508 661
508 663
481 663
481 735
485 735
485 762
489 762
489 736
490 736
490 799
499 799
499 935
492 935
492 941
502 941
502 785
507 785
507 811
529 811
529 791
535 791
535 826
553 826
553 850
548 850
548 869
544 869
544 877
549 877
549 920
552 920
552 1083
550 1083
550 1085
554 1085
554 1041
555 1041
555 1319
539 1319
539 1217
542 1217
542 1288
546 1288
546 1136
545 1136
545 1056
538 1056
538 1352
543 1352
543 1382
512 1382
512 1278
518 1278
518 1289
522 1289
522 1305
525 1305
525 1104
527 1104
527 1281
528 1281
528 1274
533 1274
533 1219
531 1219
531 1016
537 1016
537 1009
536 1009
536 1004
526 1004
526 988
515 988
515 1147
519 1147
519 1221
511 1221
511 1389
577 1389
577 1375
551 1375
551 1336
573 1336
573 1105
571 1105
571 1224
567 1224
567 1092
569 1092
569 1064
572 1064
572 1013
563 1013
563 1206
558 1206
558 1328
557 1328
557 1025
556 1025
556 786
562 786
562 801
564 801
564 865
582 865
582 873
584 873
584 885
592 885
592 868
589 868
589 855
601 855
601 817
598 817
598 814
596 814
596 837
565 837
565 773
566 773
566 779
576 779
576 809
591 809
591 766
605 766
605 972
604 972
604 1176
607 1176
607 1460
606 1460
606 1506
595 1506
595 1311
590 1311
590 1467
578 1467
578 1669
579 1669
579 1777
580 1777
580 1747
581 1747
581 1676
585 1676
585 1658
594 1658
594 1560
593 1560
593 1581
583 1581
583 1523
599 1523
599 1772
602 1772
602 1674
600 1674
600 1509
603 1509
603 1591
610 1591
610 1572
613 1572
613 1552
616 1552
616 1534
611 1534
611 1366
608 1366
608 1285
609 1285
609 777
619 777
619 763
534 763
534 778
498 778
498 790
494 790
494 784
497 784
497 677
524 677
524 687
532 687
532 643
530 643
530 600
495 600
495 546
505 546
505 534
462 534
462 528
500 528
500 525
452 525
452 558
434 558
434 530
420 530
420 518
436 518
436 512
472 512
472 503
475 503
475 497
439 497
439 471
486 471
486 463
488 463
488 474
496 474
496 460
541 460
541 465
618 465
618 457
615 457
615 449
612 449
612 446
624 446
624 420
621 420
621 410
617 410
617 419
588 419
588 361
597 361
597 352
587 352
587 332
570 332
570 321
620 321
620 341
614 341
614 342
622 342
622 318
629 318
629 746
628 746
628 405
627 405
627 714
626 714
626 851
632 851
632 678
633 678
633 673
630 673
630 659
636 659
636 500
641 500
641 748
656 748
656 793
653 793
653 937
625 937
625 963
631 963
631 962
649 962
649 942
651 942
651 1007
645 1007
645 1068
642 1068
642 1077
639 1077
639 1195
644 1195
644 1140
655 1140
655 1053
652 1053
652 1052
661 1052
661 946
658 946
658 838
659 838
659 667
657 667
657 472
662 472
662 536
664 536
664 310
654 310
654 297
665 297
665 507
671 507
671 433
666 433
666 424
672 424
672 278
646 278
646 142
660 142
660 179
670 179
670 149
663 149
663 135
675 135
675 296
683 296
683 301
688 301
688 394
693 394
693 570
692 570
692 590
702 590
702 683
712 683
712 652
716 652
716 642
707 642
707 664
705 664
705 622
706 622
706 633
732 633
732 640
728 640
728 712
730 712
730 723
736 723
736 672
743 672
743 760
724 760
724 949
722 949
722 765
720 765
720 922
710 922
710 730
709 730
709 933
690 933
690 911
677 911
677 895
682 895
682 861
681 861
681 710
669 710
669 707
667 707
667 725
679 725
679 806
668 806
668 824
673 824
673 880
674 880
674 971
718 971
718 977
729 977
729 1030
731 1030
731 950
726 950
726 854
739 854
739 804
734 804
734 795
745 795
745 910
733 910
733 986
738 986
738 929
744 929
744 999
747 999
747 1057
750 1057
750 1099
753 1099
753 1403
742 1403
742 1436
779 1436
779 1443
755 1443
755 1453
783 1453
783 1463
806 1463
806 1512
811 1512
811 1470
807 1470
807 1454
813 1454
813 1426
827 1426
827 1621
823 1621
823 1667
829 1667
829 1521
830 1521
830 1646
833 1646
833 1691
840 1691
840 1707
851 1707
851 1522
853 1522
853 1563
854 1563
854 1471
856 1471
856 1414
903 1414
903 1419
866 1419
866 1440
877 1440
877 1422
915 1422
915 1416
905 1416
905 1409
873 1409
873 1402
867 1402
867 1379
871 1379
871 1363
858 1363
858 1326
884 1326
884 1299
860 1299
860 1268
862 1268
862 1248
918 1248
918 1244
907 1244
907 1233
886 1233
886 1247
857 1247
857 1183
870 1183
870 1093
872 1093
872 954
911 954
911 921
912 921
912 897
927 897
927 974
919 974
919 975
897 975
897 959
890 959
890 958
885 958
885 1001
888 1001
888 1076
893 1076
893 1047
889 1047
889 1029
904 1029
904 1006
901 1006
901 981
930 981
930 894
931 894
931 909
936 909
936 1037
957 1037
957 1045
961 1045
961 996
952 996
952 992
951 992
951 906
950 906
950 1002
938 1002
938 891
906 891
906 932
879 932
879 264
891 264
891 393
882 393
882 596
880 596
880 695
881 695
881 692
899 692
899 631
883 631
883 594
887 594
887 485
900 485
900 256
895 256
895 247
922 247
922 176
923 176
923 174
926 174
926 286
925 286
925 285
924 285
924 280
902 280
902 339
908 339
908 453
920 453
920 468
943 468
943 499
953 499
953 768
962 768
962 684
959 684
959 675
956 675
956 619
963 619
963 511
954 511
954 466
939 466
939 417
940 417
940 379
941 379
941 366
937 366
937 442
933 442
933 444
916 444
916 430
914 430
914 382
909 382
909 288
928 288
928 251
929 251
929 268
932 268
932 246
934 246
934 223
942 223
942 242
948 242
948 290
947 290
947 452
949 452
949 241
958 241
958 274
960 274
960 214
965 214
965 194
966 194
966 182
955 182
955 193
946 193
946 227
945 227
945 201
935 201
935 129
944 129
944 141
964 141
964 123
1050 123
1050 122
1065 122
1065 334
1063 334
1063 276
1059 276
1059 218
1041 218
1041 254
992 254
992 233
982 233
982 187
1001 187
1001 171
969 171
969 178
970 178
970 607
979 607
979 666
977 666
977 849
978 849
978 1097
1049 1097
1049 1116
1042 1116
1042 1149
1020 1149
1020 1215
1019 1215
1019 1306
1012 1306
1012 1316
1011 1316
1011 1387
1014 1387
1014 1432
1016 1432
1016 1565
1009 1565
1009 1748
1002 1748
1002 1969
1003 1969
1003 2050
1023 2050
1023 1995
1025 1995
1025 1950
1038 1950
1038 1972
1036 1972
1036 2041
1035 2041
1035 2059
1043 2059
1043 2091
1046 2091
1046 2078
1052 2078
1052 2095
1045 2095
1045 2105
1058 2105
1058 2116
1055 2116
1055 2268
1072 2268
1072 2297
1069 2297
1069 2324
1108 2324
1108 2333
1148 2333
1148 2342
1149 2342
1149 2373
1166 2373
1166 2434
1157 2434
1157 2454
1162 2454
1162 2478
1224 2478
1224 2473
1181 2473
1181 2470
1195 2470
1195 2463
1192 2463
1192 2420
1198 2420
1198 2400
1173 2400
1173 2358
1164 2358
1164 2350
1186 2350
1186 2314
1175 2314
1175 2338
1159 2338
1159 2332
1156 2332
1156 2313
1199 2313
1199 2330
1258 2330
1258 2311
1288 2311
1288 2369
1275 2369
1275 2378
1366 2378
1366 2360
1341 2360
1341 2347
1346 2347
1346 2302
1360 2302
1360 2328
1367 2328
1367 2409
1396 2409
1396 2410
1412 2410
1412 2413
1424 2413
1424 2389
1417 2389
1417 2408
1376 2408
1376 2402
1373 2402
1373 2296
1379 2296
1379 2386
1382 2386
1382 2230
1374 2230
1374 2221
1378 2221
1378 2208
1381 2208
1381 2143
1386 2143
1386 2102
1385 2102
1385 1998
1369 1998
1369 2004
1337 2004
1337 2005
1251 2005
1251 1991
1241 1991
1241 1997
1228 1997
1228 1965
1227 1965
1227 2006
1365 2006
1365 2011
1333 2011
1333 2026
1356 2026
1356 2048
1359 2048
1359 2052
1364 2052
1364 2064
1377 2064
1377 2071
1290 2071
1290 2079
1267 2079
1267 2113
1327 2113
1327 2165
1345 2165
1345 2134
1351 2134
1351 2225
1349 2225
1349 2228
1316 2228
1316 2243
1213 2243
1213 2242
1220 2242
1220 2238
1302 2238
1302 2229
1283 2229
1283 2231
1276 2231
1276 2232
1176 2232
1176 2218
1208 2218
1208 2216
1165 2216
1165 2204
1150 2204
1150 2233
1244 2233
1244 2236
1145 2236
1145 2260
1151 2260
1151 2253
1158 2253
1158 2250
1353 2250
1353 2119
1332 2119
1332 2088
1278 2088
1278 2080
1354 2080
1354 2101
1355 2101
1355 2072
1372 2072
1372 2174
1368 2174
1368 2193
1370 2193
1370 2295
1358 2295
1358 2298
1324 2298
1324 2364
1340 2364
1340 2375
1295 2375
1295 2305
1147 2305
1147 2310
1142 2310
1142 2318
1154 2318
1154 2323
1071 2323
1071 2303
1132 2303
1132 2144
1130 2144
1130 1759
1121 1759
1121 1638
1127 1638
1127 1589
1118 1589
1118 1604
1113 1604
1113 1346
1124 1346
1124 1408
1134 1408
1134 1368
1131 1368
1131 1385
1125 1385
1125 1231
1123 1231
1123 1156
1112 1156
1112 1243
1101 1243
1101 1384
1100 1384
1100 1139
1105 1139
1105 1091
1135 1091
1135 1282
1137 1282
1137 1143
1141 1143
1141 1191
1139 1191
1139 1193
1143 1193
1143 1122
1138 1122
1138 1084
1111 1084
1111 1081
1096 1081
1096 1127
1099 1127
1099 1168
1090 1168
1090 1067
1144 1067
1144 1107
1160 1107
1160 1101
1193 1101
1193 1131
1217 1131
1217 1121
1233 1121
1233 1134
1222 1134
1222 1158
1221 1158
1221 1162
1240 1162
1240 1153
1259 1153
1259 1263
1279 1263
1279 1255
1280 1255
1280 1293
1253 1293
1253 1298
1268 1298
1268 1340
1281 1340
1281 1344
1265 1344
1265 1465
1329 1465
1329 1474
1285 1474
1285 1477
1294 1477
1294 1517
1284 1517
1284 1530
1246 1530
1246 1533
1304 1533
1304 1499
1305 1499
1305 1577
1307 1577
1307 1640
1309 1640
1309 1694
1237 1694
1237 1687
1200 1687
1200 1705
1191 1705
1191 1736
1183 1736
1183 1768
1168 1768
1168 1800
1153 1800
1153 1830
1169 1830
1169 1802
1174 1802
1174 1804
1184 1804
1184 1754
1194 1754
1194 1726
1202 1726
1202 1721
1218 1721
1218 1719
1230 1719
1230 1807
1209 1807
1209 1811
1216 1811
1216 1818
1226 1818
1226 1855
1197 1855
1197 1814
1189 1814
1189 1867
1188 1867
1188 1785
1187 1785
1187 1879
1204 1879
1204 1868
1207 1868
1207 1875
1212 1875
1212 1882
1231 1882
1231 1904
1214 1904
1214 1957
1215 1957
1215 1924
1238 1924
1238 1886
1292 1886
1292 1916
1272 1916
1272 1922
1264 1922
1264 1952
1298 1952
1298 1934
1299 1934
1299 1812
1297 1812
1297 1793
1311 1793
1311 1795
1308 1795
1308 1919
1310 1919
1310 1861
1314 1861
1314 1740
1296 1740
1296 1878
1219 1878
1219 1873
1225 1873
1225 1877
1229 1877
1229 1836
1239 1836
1239 1823
1234 1823
1234 1700
1255 1700
1255 1729
1256 1729
1256 1697
1257 1697
1257 1728
1331 1728
1331 1730
1277 1730
1277 1734
1383 1734
1383 1709
1371 1709
1371 1723
1313 1723
1313 1599
1315 1599
1315 1553
1321 1553
1321 1526
1318 1526
1318 1505
1380 1505
1380 1508
1361 1508
1361 1551
1362 1551
1362 1558
1399 1558
1399 1554
1398 1554
1398 1464
1392 1464
1392 1491
1335 1491
1335 1473
1348 1473
1348 1469
1342 1469
1342 1459
1266 1459
1266 1361
1319 1361
1319 1369
1273 1369
1273 1398
1270 1398
1270 1448
1274 1448
1274 1378
1306 1378
1306 1392
1339 1392
1339 1359
1352 1359
1352 1339
1336 1339
1336 1318
1330 1318
1330 1302
1357 1302
1357 1291
1344 1291
1344 1272
1375 1272
1375 1271
1391 1271
1391 1054
1389 1054
1389 1028
1403 1028
1403 1071
1402 1071
1402 1073
1427 1073
1427 1114
1416 1114
1416 1144
1410 1144
1410 1155
1404 1155
1404 1391
1400 1391
1400 1472
1409 1472
1409 1390
1413 1390
1413 1214
1408 1214
1408 1438
1406 1438
1406 1212
1414 1212
1414 1371
1418 1371
1418 1199
1407 1199
1407 1163
1419 1163
1419 1194
1421 1194
1421 1286
1420 1286
1420 1410
1422 1410
1422 1332
1423 1332
1423 1128
1428 1128
1428 912
1430 912
1430 1516
1431 1516
1431 827
1432 827
1432 1166
1438 1166
1438 1232
1442 1232
1442 1386
1437 1386
1437 1634
1443 1634
1443 1015
1450 1015
1450 1756
1449 1756
1449 1177
1444 1177
1444 1180
1445 1180
1445 1267
1448 1267
1448 1775
1457 1775
1457 1752
1454 1752
1454 1738
1452 1738
1452 1580
1456 1580
1456 1578
1455 1578
1455 1261
1453 1261
1453 1095
1451 1095
1451 993
1447 993
1447 917
1469 917
1469 930
1471 930
1471 1123
1466 1123
1466 1129
1468 1129
1468 1216
1465 1216
1465 1338
1463 1338
1463 1511
1462 1511
1462 1608
1461 1608
1461 1763
1464 1763
1464 1501
1470 1501
1470 1187
1472 1187
1472 919
1473 919
1473 1372
1475 1372
1475 947
1476 947
1476 1154
1478 1154
1478 1277
1479 1277
1479 1741
1487 1741
1487 1801
1490 1801
1490 1841
1496 1841
1496 1908
1514 1908
1514 1884
1531 1884
1531 1706
1535 1706
1535 1690
1524 1690
1524 1615
1536 1615
1536 1613
1544 1613
1544 1619
1538 1619
1538 1626
1537 1626
1537 1845
1540 1845
1540 1844
1542 1844
1542 1699
1541 1699
1541 1653
1548 1653
1548 1632
1552 1632
1552 1809
1555 1809
1555 1866
1556 1866
1556 1753
1557 1753
1557 1593
1559 1593
1559 1918
1561 1918
1561 1853
1564 1853
1564 1637
1567 1637
1567 1907
1592 1907
1592 1897
1595 1897
1595 1575
1596 1575
1596 1342
1597 1342
1597 1325
1598 1325
1598 1324
1590 1324
1590 1424
1591 1424
1591 1596
1586 1596
1586 1515
1583 1515
1583 1624
1585 1624
1585 1744
1589 1744
1589 1720
1593 1720
1593 1639
1594 1639
1594 1896
1570 1896
1570 1661
1573 1661
1573 1643
1576 1643
1576 1628
1580 1628
1580 1586
1572 1586
1572 1546
1517 1546
1517 1568
1530 1568
1530 1562
1543 1562
1543 1594
1546 1594
1546 1609
1525 1609
1525 1612
1522 1612
1522 1863
1513 1863
1513 1883
1497 1883
1497 1798
1501 1798
1501 1774
1500 1774
1500 1796
1488 1796
1488 1480
1495 1480
1495 1617
1498 1617
1498 1483
1503 1483
1503 1545
1502 1545
1502 1555
1506 1555
1506 1569
1508 1569
1508 1764
1510 1764
1510 1527
1505 1527
1505 1495
1504 1495
1504 1381
1485 1381
1485 1582
1484 1582
1484 1657
1483 1657
1483 1651
1480 1651
1480 1514
1481 1514
1481 1284
1482 1284
1482 1225
1493 1225
1493 1230
1489 1230
1489 1249
1492 1249
1492 1234
1509 1234
1509 1202
1520 1202
1520 1185
1512 1185
1512 1182
1486 1182
1486 1112
1477 1112
1477 896
1467 896
1467 893
1460 893
1460 903
1459 903
1459 916
1441 916
1441 982
1440 982
1440 1174
1439 1174
1439 1115
1435 1115
1435 783
1436 783
1436 812
1446 812
1446 815
1523 815
1523 819
1494 819
1494 821
1499 821
1499 856
1539 856
1539 886
1549 886
1549 816
1571 816
1571 749
1579 749
1579 774
1588 774
1588 693
1587 693
1587 729
1582 729
1582 653
1577 653
1577 698
1575 698
1575 605
1574 605
1574 586
1551 586
1551 612
1558 612
1558 608
1569 608
1569 668
1566 668
1566 709
1568 709
1568 743
1563 743
1563 732
1547 732
1547 716
1529 716
1529 704
1528 704
1528 689
1532 689
1532 702
1534 702
1534 665
1533 665
1533 632
1511 632
1511 657
1516 657
1516 656
1518 656
1518 670
1521 670
1521 671
1519 671
1519 676
1526 676
1526 696
1527 696
1527 740
1553 740
1553 800
1554 800
1554 776
1560 776
1560 775
1562 775
1562 758
1565 758
1565 813
1507 813
1507 807
1491 807
1491 787
1474 787
1474 810
1458 810
1458 780
1434 780
1434 797
1425 797
1425 858
1426 858
1426 1066
1415 1066
1415 997
1411 997
1411 1010
1401 1010
1401 1017
1405 1017
1405 1021
1395 1021
1395 887
1245 887
1245 888
1287 888
1287 889
1223 889
1223 881
1249 881
1249 878
1269 878
1269 876
1254 876
1254 870
1250 870
1250 857
1206 857
1206 847
1243 847
1243 841
1182 841
1182 788
1185 788
1185 724
1180 724
1180 822
1172 822
1172 721
1171 721
1171 859
1177 859
1177 862
1178 862
1178 860
1205 860
1205 866
1170 866
1170 737
1161 737
1161 782
1167 782
1167 882
1190 882
1190 890
1394 890
1394 1024
1388 1024
1388 1188
1384 1188
1384 1257
1347 1257
1347 1218
1350 1218
1350 1201
1343 1201
1343 1204
1338 1204
1338 1241
1326 1241
1326 1211
1325 1211
1325 1287
1303 1287
1303 1350
1291 1350
1291 1358
1282 1358
1282 1317
1286 1317
1286 1312
1289 1312
1289 1207
1271 1207
1271 1150
1262 1150
1262 1132
1236 1132
1236 1120
1210 1120
1210 1100
1155 1100
1155 1090
1203 1090
1203 1078
1247 1078
1247 1082
1252 1082
1252 1089
1323 1089
1323 1008
1300 1008
1300 987
1312 987
1312 983
1322 983
1322 973
1293 973
1293 1051
1301 1051
1301 1026
1317 1026
1317 1011
1320 1011
1320 1074
1263 1074
1263 1012
1242 1012
1242 1043
1248 1043
1248 1049
1261 1049
1261 1075
1163 1075
1163 1072
1146 1072
1146 1063
1083 1063
1083 1265
1087 1265
1087 1240
1088 1240
1088 1205
1094 1205
1094 1190
1098 1190
1098 1561
1097 1561
1097 1835
1093 1835
1093 1824
1089 1824
1089 1641
1085 1641
1085 1564
1086 1564
1086 1513
1084 1513
1084 1647
1082 1647
1082 1567
1080 1567
1080 1849
1102 1849
1102 1906
1081 1906
1081 1921
1091 1921
1091 1930
1103 1930
1103 1535
1104 1535
1104 1367
1106 1367
1106 1978
1107 1978
1107 1943
1110 1943
1110 1739
1109 1739
1109 1645
1119 1645
1119 1783
1120 1783
1120 1832
1128 1832
1128 1874
1116 1874
1116 2152
1115 2152
1115 2176
1075 2176
1075 2205
1079 2205
1079 2206
1117 2206
1117 1905
1129 1905
1129 1917
1126 1917
1126 2274
1114 2274
1114 2277
1073 2277
1073 2265
1078 2265
1078 2257
1077 2257
1077 2249
1076 2249
1076 2240
1074 2240
1074 2227
1064 2227
1064 2241
1057 2241
1057 2211
1061 2211
1061 2020
1044 2020
1044 1949
1017 1949
1017 1911
1015 1911
1015 1761
1040 1761
1040 1750
1010 1750
1010 1914
1006 1914
1006 1751
1005 1751
1005 1749
1018 1749
1018 1625
1029 1625
1029 1701
1026 1701
1026 1712
1037 1712
1037 1663
1032 1663
1032 1449
1031 1449
1031 1622
1030 1622
1030 1404
1027 1404
1027 1620
1024 1620
1024 1585
1021 1585
1021 1401
1022 1401
1022 1152
1048 1152
1048 1173
1028 1173
1028 1175
1047 1175
1047 1210
1054 1210
1054 1242
1053 1242
1053 1251
1060 1251
1060 1222
1062 1222
1062 1094
1056 1094
1056 1080
1000 1080
1000 1050
998 1050
998 1018
994 1018
994 961
989 961
989 1035
987 1035
987 1040
985 1040
985 626
984 626
984 1069
981 1069
981 564
991 564
991 515
972 515
972 496
976 496
976 493
974 493
974 459
997 459
997 445
999 445
999 426
980 426
980 435
988 435
988 456
971 456
971 281
983 281
983 263
1034 263
1034 298
1051 298
1051 333
1039 333
1039 326
1007 326
1007 336
986 336
986 331
975 331
975 337
1013 337
1013 338
1070 338
1070 117
1092 117
1092 115
1122 115
1122 116
1140 116
1140 114
1136 114
1136 101
1133 101
1133 96
968 96
968 81
1545 81
1545 82
1578 82
1578 83
1550 83
1550 85
1235 85
1235 84
1211 84
1211 86
1179 86
1179 92
1152 92
1152 104
1201 104
1201 103
1334 103
1334 95
1363 95
1363 105
1397 105
1397 106
1433 106
1433 102
1390 102
1390 94
1328 94
1328 97
1232 97
1232 90
1196 90
1196 89
1387 89
1387 87
1515 87
1515 88
1584 88
1584 70
1603 70
1603 71
1604 71
1604 72
1610 72
1610 75
1606 75
1606 111
1611 111
1611 65
1767 65
1767 66
1778 66
1778 63
1790 63
1790 137
1765 137
1765 138
1792 138
1792 145
1773 145
1773 203
1763 203
1763 196
1760 196
1760 206
1806 206
1806 197
1819 197
1819 272
1808 272
1808 308
1813 308
1813 314
1815 314
1815 467
1818 467
1818 502
1801 502
1801 513
1784 513
1784 427
1788 427
1788 423
1803 423
1803 404
1791 404
1791 399
1802 399
1802 392
1793 392
1793 380
1768 380
1768 385
1759 385
1759 381
1750 381
1750 396
1754 396
1754 400
1770 400
1770 389
1787 389
1787 421
1776 421
1776 494
1748 494
1748 455
1762 455
1762 428
1743 428
1743 434
1747 434
1747 451
1735 451
1735 486
1734 486
1734 441
1733 441
1733 443
1677 443
1677 492
1685 492
1685 514
1668 514
1668 569
1674 569
1674 572
1661 572
1661 623
1676 623
1676 576
1675 576
1675 575
1686 575
1686 720
1679 720
1679 756
1730 756
1730 1160
1721 1160
1721 952
1720 952
1720 833
1682 833
1682 1349
1673 1349
1673 1142
1645 1142
1645 1141
1636 1141
1636 1137
1625 1137
1625 1062
1624 1062
1624 745
1623 745
1623 968
1622 968
1622 1165
1648 1165
1648 1256
1642 1256
1642 1334
1640 1334
1640 1330
1630 1330
1630 1337
1647 1337
1647 1420
1639 1420
1639 1397
1628 1397
1628 1365
1626 1365
1626 1679
1633 1679
1633 2021
1637 2021
1637 2086
1649 2086
1649 2150
1631 2150
1631 2103
1641 2103
1641 2087
1629 2087
1629 2151
1665 2151
1665 2196
1681 2196
1681 2192
1683 2192
1683 2194
1780 2194
1780 2190
1812 2190
1812 2181
1823 2181
1823 2182
1836 2182
1836 2284
1809 2284
1809 2275
1805 2275
1805 2269
1810 2269
1810 2267
1811 2267
1811 2219
1807 2219
1807 2226
1798 2226
1798 2291
1833 2291
1833 2299
1837 2299
1837 2189
1843 2189
1843 2390
1842 2390
1842 2450
1897 2450
1897 2446
1918 2446
1918 2428
1899 2428
1899 2419
1960 2419
1960 2460
1944 2460
1944 2464
1761 2464
1761 2451
1755 2451
1755 2441
1752 2441
1752 2436
1758 2436
1758 2401
1749 2401
1749 2304
1702 2304
1702 2309
1680 2309
1680 2312
1616 2312
1616 2279
1617 2279
1617 2175
1618 2175
1618 2069
1615 2069
1615 2217
1614 2217
1614 2407
1612 2407
1612 2417
1619 2417
1619 2321
1632 2321
1632 2325
1660 2325
1660 2331
1722 2331
1722 2308
1738 2308
1738 2359
1663 2359
1663 2361
1620 2361
1620 2381
1687 2381
1687 2391
1695 2391
1695 2362
1745 2362
1745 2465
1741 2465
1741 2471
1783 2471
1783 2469
1786 2469
1786 2468
1852 2468
1852 2475
2164 2475
2164 2456
2190 2456
2190 2453
2186 2453
2186 2445
2242 2445
2242 2448
2233 2448
2233 2459
2347 2459
2347 2461
2424 2461
2424 2458
2413 2458
2413 2444
2355 2444
2355 2439
2341 2439
2341 2442
2278 2442
2278 2455
2266 2455
2266 2449
2256 2449
2256 2440
2085 2440
2085 2467
1884 2467
1884 2466
1968 2466
1968 2424
1966 2424
1966 2404
1986 2404
1986 2406
2098 2406
2098 2405
2157 2405
2157 2396
2156 2396
2156 2393
2102 2393
2102 2398
1973 2398
1973 2392
1961 2392
1961 2399
2125 2399
2125 2403
1919 2403
1919 2379
1931 2379
1931 2387
1969 2387
1969 2372
2021 2372
2021 2368
2062 2368
2062 2370
2188 2370
2188 2363
2073 2363
2073 2366
1882 2366
1882 2376
1863 2376
1863 2394
1910 2394
1910 2384
1915 2384
1915 2411
1906 2411
1906 2397
1868 2397
1868 2416
1850 2416
1850 2203
1877 2203
1877 2209
1874 2209
1874 2212
1859 2212
1859 2220
1866 2220
1866 2262
1940 2262
1940 2263
2179 2263
2179 2264
1889 2264
1889 2266
2174 2266
2174 2341
2360 2341
2360 2340
2403 2340
2403 2329
2441 2329
2441 2317
2389 2317
2389 2316
2329 2316
2329 2320
2334 2320
2334 2339
2298 2339
2298 2334
2175 2334
2175 2326
2184 2326
2184 2306
2187 2306
2187 2286
2177 2286
2177 2280
2208 2280
2208 2282
2482 2282
2482 2292
2467 2292
2467 2307
2466 2307
2466 2484
2483 2484
2483 2482
2500 2482
2500 2480
2468 2480
2468 2300
2491 2300
2491 2272
2492 2272
2492 2215
2490 2215
2490 2199
2485 2199
2485 2107
2486 2107
2486 2030
2480 2030
2480 2007
2481 2007
2481 1984
2487 1984
2487 2092
2494 2092
2494 1999
2493 1999
2493 1958
2495 1958
2495 1912
2474 1912
2474 1901
2472 1901
2472 1933
2484 1933
2484 1940
2471 1940
2471 2082
2477 2082
2477 2033
2478 2033
2478 2201
2475 2201
2475 2210
2479 2210
2479 2235
2489 2235
2489 2294
2488 2294
2488 2278
2446 2278
2446 2258
2445 2258
2445 2222
2439 2222
2439 2177
2444 2177
2444 2130
2440 2130
2440 2066
2459 2066
2459 2018
2460 2018
2460 1938
2462 1938
2462 1929
2457 1929
2457 1983
2458 1983
2458 2029
2431 2029
2431 2120
2419 2120
2419 2061
2422 2061
2422 1954
2423 1954
2423 1745
2425 1745
2425 1689
2426 1689
2426 1898
2447 1898
2447 1955
2451 1955
2451 1953
2448 1953
2448 1948
2452 1948
2452 1910
2450 1910
2450 1684
2449 1684
2449 1880
2436 1880
2436 1671
2434 1671
2434 1765
2432 1765
2432 1894
2427 1894
2427 1815
2430 1815
2430 1735
2429 1735
2429 1656
2421 1656
2421 1724
2420 1724
2420 1666
2417 1666
2417 1945
2416 1945
2416 1520
2370 1520
2370 1518
2293 1518
2293 1528
2274 1528
2274 1405
2265 1405
2265 1343
2253 1343
2253 1297
2289 1297
2289 1279
2294 1279
2294 1276
2270 1276
2270 1226
2287 1226
2287 1223
2251 1223
2251 1490
2254 1490
2254 1482
2255 1482
2255 1347
2257 1347
2257 1496
2267 1496
2267 1531
2261 1531
2261 1597
2248 1597
2248 1354
2240 1354
2240 1348
2239 1348
2239 1042
2295 1042
2295 1044
2300 1044
2300 1353
2301 1353
2301 1295
2327 1295
2327 1228
2326 1228
2326 1096
2331 1096
2331 1087
2352 1087
2352 994
2351 994
2351 901
2354 901
2354 832
2350 832
2350 719
2356 719
2356 747
2368 747
2368 761
2375 761
2375 828
2357 828
2357 853
2364 853
2364 867
2376 867
2376 863
2379 863
2379 871
2358 871
2358 1020
2359 1020
2359 1055
2397 1055
2397 1033
2373 1033
2373 938
2371 938
2371 879
2387 879
2387 805
2395 805
2395 697
2396 697
2396 568
2393 568
2393 713
2394 713
2394 715
2391 715
2391 436
2390 436
2390 373
2384 373
2384 413
2320 413
2320 403
2268 403
2268 397
2246 397
2246 409
2290 409
2290 414
2369 414
2369 416
2385 416
2385 789
2377 789
2377 616
2383 616
2383 599
2382 599
2382 429
2374 429
2374 440
2332 440
2332 464
2335 464
2335 469
2336 469
2336 483
2325 483
2325 470
2322 470
2322 480
2309 480
2309 501
2318 501
2318 495
2337 495
2337 477
2344 477
2344 476
2340 476
2340 461
2378 461
2378 482
2381 482
2381 580
2366 580
2366 613
2365 613
2365 655
2339 655
2339 609
2305 609
2305 629
2308 629
2308 839
2299 839
2299 840
2311 840
2311 852
2304 852
2304 951
2319 951
2319 923
2323 923
2323 764
2312 764
2312 638
2328 638
2328 739
2333 739
2333 658
2330 658
2330 627
2338 627
2338 892
2342 892
2342 694
2346 694
2346 1065
2324 1065
2324 1189
2316 1189
2316 957
2315 957
2315 1126
2313 1126
2313 1238
2314 1238
2314 1290
2307 1290
2307 1200
2310 1200
2310 1118
2306 1118
2306 956
2280 956
2280 989
2258 989
2258 940
2276 940
2276 587
2275 587
2275 831
2273 831
2273 708
2272 708
2272 936
2263 936
2263 552
2245 552
2245 551
2264 551
2264 550
2231 550
2231 635
2226 635
2226 584
2216 584
2216 567
2202 567
2202 648
2243 648
2243 606
2259 606
2259 583
2262 583
2262 848
2247 848
2247 875
2223 875
2223 883
2212 883
2212 835
2205 835
2205 872
2203 872
2203 742
2200 742
2200 905
2209 905
2209 902
2252 902
2252 978
2201 978
2201 990
2210 990
2210 995
2236 995
2236 991
2296 991
2296 970
2303 970
2303 1088
2302 1088
2302 1032
2238 1032
2238 1000
2235 1000
2235 1229
2229 1229
2229 1355
2244 1355
2244 1538
2228 1538
2228 1540
2237 1540
2237 1590
2225 1590
2225 1503
2217 1503
2217 1571
2206 1571
2206 1537
2204 1537
2204 1584
2207 1584
2207 1737
2234 1737
2234 1787
2221 1787
2221 1758
2215 1758
2215 1825
2218 1825
2218 1762
2220 1762
2220 1791
2232 1791
2232 1820
2222 1820
2222 1826
2199 1826
2199 1813
2195 1813
2195 1941
2191 1941
2191 1970
2193 1970
2193 1973
2198 1973
2198 1967
2197 1967
2197 1870
2196 1870
2196 1831
2241 1831
2241 1727
2249 1727
2249 1731
2271 1731
2271 1859
2292 1859
2292 1840
2353 1840
2353 1843
2362 1843
2362 1837
2361 1837
2361 1792
2386 1792
2386 1782
2363 1782
2363 1717
2372 1717
2372 1710
2367 1710
2367 1698
2392 1698
2392 1688
2380 1688
2380 1686
2343 1686
2343 1714
2345 1714
2345 1784
2348 1784
2348 1781
2349 1781
2349 1838
2286 1838
2286 1839
2277 1839
2277 1806
2279 1806
2279 1788
2281 1788
2281 1767
2283 1767
2283 1746
2285 1746
2285 1708
2250 1708
2250 1725
2213 1725
2213 1685
2211 1685
2211 1592
2219 1592
2219 1601
2227 1601
2227 1602
2269 1602
2269 1542
2291 1542
2291 1541
2412 1541
2412 1549
2406 1549
2406 1557
2321 1557
2321 1566
2405 1566
2405 1616
2398 1616
2398 1733
2407 1733
2407 1702
2410 1702
2410 1579
2415 1579
2415 1808
2404 1808
2404 1865
2411 1865
2411 1887
2400 1887
2400 1928
2414 1928
2414 2070
2418 2070
2418 2111
2408 2111
2408 2068
2401 2068
2401 2056
2399 2056
2399 2109
2402 2109
2402 2123
2409 2123
2409 2141
2428 2141
2428 2147
2433 2147
2433 2090
2435 2090
2435 2213
2438 2213
2438 2273
2194 2273
2194 2261
1893 2261
1893 2251
1903 2251
1903 2248
1974 2248
1974 2259
2185 2259
2185 2234
2113 2234
2113 2254
2163 2254
2163 2255
2089 2255
2089 2239
2088 2239
2088 2237
2086 2237
2086 2256
2045 2256
2045 2252
2080 2252
2080 2247
2010 2247
2010 2246
1964 2246
1964 2244
1925 2244
1925 2245
1878 2245
1878 2200
1896 2200
1896 1989
1917 1989
1917 1996
1921 1996
1921 1959
1922 1959
1922 2140
1932 2140
1932 2136
1979 2136
1979 2157
1920 2157
1920 2158
1951 2158
1951 2159
1972 2159
1972 2224
2002 2224
2002 2187
2054 2187
2054 2214
2087 2214
2087 2207
2066 2207
2066 2114
2061 2114
2061 2044
2051 2044
2051 2031
2048 2031
2048 2010
2075 2010
2075 2009
2082 2009
2082 2008
2136 2008
2136 2013
2090 2013
2090 2108
2093 2108
2093 2037
2097 2037
2097 2223
2120 2223
2120 2094
2121 2094
2121 2036
2141 2036
2141 2118
2150 2118
2150 2060
2155 2060
2155 2063
2161 2063
2161 2022
2171 2022
2171 2198
2173 2198
2173 2015
2167 2015
2167 2003
2047 2003
2047 2131
2057 2131
2057 2183
1985 2183
1985 2097
2011 2097
2011 2055
1926 2055
1926 2067
1959 2067
1959 2077
1933 2077
1933 2085
1983 2085
1983 2117
1975 2117
1975 2089
1924 2089
1924 1937
1939 1937
1939 1939
2020 1939
2020 1935
1989 1935
1989 1932
2055 1932
2055 1888
2056 1888
2056 1803
2053 1803
2053 1743
2058 1743
2058 1507
2038 1507
2038 1452
2070 1452
2070 1441
2040 1441
2040 1434
2033 1434
2033 1400
2063 1400
2063 1395
2117 1395
2117 1329
2122 1329
2122 1314
2131 1314
2131 1461
2128 1461
2128 1773
2127 1773
2127 1444
2119 1444
2119 1456
2067 1456
2067 1497
2099 1497
2099 1466
2100 1466
2100 1487
2103 1487
2103 1573
2110 1573
2110 1493
2115 1493
2115 1488
2124 1488
2124 1828
2142 1828
2142 1851
2149 1851
2149 1834
2152 1834
2152 1776
2144 1776
2144 1716
2153 1716
2153 1660
2154 1660
2154 1171
2147 1171
2147 1333
2146 1333
2146 1380
2137 1380
2137 1399
2151 1399
2151 1439
2148 1439
2148 1631
2143 1631
2143 1827
2140 1827
2140 1789
2129 1789
2129 1718
2134 1718
2134 1600
2135 1600
2135 1532
2133 1532
2133 1159
2130 1159
2130 1283
2118 1283
2118 1060
2104 1060
2104 1038
2096 1038
2096 1061
2105 1061
2105 1161
2108 1161
2108 1106
2109 1106
2109 1109
2116 1109
2116 1296
2112 1296
2112 1300
2095 1300
2095 563
2094 563
2094 1322
2107 1322
2107 1335
2072 1335
2072 823
2077 823
2077 757
2076 757
2076 462
2079 462
2079 425
2078 425
2078 387
2139 387
2139 395
2168 395
2168 375
2170 375
2170 347
2169 347
2169 250
2138 250
2138 209
2145 209
2145 189
2180 189
2180 364
2182 364
2182 294
2183 294
2183 243
2181 243
2181 183
2166 183
2166 166
2160 166
2160 186
2132 186
2132 204
2123 204
2123 216
2101 216
2101 175
2106 175
2106 164
2091 164
2091 157
2084 157
2084 161
2019 161
2019 152
1949 152
1949 154
1937 154
1937 150
2013 150
2013 143
1930 143
1930 260
1935 260
1935 344
1936 344
1936 273
1941 273
1941 542
1942 542
1942 603
1943 603
1943 846
1965 846
1965 836
2007 836
2007 830
1967 830
1967 829
1955 829
1955 820
2006 820
2006 802
1976 802
1976 772
2001 772
2001 752
1982 752
1982 733
2004 733
2004 727
1992 727
1992 582
2000 582
2000 559
1980 559
1980 577
1978 577
1978 491
2060 491
2060 490
2044 490
2044 489
1997 489
1997 473
1995 473
1995 454
1981 454
1981 422
1971 422
1971 509
1958 509
1958 432
1952 432
1952 510
1977 510
1977 614
1970 614
1970 798
1950 798
1950 388
1948 388
1948 402
1945 402
1945 335
1947 335
1947 190
1946 190
1946 185
1962 185
1962 370
1963 370
1963 170
1957 170
1957 156
1956 156
1956 155
1993 155
1993 169
1990 169
1990 225
1991 225
1991 291
1996 291
1996 188
2036 188
2036 165
2064 165
2064 258
2159 258
2159 322
2162 322
2162 383
2158 383
2158 372
2126 372
2126 384
2081 384
2081 330
2083 330
2083 311
2074 311
2074 803
2071 803
2071 955
2068 955
2068 1383
2069 1383
2069 1393
2046 1393
2046 1351
2059 1351
2059 1313
2043 1313
2043 1236
2035 1236
2035 1209
2065 1209
2065 1181
2049 1181
2049 1192
2030 1192
2030 1264
2022 1264
2022 1321
2029 1321
2029 1411
2025 1411
2025 1525
2014 1525
2014 1623
2005 1623
2005 1627
1929 1627
1929 1629
2026 1629
2026 1635
1988 1635
1988 1648
1913 1648
1913 1485
1914 1485
1914 1484
1912 1484
1912 1550
1911 1550
1911 1611
1904 1611
1904 1327
1909 1327
1909 1172
1898 1172
1898 1130
1870 1130
1870 1111
1867 1111
1867 1145
1885 1145
1885 1178
1907 1178
1907 1301
1905 1301
1905 1303
1894 1303
1894 1259
1890 1259
1890 1273
1883 1273
1883 1252
1873 1252
1873 1262
1864 1262
1864 1308
1902 1308
1902 1309
1900 1309
1900 1462
1901 1462
1901 1650
1880 1650
1880 1630
1865 1630
1865 1662
1908 1662
1908 1672
1923 1672
1923 1654
1938 1654
1938 1649
2016 1649
2016 1757
1998 1757
1998 1766
2009 1766
2009 1794
2012 1794
2012 1778
2017 1778
2017 1805
1999 1805
1999 1842
1934 1842
1934 1847
2003 1847
2003 1821
2018 1821
2018 1810
2023 1810
2023 1819
2028 1819
2028 1492
2027 1492
2027 1446
2031 1446
2031 1547
2034 1547
2034 1760
2037 1760
2037 1817
2039 1817
2039 1652
2042 1652
2042 1598
2041 1598
2041 1574
2052 1574
2052 1872
2050 1872
2050 1892
2015 1892
2015 1895
2032 1895
2032 1903
1984 1903
1984 1885
1927 1885
1927 1920
1953 1920
1953 1915
2008 1915
2008 1931
1928 1931
1928 1927
1895 1927
1895 1848
1888 1848
1888 1797
1886 1797
1886 1833
1876 1833
1876 1846
1871 1846
1871 2042
1869 2042
1869 2051
1875 2051
1875 1981
1879 1981
1879 1923
1887 1923
1887 1876
1892 1876
1892 2115
1891 2115
1891 2155
1881 2155
1881 2099
1872 2099
1872 2171
1831 2171
1831 2164
1862 2164
1862 2163
1814 2163
1814 2161
1785 2161
1785 2149
1789 2149
1789 2145
1772 2145
1772 2138
1800 2138
1800 2125
1797 2125
1797 2104
1795 2104
1795 2112
1771 2112
1771 2142
1751 2142
1751 2169
1769 2169
1769 2167
1774 2167
1774 2180
1746 2180
1746 2000
1744 2000
1744 1893
1742 1893
1742 2188
1723 2188
1723 2173
1669 2173
1669 2110
1658 2110
1658 2065
1664 2065
1664 2062
1653 2062
1653 2002
1657 2002
1657 1986
1635 1986
1635 1607
1643 1607
1643 1524
1646 1524
1646 1618
1644 1618
1644 1713
1650 1713
1650 1755
1659 1755
1659 1742
1655 1742
1655 1606
1654 1606
1654 1457
1652 1457
1652 1245
1651 1245
1651 1148
1656 1148
1656 1179
1666 1179
1666 1198
1667 1198
1667 1362
1662 1362
1662 1394
1671 1394
1671 1413
1670 1413
1670 1428
1678 1428
1678 1425
1672 1425
1672 1396
1684 1396
1684 1246
1693 1246
1693 1070
1696 1070
1696 845
1709 845
1709 843
1711 843
1711 844
1718 844
1718 965
1714 965
1714 884
1713 884
1713 926
1710 926
1710 985
1719 985
1719 1167
1700 1167
1700 1237
1717 1237
1717 1356
1705 1356
1705 1294
1704 1294
1704 1239
1703 1239
1703 1254
1699 1254
1699 1320
1701 1320
1701 1418
1712 1418
1712 1427
1724 1427
1724 1494
1737 1494
1737 1489
1726 1489
1726 1213
1706 1213
1706 1186
1731 1186
1731 1119
1736 1119
1736 1039
1739 1039
1739 755
1708 755
1708 734
1716 734
1716 686
1732 686
1732 679
1707 679
1707 711
1689 711
1689 637
1694 637
1694 557
1691 557
1691 547
1692 547
1692 447
1697 447
1697 602
1698 602
1698 450
1725 450
1725 479
1728 479
1728 573
1727 573
1727 644
1740 644
1740 617
1729 617
1729 516
1753 516
1753 535
1764 535
1764 532
1766 532
1766 508
1777 508
1777 475
1782 475
1782 522
1775 522
1775 554
1779 554
1779 524
1860 524
1860 371
1861 371
1861 211
1858 211
1858 151
1847 151
1847 139
1845 139
1845 148
1844 148
1844 270
1853 270
1853 238
1854 238
1854 229
1849 229
1849 153
1855 153
1855 390
1841 390
1841 124
1838 124
1838 167
1839 167
1839 168
1835 168
1835 69
1830 69
1830 118
1834 118
1834 245
1832 245
1832 255
1829 255
1829 354
1840 354
1840 401
1856 401
1856 275
1857 275
1857 484
1846 484
1846 504
1851 504
1851 520
1804 520
1804 519
1820 519
1820 391
1826 391
1826 407
1827 407
1827 374
1816 374
1816 365
1828 365
1828 257
1824 257
1824 235
1825 235
1825 163
1821 163
1821 181
1781 181
1781 158
1794 158
1794 91
1796 91
1796 93
1799 93
1799 53
1715 53
1715 49
2288 49
2288 37
2297 37
2297 51
2317 51
2317 36
2284 36
2284 31
2230 31
2230 21
2192 21
2192 17
2214 17
2214 7
2388 7
2388 11
2437 11
2437 35
2461 35
2461 42
2443 42
2443 56
2464 56
2464 28
2470 28
2470 52
2473 52
2473 38
2496 38
2496 44
2497 44
2497 62
2499 62
2499 43
2498 43
2498 15
2476 15
2476 13
2456 13
2456 24
2463 24
2463 34
2442 34
2442 16
2455 16
2455 8
2469 8
2469 5
2465 5
2465 4
2454 4
2454 9
2453 9
2453 6
2178 6
2178 3
2176 3
2176 19
2172 19
2172 18
1987 18
1987 22
1916 22
1916 26
1994 26
1994 27
1848 27
1848 12
1817 12
1817 20
1757 20
1757 14
1756 14
1756 29
1954 29
1954 32
2092 32
2092 30
2165 30
2165 25
2024 25
2024 23
2224 23
2224 40
1822 40
1822 45
2111 45
2111 41
2189 41
2189 46
2260 46
2260 39
2282 39
2282 48
2114 48
2114 47
1688 47
1688 54
1634 54
1634 55
1627 55
1627 58
1638 58
1638 61
1690 61
1690 64
1609 64
1609 60
1613 60
1613 33
1621 33
1621 2
1602 2
1602 1
