614
297 1681
297 1683
298 1683
298 1722
296 1722
296 1852
294 1852
294 1982
281 1982
281 1993
280 1993
280 1994
295 1994
295 2019
258 2019
258 1966
249 1966
249 1979
250 1979
250 2034
267 2034
267 2047
410 2047
410 2024
449 2024
449 2028
419 2028
419 2083
432 2083
432 2096
414 2096
414 2127
372 2127
372 2126
236 2126
236 2046
223 2046
223 2133
202 2133
202 2179
231 2179
231 2343
216 2343
216 2354
212 2354
212 2377
205 2377
205 2344
192 2344
192 2356
166 2356
166 2270
156 2270
156 2283
151 2283
151 2290
145 2290
145 2001
142 2001
142 2327
124 2327
124 2197
141 2197
141 1971
144 1971
144 1975
173 1975
173 1946
183 1946
183 1992
175 1992
175 2057
186 2057
186 1860
187 1860
187 1857
191 1857
191 1799
182 1799
182 1696
195 1696
195 1636
161 1636
161 1614
190 1614
190 1610
165 1610
165 1556
160 1556
160 1644
150 1644
150 1539
169 1539
169 1113
168 1113
168 1502
148 1502
148 1543
146 1543
146 1260
139 1260
139 1098
98 1098
98 1086
109 1086
109 1014
137 1014
137 1058
155 1058
155 1005
90 1005
90 1125
89 1125
89 1124
88 1124
88 979
86 979
86 1059
85 1059
85 967
60 967
60 998
36 998
36 770
39 770
39 914
59 914
59 907
51 907
51 769
42 769
42 750
35 750
35 834
33 834
33 722
49 722
49 738
97 738
97 703
104 703
104 685
103 685
103 691
83 691
83 651
170 651
170 690
133 690
133 717
162 717
162 767
172 767
172 874
193 874
193 898
194 898
194 771
199 771
199 701
207 701
207 741
211 741
211 699
189 699
189 682
177 682
177 660
219 660
219 598
188 598
188 578
147 578
147 597
130 597
130 545
226 545
226 900
225 900
225 842
220 842
220 913
228 913
228 591
229 591
229 944
210 944
210 984
230 984
230 864
232 864
232 523
176 523
176 517
120 517
120 533
57 533
57 574
23 574
23 744
28 744
28 680
27 680
27 604
32 604
32 628
58 628
58 537
167 537
167 529
217 529
217 543
171 543
171 544
126 544
126 634
100 634
100 639
158 639
158 615
181 615
181 624
209 624
209 630
184 630
184 636
197 636
197 645
204 645
204 650
71 650
71 669
73 669
73 728
52 728
52 718
31 718
31 808
29 808
29 976
25 976
25 966
26 966
26 927
17 927
17 1360
20 1360
20 1519
30 1519
30 1544
34 1544
34 1500
22 1500
22 1458
21 1458
21 1164
19 1164
19 934
24 934
24 1022
65 1022
65 1003
84 1003
84 1036
82 1036
82 1031
79 1031
79 1048
80 1048
80 1110
69 1110
69 1027
68 1027
68 1151
70 1151
70 1169
99 1169
99 1146
92 1146
92 1117
101 1117
101 1108
128 1108
128 1138
135 1138
135 1357
114 1357
114 1605
111 1605
111 1588
113 1588
113 1447
106 1447
106 1675
93 1675
93 1680
117 1680
117 1455
134 1455
134 1431
131 1431
131 1388
138 1388
138 1498
140 1498
140 1665
152 1665
152 1695
153 1695
153 1703
157 1703
157 1677
163 1677
163 1668
179 1668
179 1899
107 1899
107 1925
105 1925
105 1936
159 1936
159 1942
143 1942
143 1951
149 1951
149 1960
123 1960
123 1976
129 1976
129 1985
132 1985
132 2076
125 2076
125 2185
115 2185
115 2154
122 2154
122 2106
118 2106
118 2017
116 2017
116 1988
112 1988
112 2098
108 2098
108 2148
81 2148
81 2093
87 2093
87 2014
91 2014
91 1786
74 1786
74 1780
64 1780
64 1770
62 1770
62 1944
53 1944
53 1956
50 1956
50 1990
48 1990
48 2016
54 2016
54 2038
47 2038
47 1962
44 1962
44 2121
55 2121
55 2281
45 2281
45 2276
43 2276
43 2054
40 2054
40 2146
37 2146
37 2184
38 2184
38 2186
41 2186
41 2285
56 2285
56 2100
61 2100
61 2322
46 2322
46 2348
95 2348
95 2336
96 2336
96 2335
76 2335
76 2319
67 2319
67 2289
63 2289
63 1869
72 1869
72 1850
66 1850
66 1816
75 1816
75 1980
77 1980
77 2195
78 2195
78 2191
110 2191
110 2287
121 2287
121 2365
119 2365
119 2382
178 2382
178 2380
201 2380
201 2429
208 2429
208 2431
218 2431
218 2345
235 2345
235 2301
238 2301
238 2491
102 2491
102 2492
11 2492
11 2493
13 2493
13 2496
3 2496
3 2498
1 2498
1 2500
2 2500
2 2499
15 2499
15 2495
136 2495
136 2497
242 2497
242 2494
246 2494
246 2425
241 2425
241 2418
244 2418
244 2353
289 2353
289 2355
308 2355
308 2371
272 2371
272 2374
324 2374
324 2457
319 2457
319 2427
309 2427
309 2383
293 2383
293 2395
291 2395
291 2433
305 2433
305 2479
327 2479
327 2435
389 2435
389 2422
393 2422
393 2430
394 2430
394 2472
397 2472
397 2447
400 2447
400 2487
429 2487
429 2462
444 2462
444 2443
451 2443
451 2426
468 2426
468 2423
474 2423
474 2437
484 2437
484 2477
503 2477
503 2485
504 2485
504 2452
509 2452
509 2421
417 2421
417 2474
416 2474
416 2438
404 2438
404 2385
364 2385
364 2412
367 2412
367 2432
349 2432
349 2415
326 2415
326 2414
336 2414
336 2388
355 2388
355 2349
253 2349
253 2346
260 2346
260 2337
248 2337
248 2315
276 2315
276 2293
262 2293
262 2288
247 2288
247 2351
301 2351
301 2352
243 2352
243 2367
240 2367
240 2172
203 2172
203 2135
245 2135
245 2139
252 2139
252 2202
259 2202
259 2132
224 2132
224 2084
227 2084
227 2129
378 2129
378 2128
437 2128
437 2122
471 2122
471 2137
368 2137
368 2156
440 2156
440 2160
356 2160
356 2166
433 2166
433 2170
461 2170
461 2168
448 2168
448 2162
443 2162
443 2153
477 2153
477 2081
441 2081
441 2075
464 2075
464 2073
450 2073
450 2035
478 2035
478 2023
392 2023
392 2025
391 2025
391 2027
363 2027
363 2012
358 2012
358 2039
398 2039
398 2032
403 2032
403 2040
331 2040
331 2045
304 2045
304 1987
299 1987
299 1856
300 1856
300 1682
321 1682
321 1692
329 1692
329 1704
306 1704
306 1769
322 1769
322 1862
307 1862
307 1881
338 1881
338 1864
339 1864
339 1854
335 1854
335 1681
