130
10 28
10 34
9 34
9 62
8 62
8 75
11 75
11 85
4 85
4 83
1 83
1 91
7 91
7 98
13 98
13 55
16 55
16 43
14 43
14 36
15 36
15 31
22 31
22 80
20 80
20 90
19 90
19 92
26 92
26 96
35 96
35 18
36 18
36 95
37 95
37 56
38 56
38 63
39 63
39 67
40 67
40 87
44 87
44 37
61 37
61 86
59 86
59 74
57 74
57 50
56 50
56 59
53 59
53 78
45 78
45 97
47 97
47 99
55 99
55 100
67 100
67 94
49 94
49 89
64 89
64 88
65 88
65 82
63 82
63 35
60 35
60 17
62 17
62 26
74 26
74 27
77 27
77 30
75 30
75 48
71 48
71 38
69 38
69 54
72 54
72 61
89 61
89 58
98 58
98 73
97 73
97 71
76 71
76 76
99 76
99 57
82 57
82 53
84 53
84 49
78 49
78 40
91 40
91 39
96 39
96 24
100 24
100 23
83 23
83 16
54 16
54 32
50 32
50 33
43 33
43 60
41 60
41 8
33 8
33 20
34 20
34 93
27 93
27 81
24 81
24 47
32 47
32 46
29 46
29 28
