90
24 6
24 7
25 7
25 15
8 15
8 18
4 18
4 30
1 30
1 36
2 36
2 41
3 41
3 44
6 44
6 46
5 46
5 47
7 47
7 50
9 50
9 24
11 24
11 38
12 38
12 31
14 31
14 19
13 19
13 16
26 16
26 12
30 12
30 20
21 20
21 21
31 21
31 23
15 23
15 48
28 48
28 45
35 45
35 49
36 49
36 43
29 43
29 40
18 40
18 42
16 42
16 29
17 29
17 28
20 28
20 26
22 26
22 25
44 25
44 9
46 9
46 10
45 10
45 22
47 22
47 32
27 32
27 34
38 34
38 33
39 33
39 37
40 37
40 39
43 39
43 35
49 35
49 27
50 27
50 17
48 17
48 4
42 4
42 3
41 3
41 2
37 2
37 8
33 8
33 6
