234
347 2416
347 2397
361 2397
361 2394
310 2394
310 2309
275 2309
275 2369
248 2369
248 2373
252 2373
252 2374
239 2374
239 2365
233 2365
233 2335
237 2335
237 2324
204 2324
204 2337
197 2337
197 2372
111 2372
111 2344
68 2344
68 2303
73 2303
73 2289
72 2289
72 2156
74 2156
74 2143
79 2143
79 2168
78 2168
78 2226
97 2226
97 2104
100 2104
100 2049
103 2049
103 2002
105 2002
105 1994
128 1994
128 1971
65 1971
65 1963
25 1963
25 1962
9 1962
9 1848
26 1848
26 1831
29 1831
29 1801
30 1801
30 1782
28 1782
28 1764
40 1764
40 1635
42 1635
42 1625
46 1625
46 1590
106 1590
106 1589
35 1589
35 1588
93 1588
93 1586
41 1586
41 1581
1 1581
1 1587
34 1587
34 1610
33 1610
33 1663
39 1663
39 1664
37 1664
37 1762
24 1762
24 1796
22 1796
22 1729
20 1729
20 1709
18 1709
18 1662
21 1662
21 1632
27 1632
27 1611
13 1611
13 1602
11 1602
11 1615
15 1615
15 1719
12 1719
12 1698
14 1698
14 1674
10 1674
10 1754
19 1754
19 1821
17 1821
17 1802
7 1802
7 1965
6 1965
6 1967
58 1967
58 1970
4 1970
4 1597
2 1597
2 1607
3 1607
3 1973
122 1973
122 1974
84 1974
84 2035
86 2035
86 2040
96 2040
96 2160
95 2160
95 2203
91 2203
91 2128
49 2128
49 2272
45 2272
45 2310
52 2310
52 2389
50 2389
50 2438
87 2438
87 2442
108 2442
108 2455
263 2455
263 2457
160 2457
160 2458
244 2458
244 2462
270 2462
270 2451
269 2451
269 2454
228 2454
228 2449
208 2449
208 2450
132 2450
132 2452
170 2452
170 2453
125 2453
125 2423
119 2423
119 2431
59 2431
59 2349
71 2349
71 2361
77 2361
77 2380
140 2380
140 2381
69 2381
69 2388
64 2388
64 2420
90 2420
90 2391
109 2391
109 2387
89 2387
89 2384
219 2384
219 2326
221 2326
221 2363
226 2363
226 2379
258 2379
258 2392
220 2392
220 2404
279 2404
279 2401
281 2401
281 2403
285 2403
285 2350
277 2350
277 2314
296 2314
296 2327
306 2327
306 2328
294 2328
294 2346
297 2346
297 2408
308 2408
308 2422
319 2422
319 2427
311 2427
311 2430
352 2430
352 2419
405 2419
405 2448
442 2448
442 2425
428 2425
428 2436
431 2436
431 2444
427 2444
427 2433
409 2433
409 2416
