2322
1324 686
1324 683
1305 683
1305 545
1088 545
1088 553
1086 553
1086 586
1083 586
1083 594
1079 594
1079 643
1087 643
1087 703
1134 703
1134 867
1090 867
1090 959
1168 959
1168 969
1183 969
1183 999
1242 999
1242 988
1193 988
1193 987
1215 987
1215 985
1274 985
1274 986
1259 986
1259 996
1282 996
1282 993
1310 993
1310 1028
1309 1028
1309 1029
1111 1029
1111 1030
1101 1030
1101 1042
1100 1042
1100 1044
1116 1044
1116 1049
1071 1049
1071 1088
1070 1088
1070 1081
1054 1081
1054 1104
1023 1104
1023 1055
1015 1055
1015 1010
1012 1010
1012 974
1013 974
1013 901
1003 901
1003 877
994 877
994 913
901 913
901 975
884 975
884 970
874 970
874 813
880 813
880 788
886 788
886 684
891 684
891 646
828 646
828 378
843 378
843 480
833 480
833 511
848 511
848 473
847 473
847 351
850 351
850 364
853 364
853 622
883 622
883 610
872 610
872 581
861 581
861 614
854 614
854 491
863 491
863 542
866 542
866 544
876 544
876 536
878 536
878 529
887 529
887 441
856 441
856 395
895 395
895 402
892 402
892 495
896 495
896 353
907 353
907 409
908 409
908 311
900 311
900 302
875 302
875 313
881 313
881 335
851 335
851 349
840 349
840 375
809 375
809 743
808 743
808 745
802 745
802 811
814 811
814 502
813 502
813 418
825 418
825 572
822 572
822 823
817 823
817 868
819 868
819 840
836 840
836 817
826 817
826 693
831 693
831 647
890 647
890 680
870 680
870 651
849 651
849 671
852 671
852 676
838 676
838 795
839 795
839 717
860 717
860 780
862 780
862 865
865 865
865 897
869 897
869 930
803 930
803 933
868 933
868 989
846 989
846 990
903 990
903 939
905 939
905 964
960 964
960 1007
928 1007
928 1012
966 1012
966 953
949 953
949 954
917 954
917 915
1008 915
1008 1011
1006 1011
1006 936
1002 936
1002 957
997 957
997 1062
1005 1062
1005 1069
935 1069
935 1086
941 1086
941 1071
991 1071
991 1089
1017 1089
1017 1112
1021 1112
1021 1140
1034 1140
1034 1146
1035 1146
1035 1125
1042 1125
1042 1136
1050 1136
1050 1120
1057 1120
1057 1108
1067 1108
1067 1123
1082 1123
1082 1127
1098 1127
1098 1106
1114 1106
1114 1134
1113 1134
1113 1172
1125 1172
1125 1129
1139 1129
1139 1105
1117 1105
1117 1098
1133 1098
1133 1079
1123 1079
1123 1054
1106 1054
1106 1074
1074 1074
1074 1053
1131 1053
1131 1040
1105 1040
1105 1038
1146 1038
1146 1036
1119 1036
1119 1034
1236 1034
1236 1131
1262 1131
1262 1147
1306 1147
1306 1154
1322 1154
1322 1133
1273 1133
1273 1117
1261 1117
1261 1087
1327 1087
1327 1063
1320 1063
1320 1084
1299 1084
1299 1082
1275 1082
1275 1064
1289 1064
1289 1059
1301 1059
1301 1052
1248 1052
1248 1041
1238 1041
1238 1032
1247 1032
1247 1033
1314 1033
1314 998
1328 998
1328 977
1290 977
1290 973
1214 973
1214 979
1211 979
1211 971
1348 971
1348 1048
1361 1048
1361 1077
1353 1077
1353 1083
1340 1083
1340 1099
1336 1099
1336 1116
1341 1116
1341 1090
1357 1090
1357 1122
1343 1122
1343 1124
1345 1124
1345 1173
1359 1173
1359 1198
1409 1198
1409 1181
1588 1181
1588 1170
1650 1170
1650 1139
1688 1139
1688 1138
1630 1138
1630 1137
1610 1137
1610 1100
1757 1100
1757 1080
1869 1080
1869 1058
1964 1058
1964 1073
1961 1073
1961 1111
1971 1111
1971 1200
1991 1200
1991 1214
1985 1214
1985 1280
1987 1280
1987 1297
2003 1297
2003 1310
2019 1310
2019 1360
2020 1360
2020 1426
2013 1426
2013 1445
2012 1445
2012 1427
2011 1427
2011 1363
2007 1363
2007 1417
2008 1417
2008 1452
2018 1452
2018 1439
2021 1439
2021 1374
2027 1374
2027 1436
2068 1436
2068 1449
2081 1449
2081 1465
2094 1465
2094 1431
2092 1431
2092 1399
2098 1399
2098 1385
2119 1385
2119 1378
2225 1378
2225 1369
2271 1369
2271 1380
2286 1380
2286 1386
2273 1386
2273 1387
2206 1387
2206 1392
2233 1392
2233 1396
2242 1396
2242 1393
2272 1393
2272 1398
2285 1398
2285 1400
2287 1400
2287 1383
2305 1383
2305 1420
2217 1420
2217 1469
2218 1469
2218 1499
2329 1499
2329 1493
2357 1493
2357 1506
2336 1506
2336 1544
2322 1544
2322 1554
2295 1554
2295 1558
2122 1558
2122 1557
2149 1557
2149 1555
2191 1555
2191 1552
2260 1552
2260 1539
2173 1539
2173 1538
2186 1538
2186 1536
2120 1536
2120 1537
2121 1537
2121 1540
2109 1540
2109 1534
2115 1534
2115 1527
2108 1527
2108 1515
2078 1515
2078 1505
2104 1505
2104 1504
2162 1504
2162 1510
2175 1510
2175 1500
2075 1500
2075 1512
2070 1512
2070 1514
2069 1514
2069 1519
2071 1519
2071 1516
2093 1516
2093 1529
2102 1529
2102 1564
2111 1564
2111 1545
2125 1545
2125 1543
2174 1543
2174 1550
2114 1550
2114 1563
2140 1563
2140 1562
2221 1562
2221 1560
2303 1560
2303 1566
2358 1566
2358 1559
2371 1559
2371 1549
2413 1549
2413 1547
2405 1547
2405 1542
2412 1542
2412 1530
2408 1530
2408 1488
2457 1488
2457 1492
2454 1492
2454 1496
2479 1496
2479 1577
2477 1577
2477 1591
2460 1591
2460 1614
2463 1614
2463 1712
2469 1712
2469 1786
2459 1786
2459 1884
2455 1884
2455 1900
2453 1900
2453 1914
2450 1914
2450 1929
2452 1929
2452 1948
2448 1948
2448 1978
2447 1978
2447 1875
2445 1875
2445 1601
2437 1601
2437 1834
2429 1834
2429 2376
2430 2376
2430 2482
2424 2482
2424 2498
2421 2498
2421 2466
2379 2466
2379 2292
2393 2292
2393 2286
2395 2286
2395 2256
2401 2256
2401 2096
2396 2096
2396 2088
2383 2088
2383 2037
2386 2037
2386 1827
2202 1827
2202 1826
1920 1826
1920 1816
2014 1816
2014 1811
1936 1811
1936 1808
1896 1808
1896 1776
1734 1776
1734 1818
1753 1818
1753 1832
1762 1832
1762 1823
1766 1823
1766 1922
1778 1922
1778 1984
1782 1984
1782 1989
1816 1989
1816 1995
1883 1995
1883 2022
1842 2022
1842 2024
1804 2024
1804 2017
1796 2017
1796 2011
1494 2011
1494 2006
1338 2006
1338 2013
1356 2013
1356 2018
1346 2018
1346 2025
1232 2025
1232 1964
1230 1964
1230 1953
1229 1953
1229 1738
1265 1738
1265 1733
1206 1733
1206 1721
1135 1721
1135 1707
1160 1707
1160 1705
1222 1705
1222 1680
983 1680
983 1700
964 1700
964 1725
957 1725
957 1668
680 1668
680 1682
590 1682
590 1684
494 1684
494 1689
492 1689
492 1693
474 1693
474 1703
411 1703
411 1605
385 1605
385 1599
309 1599
309 1600
381 1600
381 1629
380 1629
380 1628
374 1628
374 1623
366 1623
366 1633
387 1633
387 1640
341 1640
341 1636
340 1636
340 1606
339 1606
339 1631
333 1631
333 1641
338 1641
338 1694
326 1694
326 1654
322 1654
322 1691
316 1691
316 1749
318 1749
318 1991
323 1991
323 1780
324 1780
324 1763
329 1763
329 1931
328 1931
328 2066
332 2066
332 1789
331 1789
331 1813
330 1813
330 1734
346 1734
346 1758
348 1758
348 1736
372 1736
372 1778
370 1778
370 1904
367 1904
367 1854
359 1854
359 1986
357 1986
357 1987
382 1987
382 1869
375 1869
375 1727
345 1727
345 1676
343 1676
343 1660
397 1660
397 1838
398 1838
398 1933
394 1933
394 1985
392 1985
392 2008
389 2008
389 2016
350 2016
350 2042
353 2042
353 2210
379 2210
379 2244
378 2244
378 2416
347 2416
347 2397
361 2397
361 2394
310 2394
310 2309
275 2309
275 2369
248 2369
248 2373
252 2373
252 2374
239 2374
239 2365
233 2365
233 2335
237 2335
237 2324
204 2324
204 2337
197 2337
197 2372
111 2372
111 2344
68 2344
68 2303
73 2303
73 2289
72 2289
72 2156
74 2156
74 2143
79 2143
79 2168
78 2168
78 2226
97 2226
97 2104
100 2104
100 2049
103 2049
103 2002
105 2002
105 1994
128 1994
128 1971
65 1971
65 1963
25 1963
25 1962
9 1962
9 1848
26 1848
26 1831
29 1831
29 1801
30 1801
30 1782
28 1782
28 1764
40 1764
40 1635
42 1635
42 1625
46 1625
46 1590
106 1590
106 1589
35 1589
35 1588
93 1588
93 1586
41 1586
41 1581
1 1581
1 1587
34 1587
34 1610
33 1610
33 1663
39 1663
39 1664
37 1664
37 1762
24 1762
24 1796
22 1796
22 1729
20 1729
20 1709
18 1709
18 1662
21 1662
21 1632
27 1632
27 1611
13 1611
13 1602
11 1602
11 1615
15 1615
15 1719
12 1719
12 1698
14 1698
14 1674
10 1674
10 1754
19 1754
19 1821
17 1821
17 1802
7 1802
7 1965
6 1965
6 1967
58 1967
58 1970
4 1970
4 1597
2 1597
2 1607
3 1607
3 1973
122 1973
122 1974
84 1974
84 2035
86 2035
86 2040
96 2040
96 2160
95 2160
95 2203
91 2203
91 2128
49 2128
49 2272
45 2272
45 2310
52 2310
52 2389
50 2389
50 2438
87 2438
87 2442
108 2442
108 2455
263 2455
263 2457
160 2457
160 2458
244 2458
244 2462
270 2462
270 2451
269 2451
269 2454
228 2454
228 2449
208 2449
208 2450
132 2450
132 2452
170 2452
170 2453
125 2453
125 2423
119 2423
119 2431
59 2431
59 2349
71 2349
71 2361
77 2361
77 2380
140 2380
140 2381
69 2381
69 2388
64 2388
64 2420
90 2420
90 2391
109 2391
109 2387
89 2387
89 2384
219 2384
219 2326
221 2326
221 2363
226 2363
226 2379
258 2379
258 2392
220 2392
220 2404
279 2404
279 2401
281 2401
281 2403
285 2403
285 2350
277 2350
277 2314
296 2314
296 2327
306 2327
306 2328
294 2328
294 2346
297 2346
297 2408
308 2408
308 2422
319 2422
319 2427
311 2427
311 2430
352 2430
352 2419
405 2419
405 2448
442 2448
442 2421
458 2421
458 2398
471 2398
471 2359
466 2359
466 2217
479 2217
479 2098
477 2098
477 2102
465 2102
465 2099
464 2099
464 2120
449 2120
449 1927
455 1927
455 1952
456 1952
456 1844
473 1844
473 1851
500 1851
500 1888
498 1888
498 1928
501 1928
501 2030
502 2030
502 2082
505 2082
505 2179
507 2179
507 1981
503 1981
503 1847
493 1847
493 1837
452 1837
452 1845
451 1845
451 1800
509 1800
509 1799
510 1799
510 1774
513 1774
513 1795
551 1795
551 1809
524 1809
524 1824
535 1824
535 1835
536 1835
536 1839
526 1839
526 2202
523 2202
523 2048
521 2048
521 2198
515 2198
515 2239
574 2239
574 2268
607 2268
607 2276
544 2276
544 2280
537 2280
537 2336
540 2336
540 2320
543 2320
543 2437
541 2437
541 2446
550 2446
550 2445
553 2445
553 2434
545 2434
545 2338
558 2338
558 2308
554 2308
554 2282
566 2282
566 2285
646 2285
646 2278
621 2278
621 2273
675 2273
675 2323
606 2323
606 2330
678 2330
678 2321
677 2321
677 2284
684 2284
684 2266
644 2266
644 2264
634 2264
634 2247
635 2247
635 2254
652 2254
652 2250
649 2250
649 2240
608 2240
608 2259
604 2259
604 2180
603 2180
603 2067
578 2067
578 2105
595 2105
595 2165
584 2165
584 2235
567 2235
567 2237
528 2237
528 1874
531 1874
531 1873
560 1873
560 1769
530 1769
530 1771
444 1771
444 1772
475 1772
475 1773
436 1773
436 1790
447 1790
447 1830
433 1830
433 1857
450 1857
450 1889
424 1889
424 1894
421 1894
421 2009
426 2009
426 1916
430 1916
430 1892
446 1892
446 2116
438 2116
438 2106
425 2106
425 2133
459 2133
459 2192
429 2192
429 2251
435 2251
435 2257
453 2257
453 2253
440 2253
440 2196
463 2196
463 2304
461 2304
461 2390
420 2390
420 2405
443 2405
443 2412
416 2412
416 2414
434 2414
434 2425
428 2425
428 2436
431 2436
431 2444
427 2444
427 2418
412 2418
412 2429
410 2429
410 2433
409 2433
409 2413
384 2413
384 2298
383 2298
383 2249
388 2249
388 2230
391 2230
391 2291
393 2291
393 2313
403 2313
403 2229
396 2229
396 2206
373 2206
373 2205
354 2205
354 2019
362 2019
362 2020
377 2020
377 2026
371 2026
371 2051
400 2051
400 1781
399 1781
399 1609
406 1609
406 1704
520 1704
520 1701
575 1701
575 1714
460 1714
460 1737
490 1737
490 1718
506 1718
506 1744
527 1744
527 1745
538 1745
538 1731
552 1731
552 1740
549 1740
549 1743
561 1743
561 1751
650 1751
650 1746
589 1746
589 1730
602 1730
602 1728
581 1728
581 1692
618 1692
618 1706
637 1706
637 1697
712 1697
712 1696
725 1696
725 1687
727 1687
727 1686
685 1686
685 1670
893 1670
893 1671
902 1671
902 1695
867 1695
867 1699
871 1699
871 1708
857 1708
857 1767
841 1767
841 1710
824 1710
824 1750
820 1750
820 1741
812 1741
812 1724
801 1724
801 1765
805 1765
805 1836
807 1836
807 1876
842 1876
842 1864
844 1864
844 1792
837 1792
837 1791
830 1791
830 1785
858 1785
858 1755
899 1755
899 1747
877 1747
877 1742
897 1742
897 1717
909 1717
909 1672
954 1672
954 1732
956 1732
956 1766
965 1766
965 1814
955 1814
955 1768
943 1768
943 1843
926 1843
926 1846
916 1846
916 1787
923 1787
923 1752
918 1752
918 1775
912 1775
912 1853
910 1853
910 1941
1024 1941
1024 1954
975 1954
975 1950
951 1950
951 1957
959 1957
959 1961
1032 1961
1032 1925
1040 1925
1040 1893
1051 1893
1051 1937
1052 1937
1052 1966
1053 1966
1053 2191
1016 2191
1016 2193
990 2193
990 2169
1009 2169
1009 2153
1029 2153
1029 2184
1033 2184
1033 2147
1007 2147
1007 2139
936 2139
936 2152
945 2152
945 2140
981 2140
981 2177
963 2177
963 2242
976 2242
976 2261
970 2261
970 2281
962 2281
962 2283
974 2283
974 2288
933 2288
933 2214
929 2214
929 2245
927 2245
927 2044
921 2044
921 2215
924 2215
924 2271
925 2271
925 2432
932 2432
932 2385
937 2385
937 2426
1194 2426
1194 2424
940 2424
940 2393
969 2393
969 2399
953 2399
953 2409
958 2409
958 2415
971 2415
971 2375
947 2375
947 2360
944 2360
944 2347
989 2347
989 2342
1103 2342
1103 2343
1128 2343
1128 2312
1153 2312
1153 2311
1104 2311
1104 2339
946 2339
946 2301
942 2301
942 2300
967 2300
967 2299
988 2299
988 2212
987 2212
987 2204
1028 2204
1028 2199
1046 2199
1046 2208
1056 2208
1056 2219
1020 2219
1020 2233
1022 2233
1022 2236
995 2236
995 2246
1004 2246
1004 2263
1026 2263
1026 2295
1619 2295
1619 2302
1420 2302
1420 2317
1507 2317
1507 2332
1515 2332
1515 2378
1492 2378
1492 2364
1489 2364
1489 2355
1448 2355
1448 2353
1399 2353
1399 2356
1333 2356
1333 2406
1335 2406
1335 2417
1411 2417
1411 2407
1347 2407
1347 2357
1401 2357
1401 2354
1445 2354
1445 2382
1462 2382
1462 2395
1463 2395
1463 2402
1484 2402
1484 2386
1517 2386
1517 2411
1518 2411
1518 2367
1524 2367
1524 2305
1525 2305
1525 2352
1572 2352
1572 2358
1535 2358
1535 2368
1595 2368
1595 2351
1547 2351
1547 2334
1581 2334
1581 2345
1609 2345
1609 2370
1623 2370
1623 2325
1674 2325
1674 2371
1661 2371
1661 2340
1657 2340
1657 2377
1659 2377
1659 2428
1576 2428
1576 2439
1590 2439
1590 2440
1450 2440
1450 2441
1367 2441
1367 2443
1395 2443
1395 2447
1592 2447
1592 2460
1695 2460
1695 2459
1651 2459
1651 2456
1604 2456
1604 2435
1667 2435
1667 2410
1669 2410
1669 2400
1672 2400
1672 2396
1681 2396
1681 2322
1557 2322
1557 2331
1542 2331
1542 2306
1620 2306
1620 2296
1673 2296
1673 2294
1217 2294
1217 2287
1178 2287
1178 2293
1037 2293
1037 2231
1147 2231
1147 2224
1189 2224
1189 2174
1192 2174
1192 2092
1190 2092
1190 2071
1205 2071
1205 2065
1197 2065
1197 2069
1187 2069
1187 2124
1186 2124
1186 2095
1167 2095
1167 2085
1164 2085
1164 2083
1159 2083
1159 2062
1177 2062
1177 2055
1349 2055
1349 2064
1551 2064
1551 2072
1475 2072
1475 2097
1662 2097
1662 2107
1483 2107
1483 2129
1472 2129
1472 2103
1455 2103
1455 2151
1467 2151
1467 2163
1326 2163
1326 2159
1319 2159
1319 2161
1295 2161
1295 2172
1255 2172
1255 2126
1272 2126
1272 2123
1269 2123
1269 2122
1266 2122
1266 2081
1329 2081
1329 2075
1385 2075
1385 2079
1387 2079
1387 2078
1404 2078
1404 2074
1321 2074
1321 2073
1246 2073
1246 2087
1221 2087
1221 2091
1252 2091
1252 2150
1241 2150
1241 2166
1224 2166
1224 2188
1239 2188
1239 2182
1277 2182
1277 2176
1334 2176
1334 2181
1315 2181
1315 2194
1374 2194
1374 2190
1382 2190
1382 2187
1559 2187
1559 2211
1615 2211
1615 2213
1618 2213
1618 2227
1427 2227
1427 2220
1418 2220
1418 2218
1397 2218
1397 2225
1370 2225
1370 2228
1624 2228
1624 2186
1443 2186
1443 2171
1428 2171
1428 2173
1403 2173
1403 2178
1337 2178
1337 2170
1456 2170
1456 2164
1540 2164
1540 2155
1502 2155
1502 2141
1512 2141
1512 2154
1522 2154
1522 2134
1486 2134
1486 2119
1509 2119
1509 2117
1534 2117
1534 2113
1670 2113
1670 2110
1682 2110
1682 2086
1641 2086
1641 2090
1632 2090
1632 2094
1546 2094
1546 2093
1562 2093
1562 2060
1553 2060
1553 2058
1521 2058
1521 2052
1317 2052
1317 2054
1126 2054
1126 2056
1075 2056
1075 1951
1150 1951
1150 1969
1149 1969
1149 1977
1148 1977
1148 1990
1157 1990
1157 1979
1176 1979
1176 1921
1163 1921
1163 1861
1161 1861
1161 1855
1144 1855
1144 1899
1127 1899
1127 1926
1169 1926
1169 1934
1085 1934
1085 1947
1066 1947
1066 2053
1069 2053
1069 2061
1130 2061
1130 2070
1155 2070
1155 2076
1137 2076
1137 2077
1156 2077
1156 2109
1172 2109
1172 2130
1179 2130
1179 2136
1188 2136
1188 2158
1185 2158
1185 2200
1154 2200
1154 2223
1068 2223
1068 2221
1063 2221
1063 2185
1059 2185
1059 1915
1061 1915
1061 1850
1049 1850
1049 1883
1010 1883
1010 1906
998 1906
998 1932
977 1932
977 1939
999 1939
999 1940
934 1940
934 1909
985 1909
985 1841
982 1841
982 1907
978 1907
978 1881
913 1881
913 1856
950 1856
950 1819
973 1819
973 1815
980 1815
980 1716
1043 1716
1043 1723
1064 1723
1064 1713
986 1713
986 1685
1115 1685
1115 1681
1151 1681
1151 1683
1132 1683
1132 1711
1122 1711
1122 1761
1141 1761
1141 1770
1196 1770
1196 1760
1166 1760
1166 1757
1129 1757
1129 1756
1184 1756
1184 1753
1198 1753
1198 1739
1195 1739
1195 1748
1170 1748
1170 1735
1228 1735
1228 1982
1223 1982
1223 1960
1219 1960
1219 2028
1225 2028
1225 2036
1311 2036
1311 2029
1363 2029
1363 2010
1377 2010
1377 2014
1396 2014
1396 2012
1705 2012
1705 2015
1721 2015
1721 2023
1699 2023
1699 2033
1777 2033
1777 2032
1843 2032
1843 2038
1663 2038
1663 2039
1668 2039
1668 2041
1872 2041
1872 2027
1873 2027
1873 2045
1852 2045
1852 2050
1870 2050
1870 2046
1929 2046
1929 1924
1904 1924
1904 1917
1938 1917
1938 1908
1928 1908
1928 1867
1970 1867
1970 1866
1917 1866
1917 1871
1903 1871
1903 2005
1901 2005
1901 2021
1912 2021
1912 1936
1921 1936
1921 2043
1897 2043
1897 2031
1887 2031
1887 1992
1856 1992
1856 1958
1847 1958
1847 1976
1821 1976
1821 1975
1788 1975
1788 1897
1770 1897
1770 1779
1773 1779
1773 1804
1895 1804
1895 1810
1792 1810
1792 1833
1809 1833
1809 1842
1817 1842
1817 1858
1833 1858
1833 1840
1819 1840
1819 1820
1848 1820
1848 1829
2234 1829
2234 1828
2384 1828
2384 1886
2378 1886
2378 1890
2380 1890
2380 2243
2381 2243
2381 2057
2382 2057
2382 2197
2389 2197
2389 2175
2385 2175
2385 2149
2390 2149
2390 2144
2394 2144
2394 2279
2377 2279
2377 2318
2375 2318
2375 2348
2376 2348
2376 2468
2400 2468
2400 2477
2352 2477
2352 2473
2291 2473
2291 2474
2255 2474
2255 2475
2227 2475
2227 2470
2284 2470
2284 2469
2142 2469
2142 2467
2117 2467
2117 2471
2223 2471
2223 2486
2239 2486
2239 2492
2269 2492
2269 2495
2301 2495
2301 2493
2354 2493
2354 2496
2368 2496
2368 2489
2361 2489
2361 2490
2353 2490
2353 2491
2248 2491
2248 2476
2351 2476
2351 2480
2300 2480
2300 2481
2367 2481
2367 2483
2392 2483
2392 2478
2397 2478
2397 2500
2403 2500
2403 2479
2416 2479
2416 2484
2417 2484
2417 2499
2499 2499
2499 2464
2500 2464
2500 2463
2490 2463
2490 2497
2446 2497
2446 2488
2483 2488
2483 2487
2456 2487
2456 2485
2449 2485
2449 2465
2443 2465
2443 2494
2433 2494
2433 2383
2435 2383
2435 2255
2432 2255
2432 2162
2431 2162
2431 1998
2441 1998
2441 1887
2439 1887
2439 1878
2438 1878
2438 1603
2444 1603
2444 1983
2451 1983
2451 1959
2458 1959
2458 2034
2466 2034
2466 1910
2461 1910
2461 1798
2462 1798
2462 1882
2464 1882
2464 1859
2467 1859
2467 2277
2470 2277
2470 1949
2471 1949
2471 1944
2468 1944
2468 1868
2474 1868
2474 1784
2473 1784
2473 1690
2465 1690
2465 1598
2476 1598
2476 1595
2488 1595
2488 1596
2494 1596
2494 1579
2498 1579
2498 1576
2497 1576
2497 1520
2495 1520
2495 1521
2496 1521
2496 1556
2493 1556
2493 1571
2492 1571
2492 1592
2491 1592
2491 1593
2478 1593
2478 1584
2482 1584
2482 1583
2485 1583
2485 1582
2489 1582
2489 1509
2486 1509
2486 1489
2484 1489
2484 1531
2487 1531
2487 1578
2480 1578
2480 1495
2475 1495
2475 1487
2440 1487
2440 1484
2434 1484
2434 1483
2481 1483
2481 1478
2423 1478
2423 1457
2418 1457
2418 1440
2414 1440
2414 1425
2415 1425
2415 1418
2410 1418
2410 1441
2409 1441
2409 1462
2407 1462
2407 1464
2404 1464
2404 1475
2411 1475
2411 1470
2419 1470
2419 1479
2422 1479
2422 1485
2406 1485
2406 1526
2402 1526
2402 1535
2399 1535
2399 1548
2373 1548
2373 1525
2350 1525
2350 1546
2344 1546
2344 1565
2337 1565
2337 1508
2347 1508
2347 1523
2374 1523
2374 1518
2370 1518
2370 1491
2326 1491
2326 1486
2312 1486
2312 1494
2310 1494
2310 1498
2304 1498
2304 1497
2220 1497
2220 1490
2224 1490
2224 1482
2230 1482
2230 1481
2240 1481
2240 1480
2253 1480
2253 1476
2277 1476
2277 1451
2280 1451
2280 1443
2266 1443
2266 1442
2298 1442
2298 1454
2293 1454
2293 1458
2278 1458
2278 1459
2349 1459
2349 1468
2355 1468
2355 1473
2359 1473
2359 1453
2346 1453
2346 1448
2362 1448
2362 1438
2331 1438
2331 1433
2252 1433
2252 1434
2245 1434
2245 1447
2268 1447
2268 1467
2231 1467
2231 1474
2226 1474
2226 1463
2229 1463
2229 1446
2235 1446
2235 1424
2219 1424
2219 1422
2307 1422
2307 1368
2159 1368
2159 1372
2076 1372
2076 1373
2157 1373
2157 1375
2127 1375
2127 1376
2145 1376
2145 1377
2073 1377
2073 1390
2084 1390
2084 1391
2082 1391
2082 1395
2086 1395
2086 1421
2087 1421
2087 1407
2091 1407
2091 1432
2090 1432
2090 1461
2085 1461
2085 1456
2083 1456
2083 1444
2080 1444
2080 1435
2034 1435
2034 1419
2041 1419
2041 1402
2033 1402
2033 1327
2024 1327
2024 1304
2015 1304
2015 1295
1998 1295
1998 1293
2017 1293
2017 1292
1993 1292
1993 1291
1994 1291
1994 1178
1981 1178
1981 1121
1975 1121
1975 1101
1965 1101
1965 1057
1820 1057
1820 1051
1737 1051
1737 1061
1839 1061
1839 1060
1861 1060
1861 1072
1805 1072
1805 1075
1758 1075
1758 1066
1745 1066
1745 1092
1730 1092
1730 1094
1714 1094
1714 1095
1646 1095
1646 1091
1640 1091
1640 1097
1600 1097
1600 1156
1589 1156
1589 1148
1555 1148
1555 1150
1566 1150
1566 1169
1570 1169
1570 1180
1412 1180
1412 1179
1406 1179
1406 1193
1386 1193
1386 1177
1365 1177
1365 1037
1350 1037
1350 972
1352 972
1352 968
1174 968
1174 960
1204 960
1204 952
1096 952
1096 917
1118 917
1118 911
1092 911
1092 873
1124 873
1124 886
1138 886
1138 928
1142 928
1142 735
1140 735
1140 702
1107 702
1107 673
1091 673
1091 658
1089 658
1089 618
1094 618
1094 569
1097 569
1097 556
1191 556
1191 552
1120 552
1120 547
1286 547
1286 568
1302 568
1302 694
1199 694
1199 700
1201 700
1201 912
1235 912
1235 916
1276 916
1276 907
1281 907
1281 903
1267 903
1267 894
1390 894
1390 899
1465 899
1465 898
1431 898
1431 892
1466 892
1466 955
1477 955
1477 983
1454 983
1454 1003
1495 1003
1495 963
1503 963
1503 931
1490 931
1490 921
1469 921
1469 888
1480 888
1480 876
1459 876
1459 891
1243 891
1243 902
1213 902
1213 866
1203 866
1203 804
1202 804
1202 696
1308 696
1308 688
1325 688
1325 687
1375 687
1375 691
1417 691
1417 689
1606 689
1606 697
1580 697
1580 707
1560 707
1560 712
1537 712
1537 723
1599 723
1599 739
1514 739
1514 776
1587 776
1587 787
1554 787
1554 778
1549 778
1549 846
1564 846
1564 859
1593 859
1593 793
1583 793
1583 836
1550 836
1550 789
1563 789
1563 792
1605 792
1605 774
1539 774
1539 750
1584 750
1584 747
1617 747
1617 729
1616 729
1616 715
1548 715
1548 713
1608 713
1608 686
