1498
2479 1496
2479 1577
2477 1577
2477 1591
2460 1591
2460 1614
2463 1614
2463 1712
2469 1712
2469 1786
2459 1786
2459 1884
2455 1884
2455 1900
2453 1900
2453 1914
2450 1914
2450 1929
2452 1929
2452 1948
2448 1948
2448 1978
2447 1978
2447 1875
2445 1875
2445 1601
2437 1601
2437 1834
2429 1834
2429 2376
2430 2376
2430 2482
2424 2482
2424 2498
2421 2498
2421 2466
2379 2466
2379 2292
2393 2292
2393 2286
2395 2286
2395 2256
2401 2256
2401 2096
2396 2096
2396 2088
2383 2088
2383 2037
2386 2037
2386 1827
2202 1827
2202 1826
1920 1826
1920 1816
2014 1816
2014 1811
1936 1811
1936 1808
1896 1808
1896 1776
1734 1776
1734 1818
1753 1818
1753 1832
1762 1832
1762 1823
1766 1823
1766 1922
1778 1922
1778 1984
1782 1984
1782 1989
1816 1989
1816 1995
1883 1995
1883 2022
1842 2022
1842 2024
1804 2024
1804 2017
1796 2017
1796 2011
1494 2011
1494 2006
1338 2006
1338 2013
1356 2013
1356 2018
1346 2018
1346 2025
1232 2025
1232 1964
1230 1964
1230 1953
1229 1953
1229 1738
1265 1738
1265 1733
1206 1733
1206 1721
1135 1721
1135 1707
1160 1707
1160 1705
1222 1705
1222 1680
983 1680
983 1700
964 1700
964 1725
957 1725
957 1668
680 1668
680 1682
590 1682
590 1684
494 1684
494 1689
492 1689
492 1693
474 1693
474 1703
411 1703
411 1605
385 1605
385 1599
309 1599
309 1600
381 1600
381 1629
380 1629
380 1628
374 1628
374 1623
366 1623
366 1633
387 1633
387 1640
341 1640
341 1636
340 1636
340 1606
339 1606
339 1631
333 1631
333 1641
338 1641
338 1694
326 1694
326 1654
322 1654
322 1691
316 1691
316 1749
318 1749
318 1991
323 1991
323 1780
324 1780
324 1763
329 1763
329 1931
328 1931
328 2066
332 2066
332 1789
331 1789
331 1813
330 1813
330 1734
346 1734
346 1758
348 1758
348 1736
372 1736
372 1778
370 1778
370 1904
367 1904
367 1854
359 1854
359 1986
357 1986
357 1987
382 1987
382 1869
375 1869
375 1727
345 1727
345 1676
343 1676
343 1660
397 1660
397 1838
398 1838
398 1933
394 1933
394 1985
392 1985
392 2008
389 2008
389 2016
350 2016
350 2042
353 2042
353 2210
379 2210
379 2244
378 2244
378 2416
347 2416
347 2397
361 2397
361 2394
310 2394
310 2309
275 2309
275 2369
248 2369
248 2373
252 2373
252 2374
239 2374
239 2365
233 2365
233 2335
237 2335
237 2324
204 2324
204 2337
197 2337
197 2372
111 2372
111 2344
68 2344
68 2303
73 2303
73 2289
72 2289
72 2156
74 2156
74 2143
79 2143
79 2168
78 2168
78 2226
97 2226
97 2104
100 2104
100 2049
103 2049
103 2002
105 2002
105 1994
128 1994
128 1971
65 1971
65 1963
25 1963
25 1962
9 1962
9 1848
26 1848
26 1831
29 1831
29 1801
30 1801
30 1782
28 1782
28 1764
40 1764
40 1635
42 1635
42 1625
46 1625
46 1590
106 1590
106 1589
35 1589
35 1588
93 1588
93 1586
41 1586
41 1581
1 1581
1 1587
34 1587
34 1610
33 1610
33 1663
39 1663
39 1664
37 1664
37 1762
24 1762
24 1796
22 1796
22 1729
20 1729
20 1709
18 1709
18 1662
21 1662
21 1632
27 1632
27 1611
13 1611
13 1602
11 1602
11 1615
15 1615
15 1719
12 1719
12 1698
14 1698
14 1674
10 1674
10 1754
19 1754
19 1821
17 1821
17 1802
7 1802
7 1965
6 1965
6 1967
58 1967
58 1970
4 1970
4 1597
2 1597
2 1607
3 1607
3 1973
122 1973
122 1974
84 1974
84 2035
86 2035
86 2040
96 2040
96 2160
95 2160
95 2203
91 2203
91 2128
49 2128
49 2272
45 2272
45 2310
52 2310
52 2389
50 2389
50 2438
87 2438
87 2442
108 2442
108 2455
263 2455
263 2457
160 2457
160 2458
244 2458
244 2462
270 2462
270 2451
269 2451
269 2454
228 2454
228 2449
208 2449
208 2450
132 2450
132 2452
170 2452
170 2453
125 2453
125 2423
119 2423
119 2431
59 2431
59 2349
71 2349
71 2361
77 2361
77 2380
140 2380
140 2381
69 2381
69 2388
64 2388
64 2420
90 2420
90 2391
109 2391
109 2387
89 2387
89 2384
219 2384
219 2326
221 2326
221 2363
226 2363
226 2379
258 2379
258 2392
220 2392
220 2404
279 2404
279 2401
281 2401
281 2403
285 2403
285 2350
277 2350
277 2314
296 2314
296 2327
306 2327
306 2328
294 2328
294 2346
297 2346
297 2408
308 2408
308 2422
319 2422
319 2427
311 2427
311 2430
352 2430
352 2419
405 2419
405 2448
442 2448
442 2421
458 2421
458 2398
471 2398
471 2359
466 2359
466 2217
479 2217
479 2098
477 2098
477 2102
465 2102
465 2099
464 2099
464 2120
449 2120
449 1927
455 1927
455 1952
456 1952
456 1844
473 1844
473 1851
500 1851
500 1888
498 1888
498 1928
501 1928
501 2030
502 2030
502 2082
505 2082
505 2179
507 2179
507 1981
503 1981
503 1847
493 1847
493 1837
452 1837
452 1845
451 1845
451 1800
509 1800
509 1799
510 1799
510 1774
513 1774
513 1795
551 1795
551 1809
524 1809
524 1824
535 1824
535 1835
536 1835
536 1839
526 1839
526 2202
523 2202
523 2048
521 2048
521 2198
515 2198
515 2239
574 2239
574 2268
607 2268
607 2276
544 2276
544 2280
537 2280
537 2336
540 2336
540 2320
543 2320
543 2437
541 2437
541 2446
550 2446
550 2445
553 2445
553 2434
545 2434
545 2338
558 2338
558 2308
554 2308
554 2282
566 2282
566 2285
646 2285
646 2278
621 2278
621 2273
675 2273
675 2323
606 2323
606 2330
678 2330
678 2321
677 2321
677 2284
684 2284
684 2266
644 2266
644 2264
634 2264
634 2247
635 2247
635 2254
652 2254
652 2250
649 2250
649 2240
608 2240
608 2259
604 2259
604 2180
603 2180
603 2067
578 2067
578 2105
595 2105
595 2165
584 2165
584 2235
567 2235
567 2237
528 2237
528 1874
531 1874
531 1873
560 1873
560 1769
530 1769
530 1771
444 1771
444 1772
475 1772
475 1773
436 1773
436 1790
447 1790
447 1830
433 1830
433 1857
450 1857
450 1889
424 1889
424 1894
421 1894
421 2009
426 2009
426 1916
430 1916
430 1892
446 1892
446 2116
438 2116
438 2106
425 2106
425 2133
459 2133
459 2192
429 2192
429 2251
435 2251
435 2257
453 2257
453 2253
440 2253
440 2196
463 2196
463 2304
461 2304
461 2390
420 2390
420 2405
443 2405
443 2412
416 2412
416 2414
434 2414
434 2425
428 2425
428 2436
431 2436
431 2444
427 2444
427 2418
412 2418
412 2429
410 2429
410 2433
409 2433
409 2413
384 2413
384 2298
383 2298
383 2249
388 2249
388 2230
391 2230
391 2291
393 2291
393 2313
403 2313
403 2229
396 2229
396 2206
373 2206
373 2205
354 2205
354 2019
362 2019
362 2020
377 2020
377 2026
371 2026
371 2051
400 2051
400 1781
399 1781
399 1609
406 1609
406 1704
520 1704
520 1701
575 1701
575 1714
460 1714
460 1737
490 1737
490 1718
506 1718
506 1744
527 1744
527 1745
538 1745
538 1731
552 1731
552 1740
549 1740
549 1743
561 1743
561 1751
650 1751
650 1746
589 1746
589 1730
602 1730
602 1728
581 1728
581 1692
618 1692
618 1706
637 1706
637 1697
712 1697
712 1696
725 1696
725 1687
727 1687
727 1686
685 1686
685 1670
893 1670
893 1671
902 1671
902 1695
867 1695
867 1699
871 1699
871 1708
857 1708
857 1767
841 1767
841 1710
824 1710
824 1750
820 1750
820 1741
812 1741
812 1724
801 1724
801 1765
805 1765
805 1836
807 1836
807 1876
842 1876
842 1864
844 1864
844 1792
837 1792
837 1791
830 1791
830 1785
858 1785
858 1755
899 1755
899 1747
877 1747
877 1742
897 1742
897 1717
909 1717
909 1672
954 1672
954 1732
956 1732
956 1766
965 1766
965 1814
955 1814
955 1768
943 1768
943 1843
926 1843
926 1846
916 1846
916 1787
923 1787
923 1752
918 1752
918 1775
912 1775
912 1853
910 1853
910 1941
1024 1941
1024 1954
975 1954
975 1950
951 1950
951 1957
959 1957
959 1961
1032 1961
1032 1925
1040 1925
1040 1893
1051 1893
1051 1937
1052 1937
1052 1966
1053 1966
1053 2191
1016 2191
1016 2193
990 2193
990 2169
1009 2169
1009 2153
1029 2153
1029 2184
1033 2184
1033 2147
1007 2147
1007 2139
936 2139
936 2152
945 2152
945 2140
981 2140
981 2177
963 2177
963 2242
976 2242
976 2261
970 2261
970 2281
962 2281
962 2283
974 2283
974 2288
933 2288
933 2214
929 2214
929 2245
927 2245
927 2044
921 2044
921 2215
924 2215
924 2271
925 2271
925 2432
932 2432
932 2385
937 2385
937 2426
1194 2426
1194 2424
940 2424
940 2393
969 2393
969 2399
953 2399
953 2409
958 2409
958 2415
971 2415
971 2375
947 2375
947 2360
944 2360
944 2347
989 2347
989 2342
1103 2342
1103 2343
1128 2343
1128 2312
1153 2312
1153 2311
1104 2311
1104 2339
946 2339
946 2301
942 2301
942 2300
967 2300
967 2299
988 2299
988 2212
987 2212
987 2204
1028 2204
1028 2199
1046 2199
1046 2208
1056 2208
1056 2219
1020 2219
1020 2233
1022 2233
1022 2236
995 2236
995 2246
1004 2246
1004 2263
1026 2263
1026 2295
1619 2295
1619 2302
1420 2302
1420 2317
1507 2317
1507 2332
1515 2332
1515 2378
1492 2378
1492 2364
1489 2364
1489 2355
1448 2355
1448 2353
1399 2353
1399 2356
1333 2356
1333 2406
1335 2406
1335 2417
1411 2417
1411 2407
1347 2407
1347 2357
1401 2357
1401 2354
1445 2354
1445 2382
1462 2382
1462 2395
1463 2395
1463 2402
1484 2402
1484 2386
1517 2386
1517 2411
1518 2411
1518 2367
1524 2367
1524 2305
1525 2305
1525 2352
1572 2352
1572 2358
1535 2358
1535 2368
1595 2368
1595 2351
1547 2351
1547 2334
1581 2334
1581 2345
1609 2345
1609 2370
1623 2370
1623 2325
1674 2325
1674 2371
1661 2371
1661 2340
1657 2340
1657 2377
1659 2377
1659 2428
1576 2428
1576 2439
1590 2439
1590 2440
1450 2440
1450 2441
1367 2441
1367 2443
1395 2443
1395 2447
1592 2447
1592 2460
1695 2460
1695 2459
1651 2459
1651 2456
1604 2456
1604 2435
1667 2435
1667 2410
1669 2410
1669 2400
1672 2400
1672 2396
1681 2396
1681 2322
1557 2322
1557 2331
1542 2331
1542 2306
1620 2306
1620 2296
1673 2296
1673 2294
1217 2294
1217 2287
1178 2287
1178 2293
1037 2293
1037 2231
1147 2231
1147 2224
1189 2224
1189 2174
1192 2174
1192 2092
1190 2092
1190 2071
1205 2071
1205 2065
1197 2065
1197 2069
1187 2069
1187 2124
1186 2124
1186 2095
1167 2095
1167 2085
1164 2085
1164 2083
1159 2083
1159 2062
1177 2062
1177 2055
1349 2055
1349 2064
1551 2064
1551 2072
1475 2072
1475 2097
1662 2097
1662 2107
1483 2107
1483 2129
1472 2129
1472 2103
1455 2103
1455 2151
1467 2151
1467 2163
1326 2163
1326 2159
1319 2159
1319 2161
1295 2161
1295 2172
1255 2172
1255 2126
1272 2126
1272 2123
1269 2123
1269 2122
1266 2122
1266 2081
1329 2081
1329 2075
1385 2075
1385 2079
1387 2079
1387 2078
1404 2078
1404 2074
1321 2074
1321 2073
1246 2073
1246 2087
1221 2087
1221 2091
1252 2091
1252 2150
1241 2150
1241 2166
1224 2166
1224 2188
1239 2188
1239 2182
1277 2182
1277 2176
1334 2176
1334 2181
1315 2181
1315 2194
1374 2194
1374 2190
1382 2190
1382 2187
1559 2187
1559 2211
1615 2211
1615 2213
1618 2213
1618 2227
1427 2227
1427 2220
1418 2220
1418 2218
1397 2218
1397 2225
1370 2225
1370 2228
1624 2228
1624 2186
1443 2186
1443 2171
1428 2171
1428 2173
1403 2173
1403 2178
1337 2178
1337 2170
1456 2170
1456 2164
1540 2164
1540 2155
1502 2155
1502 2141
1512 2141
1512 2154
1522 2154
1522 2134
1486 2134
1486 2119
1509 2119
1509 2117
1534 2117
1534 2113
1670 2113
1670 2110
1682 2110
1682 2086
1641 2086
1641 2090
1632 2090
1632 2094
1546 2094
1546 2093
1562 2093
1562 2060
1553 2060
1553 2058
1521 2058
1521 2052
1317 2052
1317 2054
1126 2054
1126 2056
1075 2056
1075 1951
1150 1951
1150 1969
1149 1969
1149 1977
1148 1977
1148 1990
1157 1990
1157 1979
1176 1979
1176 1921
1163 1921
1163 1861
1161 1861
1161 1855
1144 1855
1144 1899
1127 1899
1127 1926
1169 1926
1169 1934
1085 1934
1085 1947
1066 1947
1066 2053
1069 2053
1069 2061
1130 2061
1130 2070
1155 2070
1155 2076
1137 2076
1137 2077
1156 2077
1156 2109
1172 2109
1172 2130
1179 2130
1179 2136
1188 2136
1188 2158
1185 2158
1185 2200
1154 2200
1154 2223
1068 2223
1068 2221
1063 2221
1063 2185
1059 2185
1059 1915
1061 1915
1061 1850
1049 1850
1049 1883
1010 1883
1010 1906
998 1906
998 1932
977 1932
977 1939
999 1939
999 1940
934 1940
934 1909
985 1909
985 1841
982 1841
982 1907
978 1907
978 1881
913 1881
913 1856
950 1856
950 1819
973 1819
973 1815
980 1815
980 1716
1043 1716
1043 1723
1064 1723
1064 1713
986 1713
986 1685
1115 1685
1115 1681
1151 1681
1151 1683
1132 1683
1132 1711
1122 1711
1122 1761
1141 1761
1141 1770
1196 1770
1196 1760
1166 1760
1166 1757
1129 1757
1129 1756
1184 1756
1184 1753
1198 1753
1198 1739
1195 1739
1195 1748
1170 1748
1170 1735
1228 1735
1228 1982
1223 1982
1223 1960
1219 1960
1219 2028
1225 2028
1225 2036
1311 2036
1311 2029
1363 2029
1363 2010
1377 2010
1377 2014
1396 2014
1396 2012
1705 2012
1705 2015
1721 2015
1721 2023
1699 2023
1699 2033
1777 2033
1777 2032
1843 2032
1843 2038
1663 2038
1663 2039
1668 2039
1668 2041
1872 2041
1872 2027
1873 2027
1873 2045
1852 2045
1852 2050
1870 2050
1870 2046
1929 2046
1929 1924
1904 1924
1904 1917
1938 1917
1938 1908
1928 1908
1928 1867
1970 1867
1970 1866
1917 1866
1917 1871
1903 1871
1903 2005
1901 2005
1901 2021
1912 2021
1912 1936
1921 1936
1921 2043
1897 2043
1897 2031
1887 2031
1887 1992
1856 1992
1856 1958
1847 1958
1847 1976
1821 1976
1821 1975
1788 1975
1788 1897
1770 1897
1770 1779
1773 1779
1773 1804
1895 1804
1895 1810
1792 1810
1792 1833
1809 1833
1809 1842
1817 1842
1817 1858
1833 1858
1833 1840
1819 1840
1819 1820
1848 1820
1848 1829
2234 1829
2234 1828
2384 1828
2384 1886
2378 1886
2378 1890
2380 1890
2380 2243
2381 2243
2381 2057
2382 2057
2382 2197
2389 2197
2389 2175
2385 2175
2385 2149
2390 2149
2390 2144
2394 2144
2394 2279
2377 2279
2377 2318
2375 2318
2375 2348
2376 2348
2376 2468
2400 2468
2400 2477
2352 2477
2352 2473
2291 2473
2291 2474
2255 2474
2255 2475
2227 2475
2227 2470
2284 2470
2284 2469
2142 2469
2142 2467
2117 2467
2117 2471
2223 2471
2223 2486
2239 2486
2239 2492
2269 2492
2269 2495
2301 2495
2301 2493
2354 2493
2354 2496
2368 2496
2368 2489
2361 2489
2361 2490
2353 2490
2353 2491
2248 2491
2248 2476
2351 2476
2351 2480
2300 2480
2300 2481
2367 2481
2367 2483
2392 2483
2392 2478
2397 2478
2397 2500
2403 2500
2403 2479
2416 2479
2416 2484
2417 2484
2417 2499
2499 2499
2499 2464
2500 2464
2500 2463
2490 2463
2490 2497
2446 2497
2446 2488
2483 2488
2483 2487
2456 2487
2456 2485
2449 2485
2449 2465
2443 2465
2443 2494
2433 2494
2433 2383
2435 2383
2435 2255
2432 2255
2432 2162
2431 2162
2431 1998
2441 1998
2441 1887
2439 1887
2439 1878
2438 1878
2438 1603
2444 1603
2444 1983
2451 1983
2451 1959
2458 1959
2458 2034
2466 2034
2466 1910
2461 1910
2461 1798
2462 1798
2462 1882
2464 1882
2464 1859
2467 1859
2467 2277
2470 2277
2470 1949
2471 1949
2471 1944
2468 1944
2468 1868
2474 1868
2474 1784
2473 1784
2473 1690
2465 1690
2465 1598
2476 1598
2476 1595
2488 1595
2488 1596
2494 1596
2494 1579
2498 1579
2498 1576
2497 1576
2497 1520
2495 1520
2495 1521
2496 1521
2496 1556
2493 1556
2493 1571
2492 1571
2492 1592
2491 1592
2491 1593
2478 1593
2478 1584
2482 1584
2482 1583
2485 1583
2485 1582
2489 1582
2489 1509
2486 1509
2486 1489
2484 1489
2484 1531
2487 1531
2487 1578
2480 1578
2480 1496
