902
957 1725
957 1668
680 1668
680 1682
590 1682
590 1684
494 1684
494 1689
492 1689
492 1693
474 1693
474 1703
411 1703
411 1605
385 1605
385 1599
309 1599
309 1600
381 1600
381 1629
380 1629
380 1628
374 1628
374 1623
366 1623
366 1633
387 1633
387 1640
341 1640
341 1636
340 1636
340 1606
339 1606
339 1631
333 1631
333 1641
338 1641
338 1694
326 1694
326 1654
322 1654
322 1691
316 1691
316 1749
318 1749
318 1991
323 1991
323 1780
324 1780
324 1763
329 1763
329 1931
328 1931
328 2066
332 2066
332 1789
331 1789
331 1813
330 1813
330 1734
346 1734
346 1758
348 1758
348 1736
372 1736
372 1778
370 1778
370 1904
367 1904
367 1854
359 1854
359 1986
357 1986
357 1987
382 1987
382 1869
375 1869
375 1727
345 1727
345 1676
343 1676
343 1660
397 1660
397 1838
398 1838
398 1933
394 1933
394 1985
392 1985
392 2008
389 2008
389 2016
350 2016
350 2042
353 2042
353 2210
379 2210
379 2244
378 2244
378 2416
347 2416
347 2397
361 2397
361 2394
310 2394
310 2309
275 2309
275 2369
248 2369
248 2373
252 2373
252 2374
239 2374
239 2365
233 2365
233 2335
237 2335
237 2324
204 2324
204 2337
197 2337
197 2372
111 2372
111 2344
68 2344
68 2303
73 2303
73 2289
72 2289
72 2156
74 2156
74 2143
79 2143
79 2168
78 2168
78 2226
97 2226
97 2104
100 2104
100 2049
103 2049
103 2002
105 2002
105 1994
128 1994
128 1971
65 1971
65 1963
25 1963
25 1962
9 1962
9 1848
26 1848
26 1831
29 1831
29 1801
30 1801
30 1782
28 1782
28 1764
40 1764
40 1635
42 1635
42 1625
46 1625
46 1590
106 1590
106 1589
35 1589
35 1588
93 1588
93 1586
41 1586
41 1581
1 1581
1 1587
34 1587
34 1610
33 1610
33 1663
39 1663
39 1664
37 1664
37 1762
24 1762
24 1796
22 1796
22 1729
20 1729
20 1709
18 1709
18 1662
21 1662
21 1632
27 1632
27 1611
13 1611
13 1602
11 1602
11 1615
15 1615
15 1719
12 1719
12 1698
14 1698
14 1674
10 1674
10 1754
19 1754
19 1821
17 1821
17 1802
7 1802
7 1965
6 1965
6 1967
58 1967
58 1970
4 1970
4 1597
2 1597
2 1607
3 1607
3 1973
122 1973
122 1974
84 1974
84 2035
86 2035
86 2040
96 2040
96 2160
95 2160
95 2203
91 2203
91 2128
49 2128
49 2272
45 2272
45 2310
52 2310
52 2389
50 2389
50 2438
87 2438
87 2442
108 2442
108 2455
263 2455
263 2457
160 2457
160 2458
244 2458
244 2462
270 2462
270 2451
269 2451
269 2454
228 2454
228 2449
208 2449
208 2450
132 2450
132 2452
170 2452
170 2453
125 2453
125 2423
119 2423
119 2431
59 2431
59 2349
71 2349
71 2361
77 2361
77 2380
140 2380
140 2381
69 2381
69 2388
64 2388
64 2420
90 2420
90 2391
109 2391
109 2387
89 2387
89 2384
219 2384
219 2326
221 2326
221 2363
226 2363
226 2379
258 2379
258 2392
220 2392
220 2404
279 2404
279 2401
281 2401
281 2403
285 2403
285 2350
277 2350
277 2314
296 2314
296 2327
306 2327
306 2328
294 2328
294 2346
297 2346
297 2408
308 2408
308 2422
319 2422
319 2427
311 2427
311 2430
352 2430
352 2419
405 2419
405 2448
442 2448
442 2421
458 2421
458 2398
471 2398
471 2359
466 2359
466 2217
479 2217
479 2098
477 2098
477 2102
465 2102
465 2099
464 2099
464 2120
449 2120
449 1927
455 1927
455 1952
456 1952
456 1844
473 1844
473 1851
500 1851
500 1888
498 1888
498 1928
501 1928
501 2030
502 2030
502 2082
505 2082
505 2179
507 2179
507 1981
503 1981
503 1847
493 1847
493 1837
452 1837
452 1845
451 1845
451 1800
509 1800
509 1799
510 1799
510 1774
513 1774
513 1795
551 1795
551 1809
524 1809
524 1824
535 1824
535 1835
536 1835
536 1839
526 1839
526 2202
523 2202
523 2048
521 2048
521 2198
515 2198
515 2239
574 2239
574 2268
607 2268
607 2276
544 2276
544 2280
537 2280
537 2336
540 2336
540 2320
543 2320
543 2437
541 2437
541 2446
550 2446
550 2445
553 2445
553 2434
545 2434
545 2338
558 2338
558 2308
554 2308
554 2282
566 2282
566 2285
646 2285
646 2278
621 2278
621 2273
675 2273
675 2323
606 2323
606 2330
678 2330
678 2321
677 2321
677 2284
684 2284
684 2266
644 2266
644 2264
634 2264
634 2247
635 2247
635 2254
652 2254
652 2250
649 2250
649 2240
608 2240
608 2259
604 2259
604 2180
603 2180
603 2067
578 2067
578 2105
595 2105
595 2165
584 2165
584 2235
567 2235
567 2237
528 2237
528 1874
531 1874
531 1873
560 1873
560 1769
530 1769
530 1771
444 1771
444 1772
475 1772
475 1773
436 1773
436 1790
447 1790
447 1830
433 1830
433 1857
450 1857
450 1889
424 1889
424 1894
421 1894
421 2009
426 2009
426 1916
430 1916
430 1892
446 1892
446 2116
438 2116
438 2106
425 2106
425 2133
459 2133
459 2192
429 2192
429 2251
435 2251
435 2257
453 2257
453 2253
440 2253
440 2196
463 2196
463 2304
461 2304
461 2390
420 2390
420 2405
443 2405
443 2412
416 2412
416 2414
434 2414
434 2425
428 2425
428 2436
431 2436
431 2444
427 2444
427 2418
412 2418
412 2429
410 2429
410 2433
409 2433
409 2413
384 2413
384 2298
383 2298
383 2249
388 2249
388 2230
391 2230
391 2291
393 2291
393 2313
403 2313
403 2229
396 2229
396 2206
373 2206
373 2205
354 2205
354 2019
362 2019
362 2020
377 2020
377 2026
371 2026
371 2051
400 2051
400 1781
399 1781
399 1609
406 1609
406 1704
520 1704
520 1701
575 1701
575 1714
460 1714
460 1737
490 1737
490 1718
506 1718
506 1744
527 1744
527 1745
538 1745
538 1731
552 1731
552 1740
549 1740
549 1743
561 1743
561 1751
650 1751
650 1746
589 1746
589 1730
602 1730
602 1728
581 1728
581 1692
618 1692
618 1706
637 1706
637 1697
712 1697
712 1696
725 1696
725 1687
727 1687
727 1686
685 1686
685 1670
893 1670
893 1671
902 1671
902 1695
867 1695
867 1699
871 1699
871 1708
857 1708
857 1767
841 1767
841 1710
824 1710
824 1750
820 1750
820 1741
812 1741
812 1724
801 1724
801 1765
805 1765
805 1836
807 1836
807 1876
842 1876
842 1864
844 1864
844 1792
837 1792
837 1791
830 1791
830 1785
858 1785
858 1755
899 1755
899 1747
877 1747
877 1742
897 1742
897 1717
909 1717
909 1672
954 1672
954 1732
956 1732
956 1766
965 1766
965 1814
955 1814
955 1768
943 1768
943 1843
926 1843
926 1846
916 1846
916 1787
923 1787
923 1752
918 1752
918 1775
912 1775
912 1853
910 1853
910 1941
1024 1941
1024 1954
975 1954
975 1950
951 1950
951 1957
959 1957
959 1961
1032 1961
1032 1925
1040 1925
1040 1893
1051 1893
1051 1937
1052 1937
1052 1966
1053 1966
1053 2191
1016 2191
1016 2193
990 2193
990 2169
1009 2169
1009 2153
1029 2153
1029 2184
1033 2184
1033 2147
1007 2147
1007 2139
936 2139
936 2152
945 2152
945 2140
981 2140
981 2177
963 2177
963 2242
976 2242
976 2261
970 2261
970 2281
962 2281
962 2283
974 2283
974 2288
933 2288
933 2214
929 2214
929 2245
927 2245
927 2044
921 2044
921 2215
924 2215
924 2271
925 2271
925 2432
932 2432
932 2385
937 2385
937 2426
1194 2426
1194 2424
940 2424
940 2393
969 2393
969 2399
953 2399
953 2409
958 2409
958 2415
971 2415
971 2375
947 2375
947 2360
944 2360
944 2347
989 2347
989 2342
1103 2342
1103 2343
1128 2343
1128 2312
1153 2312
1153 2311
1104 2311
1104 2339
946 2339
946 2301
942 2301
942 2300
967 2300
967 2299
988 2299
988 2212
987 2212
987 2204
1028 2204
1028 2199
1046 2199
1046 2208
1056 2208
1056 2219
1020 2219
1020 2233
1022 2233
1022 2236
995 2236
995 2246
1004 2246
1004 2263
1026 2263
1026 2295
1619 2295
1619 2302
1420 2302
1420 2317
1507 2317
1507 2332
1515 2332
1515 2378
1492 2378
1492 2364
1489 2364
1489 2355
1448 2355
1448 2353
1399 2353
1399 2356
1333 2356
1333 2406
1335 2406
1335 2417
1411 2417
1411 2407
1347 2407
1347 2357
1401 2357
1401 2354
1445 2354
1445 2382
1462 2382
1462 2395
1463 2395
1463 2402
1484 2402
1484 2386
1517 2386
1517 2411
1518 2411
1518 2367
1524 2367
1524 2305
1525 2305
1525 2352
1572 2352
1572 2358
1535 2358
1535 2368
1595 2368
1595 2351
1547 2351
1547 2334
1581 2334
1581 2345
1609 2345
1609 2370
1623 2370
1623 2325
1674 2325
1674 2371
1661 2371
1661 2340
1657 2340
1657 2377
1659 2377
1659 2428
1576 2428
1576 2439
1590 2439
1590 2440
1450 2440
1450 2441
1367 2441
1367 2443
1395 2443
1395 2447
1592 2447
1592 2456
1604 2456
1604 2435
1667 2435
1667 2410
1669 2410
1669 2400
1672 2400
1672 2396
1681 2396
1681 2322
1557 2322
1557 2331
1542 2331
1542 2306
1620 2306
1620 2296
1673 2296
1673 2294
1217 2294
1217 2293
1037 2293
1037 2231
1147 2231
1147 2224
1189 2224
1189 2223
1068 2223
1068 2221
1063 2221
1063 2185
1059 2185
1059 1915
1061 1915
1061 1883
1010 1883
1010 1906
998 1906
998 1932
977 1932
977 1939
999 1939
999 1940
934 1940
934 1909
985 1909
985 1907
978 1907
978 1881
913 1881
913 1856
950 1856
950 1819
973 1819
973 1815
980 1815
980 1725
