4674
135 1
135 49
136 49
136 61
142 61
142 103
138 103
138 120
144 120
144 149
143 149
143 417
141 417
141 437
139 437
139 493
168 493
168 497
99 497
99 492
110 492
110 475
83 475
83 377
80 377
80 125
126 125
126 135
115 135
115 134
102 134
102 138
107 138
107 142
130 142
130 136
127 136
127 124
63 124
63 129
62 129
62 152
57 152
57 301
55 301
55 162
43 162
43 115
47 115
47 137
53 137
53 113
36 113
36 163
51 163
51 171
44 171
44 241
48 241
48 371
54 371
54 450
60 450
60 477
61 477
61 161
76 161
76 240
66 240
66 326
67 326
67 381
82 381
82 524
85 524
85 570
101 570
101 576
337 576
337 541
313 541
313 451
321 451
321 425
335 425
335 410
317 410
317 383
314 383
314 294
307 294
307 289
355 289
355 290
358 290
358 310
376 310
376 182
386 182
386 187
468 187
468 506
467 506
467 548
445 548
445 522
441 522
441 527
439 527
439 549
469 549
469 459
485 459
485 470
488 470
488 434
484 434
484 431
495 431
495 508
529 508
529 514
508 514
508 516
548 516
548 419
562 419
562 490
555 490
555 649
556 649
556 504
557 504
557 613
559 613
559 609
565 609
565 537
571 537
571 533
570 533
570 462
572 462
572 380
569 380
569 391
568 391
568 400
547 400
547 496
533 496
533 464
499 464
499 414
504 414
504 421
512 421
512 463
514 463
514 404
542 404
542 362
534 362
534 330
532 330
532 342
525 342
525 385
522 385
522 367
517 367
517 393
486 393
486 374
470 374
470 360
482 360
482 319
483 319
483 312
489 312
489 248
481 248
481 189
478 189
478 180
368 180
368 259
365 259
365 258
363 258
363 214
356 214
356 256
327 256
327 267
225 267
225 237
234 237
234 206
243 206
243 253
292 253
292 238
278 238
278 167
291 167
291 159
290 159
290 139
287 139
287 111
271 111
271 109
260 109
260 117
253 117
253 118
245 118
245 121
268 121
268 126
273 126
273 242
259 242
259 227
250 227
250 175
232 175
232 112
217 112
217 114
191 114
191 87
215 87
215 94
349 94
349 97
408 97
408 102
401 102
401 99
336 99
336 104
487 104
487 82
462 82
462 68
539 68
539 69
622 69
622 76
615 76
615 228
614 228
614 78
613 78
613 146
610 146
610 77
594 77
594 84
596 84
596 243
593 243
593 262
585 262
585 841
582 841
582 879
579 879
579 942
577 942
577 908
576 908
576 944
580 944
580 946
605 946
605 945
651 945
651 934
598 934
598 937
583 937
583 863
588 863
588 860
661 860
661 862
660 862
660 874
662 874
662 858
676 858
676 882
674 882
674 887
775 887
775 855
777 855
777 731
781 731
781 710
772 710
772 708
771 708
771 678
782 678
782 665
795 665
795 652
797 652
797 599
750 599
750 561
748 561
748 557
754 557
754 579
764 579
764 325
757 325
757 190
789 190
789 297
793 297
793 254
799 254
799 263
859 263
859 260
827 260
827 191
823 191
823 249
818 249
818 261
806 261
806 197
811 197
811 215
821 215
821 192
804 192
804 235
794 235
794 153
888 153
888 200
904 200
904 218
1019 218
1019 221
1298 221
1298 234
1288 234
1288 251
1271 251
1271 239
1268 239
1268 223
1263 223
1263 265
1291 265
1291 271
1294 271
1294 273
1208 273
1208 298
1209 298
1209 334
1182 334
1182 344
1180 344
1180 357
1567 357
1567 359
1558 359
1558 363
1612 363
1612 388
1607 388
1607 416
1597 416
1597 389
1513 389
1513 387
1440 387
1440 412
1421 412
1421 449
1419 449
1419 531
1381 531
1381 505
1369 505
1369 591
1378 591
1378 598
1400 598
1400 595
1471 595
1471 604
1442 604
1442 606
1371 606
1371 607
1508 607
1508 605
1565 605
1565 603
1481 603
1481 597
1598 597
1598 666
1571 666
1571 628
1585 628
1585 625
1430 625
1430 623
1342 623
1342 633
1368 633
1368 630
1415 630
1415 637
1536 637
1536 632
1552 632
1552 677
1602 677
1602 685
1388 685
1388 682
1543 682
1543 648
1511 648
1511 662
1541 662
1541 681
1470 681
1470 679
1392 679
1392 672
1391 672
1391 675
1380 675
1380 663
1439 663
1439 656
1364 656
1364 659
1373 659
1373 686
1324 686
1324 644
1318 644
1318 683
1305 683
1305 517
1293 517
1293 545
1088 545
1088 553
1086 553
1086 586
1083 586
1083 594
1079 594
1079 643
1087 643
1087 722
1093 722
1093 734
1099 734
1099 803
1102 803
1102 827
1076 827
1076 831
1073 831
1073 818
1072 818
1072 852
1065 852
1065 854
1077 854
1077 856
1041 856
1041 806
1036 806
1036 864
1121 864
1121 828
1112 828
1112 730
1095 730
1095 706
1109 706
1109 703
1134 703
1134 867
1090 867
1090 959
1168 959
1168 969
1183 969
1183 999
1242 999
1242 988
1193 988
1193 987
1215 987
1215 985
1274 985
1274 986
1259 986
1259 996
1282 996
1282 993
1310 993
1310 1028
1309 1028
1309 1029
1111 1029
1111 1030
1101 1030
1101 1042
1100 1042
1100 1044
1116 1044
1116 1049
1071 1049
1071 1088
1070 1088
1070 1081
1054 1081
1054 1104
1023 1104
1023 1055
1015 1055
1015 1010
1012 1010
1012 974
1013 974
1013 901
1003 901
1003 877
994 877
994 913
901 913
901 975
884 975
884 970
874 970
874 813
880 813
880 788
886 788
886 684
891 684
891 646
828 646
828 378
843 378
843 480
833 480
833 511
848 511
848 473
847 473
847 351
850 351
850 364
853 364
853 622
883 622
883 610
872 610
872 581
861 581
861 614
854 614
854 491
863 491
863 542
866 542
866 544
876 544
876 536
878 536
878 529
887 529
887 441
856 441
856 395
895 395
895 402
892 402
892 495
896 495
896 353
907 353
907 409
908 409
908 311
900 311
900 302
875 302
875 313
881 313
881 335
851 335
851 349
840 349
840 375
809 375
809 743
808 743
808 745
802 745
802 811
814 811
814 502
813 502
813 418
825 418
825 572
822 572
822 823
817 823
817 868
819 868
819 840
836 840
836 817
826 817
826 693
831 693
831 647
890 647
890 680
870 680
870 651
849 651
849 671
852 671
852 676
838 676
838 795
839 795
839 717
860 717
860 780
862 780
862 865
865 865
865 897
869 897
869 930
803 930
803 933
868 933
868 989
846 989
846 990
903 990
903 939
905 939
905 964
960 964
960 1007
928 1007
928 1012
966 1012
966 953
949 953
949 954
917 954
917 915
1008 915
1008 1011
1006 1011
1006 936
1002 936
1002 957
997 957
997 1062
1005 1062
1005 1069
935 1069
935 1086
941 1086
941 1071
991 1071
991 1089
1017 1089
1017 1112
1021 1112
1021 1140
1034 1140
1034 1146
1035 1146
1035 1125
1042 1125
1042 1136
1050 1136
1050 1120
1057 1120
1057 1108
1067 1108
1067 1123
1082 1123
1082 1127
1098 1127
1098 1106
1114 1106
1114 1134
1113 1134
1113 1172
1125 1172
1125 1129
1139 1129
1139 1105
1117 1105
1117 1098
1133 1098
1133 1079
1123 1079
1123 1054
1106 1054
1106 1074
1074 1074
1074 1053
1131 1053
1131 1040
1105 1040
1105 1038
1146 1038
1146 1036
1119 1036
1119 1034
1236 1034
1236 1131
1262 1131
1262 1147
1306 1147
1306 1154
1322 1154
1322 1133
1273 1133
1273 1117
1261 1117
1261 1087
1327 1087
1327 1063
1320 1063
1320 1084
1299 1084
1299 1082
1275 1082
1275 1064
1289 1064
1289 1059
1301 1059
1301 1052
1248 1052
1248 1041
1238 1041
1238 1032
1247 1032
1247 1033
1314 1033
1314 998
1328 998
1328 977
1290 977
1290 973
1214 973
1214 979
1211 979
1211 971
1348 971
1348 1048
1361 1048
1361 1077
1353 1077
1353 1083
1340 1083
1340 1099
1336 1099
1336 1116
1341 1116
1341 1090
1357 1090
1357 1122
1343 1122
1343 1124
1345 1124
1345 1173
1359 1173
1359 1205
1398 1205
1398 1204
1372 1204
1372 1198
1408 1198
1408 1263
1389 1263
1389 1267
1173 1267
1173 1274
1136 1274
1136 1269
834 1269
834 1257
882 1257
882 1256
835 1256
835 1253
939 1253
939 1255
938 1255
938 1264
1047 1264
1047 1265
1060 1265
1060 1252
816 1252
816 1247
792 1247
792 1243
919 1243
919 1241
1165 1241
1165 1237
1044 1237
1044 1202
1039 1202
1039 1233
1038 1233
1038 1235
1030 1235
1030 1195
1284 1195
1284 1192
1264 1192
1264 1191
1251 1191
1251 1187
1234 1187
1234 1188
1108 1188
1108 1189
1081 1189
1081 1194
1000 1194
1000 1220
996 1220
996 1236
930 1236
930 1238
906 1238
906 1234
855 1234
855 1239
783 1239
783 1232
832 1232
832 1215
845 1215
845 1228
993 1228
993 1223
894 1223
894 1207
785 1207
785 1208
773 1208
773 1242
778 1242
778 1248
780 1248
780 1262
686 1262
686 1278
669 1278
669 1190
673 1190
673 1135
671 1135
671 1141
670 1141
670 1184
668 1184
668 1197
667 1197
667 1281
693 1281
693 1266
779 1266
779 1277
898 1277
898 1270
1045 1270
1045 1276
1708 1276
1708 1260
1689 1260
1689 1240
1692 1240
1692 1222
1736 1222
1736 1219
1800 1219
1800 1224
1781 1224
1781 1225
1807 1225
1807 1221
1837 1221
1837 1227
1919 1227
1919 1226
1937 1226
1937 1303
1935 1303
1935 1320
1922 1320
1922 1318
1925 1318
1925 1308
1878 1308
1878 1307
1916 1307
1916 1300
1926 1300
1926 1299
1892 1299
1892 1286
1893 1286
1893 1284
1846 1284
1846 1298
1763 1298
1763 1311
1879 1311
1879 1345
1902 1345
1902 1346
1874 1346
1874 1322
1849 1322
1849 1325
1853 1325
1853 1353
1622 1353
1622 1352
1845 1352
1845 1336
1740 1336
1740 1340
1711 1340
1711 1350
1519 1350
1519 1344
1637 1344
1637 1343
1652 1343
1652 1332
1405 1332
1405 1333
1366 1333
1366 1334
1212 1334
1212 1328
879 1328
879 1330
745 1330
745 1329
726 1329
726 1326
717 1326
717 1324
710 1324
710 1349
689 1349
689 1359
687 1359
687 1347
683 1347
683 1323
738 1323
738 1317
718 1317
718 1319
714 1319
714 1321
682 1321
682 1361
690 1361
690 1351
798 1351
798 1331
1181 1331
1181 1335
1296 1335
1296 1337
1416 1337
1416 1338
1569 1338
1569 1342
1510 1342
1510 1357
1394 1357
1394 1354
1360 1354
1360 1355
1339 1355
1339 1341
1245 1341
1245 1339
1158 1339
1158 1348
1331 1348
1331 1358
1750 1358
1750 1356
1939 1356
1939 1217
1862 1217
1862 1212
1801 1212
1801 1210
1716 1210
1716 1216
1693 1216
1693 1206
1700 1206
1700 1203
1915 1203
1915 1209
1815 1209
1815 1211
1942 1211
1942 1250
1943 1250
1943 1282
1944 1282
1944 1288
1941 1288
1941 1306
1940 1306
1940 1394
1945 1394
1945 1370
1946 1370
1946 1201
1687 1201
1687 1199
1686 1199
1686 1275
1520 1275
1520 1273
1200 1273
1200 1271
1432 1271
1432 1272
1664 1272
1664 1268
1423 1268
1423 1259
1409 1259
1409 1181
1588 1181
1588 1170
1603 1170
1603 1174
1650 1174
1650 1139
1680 1139
1680 1144
1718 1144
1718 1155
1690 1155
1690 1176
1698 1176
1698 1186
1761 1186
1761 1183
1767 1183
1767 1185
1844 1185
1844 1182
1779 1182
1779 1164
1691 1164
1691 1163
1909 1163
1909 1162
1744 1162
1744 1160
1866 1160
1866 1158
1756 1158
1756 1159
1732 1159
1732 1149
1776 1149
1776 1143
1688 1143
1688 1114
1684 1114
1684 1119
1683 1119
1683 1118
1675 1118
1675 1138
1630 1138
1630 1137
1610 1137
1610 1100
1746 1100
1746 1102
1728 1102
1728 1103
1757 1103
1757 1080
1869 1080
1869 1058
1964 1058
1964 1073
1961 1073
1961 1111
1971 1111
1971 1230
1967 1230
1967 1245
1958 1245
1958 1166
1957 1166
1957 1152
1955 1152
1955 1251
1952 1251
1952 1130
1950 1130
1950 1128
1948 1128
1948 1384
1956 1384
1956 1388
1947 1388
1947 1397
1974 1397
1974 1414
1989 1414
1989 1415
1966 1415
1966 1428
1968 1428
1968 1429
1990 1429
1990 1455
1986 1455
1986 1477
1988 1477
1988 1472
1992 1472
1992 1471
1996 1471
1996 1460
1995 1460
1995 1405
1982 1405
1982 1411
1980 1411
1980 1403
1977 1403
1977 1389
1984 1389
1984 1364
1983 1364
1983 1381
1979 1381
1979 1371
1976 1371
1976 1379
1963 1379
1963 1382
1954 1382
1954 1294
1949 1294
1949 1218
1951 1218
1951 1254
1960 1254
1960 1279
1969 1279
1969 1302
1973 1302
1973 1296
1972 1296
1972 1258
1962 1258
1962 1249
1959 1249
1959 1246
1978 1246
1978 1200
1991 1200
1991 1214
1985 1214
1985 1280
1987 1280
1987 1297
2003 1297
2003 1313
2010 1313
2010 1312
2016 1312
2016 1310
2019 1310
2019 1360
2020 1360
2020 1426
2013 1426
2013 1445
2012 1445
2012 1427
2011 1427
2011 1363
2007 1363
2007 1417
2008 1417
2008 1452
2018 1452
2018 1439
2021 1439
2021 1374
2027 1374
2027 1437
2032 1437
2032 1436
2068 1436
2068 1450
2079 1450
2079 1449
2081 1449
2081 1466
2089 1466
2089 1465
2094 1465
2094 1431
2092 1431
2092 1399
2096 1399
2096 1430
2100 1430
2100 1410
2098 1410
2098 1385
2103 1385
2103 1409
2126 1409
2126 1416
2163 1416
2163 1408
2192 1408
2192 1401
2185 1401
2185 1404
2119 1404
2119 1378
2225 1378
2225 1369
2271 1369
2271 1380
2286 1380
2286 1386
2273 1386
2273 1387
2206 1387
2206 1392
2233 1392
2233 1396
2242 1396
2242 1393
2272 1393
2272 1398
2285 1398
2285 1400
2287 1400
2287 1383
2305 1383
2305 1420
2217 1420
2217 1469
2218 1469
2218 1501
2313 1501
2313 1502
2319 1502
2319 1499
2329 1499
2329 1493
2357 1493
2357 1506
2336 1506
2336 1544
2330 1544
2330 1524
2327 1524
2327 1517
2297 1517
2297 1513
2306 1513
2306 1503
2212 1503
2212 1507
2302 1507
2302 1511
2282 1511
2282 1522
2288 1522
2288 1541
2309 1541
2309 1533
2311 1533
2311 1532
2316 1532
2316 1528
2322 1528
2322 1554
2295 1554
2295 1558
2122 1558
2122 1557
2149 1557
2149 1555
2191 1555
2191 1552
2260 1552
2260 1539
2173 1539
2173 1538
2186 1538
2186 1536
2120 1536
2120 1537
2121 1537
2121 1540
2109 1540
2109 1534
2115 1534
2115 1527
2108 1527
2108 1515
2078 1515
2078 1505
2104 1505
2104 1504
2162 1504
2162 1510
2175 1510
2175 1500
2075 1500
2075 1512
2070 1512
2070 1514
2069 1514
2069 1519
2071 1519
2071 1516
2093 1516
2093 1529
2102 1529
2102 1564
2111 1564
2111 1545
2125 1545
2125 1543
2174 1543
2174 1550
2114 1550
2114 1563
2140 1563
2140 1562
2221 1562
2221 1560
2303 1560
2303 1575
2341 1575
2341 1573
2420 1573
2420 1570
2324 1570
2324 1567
2365 1567
2365 1569
2372 1569
2372 1566
2358 1566
2358 1559
2371 1559
2371 1549
2413 1549
2413 1547
2405 1547
2405 1542
2412 1542
2412 1530
2408 1530
2408 1488
2457 1488
2457 1492
2454 1492
2454 1496
2479 1496
2479 1577
2477 1577
2477 1591
2460 1591
2460 1614
2463 1614
2463 1712
2469 1712
2469 1786
2459 1786
2459 1884
2455 1884
2455 1900
2453 1900
2453 1914
2450 1914
2450 1929
2452 1929
2452 1948
2448 1948
2448 1978
2447 1978
2447 1875
2445 1875
2445 1601
2442 1601
2442 1594
2437 1594
2437 1834
2436 1834
2436 1793
2429 1793
2429 2376
2430 2376
2430 2482
2428 2482
2428 1996
2427 1996
2427 2001
2426 2001
2426 1630
2425 1630
2425 2472
2424 2472
2424 2498
2421 2498
2421 2466
2379 2466
2379 2292
2387 2292
2387 2307
2391 2307
2391 2461
2393 2461
2393 2286
2395 2286
2395 2256
2401 2256
2401 2080
2398 2080
2398 2096
2396 2096
2396 2068
2388 2068
2388 2088
2383 2088
2383 2037
2386 2037
2386 1822
2321 1822
2321 1817
2296 1817
2296 1806
2279 1806
2279 1803
2214 1803
2214 1812
2247 1812
2247 1807
2261 1807
2261 1825
2264 1825
2264 1827
2202 1827
2202 1826
1920 1826
1920 1816
2014 1816
2014 1811
1936 1811
1936 1797
2028 1797
2028 1788
2004 1788
2004 1794
1953 1794
1953 1783
1907 1783
1907 1805
1906 1805
1906 1808
1896 1808
1896 1776
1734 1776
1734 1818
1753 1818
1753 1832
1762 1832
1762 1823
1766 1823
1766 1922
1778 1922
1778 1984
1782 1984
1782 1989
1816 1989
1816 1995
1883 1995
1883 2022
1842 2022
1842 2024
1804 2024
1804 2017
1796 2017
1796 2011
1494 2011
1494 2006
1338 2006
1338 2013
1356 2013
1356 2018
1346 2018
1346 2025
1232 2025
1232 1964
1230 1964
1230 1953
1229 1953
1229 1738
1265 1738
1265 1733
1206 1733
1206 1721
1135 1721
1135 1707
1160 1707
1160 1705
1222 1705
1222 1680
983 1680
983 1700
964 1700
964 1725
957 1725
957 1668
680 1668
680 1682
590 1682
590 1684
494 1684
494 1689
492 1689
492 1693
474 1693
474 1703
411 1703
411 1605
385 1605
385 1599
309 1599
309 1600
381 1600
381 1629
380 1629
380 1628
374 1628
374 1623
366 1623
366 1633
387 1633
387 1640
341 1640
341 1636
340 1636
340 1606
339 1606
339 1631
333 1631
333 1641
338 1641
338 1694
326 1694
326 1654
322 1654
322 1691
316 1691
316 1749
318 1749
318 1991
323 1991
323 1780
324 1780
324 1763
329 1763
329 1931
328 1931
328 2066
332 2066
332 1789
331 1789
331 1813
330 1813
330 1734
346 1734
346 1758
348 1758
348 1736
372 1736
372 1778
370 1778
370 1904
367 1904
367 1854
359 1854
359 1986
357 1986
357 1987
382 1987
382 1869
375 1869
375 1727
345 1727
345 1676
343 1676
343 1660
397 1660
397 1838
398 1838
398 1933
394 1933
394 1985
392 1985
392 2008
389 2008
389 2016
350 2016
350 2042
353 2042
353 2210
379 2210
379 2244
378 2244
378 2416
347 2416
347 2397
361 2397
361 2394
310 2394
310 2309
275 2309
275 2369
248 2369
248 2373
252 2373
252 2374
239 2374
239 2365
233 2365
233 2335
237 2335
237 2324
204 2324
204 2337
197 2337
197 2372
111 2372
111 2344
68 2344
68 2303
73 2303
73 2289
72 2289
72 2156
74 2156
74 2143
79 2143
79 2168
78 2168
78 2226
97 2226
97 2104
100 2104
100 2049
103 2049
103 2002
105 2002
105 1994
128 1994
128 1971
65 1971
65 1963
25 1963
25 1962
9 1962
9 1848
26 1848
26 1831
29 1831
29 1801
30 1801
30 1782
28 1782
28 1764
40 1764
40 1635
42 1635
42 1625
46 1625
46 1590
106 1590
106 1589
35 1589
35 1588
93 1588
93 1586
41 1586
41 1581
1 1581
1 1587
34 1587
34 1610
33 1610
33 1663
39 1663
39 1664
37 1664
37 1762
24 1762
24 1796
22 1796
22 1729
20 1729
20 1709
18 1709
18 1662
21 1662
21 1632
27 1632
27 1611
13 1611
13 1602
11 1602
11 1615
15 1615
15 1719
12 1719
12 1698
14 1698
14 1674
10 1674
10 1754
19 1754
19 1821
17 1821
17 1802
7 1802
7 1965
6 1965
6 1967
58 1967
58 1970
4 1970
4 1597
2 1597
2 1607
3 1607
3 1973
122 1973
122 1974
84 1974
84 2035
86 2035
86 2040
96 2040
96 2160
95 2160
95 2203
91 2203
91 2128
49 2128
49 2272
45 2272
45 2310
52 2310
52 2389
50 2389
50 2438
87 2438
87 2442
108 2442
108 2455
263 2455
263 2457
160 2457
160 2458
244 2458
244 2462
270 2462
270 2451
269 2451
269 2454
228 2454
228 2449
208 2449
208 2450
132 2450
132 2452
170 2452
170 2453
125 2453
125 2423
119 2423
119 2431
59 2431
59 2349
71 2349
71 2361
77 2361
77 2380
140 2380
140 2381
69 2381
69 2388
64 2388
64 2420
90 2420
90 2391
109 2391
109 2387
89 2387
89 2384
219 2384
219 2326
221 2326
221 2363
226 2363
226 2379
258 2379
258 2392
220 2392
220 2404
279 2404
279 2401
281 2401
281 2403
285 2403
285 2350
277 2350
277 2314
296 2314
296 2327
306 2327
306 2328
294 2328
294 2346
297 2346
297 2408
308 2408
308 2422
319 2422
319 2427
311 2427
311 2430
352 2430
352 2419
405 2419
405 2448
442 2448
442 2421
458 2421
458 2398
471 2398
471 2359
466 2359
466 2217
479 2217
479 2098
477 2098
477 2102
465 2102
465 2099
464 2099
464 2120
449 2120
449 1927
455 1927
455 1952
456 1952
456 1844
473 1844
473 1851
500 1851
500 1888
498 1888
498 1928
501 1928
501 2030
502 2030
502 2082
505 2082
505 2179
507 2179
507 1981
503 1981
503 1847
493 1847
493 1837
452 1837
452 1845
451 1845
451 1800
509 1800
509 1799
510 1799
510 1774
513 1774
513 1795
551 1795
551 1809
524 1809
524 1824
535 1824
535 1835
536 1835
536 1839
526 1839
526 2202
523 2202
523 2048
521 2048
521 2198
515 2198
515 2239
574 2239
574 2268
607 2268
607 2276
544 2276
544 2280
537 2280
537 2336
540 2336
540 2320
543 2320
543 2437
541 2437
541 2446
550 2446
550 2445
553 2445
553 2434
545 2434
545 2338
558 2338
558 2308
554 2308
554 2282
566 2282
566 2285
646 2285
646 2278
621 2278
621 2273
675 2273
675 2323
606 2323
606 2330
678 2330
678 2321
677 2321
677 2284
684 2284
684 2266
644 2266
644 2264
634 2264
634 2247
635 2247
635 2254
652 2254
652 2250
649 2250
649 2240
608 2240
608 2259
604 2259
604 2180
603 2180
603 2067
578 2067
578 2105
595 2105
595 2165
584 2165
584 2235
567 2235
567 2237
528 2237
528 1874
531 1874
531 1873
560 1873
560 1769
530 1769
530 1771
444 1771
444 1772
475 1772
475 1773
436 1773
436 1790
447 1790
447 1830
433 1830
433 1857
450 1857
450 1889
424 1889
424 1894
421 1894
421 2009
426 2009
426 1916
430 1916
430 1892
446 1892
446 2116
438 2116
438 2106
425 2106
425 2133
459 2133
459 2192
429 2192
429 2251
435 2251
435 2257
453 2257
453 2253
440 2253
440 2196
463 2196
463 2304
461 2304
461 2390
420 2390
420 2405
443 2405
443 2412
416 2412
416 2414
434 2414
434 2425
428 2425
428 2436
431 2436
431 2444
427 2444
427 2418
412 2418
412 2429
410 2429
410 2433
409 2433
409 2413
384 2413
384 2298
383 2298
383 2249
388 2249
388 2230
391 2230
391 2291
393 2291
393 2313
403 2313
403 2229
396 2229
396 2206
373 2206
373 2205
354 2205
354 2019
362 2019
362 2020
377 2020
377 2026
371 2026
371 2051
400 2051
400 1781
399 1781
399 1609
406 1609
406 1704
520 1704
520 1701
575 1701
575 1714
460 1714
460 1737
490 1737
490 1718
506 1718
506 1744
527 1744
527 1745
538 1745
538 1731
552 1731
552 1740
549 1740
549 1743
561 1743
561 1751
650 1751
650 1746
589 1746
589 1730
602 1730
602 1728
581 1728
581 1692
618 1692
618 1706
637 1706
637 1697
712 1697
712 1696
725 1696
725 1687
727 1687
727 1686
685 1686
685 1670
893 1670
893 1671
902 1671
902 1695
867 1695
867 1699
871 1699
871 1708
857 1708
857 1767
841 1767
841 1710
824 1710
824 1750
820 1750
820 1741
812 1741
812 1724
801 1724
801 1765
805 1765
805 1836
807 1836
807 1876
842 1876
842 1864
844 1864
844 1792
837 1792
837 1791
830 1791
830 1785
858 1785
858 1755
899 1755
899 1747
877 1747
877 1742
897 1742
897 1717
909 1717
909 1672
954 1672
954 1732
956 1732
956 1766
965 1766
965 1814
955 1814
955 1768
943 1768
943 1843
926 1843
926 1846
916 1846
916 1787
923 1787
923 1752
918 1752
918 1775
912 1775
912 1853
910 1853
910 1941
1024 1941
1024 1954
975 1954
975 1950
951 1950
951 1957
959 1957
959 1961
1032 1961
1032 1925
1040 1925
1040 1893
1051 1893
1051 1937
1052 1937
1052 1966
1053 1966
1053 2191
1016 2191
1016 2193
990 2193
990 2169
1009 2169
1009 2153
1029 2153
1029 2184
1033 2184
1033 2147
1007 2147
1007 2139
936 2139
936 2152
945 2152
945 2140
981 2140
981 2177
963 2177
963 2242
976 2242
976 2261
970 2261
970 2281
962 2281
962 2283
974 2283
974 2288
933 2288
933 2214
929 2214
929 2245
927 2245
927 2044
921 2044
921 2215
924 2215
924 2271
925 2271
925 2432
932 2432
932 2385
937 2385
937 2426
1194 2426
1194 2424
940 2424
940 2393
969 2393
969 2399
953 2399
953 2409
958 2409
958 2415
971 2415
971 2375
947 2375
947 2360
944 2360
944 2347
989 2347
989 2342
1103 2342
1103 2343
1128 2343
1128 2312
1153 2312
1153 2311
1104 2311
1104 2339
946 2339
946 2301
942 2301
942 2300
967 2300
967 2299
988 2299
988 2212
987 2212
987 2204
1028 2204
1028 2199
1046 2199
1046 2208
1056 2208
1056 2219
1020 2219
1020 2233
1022 2233
1022 2236
995 2236
995 2246
1004 2246
1004 2263
1026 2263
1026 2295
1619 2295
1619 2302
1420 2302
1420 2317
1507 2317
1507 2332
1515 2332
1515 2378
1492 2378
1492 2364
1489 2364
1489 2355
1448 2355
1448 2353
1399 2353
1399 2356
1333 2356
1333 2406
1335 2406
1335 2417
1411 2417
1411 2407
1347 2407
1347 2357
1401 2357
1401 2354
1445 2354
1445 2382
1462 2382
1462 2395
1463 2395
1463 2402
1484 2402
1484 2386
1517 2386
1517 2411
1518 2411
1518 2367
1524 2367
1524 2305
1525 2305
1525 2352
1572 2352
1572 2358
1535 2358
1535 2368
1595 2368
1595 2351
1547 2351
1547 2334
1581 2334
1581 2345
1609 2345
1609 2370
1623 2370
1623 2325
1674 2325
1674 2371
1661 2371
1661 2340
1657 2340
1657 2377
1659 2377
1659 2428
1576 2428
1576 2439
1590 2439
1590 2440
1450 2440
1450 2441
1367 2441
1367 2443
1395 2443
1395 2447
1592 2447
1592 2460
1695 2460
1695 2459
1651 2459
1651 2456
1604 2456
1604 2435
1667 2435
1667 2410
1669 2410
1669 2400
1672 2400
1672 2396
1681 2396
1681 2322
1557 2322
1557 2331
1542 2331
1542 2306
1620 2306
1620 2296
1673 2296
1673 2294
1217 2294
1217 2287
1178 2287
1178 2293
1037 2293
1037 2231
1147 2231
1147 2224
1189 2224
1189 2174
1192 2174
1192 2092
1190 2092
1190 2071
1205 2071
1205 2065
1197 2065
1197 2069
1187 2069
1187 2124
1186 2124
1186 2095
1167 2095
1167 2085
1164 2085
1164 2083
1159 2083
1159 2062
1177 2062
1177 2055
1349 2055
1349 2064
1551 2064
1551 2072
1475 2072
1475 2097
1662 2097
1662 2107
1483 2107
1483 2129
1472 2129
1472 2103
1455 2103
1455 2151
1467 2151
1467 2163
1326 2163
1326 2159
1319 2159
1319 2161
1295 2161
1295 2172
1255 2172
1255 2126
1272 2126
1272 2123
1269 2123
1269 2122
1266 2122
1266 2081
1329 2081
1329 2075
1385 2075
1385 2079
1387 2079
1387 2078
1404 2078
1404 2074
1321 2074
1321 2073
1246 2073
1246 2087
1221 2087
1221 2091
1252 2091
1252 2150
1241 2150
1241 2166
1224 2166
1224 2188
1239 2188
1239 2182
1277 2182
1277 2176
1334 2176
1334 2181
1315 2181
1315 2194
1374 2194
1374 2190
1382 2190
1382 2187
1559 2187
1559 2211
1615 2211
1615 2213
1618 2213
1618 2227
1427 2227
1427 2220
1418 2220
1418 2218
1397 2218
1397 2225
1370 2225
1370 2228
1624 2228
1624 2186
1443 2186
1443 2171
1428 2171
1428 2173
1403 2173
1403 2178
1337 2178
1337 2170
1456 2170
1456 2164
1540 2164
1540 2155
1502 2155
1502 2141
1512 2141
1512 2154
1522 2154
1522 2134
1486 2134
1486 2119
1509 2119
1509 2117
1534 2117
1534 2113
1670 2113
1670 2110
1682 2110
1682 2086
1641 2086
1641 2090
1632 2090
1632 2094
1546 2094
1546 2093
1562 2093
1562 2060
1553 2060
1553 2058
1521 2058
1521 2052
1317 2052
1317 2054
1126 2054
1126 2056
1075 2056
1075 1951
1150 1951
1150 1969
1149 1969
1149 1977
1148 1977
1148 1990
1157 1990
1157 1979
1176 1979
1176 1921
1163 1921
1163 1861
1161 1861
1161 1855
1144 1855
1144 1899
1127 1899
1127 1926
1169 1926
1169 1934
1085 1934
1085 1947
1066 1947
1066 2053
1069 2053
1069 2061
1130 2061
1130 2070
1155 2070
1155 2076
1137 2076
1137 2077
1156 2077
1156 2109
1172 2109
1172 2130
1179 2130
1179 2136
1188 2136
1188 2158
1185 2158
1185 2200
1154 2200
1154 2223
1068 2223
1068 2221
1063 2221
1063 2185
1059 2185
1059 1915
1061 1915
1061 1850
1049 1850
1049 1883
1010 1883
1010 1906
998 1906
998 1932
977 1932
977 1939
999 1939
999 1940
934 1940
934 1909
985 1909
985 1841
982 1841
982 1907
978 1907
978 1881
913 1881
913 1856
950 1856
950 1819
973 1819
973 1815
980 1815
980 1716
1043 1716
1043 1723
1064 1723
1064 1713
986 1713
986 1685
1115 1685
1115 1681
1151 1681
1151 1683
1132 1683
1132 1711
1122 1711
1122 1761
1141 1761
1141 1770
1196 1770
1196 1760
1166 1760
1166 1757
1129 1757
1129 1756
1184 1756
1184 1753
1198 1753
1198 1739
1195 1739
1195 1748
1170 1748
1170 1735
1228 1735
1228 1982
1223 1982
1223 1960
1219 1960
1219 2028
1225 2028
1225 2036
1311 2036
1311 2029
1363 2029
1363 2010
1377 2010
1377 2014
1396 2014
1396 2012
1705 2012
1705 2015
1721 2015
1721 2023
1699 2023
1699 2033
1777 2033
1777 2032
1843 2032
1843 2038
1663 2038
1663 2039
1668 2039
1668 2041
1872 2041
1872 2027
1873 2027
1873 2045
1852 2045
1852 2050
1870 2050
1870 2046
1929 2046
1929 1924
1904 1924
1904 1917
1938 1917
1938 1908
1928 1908
1928 1867
1970 1867
1970 1866
1917 1866
1917 1871
1903 1871
1903 2005
1901 2005
1901 2021
1912 2021
1912 1936
1921 1936
1921 2043
1897 2043
1897 2031
1887 2031
1887 1879
1886 1879
1886 1935
1882 1935
1882 1992
1856 1992
1856 1958
1847 1958
1847 1976
1821 1976
1821 1877
1814 1877
1814 1911
1811 1911
1811 1975
1788 1975
1788 1897
1770 1897
1770 1779
1773 1779
1773 1804
1895 1804
1895 1810
1792 1810
1792 1833
1809 1833
1809 1842
1817 1842
1817 1858
1833 1858
1833 1840
1819 1840
1819 1820
1848 1820
1848 1829
2234 1829
2234 1828
2384 1828
2384 1886
2378 1886
2378 1890
2380 1890
2380 2243
2381 2243
2381 2057
2382 2057
2382 2197
2389 2197
2389 2175
2385 2175
2385 2149
2390 2149
2390 2144
2394 2144
2394 2279
2377 2279
2377 2318
2375 2318
2375 2348
2376 2348
2376 2468
2400 2468
2400 2477
2352 2477
2352 2473
2291 2473
2291 2474
2255 2474
2255 2475
2227 2475
2227 2470
2284 2470
2284 2469
2142 2469
2142 2467
2117 2467
2117 2471
2223 2471
2223 2486
2239 2486
2239 2492
2269 2492
2269 2495
2301 2495
2301 2493
2354 2493
2354 2496
2368 2496
2368 2489
2361 2489
2361 2490
2353 2490
2353 2491
2248 2491
2248 2476
2351 2476
2351 2480
2300 2480
2300 2481
2367 2481
2367 2483
2392 2483
2392 2478
2397 2478
2397 2500
2403 2500
2403 2479
2416 2479
2416 2484
2417 2484
2417 2499
2499 2499
2499 2464
2500 2464
2500 2463
2490 2463
2490 2497
2446 2497
2446 2488
2483 2488
2483 2487
2456 2487
2456 2485
2449 2485
2449 2465
2443 2465
2443 2494
2433 2494
2433 2383
2435 2383
2435 2255
2432 2255
2432 2162
2431 2162
2431 1998
2441 1998
2441 1887
2439 1887
2439 1878
2438 1878
2438 1603
2444 1603
2444 1983
2451 1983
2451 1959
2458 1959
2458 2034
2466 2034
2466 1910
2461 1910
2461 1798
2462 1798
2462 1882
2464 1882
2464 1859
2467 1859
2467 2277
2470 2277
2470 1949
2471 1949
2471 1944
2468 1944
2468 1868
2474 1868
2474 1784
2473 1784
2473 1648
2472 1648
2472 1690
2465 1690
2465 1598
2476 1598
2476 1595
2488 1595
2488 1596
2494 1596
2494 1579
2498 1579
2498 1576
2497 1576
2497 1520
2495 1520
2495 1521
2496 1521
2496 1556
2493 1556
2493 1571
2492 1571
2492 1592
2491 1592
2491 1593
2478 1593
2478 1584
2482 1584
2482 1583
2485 1583
2485 1582
2489 1582
2489 1509
2486 1509
2486 1489
2484 1489
2484 1531
2487 1531
2487 1578
2480 1578
2480 1495
2475 1495
2475 1487
2440 1487
2440 1484
2434 1484
2434 1483
2481 1483
2481 1478
2423 1478
2423 1457
2418 1457
2418 1440
2414 1440
2414 1425
2415 1425
2415 1418
2410 1418
2410 1441
2409 1441
2409 1462
2407 1462
2407 1464
2404 1464
2404 1475
2411 1475
2411 1470
2419 1470
2419 1479
2422 1479
2422 1485
2406 1485
2406 1526
2402 1526
2402 1535
2399 1535
2399 1548
2373 1548
2373 1525
2350 1525
2350 1546
2344 1546
2344 1565
2337 1565
2337 1508
2347 1508
2347 1523
2374 1523
2374 1518
2370 1518
2370 1491
2326 1491
2326 1486
2312 1486
2312 1494
2310 1494
2310 1498
2304 1498
2304 1497
2220 1497
2220 1490
2224 1490
2224 1482
2230 1482
2230 1481
2240 1481
2240 1480
2253 1480
2253 1476
2277 1476
2277 1451
2280 1451
2280 1443
2266 1443
2266 1442
2298 1442
2298 1454
2293 1454
2293 1458
2278 1458
2278 1459
2349 1459
2349 1468
2355 1468
2355 1473
2359 1473
2359 1453
2346 1453
2346 1448
2362 1448
2362 1438
2331 1438
2331 1433
2252 1433
2252 1434
2245 1434
2245 1447
2268 1447
2268 1467
2231 1467
2231 1474
2226 1474
2226 1463
2229 1463
2229 1446
2235 1446
2235 1424
2219 1424
2219 1422
2307 1422
2307 1366
2314 1366
2314 1423
2334 1423
2334 1413
2317 1413
2317 1412
2332 1412
2332 1406
2320 1406
2320 1365
2289 1365
2289 1362
2167 1362
2167 1367
2112 1367
2112 1368
2159 1368
2159 1372
2076 1372
2076 1373
2157 1373
2157 1375
2127 1375
2127 1376
2145 1376
2145 1377
2073 1377
2073 1390
2084 1390
2084 1391
2082 1391
2082 1395
2086 1395
2086 1421
2087 1421
2087 1407
2091 1407
2091 1432
2090 1432
2090 1461
2085 1461
2085 1456
2083 1456
2083 1444
2080 1444
2080 1435
2034 1435
2034 1419
2041 1419
2041 1402
2033 1402
2033 1316
2065 1316
2065 1283
2057 1283
2057 926
2058 926
2058 940
2059 940
2059 914
2067 914
2067 871
2066 871
2066 801
2063 801
2063 809
2062 809
2062 705
2176 705
2176 741
2164 741
2164 875
2165 875
2165 810
2169 810
2169 880
2138 880
2138 832
2137 832
2137 783
2136 783
2136 736
2124 736
2124 737
2118 737
2118 773
2123 773
2123 740
2128 740
2128 766
2135 766
2135 770
2129 770
2129 798
2132 798
2132 820
2131 820
2131 889
2133 889
2133 890
2168 890
2168 893
2171 893
2171 878
2172 878
2172 816
2181 816
2181 833
2209 833
2209 825
2256 825
2256 812
2201 812
2201 786
2199 786
2199 781
2211 781
2211 805
2222 805
2222 779
2207 779
2207 763
2237 763
2237 802
2335 802
2335 922
2338 922
2338 1004
2328 1004
2328 978
2318 978
2318 938
2325 938
2325 932
2315 932
2315 947
2308 947
2308 1006
2294 1006
2294 1015
2283 1015
2283 1005
2292 1005
2292 976
2281 976
2281 1018
2299 1018
2299 1023
2249 1023
2249 951
2250 951
2250 1000
2275 1000
2275 906
2270 906
2270 896
2262 896
2262 885
2258 885
2258 905
2263 905
2263 919
2216 919
2216 924
2213 924
2213 900
2205 900
2205 895
2180 895
2180 1009
2178 1009
2178 995
2147 995
2147 1017
2146 1017
2146 984
2143 984
2143 982
2141 982
2141 929
2148 929
2148 943
2155 943
2155 981
2156 981
2156 925
2139 925
2139 1043
2144 1043
2144 1085
2151 1085
2151 1107
2134 1107
2134 1110
2116 1110
2116 1050
2110 1050
2110 1031
2107 1031
2107 1024
2099 1024
2099 1027
2088 1027
2088 1045
2095 1045
2095 1096
2077 1096
2077 992
2074 992
2074 1113
2097 1113
2097 1046
2106 1046
2106 1070
2101 1070
2101 1076
2113 1076
2113 1115
2152 1115
2152 1126
2158 1126
2158 1093
2154 1093
2154 1078
2150 1078
2150 1019
2153 1019
2153 1022
2166 1022
2166 1026
2170 1026
2170 1068
2183 1068
2183 1067
2188 1067
2188 1151
2105 1151
2105 1157
2130 1157
2130 1161
2072 1161
2072 1171
2161 1171
2161 1175
2177 1175
2177 1167
2160 1167
2160 1153
2189 1153
2189 967
2194 967
2194 1035
2190 1035
2190 1047
2197 1047
2197 904
2203 904
2203 923
2198 923
2198 1002
2204 1002
2204 927
2236 927
2236 920
2267 920
2267 909
2274 909
2274 966
2259 966
2259 980
2257 980
2257 956
2254 956
2254 949
2243 949
2243 1039
2251 1039
2251 1025
2348 1025
2348 1021
2323 1021
2323 1016
2333 1016
2333 1014
2360 1014
2360 1001
2366 1001
2366 997
2342 997
2342 994
2369 994
2369 965
2340 965
2340 991
2339 991
2339 958
2363 958
2363 948
2364 948
2364 941
2356 941
2356 935
2345 935
2345 850
2343 850
2343 800
2238 800
2238 799
2246 799
2246 760
2290 760
2290 748
2244 748
2244 720
2276 720
2276 719
2265 719
2265 704
2200 704
2200 728
2210 728
2210 726
2215 726
2215 752
2228 752
2228 716
2232 716
2232 721
2241 721
2241 756
2208 756
2208 757
2195 757
2195 759
2196 759
2196 821
2193 821
2193 830
2187 830
2187 826
2182 826
2182 782
2184 782
2184 755
2179 755
2179 699
2047 699
2047 724
2038 724
2038 857
2031 857
2031 881
2023 881
2023 883
2035 883
2035 1008
2036 1008
2036 1109
2026 1109
2026 1132
2037 1132
2037 869
2039 869
2039 797
2040 797
2040 744
2042 744
2042 725
2048 725
2048 733
2055 733
2055 742
2060 742
2060 824
2061 824
2061 870
2056 870
2056 1305
2064 1305
2064 1309
2054 1309
2054 1301
2053 1301
2053 910
2044 910
2044 918
2052 918
2052 1231
2051 1231
2051 1244
2050 1244
2050 1145
2046 1145
2046 1013
2045 1013
2045 1229
2049 1229
2049 1285
2043 1285
2043 1314
2030 1314
2030 1289
2022 1289
2022 1287
1999 1287
1999 1261
2005 1261
2005 1213
2000 1213
2000 1196
2009 1196
2009 1142
2006 1142
2006 1168
2002 1168
2002 1065
2001 1065
2001 1165
1997 1165
1997 1290
2029 1290
2029 1315
2025 1315
2025 1327
2024 1327
2024 1304
2015 1304
2015 1295
1998 1295
1998 1293
2017 1293
2017 1292
1993 1292
1993 1291
1994 1291
1994 1178
1981 1178
1981 1121
1975 1121
1975 1101
1965 1101
1965 1056
1836 1056
1836 1057
1820 1057
1820 1051
1737 1051
1737 1061
1839 1061
1839 1060
1861 1060
1861 1072
1805 1072
1805 1075
1758 1075
1758 1066
1745 1066
1745 1092
1730 1092
1730 1094
1714 1094
1714 1095
1646 1095
1646 1091
1640 1091
1640 1097
1600 1097
1600 1156
1589 1156
1589 1148
1555 1148
1555 1150
1566 1150
1566 1169
1570 1169
1570 1180
1412 1180
1412 1179
1406 1179
1406 1193
1386 1193
1386 1177
1365 1177
1365 1020
1355 1020
1355 1037
1350 1037
1350 972
1352 972
1352 950
1351 950
1351 961
1292 961
1292 962
1258 962
1258 968
1174 968
1174 960
1204 960
1204 952
1096 952
1096 917
1118 917
1118 911
1092 911
1092 873
1124 873
1124 886
1138 886
1138 928
1142 928
1142 735
1140 735
1140 702
1107 702
1107 673
1091 673
1091 658
1089 658
1089 618
1094 618
1094 569
1097 569
1097 556
1191 556
1191 552
1120 552
1120 547
1286 547
1286 568
1302 568
1302 694
1199 694
1199 700
1201 700
1201 912
1235 912
1235 916
1276 916
1276 907
1281 907
1281 903
1267 903
1267 894
1390 894
1390 899
1465 899
1465 898
1431 898
1431 892
1466 892
1466 955
1477 955
1477 983
1454 983
1454 1003
1495 1003
1495 963
1503 963
1503 931
1490 931
1490 921
1469 921
1469 888
1480 888
1480 876
1459 876
1459 891
1243 891
1243 902
1213 902
1213 866
1203 866
1203 804
1202 804
1202 696
1308 696
1308 688
1325 688
1325 687
1375 687
1375 691
1417 691
1417 689
1606 689
1606 697
1580 697
1580 707
1560 707
1560 712
1537 712
1537 723
1599 723
1599 739
1514 739
1514 776
1587 776
1587 787
1554 787
1554 778
1549 778
1549 846
1564 846
1564 859
1593 859
1593 793
1583 793
1583 836
1550 836
1550 789
1563 789
1563 796
1579 796
1579 792
1605 792
1605 774
1539 774
1539 750
1584 750
1584 747
1617 747
1617 729
1616 729
1616 715
1548 715
1548 713
1608 713
1608 642
1614 642
1614 639
1625 639
1625 838
1628 838
1628 784
1627 784
1627 627
1647 627
1647 626
1639 626
1639 600
1631 600
1631 588
1591 588
1591 585
1573 585
1573 582
1556 582
1556 596
1530 596
1530 539
1635 539
1635 534
1629 534
1629 520
1586 520
1586 530
1529 530
1529 559
1485 559
1485 566
1506 566
1506 590
1482 590
1482 589
1444 589
1444 584
1376 584
1376 538
1393 538
1393 564
1422 564
1422 485
1425 485
1425 453
1429 453
1429 467
1446 467
1446 394
1447 394
1447 407
1449 407
1449 392
1452 392
1452 420
1458 420
1458 397
1476 397
1476 399
1473 399
1473 430
1478 430
1478 438
1491 438
1491 428
1496 428
1496 456
1528 456
1528 413
1577 413
1577 423
1613 423
1613 452
1653 452
1653 447
1678 447
1678 427
1679 427
1679 406
1676 406
1676 372
1666 372
1666 183
1649 183
1649 148
1703 148
1703 224
1702 224
1702 339
1722 339
1722 250
1723 250
1723 207
1760 207
1760 202
1769 202
1769 225
1772 225
1772 337
1791 337
1791 370
1802 370
1802 479
1806 479
1806 503
1798 503
1798 481
1794 481
1794 422
1759 422
1759 415
1741 415
1741 432
1710 432
1710 408
1709 408
1709 440
1707 440
1707 466
1712 466
1712 468
1685 468
1685 483
1704 483
1704 482
1724 482
1724 554
1729 554
1729 558
1731 558
1731 448
1751 448
1751 444
1786 444
1786 446
1790 446
1790 501
1783 501
1783 507
1797 507
1797 546
1793 546
1793 577
1748 577
1748 619
1733 619
1733 611
1701 611
1701 616
1725 616
1725 621
1789 621
1789 617
1795 617
1795 620
1894 620
1894 488
1911 488
1911 513
1899 513
1899 523
1905 523
1905 521
1923 521
1923 535
1930 535
1930 635
1931 635
1931 593
1932 593
1932 640
1927 640
1927 634
1908 634
1908 624
1875 624
1875 629
1884 629
1884 657
1865 657
1865 664
1834 664
1834 650
1784 650
1784 661
1771 661
1771 655
1764 655
1764 746
1755 746
1755 769
1749 769
1749 701
1752 701
1752 692
1713 692
1713 698
1726 698
1726 709
1742 709
1742 711
1735 711
1735 718
1747 718
1747 753
1743 753
1743 772
1738 772
1738 777
1739 777
1739 790
1727 790
1727 808
1719 808
1719 814
1715 814
1715 861
1823 861
1823 829
1850 829
1850 845
1858 845
1858 839
1860 839
1860 849
1867 849
1867 765
1868 765
1868 761
1841 761
1841 791
1838 791
1838 785
1818 785
1818 847
1780 847
1780 851
1754 851
1754 794
1765 794
1765 695
1775 695
1775 668
1785 668
1785 674
1787 674
1787 667
1812 667
1812 670
1898 670
1898 660
1918 660
1918 641
1933 641
1933 608
1934 608
1934 411
1924 411
1924 328
1914 328
1914 210
1913 210
1913 231
1910 231
1910 457
1891 457
1891 270
1900 270
1900 264
1889 264
1889 472
1890 472
1890 578
1876 578
1876 526
1880 526
1880 478
1877 478
1877 292
1855 292
1855 277
1851 277
1851 300
1859 300
1859 356
1857 356
1857 358
1863 358
1863 345
1864 345
1864 486
1854 486
1854 489
1871 489
1871 580
1888 580
1888 615
1831 615
1831 612
1768 612
1768 601
1810 601
1810 592
1826 592
1826 560
1803 560
1803 555
1825 555
1825 401
1828 401
1828 458
1840 458
1840 454
1830 454
1830 333
1835 333
1835 245
1832 245
1832 247
1827 247
1827 201
1824 201
1824 323
1829 323
1829 324
1822 324
1822 498
1813 498
1813 424
1808 424
1808 369
1799 369
1799 329
1774 329
1774 196
1720 196
1720 222
1706 222
1706 145
1645 145
1645 212
1643 212
1643 150
1642 150
1642 160
1523 160
1523 156
1500 156
1500 169
1464 169
1464 208
1453 208
1453 285
1451 285
1451 268
1438 268
1438 266
1435 266
1435 141
1383 141
1383 157
1414 157
1414 166
1413 166
1413 176
1433 176
1433 220
1402 220
1402 219
1379 219
1379 236
1426 236
1426 291
1436 291
1436 303
1441 303
1441 305
1532 305
1532 309
1527 309
1527 316
1545 316
1545 282
1575 282
1575 257
1538 257
1538 304
1526 304
1526 293
1460 293
1460 286
1516 286
1516 284
1461 284
1461 232
1544 232
1544 211
1533 211
1533 205
1468 205
1468 173
1561 173
1561 172
1568 172
1568 164
1636 164
1636 226
1648 226
1648 230
1654 230
1654 229
1656 229
1656 199
1665 199
1665 272
1621 272
1621 278
1611 278
1611 280
1578 280
1578 307
1596 307
1596 295
1594 295
1594 288
1658 288
1658 320
1644 320
1644 341
1634 341
1634 352
1655 352
1655 373
1660 373
1660 436
1638 436
1638 435
1626 435
1626 390
1633 390
1633 355
1601 355
1601 354
1231 354
1231 343
1256 343
1256 340
1303 340
1303 350
1354 350
1354 338
1344 338
1344 348
1330 348
1330 336
1244 336
1244 332
1270 332
1270 327
1210 327
1210 275
1218 275
1218 315
1283 315
1283 299
1285 299
1285 287
1278 287
1278 314
1237 314
1237 281
1300 281
1300 217
911 217
911 209
972 209
972 204
1011 204
1011 195
1014 195
1014 193
1001 193
1001 194
922 194
922 177
914 177
914 178
920 178
920 181
889 181
889 155
948 155
948 151
787 151
787 165
759 165
759 130
992 130
992 128
756 128
756 306
755 306
755 331
763 331
763 509
761 509
761 484
752 484
752 499
747 499
747 376
753 376
753 233
741 233
741 276
739 276
739 296
743 296
743 573
737 573
737 347
733 347
733 170
740 170
740 123
734 123
734 143
732 143
732 119
730 119
730 174
731 174
731 528
736 528
736 550
724 550
724 602
786 602
786 638
788 638
788 636
791 636
791 631
796 631
796 645
765 645
765 653
769 653
769 751
768 751
768 758
746 758
746 749
729 749
729 738
728 738
728 754
735 754
735 834
744 834
744 771
742 771
742 764
749 764
749 768
758 768
758 837
760 837
760 835
767 835
767 815
774 815
774 884
691 884
691 848
643 848
643 844
664 844
664 843
694 843
694 872
715 872
715 853
704 853
704 807
713 807
713 819
723 819
723 654
722 654
722 518
707 518
707 405
709 405
709 512
716 512
716 403
703 403
703 308
711 308
711 246
701 246
701 203
708 203
708 198
721 198
721 168
700 168
700 317
698 317
698 346
697 346
697 379
702 379
702 461
705 461
705 574
720 574
720 767
719 767
719 732
706 732
706 775
699 775
699 714
695 714
695 822
692 822
692 842
592 842
592 762
591 762
591 727
587 727
587 669
586 669
586 551
597 551
597 283
599 283
599 583
601 583
601 494
600 494
600 98
609 98
609 255
616 255
616 361
612 361
612 543
611 543
611 587
625 587
625 690
631 690
631 252
632 252
632 185
628 185
628 147
638 147
638 244
639 244
639 540
640 540
640 519
645 519
645 321
642 321
642 469
641 469
641 213
647 213
647 216
648 216
648 132
633 132
633 131
627 131
627 465
624 465
624 515
629 515
629 567
623 567
623 487
617 487
617 108
619 108
619 443
620 443
620 105
636 105
636 101
655 101
655 110
666 110
666 107
658 107
658 100
630 100
630 95
654 95
654 91
665 91
665 34
762 34
762 35
864 35
864 36
784 36
784 56
1145 56
1145 57
1216 57
1216 59
1312 59
1312 55
790 55
790 53
800 53
800 48
1162 48
1162 50
1048 50
1048 52
1207 52
1207 43
1304 43
1304 24
1279 24
1279 21
1257 21
1257 19
1253 19
1253 41
1175 41
1175 23
815 23
815 27
776 27
776 28
1025 28
1025 26
1080 26
1080 25
1152 25
1152 38
1078 38
1078 44
1058 44
1058 46
968 46
968 40
952 40
952 47
915 47
915 39
829 39
829 37
885 37
885 33
672 33
672 31
688 31
688 18
653 18
653 30
663 30
663 73
656 73
656 71
657 71
657 66
418 66
418 67
419 67
419 72
423 72
423 79
437 79
437 89
413 89
413 93
369 93
369 96
364 96
364 90
280 90
280 88
417 88
417 64
415 64
415 13
286 13
286 14
282 14
282 11
276 11
276 10
404 10
404 9
422 9
422 12
454 12
454 8
402 8
402 7
497 7
497 6
274 6
274 16
293 16
293 15
414 15
414 62
407 62
407 81
390 81
390 86
344 86
344 74
315 74
315 75
300 75
300 65
305 65
305 32
301 32
301 17
164 17
164 42
187 42
187 54
196 54
196 22
298 22
298 58
299 58
299 60
289 60
289 29
284 29
284 51
283 51
283 45
267 45
267 63
288 63
288 70
295 70
295 80
334 80
334 83
262 83
262 85
188 85
188 92
149 92
149 106
156 106
156 158
177 158
177 184
181 184
181 188
182 188
182 186
190 186
190 140
186 140
186 154
184 154
184 133
161 133
161 127
163 127
163 122
165 122
165 116
223 116
223 144
229 144
229 179
224 179
224 269
325 269
325 274
351 274
351 279
302 279
302 318
303 318
303 322
312 322
312 565
304 565
304 562
255 562
255 563
241 563
241 571
320 571
320 575
104 575
104 525
113 525
113 532
129 532
129 510
134 510
134 500
185 500
185 474
152 474
152 442
214 442
214 471
238 471
238 398
240 398
240 460
266 460
266 445
246 445
246 429
247 429
247 365
200 365
200 366
167 366
167 368
194 368
194 382
175 382
175 384
227 384
227 455
218 455
218 426
201 426
201 433
162 433
162 386
154 386
154 396
151 396
151 439
148 439
148 476
145 476
145 20
147 20
147 3
174 3
174 4
216 4
216 5
235 5
235 2
146 2
146 1
