1456
56 14
56 11
18 11
18 8
1 8
1 12
8 12
8 18
39 18
39 13
44 13
44 16
60 16
60 17
110 17
110 19
150 19
150 15
166 15
166 33
185 33
185 39
202 39
202 31
203 31
203 112
170 112
170 89
168 89
168 105
169 105
169 121
197 121
197 131
158 131
158 98
128 98
128 123
122 123
122 150
192 150
192 181
171 181
171 187
155 187
155 173
153 173
153 182
136 182
136 199
164 199
164 192
173 192
173 195
191 195
191 190
198 190
198 188
224 188
224 168
235 168
235 234
229 234
229 248
238 248
238 200
240 200
240 253
220 253
220 251
194 251
194 270
193 270
193 291
200 291
200 302
188 302
188 303
215 303
215 309
231 309
231 301
264 301
264 332
268 332
268 427
269 427
269 326
267 326
267 295
261 295
261 267
283 267
283 365
279 365
279 429
263 429
263 441
177 441
177 411
183 411
183 406
179 406
179 392
172 392
172 361
32 361
32 358
143 358
143 356
154 356
154 354
182 354
182 352
82 352
82 347
70 347
70 349
75 349
75 350
78 350
78 351
28 351
28 382
35 382
35 437
29 437
29 462
25 462
25 410
24 410
24 479
36 479
36 521
34 521
34 519
27 519
27 511
26 511
26 525
9 525
9 569
7 569
7 448
6 448
6 553
5 553
5 498
3 498
3 605
13 605
13 664
47 664
47 658
101 658
101 662
353 662
353 676
351 676
351 684
357 684
357 695
350 695
350 672
347 672
347 690
335 690
335 700
364 700
364 701
338 701
338 716
349 716
349 723
383 723
383 725
395 725
395 727
400 727
400 745
397 745
397 767
354 767
354 765
352 765
352 771
328 771
328 979
329 979
329 1034
330 1034
330 1031
348 1031
348 1033
358 1033
358 1042
362 1042
362 1038
407 1038
407 1036
451 1036
451 1058
403 1058
403 1057
384 1057
384 1060
370 1060
370 1061
373 1061
373 1063
345 1063
345 1067
376 1067
376 1076
293 1076
293 1075
212 1075
212 1070
213 1070
213 1073
265 1073
265 1069
196 1069
196 1051
217 1051
217 1064
221 1064
221 1050
252 1050
252 1041
258 1041
258 1039
195 1039
195 1045
174 1045
174 1046
163 1046
163 1040
139 1040
139 1043
77 1043
77 1037
81 1037
81 1003
72 1003
72 995
85 995
85 1029
96 1029
96 1023
147 1023
147 1022
184 1022
184 1010
246 1010
246 1015
201 1015
201 1019
236 1019
236 1018
272 1018
272 1016
247 1016
247 1009
187 1009
187 1002
234 1002
234 1007
275 1007
275 1005
311 1005
311 1001
298 1001
298 986
306 986
306 965
305 965
305 788
303 788
303 906
302 906
302 941
294 941
294 999
156 999
156 1000
149 1000
149 1008
162 1008
162 1020
93 1020
93 983
76 983
76 958
91 958
91 918
115 918
115 956
100 956
100 966
125 966
125 916
132 916
132 938
137 938
137 933
138 933
138 910
124 910
124 949
119 949
119 914
94 914
94 907
90 907
90 856
83 856
83 885
80 885
80 886
88 886
88 950
71 950
71 1048
178 1048
178 1054
190 1054
190 1077
253 1077
253 1080
320 1080
320 1082
392 1082
392 1081
331 1081
331 1079
458 1079
458 1078
402 1078
402 1074
409 1074
409 1059
461 1059
461 1006
456 1006
456 978
467 978
467 994
468 994
468 982
472 982
472 1066
509 1066
509 1068
523 1068
523 1155
519 1155
519 1145
518 1145
518 1083
474 1083
474 1086
487 1086
487 1089
486 1089
486 1091
393 1091
393 1090
342 1090
342 1092
239 1092
239 1097
230 1097
230 1098
232 1098
232 1099
248 1099
248 1102
186 1102
186 1107
244 1107
244 1129
278 1129
278 1120
256 1120
256 1115
286 1115
286 1111
277 1111
277 1109
292 1109
292 1147
288 1147
288 1144
257 1144
257 1140
290 1140
290 1135
271 1135
271 1134
249 1134
249 1149
308 1149
308 1158
315 1158
315 1143
325 1143
325 1125
334 1125
334 1116
337 1116
337 1106
365 1106
365 1118
387 1118
387 1123
389 1123
389 1127
394 1127
394 1122
421 1122
421 1121
390 1121
390 1119
391 1119
391 1101
346 1101
346 1104
343 1104
343 1100
313 1100
313 1103
321 1103
321 1131
319 1131
319 1137
301 1137
301 1112
312 1112
312 1093
501 1093
501 1085
502 1085
502 1084
514 1084
514 1087
516 1087
516 1132
479 1132
479 1130
478 1130
478 1136
435 1136
435 1138
460 1138
460 1139
436 1139
436 1141
515 1141
515 1179
513 1179
513 1241
511 1241
511 1242
517 1242
517 1247
510 1247
510 1239
507 1239
507 1248
491 1248
491 1227
494 1227
494 1218
484 1218
484 1236
469 1236
469 1213
442 1213
442 1205
504 1205
504 1204
323 1204
323 1193
372 1193
372 1196
379 1196
379 1198
405 1198
405 1189
336 1189
336 1184
332 1184
332 1174
416 1174
416 1188
434 1188
434 1176
496 1176
496 1165
412 1165
412 1166
457 1166
457 1169
344 1169
344 1168
199 1168
199 1170
157 1170
157 1171
103 1171
103 1167
79 1167
79 1172
492 1172
492 1173
304 1173
304 1180
214 1180
214 1202
181 1202
181 1206
133 1206
133 1225
102 1225
102 1223
46 1223
46 1214
86 1214
86 1211
53 1211
53 1210
67 1210
67 1208
74 1208
74 1190
15 1190
15 1187
97 1187
97 1191
109 1191
109 1194
117 1194
117 1201
123 1201
123 1182
131 1182
131 1175
38 1175
38 1177
89 1177
89 1178
12 1178
12 1181
45 1181
45 1186
2 1186
2 1209
4 1209
4 1250
11 1250
11 1244
17 1244
17 1246
22 1246
22 1243
19 1243
19 1238
30 1238
30 1197
21 1197
21 1195
31 1195
31 1199
40 1199
40 1203
43 1203
43 1230
121 1230
121 1237
161 1237
161 1235
180 1235
180 1231
141 1231
141 1228
51 1228
51 1226
151 1226
151 1216
222 1216
222 1185
227 1185
227 1200
285 1200
285 1192
318 1192
318 1207
314 1207
314 1224
282 1224
282 1240
291 1240
291 1232
417 1232
417 1219
420 1219
420 1217
375 1217
375 1229
326 1229
326 1215
459 1215
459 1222
426 1222
426 1233
447 1233
447 1245
453 1245
453 1249
520 1249
520 1220
561 1220
561 1234
568 1234
568 1221
565 1221
565 1212
522 1212
522 1183
521 1183
521 1164
527 1164
527 1142
524 1142
524 1096
526 1096
526 1094
525 1094
525 1052
505 1052
505 1047
495 1047
495 1055
476 1055
476 1065
473 1065
473 964
465 964
465 932
466 932
466 925
449 925
449 915
452 915
452 888
440 888
440 855
455 855
455 842
450 842
450 841
490 841
490 845
499 845
499 848
475 848
475 858
480 858
480 872
489 872
489 903
497 903
497 881
498 881
498 929
500 929
500 857
482 857
482 849
503 849
503 840
418 840
418 846
439 846
439 891
448 891
448 911
432 911
432 935
425 935
425 860
419 860
419 921
424 921
424 955
430 955
430 943
437 943
437 926
441 926
441 928
454 928
454 1026
413 1026
413 1032
414 1032
414 1035
377 1035
377 1028
333 1028
333 797
339 797
339 773
401 773
401 718
363 718
363 708
368 708
368 696
367 696
367 686
374 686
374 680
398 680
398 679
356 679
356 671
361 671
361 660
341 660
341 652
223 652
223 661
216 661
216 659
108 659
108 657
112 657
112 656
16 656
16 592
20 592
20 626
218 626
218 628
243 628
243 625
289 625
289 619
310 619
310 608
327 608
327 607
316 607
316 602
309 602
309 599
427 599
427 603
410 603
410 604
385 604
385 613
399 613
399 635
378 635
378 643
396 643
396 647
431 647
431 646
444 646
444 642
408 642
408 641
470 641
470 636
483 636
483 556
463 556
463 573
471 573
471 572
481 572
481 627
477 627
477 633
428 633
428 620
423 620
423 609
445 609
445 593
446 593
446 566
443 566
443 597
433 597
433 583
422 583
422 555
415 555
415 594
411 594
411 598
317 598
317 580
324 580
324 552
322 552
322 551
307 551
307 557
300 557
300 600
299 600
299 531
274 531
274 536
260 536
260 535
270 535
270 506
369 506
369 549
360 549
360 528
355 528
355 542
340 542
340 550
406 550
406 547
386 547
386 539
404 539
404 532
388 532
388 517
485 517
485 520
488 520
488 526
493 526
493 537
508 537
508 545
576 545
576 507
583 507
583 416
582 416
582 413
574 413
574 368
580 368
580 396
584 396
584 258
581 258
581 285
578 285
578 353
572 353
572 231
577 231
577 223
596 223
596 217
590 217
590 162
592 162
592 169
602 169
602 159
667 159
667 281
664 281
664 304
652 304
652 335
617 335
617 337
605 337
605 328
599 328
599 313
636 313
636 293
628 293
628 308
618 308
618 310
613 310
613 290
621 290
621 284
594 284
594 306
593 306
593 241
588 241
588 342
623 342
623 336
706 336
706 343
703 343
703 344
708 344
708 307
720 307
720 323
721 323
721 339
795 339
795 370
794 370
794 436
791 436
791 380
760 380
760 383
762 383
762 400
764 400
764 471
758 471
758 482
763 482
763 500
742 500
742 496
753 496
753 466
740 466
740 522
749 522
749 548
757 548
757 579
654 579
654 578
695 578
695 571
662 571
662 575
642 575
642 568
631 568
631 562
649 562
649 554
632 554
632 560
600 560
600 567
591 567
591 584
606 584
606 616
608 616
608 615
736 615
736 622
665 622
665 631
656 631
656 634
635 634
635 637
682 637
682 651
666 651
666 650
663 650
663 639
624 639
624 649
648 649
648 666
700 666
700 663
688 663
688 653
686 653
686 644
727 644
727 629
765 629
765 645
741 645
741 630
731 630
731 655
734 655
734 648
761 648
761 654
754 654
754 673
730 673
730 698
711 698
711 706
712 706
712 717
722 717
722 739
729 739
729 740
658 740
658 756
647 756
647 760
678 760
678 742
679 742
679 744
691 744
691 759
732 759
732 741
745 741
745 751
746 751
746 728
725 728
725 722
733 722
733 715
743 715
743 681
748 681
748 732
750 732
750 704
759 704
759 674
773 674
773 640
778 640
778 828
669 828
669 804
655 804
655 796
641 796
641 812
622 812
622 795
620 795
620 850
615 850
615 811
601 811
601 826
604 826
604 835
587 835
587 868
603 868
603 859
616 859
616 852
630 852
630 865
660 865
660 874
659 874
659 887
634 887
634 895
653 895
653 905
657 905
657 908
676 908
676 899
661 899
661 878
685 878
685 898
684 898
684 960
586 960
586 961
687 961
687 952
696 952
696 902
689 902
689 897
707 897
707 917
699 917
699 953
713 953
713 934
709 934
709 909
718 909
718 893
698 893
698 871
705 871
705 866
668 866
668 864
651 864
651 836
716 836
716 830
780 830
780 774
779 774
779 638
767 638
767 606
629 606
629 595
643 595
643 589
637 589
637 590
627 590
627 610
715 610
715 614
611 614
611 564
614 564
614 570
639 570
639 577
619 577
619 582
719 582
719 581
768 581
768 533
770 533
770 499
771 499
771 389
787 389
787 439
788 439
788 445
790 445
790 443
793 443
793 440
796 440
796 327
785 327
785 331
792 331
792 338
724 338
724 299
755 299
755 305
756 305
756 315
786 315
786 298
782 298
782 292
784 292
784 255
735 255
735 256
726 256
726 262
769 262
769 268
772 268
772 296
744 296
744 275
739 275
739 297
738 297
738 294
701 294
701 317
675 317
675 334
670 334
670 286
671 286
671 205
674 205
674 225
681 225
681 252
704 252
704 204
789 204
789 216
845 216
845 221
836 221
836 243
856 243
856 244
871 244
871 242
855 242
855 211
865 211
865 236
882 236
882 230
936 230
936 235
883 235
883 238
969 238
969 233
988 233
988 226
980 226
980 229
900 229
900 218
903 218
903 213
916 213
916 155
925 155
925 116
918 116
918 80
949 80
949 136
956 136
956 122
974 122
974 104
952 104
952 120
951 120
951 97
983 97
983 62
1086 62
1086 60
967 60
967 73
912 73
912 212
873 212
873 215
887 215
887 224
872 224
872 209
810 209
810 214
798 214
798 202
812 202
812 201
680 201
680 164
714 164
714 158
589 158
589 220
558 220
558 66
559 66
559 203
563 203
563 82
570 82
570 87
585 87
585 59
557 59
557 54
552 54
552 71
550 71
550 75
538 75
538 183
540 183
540 184
549 184
549 145
546 145
546 140
548 140
548 124
544 124
544 119
539 119
539 83
542 83
542 79
554 79
554 163
551 163
551 185
555 185
555 254
556 254
556 314
543 314
543 312
537 312
537 282
541 282
541 280
535 280
535 289
531 289
531 345
530 345
530 279
529 279
529 391
534 391
534 404
533 404
533 430
528 430
528 438
545 438
545 421
553 421
553 420
560 420
560 394
547 394
547 387
569 387
569 378
532 378
532 325
536 325
536 330
564 330
564 250
566 250
566 222
567 222
567 249
571 249
571 475
579 475
579 492
573 492
573 501
575 501
575 543
562 543
562 538
512 538
512 524
506 524
506 516
381 516
381 540
382 540
382 541
371 541
371 508
380 508
380 505
262 505
262 513
259 513
259 544
281 544
281 534
295 534
295 559
297 559
297 588
287 588
287 623
165 623
165 624
118 624
118 621
49 621
49 612
58 612
58 601
23 601
23 574
10 574
10 529
42 529
42 523
48 523
48 512
41 512
41 464
37 464
37 371
107 371
107 366
160 366
160 364
87 364
87 362
167 362
167 426
130 426
130 442
276 442
276 434
280 434
280 381
284 381
284 261
250 261
250 276
251 276
251 288
228 288
228 300
209 300
209 266
245 266
245 264
242 264
242 227
241 227
241 165
210 165
210 178
204 178
204 147
189 147
189 135
134 135
134 118
142 118
142 110
145 110
145 132
208 132
208 129
207 129
207 108
205 108
205 84
206 84
206 14
