96
56 14
56 11
18 11
18 8
1 8
1 12
8 12
8 18
39 18
39 13
44 13
44 16
60 16
60 17
110 17
110 19
150 19
150 15
166 15
166 33
185 33
185 39
202 39
202 31
203 31
203 112
170 112
170 89
168 89
168 105
169 105
169 121
197 121
197 131
158 131
158 98
128 98
128 123
122 123
122 150
192 150
192 181
171 181
171 187
155 187
155 173
153 173
153 182
136 182
136 199
164 199
164 192
173 192
173 195
191 195
191 190
198 190
198 188
224 188
224 168
235 168
235 234
229 234
229 248
238 248
238 200
240 200
240 253
220 253
220 251
194 251
194 264
242 264
242 227
241 227
241 165
210 165
210 178
204 178
204 147
189 147
189 135
134 135
134 118
142 118
142 110
145 110
145 132
208 132
208 129
207 129
207 108
205 108
205 84
206 84
206 14
