644
455 202
455 199
448 199
448 197
459 197
459 193
368 193
368 192
336 192
336 191
384 191
384 190
302 190
302 186
300 186
300 180
216 180
216 183
131 183
131 167
65 167
65 188
66 188
66 212
69 212
69 222
13 222
13 327
8 327
8 537
2 537
2 573
1 573
1 622
14 622
14 643
12 643
12 692
3 692
3 804
5 804
5 731
6 731
6 709
23 709
23 657
37 657
37 683
35 683
35 744
38 744
38 582
34 582
34 651
20 651
20 581
4 581
4 550
40 550
40 519
42 519
42 575
44 575
44 539
43 539
43 415
46 415
46 416
47 416
47 628
50 628
50 603
51 603
51 631
56 631
56 642
58 642
58 787
59 787
59 865
61 865
61 829
62 829
62 860
81 860
81 843
78 843
78 838
82 838
82 790
75 790
75 783
67 783
67 798
71 798
71 799
74 799
74 812
68 812
68 850
77 850
77 854
73 854
73 858
63 858
63 791
60 791
60 588
55 588
55 507
53 507
53 599
52 599
52 562
49 562
49 592
48 592
48 410
39 410
39 418
41 418
41 518
36 518
36 466
32 466
32 538
22 538
22 528
21 528
21 521
29 521
29 400
27 400
27 425
19 425
19 432
15 432
15 476
24 476
24 479
26 479
26 511
17 511
17 500
10 500
10 489
11 489
11 347
54 347
54 348
45 348
45 362
57 362
57 368
64 368
64 340
33 340
33 275
31 275
31 274
28 274
28 270
30 270
30 253
25 253
25 320
18 320
18 278
16 278
16 223
80 223
80 217
76 217
76 215
79 215
79 200
72 200
72 170
128 170
128 176
98 176
98 184
233 184
233 185
237 185
237 182
297 182
297 195
321 195
321 198
362 198
362 207
320 207
320 214
334 214
334 213
428 213
428 218
467 218
467 203
469 203
469 233
478 233
478 260
479 260
479 283
468 283
468 297
477 297
477 346
437 346
437 343
432 343
432 419
397 419
397 414
360 414
360 443
391 443
391 455
351 455
351 433
355 433
355 350
350 350
350 312
330 312
330 311
357 311
357 263
279 263
279 409
282 409
282 458
283 458
283 594
276 594
276 382
274 382
274 499
275 499
275 641
294 641
294 711
257 711
257 678
262 678
262 668
226 668
226 714
220 714
220 902
465 902
465 903
266 903
266 905
308 905
308 907
366 907
366 904
425 904
425 925
408 925
408 937
403 937
403 991
402 991
402 974
396 974
396 952
388 952
388 932
381 932
381 1043
382 1043
382 1114
376 1114
376 1103
369 1103
369 1080
326 1080
326 1078
312 1078
312 1053
313 1053
313 1021
304 1021
304 998
306 998
306 961
301 961
301 1049
287 1049
287 1066
278 1066
278 1023
290 1023
290 1018
267 1018
267 1029
269 1029
269 1048
271 1048
271 1059
273 1059
273 1044
277 1044
277 1067
299 1067
299 1083
367 1083
367 1117
327 1117
327 1128
239 1128
239 1087
236 1087
236 1079
224 1079
224 1093
235 1093
235 1121
223 1121
223 1126
218 1126
218 1130
352 1130
352 1124
370 1124
370 1133
371 1133
371 1187
373 1187
373 1196
365 1196
365 1201
404 1201
404 1164
406 1164
406 1141
413 1141
413 1178
414 1178
414 1149
421 1149
421 1206
420 1206
420 1226
487 1226
487 1237
490 1237
490 1229
497 1229
497 1243
504 1243
504 1249
716 1249
716 1245
730 1245
730 1239
693 1239
693 1235
781 1235
781 1247
819 1247
819 1223
813 1223
813 1172
817 1172
817 1175
880 1175
880 1160
881 1160
881 1181
839 1181
839 1188
824 1188
824 1189
847 1189
847 1185
877 1185
877 1202
902 1202
902 1203
909 1203
909 1213
912 1213
912 1193
935 1193
935 1198
939 1198
939 1084
940 1084
940 1064
946 1064
946 1086
971 1086
971 1076
986 1076
986 1058
989 1058
989 1052
1016 1052
1016 1115
1009 1115
1009 1106
990 1106
990 1101
972 1101
972 1099
967 1099
967 1104
956 1104
956 1107
994 1107
994 1108
944 1108
944 1122
942 1122
942 1125
950 1125
950 1144
951 1144
951 1183
1000 1183
1000 1179
1027 1179
1027 1250
1032 1250
1032 1208
1033 1208
1033 1176
1015 1176
1015 1169
1029 1169
1029 1166
954 1166
954 1163
952 1163
952 1113
1008 1113
1008 1116
1018 1116
1018 1063
1035 1063
1035 1060
1025 1060
1025 1051
979 1051
979 1061
966 1061
966 1038
968 1038
968 980
975 980
975 979
963 979
963 1071
977 1071
977 1074
961 1074
961 1062
938 1062
938 1140
918 1140
918 1143
926 1143
926 1186
915 1186
915 1191
899 1191
899 1159
758 1159
758 1151
762 1151
762 1138
717 1138
717 1112
722 1112
722 1109
706 1109
706 1098
703 1098
703 1100
691 1100
691 1090
718 1090
718 1089
698 1089
698 1081
697 1081
697 1054
678 1054
678 1068
679 1068
679 1075
676 1075
676 1092
686 1092
686 1110
704 1110
704 1111
687 1111
687 1139
700 1139
700 1145
731 1145
731 1162
874 1162
874 1174
846 1174
846 1171
785 1171
785 1195
808 1195
808 1199
775 1199
775 1192
774 1192
774 1216
778 1216
778 1224
784 1224
784 1230
738 1230
738 1233
692 1233
692 1236
685 1236
685 1228
684 1228
684 1227
634 1227
634 1234
653 1234
653 1240
648 1240
648 1241
688 1241
688 1246
550 1246
550 1248
518 1248
518 1225
423 1225
423 1214
422 1214
422 1131
390 1131
390 1154
395 1154
395 1184
375 1184
375 1173
374 1173
374 1157
377 1157
377 1129
372 1129
372 1118
386 1118
386 1102
387 1102
387 1091
383 1091
383 999
405 999
405 956
417 956
417 935
431 935
431 914
426 914
426 906
489 906
489 901
221 901
221 896
229 896
229 890
222 890
222 809
225 809
225 715
230 715
230 669
242 669
242 720
307 720
307 658
338 658
338 653
328 653
328 648
314 648
314 645
323 645
323 638
332 638
332 636
315 636
315 634
311 634
311 614
293 614
293 490
288 490
288 441
285 441
285 349
280 349
280 266
295 266
295 264
347 264
347 295
342 295
342 302
319 302
319 315
339 315
339 392
346 392
346 370
349 370
349 420
348 420
348 456
392 456
392 440
361 440
361 422
433 422
433 355
480 355
480 290
488 290
488 230
473 230
473 221
474 221
474 209
471 209
471 202
