2260
455 202
455 199
448 199
448 197
459 197
459 193
368 193
368 192
336 192
336 191
384 191
384 190
302 190
302 186
300 186
300 180
216 180
216 183
131 183
131 167
65 167
65 188
66 188
66 212
69 212
69 222
13 222
13 327
8 327
8 537
2 537
2 573
1 573
1 622
14 622
14 643
12 643
12 692
3 692
3 804
5 804
5 731
6 731
6 709
23 709
23 657
37 657
37 683
35 683
35 744
38 744
38 582
34 582
34 651
20 651
20 581
4 581
4 550
40 550
40 519
42 519
42 575
44 575
44 539
43 539
43 415
46 415
46 416
47 416
47 628
50 628
50 603
51 603
51 631
56 631
56 642
58 642
58 787
59 787
59 865
61 865
61 829
62 829
62 860
81 860
81 843
78 843
78 838
82 838
82 790
75 790
75 783
67 783
67 798
71 798
71 799
74 799
74 812
68 812
68 850
77 850
77 854
73 854
73 858
63 858
63 791
60 791
60 588
55 588
55 507
53 507
53 599
52 599
52 562
49 562
49 592
48 592
48 410
39 410
39 418
41 418
41 518
36 518
36 466
32 466
32 538
22 538
22 528
21 528
21 521
29 521
29 400
27 400
27 425
19 425
19 432
15 432
15 476
24 476
24 479
26 479
26 511
17 511
17 500
10 500
10 489
11 489
11 347
54 347
54 348
45 348
45 362
57 362
57 368
64 368
64 340
33 340
33 275
31 275
31 274
28 274
28 270
30 270
30 253
25 253
25 320
18 320
18 278
16 278
16 223
80 223
80 217
76 217
76 215
79 215
79 200
72 200
72 170
128 170
128 176
98 176
98 184
233 184
233 185
237 185
237 182
297 182
297 195
321 195
321 198
362 198
362 207
320 207
320 214
334 214
334 213
428 213
428 218
467 218
467 203
469 203
469 233
478 233
478 260
479 260
479 283
468 283
468 297
477 297
477 346
437 346
437 343
432 343
432 419
397 419
397 414
360 414
360 443
391 443
391 455
351 455
351 433
355 433
355 350
350 350
350 312
330 312
330 311
357 311
357 263
279 263
279 409
282 409
282 458
283 458
283 594
276 594
276 382
274 382
274 499
275 499
275 641
294 641
294 711
257 711
257 678
262 678
262 464
263 464
263 557
265 557
265 508
272 508
272 448
268 448
268 471
264 471
264 442
251 442
251 345
252 345
252 284
177 284
177 277
182 277
182 276
206 276
206 268
204 268
204 258
203 258
203 257
158 257
158 262
163 262
163 273
168 273
168 513
173 513
173 446
171 446
171 385
188 385
188 644
184 644
184 699
194 699
194 712
197 712
197 837
151 837
151 684
154 684
154 635
157 635
157 558
153 558
153 431
142 431
142 608
139 608
139 534
138 534
138 491
133 491
133 399
130 399
130 386
109 386
109 401
100 401
100 404
119 404
119 397
122 397
122 427
129 427
129 517
124 517
124 494
91 494
91 453
94 453
94 428
96 428
96 333
99 333
99 293
95 293
95 388
89 388
89 394
88 394
88 329
87 329
87 389
86 389
86 468
84 468
84 501
90 501
90 583
117 583
117 775
115 775
115 732
110 732
110 623
112 623
112 605
108 605
108 640
107 640
107 656
101 656
101 747
114 747
114 805
113 805
113 810
93 810
93 825
105 825
105 828
104 828
104 875
106 875
106 869
111 869
111 859
118 859
118 576
116 576
116 551
121 551
121 535
120 535
120 546
92 546
92 515
97 515
97 514
102 514
102 512
123 512
123 533
132 533
132 497
135 497
135 542
136 542
136 624
125 624
125 654
140 654
140 676
144 676
144 661
143 661
143 578
145 578
145 509
152 509
152 560
150 560
150 819
126 819
126 824
127 824
127 827
148 827
148 844
162 844
162 870
165 870
165 881
164 881
164 880
160 880
160 884
172 884
172 862
174 862
174 912
179 912
179 846
196 846
196 871
195 871
195 911
198 911
198 788
199 788
199 842
202 842
202 637
192 637
192 543
200 543
200 366
170 366
170 259
176 259
176 288
205 288
205 321
211 321
211 324
213 324
213 334
186 334
186 336
232 336
232 325
234 325
234 301
228 301
228 314
217 314
217 300
238 300
238 298
249 298
249 383
248 383
248 620
227 620
227 627
247 627
247 632
253 632
253 633
256 633
256 597
255 597
255 548
254 548
254 485
259 485
259 545
260 545
260 668
250 668
250 647
231 647
231 664
226 664
226 714
220 714
220 902
465 902
465 903
266 903
266 905
308 905
308 907
366 907
366 904
425 904
425 925
408 925
408 937
403 937
403 991
402 991
402 974
396 974
396 952
388 952
388 932
381 932
381 1043
382 1043
382 1114
376 1114
376 1103
369 1103
369 1080
326 1080
326 1078
312 1078
312 1053
313 1053
313 1021
304 1021
304 998
306 998
306 961
301 961
301 1049
287 1049
287 1066
278 1066
278 1023
290 1023
290 1018
267 1018
267 1029
269 1029
269 1048
271 1048
271 1059
273 1059
273 1044
277 1044
277 1067
299 1067
299 1083
367 1083
367 1117
327 1117
327 1128
239 1128
239 1087
236 1087
236 1079
224 1079
224 1093
235 1093
235 1121
223 1121
223 1126
218 1126
218 1130
352 1130
352 1124
370 1124
370 1133
371 1133
371 1187
373 1187
373 1196
365 1196
365 1201
404 1201
404 1164
406 1164
406 1141
413 1141
413 1178
414 1178
414 1149
421 1149
421 1206
420 1206
420 1226
487 1226
487 1237
490 1237
490 1229
497 1229
497 1243
504 1243
504 1249
716 1249
716 1245
730 1245
730 1239
693 1239
693 1235
781 1235
781 1247
819 1247
819 1223
813 1223
813 1172
817 1172
817 1175
880 1175
880 1160
881 1160
881 1181
839 1181
839 1188
824 1188
824 1189
847 1189
847 1185
877 1185
877 1202
902 1202
902 1203
909 1203
909 1213
912 1213
912 1193
935 1193
935 1198
939 1198
939 1084
940 1084
940 1064
946 1064
946 1086
971 1086
971 1076
986 1076
986 1058
989 1058
989 1052
1016 1052
1016 1115
1009 1115
1009 1106
990 1106
990 1101
972 1101
972 1099
967 1099
967 1104
956 1104
956 1107
994 1107
994 1108
944 1108
944 1122
942 1122
942 1125
950 1125
950 1144
951 1144
951 1183
1000 1183
1000 1179
1027 1179
1027 1250
1032 1250
1032 1208
1033 1208
1033 1176
1015 1176
1015 1169
1029 1169
1029 1166
954 1166
954 1163
952 1163
952 1113
1008 1113
1008 1116
1012 1116
1012 1119
1018 1119
1018 1063
1020 1063
1020 1097
1021 1097
1021 1073
1043 1073
1043 1077
1036 1077
1036 1094
1039 1094
1039 1085
1045 1085
1045 1072
1035 1072
1035 1060
1025 1060
1025 1051
1013 1051
1013 1050
985 1050
985 1041
1011 1041
1011 1039
1044 1039
1044 1037
1003 1037
1003 1024
995 1024
995 1028
1002 1028
1002 1034
992 1034
992 1012
1006 1012
1006 1022
1010 1022
1010 1013
1024 1013
1024 997
1061 997
1061 1002
1037 1002
1037 1010
1244 1010
1244 1014
1243 1014
1243 1019
1250 1019
1250 976
1247 976
1247 1006
1193 1006
1193 1004
1150 1004
1150 1005
1072 1005
1072 993
1097 993
1097 1003
1188 1003
1188 1000
1246 1000
1246 990
1050 990
1050 994
1023 994
1023 989
1022 989
1022 988
1040 988
1040 981
1034 981
1034 977
1038 977
1038 970
1051 970
1051 973
1052 973
1052 968
1014 968
1014 967
1054 967
1054 949
1049 949
1049 933
1128 933
1128 965
1151 965
1151 959
1145 959
1145 915
1148 915
1148 900
1111 900
1111 908
1120 908
1120 931
1115 931
1115 926
1101 926
1101 883
1100 883
1100 892
1092 892
1092 888
1087 888
1087 874
1088 874
1088 877
1105 877
1105 861
1119 861
1119 857
1116 857
1116 826
1117 826
1117 801
1130 801
1130 806
1169 806
1169 802
1149 802
1149 776
1137 776
1137 797
1133 797
1133 755
1176 755
1176 760
1212 760
1212 831
1207 831
1207 820
1198 820
1198 917
1189 917
1189 922
1192 922
1192 920
1226 920
1226 936
1241 936
1241 930
1248 930
1248 923
1229 923
1229 919
1210 919
1210 887
1200 887
1200 851
1216 851
1216 840
1233 840
1233 834
1217 834
1217 813
1213 813
1213 740
1238 740
1238 706
1242 706
1242 667
1240 667
1240 613
1239 613
1239 677
1231 677
1231 674
1211 674
1211 707
1209 707
1209 721
1203 721
1203 688
1197 688
1197 723
1204 723
1204 759
1201 759
1201 725
1190 725
1190 727
1191 727
1191 729
1199 729
1199 753
1131 753
1131 782
1114 782
1114 752
1118 752
1118 705
1113 705
1113 716
1107 716
1107 659
1175 659
1175 626
1161 626
1161 616
1177 616
1177 598
1172 598
1172 495
1168 495
1168 536
1163 536
1163 544
1166 544
1166 555
1162 555
1162 437
1178 437
1178 411
1153 411
1153 242
1155 242
1155 305
1167 305
1167 330
1180 330
1180 282
1182 282
1182 194
1184 194
1184 553
1183 553
1183 561
1186 561
1186 526
1187 526
1187 506
1185 506
1185 120
1174 120
1174 100
1225 100
1225 148
1227 148
1227 156
1206 156
1206 228
1218 228
1218 319
1219 319
1219 159
1221 159
1221 430
1220 430
1220 421
1215 421
1215 322
1205 322
1205 488
1214 488
1214 496
1223 496
1223 447
1222 447
1222 173
1230 173
1230 205
1232 205
1232 168
1234 168
1234 244
1236 244
1236 361
1237 361
1237 104
1235 104
1235 92
1208 92
1208 94
1228 94
1228 97
1202 97
1202 95
1058 95
1058 88
1245 88
1245 91
1249 91
1249 87
1224 87
1224 86
1196 86
1196 24
1195 24
1195 77
1194 77
1194 83
1143 83
1143 78
1134 78
1134 32
1136 32
1136 42
1140 42
1140 47
1165 47
1165 31
1132 31
1132 25
1129 25
1129 26
1069 26
1069 50
1055 50
1055 34
1047 34
1047 55
1066 55
1066 56
1089 56
1089 53
1091 53
1091 39
1108 39
1108 81
1056 81
1056 99
1057 99
1057 117
1065 117
1065 103
1067 103
1067 107
1173 107
1173 153
1181 153
1181 178
1179 178
1179 245
1164 245
1164 250
1157 250
1157 241
1171 241
1171 225
1170 225
1170 219
1158 219
1158 239
1146 239
1146 247
1152 247
1152 310
1144 310
1144 309
1142 309
1142 406
1147 406
1147 417
1156 417
1156 527
1123 527
1123 525
1139 525
1139 423
1138 423
1138 445
1112 445
1112 481
1109 481
1109 530
1104 530
1104 584
1124 584
1124 586
1125 586
1125 596
1127 596
1127 574
1122 574
1122 540
1126 540
1126 529
1135 529
1135 531
1159 531
1159 524
1160 524
1160 609
1141 609
1141 652
1154 652
1154 655
1121 655
1121 650
1106 650
1106 789
1110 789
1110 822
1098 822
1098 741
1099 741
1099 701
1085 701
1085 660
1094 660
1094 665
1103 665
1103 565
1102 565
1102 547
1090 547
1090 630
1086 630
1086 646
1083 646
1083 710
1084 710
1084 722
1082 722
1082 761
1081 761
1081 663
1080 663
1080 589
1079 589
1079 492
1075 492
1075 735
1074 735
1074 694
1071 694
1071 698
1073 698
1073 817
1070 817
1070 758
1068 758
1068 748
1063 748
1063 803
1059 803
1059 845
1060 845
1060 882
1062 882
1062 910
1064 910
1064 835
1076 835
1076 611
1078 611
1078 778
1093 778
1093 796
1096 796
1096 821
1095 821
1095 849
1077 849
1077 927
1042 927
1042 941
1048 941
1048 943
1028 943
1028 939
976 939
976 913
983 913
983 872
982 872
982 863
988 863
988 878
984 878
984 879
997 879
997 873
1001 873
1001 815
999 815
999 830
996 830
996 855
965 855
965 853
969 853
969 852
964 852
964 868
962 868
962 885
970 885
970 957
973 957
973 954
974 954
974 955
978 955
978 950
1005 950
1005 947
998 947
998 942
1017 942
1017 945
1041 945
1041 948
1046 948
1046 958
1053 958
1053 966
1031 966
1031 960
1030 960
1030 964
1004 964
1004 969
1019 969
1019 975
1026 975
1026 986
1007 986
1007 996
993 996
993 995
991 995
991 1033
987 1033
987 1040
981 1040
981 1047
980 1047
980 985
979 985
979 1061
966 1061
966 1038
968 1038
968 980
975 980
975 979
963 979
963 1071
977 1071
977 1074
961 1074
961 848
949 848
949 971
948 971
948 984
953 984
953 938
960 938
960 992
955 992
955 1016
958 1016
958 1042
947 1042
947 1011
945 1011
945 1045
959 1045
959 1056
957 1056
957 1062
941 1062
941 929
943 929
943 918
936 918
936 864
933 864
933 867
934 867
934 921
929 921
929 833
928 833
928 889
927 889
927 808
923 808
923 717
920 717
920 811
925 811
925 928
921 928
921 962
911 962
911 983
910 983
910 1025
913 1025
913 1031
931 1031
931 1026
924 1026
924 1015
932 1015
932 1017
937 1017
937 1008
930 1008
930 1009
919 1009
919 978
914 978
914 963
922 963
922 940
938 940
938 1140
918 1140
918 1143
926 1143
926 1186
917 1186
917 1158
916 1158
916 1177
915 1177
915 1191
899 1191
899 1156
903 1156
903 1153
848 1153
848 1148
814 1148
814 1155
807 1155
807 1135
837 1135
837 1146
850 1146
850 1134
791 1134
791 1137
790 1137
790 1142
776 1142
776 1132
768 1132
768 1136
773 1136
773 1159
758 1159
758 1151
762 1151
762 1138
717 1138
717 1112
722 1112
722 1109
706 1109
706 1098
703 1098
703 1100
691 1100
691 1090
718 1090
718 1089
698 1089
698 1081
697 1081
697 1054
678 1054
678 1068
679 1068
679 1075
676 1075
676 1092
686 1092
686 1110
704 1110
704 1111
687 1111
687 1139
700 1139
700 1145
731 1145
731 1162
874 1162
874 1174
846 1174
846 1170
836 1170
836 1167
825 1167
825 1165
806 1165
806 1171
785 1171
785 1195
808 1195
808 1199
775 1199
775 1192
774 1192
774 1216
778 1216
778 1224
784 1224
784 1230
753 1230
753 1222
763 1222
763 1219
766 1219
766 1217
738 1217
738 1233
692 1233
692 1236
685 1236
685 1228
684 1228
684 1227
634 1227
634 1234
653 1234
653 1240
648 1240
648 1241
688 1241
688 1246
672 1246
672 1244
629 1244
629 1242
580 1242
580 1220
567 1220
567 1218
581 1218
581 1182
575 1182
575 1168
573 1168
573 1152
583 1152
583 1215
600 1215
600 1238
615 1238
615 1232
613 1232
613 1211
597 1211
597 1207
620 1207
620 1205
594 1205
594 1200
630 1200
630 1150
622 1150
622 1161
628 1161
628 1194
593 1194
593 1212
584 1212
584 1147
574 1147
574 1127
602 1127
602 1105
592 1105
592 1088
579 1088
579 1070
596 1070
596 1046
591 1046
591 1027
560 1027
560 891
552 891
552 944
548 944
548 924
547 924
547 816
546 816
546 841
543 841
543 749
541 749
541 847
539 847
539 856
540 856
540 876
534 876
534 898
532 898
532 832
531 832
531 839
509 839
509 818
502 818
502 823
493 823
493 814
517 814
517 587
516 587
516 452
515 452
515 424
514 424
514 398
522 398
522 566
521 566
521 454
520 454
520 577
524 577
524 615
528 615
528 556
525 556
525 505
523 505
523 402
555 402
555 374
557 374
557 335
562 335
562 342
564 342
564 272
561 272
561 224
568 224
568 294
566 294
566 339
578 339
578 326
570 326
570 254
611 254
611 248
631 248
631 256
626 256
626 265
667 265
667 269
608 269
608 271
599 271
599 313
609 313
609 287
625 287
625 318
651 318
651 308
654 308
654 344
637 344
637 351
659 351
659 473
656 473
656 498
650 498
650 413
646 413
646 467
643 467
643 460
636 460
636 579
638 579
638 483
641 483
641 595
640 595
640 606
652 606
652 522
662 522
662 619
660 619
660 612
642 612
642 696
644 696
644 708
639 708
639 795
645 795
645 666
647 666
647 757
658 757
658 702
649 702
649 629
669 629
669 703
720 703
720 800
724 800
724 794
739 794
739 793
732 793
732 792
723 792
723 781
726 781
726 743
727 743
727 754
789 754
789 764
777 764
777 774
786 774
786 780
904 780
904 773
895 773
895 779
829 779
829 777
798 777
798 772
885 772
885 769
799 769
799 771
787 771
787 770
782 770
782 767
800 767
800 768
908 768
908 765
907 765
907 469
894 469
894 439
897 439
897 372
862 372
862 363
855 363
855 353
859 353
859 332
849 332
849 356
843 356
843 172
857 172
857 187
858 187
858 158
851 158
851 133
845 133
845 101
852 101
852 124
854 124
854 122
866 122
866 116
868 116
868 139
869 139
869 125
871 125
871 146
867 146
867 151
898 151
898 143
896 143
896 150
889 150
889 140
891 140
891 126
873 126
873 115
870 115
870 98
865 98
865 109
864 109
864 96
853 96
853 59
844 59
844 40
838 40
838 19
834 19
834 67
835 67
835 119
832 119
832 60
828 60
828 89
831 89
831 118
830 118
830 243
833 243
833 152
840 152
840 110
842 110
842 279
841 279
841 381
886 381
886 408
892 408
892 434
879 434
879 462
882 462
882 470
888 470
888 564
875 564
875 572
893 572
893 482
905 482
905 580
901 580
901 639
906 639
906 693
890 693
890 672
887 672
887 649
883 649
883 690
876 690
876 686
863 686
863 680
822 680
822 679
856 679
856 670
821 670
821 671
801 671
801 673
797 673
797 682
793 682
793 681
771 681
771 662
755 662
755 407
756 407
756 554
757 554
757 403
769 403
769 396
764 396
764 391
788 391
788 299
794 299
794 331
795 331
795 378
803 378
803 379
804 379
804 436
812 436
812 323
816 323
816 359
818 359
818 281
810 281
810 317
809 317
809 377
805 377
805 354
796 354
796 240
815 240
815 235
792 235
792 231
772 231
772 229
767 229
767 232
783 232
783 367
779 367
779 365
761 365
761 337
759 337
759 380
747 380
747 358
745 358
745 206
751 206
751 106
750 106
750 204
748 204
748 28
735 28
735 44
734 44
734 51
719 51
719 72
729 72
729 71
728 71
728 54
733 54
733 93
743 93
743 390
752 390
752 510
749 510
749 395
741 395
741 252
740 252
740 600
742 600
742 503
746 503
746 568
754 568
754 685
780 685
780 687
860 687
860 689
736 689
736 691
861 691
861 697
884 697
884 719
872 719
872 734
900 734
900 745
878 745
878 763
827 763
827 718
826 718
826 733
823 733
823 762
820 762
820 756
811 756
811 746
770 746
770 742
765 742
765 750
760 750
760 737
744 737
744 736
725 736
725 728
737 728
737 713
802 713
802 704
721 704
721 695
695 695
695 700
673 700
673 601
663 601
663 376
668 376
668 426
664 426
664 444
666 444
666 450
675 450
675 375
674 375
674 387
670 387
670 369
665 369
665 364
661 364
661 338
655 338
655 304
627 304
627 291
682 291
682 286
681 286
681 237
680 237
680 165
702 165
702 181
705 181
705 201
708 201
708 251
707 251
707 472
709 472
709 486
711 486
711 463
713 463
713 591
696 591
696 465
690 465
690 255
694 255
694 238
689 238
689 621
701 621
701 618
714 618
714 604
715 604
715 438
712 438
712 249
710 249
710 157
699 157
699 164
683 164
683 132
657 132
657 131
633 131
633 114
623 114
623 112
632 112
632 76
624 76
624 105
621 105
621 123
619 123
619 128
616 128
616 62
614 62
614 90
606 90
606 61
605 61
605 102
607 102
607 111
595 111
595 129
585 129
585 130
491 130
491 135
610 135
610 138
677 138
677 289
635 289
635 280
671 280
671 246
612 246
612 234
617 234
617 236
618 236
618 166
598 166
598 196
601 196
601 177
604 177
604 216
603 216
603 227
590 227
590 208
586 208
586 211
589 211
589 220
558 220
558 226
553 226
553 285
554 285
554 292
563 292
563 307
549 307
549 371
545 371
545 393
538 393
538 357
533 357
533 384
513 384
513 738
511 738
511 504
508 504
508 567
506 567
506 625
510 625
510 675
507 675
507 730
498 730
498 739
512 739
512 784
505 784
505 807
503 807
503 786
501 786
501 751
499 751
499 785
496 785
496 766
492 766
492 836
495 836
495 866
526 866
526 909
527 909
527 934
544 934
544 946
530 946
530 951
556 951
556 953
551 953
551 972
535 972
535 982
559 982
559 1036
582 1036
582 1035
572 1035
572 1030
588 1030
588 1057
587 1057
587 1065
577 1065
577 1120
576 1120
576 1095
571 1095
571 1210
569 1210
569 1190
565 1190
565 1209
537 1209
537 1123
542 1123
542 1096
536 1096
536 1180
529 1180
529 1197
494 1197
494 1221
500 1221
500 1204
519 1204
519 1231
550 1231
550 1248
518 1248
518 1225
423 1225
423 1214
422 1214
422 1131
390 1131
390 1154
395 1154
395 1184
375 1184
375 1173
374 1173
374 1157
377 1157
377 1129
372 1129
372 1118
386 1118
386 1102
387 1102
387 1091
383 1091
383 999
405 999
405 956
415 956
415 1020
412 1020
412 987
411 987
411 1001
410 1001
410 1007
394 1007
394 1069
393 1069
393 1082
398 1082
398 1055
401 1055
401 1032
417 1032
417 935
431 935
431 914
426 914
426 906
446 906
446 916
489 916
489 886
466 886
466 893
458 893
458 894
335 894
335 895
435 895
435 897
482 897
482 899
359 899
359 901
221 901
221 896
229 896
229 890
222 890
222 809
225 809
225 715
230 715
230 669
242 669
242 726
324 726
324 724
310 724
310 720
307 720
307 658
338 658
338 653
328 653
328 648
314 648
314 645
323 645
323 638
332 638
332 617
333 617
333 569
340 569
340 593
354 593
354 590
380 590
380 570
345 570
345 552
318 552
318 571
317 571
317 585
325 585
325 636
315 636
315 634
311 634
311 614
293 614
293 490
288 490
288 441
285 441
285 349
280 349
280 266
295 266
295 264
347 264
347 295
342 295
342 302
319 302
319 315
339 315
339 392
346 392
346 370
349 370
349 420
348 420
348 456
392 456
392 440
361 440
361 422
433 422
433 355
480 355
480 290
488 290
488 230
473 230
473 221
474 221
474 209
471 209
471 202
