106
61 125
61 110
71 110
71 86
69 86
69 76
65 76
65 69
66 69
66 68
60 68
60 66
13 66
13 87
5 87
5 92
1 92
1 118
2 118
2 135
3 135
3 132
8 132
8 167
10 167
10 128
7 128
7 115
9 115
9 114
4 114
4 93
25 93
25 90
27 90
27 116
26 116
26 121
23 121
23 111
24 111
24 96
20 96
20 104
16 104
16 97
17 97
17 94
11 94
11 127
12 127
12 140
14 140
14 109
22 109
22 151
21 151
21 159
15 159
15 161
29 161
29 139
31 139
31 101
30 101
30 89
19 89
19 84
28 84
28 71
36 71
36 105
35 105
35 122
37 122
37 154
32 154
32 170
34 170
34 193
33 193
33 246
39 246
39 145
41 145
41 180
40 180
40 214
43 214
43 156
44 156
44 112
42 112
42 67
55 67
55 100
57 100
57 72
63 72
63 106
46 106
46 117
52 117
52 124
50 124
50 125
