356
249 1
249 11
236 11
236 10
230 10
230 8
232 8
232 4
208 4
208 2
167 2
167 6
166 6
166 3
146 3
146 9
164 9
164 13
169 13
169 44
171 44
171 62
161 62
161 107
160 107
160 27
158 27
158 18
151 18
151 16
148 16
148 22
152 22
152 19
156 19
156 38
157 38
157 164
154 164
154 183
153 183
153 190
139 190
139 191
113 191
113 177
107 177
107 157
114 157
114 146
133 146
133 133
130 133
130 55
120 55
120 51
123 51
123 45
116 45
116 32
145 32
145 30
115 30
115 85
104 85
104 83
103 83
103 57
100 57
100 79
101 79
101 60
102 60
102 95
117 95
117 63
129 63
129 102
124 102
124 108
125 108
125 143
108 143
108 152
106 152
106 192
128 192
128 194
137 194
137 195
110 195
110 196
168 196
168 197
141 197
141 199
126 199
126 200
155 200
155 198
177 198
177 174
178 174
178 202
209 202
209 184
220 184
220 188
229 188
229 185
235 185
235 205
233 205
233 219
227 219
227 224
218 224
218 231
143 231
143 225
142 225
142 236
144 236
144 239
136 239
136 234
72 234
72 233
51 233
51 218
58 218
58 210
59 210
59 207
62 207
62 158
54 158
54 150
56 150
56 141
70 141
70 126
75 126
75 125
61 125
61 110
71 110
71 86
69 86
69 76
65 76
65 69
66 69
66 68
60 68
60 66
13 66
13 87
5 87
5 92
1 92
1 118
2 118
2 135
3 135
3 132
8 132
8 167
10 167
10 128
7 128
7 115
9 115
9 114
4 114
4 93
25 93
25 90
27 90
27 116
26 116
26 121
23 121
23 111
24 111
24 96
20 96
20 104
16 104
16 97
17 97
17 94
11 94
11 127
12 127
12 140
14 140
14 109
22 109
22 151
21 151
21 159
15 159
15 161
29 161
29 139
31 139
31 101
30 101
30 89
19 89
19 84
28 84
28 71
36 71
36 105
35 105
35 122
37 122
37 154
32 154
32 170
34 170
34 193
33 193
33 246
39 246
39 145
41 145
41 180
40 180
40 214
43 214
43 156
44 156
44 112
42 112
42 67
55 67
55 100
57 100
57 72
63 72
63 106
46 106
46 117
52 117
52 124
50 124
50 129
45 129
45 134
53 134
53 181
49 181
49 238
111 238
111 242
67 242
67 248
138 248
138 250
140 250
140 249
147 249
147 247
112 247
112 240
121 240
121 244
127 244
127 245
134 245
134 243
132 243
132 241
149 241
149 232
223 232
223 235
200 235
200 237
231 237
231 227
246 227
246 230
248 230
248 123
247 123
247 24
243 24
243 17
239 17
239 77
237 77
237 88
240 88
240 142
241 142
241 47
244 47
244 120
245 120
245 223
234 223
234 222
242 222
242 220
238 220
238 182
203 182
203 187
206 187
206 189
192 189
192 201
182 201
182 186
188 186
188 163
193 163
193 153
195 153
195 119
196 119
196 56
191 56
191 155
186 155
186 166
185 166
185 169
180 169
180 171
176 171
176 179
159 179
159 160
162 160
162 64
170 64
170 65
174 65
174 58
172 58
172 7
175 7
175 5
194 5
194 15
201 15
201 14
224 14
224 12
250 12
250 1
