142
1 10
1 19
2 19
2 101
8 101
8 103
14 103
14 95
16 95
16 93
4 93
4 87
33 87
33 86
49 86
49 89
53 89
53 85
9 85
9 84
7 84
7 79
32 79
32 72
5 72
5 67
17 67
17 63
21 63
21 59
20 59
20 56
12 56
12 45
44 45
44 44
58 44
58 46
43 46
43 47
36 47
36 48
50 48
50 49
46 49
46 51
52 51
52 52
54 52
54 57
89 57
89 90
81 90
81 98
88 98
88 99
80 99
80 88
83 88
83 82
84 82
84 80
72 80
72 68
62 68
62 77
61 77
61 96
63 96
63 91
65 91
65 104
68 104
68 76
71 76
71 107
85 107
85 113
95 113
95 114
103 114
103 117
111 117
111 115
113 115
113 139
112 139
112 146
107 146
107 138
98 138
98 129
104 129
104 126
77 126
77 118
57 118
57 120
74 120
74 119
75 119
75 144
76 144
76 141
87 141
87 136
78 136
78 135
93 135
93 131
94 131
94 147
115 147
115 140
129 140
129 130
122 130
122 121
124 121
124 112
91 112
91 111
86 111
86 102
90 102
90 58
101 58
101 54
60 54
60 42
3 42
3 18
11 18
11 15
15 15
15 13
34 13
34 12
30 12
30 11
40 11
40 10
