98
40 105
40 111
45 111
45 131
44 131
44 121
33 121
33 114
35 114
35 77
27 77
27 68
20 68
20 113
13 113
13 109
12 109
12 83
19 83
19 65
18 65
18 62
15 62
15 63
11 63
11 97
7 97
7 76
9 76
9 54
25 54
25 46
22 46
22 51
5 51
5 107
8 107
8 117
21 117
21 129
17 129
17 127
2 127
2 140
1 140
1 143
3 143
3 130
10 130
10 128
16 128
16 137
4 137
4 142
23 142
23 69
26 69
26 87
29 87
29 148
28 148
28 150
30 150
30 133
31 133
31 135
43 135
43 138
32 138
32 145
34 145
34 144
76 144
76 146
77 146
77 132
88 132
88 126
74 126
74 134
47 134
47 123
59 123
59 125
83 125
83 120
54 120
54 118
85 118
85 116
79 116
79 81
87 81
87 79
67 79
67 92
70 92
70 105
