196
11 1
11 5
8 5
8 7
16 7
16 24
9 24
9 29
3 29
3 48
1 48
1 61
6 61
6 60
2 60
2 58
5 58
5 46
7 46
7 36
4 36
4 30
12 30
12 37
13 37
13 34
19 34
19 31
18 31
18 8
22 8
22 20
20 20
20 44
21 44
21 49
23 49
23 4
17 4
17 3
30 3
30 14
26 14
26 66
24 66
24 73
14 73
14 82
35 82
35 89
45 89
45 94
60 94
60 91
62 91
62 98
64 98
64 85
61 85
61 80
65 80
65 84
81 84
81 92
67 92
67 95
66 95
66 100
71 100
71 96
78 96
78 99
89 99
89 93
90 93
90 97
91 97
91 76
80 76
80 72
79 72
79 75
70 75
70 38
82 38
82 39
83 39
83 41
77 41
77 40
74 40
74 69
87 69
87 57
75 57
75 42
86 42
86 32
98 32
98 53
100 53
100 43
99 43
99 9
97 9
97 28
96 28
96 6
95 6
95 10
94 10
94 18
93 18
93 23
92 23
92 21
76 21
76 15
73 15
73 13
88 13
88 11
72 11
72 12
69 12
69 74
68 74
68 78
85 78
85 83
84 83
84 79
59 79
59 88
63 88
63 90
50 90
50 87
52 87
52 71
49 71
49 77
47 77
47 63
36 63
36 59
40 59
40 56
55 56
55 55
54 55
54 27
58 27
58 26
57 26
57 25
56 25
56 17
53 17
53 45
51 45
51 35
48 35
48 50
46 50
46 54
41 54
41 47
37 47
37 52
34 52
34 68
38 68
38 65
42 65
42 70
43 70
43 64
44 64
44 86
39 86
39 81
25 81
25 67
28 67
28 62
29 62
29 51
27 51
27 33
32 33
32 22
31 22
31 2
33 2
33 1
