348
97 2
97 103
92 103
92 128
93 128
93 104
94 104
94 222
89 222
89 224
84 224
84 234
82 234
82 207
71 207
71 183
63 183
63 166
62 166
62 162
58 162
58 151
61 151
61 70
59 70
59 66
65 66
65 139
72 139
72 108
77 108
77 30
2 30
2 132
1 132
1 225
7 225
7 196
6 196
6 154
5 154
5 167
4 167
4 223
3 223
3 31
49 31
49 33
47 33
47 32
38 32
38 34
17 34
17 54
16 54
16 112
15 112
15 68
12 68
12 123
11 123
11 71
10 71
10 84
9 84
9 120
8 120
8 136
14 136
14 113
18 113
18 35
30 35
30 36
64 36
64 38
40 38
40 39
76 39
76 57
73 57
73 78
68 78
68 96
70 96
70 133
66 133
66 47
43 47
43 83
42 83
42 176
46 176
46 170
44 170
44 107
50 107
50 92
53 92
53 109
52 109
52 111
54 111
54 119
56 119
56 116
57 116
57 179
60 179
60 202
67 202
67 201
69 201
69 235
32 235
32 221
33 221
33 190
31 190
31 185
35 185
35 169
29 169
29 180
27 180
27 191
28 191
28 245
45 245
45 236
48 236
48 237
75 237
75 239
78 239
78 238
96 238
96 122
98 122
98 146
103 146
103 157
108 157
108 168
107 168
107 171
110 171
110 220
124 220
124 215
127 215
127 195
130 195
130 211
131 211
131 240
132 240
132 243
134 243
134 189
138 189
138 250
141 250
141 232
158 232
158 227
146 227
146 217
139 217
139 205
152 205
152 203
149 203
149 198
142 198
142 188
135 188
135 184
133 184
133 187
126 187
126 212
114 212
114 178
111 178
111 137
137 137
137 138
129 138
129 140
116 140
116 149
117 149
117 161
148 161
148 165
161 165
161 163
159 163
159 150
163 150
163 153
179 153
179 164
180 164
180 194
194 194
194 209
192 209
192 199
190 199
190 213
193 213
193 216
169 216
169 219
195 219
195 214
196 214
196 204
204 204
204 197
214 197
214 230
212 230
212 231
199 231
199 242
182 242
182 246
185 246
185 244
187 244
187 247
208 247
208 233
216 233
216 193
186 193
186 174
184 174
184 147
166 147
166 141
144 141
144 144
153 144
153 155
143 155
143 156
156 156
156 159
119 159
119 160
118 160
118 148
140 148
140 130
177 130
177 129
160 129
160 121
157 121
157 125
136 125
136 135
105 135
105 131
104 131
104 143
100 143
100 85
101 85
101 63
99 63
99 53
102 53
102 4
106 4
106 50
145 50
145 59
147 59
147 61
150 61
150 74
154 74
154 60
155 60
155 67
165 67
165 64
162 64
162 52
168 52
168 79
167 79
167 118
183 118
183 98
191 98
191 99
197 99
197 91
202 91
202 90
205 90
205 93
206 93
206 101
200 101
200 105
203 105
203 117
213 117
213 110
218 110
218 100
219 100
219 228
230 228
230 226
224 226
224 200
221 200
221 192
225 192
225 182
222 182
222 158
220 158
220 95
217 95
217 102
211 102
211 89
172 89
172 97
178 97
178 106
170 106
170 49
109 49
109 41
112 41
112 11
128 11
128 2
