426
325 256
325 246
309 246
309 197
307 197
307 185
303 185
303 172
315 172
315 162
244 162
244 167
110 167
110 166
26 166
26 120
25 120
25 117
20 117
20 115
8 115
8 113
1 113
1 116
2 116
2 124
19 124
19 145
18 145
18 155
10 155
10 214
9 214
9 160
5 160
5 231
6 231
6 225
7 225
7 233
11 233
11 208
13 208
13 175
23 175
23 168
259 168
259 164
306 164
306 169
93 169
93 171
152 171
152 170
302 170
302 236
296 236
296 241
299 241
299 262
294 262
294 279
293 279
293 178
280 178
280 176
228 176
228 180
140 180
140 222
143 222
143 232
172 232
172 248
168 248
168 249
162 249
162 258
159 258
159 271
90 271
90 270
107 270
107 247
120 247
120 242
104 242
104 257
70 257
70 251
50 251
50 244
42 244
42 255
28 255
28 267
32 267
32 269
52 269
52 273
165 273
165 268
180 268
180 263
191 263
191 252
193 252
193 254
205 254
205 245
189 245
189 237
190 237
190 229
183 229
183 235
176 235
176 230
181 230
181 226
150 226
150 204
157 204
157 200
164 200
164 198
141 198
141 182
188 182
188 189
212 189
212 239
214 239
214 183
218 183
218 194
217 194
217 205
221 205
221 210
225 210
225 192
222 192
222 190
242 190
242 191
251 191
251 187
237 187
237 184
261 184
261 188
255 188
255 199
262 199
262 179
290 179
290 261
292 261
292 280
274 280
274 287
285 287
285 282
305 282
305 276
301 276
301 266
308 266
308 265
320 265
320 289
326 289
326 295
324 295
324 291
316 291
316 292
322 292
322 298
330 298
330 347
258 347
258 310
216 310
216 302
185 302
185 308
210 308
210 311
95 311
95 312
74 312
74 299
131 299
131 288
36 288
36 293
46 293
46 304
15 304
15 305
14 305
14 322
12 322
12 336
16 336
16 358
17 358
17 335
22 335
22 333
21 333
21 314
30 314
30 329
34 329
34 307
37 307
37 341
27 341
27 360
45 360
45 381
182 381
182 380
234 380
234 398
227 398
227 396
232 396
232 395
223 395
223 397
195 397
195 418
161 418
161 421
160 421
160 464
144 464
144 444
146 444
146 408
133 408
133 411
138 411
138 466
153 466
153 468
125 468
125 448
112 448
112 457
119 457
119 479
149 479
149 481
163 481
163 482
156 482
156 483
108 483
108 478
91 478
91 492
77 492
77 486
67 486
67 488
49 488
49 469
41 469
41 460
53 460
53 453
38 453
38 431
31 431
31 435
29 435
29 454
35 454
35 475
33 475
33 477
24 477
24 480
44 480
44 497
124 497
124 496
130 496
130 495
85 495
85 494
134 494
134 493
137 493
137 500
166 500
166 451
167 451
167 441
173 441
173 436
174 436
174 439
178 439
178 430
179 430
179 429
197 429
197 473
200 473
200 459
202 459
202 422
203 422
203 401
250 401
250 400
248 400
248 359
247 359
247 399
246 399
246 365
238 365
238 374
206 374
206 377
241 377
241 366
245 366
245 393
239 393
239 394
236 394
236 379
105 379
105 378
83 378
83 376
68 376
68 362
59 362
59 355
39 355
39 340
40 340
40 318
43 318
43 309
47 309
47 294
56 294
56 315
82 315
82 338
100 338
100 344
127 344
127 348
122 348
122 373
155 373
155 361
129 361
129 372
128 372
128 332
84 332
84 330
132 330
132 351
170 351
170 343
199 343
199 342
148 342
148 328
151 328
151 325
96 325
96 324
116 324
116 323
121 323
121 321
102 321
102 316
175 316
175 317
243 317
243 319
257 319
257 327
256 327
256 334
253 334
253 349
334 349
334 331
351 331
351 306
349 306
349 303
362 303
362 346
359 346
359 356
407 356
407 353
385 353
385 352
364 352
364 297
347 297
347 326
332 326
332 260
311 260
311 259
350 259
350 256
