122
325 256
325 246
309 246
309 197
307 197
307 185
303 185
303 172
315 172
315 162
244 162
244 167
110 167
110 166
26 166
26 120
25 120
25 117
20 117
20 115
8 115
8 113
1 113
1 116
2 116
2 124
19 124
19 145
18 145
18 155
10 155
10 214
9 214
9 160
5 160
5 231
6 231
6 225
7 225
7 233
11 233
11 208
13 208
13 175
23 175
23 168
259 168
259 164
306 164
306 169
93 169
93 171
152 171
152 170
302 170
302 236
296 236
296 241
299 241
299 262
294 262
294 279
293 279
293 178
280 178
280 176
228 176
228 180
140 180
140 222
143 222
143 232
172 232
172 248
168 248
168 249
162 249
162 258
159 258
159 271
165 271
165 268
180 268
180 263
191 263
191 252
205 252
205 245
189 245
189 237
190 237
190 235
176 235
176 230
181 230
181 226
150 226
150 204
157 204
157 200
164 200
164 198
141 198
141 182
262 182
262 179
290 179
290 261
292 261
292 280
305 280
305 276
301 276
301 266
308 266
308 265
332 265
332 260
311 260
311 259
350 259
350 256
