100
40 50
40 57
37 57
37 60
32 60
32 80
12 80
12 86
10 86
10 37
13 37
13 33
16 33
16 29
36 29
36 19
5 19
5 30
2 30
2 35
3 35
3 45
1 45
1 48
8 48
8 20
11 20
11 22
9 22
9 92
22 92
22 82
25 82
25 87
35 87
35 68
42 68
42 78
44 78
44 59
43 59
43 54
59 54
59 58
56 58
56 74
54 74
54 71
47 71
47 102
31 102
31 95
21 95
21 94
15 94
15 105
17 105
17 127
18 127
18 143
20 143
20 120
24 120
24 144
38 144
38 140
45 140
45 145
46 145
46 146
53 146
53 139
97 139
97 141
113 141
113 138
29 138
29 142
28 142
28 119
26 119
26 112
23 112
23 101
19 101
19 98
30 98
30 103
61 103
61 100
52 100
52 99
65 99
65 97
78 97
78 93
71 93
71 90
60 90
60 50
