916
216 1
216 23
211 23
211 52
210 52
210 67
208 67
208 327
215 327
215 329
207 329
207 223
206 223
206 198
199 198
199 188
192 188
192 176
173 176
173 131
183 131
183 126
182 126
182 80
202 80
202 77
170 77
170 100
167 100
167 151
168 151
168 219
166 219
166 189
164 189
164 190
163 190
163 230
160 230
160 232
165 232
165 279
169 279
169 195
193 195
193 225
172 225
172 267
177 267
177 255
185 255
185 244
189 244
189 243
205 243
205 273
204 273
204 362
213 362
213 364
219 364
219 365
220 365
220 385
203 385
203 314
201 314
201 358
200 358
200 352
186 352
186 349
190 349
190 336
158 336
158 367
141 367
141 355
134 355
134 286
149 286
149 210
147 210
147 216
146 216
146 160
150 160
150 152
145 152
145 153
144 153
144 249
142 249
142 203
143 203
143 138
140 138
140 149
138 149
138 161
139 161
139 173
136 173
136 251
131 251
131 368
176 368
176 357
188 357
188 381
156 381
156 378
175 378
175 376
159 376
159 373
53 373
53 375
77 375
77 377
82 377
82 380
118 380
118 379
125 379
125 387
191 387
191 388
181 388
181 390
108 390
108 391
135 391
135 392
7 392
7 370
6 370
6 265
16 265
16 234
19 234
19 263
29 263
29 326
25 326
25 359
26 359
26 334
32 334
32 259
35 259
35 253
48 253
48 248
45 248
45 247
22 247
22 242
21 242
21 197
24 197
24 228
37 228
37 222
27 222
27 220
43 220
43 179
90 179
90 227
89 227
89 241
84 241
84 283
81 283
81 289
85 289
85 296
87 296
87 258
88 258
88 338
86 338
86 342
73 342
73 325
80 325
80 303
70 303
70 262
71 262
71 236
69 236
69 201
65 201
65 221
64 221
64 256
66 256
66 308
68 308
68 351
97 351
97 372
98 372
98 235
99 235
99 340
120 340
120 318
101 318
101 291
112 291
112 304
113 304
113 272
115 272
115 205
117 205
117 109
93 109
93 107
78 107
78 78
79 78
79 51
83 51
83 6
76 6
76 102
72 102
72 121
67 121
67 123
74 123
74 113
111 113
111 169
116 169
116 171
110 171
110 280
100 280
100 237
104 237
104 229
95 229
95 271
94 271
94 284
96 284
96 323
91 323
91 172
59 172
59 129
46 129
46 144
17 144
17 125
18 125
18 120
1 120
1 141
8 141
8 145
54 145
54 143
57 143
57 177
44 177
44 178
13 178
13 181
38 181
38 200
39 200
39 217
28 217
28 185
20 185
20 226
14 226
14 240
2 240
2 394
51 394
51 393
153 393
153 399
154 399
154 402
62 402
62 403
133 403
133 405
148 405
148 408
102 408
102 450
105 450
105 452
106 452
106 412
130 412
130 467
161 467
161 469
151 469
151 481
162 481
162 460
155 460
155 461
152 461
152 464
132 464
132 449
137 449
137 413
157 413
157 398
194 398
194 411
174 411
174 404
171 404
171 414
178 414
178 426
179 426
179 456
180 456
180 463
196 463
196 443
187 443
187 425
197 425
197 400
222 400
222 363
214 363
214 345
209 345
209 331
227 331
227 307
221 307
221 199
212 199
212 133
258 133
258 297
256 297
256 252
254 252
254 211
237 211
237 207
234 207
234 260
232 260
232 135
231 135
231 292
233 292
233 306
229 306
229 348
236 348
236 231
235 231
235 224
239 224
239 250
245 250
245 257
244 257
244 353
243 353
243 269
241 269
241 436
240 436
240 438
246 438
246 420
253 420
253 383
247 383
247 356
248 356
248 341
249 341
249 366
250 366
250 215
242 215
242 214
251 214
251 300
260 300
260 70
266 70
266 213
265 213
265 264
263 264
263 305
268 305
268 302
272 302
272 354
261 354
261 424
270 424
270 462
262 462
262 468
184 468
184 477
198 477
198 479
195 479
195 482
274 482
274 486
218 486
218 492
255 492
255 487
278 487
278 497
282 497
282 458
280 458
280 483
279 483
279 478
217 478
217 470
223 470
223 476
257 476
257 471
271 471
271 395
267 395
267 422
264 422
264 374
275 374
275 245
276 245
276 451
277 451
277 140
273 140
273 18
259 18
259 132
225 132
225 79
224 79
224 60
226 60
226 35
228 35
228 11
238 11
238 14
321 14
321 15
326 15
326 29
336 29
336 69
332 69
332 50
316 50
316 71
340 71
340 57
345 57
345 61
344 61
344 92
342 92
342 99
329 99
329 112
320 112
320 117
312 117
312 124
299 124
299 137
302 137
302 142
288 142
288 146
285 146
285 147
287 147
287 148
289 148
289 186
286 186
286 270
291 270
291 347
382 347
382 335
432 335
432 384
428 384
428 361
426 361
426 386
411 386
411 371
373 371
373 389
395 389
395 397
398 397
398 396
435 396
435 382
445 382
445 360
449 360
449 277
447 277
447 233
455 233
455 208
450 208
450 168
427 168
427 165
467 165
467 180
470 180
470 239
472 239
472 192
477 192
477 202
473 202
473 401
464 401
464 407
469 407
469 410
425 410
425 416
379 416
379 417
365 417
365 418
377 418
377 433
315 433
315 437
313 437
313 430
317 430
317 429
335 429
335 423
309 423
309 439
306 439
306 490
307 490
307 440
310 440
310 495
311 495
311 484
318 484
318 453
322 453
322 472
319 472
319 480
331 480
331 494
360 494
360 496
460 496
460 499
442 499
442 500
482 500
482 498
462 498
462 493
341 493
341 485
343 485
343 474
325 474
325 459
323 459
323 447
352 447
352 446
364 446
364 442
384 442
384 419
386 419
386 455
401 455
401 473
394 473
394 475
406 475
406 457
404 457
404 448
412 448
412 488
416 488
416 491
436 491
436 489
448 489
448 466
456 466
456 465
415 465
415 454
433 454
433 444
444 444
444 435
466 435
466 445
468 445
468 441
471 441
471 431
439 431
439 432
430 432
430 434
403 434
403 428
410 428
410 427
402 427
402 421
438 421
438 415
476 415
476 409
474 409
474 312
475 312
475 206
488 206
488 157
494 157
494 183
497 183
497 196
492 196
492 204
489 204
489 209
490 209
490 332
486 332
486 301
484 301
484 238
479 238
479 406
480 406
480 346
487 346
487 369
500 369
500 261
499 261
499 343
495 343
495 309
491 309
491 254
498 254
498 130
496 130
496 136
493 136
493 128
485 128
485 193
481 193
481 184
483 184
483 163
459 163
459 156
441 156
441 155
440 155
440 154
397 154
397 159
429 159
429 164
420 164
420 162
418 162
418 166
421 166
421 182
424 182
424 174
446 174
446 350
434 350
434 324
407 324
407 333
405 333
405 330
376 330
376 320
392 320
392 315
385 315
385 313
387 313
387 310
400 310
400 278
399 278
399 282
372 282
372 287
370 287
370 321
337 321
337 294
350 294
350 288
354 288
354 290
353 290
353 299
366 299
366 293
358 293
358 275
357 275
357 276
348 276
348 285
339 285
339 281
330 281
330 311
328 311
328 317
314 317
314 322
375 322
375 337
368 337
368 328
324 328
324 339
333 339
333 344
296 344
296 319
308 319
308 295
301 295
301 316
295 316
295 298
300 298
300 274
298 274
298 266
292 266
292 246
297 246
297 212
294 212
294 191
293 191
293 187
303 187
303 167
304 167
304 139
305 139
305 127
338 127
338 122
355 122
355 97
367 97
367 93
369 93
369 98
361 98
361 119
389 119
389 114
390 114
390 104
414 104
414 103
408 103
408 74
422 74
422 91
451 91
451 96
453 96
453 95
465 95
465 94
478 94
478 86
458 86
458 88
452 88
452 76
461 76
461 81
463 81
463 46
431 46
431 42
417 42
417 56
419 56
419 53
423 53
423 47
454 47
454 63
437 63
437 66
409 66
409 68
393 68
393 41
391 41
391 38
413 38
413 39
443 39
443 37
388 37
388 105
378 105
378 33
380 33
380 36
381 36
381 27
396 27
396 20
457 20
457 19
383 19
383 24
363 24
363 44
371 44
371 45
359 45
359 65
374 65
374 83
351 83
351 48
347 48
347 82
349 82
349 87
356 87
356 84
362 84
362 90
346 90
346 28
334 28
334 26
327 26
327 13
252 13
252 10
290 10
290 8
269 8
269 7
281 7
281 5
230 5
230 4
284 4
284 3
283 3
283 1
