280
216 10
216 23
211 23
211 52
210 52
210 67
208 67
208 327
215 327
215 329
204 329
204 362
213 362
213 364
219 364
219 365
220 365
220 385
125 385
125 387
191 387
191 388
181 388
181 390
108 390
108 391
135 391
135 392
7 392
7 370
6 370
6 265
16 265
16 234
21 234
21 197
24 197
24 220
43 220
43 179
91 179
91 172
59 172
59 129
46 129
46 144
17 144
17 125
18 125
18 120
1 120
1 141
8 141
8 145
54 145
54 143
57 143
57 177
44 177
44 178
13 178
13 181
38 181
38 200
39 200
39 217
28 217
28 185
20 185
20 226
14 226
14 240
2 240
2 394
51 394
51 393
153 393
153 399
154 399
154 402
62 402
62 403
133 403
133 405
148 405
148 408
102 408
102 450
105 450
105 452
106 452
106 412
130 412
130 467
161 467
161 469
151 469
151 481
162 481
162 460
155 460
155 461
152 461
152 464
132 464
132 449
137 449
137 413
157 413
157 398
194 398
194 411
174 411
174 404
171 404
171 414
178 414
178 426
179 426
179 456
180 456
180 463
196 463
196 443
187 443
187 425
197 425
197 400
222 400
222 363
214 363
214 345
209 345
209 331
227 331
227 307
221 307
221 199
212 199
212 133
258 133
258 297
256 297
256 252
254 252
254 211
237 211
237 207
234 207
234 260
232 260
232 135
231 135
231 292
233 292
233 306
229 306
229 348
236 348
236 231
235 231
235 224
239 224
239 250
245 250
245 257
244 257
244 353
243 353
243 269
241 269
241 436
240 436
240 438
246 438
246 420
253 420
253 383
247 383
247 356
248 356
248 341
249 341
249 366
250 366
250 215
242 215
242 214
251 214
251 300
260 300
260 70
266 70
266 213
265 213
265 264
263 264
263 305
268 305
268 302
272 302
272 354
261 354
261 424
270 424
270 462
262 462
262 468
184 468
184 477
198 477
198 479
195 479
195 482
274 482
274 486
218 486
218 492
255 492
255 487
278 487
278 497
282 497
282 458
280 458
280 483
279 483
279 478
217 478
217 470
223 470
223 476
257 476
257 471
271 471
271 395
267 395
267 422
264 422
264 374
275 374
275 245
276 245
276 451
277 451
277 140
273 140
273 18
259 18
259 132
225 132
225 79
224 79
224 60
226 60
226 35
228 35
228 11
238 11
238 14
321 14
321 15
326 15
326 29
336 29
336 69
332 69
332 50
316 50
316 71
340 71
340 57
346 57
346 28
334 28
334 26
327 26
327 13
252 13
252 10
