184
234 488
234 479
192 479
192 475
158 475
158 447
183 447
183 433
190 433
190 415
191 415
191 62
46 62
46 60
34 60
34 57
4 57
4 30
7 30
7 29
21 29
21 22
26 22
26 15
22 15
22 11
29 11
29 10
3 10
3 4
61 4
61 3
1 3
1 12
13 12
13 13
20 13
20 16
2 16
2 79
9 79
9 68
12 68
12 63
185 63
185 66
188 66
188 156
176 156
176 192
173 192
173 123
170 123
170 120
169 120
169 144
162 144
162 251
164 251
164 206
166 206
166 238
165 238
165 303
172 303
172 279
177 279
177 258
171 258
171 208
184 208
184 409
178 409
178 423
137 423
137 428
136 428
136 411
153 411
153 406
132 406
132 275
135 275
135 297
143 297
143 296
140 296
140 263
139 263
139 229
133 229
133 240
128 240
128 416
129 416
129 430
130 430
130 452
126 452
126 482
193 482
193 486
103 486
103 491
93 491
93 463
55 463
55 591
48 591
48 603
51 603
51 611
43 611
43 722
59 722
59 696
52 696
52 652
63 652
63 738
72 738
72 848
73 848
73 798
75 798
75 690
67 690
67 647
60 647
60 642
76 642
76 753
87 753
87 950
108 950
108 917
159 917
159 906
154 906
154 886
145 886
145 875
147 875
147 794
155 794
155 749
160 749
160 763
161 763
161 710
127 710
127 682
117 682
117 687
100 687
100 703
99 703
99 719
150 719
150 755
144 755
144 908
107 908
107 931
102 931
102 901
96 901
96 869
90 869
90 772
89 772
89 740
78 740
78 631
45 631
45 612
56 612
56 545
57 545
57 466
66 466
66 493
110 493
110 488
