2396
486 1
486 17
474 17
474 21
437 21
437 24
478 24
478 48
477 48
477 59
476 59
476 72
470 72
470 89
465 89
465 188
464 188
464 129
454 129
454 181
448 181
448 223
446 223
446 99
443 99
443 249
458 249
458 646
456 646
456 407
455 407
455 804
457 804
457 856
459 856
459 198
460 198
460 971
453 971
453 744
450 744
450 400
449 400
449 742
447 742
447 895
441 895
441 914
436 914
436 915
390 915
390 898
394 898
394 889
404 889
404 868
391 868
391 826
389 826
389 843
382 843
382 854
377 854
377 825
380 825
380 782
365 782
365 725
366 725
366 533
368 533
368 359
362 359
362 286
357 286
357 358
348 358
348 274
369 274
369 277
388 277
388 28
416 28
416 40
423 40
423 116
418 116
418 472
419 472
419 183
424 183
424 431
426 431
426 345
425 345
425 69
427 69
427 532
411 532
411 504
417 504
417 478
410 478
410 231
409 231
409 461
408 461
408 556
414 556
414 681
413 681
413 644
412 644
412 660
405 660
405 717
402 717
402 790
420 790
420 788
415 788
415 560
431 560
431 513
433 513
433 476
434 476
434 380
432 380
432 340
428 340
428 273
430 273
430 180
429 180
429 20
400 20
400 19
398 19
398 26
396 26
396 18
395 18
395 23
385 23
385 33
370 33
370 51
384 51
384 100
386 100
386 232
376 232
376 174
344 174
344 209
371 209
371 270
345 270
345 592
341 592
341 94
338 94
338 225
334 225
334 395
335 395
335 319
336 319
336 325
340 325
340 425
337 425
337 487
332 487
332 302
331 302
331 609
333 609
333 633
328 633
328 577
325 577
325 635
339 635
339 615
342 615
342 610
350 610
350 601
347 601
347 390
355 390
355 527
356 527
356 393
358 393
358 658
363 658
363 664
359 664
359 783
360 783
360 691
361 691
361 787
373 787
373 881
379 881
379 882
387 882
387 925
406 925
406 926
435 926
435 951
442 951
442 965
392 965
392 968
383 968
383 969
399 969
399 993
374 993
374 996
329 996
329 877
320 877
320 943
313 943
313 1040
327 1040
327 1059
311 1059
311 1047
277 1047
277 999
294 999
294 940
295 940
295 894
291 894
291 834
278 834
278 748
308 748
308 746
287 746
287 417
289 417
289 132
290 132
290 91
312 91
312 88
310 88
310 27
262 27
262 70
264 70
264 127
267 127
267 207
268 207
268 299
270 299
270 693
271 693
271 863
263 863
263 879
253 879
253 912
259 912
259 928
245 928
245 833
248 833
248 819
233 819
233 726
239 726
239 702
247 702
247 700
215 700
215 594
213 594
213 528
216 528
216 522
238 522
238 494
231 494
231 490
234 490
234 479
192 479
192 475
158 475
158 447
183 447
183 433
190 433
190 415
191 415
191 62
46 62
46 60
34 60
34 57
4 57
4 30
7 30
7 29
21 29
21 22
26 22
26 15
22 15
22 11
29 11
29 10
3 10
3 4
61 4
61 3
1 3
1 12
13 12
13 13
20 13
20 16
2 16
2 79
9 79
9 68
12 68
12 63
185 63
185 66
188 66
188 156
176 156
176 192
173 192
173 123
170 123
170 120
169 120
169 144
162 144
162 251
164 251
164 206
166 206
166 238
165 238
165 303
172 303
172 279
177 279
177 258
171 258
171 208
184 208
184 409
178 409
178 423
137 423
137 428
136 428
136 411
153 411
153 406
132 406
132 275
135 275
135 297
143 297
143 296
140 296
140 263
139 263
139 229
133 229
133 240
128 240
128 416
129 416
129 430
130 430
130 452
126 452
126 482
193 482
193 486
103 486
103 491
93 491
93 441
101 441
101 469
120 469
120 276
113 276
113 254
115 254
115 227
121 227
121 167
118 167
118 136
114 136
114 104
109 104
109 145
88 145
88 176
98 176
98 244
111 244
111 195
112 195
112 368
92 368
92 177
68 177
68 185
70 185
70 220
74 220
74 217
83 217
83 221
79 221
79 288
81 288
81 253
82 253
82 298
91 298
91 351
85 351
85 373
119 373
119 438
58 438
58 445
77 445
77 463
55 463
55 591
48 591
48 603
51 603
51 611
43 611
43 722
59 722
59 696
52 696
52 652
63 652
63 738
72 738
72 848
73 848
73 798
75 798
75 690
67 690
67 647
60 647
60 642
76 642
76 753
87 753
87 950
108 950
108 917
159 917
159 906
154 906
154 886
145 886
145 875
147 875
147 794
155 794
155 749
160 749
160 763
161 763
161 710
127 710
127 673
156 673
156 666
134 666
134 665
151 665
151 540
152 540
152 507
142 507
142 595
141 595
141 662
125 662
125 682
117 682
117 687
105 687
105 587
100 587
100 703
99 703
99 719
150 719
150 755
144 755
144 908
124 908
124 897
107 897
107 931
102 931
102 901
96 901
96 869
90 869
90 772
89 772
89 685
94 685
94 684
86 684
86 618
80 618
80 622
84 622
84 740
78 740
78 626
53 626
53 631
45 631
45 612
56 612
56 545
57 545
57 466
66 466
66 496
71 496
71 503
131 503
131 501
95 501
95 493
97 493
97 497
110 497
110 488
211 488
211 514
206 514
206 686
208 686
208 624
209 624
209 781
207 781
207 797
210 797
210 541
212 541
212 959
240 959
240 982
227 982
227 1019
204 1019
204 1000
203 1000
203 1050
214 1050
214 1049
224 1049
224 1041
229 1041
229 1042
235 1042
235 1025
228 1025
228 1009
244 1009
244 953
241 953
241 944
257 944
257 1077
256 1077
256 1078
251 1078
251 1062
250 1062
250 1089
237 1089
237 1094
202 1094
202 1066
201 1066
201 1060
163 1060
163 1055
200 1055
200 1054
123 1054
123 1058
138 1058
138 1067
23 1067
23 1052
17 1052
17 1043
8 1043
8 1045
5 1045
5 1057
6 1057
6 1092
10 1092
10 1046
11 1046
11 1088
15 1088
15 1083
16 1083
16 1090
18 1090
18 1093
14 1093
14 1102
28 1102
28 1112
27 1112
27 1139
32 1139
32 1132
33 1132
33 1136
36 1136
36 1137
62 1137
62 1140
106 1140
106 1138
182 1138
182 1145
179 1145
179 1152
186 1152
186 1168
199 1168
199 1161
187 1161
187 1126
194 1126
194 1150
249 1150
249 1151
261 1151
261 1149
225 1149
225 1148
330 1148
330 1197
603 1197
603 1196
651 1196
651 1198
613 1198
613 1208
652 1208
652 1216
649 1216
649 1239
648 1239
648 1246
661 1246
661 1230
675 1230
675 1227
704 1227
704 1234
951 1234
951 1237
957 1237
957 1242
906 1242
906 1243
949 1243
949 1248
958 1248
958 1245
1120 1245
1120 1247
1060 1247
1060 1249
1138 1249
1138 1204
1132 1204
1132 1174
1113 1174
1113 1205
1063 1205
1063 1190
1107 1190
1107 1170
1105 1170
1105 1162
1185 1162
1185 1163
1216 1163
1216 1193
1206 1193
1206 1173
1197 1173
1197 1209
1194 1209
1194 1201
1162 1201
1162 1217
1200 1217
1200 1223
1204 1223
1204 1207
1213 1207
1213 1212
1210 1212
1210 1250
1224 1250
1224 1233
1220 1233
1220 1191
1219 1191
1219 1160
1059 1160
1059 1164
1088 1164
1088 1172
1056 1172
1056 1176
1062 1176
1062 1203
1009 1203
1009 1182
1049 1182
1049 1167
1039 1167
1039 1159
1165 1159
1165 1154
1145 1154
1145 1156
900 1156
900 1157
988 1157
988 1185
954 1185
954 1166
940 1166
940 1169
947 1169
947 1186
998 1186
998 1206
1003 1206
1003 1215
1027 1215
1027 1210
1032 1210
1032 1220
1034 1220
1034 1225
1048 1225
1048 1218
1079 1218
1079 1213
1124 1213
1124 1222
1086 1222
1086 1228
1119 1228
1119 1235
1130 1235
1130 1240
1085 1240
1085 1232
1015 1232
1015 1238
1008 1238
1008 1236
992 1236
992 1241
1115 1241
1115 1244
965 1244
965 1219
953 1219
953 1229
877 1229
877 1231
733 1231
733 1211
708 1211
708 1214
683 1214
683 1221
703 1221
703 1226
676 1226
676 1224
660 1224
660 1202
717 1202
717 1165
715 1165
715 1171
706 1171
706 1177
707 1177
707 1199
692 1199
692 1200
654 1200
654 1194
515 1194
515 1187
583 1187
583 1192
705 1192
705 1184
524 1184
524 1183
688 1183
688 1179
668 1179
668 1178
620 1178
620 1181
496 1181
496 1175
492 1175
492 1180
483 1180
483 1188
401 1188
401 1189
439 1189
439 1195
346 1195
346 1158
353 1158
353 1155
367 1155
367 1153
421 1153
421 1143
549 1143
549 1144
680 1144
680 1147
806 1147
806 1114
804 1114
804 1107
815 1107
815 1104
819 1104
819 1075
816 1075
816 1096
811 1096
811 1091
810 1091
810 1085
727 1085
727 1081
718 1081
718 1074
711 1074
711 1071
658 1071
658 1082
572 1082
572 1076
555 1076
555 1016
659 1016
659 1022
565 1022
565 1051
573 1051
573 1038
580 1038
580 1029
598 1029
598 1028
612 1028
612 1026
615 1026
615 1034
621 1034
621 1033
736 1033
736 1032
616 1032
616 1024
588 1024
588 1023
645 1023
645 1031
665 1031
665 1030
835 1030
835 1027
667 1027
667 1021
694 1021
694 1006
760 1006
760 1013
763 1013
763 1020
776 1020
776 1018
785 1018
785 1002
774 1002
774 989
746 989
746 988
741 988
741 992
735 992
735 998
719 998
719 1004
740 1004
740 1005
689 1005
689 1015
640 1015
640 1014
599 1014
599 1011
557 1011
557 1010
568 1010
568 1007
531 1007
531 1012
514 1012
514 1035
516 1035
516 1044
529 1044
529 1061
511 1061
511 1048
503 1048
503 1056
502 1056
502 1072
501 1072
501 1063
499 1063
499 1036
500 1036
500 872
498 872
498 1080
497 1080
497 680
525 680
525 836
527 836
527 974
533 974
533 896
532 896
532 649
522 649
522 606
556 606
556 544
560 544
560 467
538 467
538 500
550 500
550 517
554 517
554 561
542 561
542 509
540 509
540 566
539 566
539 518
534 518
534 599
520 599
520 543
526 543
526 458
547 458
547 443
566 443
566 529
575 529
575 762
576 762
576 596
579 596
579 539
581 539
581 778
585 778
585 801
589 801
589 654
587 654
587 771
582 771
582 584
593 584
593 708
590 708
590 938
607 938
607 962
610 962
610 935
591 935
591 743
594 743
594 555
600 555
600 547
602 547
602 887
605 887
605 905
606 905
606 916
643 916
643 937
639 937
639 957
641 957
641 987
698 987
698 921
696 921
696 855
684 855
684 846
687 846
687 831
697 831
697 829
673 829
673 817
709 817
709 880
714 880
714 885
726 885
726 871
710 871
710 814
738 814
738 815
750 815
750 835
754 835
754 849
758 849
758 779
755 779
755 538
761 538
761 331
778 331
778 410
771 410
771 398
775 398
775 392
764 392
764 414
762 414
762 585
772 585
772 557
787 557
787 485
789 485
789 650
788 650
788 766
784 766
784 923
769 923
769 946
781 946
781 963
798 963
798 785
800 785
800 731
796 731
796 883
793 883
793 837
790 837
790 586
803 586
803 573
795 573
795 470
802 470
802 455
799 455
799 448
791 448
791 462
782 462
782 510
767 510
767 432
773 432
773 437
779 437
779 399
808 399
808 499
809 499
809 369
783 369
783 321
749 321
749 401
747 401
747 444
724 444
724 460
743 460
743 446
745 446
745 474
751 474
751 442
752 442
752 459
756 459
756 511
723 511
723 305
725 305
725 170
737 170
737 199
734 199
734 202
748 202
748 239
780 239
780 241
765 241
765 272
728 272
728 284
757 284
757 301
792 301
792 278
786 278
786 218
812 218
812 212
759 212
759 197
821 197
821 211
856 211
856 289
848 289
848 261
822 261
822 360
827 360
827 311
828 311
828 294
832 294
832 317
887 317
887 324
829 324
829 379
830 379
830 382
840 382
840 454
839 454
839 402
834 402
834 434
817 434
817 473
823 473
823 477
820 477
820 600
818 600
818 619
826 619
826 580
852 580
852 641
859 641
859 697
854 697
854 651
824 651
824 676
833 676
833 692
843 692
843 712
838 712
838 734
836 734
836 866
862 866
862 853
855 853
855 850
842 850
842 827
845 827
845 765
863 765
863 757
837 757
837 745
850 745
850 705
851 705
851 713
860 713
860 657
866 657
866 559
869 559
869 535
865 535
865 515
861 515
861 567
825 567
825 465
868 465
868 436
849 436
849 453
841 453
841 334
844 334
844 335
881 335
881 347
891 347
891 350
875 350
875 440
878 440
878 630
899 630
899 637
884 637
884 683
898 683
898 724
882 724
882 747
928 747
928 806
932 806
932 867
921 867
921 900
920 900
920 844
926 844
926 760
913 760
913 786
923 786
923 808
917 808
917 924
931 924
931 892
934 892
934 807
935 807
935 873
937 873
937 620
942 620
942 593
943 593
943 890
959 890
959 840
961 840
961 910
962 910
962 904
963 904
963 818
950 818
950 838
956 838
956 842
944 842
944 706
948 706
948 709
964 709
964 707
966 707
966 695
952 695
952 617
946 617
946 655
945 655
945 581
941 581
941 568
936 568
936 505
960 505
960 483
930 483
930 632
933 632
933 780
929 780
929 741
901 741
901 623
888 623
888 621
879 621
879 435
880 435
880 356
893 356
893 333
831 333
831 332
895 332
895 159
897 159
897 142
903 142
903 353
902 353
902 371
909 371
909 363
915 363
915 405
916 405
916 564
919 564
919 558
918 558
918 464
927 464
927 451
925 451
925 404
922 404
922 330
910 330
910 250
924 250
924 233
907 233
907 354
905 354
905 315
904 315
904 128
896 128
896 87
894 87
894 173
889 173
889 204
885 204
885 140
886 140
886 75
911 75
911 163
914 163
914 146
912 146
912 42
996 42
996 44
938 44
938 53
1116 53
1116 55
1057 55
1057 56
1173 56
1173 61
1157 61
1157 73
1156 73
1156 77
1087 77
1087 74
967 74
967 95
973 95
973 252
972 252
972 281
969 281
969 549
976 549
976 656
981 656
981 669
982 669
982 776
984 776
984 858
1045 858
1045 911
1005 911
1005 929
1046 929
1046 973
1002 973
1002 967
955 967
955 979
1000 979
1000 985
1044 985
1044 977
1047 977
1047 903
1050 903
1050 949
1058 949
1058 920
1055 920
1055 919
1072 919
1072 884
1067 884
1067 861
1066 861
1066 822
1075 822
1075 813
1074 813
1074 811
1020 811
1020 784
1030 784
1030 775
1041 775
1041 777
1076 777
1076 773
1001 773
1001 802
999 802
999 754
995 754
995 675
994 675
994 574
1090 574
1090 602
1089 602
1089 597
1081 597
1081 613
1098 613
1098 590
1099 590
1099 582
1102 582
1102 714
1100 714
1100 671
1093 671
1093 733
1094 733
1094 888
1097 888
1097 981
1080 981
1080 995
1077 995
1077 1008
1083 1008
1083 1037
1095 1037
1095 984
1103 984
1103 698
1106 698
1106 648
1110 648
1110 759
1111 759
1111 792
1112 792
1112 579
1171 579
1171 629
1151 629
1151 716
1135 716
1135 668
1134 668
1134 645
1125 645
1125 677
1133 677
1133 736
1140 736
1140 728
1141 728
1141 723
1148 723
1148 758
1149 758
1149 751
1150 751
1150 769
1169 769
1169 761
1172 761
1172 752
1178 752
1178 721
1184 721
1184 720
1203 720
1203 727
1198 727
1198 739
1243 739
1243 735
1245 735
1245 729
1240 729
1240 679
1233 679
1233 737
1229 737
1229 715
1231 715
1231 699
1202 699
1202 718
1164 718
1164 711
1163 711
1163 756
1154 756
1154 688
1152 688
1152 674
1168 674
1168 672
1158 672
1158 667
1160 667
1160 653
1187 653
1187 659
1179 659
1179 663
1188 663
1188 640
1239 640
1239 638
1208 638
1208 634
1199 634
1199 636
1181 636
1181 588
1192 588
1192 607
1211 607
1211 604
1214 604
1214 616
1235 616
1235 578
1218 578
1218 575
1180 575
1180 643
1155 643
1155 639
1177 639
1177 576
1092 576
1092 569
1078 569
1078 565
1071 565
1071 534
1053 534
1053 519
1026 519
1026 524
1017 524
1017 502
1025 502
1025 377
1023 377
1023 338
1028 338
1028 357
1029 357
1029 495
1038 495
1038 498
1091 498
1091 506
1096 506
1096 526
1101 526
1101 536
1118 536
1118 542
1139 542
1139 537
1153 537
1153 523
1232 523
1232 554
1247 554
1247 520
1174 520
1174 492
1142 492
1142 516
1121 516
1121 525
1104 525
1104 489
1035 489
1035 484
1033 484
1033 419
1037 419
1037 292
1031 292
1031 267
1024 267
1024 257
1042 257
1042 468
1043 468
1043 256
1064 256
1064 413
1143 413
1143 388
1166 388
1166 381
1234 381
1234 424
1248 424
1248 268
1246 268
1246 187
1249 187
1249 201
1250 201
1250 93
1244 93
1244 408
1242 408
1242 92
1238 92
1238 110
1217 110
1217 109
1205 109
1205 111
1193 111
1193 137
1207 137
1207 125
1212 125
1212 131
1215 131
1215 148
1222 148
1222 119
1223 119
1223 152
1195 152
1195 154
1159 154
1159 157
1182 157
1182 166
1225 166
1225 182
1209 182
1209 216
1226 216
1226 161
1227 161
1227 266
1228 266
1228 172
1230 172
1230 222
1237 222
1237 282
1241 282
1241 336
1221 336
1221 306
1167 306
1167 309
1144 309
1144 322
1127 322
1127 295
1117 295
1117 262
1114 262
1114 228
1128 228
1128 237
1137 237
1137 153
1146 153
1146 124
1136 124
1136 224
1108 224
1108 342
1109 342
1109 361
1122 361
1122 316
1123 316
1123 312
1126 312
1126 326
1129 326
1129 327
1147 327
1147 313
1186 313
1186 307
1201 307
1201 344
1191 344
1191 367
1236 367
1236 370
1189 370
1189 364
1161 364
1161 375
1131 375
1131 397
1084 397
1084 396
1082 396
1082 365
1069 365
1069 280
1073 280
1073 260
1065 260
1065 247
1036 247
1036 230
1022 230
1022 481
1021 481
1021 346
1019 346
1019 246
1014 246
1014 245
1016 245
1016 121
1012 121
1012 160
1010 160
1010 291
1011 291
1011 310
1013 310
1013 259
1018 259
1018 480
1006 480
1006 378
1007 378
1007 374
1004 374
1004 546
1070 546
1070 551
1061 551
1061 553
1068 553
1068 570
991 570
991 548
989 548
989 774
990 774
990 704
993 704
993 816
1054 816
1054 821
1052 821
1052 847
1051 847
1051 841
1040 841
1040 845
987 845
987 832
986 832
986 799
985 799
985 614
977 614
977 456
980 456
980 421
974 421
974 429
971 429
971 530
970 530
970 308
978 308
978 210
979 210
979 203
975 203
975 83
983 83
983 82
1196 82
1196 65
1190 65
1190 81
1183 81
1183 71
1176 71
1176 80
1175 80
1175 5
1170 5
1170 52
968 52
968 50
997 50
997 39
939 39
939 41
908 41
908 54
872 54
872 64
873 64
873 84
858 84
858 67
814 67
814 76
857 76
857 85
871 85
871 97
883 97
883 255
890 255
890 175
892 175
892 285
867 285
867 214
874 214
874 215
876 215
876 193
870 193
870 103
846 103
846 130
847 130
847 107
864 107
864 158
853 158
853 194
739 194
739 164
702 164
702 147
729 147
729 139
731 139
731 135
700 135
700 138
679 138
679 143
685 143
685 165
712 165
712 196
691 196
691 226
674 226
674 219
686 219
686 213
653 213
653 190
646 190
646 117
647 117
647 96
642 96
642 171
637 171
637 242
630 242
630 248
628 248
628 155
627 155
627 126
624 126
624 115
636 115
636 106
633 106
633 108
631 108
631 105
623 105
623 133
619 133
619 102
611 102
611 134
625 134
625 169
626 169
626 271
638 271
638 269
644 269
644 235
716 235
716 168
720 168
720 372
713 372
713 403
699 403
699 420
722 420
722 550
690 550
690 552
730 552
730 562
721 562
721 563
742 563
742 572
753 572
753 805
732 805
732 809
655 809
655 810
677 810
677 812
663 812
663 823
670 823
670 824
634 824
634 852
657 852
657 857
678 857
678 862
669 862
669 864
635 864
635 870
682 870
682 860
693 860
693 955
681 955
681 945
671 945
671 947
672 947
672 961
695 961
695 986
662 986
662 975
664 975
664 970
666 970
666 941
656 941
656 936
650 936
650 913
617 913
617 902
614 902
614 899
618 899
618 891
632 891
632 878
604 878
604 531
597 531
597 512
578 512
578 508
567 508
567 439
537 439
537 449
512 449
512 283
517 283
517 337
521 337
521 426
528 426
528 320
535 320
535 427
559 427
559 394
561 394
561 387
596 387
596 386
546 386
546 366
586 366
586 376
569 376
569 385
595 385
595 355
584 355
584 328
592 328
592 314
571 314
571 293
577 293
577 265
564 265
564 189
563 189
563 236
552 236
552 184
551 184
551 205
548 205
548 349
558 349
558 352
545 352
545 362
544 362
544 412
543 412
543 290
523 290
523 287
541 287
541 112
553 112
553 151
570 151
570 162
574 162
574 150
562 150
562 113
608 113
608 114
609 114
609 101
536 101
536 264
530 264
530 191
513 191
513 186
510 186
510 179
509 179
509 122
507 122
507 149
505 149
505 625
504 625
504 627
506 627
506 243
508 243
508 471
518 471
518 605
519 605
519 670
494 670
494 793
490 793
490 907
491 907
491 795
495 795
495 1017
493 1017
493 1087
701 1087
701 1086
807 1086
807 1095
768 1095
768 1097
766 1097
766 1098
813 1098
813 1105
797 1105
797 1101
770 1101
770 1111
801 1111
801 1117
777 1117
777 1123
629 1123
629 1125
744 1125
744 1128
622 1128
622 1130
794 1130
794 1129
805 1129
805 1141
601 1141
601 1142
397 1142
397 1146
197 1146
197 1127
196 1127
196 1122
189 1122
189 1119
175 1119
175 1133
168 1133
168 1135
122 1135
122 1134
47 1134
47 1124
41 1124
41 1121
54 1121
54 1118
50 1118
50 1116
42 1116
42 1120
39 1120
39 1131
30 1131
30 1115
31 1115
31 1100
24 1100
24 1099
25 1099
25 1084
19 1084
19 1069
149 1069
149 1064
174 1064
174 1070
198 1070
198 1103
205 1103
205 1106
181 1106
181 1108
195 1108
195 1109
252 1109
252 1113
255 1113
255 1110
258 1110
258 933
220 933
220 958
217 958
217 851
222 851
222 800
221 800
221 764
219 764
219 750
218 750
218 701
223 701
223 796
226 796
226 820
230 820
230 918
242 918
242 930
254 930
254 932
260 932
260 978
265 978
265 927
266 927
266 893
273 893
273 876
272 876
272 32
309 32
309 90
288 90
288 391
286 391
286 661
283 661
283 521
284 521
284 178
276 178
276 234
280 234
280 200
281 200
281 598
282 598
282 694
279 694
279 339
275 339
275 389
274 389
274 1053
293 1053
293 1073
321 1073
321 1079
354 1079
354 1068
317 1068
317 1065
352 1065
352 1039
318 1039
318 991
319 991
319 964
323 964
323 922
326 922
326 997
375 997
375 1003
381 1003
381 1001
422 1001
422 994
403 994
403 980
407 980
407 966
438 966
438 990
481 990
481 956
484 956
484 948
482 948
482 934
479 934
479 954
463 954
463 839
466 839
466 732
461 732
461 304
462 304
462 418
467 418
467 98
468 98
468 628
469 628
469 909
472 909
472 589
473 589
473 830
475 830
475 329
471 329
471 78
480 78
480 86
485 86
485 118
489 118
489 31
488 31
488 58
487 58
487 1
