452
247 701
247 700
215 700
215 594
213 594
213 528
216 528
216 522
238 522
238 494
231 494
231 490
234 490
234 479
192 479
192 475
158 475
158 447
183 447
183 433
190 433
190 415
191 415
191 62
46 62
46 60
34 60
34 57
4 57
4 30
7 30
7 29
21 29
21 22
26 22
26 15
22 15
22 11
29 11
29 10
3 10
3 4
61 4
61 3
1 3
1 12
13 12
13 13
20 13
20 16
2 16
2 79
9 79
9 68
12 68
12 63
185 63
185 66
188 66
188 156
176 156
176 192
173 192
173 123
170 123
170 120
169 120
169 144
162 144
162 251
164 251
164 206
166 206
166 238
165 238
165 303
172 303
172 279
177 279
177 258
171 258
171 208
184 208
184 409
178 409
178 423
137 423
137 428
136 428
136 411
153 411
153 406
132 406
132 275
135 275
135 297
143 297
143 296
140 296
140 263
139 263
139 229
133 229
133 240
128 240
128 416
129 416
129 430
130 430
130 452
126 452
126 482
193 482
193 486
103 486
103 491
93 491
93 441
101 441
101 469
120 469
120 276
113 276
113 254
115 254
115 227
121 227
121 167
118 167
118 136
114 136
114 104
109 104
109 145
88 145
88 176
98 176
98 244
111 244
111 195
112 195
112 368
92 368
92 177
68 177
68 185
70 185
70 220
74 220
74 217
83 217
83 221
79 221
79 288
81 288
81 253
82 253
82 298
91 298
91 351
85 351
85 373
119 373
119 438
58 438
58 445
77 445
77 463
55 463
55 591
48 591
48 603
51 603
51 611
43 611
43 722
59 722
59 696
52 696
52 652
63 652
63 738
72 738
72 848
73 848
73 798
75 798
75 690
67 690
67 647
60 647
60 642
76 642
76 753
87 753
87 950
108 950
108 917
159 917
159 906
154 906
154 886
145 886
145 875
147 875
147 794
155 794
155 749
160 749
160 763
161 763
161 710
127 710
127 673
156 673
156 666
134 666
134 665
151 665
151 540
152 540
152 507
142 507
142 595
141 595
141 662
125 662
125 682
117 682
117 687
105 687
105 587
100 587
100 703
99 703
99 719
150 719
150 755
144 755
144 908
124 908
124 897
107 897
107 931
102 931
102 901
96 901
96 869
90 869
90 772
89 772
89 685
94 685
94 684
86 684
86 618
80 618
80 622
84 622
84 740
78 740
78 626
53 626
53 631
45 631
45 612
56 612
56 545
57 545
57 466
66 466
66 496
71 496
71 503
131 503
131 501
95 501
95 493
97 493
97 497
110 497
110 488
211 488
211 514
206 514
206 686
208 686
208 624
209 624
209 781
207 781
207 797
210 797
210 541
212 541
212 959
240 959
240 982
227 982
227 1019
204 1019
204 1000
203 1000
203 1050
214 1050
214 1049
224 1049
224 1041
229 1041
229 1042
235 1042
235 1025
228 1025
228 1009
244 1009
244 953
241 953
241 944
257 944
257 1077
256 1077
256 1078
251 1078
251 1062
250 1062
250 1089
237 1089
237 1094
202 1094
202 1066
201 1066
201 1060
163 1060
163 1055
200 1055
200 1054
123 1054
123 1058
138 1058
138 1067
23 1067
23 1052
17 1052
17 1043
8 1043
8 1045
5 1045
5 1057
6 1057
6 1092
10 1092
10 1046
11 1046
11 1088
15 1088
15 1083
16 1083
16 1090
18 1090
18 1093
14 1093
14 1102
28 1102
28 1112
27 1112
27 1139
32 1139
32 1132
33 1132
33 1136
36 1136
36 1137
62 1137
62 1140
106 1140
106 1138
182 1138
182 1145
179 1145
179 1152
186 1152
186 1168
199 1168
199 1161
187 1161
187 1126
194 1126
194 1150
249 1150
249 1151
261 1151
261 1149
225 1149
225 1148
330 1148
330 1197
603 1197
603 1196
651 1196
651 1198
654 1198
654 1195
346 1195
346 1158
353 1158
353 1155
367 1155
367 1153
421 1153
421 1146
197 1146
197 1127
196 1127
196 1122
175 1122
175 1133
168 1133
168 1135
122 1135
122 1134
47 1134
47 1131
30 1131
30 1115
31 1115
31 1100
24 1100
24 1099
25 1099
25 1084
19 1084
19 1069
149 1069
149 1064
174 1064
174 1070
198 1070
198 1103
258 1103
258 933
220 933
220 958
217 958
217 851
222 851
222 800
221 800
221 764
219 764
219 750
218 750
218 701
