108
5 53
5 65
9 65
9 67
1 67
1 90
8 90
8 70
13 70
13 64
17 64
17 55
22 55
22 66
30 66
30 89
34 89
34 120
33 120
33 115
10 115
10 98
3 98
3 121
25 121
25 122
43 122
43 112
37 112
37 95
38 95
38 69
49 69
49 86
53 86
53 101
60 101
60 107
68 107
68 96
78 96
78 102
91 102
91 104
85 104
85 126
101 126
101 117
95 117
95 116
155 116
155 118
146 118
146 119
134 119
134 123
135 123
135 131
136 131
136 135
131 135
131 136
121 136
121 133
110 133
110 134
114 134
114 144
39 144
39 145
20 145
20 139
18 139
18 138
2 138
2 143
7 143
7 146
150 146
150 142
137 142
137 140
163 140
163 129
144 129
144 127
165 127
165 124
193 124
193 114
103 114
103 105
92 105
92 92
55 92
55 74
74 74
74 72
61 72
61 63
190 63
190 62
24 62
24 57
158 57
158 56
117 56
117 53
