110
1 1
1 46
29 46
29 51
34 51
34 147
28 147
28 137
27 137
27 143
23 143
23 53
14 53
14 64
12 64
12 101
16 101
16 122
22 122
22 141
5 141
5 344
9 344
9 350
3 350
3 377
6 377
6 389
8 389
8 363
11 363
11 185
7 185
7 142
10 142
10 154
21 154
21 264
18 264
18 336
15 336
15 424
40 424
40 403
57 403
57 303
59 303
59 330
60 330
60 258
48 258
48 256
44 256
44 261
49 261
49 275
54 275
54 294
47 294
47 329
50 329
50 305
52 305
52 307
56 307
56 386
51 386
51 392
55 392
55 401
46 401
46 337
39 337
39 342
38 342
38 368
43 368
43 370
30 370
30 394
24 394
24 351
19 351
19 272
25 272
25 189
26 189
26 216
33 216
33 201
36 201
36 195
35 195
35 146
37 146
37 32
45 32
45 42
71 42
71 38
75 38
75 41
141 41
141 40
119 40
119 33
53 33
53 27
2 27
2 1
