456
1 1
1 46
29 46
29 51
34 51
34 147
28 147
28 137
27 137
27 143
23 143
23 53
14 53
14 64
12 64
12 101
16 101
16 122
22 122
22 141
5 141
5 344
9 344
9 350
3 350
3 377
6 377
6 389
8 389
8 363
11 363
11 185
7 185
7 142
10 142
10 154
21 154
21 264
18 264
18 336
15 336
15 424
40 424
40 403
57 403
57 303
59 303
59 330
60 330
60 258
48 258
48 256
44 256
44 261
49 261
49 275
54 275
54 294
47 294
47 329
50 329
50 305
52 305
52 307
56 307
56 386
51 386
51 392
55 392
55 401
46 401
46 337
39 337
39 342
38 342
38 368
43 368
43 370
30 370
30 394
24 394
24 351
19 351
19 272
25 272
25 189
26 189
26 216
33 216
33 201
36 201
36 195
35 195
35 146
37 146
37 32
45 32
45 42
71 42
71 38
75 38
75 47
117 47
117 116
115 116
115 160
106 160
106 134
87 134
87 79
88 79
88 61
84 61
84 174
95 174
95 179
83 179
83 69
78 69
78 170
76 170
76 187
74 187
74 196
77 196
77 198
80 198
80 184
81 184
81 124
82 124
82 183
99 183
99 213
97 213
97 246
101 246
101 260
94 260
94 449
92 449
92 455
90 455
90 426
93 426
93 314
73 314
73 267
72 267
72 301
70 301
70 212
69 212
69 321
63 321
63 223
64 223
64 182
68 182
68 157
66 157
66 121
62 121
62 333
79 333
79 325
91 325
91 361
89 361
89 464
125 464
125 450
122 450
122 454
98 454
98 439
112 439
112 433
96 433
96 383
121 383
121 355
114 355
114 317
111 317
111 379
105 379
105 381
103 381
103 304
102 304
102 200
100 200
100 199
135 199
135 250
138 250
138 268
145 268
145 241
150 241
150 359
142 359
142 458
136 458
136 440
137 440
137 266
134 266
134 348
132 348
132 477
133 477
133 479
120 479
120 481
61 481
61 494
65 494
65 485
86 485
86 491
108 491
108 499
42 499
42 500
127 500
127 493
130 493
130 490
116 490
116 488
139 488
139 478
144 478
144 405
143 405
143 391
147 391
147 376
149 376
149 467
152 467
152 443
154 443
154 335
151 335
151 253
155 253
155 233
153 233
153 229
148 229
148 190
146 190
146 197
104 197
104 176
123 176
123 172
109 172
109 169
118 169
118 85
131 85
131 84
126 84
126 78
124 78
124 43
113 43
113 41
141 41
141 37
129 37
129 22
128 22
128 40
119 40
119 25
85 25
85 29
110 29
110 31
67 31
67 16
58 16
58 33
53 33
53 11
140 11
140 9
187 9
187 7
271 7
271 15
292 15
292 14
297 14
297 17
299 17
299 44
275 44
275 45
243 45
243 34
269 34
269 28
193 28
193 35
180 35
180 66
266 66
266 67
289 67
289 68
322 68
322 73
334 73
334 82
339 82
339 99
282 99
282 104
270 104
270 106
237 106
237 103
267 103
267 89
303 89
303 81
314 81
314 75
312 75
312 74
234 74
234 76
281 76
281 80
255 80
255 83
245 83
245 91
261 91
261 100
236 100
236 77
227 77
227 96
221 96
221 205
213 205
213 365
203 365
203 245
205 245
205 236
202 236
202 323
194 323
194 221
207 221
207 171
208 171
208 193
210 193
210 180
212 180
212 165
206 165
206 159
204 159
204 219
199 219
199 208
200 208
200 144
179 144
179 145
190 145
190 353
197 353
197 373
215 373
215 372
217 372
217 316
218 316
218 313
220 313
220 308
240 308
240 280
222 280
222 244
279 244
279 242
252 242
252 232
229 232
229 206
225 206
225 173
231 173
231 115
353 115
353 114
239 114
239 108
258 108
258 107
294 107
294 105
359 105
359 92
389 92
389 90
400 90
400 88
363 88
363 86
347 86
347 65
189 65
189 63
188 63
188 48
195 48
195 30
233 30
233 49
321 49
321 39
310 39
310 20
300 20
300 5
107 5
107 10
31 10
31 8
17 8
17 4
13 4
13 6
4 6
4 12
20 12
20 19
41 19
41 26
32 26
32 27
2 27
2 1
