316
517 1172
517 1176
516 1176
516 1163
488 1163
488 1156
484 1156
484 1150
457 1150
457 1135
182 1135
182 1140
162 1140
162 1144
38 1144
38 1164
37 1164
37 1151
27 1151
27 1131
23 1131
23 1095
40 1095
40 981
41 981
41 1021
70 1021
70 1002
55 1002
55 1000
54 1000
54 998
56 998
56 994
116 994
116 978
198 978
198 977
125 977
125 968
113 968
113 929
60 929
60 919
390 919
390 918
325 918
325 916
448 916
448 915
396 915
396 912
329 912
329 902
346 902
346 896
336 896
336 888
279 888
279 897
238 897
238 884
47 884
47 874
57 874
57 866
59 866
59 848
131 848
131 847
10 847
10 830
6 830
6 822
19 822
19 808
9 808
9 796
1 796
1 829
4 829
4 846
3 846
3 858
17 858
17 852
43 852
43 860
35 860
35 886
228 886
228 899
241 899
241 900
195 900
195 890
191 890
191 906
277 906
277 909
289 909
289 891
303 891
303 889
320 889
320 917
24 917
24 914
11 914
11 1211
8 1211
8 1187
2 1187
2 1194
5 1194
5 1250
7 1250
7 1242
18 1242
18 1179
15 1179
15 958
14 958
14 965
13 965
13 1241
12 1241
12 933
48 933
48 923
58 923
58 942
68 942
68 941
108 941
108 969
90 969
90 976
78 976
78 951
62 951
62 972
52 972
52 1007
46 1007
46 1009
45 1009
45 967
39 967
39 1094
20 1094
20 1182
36 1182
36 1200
28 1200
28 1193
26 1193
26 1184
25 1184
25 1224
21 1224
21 1248
22 1248
22 1249
42 1249
42 1247
296 1247
296 1245
257 1245
257 1244
63 1244
63 1243
53 1243
53 1215
61 1215
61 1205
44 1205
44 1246
33 1246
33 1203
72 1203
72 1240
357 1240
357 1234
262 1234
262 1236
242 1236
242 1235
236 1235
236 1230
331 1230
331 1231
366 1231
366 1232
663 1232
663 1229
287 1229
287 1221
356 1221
356 1227
385 1227
385 1226
465 1226
465 1228
492 1228
492 1222
497 1222
497 1206
530 1206
530 1208
518 1208
518 1212
541 1212
541 1225
606 1225
606 1223
581 1223
581 1202
543 1202
543 1196
426 1196
426 1195
362 1195
362 1198
305 1198
305 1191
529 1191
529 1190
553 1190
553 1189
452 1189
452 1188
278 1188
278 1192
276 1192
276 1199
392 1199
392 1213
428 1213
428 1204
470 1204
470 1201
482 1201
482 1209
473 1209
473 1207
459 1207
459 1210
447 1210
447 1217
445 1217
445 1218
345 1218
345 1220
335 1220
335 1219
203 1219
203 1239
193 1239
193 1237
119 1237
119 1233
114 1233
114 1238
91 1238
91 1216
84 1216
84 1214
76 1214
76 1197
51 1197
51 1152
50 1152
50 1146
124 1146
124 1147
186 1147
186 1149
213 1149
213 1139
317 1139
317 1141
359 1141
359 1137
398 1137
398 1136
433 1136
433 1138
437 1138
437 1177
430 1177
430 1165
419 1165
419 1167
402 1167
402 1181
404 1181
404 1183
438 1183
438 1143
444 1143
444 1174
446 1174
446 1155
450 1155
450 1160
451 1160
451 1157
466 1157
466 1170
496 1170
496 1178
547 1178
547 1173
589 1173
589 1172
