140
37 1164
37 1151
27 1151
27 1131
23 1131
23 1095
40 1095
40 981
41 981
41 1021
70 1021
70 1002
55 1002
55 1000
54 1000
54 998
56 998
56 994
116 994
116 978
198 978
198 977
125 977
125 968
113 968
113 929
60 929
60 919
390 919
390 918
325 918
325 916
448 916
448 915
396 915
396 912
329 912
329 902
346 902
346 896
336 896
336 888
279 888
279 897
238 897
238 884
47 884
47 874
57 874
57 866
59 866
59 848
131 848
131 847
10 847
10 830
6 830
6 822
19 822
19 808
9 808
9 796
1 796
1 829
4 829
4 846
3 846
3 858
17 858
17 852
43 852
43 860
35 860
35 886
228 886
228 899
241 899
241 900
195 900
195 890
191 890
191 906
277 906
277 909
289 909
289 891
303 891
303 889
320 889
320 917
24 917
24 914
11 914
11 1211
8 1211
8 1187
2 1187
2 1194
5 1194
5 1250
7 1250
7 1242
18 1242
18 1179
15 1179
15 958
14 958
14 965
13 965
13 1241
12 1241
12 933
48 933
48 923
58 923
58 942
68 942
68 941
108 941
108 969
90 969
90 976
78 976
78 951
62 951
62 972
52 972
52 1007
46 1007
46 1009
45 1009
45 967
39 967
39 1094
20 1094
20 1182
36 1182
36 1197
51 1197
51 1164
