806
449 1
449 3
455 3
455 12
461 12
461 28
454 28
454 59
427 59
427 62
387 62
387 61
371 61
371 42
381 42
381 40
424 40
424 49
425 49
425 52
443 52
443 44
442 44
442 39
352 39
352 31
405 31
405 21
382 21
382 11
376 11
376 8
361 8
361 10
358 10
358 25
338 25
338 24
270 24
270 26
340 26
340 46
330 46
330 35
311 35
311 37
267 37
267 55
260 55
260 38
258 38
258 16
118 16
118 15
156 15
156 14
79 14
79 19
66 19
66 27
71 27
71 32
110 32
110 47
112 47
112 22
177 22
177 23
122 23
122 30
197 30
197 29
254 29
254 64
282 64
282 43
288 43
288 67
348 67
348 66
310 66
310 58
316 58
316 56
353 56
353 69
439 69
439 65
372 65
372 63
453 63
453 72
456 72
456 45
467 45
467 50
458 50
458 93
477 93
477 209
476 209
476 250
472 250
472 258
500 258
500 338
483 338
483 379
521 379
521 392
526 392
526 234
527 234
527 298
528 298
528 303
533 303
533 422
534 422
534 448
612 448
612 454
505 454
505 406
515 406
515 397
504 397
504 519
508 519
508 518
509 518
509 551
499 551
499 557
464 557
464 547
460 547
460 563
462 563
462 617
469 617
469 608
468 608
468 585
475 585
475 569
480 569
480 567
506 567
506 590
611 590
611 598
654 598
654 600
659 600
659 635
557 635
557 649
554 649
554 689
566 689
566 691
570 691
570 703
588 703
588 711
595 711
595 730
616 730
616 750
609 750
609 798
603 798
603 997
607 997
607 1024
591 1024
591 1105
590 1105
590 1122
585 1122
585 1127
549 1127
549 1130
556 1130
556 1132
569 1132
569 1148
542 1148
542 1153
552 1153
552 1161
560 1161
560 1168
517 1168
517 1176
516 1176
516 1163
488 1163
488 1156
484 1156
484 1150
457 1150
457 1135
182 1135
182 1140
162 1140
162 1144
38 1144
38 1164
37 1164
37 1151
27 1151
27 1131
23 1131
23 1095
40 1095
40 981
41 981
41 1021
70 1021
70 1002
55 1002
55 1000
54 1000
54 998
56 998
56 994
116 994
116 978
198 978
198 977
125 977
125 968
113 968
113 929
60 929
60 919
390 919
390 918
325 918
325 916
448 916
448 915
396 915
396 912
329 912
329 902
346 902
346 896
336 896
336 888
279 888
279 897
238 897
238 884
47 884
47 874
57 874
57 866
59 866
59 848
131 848
131 847
10 847
10 830
6 830
6 822
19 822
19 808
9 808
9 796
1 796
1 829
4 829
4 846
3 846
3 858
17 858
17 852
43 852
43 860
35 860
35 886
228 886
228 899
241 899
241 900
195 900
195 890
191 890
191 906
277 906
277 909
289 909
289 891
303 891
303 889
320 889
320 917
24 917
24 914
11 914
11 1211
8 1211
8 1187
2 1187
2 1194
5 1194
5 1250
7 1250
7 1242
18 1242
18 1179
15 1179
15 958
14 958
14 965
13 965
13 1241
12 1241
12 933
48 933
48 923
58 923
58 942
68 942
68 941
108 941
108 969
90 969
90 976
78 976
78 951
62 951
62 972
52 972
52 1007
46 1007
46 1009
45 1009
45 967
39 967
39 1094
20 1094
20 1182
36 1182
36 1200
28 1200
28 1193
26 1193
26 1184
25 1184
25 1224
21 1224
21 1248
22 1248
22 1249
42 1249
42 1247
296 1247
296 1245
257 1245
257 1244
63 1244
63 1243
53 1243
53 1215
61 1215
61 1205
44 1205
44 1246
33 1246
33 1203
72 1203
72 1240
357 1240
357 1234
262 1234
262 1236
242 1236
242 1235
236 1235
236 1230
331 1230
331 1231
366 1231
366 1232
663 1232
663 1229
287 1229
287 1221
356 1221
356 1227
385 1227
385 1226
465 1226
465 1228
492 1228
492 1222
497 1222
497 1206
530 1206
530 1208
518 1208
518 1212
541 1212
541 1225
606 1225
606 1223
581 1223
581 1202
543 1202
543 1196
426 1196
426 1195
362 1195
362 1198
305 1198
305 1191
529 1191
529 1190
553 1190
553 1189
452 1189
452 1188
278 1188
278 1192
276 1192
276 1199
392 1199
392 1213
428 1213
428 1204
470 1204
470 1201
482 1201
482 1209
473 1209
473 1207
459 1207
459 1210
447 1210
447 1217
445 1217
445 1218
345 1218
345 1220
335 1220
335 1219
203 1219
203 1239
193 1239
193 1237
119 1237
119 1233
114 1233
114 1238
91 1238
91 1216
84 1216
84 1214
76 1214
76 1197
51 1197
51 1152
50 1152
50 1146
124 1146
124 1147
186 1147
186 1149
213 1149
213 1139
317 1139
317 1141
359 1141
359 1137
398 1137
398 1136
433 1136
433 1138
437 1138
437 1177
430 1177
430 1165
419 1165
419 1167
402 1167
402 1181
404 1181
404 1183
438 1183
438 1143
444 1143
444 1174
446 1174
446 1155
450 1155
450 1160
451 1160
451 1157
466 1157
466 1170
496 1170
496 1178
547 1178
547 1173
589 1173
589 1172
561 1172
561 1166
593 1166
593 1108
598 1108
598 1035
599 1035
599 1041
614 1041
614 1084
615 1084
615 1080
625 1080
625 1017
624 1017
624 975
641 975
641 1033
646 1033
646 1003
643 1003
643 939
658 939
658 934
637 934
637 926
656 926
656 908
655 908
655 901
653 901
653 898
634 898
634 938
620 938
620 1012
617 1012
617 928
604 928
604 924
613 924
613 813
622 813
622 700
574 700
574 670
558 670
558 642
567 642
567 657
579 657
579 640
583 640
583 637
650 637
650 675
642 675
642 688
645 688
645 683
652 683
652 671
660 671
660 620
661 620
661 594
627 594
627 591
623 591
623 588
525 588
525 587
536 587
536 578
532 578
532 583
514 583
514 463
600 463
600 476
628 476
628 440
649 440
649 439
539 439
539 322
537 322
537 300
531 300
531 232
545 232
545 196
571 196
571 188
629 188
629 271
618 271
618 218
610 218
610 270
608 270
608 273
597 273
597 288
594 288
594 267
565 267
565 227
564 227
564 290
575 290
575 309
568 309
568 354
636 354
636 347
578 347
578 325
576 325
576 292
633 292
633 320
635 320
635 246
644 246
644 158
647 158
647 163
666 163
666 165
670 165
670 191
664 191
664 687
668 687
668 655
674 655
674 837
677 837
677 845
679 845
679 863
686 863
686 823
684 823
684 816
685 816
685 716
689 716
689 737
693 737
693 775
702 775
702 789
741 789
741 838
732 838
732 841
692 841
692 869
698 869
698 974
700 974
700 937
705 937
705 871
699 871
699 861
718 861
718 1013
716 1013
716 1039
709 1039
709 1043
695 1043
695 1072
720 1072
720 973
722 973
722 1071
725 1071
725 855
727 855
727 895
733 895
733 885
742 885
742 785
728 785
728 783
708 783
708 764
710 764
710 752
748 752
748 740
747 740
747 724
717 724
717 719
703 719
703 684
682 684
682 753
683 753
683 815
680 815
680 772
675 772
675 582
665 582
665 340
673 340
673 221
672 221
672 169
681 169
681 146
638 146
638 175
621 175
621 184
538 184
538 228
524 228
524 376
511 376
511 362
507 362
507 341
503 341
503 257
512 257
512 255
522 255
522 239
513 239
513 152
523 152
523 139
510 139
510 238
502 238
502 243
478 243
478 76
487 76
487 82
519 82
519 81
489 81
489 70
498 70
498 60
501 60
501 51
493 51
493 36
491 36
491 17
495 17
495 20
520 20
520 18
535 18
535 34
639 34
639 33
563 33
563 13
555 13
555 9
662 9
662 5
671 5
671 4
626 4
626 7
548 7
548 2
486 2
486 6
481 6
481 48
485 48
485 57
494 57
494 68
479 68
479 54
463 54
463 53
474 53
474 41
471 41
471 1
