396
91 1
91 5
43 5
43 15
35 15
35 2
28 2
28 98
29 98
29 40
33 40
33 82
42 82
42 83
46 83
46 68
52 68
52 94
59 94
59 95
49 95
49 104
65 104
65 117
40 117
40 124
36 124
36 99
30 99
30 101
25 101
25 122
27 122
27 144
23 144
23 150
41 150
41 120
51 120
51 129
53 129
53 131
54 131
54 151
13 151
13 73
11 73
11 72
8 72
8 76
12 76
12 80
7 80
7 112
6 112
6 133
5 133
5 155
14 155
14 159
9 159
9 166
4 166
4 168
10 168
10 172
16 172
16 180
17 180
17 175
20 175
20 163
15 163
15 157
57 157
57 153
78 153
78 182
68 182
68 183
22 183
22 184
58 184
58 185
24 185
24 191
19 191
19 195
21 195
21 196
3 196
3 199
2 199
2 145
1 145
1 200
18 200
18 198
26 198
26 197
47 197
47 192
32 192
32 187
34 187
34 190
48 190
48 189
90 189
90 158
86 158
86 148
87 148
87 142
85 142
85 160
84 160
84 186
82 186
82 181
80 181
80 167
81 167
81 149
79 149
79 141
74 141
74 147
61 147
61 139
67 139
67 75
64 75
64 77
60 77
60 69
62 69
62 65
77 65
77 59
75 59
75 58
76 58
76 48
96 48
96 44
70 44
70 42
123 42
123 38
139 38
139 52
103 52
103 51
93 51
93 66
97 66
97 53
120 53
120 60
127 60
127 84
129 84
129 57
131 57
131 87
126 87
126 105
130 105
130 92
132 92
132 62
133 62
133 115
124 115
124 128
134 128
134 134
119 134
119 130
117 130
117 135
116 135
116 126
105 126
105 125
109 125
109 123
108 123
108 109
112 109
112 116
122 116
122 108
104 108
104 132
113 132
113 138
110 138
110 156
111 156
111 146
118 146
118 137
125 137
125 136
135 136
135 61
142 61
142 45
143 45
143 54
148 54
148 63
150 63
150 67
136 67
136 71
141 71
141 79
149 79
149 89
146 89
146 91
156 91
156 93
161 93
161 113
163 113
163 152
165 152
165 165
167 165
167 194
170 194
170 193
169 193
169 188
168 188
168 169
172 169
172 179
200 179
200 177
199 177
199 174
198 174
198 173
197 173
197 178
179 178
179 170
178 170
178 162
176 162
176 127
181 127
181 100
182 100
182 118
186 118
186 110
183 110
183 107
189 107
189 114
193 114
193 111
194 111
194 102
192 102
192 86
196 86
196 70
195 70
195 78
191 78
191 85
190 85
190 97
185 97
185 103
184 103
184 96
188 96
188 74
187 74
187 88
180 88
180 119
175 119
175 171
177 171
177 176
174 176
174 164
173 164
173 154
171 154
171 161
166 161
166 121
164 121
164 106
162 106
162 81
160 81
160 90
152 90
152 55
151 55
151 46
145 46
145 47
144 47
144 43
140 43
140 36
137 36
137 37
92 37
92 39
56 39
56 49
44 49
44 50
50 50
50 64
37 64
37 31
31 31
31 27
39 27
39 24
55 24
55 28
45 28
45 35
69 35
69 32
73 32
73 26
72 26
72 22
38 22
38 21
63 21
63 9
83 9
83 13
88 13
88 17
89 17
89 7
94 7
94 6
98 6
98 18
95 18
95 20
114 20
114 25
115 25
115 33
154 33
154 34
157 34
157 41
158 41
158 56
159 56
159 30
128 30
128 29
138 29
138 23
155 23
155 8
153 8
153 11
147 11
147 19
101 19
101 14
106 14
106 16
121 16
121 12
107 12
107 10
100 10
100 4
99 4
99 3
102 3
102 1
