196
34 1
34 2
47 2
47 16
52 16
52 21
24 21
24 15
27 15
27 5
13 5
13 7
8 7
8 9
22 9
22 11
19 11
19 14
16 14
16 22
56 22
56 10
54 10
54 4
63 4
63 3
70 3
70 12
65 12
65 19
69 19
69 18
74 18
74 20
71 20
71 24
60 24
60 23
58 23
58 32
40 32
40 44
30 44
30 34
29 34
29 43
25 43
25 45
32 45
32 53
17 53
17 55
10 55
10 50
23 50
23 49
9 49
9 56
35 56
35 57
6 57
6 59
14 59
14 58
28 58
28 61
43 61
43 41
41 41
41 33
44 33
44 52
51 52
51 60
62 60
62 63
80 63
80 54
75 54
75 62
64 62
64 48
48 48
48 46
46 46
46 39
50 39
50 38
53 38
53 37
67 37
67 35
66 35
66 31
59 31
59 25
76 25
76 42
89 42
89 40
93 40
93 51
95 51
95 71
42 71
42 65
57 65
57 67
88 67
88 64
4 64
4 82
1 82
1 94
2 94
2 98
3 98
3 100
7 100
7 87
5 87
5 66
33 66
33 72
92 72
92 74
83 74
83 75
94 75
94 79
86 79
86 78
90 78
90 77
87 77
87 76
38 76
38 93
20 93
20 89
21 89
21 91
37 91
37 88
31 88
31 85
18 85
18 83
15 83
15 84
11 84
11 86
12 86
12 99
26 99
26 96
36 96
36 95
39 95
39 97
55 97
55 81
49 81
49 90
45 90
45 80
97 80
97 92
99 92
99 73
98 73
98 70
96 70
96 47
100 47
100 36
77 36
77 13
82 13
82 26
78 26
78 29
79 29
79 30
91 30
91 28
81 28
81 27
85 27
85 17
84 17
84 8
73 8
73 6
72 6
72 1
