1086
970 480
970 475
918 475
918 500
901 500
901 518
915 518
915 528
841 528
841 517
720 517
720 439
717 439
717 347
714 347
714 298
711 298
711 289
689 289
689 283
685 283
685 219
693 219
693 211
701 211
701 196
698 196
698 79
658 79
658 93
659 93
659 85
678 85
678 103
633 103
633 102
607 102
607 98
573 98
573 97
365 97
365 91
271 91
271 116
259 116
259 106
252 106
252 73
333 73
333 68
335 68
335 65
375 65
375 62
406 62
406 58
356 58
356 64
277 64
277 67
240 67
240 82
251 82
251 120
264 120
264 132
222 132
222 125
231 125
231 117
198 117
198 111
44 111
44 121
25 121
25 130
31 130
31 137
21 137
21 233
20 233
20 280
23 280
23 315
28 315
28 320
51 320
51 355
45 355
45 364
42 364
42 370
38 370
38 391
43 391
43 373
49 373
49 396
50 396
50 498
52 498
52 552
29 552
29 472
36 472
36 432
34 432
34 435
26 435
26 512
27 512
27 576
30 576
30 567
53 567
53 275
40 275
40 272
33 272
33 255
22 255
22 195
32 195
32 156
39 156
39 127
46 127
46 154
59 154
59 210
75 210
75 212
72 212
72 218
101 218
101 213
81 213
81 199
80 199
80 176
112 176
112 192
122 192
122 164
64 164
64 161
60 161
60 152
48 152
48 150
58 150
58 128
61 128
61 123
94 123
94 135
154 135
154 133
285 133
285 138
111 138
111 139
226 139
226 144
210 144
210 145
182 145
182 151
161 151
161 158
166 158
166 177
282 177
282 197
257 197
257 205
189 205
189 265
188 265
188 509
183 509
183 592
172 592
172 611
168 611
168 381
170 381
170 348
167 348
167 331
169 331
169 297
158 297
158 314
157 314
157 335
145 335
145 286
134 286
134 316
135 316
135 565
137 565
137 575
120 575
120 581
92 581
92 582
131 582
131 585
136 585
136 603
128 603
128 599
115 599
115 597
109 597
109 624
123 624
123 622
127 622
127 629
138 629
138 610
146 610
146 570
149 570
149 520
148 520
148 527
143 527
143 530
139 530
139 326
140 326
140 337
147 337
147 339
151 339
151 359
141 359
141 400
160 400
160 407
162 407
162 445
152 445
152 479
153 479
153 542
156 542
156 459
163 459
163 427
164 427
164 621
150 621
150 627
204 627
204 626
220 626
220 632
519 632
519 636
533 636
533 653
535 653
535 658
572 658
572 661
574 661
574 666
564 666
564 688
560 688
560 730
559 730
559 680
545 680
545 889
555 889
555 898
463 898
463 914
439 914
439 917
436 917
436 874
489 874
489 871
481 871
481 864
437 864
437 815
413 815
413 786
344 786
344 792
330 792
330 868
304 868
304 1024
83 1024
83 1040
68 1040
68 1053
17 1053
17 1041
11 1041
11 970
10 970
10 941
14 941
14 934
2 934
2 876
1 876
1 1025
4 1025
4 1197
6 1197
6 1145
5 1145
5 1019
3 1019
3 939
9 939
9 991
7 991
7 1204
8 1204
8 1186
18 1186
18 1175
24 1175
24 1229
79 1229
79 1230
278 1230
278 1228
253 1228
253 1222
241 1222
241 1213
296 1213
296 1225
361 1225
361 1226
372 1226
372 1234
444 1234
444 1237
393 1237
393 1239
311 1239
311 1250
539 1250
539 1247
367 1247
367 1248
458 1248
458 1249
366 1249
366 1246
324 1246
324 1242
438 1242
438 1241
447 1241
447 1219
451 1219
451 1190
445 1190
445 1134
474 1134
474 1140
479 1140
479 1128
496 1128
496 1149
522 1149
522 1158
524 1158
524 1172
542 1172
542 1173
595 1173
595 1182
561 1182
561 1220
571 1220
571 1236
577 1236
577 1240
579 1240
579 1235
583 1235
583 1245
603 1245
603 1243
606 1243
606 1244
608 1244
608 1238
596 1238
596 1233
585 1233
585 1232
597 1232
597 1212
581 1212
581 1196
588 1196
588 1195
563 1195
563 1191
598 1191
598 1185
602 1185
602 1174
600 1174
600 1160
593 1160
593 1159
534 1159
534 1141
531 1141
531 1165
537 1165
537 1168
527 1168
527 1142
500 1142
500 1125
529 1125
529 1058
528 1058
528 1057
518 1057
518 1099
523 1099
523 1100
526 1100
526 1113
525 1113
525 1117
505 1117
505 1122
497 1122
497 1115
480 1115
480 1112
482 1112
482 1103
502 1103
502 1085
484 1085
484 1061
446 1061
446 1064
402 1064
402 1072
403 1072
403 1102
408 1102
408 1071
427 1071
427 1101
443 1101
443 1081
448 1081
448 1096
455 1096
455 1104
461 1104
461 1107
465 1107
465 1074
476 1074
476 1111
473 1111
473 1114
469 1114
469 1133
432 1133
432 1231
387 1231
387 1176
371 1176
371 1224
334 1224
334 1201
270 1201
270 1200
360 1200
360 1188
341 1188
341 1187
320 1187
320 1199
272 1199
272 1181
225 1181
225 1180
193 1180
193 1179
159 1179
159 1184
260 1184
260 1198
248 1198
248 1193
235 1193
235 1214
238 1214
238 1216
144 1216
144 1203
71 1203
71 1208
66 1208
66 1211
56 1211
56 1215
121 1215
121 1217
110 1217
110 1218
165 1218
165 1223
105 1223
105 1227
35 1227
35 1171
19 1171
19 1170
37 1170
37 1163
15 1163
15 1151
13 1151
13 1066
16 1066
16 1056
114 1056
114 1049
89 1049
89 1034
88 1034
88 1027
288 1027
288 1048
266 1048
266 1042
262 1042
262 1046
237 1046
237 1052
229 1052
229 1050
132 1050
132 1047
142 1047
142 1044
129 1044
129 1038
125 1038
125 1035
124 1035
124 1055
346 1055
346 1051
347 1051
347 1054
348 1054
348 1045
313 1045
313 1033
300 1033
300 1032
310 1032
310 1031
307 1031
307 936
317 936
317 943
318 943
318 982
316 982
316 972
315 972
315 995
321 995
321 916
305 916
305 888
331 888
331 810
338 810
338 842
343 842
343 806
345 806
345 789
397 789
397 844
414 844
414 860
421 860
421 863
401 863
401 945
399 945
399 950
407 950
407 935
416 935
416 1037
411 1037
411 983
409 983
409 1043
420 1043
420 1015
423 1015
423 884
424 884
424 923
425 923
425 895
426 895
426 980
434 980
434 981
470 981
470 957
467 957
467 956
487 956
487 932
493 932
493 928
468 928
468 927
464 927
464 929
466 929
466 968
462 968
462 977
431 977
431 951
430 951
430 851
429 851
429 847
417 847
417 843
418 843
418 819
435 819
435 925
499 925
499 937
516 937
516 938
540 938
540 933
511 933
511 922
512 922
512 930
530 930
530 921
517 921
517 919
515 919
515 918
532 918
532 915
488 915
488 924
471 924
471 913
483 913
483 901
501 901
501 903
490 903
490 904
494 904
494 907
503 907
503 899
558 899
558 861
546 861
546 702
549 702
549 834
567 834
567 965
551 965
551 962
543 962
543 1006
544 1006
544 999
547 999
547 1030
553 1030
553 1017
557 1017
557 1011
578 1011
578 1001
568 1001
568 960
576 960
576 940
575 940
575 883
582 883
582 856
587 856
587 867
590 867
590 833
569 833
569 824
554 824
554 798
552 798
552 779
566 779
566 780
570 780
570 769
591 769
591 751
550 751
550 747
565 747
565 719
594 719
594 718
580 718
580 669
584 669
584 701
586 701
586 692
589 692
589 690
601 690
601 662
599 662
599 660
592 660
592 656
541 656
541 634
536 634
536 631
306 631
306 630
227 630
227 600
190 600
190 594
268 594
268 595
267 595
267 596
256 596
256 605
293 605
293 598
322 598
322 586
323 586
323 602
332 602
332 601
329 601
329 590
377 590
377 584
263 584
263 583
358 583
358 580
261 580
261 587
292 587
292 604
274 604
274 593
201 593
201 579
186 579
186 521
191 521
191 257
208 257
208 258
205 258
205 259
196 259
196 260
213 260
213 263
203 263
203 264
223 264
223 262
236 262
236 261
216 261
216 242
224 242
224 225
254 225
254 247
452 247
452 253
460 253
460 269
450 269
450 270
442 270
442 273
392 273
392 274
498 274
498 250
478 250
478 243
507 243
507 240
486 240
486 238
477 238
477 246
475 246
475 244
382 244
382 245
255 245
255 228
258 228
258 222
244 222
244 221
214 221
214 235
209 235
209 252
200 252
200 234
199 234
199 207
353 207
353 198
319 198
319 201
290 201
290 193
389 193
389 204
415 204
415 203
419 203
419 187
357 187
357 180
302 180
302 175
178 175
178 174
422 174
422 173
453 173
453 171
514 171
514 170
385 170
385 167
308 167
308 166
506 166
506 165
521 165
521 163
273 163
273 168
206 168
206 160
212 160
212 157
217 157
217 147
219 147
219 146
249 146
249 141
294 141
294 109
297 109
297 108
309 108
309 92
325 92
325 99
405 99
405 101
520 101
520 105
672 105
672 107
687 107
687 83
695 83
695 113
686 113
686 118
628 118
628 110
611 110
611 206
612 206
612 143
619 143
619 142
626 142
626 124
634 124
634 159
638 159
638 325
637 325
637 230
636 230
636 231
625 231
625 295
623 295
623 310
635 310
635 321
632 321
632 333
639 333
639 358
621 358
621 379
610 379
610 399
613 399
613 408
624 408
624 418
615 418
615 425
617 425
617 421
655 421
655 513
657 513
657 533
662 533
662 559
616 559
616 560
614 560
614 564
618 564
618 562
643 562
643 568
653 568
653 566
665 566
665 591
666 591
666 577
667 577
667 589
669 589
669 609
660 609
660 572
648 572
648 608
646 608
646 613
654 613
654 618
651 618
651 619
642 619
642 614
631 614
631 615
629 615
629 607
622 607
622 588
609 588
609 606
604 606
604 612
605 612
605 617
627 617
627 620
670 620
670 616
675 616
675 539
674 539
674 394
673 394
673 448
664 448
664 551
671 551
671 563
663 563
663 405
630 405
630 362
641 362
641 343
647 343
647 306
644 306
644 236
640 236
640 140
645 140
645 131
676 131
676 227
680 227
680 126
656 126
656 119
697 119
697 179
696 179
696 208
683 208
683 293
694 293
694 305
705 305
705 303
709 303
709 413
716 413
716 461
713 461
713 510
707 510
707 519
839 519
839 532
840 532
840 529
910 529
910 536
919 536
919 478
926 478
926 483
959 483
959 481
974 481
974 506
960 506
960 524
977 524
977 507
978 507
978 480
