100
17 1053
17 1041
11 1041
11 970
10 970
10 941
14 941
14 934
2 934
2 876
1 876
1 1025
4 1025
4 1197
6 1197
6 1145
5 1145
5 1019
3 1019
3 939
9 939
9 991
7 991
7 1204
8 1204
8 1186
18 1186
18 1175
24 1175
24 1229
79 1229
79 1230
278 1230
278 1228
253 1228
253 1222
241 1222
241 1213
296 1213
296 1225
361 1225
361 1226
372 1226
372 1234
444 1234
444 1237
393 1237
393 1239
311 1239
311 1250
539 1250
539 1248
458 1248
458 1249
366 1249
366 1246
324 1246
324 1242
438 1242
438 1241
447 1241
447 1231
387 1231
387 1224
334 1224
334 1201
235 1201
235 1214
238 1214
238 1216
144 1216
144 1203
71 1203
71 1208
66 1208
66 1211
56 1211
56 1215
121 1215
121 1217
110 1217
110 1218
165 1218
165 1223
105 1223
105 1227
35 1227
35 1171
19 1171
19 1170
37 1170
37 1163
15 1163
15 1151
13 1151
13 1066
16 1066
16 1056
114 1056
114 1053
