202
17 1053
17 1041
11 1041
11 970
10 970
10 941
14 941
14 934
2 934
2 876
1 876
1 1025
4 1025
4 1197
6 1197
6 1145
5 1145
5 1019
3 1019
3 939
9 939
9 991
7 991
7 1204
8 1204
8 1186
18 1186
18 1175
24 1175
24 1229
79 1229
79 1230
278 1230
278 1228
253 1228
253 1222
241 1222
241 1213
296 1213
296 1225
361 1225
361 1226
372 1226
372 1234
444 1234
444 1237
393 1237
393 1239
311 1239
311 1250
539 1250
539 1247
367 1247
367 1248
458 1248
458 1249
366 1249
366 1246
324 1246
324 1242
438 1242
438 1241
447 1241
447 1219
451 1219
451 1190
445 1190
445 1134
474 1134
474 1140
479 1140
479 1128
496 1128
496 1149
522 1149
522 1158
524 1158
524 1172
542 1172
542 1173
595 1173
595 1182
561 1182
561 1220
571 1220
571 1236
577 1236
577 1240
579 1240
579 1235
583 1235
583 1245
603 1245
603 1243
606 1243
606 1244
608 1244
608 1238
596 1238
596 1233
585 1233
585 1232
597 1232
597 1212
581 1212
581 1196
588 1196
588 1195
563 1195
563 1191
598 1191
598 1185
602 1185
602 1174
600 1174
600 1160
593 1160
593 1159
534 1159
534 1141
531 1141
531 1165
537 1165
537 1168
527 1168
527 1142
500 1142
500 1125
529 1125
529 1058
528 1058
528 1057
518 1057
518 1099
523 1099
523 1100
526 1100
526 1113
525 1113
525 1117
505 1117
505 1122
497 1122
497 1115
480 1115
480 1112
482 1112
482 1103
502 1103
502 1085
484 1085
484 1071
427 1071
427 1081
465 1081
465 1074
476 1074
476 1111
473 1111
473 1114
469 1114
469 1133
432 1133
432 1231
387 1231
387 1224
334 1224
334 1201
235 1201
235 1214
238 1214
238 1216
144 1216
144 1203
71 1203
71 1208
66 1208
66 1211
56 1211
56 1215
121 1215
121 1217
110 1217
110 1218
165 1218
165 1223
105 1223
105 1227
35 1227
35 1171
19 1171
19 1170
37 1170
37 1163
15 1163
15 1151
13 1151
13 1066
16 1066
16 1056
114 1056
114 1053
