100
6 53
6 61
2 61
2 67
51 67
51 62
55 62
55 73
56 73
56 71
59 71
59 63
90 63
90 64
83 64
83 72
84 72
84 70
95 70
95 74
97 74
97 87
96 87
96 76
63 76
63 85
21 85
21 88
11 88
11 81
14 81
14 75
1 75
1 89
36 89
36 86
48 86
48 93
10 93
10 100
16 100
16 97
34 97
34 98
62 98
62 99
65 99
65 95
57 95
57 91
67 91
67 80
71 80
71 96
72 96
72 78
78 78
78 77
91 77
91 79
89 79
89 82
87 82
87 83
86 83
86 84
79 84
79 92
74 92
74 94
100 94
100 90
98 90
98 60
46 60
46 58
43 58
43 65
39 65
39 66
24 66
24 57
42 57
42 56
41 56
41 54
38 54
38 39
33 39
33 36
35 36
35 35
44 35
44 46
45 46
45 21
30 21
30 49
29 49
29 53
