254
163 41
163 37
194 37
194 28
74 28
74 27
158 27
158 26
90 26
90 23
102 23
102 22
70 22
70 14
71 14
71 9
59 9
59 8
38 8
38 7
94 7
94 6
88 6
88 4
13 4
13 63
16 63
16 75
43 75
43 78
32 78
32 88
35 88
35 92
12 92
12 98
7 98
7 113
9 113
9 116
6 116
6 126
1 126
1 139
2 139
2 141
4 141
4 128
10 128
10 100
15 100
15 122
17 122
17 131
21 131
21 121
20 121
20 106
18 106
18 96
37 96
37 84
41 84
41 111
44 111
44 152
42 152
42 178
40 178
40 183
67 183
67 185
11 185
11 171
23 171
23 164
22 164
22 162
19 162
19 157
8 157
8 167
3 167
3 172
5 172
5 187
29 187
29 197
30 197
30 189
52 189
52 188
72 188
72 191
97 191
97 199
108 199
108 190
77 190
77 181
47 181
47 166
46 166
46 93
45 93
45 70
26 70
26 56
14 56
14 5
33 5
33 19
25 19
25 20
34 20
34 24
39 24
39 12
36 12
36 11
68 11
68 30
106 30
106 29
193 29
193 31
176 31
176 32
157 32
157 34
141 34
141 33
117 33
117 35
174 35
174 36
156 36
156 38
132 38
132 39
61 39
61 65
73 65
73 40
75 40
75 57
78 57
78 81
64 81
64 97
62 97
62 130
57 130
57 123
51 123
51 118
50 118
50 127
56 127
56 132
53 132
53 134
54 134
54 140
55 140
55 156
49 156
49 170
63 170
63 169
69 169
69 168
122 168
122 180
115 180
115 200
116 200
116 198
118 198
118 195
119 195
119 196
123 196
123 184
126 184
126 192
127 192
127 186
133 186
133 173
136 173
136 160
135 160
135 161
114 161
114 144
129 144
129 143
155 143
155 147
167 147
167 150
164 150
164 177
154 177
154 182
159 182
159 194
162 194
162 193
190 193
190 176
181 176
181 179
165 179
165 174
177 174
177 159
170 159
170 158
178 158
178 153
189 153
189 151
172 151
172 142
107 142
107 148
110 148
110 149
113 149
113 163
112 163
112 165
58 165
58 136
60 136
60 133
65 133
65 124
101 124
101 119
76 119
76 107
66 107
66 99
80 99
80 47
104 47
104 43
109 43
109 42
140 42
140 41
