102
1 6
1 26
21 26
21 31
9 31
9 39
8 39
8 48
12 48
12 38
25 38
25 80
22 80
22 81
16 81
16 112
15 112
15 119
10 119
10 118
7 118
7 104
4 104
4 57
2 57
2 74
3 74
3 125
17 125
17 95
19 95
19 131
18 131
18 138
14 138
14 148
28 148
28 145
32 145
32 121
30 121
30 141
20 141
20 117
24 117
24 92
35 92
35 98
40 98
40 88
34 88
34 86
39 86
39 79
33 79
33 66
26 66
26 36
13 36
13 32
27 32
27 28
36 28
36 29
38 29
38 56
44 56
44 60
45 60
45 40
47 40
47 30
46 30
46 25
23 25
23 23
11 23
11 24
6 24
6 21
5 21
5 13
42 13
42 11
43 11
43 8
41 8
41 7
68 7
68 10
88 10
88 14
90 14
90 15
87 15
87 17
114 17
114 12
120 12
120 9
82 9
82 6
