1228
193 407
193 419
176 419
176 422
133 422
133 432
128 432
128 475
126 475
126 441
125 441
125 435
122 435
122 434
124 434
124 319
120 319
120 300
121 300
121 291
150 291
150 290
140 290
140 287
141 287
141 280
139 280
139 247
135 247
135 207
93 207
93 209
12 209
12 375
9 375
9 444
8 444
8 566
15 566
15 583
18 583
18 590
22 590
22 595
24 595
24 697
19 697
19 703
13 703
13 733
52 733
52 722
61 722
61 723
65 723
65 785
45 785
45 786
4 786
4 766
11 766
11 742
2 742
2 792
44 792
44 838
50 838
50 845
37 845
37 862
31 862
31 832
1 832
1 835
28 835
28 856
23 856
23 863
34 863
34 867
36 867
36 915
74 915
74 929
78 929
78 888
82 888
82 874
86 874
86 782
81 782
81 828
73 828
73 840
76 840
76 910
68 910
68 869
38 869
38 846
57 846
57 830
46 830
46 812
47 812
47 789
58 789
58 829
66 829
66 714
51 714
51 728
48 728
48 702
26 702
26 640
29 640
29 559
20 559
20 496
21 496
21 474
16 474
16 480
14 480
14 362
17 362
17 221
43 221
43 216
95 216
95 212
94 212
94 208
111 208
111 501
114 501
114 600
161 600
161 594
132 594
132 580
129 580
129 598
116 598
116 350
112 350
112 225
131 225
131 270
130 270
130 277
117 277
117 439
118 439
118 478
136 478
136 485
138 485
138 454
143 454
143 443
137 443
137 438
142 438
142 442
145 442
145 427
154 427
154 423
196 423
196 415
198 415
198 509
206 509
206 618
300 618
300 614
288 614
288 608
313 608
313 631
312 631
312 635
190 635
190 642
194 642
194 664
218 664
218 653
235 653
235 647
197 647
197 643
293 643
293 651
296 651
296 641
247 641
247 636
334 636
334 675
339 675
339 625
345 625
345 633
365 633
365 672
364 672
364 673
366 673
366 682
372 682
372 654
379 654
379 626
396 626
396 623
385 623
385 621
338 621
338 620
405 620
405 624
432 624
432 634
429 634
429 629
419 629
419 638
425 638
425 677
434 677
434 617
428 617
428 533
439 533
439 565
441 565
441 548
467 548
467 544
457 544
457 537
487 537
487 652
481 652
481 612
474 612
474 670
472 670
472 689
444 689
444 708
440 708
440 745
450 745
450 841
424 841
424 853
416 853
416 843
397 843
397 851
361 851
361 849
346 849
346 879
351 879
351 855
347 855
347 854
422 854
422 857
451 857
451 844
452 844
452 698
466 698
466 705
469 705
469 730
458 730
458 787
461 787
461 791
464 791
464 810
459 810
459 881
455 881
455 763
453 763
453 861
414 861
414 864
436 864
436 873
442 873
442 896
473 896
473 954
423 954
423 906
420 906
420 958
426 958
426 955
430 955
430 965
412 965
412 1031
408 1031
408 1040
407 1040
407 1035
391 1035
391 1042
390 1042
390 1013
403 1013
403 996
393 996
393 966
389 966
389 1029
384 1029
384 933
383 933
383 1036
374 1036
374 1033
354 1033
354 970
359 970
359 1016
362 1016
362 968
352 968
352 937
358 937
358 900
356 900
356 932
355 932
355 891
343 891
343 847
324 847
324 773
321 773
321 729
316 729
316 744
318 744
318 826
310 826
310 776
314 776
314 735
305 735
305 727
295 727
295 731
294 731
294 777
291 777
291 837
309 837
309 848
336 848
336 865
304 865
304 892
307 892
307 877
320 877
320 868
341 868
341 871
335 871
335 886
332 886
332 898
350 898
350 926
349 926
349 1047
369 1047
369 1077
363 1077
363 1098
370 1098
370 1116
303 1116
303 1093
326 1093
326 1079
342 1079
342 1067
282 1067
282 1048
283 1048
283 1056
299 1056
299 1027
301 1027
301 1020
306 1020
306 1043
319 1043
319 1038
317 1038
317 1007
285 1007
285 988
274 988
274 990
270 990
270 1001
267 1001
267 1054
268 1054
268 1046
273 1046
273 1008
276 1008
276 994
281 994
281 1032
284 1032
284 1023
290 1023
290 1037
280 1037
280 1074
325 1074
325 1076
297 1076
297 1089
279 1089
279 1094
277 1094
277 1156
417 1156
417 1163
394 1163
394 1161
322 1161
322 1159
264 1159
264 790
249 790
249 781
245 781
245 769
246 769
246 721
222 721
222 720
207 720
207 713
171 713
171 718
167 718
167 701
166 701
166 719
156 719
156 761
162 761
162 752
178 752
178 760
180 760
180 842
177 842
177 984
170 984
170 1002
183 1002
183 971
187 971
187 1019
184 1019
184 1039
157 1039
157 1051
189 1051
189 756
228 756
228 762
209 762
209 852
210 852
210 884
192 884
192 887
200 887
200 890
204 890
204 893
217 893
217 897
219 897
219 809
215 809
215 770
216 770
216 775
231 775
231 917
229 917
229 820
224 820
224 875
226 875
226 918
223 918
223 916
208 916
208 907
203 907
203 921
220 921
220 920
233 920
233 798
232 798
232 743
221 743
221 748
186 748
186 803
185 803
185 799
182 799
182 750
158 750
158 726
237 726
237 734
240 734
240 788
242 788
242 831
254 831
254 858
255 858
255 793
263 793
263 1155
253 1155
253 1154
262 1154
262 1092
261 1092
261 1129
260 1129
260 1149
258 1149
258 1080
251 1080
251 1172
328 1172
328 1170
378 1170
378 1168
418 1168
418 1162
510 1162
510 1169
431 1169
431 1176
518 1176
518 1174
531 1174
531 1126
533 1126
533 1102
581 1102
581 1110
590 1110
590 1096
627 1096
627 1106
635 1106
635 1099
648 1099
648 1181
641 1181
641 1188
631 1188
631 1193
617 1193
617 1196
568 1196
568 1202
506 1202
506 1201
502 1201
502 1199
421 1199
421 1192
529 1192
529 1189
449 1189
449 1190
409 1190
409 1195
388 1195
388 1191
387 1191
387 1207
536 1207
536 1214
578 1214
578 1211
650 1211
650 1213
580 1213
580 1215
637 1215
637 1224
618 1224
618 1226
602 1226
602 1218
592 1218
592 1219
586 1219
586 1225
595 1225
595 1236
552 1236
552 1237
348 1237
348 1227
368 1227
368 1216
367 1216
367 1220
271 1220
271 1222
333 1222
333 1245
400 1245
400 1243
490 1243
490 1247
482 1247
482 1248
623 1248
623 1246
679 1246
679 1244
683 1244
683 1242
505 1242
505 1239
468 1239
468 1240
443 1240
443 1238
700 1238
700 1234
658 1234
658 1229
645 1229
645 1217
675 1217
675 1212
716 1212
716 1210
629 1210
629 1209
594 1209
594 1206
398 1206
398 1204
454 1204
454 1205
626 1205
626 1203
655 1203
655 1200
682 1200
682 1167
697 1167
697 1138
748 1138
748 1145
743 1145
743 1150
782 1150
782 1151
771 1151
771 1164
767 1164
767 1184
1026 1184
1026 1187
1114 1187
1114 1223
1148 1223
1148 1228
1172 1228
1172 1231
1144 1231
1144 1241
1146 1241
1146 1233
1152 1233
1152 1232
1154 1232
1154 1249
1175 1249
1175 1221
1179 1221
1179 1178
1195 1178
1195 1235
1214 1235
1214 1230
1199 1230
1199 1180
1237 1180
1237 1194
1249 1194
1249 1250
1250 1250
1250 1136
1226 1136
1226 1143
1228 1143
1228 1160
1244 1160
1244 1171
1209 1171
1209 1146
1203 1146
1203 1175
1194 1175
1194 1177
1165 1177
1165 1173
1127 1173
1127 1179
1177 1179
1177 1197
1173 1197
1173 1208
1117 1208
1117 1185
1121 1185
1121 1183
888 1183
888 1182
784 1182
784 1165
789 1165
789 1135
790 1135
790 1121
802 1121
802 1115
804 1115
804 1157
857 1157
857 1158
916 1158
916 1140
912 1140
912 1142
889 1142
889 1152
868 1152
868 1147
828 1147
828 1103
866 1103
866 1127
891 1127
891 1113
937 1113
937 1124
958 1124
958 1112
974 1112
974 1120
1119 1120
1119 1122
1139 1122
1139 1114
1161 1114
1161 1087
1156 1087
1156 1086
1082 1086
1082 1088
1104 1088
1104 1091
1118 1091
1118 1118
995 1118
995 1111
885 1111
885 1109
918 1109
918 1108
975 1108
975 1084
943 1084
943 1100
905 1100
905 1085
850 1085
850 1083
776 1083
776 1097
823 1097
823 1105
746 1105
746 1101
693 1101
693 1090
692 1090
692 1082
689 1082
689 1104
721 1104
721 1107
768 1107
768 1130
777 1130
777 1132
770 1132
770 1134
707 1134
707 1133
694 1133
694 1144
678 1144
678 1186
660 1186
660 1131
657 1131
657 1198
653 1198
653 1095
530 1095
530 1166
527 1166
527 1153
286 1153
286 1128
289 1128
289 1141
298 1141
298 1148
377 1148
377 1123
375 1123
375 1081
404 1081
404 1078
373 1078
373 1139
315 1139
315 1137
357 1137
357 1125
311 1125
311 1119
360 1119
360 1117
371 1117
371 1041
386 1041
386 1055
413 1055
413 1060
415 1060
415 969
463 969
463 973
448 973
448 985
435 985
435 978
433 978
433 992
445 992
445 993
462 993
462 1009
456 1009
456 1010
493 1010
493 1049
489 1049
489 1034
483 1034
483 1050
438 1050
438 1059
447 1059
447 1053
496 1053
496 1006
488 1006
488 986
478 986
478 919
485 919
485 765
476 765
476 755
475 755
475 827
477 827
477 834
471 834
471 737
465 737
465 736
470 736
470 710
479 710
479 717
484 717
484 732
486 732
486 657
491 657
491 656
494 656
494 592
495 592
495 530
497 530
497 569
516 569
516 564
548 564
548 567
563 567
563 570
545 570
545 582
537 582
537 587
538 587
538 591
588 591
588 589
579 589
579 588
569 588
569 586
575 586
575 585
577 585
577 584
565 584
565 577
681 577
681 575
742 575
742 696
739 696
739 715
737 715
737 758
773 758
773 783
772 783
772 780
724 780
724 764
722 764
722 757
726 757
726 691
730 691
730 699
731 699
731 630
732 630
732 627
723 627
723 632
720 632
720 746
725 746
725 753
715 753
715 819
734 819
734 821
825 821
825 822
839 822
839 823
796 823
796 824
822 824
822 825
862 825
862 815
875 815
875 802
871 802
871 811
867 811
867 797
893 797
893 872
894 872
894 882
863 882
863 894
896 894
896 880
917 880
917 908
925 908
925 883
924 883
924 850
926 850
926 806
929 806
929 928
911 928
911 923
847 923
847 935
769 935
769 953
809 953
809 949
812 949
812 945
846 945
846 964
859 964
859 967
838 967
838 975
803 975
803 1022
807 1022
807 1026
815 1026
815 983
830 983
830 1024
890 1024
890 1025
947 1025
947 1021
1059 1021
1059 1030
1133 1030
1133 1028
1078 1028
1078 1018
976 1018
976 1003
1039 1003
1039 999
1167 999
1167 1057
1149 1057
1149 1058
1058 1058
1058 1066
968 1066
968 1068
727 1068
727 1071
717 1071
717 1044
714 1044
714 1072
778 1072
778 1069
1023 1069
1023 1070
1065 1070
1065 1063
1166 1063
1166 1073
1129 1073
1129 1075
1180 1075
1180 1062
1184 1062
1184 1065
1197 1065
1197 1064
1193 1064
1193 1045
1191 1045
1191 1052
1189 1052
1189 1061
1170 1061
1170 1015
1169 1015
1169 998
1025 998
1025 1000
965 1000
965 995
1018 995
1018 980
1030 980
1030 957
1014 957
1014 976
1009 976
1009 972
949 972
949 960
993 960
993 950
955 950
955 959
946 959
946 974
1007 974
1007 981
1004 981
1004 989
962 989
962 1011
886 1011
886 1012
852 1012
852 1014
932 1014
932 1017
845 1017
845 977
881 977
881 951
882 951
882 943
914 943
914 942
931 942
931 885
944 885
944 870
936 870
936 866
933 866
933 805
921 805
921 833
895 833
895 796
856 796
856 807
840 807
840 813
786 813
786 818
749 818
749 801
783 801
783 800
774 800
774 751
741 751
741 725
759 725
759 716
751 716
751 711
752 711
752 579
747 579
747 574
549 574
549 573
574 573
574 563
561 563
561 562
556 562
556 561
499 561
499 527
380 527
380 539
376 539
376 550
381 550
381 532
395 532
395 535
427 535
427 609
382 609
382 610
327 610
327 606
266 606
266 613
212 613
212 605
211 605
211 487
213 487
213 477
230 477
230 476
202 476
202 459
227 459
227 436
236 436
236 424
199 424
199 407
