138
2 406
2 407
1 407
1 408
52 408
52 413
49 413
49 419
67 419
67 403
69 403
69 414
72 414
72 400
103 400
103 438
121 438
121 431
194 431
194 432
127 432
127 436
137 436
137 445
21 445
21 446
64 446
64 447
186 447
186 434
208 434
208 430
232 430
232 478
167 478
167 477
157 477
157 481
149 481
149 452
147 452
147 458
128 458
128 461
129 461
129 476
126 476
126 484
113 484
113 485
132 485
132 486
234 486
234 500
239 500
239 499
287 499
287 498
319 498
319 492
330 492
330 494
348 494
348 493
470 493
470 490
472 490
472 489
466 489
466 487
318 487
318 488
270 488
270 491
246 491
246 495
283 495
283 497
260 497
260 496
238 496
238 482
237 482
237 480
236 480
236 457
244 457
244 448
247 448
247 442
259 442
259 453
285 453
285 451
261 451
261 444
315 444
315 443
421 443
421 437
426 437
426 455
401 455
401 459
337 459
337 466
309 466
309 469
262 469
262 468
250 468
250 473
251 473
251 474
267 474
267 471
313 471
313 467
347 467
347 462
402 462
402 456
430 456
430 435
343 435
343 441
341 441
341 440
245 440
245 439
268 439
268 429
107 429
107 402
168 402
168 399
36 399
36 406
