434
2 406
2 407
1 407
1 408
52 408
52 413
49 413
49 419
67 419
67 403
69 403
69 414
72 414
72 400
103 400
103 438
121 438
121 431
194 431
194 432
127 432
127 436
137 436
137 445
21 445
21 446
64 446
64 447
186 447
186 434
208 434
208 430
232 430
232 478
167 478
167 477
157 477
157 481
149 481
149 452
147 452
147 458
128 458
128 461
129 461
129 476
126 476
126 484
113 484
113 485
132 485
132 486
234 486
234 500
239 500
239 499
287 499
287 498
319 498
319 492
330 492
330 494
348 494
348 493
470 493
470 490
472 490
472 489
466 489
466 487
318 487
318 488
270 488
270 491
246 491
246 495
283 495
283 497
260 497
260 496
238 496
238 482
237 482
237 480
236 480
236 457
244 457
244 448
247 448
247 442
259 442
259 453
285 453
285 451
261 451
261 444
315 444
315 443
421 443
421 437
426 437
426 455
401 455
401 459
337 459
337 466
309 466
309 469
262 469
262 468
250 468
250 473
251 473
251 474
267 474
267 471
291 471
291 472
313 472
313 467
334 467
334 470
347 470
347 462
402 462
402 456
405 456
405 464
437 464
437 465
481 465
481 479
474 479
474 475
473 475
473 483
482 483
482 450
494 450
494 420
490 420
490 398
496 398
496 411
498 411
498 384
499 384
499 376
497 376
497 337
500 337
500 333
491 333
491 293
485 293
485 273
486 273
486 252
488 252
488 246
480 246
480 217
471 217
471 249
476 249
476 250
477 250
477 261
483 261
483 324
484 324
484 331
465 331
465 254
469 254
469 218
462 218
462 245
461 245
461 268
457 268
457 330
456 330
456 236
452 236
452 237
455 237
455 274
429 274
429 272
431 272
431 258
427 258
427 257
425 257
425 265
420 265
420 276
409 276
409 266
417 266
417 251
415 251
415 248
399 248
399 264
386 264
386 286
357 286
357 297
376 297
376 319
365 319
365 312
356 312
356 313
355 313
355 310
351 310
351 303
288 303
288 302
298 302
298 290
311 290
311 280
297 280
297 279
300 279
300 278
304 278
304 267
317 267
317 275
350 275
350 270
322 270
322 259
307 259
307 239
310 239
310 242
387 242
387 243
390 243
390 226
389 226
389 219
395 219
395 231
397 231
397 228
407 228
407 212
384 212
384 241
379 241
379 240
326 240
326 233
332 233
332 229
363 229
363 223
331 223
331 221
373 221
373 211
359 211
359 216
329 216
329 227
306 227
306 255
303 255
303 247
282 247
282 262
290 262
290 263
286 263
286 306
321 306
321 315
295 315
295 317
231 317
231 288
145 288
145 295
160 295
160 289
189 289
189 291
164 291
164 299
175 299
175 300
142 300
142 301
217 301
217 314
133 314
133 308
117 308
117 316
104 316
104 318
349 318
349 320
193 320
193 322
265 322
265 323
328 323
328 327
375 327
375 321
380 321
380 298
391 298
391 304
393 304
393 296
392 296
392 277
398 277
398 271
403 271
403 282
413 282
413 285
438 285
438 283
441 283
441 281
451 281
451 334
487 334
487 338
495 338
495 393
489 393
489 422
493 422
493 433
492 433
492 449
479 449
479 454
458 454
458 463
433 463
433 460
430 460
430 421
428 421
428 424
410 424
410 335
388 335
388 351
394 351
394 336
408 336
408 425
419 425
419 427
400 427
400 435
343 435
343 441
341 441
341 440
245 440
245 439
268 439
268 426
163 426
163 423
162 423
162 428
120 428
120 429
107 429
107 402
168 402
168 392
241 392
241 418
266 418
266 412
248 412
248 410
275 410
275 394
256 394
256 391
335 391
335 397
352 397
352 404
346 404
346 415
362 415
362 416
371 416
371 417
372 417
372 383
370 383
370 359
369 359
369 344
368 344
368 396
367 396
367 409
366 409
366 386
358 386
358 387
333 387
333 388
196 388
196 389
185 389
185 390
156 390
156 395
90 395
90 399
36 399
36 406
