Removal 0: 
Solution 0: 
10 16
16 6
17 2
2 11
3 14
4 4
6 20

Solution 1: 
10 16
16 6
17 2
2 11
4 4
6 20
8 15

Solution 2: 
10 16
16 6
17 2
2 12
4 4
6 20
8 15

Solution 3: 
10 16
16 6
17 2
2 12
4 4
7 19
8 15

Solution 4: 
10 16
16 6
17 2
4 11
4 4
7 19
8 15

Solution 5: 
10 16
16 6
17 2
4 4
7 19
8 15
9 12

Solution 6: 
10 16
16 6
17 2
2 11
4 4
7 19
8 15

Solution 7: 
10 16
16 6
17 2
4 11
4 4
6 20
8 15

Solution 8: 
10 16
16 6
17 2
4 4
6 20
8 15
9 12

Solution 9: 
10 16
16 6
17 2
3 14
4 4
6 20
9 12

Solution 10: 
10 16
16 6
17 2
2 12
3 14
4 4
6 20

Solution 11: 
10 16
16 6
17 2
3 14
4 11
4 4
6 20

Solution 12: 
10 16
16 6
17 2
3 14
4 11
4 4
7 19

Solution 13: 
10 16
16 6
17 2
2 11
3 14
4 4
7 19

Solution 14: 
10 16
16 6
17 2
2 12
3 14
4 4
7 19

Solution 15: 
10 16
16 6
17 2
3 14
4 4
7 19
9 12

Solution 16: 
11 18
16 6
17 2
4 4
7 19
8 15
9 12

Solution 17: 
11 18
16 6
17 2
4 4
6 20
8 15
9 12

Solution 18: 
11 18
12 7
16 6
17 2
6 20
8 15
9 12

Solution 19: 
11 18
12 7
17 2
18 8
6 20
8 15
9 12

Solution 20: 
11 18
12 7
17 2
18 8
7 19
8 15
9 12

Solution 21: 
11 18
12 7
16 6
17 2
7 19
8 15
9 12

Solution 22: 
11 18
12 7
18 8
5 3
7 19
8 15
9 12

Solution 23: 
11 18
12 7
18 8
5 2
7 19
8 15
9 12

Solution 24: 
11 18
12 7
16 3
18 8
7 19
8 15
9 12

Solution 25: 
11 18
12 7
16 3
18 8
6 20
8 15
9 12

Solution 26: 
11 18
12 7
18 8
5 2
6 20
8 15
9 12

Solution 27: 
11 18
12 7
18 8
5 3
6 20
8 15
9 12

Solution 28: 
10 16
12 7
18 8
5 3
6 20
8 15
9 12

Solution 29: 
10 16
12 7
18 8
5 3
7 19
8 15
9 12

Solution 30: 
10 16
12 7
18 8
5 2
7 19
8 15
9 12

Solution 31: 
10 16
12 7
16 3
18 8
7 19
8 15
9 12

Solution 32: 
10 16
12 7
17 2
18 8
7 19
8 15
9 12

Solution 33: 
10 16
12 7
17 2
18 8
6 20
8 15
9 12

Solution 34: 
10 16
12 7
18 8
5 2
6 20
8 15
9 12

Solution 35: 
10 16
12 7
16 6
17 2
6 20
8 15
9 12

Solution 36: 
10 16
12 7
16 3
18 8
6 20
8 15
9 12

Solution 37: 
10 16
12 7
16 6
17 2
7 19
8 15
9 12

Solution 38: 
10 16
12 7
16 6
17 2
3 14
7 19
9 12

Solution 39: 
10 16
12 7
17 2
18 8
3 14
7 19
9 12

Solution 40: 
10 16
12 7
18 8
3 14
5 2
7 19
9 12

Solution 41: 
10 16
12 7
18 8
3 14
5 3
7 19
9 12

Solution 42: 
10 16
12 7
16 3
18 8
3 14
7 19
9 12

Solution 43: 
10 16
12 7
16 3
18 8
3 14
6 20
9 12

Solution 44: 
10 16
12 7
18 8
3 14
5 3
6 20
9 12

Solution 45: 
10 16
12 7
18 8
3 14
5 2
6 20
9 12

Solution 46: 
10 16
12 7
17 2
18 8
3 14
6 20
9 12

Solution 47: 
10 16
12 7
16 6
17 2
3 14
6 20
9 12

Solution 48: 
10 16
12 7
16 6
17 2
3 14
4 11
6 20

Solution 49: 
10 16
12 7
16 6
17 2
4 11
6 20
8 15

Solution 50: 
10 16
12 7
17 2
18 8
4 11
6 20
8 15

Solution 51: 
10 16
12 7
18 8
4 11
5 3
6 20
8 15

Solution 52: 
10 16
12 7
18 8
4 11
5 2
6 20
8 15

Solution 53: 
10 16
12 7
16 3
18 8
4 11
6 20
8 15

Solution 54: 
10 16
12 7
16 3
18 8
3 14
4 11
6 20

Solution 55: 
10 16
12 7
18 8
3 14
4 11
5 3
6 20

Solution 56: 
10 16
12 7
18 8
3 14
4 11
5 2
6 20

Solution 57: 
10 16
12 7
17 2
18 8
3 14
4 11
6 20

Solution 58: 
10 16
12 7
17 2
18 8
3 14
4 11
7 19

Solution 59: 
10 16
12 7
16 6
17 2
3 14
4 11
7 19

Solution 60: 
10 16
12 7
16 6
17 2
4 11
7 19
8 15

Solution 61: 
10 16
12 7
17 2
18 8
4 11
7 19
8 15

Solution 62: 
10 16
12 7
18 8
4 11
5 3
7 19
8 15

Solution 63: 
10 16
12 7
18 8
4 11
5 2
7 19
8 15

Solution 64: 
10 16
12 7
16 3
18 8
4 11
7 19
8 15

Solution 65: 
10 16
12 7
16 3
18 8
3 14
4 11
7 19

Solution 66: 
10 16
12 7
18 8
3 14
4 11
5 2
7 19

Solution 67: 
10 16
12 7
18 8
3 14
4 11
5 3
7 19

Number of solutions found: 68

Changes at vertices: 
4 6 -> 4 4
New Vertex: 14 6
----------------------------------
Removal 1: 
Solution 0: 
10 16
16 6
17 2
2 11
3 14
4 6
6 20

Solution 1: 
10 16
16 6
17 2
2 11
4 6
6 20
8 15

Solution 2: 
10 16
16 6
17 2
2 12
4 6
6 20
8 15

Solution 3: 
10 10
10 16
16 6
17 2
2 12
6 20
8 15

Solution 4: 
10 10
11 18
16 6
17 2
2 12
6 20
8 15

Solution 5: 
10 10
11 18
16 6
17 2
4 11
6 20
8 15

Solution 6: 
10 10
10 16
16 6
17 2
4 11
6 20
8 15

Solution 7: 
10 10
10 16
16 6
17 2
3 14
4 11
6 20

Solution 8: 
10 10
10 16
16 6
17 2
2 11
3 14
6 20

Solution 9: 
10 10
10 16
16 6
17 2
2 12
3 14
6 20

Solution 10: 
10 10
10 16
16 6
17 2
3 14
6 20
9 12

Solution 11: 
10 10
10 16
16 6
17 2
6 20
8 15
9 12

Solution 12: 
10 10
10 16
16 6
17 2
2 11
6 20
8 15

Solution 13: 
10 10
11 18
16 6
17 2
2 11
6 20
8 15

Solution 14: 
10 10
11 18
16 6
17 2
6 20
8 15
9 12

Solution 15: 
11 18
16 6
17 2
4 6
6 20
8 15
9 12

Solution 16: 
11 18
12 10
16 6
17 2
6 20
8 15
9 12

Solution 17: 
11 18
12 7
16 6
17 2
6 20
8 15
9 12

Solution 18: 
10 16
12 7
16 6
17 2
6 20
8 15
9 12

Solution 19: 
10 16
16 6
17 2
4 6
6 20
8 15
9 12

Solution 20: 
10 16
12 10
16 6
17 2
6 20
8 15
9 12

Solution 21: 
10 16
12 10
16 6
17 2
4 11
6 20
8 15

Solution 22: 
10 16
16 6
17 2
4 11
4 6
6 20
8 15

Solution 23: 
10 16
12 7
16 6
17 2
4 11
6 20
8 15

Solution 24: 
10 16
12 7
16 6
17 2
3 14
4 11
6 20

Solution 25: 
10 16
12 10
16 6
17 2
3 14
4 11
6 20

Solution 26: 
10 16
16 6
17 2
3 14
4 11
4 6
6 20

Solution 27: 
10 16
16 6
17 2
2 12
3 14
4 6
6 20

Solution 28: 
10 16
16 6
17 2
3 14
4 6
6 20
9 12

Solution 29: 
10 16
12 7
16 6
17 2
3 14
6 20
9 12

Solution 30: 
10 16
12 10
16 6
17 2
3 14
6 20
9 12

Solution 31: 
10 16
12 10
16 6
17 2
3 14
7 19
9 12

Solution 32: 
10 10
10 16
16 6
17 2
3 14
7 19
9 12

Solution 33: 
10 16
12 7
16 6
17 2
3 14
7 19
9 12

Solution 34: 
10 16
12 7
16 6
17 2
3 14
4 11
7 19

Solution 35: 
10 10
10 16
16 6
17 2
3 14
4 11
7 19

Solution 36: 
10 16
12 10
16 6
17 2
3 14
4 11
7 19

Solution 37: 
10 10
10 16
16 6
17 2
2 11
3 14
7 19

Solution 38: 
10 10
10 16
16 6
17 2
2 12
3 14
7 19

Solution 39: 
10 10
10 16
16 6
17 2
2 12
7 19
8 15

Solution 40: 
10 10
10 16
16 6
17 2
2 11
7 19
8 15

Solution 41: 
10 10
10 16
16 6
17 2
4 11
7 19
8 15

Solution 42: 
10 10
10 16
16 6
17 2
7 19
8 15
9 12

Solution 43: 
10 16
12 7
16 6
17 2
7 19
8 15
9 12

Solution 44: 
10 16
12 10
16 6
17 2
7 19
8 15
9 12

Solution 45: 
10 16
16 6
17 2
4 6
7 19
8 15
9 12

Solution 46: 
10 16
16 6
17 2
2 11
4 6
7 19
8 15

Solution 47: 
10 16
17 2
18 8
2 11
4 6
7 19
8 15

Solution 48: 
10 16
17 2
18 8
2 11
3 14
4 6
7 19

Solution 49: 
10 16
16 6
17 2
2 11
3 14
4 6
7 19

Solution 50: 
10 16
17 2
18 8
2 11
3 14
4 6
6 20

Solution 51: 
10 16
17 2
18 8
2 11
4 6
6 20
8 15

Solution 52: 
10 16
17 2
18 8
2 12
4 6
6 20
8 15

Solution 53: 
10 16
17 2
18 8
4 11
4 6
6 20
8 15

Solution 54: 
10 16
17 2
18 8
4 6
6 20
8 15
9 12

Solution 55: 
11 18
17 2
18 8
4 6
6 20
8 15
9 12

Solution 56: 
10 16
17 2
18 8
3 14
4 6
6 20
9 12

Solution 57: 
10 16
17 2
18 8
2 12
3 14
4 6
6 20

Solution 58: 
10 16
17 2
18 8
3 14
4 11
4 6
6 20

Solution 59: 
10 16
17 2
18 8
3 14
4 11
4 6
7 19

Solution 60: 
10 16
17 2
18 8
2 12
3 14
4 6
7 19

Solution 61: 
10 16
17 2
18 8
3 14
4 6
7 19
9 12

Solution 62: 
10 16
16 6
17 2
3 14
4 6
7 19
9 12

Solution 63: 
10 16
16 6
17 2
3 14
4 11
4 6
7 19

Solution 64: 
10 16
16 6
17 2
2 12
3 14
4 6
7 19

Solution 65: 
10 16
16 6
17 2
2 12
4 6
7 19
8 15

Solution 66: 
10 16
17 2
18 8
2 12
4 6
7 19
8 15

Solution 67: 
10 16
17 2
18 8
4 11
4 6
7 19
8 15

Solution 68: 
10 16
17 2
18 8
4 6
7 19
8 15
9 12

Solution 69: 
10 16
16 6
17 2
4 11
4 6
7 19
8 15

Solution 70: 
10 16
12 10
16 6
17 2
4 11
7 19
8 15

Solution 71: 
10 16
12 7
16 6
17 2
4 11
7 19
8 15

Solution 72: 
10 16
12 7
17 2
18 8
4 11
7 19
8 15

Solution 73: 
10 16
12 7
17 2
18 8
3 14
4 11
7 19

Solution 74: 
10 16
12 7
17 2
18 8
3 14
4 11
6 20

Solution 75: 
10 16
12 7
17 2
18 8
4 11
6 20
8 15

Solution 76: 
10 16
12 7
17 2
18 8
6 20
8 15
9 12

Solution 77: 
10 16
12 7
17 2
18 8
7 19
8 15
9 12

Solution 78: 
10 16
12 7
17 2
18 8
3 14
7 19
9 12

Solution 79: 
10 16
12 7
17 2
18 8
3 14
6 20
9 12

Solution 80: 
11 18
12 7
17 2
18 8
6 20
8 15
9 12

Solution 81: 
11 18
12 7
17 2
18 8
7 19
8 15
9 12

Solution 82: 
11 18
12 7
16 6
17 2
7 19
8 15
9 12

Solution 83: 
11 18
12 10
16 6
17 2
7 19
8 15
9 12

Solution 84: 
10 10
11 18
16 6
17 2
7 19
8 15
9 12

Solution 85: 
11 18
16 6
17 2
4 6
7 19
8 15
9 12

Solution 86: 
11 18
17 2
18 8
4 6
7 19
8 15
9 12

Solution 87: 
10 10
11 18
16 6
17 2
2 11
7 19
8 15

Solution 88: 
10 10
11 18
16 6
17 2
4 11
7 19
8 15

Solution 89: 
10 10
11 18
16 6
17 2
2 12
7 19
8 15

Solution 90: 
11 18
12 7
18 8
5 3
7 19
8 15
9 12

Solution 91: 
11 18
18 8
4 6
5 3
7 19
8 15
9 12

Solution 92: 
11 18
18 8
4 6
5 2
7 19
8 15
9 12

Solution 93: 
11 18
16 3
18 8
4 6
7 19
8 15
9 12

Solution 94: 
11 18
12 7
16 3
18 8
7 19
8 15
9 12

Solution 95: 
11 18
12 7
18 8
5 2
7 19
8 15
9 12

Solution 96: 
11 18
12 7
18 8
5 2
6 20
8 15
9 12

Solution 97: 
11 18
12 7
18 8
5 3
6 20
8 15
9 12

Solution 98: 
11 18
12 7
16 3
18 8
6 20
8 15
9 12

Solution 99: 
11 18
16 3
18 8
4 6
6 20
8 15
9 12

Solution 100: 
11 18
18 8
4 6
5 3
6 20
8 15
9 12

Solution 101: 
11 18
18 8
4 6
5 2
6 20
8 15
9 12

Solution 102: 
10 16
18 8
4 6
5 2
6 20
8 15
9 12

Solution 103: 
10 16
18 8
2 12
4 6
5 2
6 20
8 15

Solution 104: 
10 16
18 8
2 11
4 6
5 2
6 20
8 15

Solution 105: 
10 16
18 8
4 11
4 6
5 2
6 20
8 15

Solution 106: 
10 16
12 7
18 8
4 11
5 2
6 20
8 15

Solution 107: 
10 16
12 7
18 8
5 2
6 20
8 15
9 12

Solution 108: 
10 16
12 7
18 8
5 2
7 19
8 15
9 12

Solution 109: 
10 16
18 8
4 6
5 2
7 19
8 15
9 12

Solution 110: 
10 16
18 8
2 12
4 6
5 2
7 19
8 15

Solution 111: 
10 16
18 8
2 11
4 6
5 2
7 19
8 15

Solution 112: 
10 16
18 8
4 11
4 6
5 2
7 19
8 15

Solution 113: 
10 16
12 7
18 8
4 11
5 2
7 19
8 15

Solution 114: 
10 16
12 7
18 8
3 14
4 11
5 2
7 19

Solution 115: 
10 16
12 7
18 8
3 14
5 2
7 19
9 12

Solution 116: 
10 16
18 8
3 14
4 6
5 2
7 19
9 12

Solution 117: 
10 16
18 8
2 11
3 14
4 6
5 2
7 19

Solution 118: 
10 16
18 8
2 12
3 14
4 6
5 2
7 19

Solution 119: 
10 16
18 8
3 14
4 11
4 6
5 2
7 19

Solution 120: 
10 16
18 8
3 14
4 11
4 6
5 2
6 20

Solution 121: 
10 16
12 7
18 8
3 14
4 11
5 2
6 20

Solution 122: 
10 16
12 7
18 8
3 14
5 2
6 20
9 12

Solution 123: 
10 16
18 8
3 14
4 6
5 2
6 20
9 12

Solution 124: 
10 16
18 8
2 12
3 14
4 6
5 2
6 20

Solution 125: 
10 16
18 8
2 11
3 14
4 6
5 2
6 20

Solution 126: 
10 16
18 8
2 11
3 14
4 6
5 3
6 20

Solution 127: 
10 16
16 3
18 8
2 11
3 14
4 6
6 20

Solution 128: 
10 16
16 3
18 8
2 12
3 14
4 6
6 20

Solution 129: 
10 16
16 3
18 8
3 14
4 11
4 6
6 20

Solution 130: 
10 16
16 3
18 8
3 14
4 6
6 20
9 12

Solution 131: 
10 16
18 8
3 14
4 6
5 3
6 20
9 12

Solution 132: 
10 16
18 8
3 14
4 11
4 6
5 3
6 20

Solution 133: 
10 16
18 8
2 12
3 14
4 6
5 3
6 20

Solution 134: 
10 16
12 7
18 8
3 14
4 11
5 3
6 20

Solution 135: 
10 16
12 7
18 8
3 14
5 3
6 20
9 12

Solution 136: 
10 16
12 7
16 3
18 8
3 14
6 20
9 12

Solution 137: 
10 16
12 7
16 3
18 8
3 14
4 11
6 20

Solution 138: 
10 16
12 7
16 3
18 8
3 14
4 11
7 19

Solution 139: 
10 16
16 3
18 8
3 14
4 11
4 6
7 19

Solution 140: 
10 16
16 3
18 8
2 11
3 14
4 6
7 19

Solution 141: 
10 16
16 3
18 8
2 12
3 14
4 6
7 19

Solution 142: 
10 16
16 3
18 8
3 14
4 6
7 19
9 12

Solution 143: 
10 16
12 7
16 3
18 8
3 14
7 19
9 12

Solution 144: 
10 16
12 7
16 3
18 8
7 19
8 15
9 12

Solution 145: 
10 16
16 3
18 8
4 6
7 19
8 15
9 12

Solution 146: 
10 16
16 3
18 8
4 6
6 20
8 15
9 12

Solution 147: 
10 16
12 7
16 3
18 8
6 20
8 15
9 12

Solution 148: 
10 16
12 7
16 3
18 8
4 11
6 20
8 15

Solution 149: 
10 16
12 7
16 3
18 8
4 11
7 19
8 15

Solution 150: 
10 16
16 3
18 8
4 11
4 6
7 19
8 15

Solution 151: 
10 16
16 3
18 8
4 11
4 6
6 20
8 15

Solution 152: 
10 16
16 3
18 8
2 12
4 6
6 20
8 15

Solution 153: 
10 16
16 3
18 8
2 11
4 6
6 20
8 15

Solution 154: 
10 16
18 8
2 11
4 6
5 3
6 20
8 15

Solution 155: 
10 16
18 8
2 12
4 6
5 3
6 20
8 15

Solution 156: 
10 16
18 8
4 11
4 6
5 3
6 20
8 15

Solution 157: 
10 16
18 8
4 6
5 3
6 20
8 15
9 12

Solution 158: 
10 16
18 8
4 6
5 3
7 19
8 15
9 12

Solution 159: 
10 16
18 8
2 11
4 6
5 3
7 19
8 15

Solution 160: 
10 16
18 8
2 12
4 6
5 3
7 19
8 15

Solution 161: 
10 16
18 8
4 11
4 6
5 3
7 19
8 15

Solution 162: 
10 16
16 3
18 8
2 12
4 6
7 19
8 15

Solution 163: 
10 16
16 3
18 8
2 11
4 6
7 19
8 15

Solution 164: 
10 16
12 7
18 8
5 3
7 19
8 15
9 12

Solution 165: 
10 16
12 7
18 8
4 11
5 3
7 19
8 15

Solution 166: 
10 16
12 7
18 8
4 11
5 3
6 20
8 15

Solution 167: 
10 16
12 7
18 8
5 3
6 20
8 15
9 12

Solution 168: 
10 16
12 7
18 8
3 14
5 3
7 19
9 12

Solution 169: 
10 16
18 8
3 14
4 6
5 3
7 19
9 12

Solution 170: 
10 16
18 8
2 11
3 14
4 6
5 3
7 19

Solution 171: 
10 16
18 8
2 12
3 14
4 6
5 3
7 19

Solution 172: 
10 16
18 8
3 14
4 11
4 6
5 3
7 19

Solution 173: 
10 16
12 7
18 8
3 14
4 11
5 3
7 19

Number of solutions found: 174

Changes at vertices: 
New Vertex: 17 2
19 2 -> 19 1
----------------------------------
Removal 2: 
Solution 0: 
10 16
16 6
2 11
3 14
4 6
5 2
6 20

Solution 1: 
10 16
16 6
2 11
4 6
5 2
6 20
8 15

Solution 2: 
10 16
16 6
2 12
4 6
5 2
6 20
8 15

Solution 3: 
10 10
10 16
16 6
2 12
5 2
6 20
8 15

Solution 4: 
10 10
11 18
16 6
2 12
5 2
6 20
8 15

Solution 5: 
10 10
11 18
16 6
4 11
5 2
6 20
8 15

Solution 6: 
10 10
11 18
16 6
5 2
6 20
8 15
9 12

Solution 7: 
10 10
11 18
16 6
2 11
5 2
6 20
8 15

Solution 8: 
11 18
12 7
16 6
5 2
6 20
8 15
9 12

Solution 9: 
11 18
12 10
16 6
5 2
6 20
8 15
9 12

Solution 10: 
11 18
16 6
4 6
5 2
6 20
8 15
9 12

Solution 11: 
10 16
16 6
4 6
5 2
6 20
8 15
9 12

Solution 12: 
10 16
16 6
3 14
4 6
5 2
6 20
9 12

Solution 13: 
10 10
10 16
16 6
3 14
5 2
6 20
9 12

Solution 14: 
10 16
12 10
16 6
3 14
5 2
6 20
9 12

Solution 15: 
10 16
12 7
16 6
3 14
5 2
6 20
9 12

Solution 16: 
10 16
12 7
16 6
5 2
6 20
8 15
9 12

Solution 17: 
10 10
10 16
16 6
5 2
6 20
8 15
9 12

Solution 18: 
10 16
12 10
16 6
5 2
6 20
8 15
9 12

Solution 19: 
10 16
12 10
16 6
4 11
5 2
6 20
8 15

Solution 20: 
10 16
16 6
4 11
4 6
5 2
6 20
8 15

Solution 21: 
10 10
10 16
16 6
4 11
5 2
6 20
8 15

Solution 22: 
10 10
10 16
16 6
2 11
5 2
6 20
8 15

Solution 23: 
10 16
12 7
16 6
4 11
5 2
6 20
8 15

Solution 24: 
10 16
12 7
16 6
3 14
4 11
5 2
6 20

Solution 25: 
10 10
10 16
16 6
3 14
4 11
5 2
6 20

Solution 26: 
10 16
16 6
3 14
4 11
4 6
5 2
6 20

Solution 27: 
10 16
12 10
16 6
3 14
4 11
5 2
6 20

Solution 28: 
10 16
16 6
2 12
3 14
4 6
5 2
6 20

Solution 29: 
10 10
10 16
16 6
2 12
3 14
5 2
6 20

Solution 30: 
10 10
10 16
16 6
2 11
3 14
5 2
6 20

Solution 31: 
10 10
10 16
16 6
2 11
3 14
5 2
7 19

Solution 32: 
10 10
10 16
16 6
2 11
5 2
7 19
8 15

Solution 33: 
10 10
11 18
16 6
2 11
5 2
7 19
8 15

Solution 34: 
10 10
11 18
16 6
5 2
7 19
8 15
9 12

Solution 35: 
10 10
11 18
16 6
2 12
5 2
7 19
8 15

Solution 36: 
10 10
11 18
16 6
4 11
5 2
7 19
8 15

Solution 37: 
10 10
10 16
16 6
4 11
5 2
7 19
8 15

Solution 38: 
10 10
10 16
16 6
2 12
5 2
7 19
8 15

Solution 39: 
10 10
10 16
16 6
5 2
7 19
8 15
9 12

Solution 40: 
10 10
10 16
16 6
3 14
5 2
7 19
9 12

Solution 41: 
10 10
10 16
16 6
2 12
3 14
5 2
7 19

Solution 42: 
10 10
10 16
16 6
3 14
4 11
5 2
7 19

Solution 43: 
10 16
12 10
16 6
3 14
4 11
5 2
7 19

Solution 44: 
10 16
16 6
3 14
4 11
4 6
5 2
7 19

Solution 45: 
10 16
12 7
16 6
3 14
4 11
5 2
7 19

Solution 46: 
10 16
12 7
18 8
3 14
4 11
5 2
7 19

Solution 47: 
10 16
18 8
3 14
4 11
4 6
5 2
7 19

Solution 48: 
10 16
18 8
2 11
3 14
4 6
5 2
7 19

Solution 49: 
10 16
18 8
2 12
3 14
4 6
5 2
7 19

Solution 50: 
10 16
18 8
3 14
4 6
5 2
7 19
9 12

Solution 51: 
10 16
12 7
18 8
3 14
5 2
7 19
9 12

Solution 52: 
10 16
12 7
16 6
3 14
5 2
7 19
9 12

Solution 53: 
10 16
12 10
16 6
3 14
5 2
7 19
9 12

Solution 54: 
10 16
16 6
3 14
4 6
5 2
7 19
9 12

Solution 55: 
10 16
16 6
2 11
3 14
4 6
5 2
7 19

Solution 56: 
10 16
16 6
2 12
3 14
4 6
5 2
7 19

Solution 57: 
10 16
16 6
2 12
4 6
5 2
7 19
8 15

Solution 58: 
10 16
18 8
2 12
4 6
5 2
7 19
8 15

Solution 59: 
10 16
18 8
2 11
4 6
5 2
7 19
8 15

Solution 60: 
10 16
16 6
2 11
4 6
5 2
7 19
8 15

Solution 61: 
10 16
16 6
4 6
5 2
7 19
8 15
9 12

Solution 62: 
10 16
16 6
4 11
4 6
5 2
7 19
8 15

Solution 63: 
10 16
12 10
16 6
4 11
5 2
7 19
8 15

Solution 64: 
10 16
12 7
16 6
4 11
5 2
7 19
8 15

Solution 65: 
10 16
12 7
16 6
5 2
7 19
8 15
9 12

Solution 66: 
10 16
12 10
16 6
5 2
7 19
8 15
9 12

Solution 67: 
10 16
12 7
18 8
5 2
7 19
8 15
9 12

Solution 68: 
10 16
18 8
4 6
5 2
7 19
8 15
9 12

Solution 69: 
10 16
18 8
4 11
4 6
5 2
7 19
8 15

Solution 70: 
10 16
12 7
18 8
4 11
5 2
7 19
8 15

Solution 71: 
11 18
12 7
18 8
5 2
7 19
8 15
9 12

Solution 72: 
11 18
12 7
16 6
5 2
7 19
8 15
9 12

Solution 73: 
11 18
12 10
16 6
5 2
7 19
8 15
9 12

Solution 74: 
11 18
16 6
4 6
5 2
7 19
8 15
9 12

Solution 75: 
11 18
18 8
4 6
5 2
7 19
8 15
9 12

Solution 76: 
11 18
18 8
4 6
5 2
6 20
8 15
9 12

Solution 77: 
10 16
18 8
4 6
5 2
6 20
8 15
9 12

Solution 78: 
10 16
18 8
2 12
4 6
5 2
6 20
8 15

Solution 79: 
10 16
18 8
2 11
4 6
5 2
6 20
8 15

Solution 80: 
10 16
18 8
4 11
4 6
5 2
6 20
8 15

Solution 81: 
10 16
18 8
3 14
4 11
4 6
5 2
6 20

Solution 82: 
10 16
18 8
2 12
3 14
4 6
5 2
6 20

Solution 83: 
10 16
18 8
3 14
4 6
5 2
6 20
9 12

Solution 84: 
10 16
18 8
2 11
3 14
4 6
5 2
6 20

Solution 85: 
10 16
12 7
18 8
3 14
4 11
5 2
6 20

Solution 86: 
10 16
12 7
18 8
4 11
5 2
6 20
8 15

Solution 87: 
10 16
12 7
18 8
5 2
6 20
8 15
9 12

Solution 88: 
11 18
12 7
18 8
5 2
6 20
8 15
9 12

Solution 89: 
10 16
12 7
18 8
3 14
5 2
6 20
9 12

Solution 90: 
10 16
12 7
18 8
3 14
5 3
6 20
9 12

Solution 91: 
10 16
12 7
16 3
18 8
3 14
6 20
9 12

Solution 92: 
10 16
12 7
18 8
19 2
3 14
6 20
9 12

Solution 93: 
10 16
12 7
16 6
19 2
3 14
6 20
9 12

Solution 94: 
10 16
12 7
16 6
3 14
5 3
6 20
9 12

Solution 95: 
10 16
12 7
16 3
16 6
3 14
6 20
9 12

Solution 96: 
10 16
12 7
16 3
16 6
3 14
4 11
6 20

Solution 97: 
10 16
12 7
16 6
3 14
4 11
5 3
6 20

Solution 98: 
10 16
12 7
16 6
19 2
3 14
4 11
6 20

Solution 99: 
10 16
12 7
18 8
19 2
3 14
4 11
6 20

Solution 100: 
10 16
12 7
16 3
18 8
3 14
4 11
6 20

Solution 101: 
10 16
12 7
18 8
3 14
4 11
5 3
6 20

Solution 102: 
10 16
12 7
18 8
3 14
4 11
5 3
7 19

Solution 103: 
10 16
12 7
16 3
18 8
3 14
4 11
7 19

Solution 104: 
10 16
12 7
16 3
16 6
3 14
4 11
7 19

Solution 105: 
10 16
12 7
16 6
3 14
4 11
5 3
7 19

Solution 106: 
10 16
12 7
16 6
19 2
3 14
4 11
7 19

Solution 107: 
10 16
12 7
18 8
19 2
3 14
4 11
7 19

Solution 108: 
10 16
12 7
18 8
19 2
3 14
7 19
9 12

Solution 109: 
10 16
12 7
16 6
19 2
3 14
7 19
9 12

Solution 110: 
10 16
12 7
16 3
16 6
3 14
7 19
9 12

Solution 111: 
10 16
12 7
16 6
3 14
5 3
7 19
9 12

Solution 112: 
10 16
12 7
18 8
3 14
5 3
7 19
9 12

Solution 113: 
10 16
12 7
16 3
18 8
3 14
7 19
9 12

Solution 114: 
10 16
12 10
16 3
16 6
3 14
7 19
9 12

Solution 115: 
10 10
10 16
16 3
16 6
3 14
7 19
9 12

Solution 116: 
10 16
16 3
16 6
3 14
4 6
7 19
9 12

Solution 117: 
10 16
16 3
18 8
3 14
4 6
7 19
9 12

Solution 118: 
10 16
16 3
18 8
2 11
3 14
4 6
7 19

Solution 119: 
10 16
16 3
18 8
2 12
3 14
4 6
7 19

Solution 120: 
10 16
16 3
16 6
2 12
3 14
4 6
7 19

Solution 121: 
10 16
16 3
16 6
2 11
3 14
4 6
7 19

Solution 122: 
10 16
16 3
16 6
3 14
4 11
4 6
7 19

Solution 123: 
10 16
16 3
18 8
3 14
4 11
4 6
7 19

Solution 124: 
10 16
12 10
16 3
16 6
3 14
4 11
7 19

Solution 125: 
10 10
10 16
16 3
16 6
3 14
4 11
7 19

Solution 126: 
10 10
10 16
16 3
16 6
2 11
3 14
7 19

Solution 127: 
10 10
10 16
16 3
16 6
2 12
3 14
7 19

Solution 128: 
10 10
10 16
16 3
16 6
2 12
3 14
6 20

Solution 129: 
10 10
10 16
16 3
16 6
3 14
6 20
9 12

Solution 130: 
10 10
10 16
16 3
16 6
2 11
3 14
6 20

Solution 131: 
10 10
10 16
16 3
16 6
3 14
4 11
6 20

Solution 132: 
10 16
12 10
16 3
16 6
3 14
4 11
6 20

Solution 133: 
10 16
16 3
16 6
3 14
4 11
4 6
6 20

Solution 134: 
10 16
16 3
18 8
3 14
4 11
4 6
6 20

Solution 135: 
10 16
16 3
18 8
3 14
4 6
6 20
9 12

Solution 136: 
10 16
16 3
18 8
2 12
3 14
4 6
6 20

Solution 137: 
10 16
16 3
18 8
2 11
3 14
4 6
6 20

Solution 138: 
10 16
16 3
16 6
2 11
3 14
4 6
6 20

Solution 139: 
10 16
16 3
16 6
2 12
3 14
4 6
6 20

Solution 140: 
10 16
16 3
16 6
3 14
4 6
6 20
9 12

Solution 141: 
10 16
12 10
16 3
16 6
3 14
6 20
9 12

Solution 142: 
10 16
12 10
16 6
19 2
3 14
6 20
9 12

Solution 143: 
10 16
12 10
16 6
3 14
5 3
6 20
9 12

Solution 144: 
10 10
10 16
16 6
3 14
5 3
6 20
9 12

Solution 145: 
10 10
10 16
16 6
19 2
3 14
6 20
9 12

Solution 146: 
10 10
10 16
16 6
19 2
3 14
4 11
6 20

Solution 147: 
10 10
10 16
16 6
3 14
4 11
5 3
6 20

Solution 148: 
10 10
10 16
16 6
2 12
3 14
5 3
6 20

Solution 149: 
10 10
10 16
16 6
19 2
2 12
3 14
6 20

Solution 150: 
10 10
10 16
16 6
19 2
2 11
3 14
6 20

Solution 151: 
10 10
10 16
16 6
2 11
3 14
5 3
6 20

Solution 152: 
10 16
16 6
2 11
3 14
4 6
5 3
6 20

Solution 153: 
10 16
16 6
19 2
2 11
3 14
4 6
6 20

Solution 154: 
10 16
16 6
19 2
2 12
3 14
4 6
6 20

Solution 155: 
10 16
16 6
19 2
3 14
4 6
6 20
9 12

Solution 156: 
10 16
16 6
3 14
4 6
5 3
6 20
9 12

Solution 157: 
10 16
16 6
2 12
3 14
4 6
5 3
6 20

Solution 158: 
10 16
16 6
3 14
4 11
4 6
5 3
6 20

Solution 159: 
10 16
12 10
16 6
3 14
4 11
5 3
6 20

Solution 160: 
10 16
12 10
16 6
19 2
3 14
4 11
6 20

Solution 161: 
10 16
16 6
19 2
3 14
4 11
4 6
6 20

Solution 162: 
10 16
18 8
19 2
3 14
4 11
4 6
6 20

Solution 163: 
10 16
18 8
3 14
4 11
4 6
5 3
6 20

Solution 164: 
10 16
18 8
2 12
3 14
4 6
5 3
6 20

Solution 165: 
10 16
18 8
3 14
4 6
5 3
6 20
9 12

Solution 166: 
10 16
18 8
2 11
3 14
4 6
5 3
6 20

Solution 167: 
10 16
18 8
19 2
2 11
3 14
4 6
6 20

Solution 168: 
10 16
18 8
19 2
2 12
3 14
4 6
6 20

Solution 169: 
10 16
18 8
19 2
3 14
4 6
6 20
9 12

Solution 170: 
10 16
18 8
19 2
3 14
4 6
7 19
9 12

Solution 171: 
10 16
16 6
19 2
3 14
4 6
7 19
9 12

Solution 172: 
10 16
12 10
16 6
19 2
3 14
7 19
9 12

Solution 173: 
10 10
10 16
16 6
19 2
3 14
7 19
9 12

Solution 174: 
10 10
10 16
16 6
19 2
2 11
3 14
7 19

Solution 175: 
10 10
10 16
16 6
19 2
3 14
4 11
7 19

Solution 176: 
10 10
10 16
16 6
19 2
2 12
3 14
7 19

Solution 177: 
10 16
16 6
19 2
2 12
3 14
4 6
7 19

Solution 178: 
10 16
16 6
19 2
2 11
3 14
4 6
7 19

Solution 179: 
10 16
16 6
19 2
3 14
4 11
4 6
7 19

Solution 180: 
10 16
12 10
16 6
19 2
3 14
4 11
7 19

Solution 181: 
10 16
18 8
19 2
3 14
4 11
4 6
7 19

Solution 182: 
10 16
18 8
19 2
2 11
3 14
4 6
7 19

Solution 183: 
10 16
18 8
19 2
2 12
3 14
4 6
7 19

Solution 184: 
10 16
18 8
2 12
3 14
4 6
5 3
7 19

Solution 185: 
10 16
18 8
2 11
3 14
4 6
5 3
7 19

Solution 186: 
10 16
18 8
3 14
4 6
5 3
7 19
9 12

Solution 187: 
10 16
18 8
3 14
4 11
4 6
5 3
7 19

Solution 188: 
10 16
16 6
3 14
4 11
4 6
5 3
7 19

Solution 189: 
10 16
16 6
3 14
4 6
5 3
7 19
9 12

Solution 190: 
10 16
16 6
2 12
3 14
4 6
5 3
7 19

Solution 191: 
10 16
16 6
2 11
3 14
4 6
5 3
7 19

Solution 192: 
10 10
10 16
16 6
2 11
3 14
5 3
7 19

Solution 193: 
10 10
10 16
16 6
2 12
3 14
5 3
7 19

Solution 194: 
10 10
10 16
16 6
3 14
4 11
5 3
7 19

Solution 195: 
10 16
12 10
16 6
3 14
4 11
5 3
7 19

Solution 196: 
10 16
12 10
16 6
3 14
5 3
7 19
9 12

Solution 197: 
10 10
10 16
16 6
3 14
5 3
7 19
9 12

Solution 198: 
10 10
10 16
16 6
5 3
7 19
8 15
9 12

Solution 199: 
10 10
10 16
16 6
5 3
6 20
8 15
9 12

Solution 200: 
10 10
10 16
16 6
2 12
5 3
6 20
8 15

Solution 201: 
10 10
10 16
16 6
2 11
5 3
6 20
8 15

Solution 202: 
10 10
10 16
16 6
4 11
5 3
6 20
8 15

Solution 203: 
10 10
10 16
16 6
4 11
5 3
7 19
8 15

Solution 204: 
10 10
10 16
16 6
2 12
5 3
7 19
8 15

Solution 205: 
10 10
10 16
16 6
2 11
5 3
7 19
8 15

Solution 206: 
10 10
11 18
16 6
2 11
5 3
7 19
8 15

Solution 207: 
10 10
11 18
16 6
2 11
5 3
6 20
8 15

Solution 208: 
10 10
11 18
16 6
5 3
6 20
8 15
9 12

Solution 209: 
10 10
11 18
16 6
4 11
5 3
6 20
8 15

Solution 210: 
10 10
11 18
16 6
2 12
5 3
6 20
8 15

Solution 211: 
10 10
11 18
16 6
2 12
5 3
7 19
8 15

Solution 212: 
10 10
11 18
16 6
5 3
7 19
8 15
9 12

Solution 213: 
10 10
11 18
16 6
4 11
5 3
7 19
8 15

Solution 214: 
11 18
12 10
16 6
5 3
7 19
8 15
9 12

Solution 215: 
10 16
12 10
16 6
5 3
7 19
8 15
9 12

Solution 216: 
10 16
12 7
16 6
5 3
7 19
8 15
9 12

Solution 217: 
10 16
12 7
16 6
4 11
5 3
7 19
8 15

Solution 218: 
10 16
12 10
16 6
4 11
5 3
7 19
8 15

Solution 219: 
10 16
16 6
4 11
4 6
5 3
7 19
8 15

Solution 220: 
10 16
16 6
2 11
4 6
5 3
7 19
8 15

Solution 221: 
10 16
16 6
2 12
4 6
5 3
7 19
8 15

Solution 222: 
10 16
16 6
4 6
5 3
7 19
8 15
9 12

Solution 223: 
11 18
16 6
4 6
5 3
7 19
8 15
9 12

Solution 224: 
11 18
12 7
16 6
5 3
7 19
8 15
9 12

Solution 225: 
11 18
12 7
18 8
5 3
7 19
8 15
9 12

Solution 226: 
11 18
18 8
4 6
5 3
7 19
8 15
9 12

Solution 227: 
10 16
18 8
4 6
5 3
7 19
8 15
9 12

Solution 228: 
10 16
18 8
2 11
4 6
5 3
7 19
8 15

Solution 229: 
10 16
18 8
2 12
4 6
5 3
7 19
8 15

Solution 230: 
10 16
18 8
4 11
4 6
5 3
7 19
8 15

Solution 231: 
10 16
12 7
18 8
4 11
5 3
7 19
8 15

Solution 232: 
10 16
12 7
18 8
5 3
7 19
8 15
9 12

Solution 233: 
10 16
12 7
18 8
5 3
6 20
8 15
9 12

Solution 234: 
10 16
18 8
4 6
5 3
6 20
8 15
9 12

Solution 235: 
10 16
16 6
4 6
5 3
6 20
8 15
9 12

Solution 236: 
10 16
12 10
16 6
5 3
6 20
8 15
9 12

Solution 237: 
10 16
12 7
16 6
5 3
6 20
8 15
9 12

Solution 238: 
10 16
12 7
16 6
4 11
5 3
6 20
8 15

Solution 239: 
10 16
12 7
18 8
4 11
5 3
6 20
8 15

Solution 240: 
10 16
12 10
16 6
4 11
5 3
6 20
8 15

Solution 241: 
10 16
16 6
4 11
4 6
5 3
6 20
8 15

Solution 242: 
10 16
18 8
4 11
4 6
5 3
6 20
8 15

Solution 243: 
10 16
18 8
2 12
4 6
5 3
6 20
8 15

Solution 244: 
10 16
18 8
2 11
4 6
5 3
6 20
8 15

Solution 245: 
10 16
16 6
2 11
4 6
5 3
6 20
8 15

Solution 246: 
10 16
16 6
2 12
4 6
5 3
6 20
8 15

Solution 247: 
11 18
16 6
4 6
5 3
6 20
8 15
9 12

Solution 248: 
11 18
18 8
4 6
5 3
6 20
8 15
9 12

Solution 249: 
11 18
12 7
18 8
5 3
6 20
8 15
9 12

Solution 250: 
11 18
12 7
16 6
5 3
6 20
8 15
9 12

Solution 251: 
11 18
12 10
16 6
5 3
6 20
8 15
9 12

Solution 252: 
11 18
12 10
16 6
19 2
6 20
8 15
9 12

Solution 253: 
11 18
12 10
16 3
16 6
6 20
8 15
9 12

Solution 254: 
10 10
11 18
16 3
16 6
6 20
8 15
9 12

Solution 255: 
11 18
12 7
16 3
16 6
6 20
8 15
9 12

Solution 256: 
11 18
16 3
16 6
4 6
6 20
8 15
9 12

Solution 257: 
11 18
16 6
19 2
4 6
6 20
8 15
9 12

Solution 258: 
11 18
12 7
16 6
19 2
6 20
8 15
9 12

Solution 259: 
10 10
11 18
16 6
19 2
6 20
8 15
9 12

Solution 260: 
10 10
11 18
16 6
19 2
2 12
6 20
8 15

Solution 261: 
10 10
11 18
16 6
19 2
2 11
6 20
8 15

Solution 262: 
10 10
11 18
16 6
19 2
4 11
6 20
8 15

Solution 263: 
10 10
11 18
16 3
16 6
4 11
6 20
8 15

Solution 264: 
10 10
11 18
16 3
16 6
2 12
6 20
8 15

Solution 265: 
10 10
11 18
16 3
16 6
2 11
6 20
8 15

Solution 266: 
11 18
12 7
16 3
18 8
6 20
8 15
9 12

Solution 267: 
11 18
12 7
18 8
19 2
6 20
8 15
9 12

Solution 268: 
11 18
18 8
19 2
4 6
6 20
8 15
9 12

Solution 269: 
11 18
16 3
18 8
4 6
6 20
8 15
9 12

Solution 270: 
10 16
16 3
18 8
4 6
6 20
8 15
9 12

Solution 271: 
10 16
16 3
18 8
2 11
4 6
6 20
8 15

Solution 272: 
10 16
16 3
18 8
2 12
4 6
6 20
8 15

Solution 273: 
10 16
16 3
18 8
4 11
4 6
6 20
8 15

Solution 274: 
10 16
18 8
19 2
4 11
4 6
6 20
8 15

Solution 275: 
10 16
18 8
19 2
2 12
4 6
6 20
8 15

Solution 276: 
10 16
18 8
19 2
4 6
6 20
8 15
9 12

Solution 277: 
10 16
18 8
19 2
2 11
4 6
6 20
8 15

Solution 278: 
10 16
16 6
19 2
2 11
4 6
6 20
8 15

Solution 279: 
10 16
16 6
19 2
2 12
4 6
6 20
8 15

Solution 280: 
10 16
16 6
19 2
4 11
4 6
6 20
8 15

Solution 281: 
10 16
16 6
19 2
4 6
6 20
8 15
9 12

Solution 282: 
10 16
16 3
16 6
4 6
6 20
8 15
9 12

Solution 283: 
10 16
16 3
16 6
2 11
4 6
6 20
8 15

Solution 284: 
10 16
16 3
16 6
2 12
4 6
6 20
8 15

Solution 285: 
10 16
16 3
16 6
4 11
4 6
6 20
8 15

Solution 286: 
10 16
16 3
16 6
4 11
4 6
7 19
8 15

Solution 287: 
10 16
16 3
18 8
4 11
4 6
7 19
8 15

Solution 288: 
10 16
18 8
19 2
4 11
4 6
7 19
8 15

Solution 289: 
10 16
16 6
19 2
4 11
4 6
7 19
8 15

Solution 290: 
10 16
16 6
19 2
2 11
4 6
7 19
8 15

Solution 291: 
10 16
16 6
19 2
4 6
7 19
8 15
9 12

Solution 292: 
10 16
16 6
19 2
2 12
4 6
7 19
8 15

Solution 293: 
10 16
18 8
19 2
2 12
4 6
7 19
8 15

Solution 294: 
10 16
18 8
19 2
2 11
4 6
7 19
8 15

Solution 295: 
10 16
18 8
19 2
4 6
7 19
8 15
9 12

Solution 296: 
10 16
16 3
18 8
4 6
7 19
8 15
9 12

Solution 297: 
10 16
16 3
18 8
2 12
4 6
7 19
8 15

Solution 298: 
10 16
16 3
16 6
2 12
4 6
7 19
8 15

Solution 299: 
10 16
16 3
16 6
4 6
7 19
8 15
9 12

Solution 300: 
10 16
16 3
16 6
2 11
4 6
7 19
8 15

Solution 301: 
10 16
16 3
18 8
2 11
4 6
7 19
8 15

Solution 302: 
11 18
16 3
18 8
4 6
7 19
8 15
9 12

Solution 303: 
11 18
16 3
16 6
4 6
7 19
8 15
9 12

Solution 304: 
11 18
16 6
19 2
4 6
7 19
8 15
9 12

Solution 305: 
11 18
18 8
19 2
4 6
7 19
8 15
9 12

Solution 306: 
11 18
12 7
18 8
19 2
7 19
8 15
9 12

Solution 307: 
11 18
12 7
16 6
19 2
7 19
8 15
9 12

Solution 308: 
11 18
12 10
16 6
19 2
7 19
8 15
9 12

Solution 309: 
10 10
11 18
16 6
19 2
7 19
8 15
9 12

Solution 310: 
10 10
10 16
16 6
19 2
7 19
8 15
9 12

Solution 311: 
10 16
12 10
16 6
19 2
7 19
8 15
9 12

Solution 312: 
10 16
12 7
16 6
19 2
7 19
8 15
9 12

Solution 313: 
10 16
12 7
18 8
19 2
7 19
8 15
9 12

Solution 314: 
10 16
12 7
16 3
18 8
7 19
8 15
9 12

Solution 315: 
11 18
12 7
16 3
18 8
7 19
8 15
9 12

Solution 316: 
11 18
12 7
16 3
16 6
7 19
8 15
9 12

Solution 317: 
10 16
12 7
16 3
16 6
7 19
8 15
9 12

Solution 318: 
10 10
10 16
16 3
16 6
7 19
8 15
9 12

Solution 319: 
10 16
12 10
16 3
16 6
7 19
8 15
9 12

Solution 320: 
11 18
12 10
16 3
16 6
7 19
8 15
9 12

Solution 321: 
10 10
11 18
16 3
16 6
7 19
8 15
9 12

Solution 322: 
10 10
11 18
16 3
16 6
2 12
7 19
8 15

Solution 323: 
10 10
11 18
16 3
16 6
4 11
7 19
8 15

Solution 324: 
10 10
11 18
16 3
16 6
2 11
7 19
8 15

Solution 325: 
10 10
10 16
16 3
16 6
2 11
7 19
8 15

Solution 326: 
10 10
10 16
16 3
16 6
2 12
7 19
8 15

Solution 327: 
10 10
10 16
16 3
16 6
4 11
7 19
8 15

Solution 328: 
10 16
12 10
16 3
16 6
4 11
7 19
8 15

Solution 329: 
10 16
12 7
16 3
16 6
4 11
7 19
8 15

Solution 330: 
10 16
12 7
16 3
18 8
4 11
7 19
8 15

Solution 331: 
10 16
12 7
18 8
19 2
4 11
7 19
8 15

Solution 332: 
10 16
12 7
16 6
19 2
4 11
7 19
8 15

Solution 333: 
10 16
12 10
16 6
19 2
4 11
7 19
8 15

Solution 334: 
10 10
10 16
16 6
19 2
4 11
7 19
8 15

Solution 335: 
10 10
11 18
16 6
19 2
4 11
7 19
8 15

Solution 336: 
10 10
11 18
16 6
19 2
2 12
7 19
8 15

Solution 337: 
10 10
11 18
16 6
19 2
2 11
7 19
8 15

Solution 338: 
10 10
10 16
16 6
19 2
2 11
7 19
8 15

Solution 339: 
10 10
10 16
16 6
19 2
2 12
7 19
8 15

Solution 340: 
10 10
10 16
16 6
19 2
2 12
6 20
8 15

Solution 341: 
10 10
10 16
16 6
19 2
6 20
8 15
9 12

Solution 342: 
10 10
10 16
16 6
19 2
4 11
6 20
8 15

Solution 343: 
10 10
10 16
16 6
19 2
2 11
6 20
8 15

Solution 344: 
10 16
12 10
16 6
19 2
6 20
8 15
9 12

Solution 345: 
10 16
12 7
16 6
19 2
6 20
8 15
9 12

Solution 346: 
10 16
12 7
18 8
19 2
6 20
8 15
9 12

Solution 347: 
10 16
12 7
18 8
19 2
4 11
6 20
8 15

Solution 348: 
10 16
12 7
16 6
19 2
4 11
6 20
8 15

Solution 349: 
10 16
12 10
16 6
19 2
4 11
6 20
8 15

Solution 350: 
10 16
12 10
16 3
16 6
4 11
6 20
8 15

Solution 351: 
10 10
10 16
16 3
16 6
4 11
6 20
8 15

Solution 352: 
10 10
10 16
16 3
16 6
2 11
6 20
8 15

Solution 353: 
10 10
10 16
16 3
16 6
2 12
6 20
8 15

Solution 354: 
10 10
10 16
16 3
16 6
6 20
8 15
9 12

Solution 355: 
10 16
12 10
16 3
16 6
6 20
8 15
9 12

Solution 356: 
10 16
12 7
16 3
16 6
6 20
8 15
9 12

Solution 357: 
10 16
12 7
16 3
16 6
4 11
6 20
8 15

Solution 358: 
10 16
12 7
16 3
18 8
4 11
6 20
8 15

Solution 359: 
10 16
12 7
16 3
18 8
6 20
8 15
9 12

Number of solutions found: 360

Changes at vertices: 
Change visibility: 16 3
19 3 -> 19 2
----------------------------------
Removal 3: 
Solution 0: 
10 16
16 6
2 11
3 14
4 6
6 20

Solution 1: 
10 16
16 6
2 11
4 6
6 20
8 15

Solution 2: 
10 16
16 6
2 12
4 6
6 20
8 15

Solution 3: 
10 10
10 16
16 6
2 12
6 20
8 15

Solution 4: 
10 10
11 18
16 6
2 12
6 20
8 15

Solution 5: 
10 10
11 18
16 6
4 11
6 20
8 15

Solution 6: 
10 10
11 18
16 6
6 20
8 15
9 12

Solution 7: 
10 10
10 16
16 6
6 20
8 15
9 12

Solution 8: 
10 10
10 16
16 6
2 11
6 20
8 15

Solution 9: 
10 10
10 16
16 6
4 11
6 20
8 15

Solution 10: 
10 10
11 18
16 6
2 11
6 20
8 15

Solution 11: 
11 18
12 10
16 6
6 20
8 15
9 12

Solution 12: 
11 18
12 7
16 6
6 20
8 15
9 12

Solution 13: 
10 16
12 7
16 6
6 20
8 15
9 12

Solution 14: 
10 16
12 10
16 6
6 20
8 15
9 12

Solution 15: 
10 16
16 6
4 6
6 20
8 15
9 12

Solution 16: 
11 18
16 6
4 6
6 20
8 15
9 12

Solution 17: 
10 16
16 6
4 11
4 6
6 20
8 15

Solution 18: 
10 16
12 10
16 6
4 11
6 20
8 15

Solution 19: 
10 16
12 7
16 6
4 11
6 20
8 15

Solution 20: 
10 16
12 7
16 6
3 14
4 11
6 20

Solution 21: 
10 16
12 10
16 6
3 14
4 11
6 20

Solution 22: 
10 10
10 16
16 6
3 14
4 11
6 20

Solution 23: 
10 16
16 6
3 14
4 11
4 6
6 20

Solution 24: 
10 16
16 6
2 12
3 14
4 6
6 20

Solution 25: 
10 16
16 6
3 14
4 6
6 20
9 12

Solution 26: 
10 16
12 10
16 6
3 14
6 20
9 12

Solution 27: 
10 10
10 16
16 6
3 14
6 20
9 12

Solution 28: 
10 16
12 7
16 6
3 14
6 20
9 12

Solution 29: 
10 10
10 16
16 6
2 12
3 14
6 20

Solution 30: 
10 10
10 16
16 6
2 11
3 14
6 20

Solution 31: 
10 16
12 7
18 8
3 14
4 11
6 20

Solution 32: 
10 16
12 7
18 8
3 14
6 20
9 12

Solution 33: 
10 16
18 8
3 14
4 6
6 20
9 12

Solution 34: 
10 16
18 8
2 12
3 14
4 6
6 20

Solution 35: 
10 16
18 8
2 11
3 14
4 6
6 20

Solution 36: 
10 16
18 8
3 14
4 11
4 6
6 20

Solution 37: 
10 16
18 8
4 11
4 6
6 20
8 15

Solution 38: 
10 16
12 7
18 8
4 11
6 20
8 15

Solution 39: 
10 16
12 7
18 8
6 20
8 15
9 12

Solution 40: 
10 16
18 8
4 6
6 20
8 15
9 12

Solution 41: 
10 16
18 8
2 12
4 6
6 20
8 15

Solution 42: 
10 16
18 8
2 11
4 6
6 20
8 15

Solution 43: 
11 18
18 8
4 6
6 20
8 15
9 12

Solution 44: 
11 18
12 7
18 8
6 20
8 15
9 12

Solution 45: 
11 18
12 7
18 8
7 19
8 15
9 12

Solution 46: 
11 18
12 7
16 6
7 19
8 15
9 12

Solution 47: 
11 18
16 6
4 6
7 19
8 15
9 12

Solution 48: 
11 18
12 10
16 6
7 19
8 15
9 12

Solution 49: 
10 10
11 18
16 6
7 19
8 15
9 12

Solution 50: 
11 18
18 8
4 6
7 19
8 15
9 12

Solution 51: 
10 16
18 8
4 6
7 19
8 15
9 12

Solution 52: 
10 16
16 6
4 6
7 19
8 15
9 12

Solution 53: 
10 10
10 16
16 6
7 19
8 15
9 12

Solution 54: 
10 16
12 10
16 6
7 19
8 15
9 12

Solution 55: 
10 16
12 7
16 6
7 19
8 15
9 12

Solution 56: 
10 16
12 7
18 8
7 19
8 15
9 12

Solution 57: 
10 16
12 7
18 8
4 11
7 19
8 15

Solution 58: 
10 16
12 7
16 6
4 11
7 19
8 15

Solution 59: 
10 16
12 10
16 6
4 11
7 19
8 15

Solution 60: 
10 16
16 6
4 11
4 6
7 19
8 15

Solution 61: 
10 16
18 8
4 11
4 6
7 19
8 15

Solution 62: 
10 10
10 16
16 6
4 11
7 19
8 15

Solution 63: 
10 10
10 16
16 6
2 11
7 19
8 15

Solution 64: 
10 10
10 16
16 6
2 12
7 19
8 15

Solution 65: 
10 16
16 6
2 12
4 6
7 19
8 15

Solution 66: 
10 16
16 6
2 11
4 6
7 19
8 15

Solution 67: 
10 16
18 8
2 11
4 6
7 19
8 15

Solution 68: 
10 16
18 8
2 12
4 6
7 19
8 15

Solution 69: 
10 10
11 18
16 6
2 12
7 19
8 15

Solution 70: 
10 10
11 18
16 6
2 11
7 19
8 15

Solution 71: 
10 10
11 18
16 6
4 11
7 19
8 15

Solution 72: 
10 10
10 16
16 6
3 14
4 11
7 19

Solution 73: 
10 16
12 10
16 6
3 14
4 11
7 19

Solution 74: 
10 16
16 6
3 14
4 11
4 6
7 19

Solution 75: 
10 16
12 7
16 6
3 14
4 11
7 19

Solution 76: 
10 16
12 7
18 8
3 14
4 11
7 19

Solution 77: 
10 16
18 8
3 14
4 11
4 6
7 19

Solution 78: 
10 16
18 8
2 12
3 14
4 6
7 19

Solution 79: 
10 16
18 8
2 11
3 14
4 6
7 19

Solution 80: 
10 16
18 8
3 14
4 6
7 19
9 12

Solution 81: 
10 16
16 6
3 14
4 6
7 19
9 12

Solution 82: 
10 16
16 6
2 11
3 14
4 6
7 19

Solution 83: 
10 16
16 6
2 12
3 14
4 6
7 19

Solution 84: 
10 10
10 16
16 6
2 12
3 14
7 19

Solution 85: 
10 10
10 16
16 6
3 14
7 19
9 12

Solution 86: 
10 10
10 16
16 6
2 11
3 14
7 19

Solution 87: 
10 16
12 10
16 6
3 14
7 19
9 12

Solution 88: 
10 16
12 7
16 6
3 14
7 19
9 12

Solution 89: 
10 16
12 7
18 8
3 14
7 19
9 12

Number of solutions found: 90

Changes at vertices: 
16 5 -> 16 3
New Vertex: 19 5
----------------------------------
Removal 4: 
Solution 0: 
10 16
16 6
2 11
3 14
4 6
6 20

Solution 1: 
10 16
16 6
2 11
4 6
6 20
8 15

Solution 2: 
10 16
16 6
2 12
4 6
6 20
8 15

Solution 3: 
10 10
10 16
16 6
2 12
6 20
8 15

Solution 4: 
10 10
11 18
16 6
2 12
6 20
8 15

Solution 5: 
10 10
11 18
16 6
4 11
6 20
8 15

Solution 6: 
10 10
10 16
16 6
4 11
6 20
8 15

Solution 7: 
10 10
10 16
16 6
2 11
6 20
8 15

Solution 8: 
10 10
10 16
16 6
6 20
8 15
9 12

Solution 9: 
10 10
10 16
16 6
3 14
6 20
9 12

Solution 10: 
10 10
10 16
16 6
2 11
3 14
6 20

Solution 11: 
10 10
10 16
16 6
2 12
3 14
6 20

Solution 12: 
10 10
10 16
16 6
3 14
4 11
6 20

Solution 13: 
10 10
11 18
16 6
2 11
6 20
8 15

Solution 14: 
10 10
11 18
16 6
6 20
8 15
9 12

Solution 15: 
11 18
12 10
16 6
6 20
8 15
9 12

Solution 16: 
11 18
12 7
16 6
6 20
8 15
9 12

Solution 17: 
11 18
16 6
4 6
6 20
8 15
9 12

Solution 18: 
10 16
16 6
4 6
6 20
8 15
9 12

Solution 19: 
10 16
12 10
16 6
6 20
8 15
9 12

Solution 20: 
10 16
12 7
16 6
6 20
8 15
9 12

Solution 21: 
10 16
12 7
16 6
3 14
6 20
9 12

Solution 22: 
10 16
12 10
16 6
3 14
6 20
9 12

Solution 23: 
10 16
16 6
3 14
4 6
6 20
9 12

Solution 24: 
10 16
16 6
2 12
3 14
4 6
6 20

Solution 25: 
10 16
16 6
3 14
4 11
4 6
6 20

Solution 26: 
10 16
12 7
16 6
3 14
4 11
6 20

Solution 27: 
10 16
12 10
16 6
3 14
4 11
6 20

Solution 28: 
10 16
12 10
16 6
4 11
6 20
8 15

Solution 29: 
10 16
12 7
16 6
4 11
6 20
8 15

Solution 30: 
10 16
16 6
4 11
4 6
6 20
8 15

Solution 31: 
10 16
16 6
4 11
4 6
7 19
8 15

Solution 32: 
10 16
16 6
3 14
4 11
4 6
7 19

Solution 33: 
10 16
12 10
16 6
3 14
4 11
7 19

Solution 34: 
10 16
12 7
16 6
3 14
4 11
7 19

Solution 35: 
10 10
10 16
16 6
3 14
4 11
7 19

Solution 36: 
10 10
10 16
16 6
4 11
7 19
8 15

Solution 37: 
10 10
11 18
16 6
4 11
7 19
8 15

Solution 38: 
10 16
12 10
16 6
4 11
7 19
8 15

Solution 39: 
10 16
12 7
16 6
4 11
7 19
8 15

Solution 40: 
10 16
16 6
2 12
4 6
7 19
8 15

Solution 41: 
10 16
16 6
2 11
4 6
7 19
8 15

Solution 42: 
10 10
10 16
16 6
2 11
7 19
8 15

Solution 43: 
10 10
10 16
16 6
2 12
7 19
8 15

Solution 44: 
10 10
10 16
16 6
7 19
8 15
9 12

Solution 45: 
10 16
12 10
16 6
7 19
8 15
9 12

Solution 46: 
10 16
12 7
16 6
7 19
8 15
9 12

Solution 47: 
10 16
16 6
4 6
7 19
8 15
9 12

Solution 48: 
10 16
18 8
4 6
7 19
8 15
9 12

Solution 49: 
10 16
18 8
4 6
6 20
8 15
9 12

Solution 50: 
10 16
12 7
18 8
6 20
8 15
9 12

Solution 51: 
10 16
12 7
18 8
7 19
8 15
9 12

Solution 52: 
10 16
12 7
18 8
4 11
7 19
8 15

Solution 53: 
10 16
18 8
4 11
4 6
7 19
8 15

Solution 54: 
10 16
18 8
2 12
4 6
7 19
8 15

Solution 55: 
10 16
18 8
2 11
4 6
7 19
8 15

Solution 56: 
10 16
18 8
2 11
4 6
6 20
8 15

Solution 57: 
10 16
18 8
2 12
4 6
6 20
8 15

Solution 58: 
10 16
18 8
4 11
4 6
6 20
8 15

Solution 59: 
10 16
12 7
18 8
4 11
6 20
8 15

Solution 60: 
11 18
12 7
18 8
6 20
8 15
9 12

Solution 61: 
11 18
18 8
4 6
6 20
8 15
9 12

Solution 62: 
11 18
18 8
4 6
7 19
8 15
9 12

Solution 63: 
11 18
16 6
4 6
7 19
8 15
9 12

Solution 64: 
11 18
12 10
16 6
7 19
8 15
9 12

Solution 65: 
11 18
12 7
16 6
7 19
8 15
9 12

Solution 66: 
10 10
11 18
16 6
7 19
8 15
9 12

Solution 67: 
11 18
12 7
18 8
7 19
8 15
9 12

Solution 68: 
10 10
11 18
16 6
2 11
7 19
8 15

Solution 69: 
10 10
11 18
16 6
2 12
7 19
8 15

Solution 70: 
10 10
10 16
16 6
2 12
3 14
7 19

Solution 71: 
10 10
10 16
16 6
2 11
3 14
7 19

Solution 72: 
10 10
10 16
16 6
3 14
7 19
9 12

Solution 73: 
10 16
16 6
3 14
4 6
7 19
9 12

Solution 74: 
10 16
12 7
16 6
3 14
7 19
9 12

Solution 75: 
10 16
12 10
16 6
3 14
7 19
9 12

Solution 76: 
10 16
16 6
2 11
3 14
4 6
7 19

Solution 77: 
10 16
16 6
2 12
3 14
4 6
7 19

Solution 78: 
10 16
18 8
2 12
3 14
4 6
7 19

Solution 79: 
10 16
18 8
3 14
4 11
4 6
7 19

Solution 80: 
10 16
18 8
2 11
3 14
4 6
7 19

Solution 81: 
10 16
18 8
3 14
4 6
7 19
9 12

Solution 82: 
10 16
12 7
18 8
3 14
7 19
9 12

Solution 83: 
10 16
12 7
18 8
3 14
4 11
7 19

Solution 84: 
10 16
12 7
18 8
3 14
4 11
6 20

Solution 85: 
10 16
12 7
18 8
3 14
6 20
9 12

Solution 86: 
10 16
18 8
3 14
4 6
6 20
9 12

Solution 87: 
10 16
18 8
2 12
3 14
4 6
6 20

Solution 88: 
10 16
18 8
2 11
3 14
4 6
6 20

Solution 89: 
10 16
18 8
3 14
4 11
4 6
6 20

Number of solutions found: 90

Changes at vertices: 
New Vertex: 16 6
20 6 -> 20 5
----------------------------------
Removal 5: 
Solution 0: 
10 16
15 7
2 11
3 14
4 6
6 20

Solution 1: 
10 16
15 7
2 11
4 6
6 20
8 15

Solution 2: 
10 16
15 7
2 12
4 6
6 20
8 15

Solution 3: 
10 10
10 16
15 7
2 12
6 20
8 15

Solution 4: 
10 10
11 18
15 7
2 12
6 20
8 15

Solution 5: 
10 10
11 18
15 7
6 20
8 15
9 12

Solution 6: 
11 18
12 7
15 7
6 20
8 15
9 12

Solution 7: 
11 18
12 10
15 7
6 20
8 15
9 12

Solution 8: 
11 18
15 7
4 6
6 20
8 15
9 12

Solution 9: 
10 16
15 7
4 6
6 20
8 15
9 12

Solution 10: 
10 16
12 7
15 7
6 20
8 15
9 12

Solution 11: 
10 16
12 10
15 7
6 20
8 15
9 12

Solution 12: 
10 10
10 16
15 7
6 20
8 15
9 12

Solution 13: 
10 10
10 16
15 7
4 11
6 20
8 15

Solution 14: 
10 10
10 16
15 7
2 11
6 20
8 15

Solution 15: 
10 16
12 7
15 7
4 11
6 20
8 15

Solution 16: 
10 16
15 7
4 11
4 6
6 20
8 15

Solution 17: 
10 16
12 10
15 7
4 11
6 20
8 15

Solution 18: 
10 10
11 18
15 7
4 11
6 20
8 15

Solution 19: 
10 10
11 18
15 7
2 11
6 20
8 15

Solution 20: 
10 10
10 16
15 7
2 11
3 14
6 20

Solution 21: 
10 10
10 16
15 7
2 12
3 14
6 20

Solution 22: 
10 10
10 16
15 7
3 14
4 11
6 20

Solution 23: 
10 16
12 7
15 7
3 14
4 11
6 20

Solution 24: 
10 16
12 10
15 7
3 14
4 11
6 20

Solution 25: 
10 16
15 7
3 14
4 11
4 6
6 20

Solution 26: 
10 16
15 7
2 12
3 14
4 6
6 20

Solution 27: 
10 16
15 7
3 14
4 6
6 20
9 12

Solution 28: 
10 16
12 10
15 7
3 14
6 20
9 12

Solution 29: 
10 10
10 16
15 7
3 14
6 20
9 12

Solution 30: 
10 16
12 7
15 7
3 14
6 20
9 12

Solution 31: 
10 16
12 7
18 8
3 14
6 20
9 12

Solution 32: 
10 16
18 8
3 14
4 6
6 20
9 12

Solution 33: 
10 16
18 8
2 12
3 14
4 6
6 20

Solution 34: 
10 16
18 8
2 11
3 14
4 6
6 20

Solution 35: 
10 16
18 8
3 14
4 11
4 6
6 20

Solution 36: 
10 16
12 7
18 8
3 14
4 11
6 20

Solution 37: 
10 16
12 7
18 8
4 11
6 20
8 15

Solution 38: 
10 16
12 7
18 8
6 20
8 15
9 12

Solution 39: 
10 16
18 8
4 6
6 20
8 15
9 12

Solution 40: 
10 16
18 8
2 11
4 6
6 20
8 15

Solution 41: 
10 16
18 8
2 12
4 6
6 20
8 15

Solution 42: 
10 16
18 8
4 11
4 6
6 20
8 15

Solution 43: 
11 18
18 8
4 6
6 20
8 15
9 12

Solution 44: 
11 18
12 7
18 8
6 20
8 15
9 12

Solution 45: 
11 18
12 7
18 8
7 19
8 15
9 12

Solution 46: 
10 16
12 7
18 8
7 19
8 15
9 12

Solution 47: 
10 16
12 7
18 8
4 11
7 19
8 15

Solution 48: 
10 16
12 7
15 7
4 11
7 19
8 15

Solution 49: 
10 16
12 7
15 7
3 14
4 11
7 19

Solution 50: 
10 16
12 7
18 8
3 14
4 11
7 19

Solution 51: 
10 16
12 7
18 8
3 14
7 19
9 12

Solution 52: 
10 16
12 7
15 7
3 14
7 19
9 12

Solution 53: 
10 16
12 7
15 7
7 19
8 15
9 12

Solution 54: 
11 18
12 7
15 7
7 19
8 15
9 12

Solution 55: 
11 18
12 10
15 7
7 19
8 15
9 12

Solution 56: 
11 18
15 7
4 6
7 19
8 15
9 12

Solution 57: 
10 16
15 7
4 6
7 19
8 15
9 12

Solution 58: 
10 16
15 7
3 14
4 6
7 19
9 12

Solution 59: 
10 16
12 10
15 7
3 14
7 19
9 12

Solution 60: 
10 10
10 16
15 7
3 14
7 19
9 12

Solution 61: 
10 10
10 16
15 7
7 19
8 15
9 12

Solution 62: 
10 16
12 10
15 7
7 19
8 15
9 12

Solution 63: 
10 16
12 10
15 7
4 11
7 19
8 15

Solution 64: 
10 16
15 7
4 11
4 6
7 19
8 15

Solution 65: 
10 16
15 7
2 12
4 6
7 19
8 15

Solution 66: 
10 16
15 7
2 11
4 6
7 19
8 15

Solution 67: 
10 10
10 16
15 7
2 11
7 19
8 15

Solution 68: 
10 10
10 16
15 7
2 12
7 19
8 15

Solution 69: 
10 10
10 16
15 7
4 11
7 19
8 15

Solution 70: 
10 10
10 16
15 7
3 14
4 11
7 19

Solution 71: 
10 10
10 16
15 7
2 11
3 14
7 19

Solution 72: 
10 10
10 16
15 7
2 12
3 14
7 19

Solution 73: 
10 16
15 7
2 12
3 14
4 6
7 19

Solution 74: 
10 16
15 7
2 11
3 14
4 6
7 19

Solution 75: 
10 16
15 7
3 14
4 11
4 6
7 19

Solution 76: 
10 16
12 10
15 7
3 14
4 11
7 19

Solution 77: 
10 10
11 18
15 7
4 11
7 19
8 15

Solution 78: 
10 10
11 18
15 7
2 12
7 19
8 15

Solution 79: 
10 10
11 18
15 7
2 11
7 19
8 15

Solution 80: 
10 10
11 18
15 7
7 19
8 15
9 12

Solution 81: 
11 18
18 8
4 6
7 19
8 15
9 12

Solution 82: 
10 16
18 8
4 6
7 19
8 15
9 12

Solution 83: 
10 16
18 8
3 14
4 6
7 19
9 12

Solution 84: 
10 16
18 8
2 12
3 14
4 6
7 19

Solution 85: 
10 16
18 8
2 11
3 14
4 6
7 19

Solution 86: 
10 16
18 8
3 14
4 11
4 6
7 19

Solution 87: 
10 16
18 8
4 11
4 6
7 19
8 15

Solution 88: 
10 16
18 8
2 11
4 6
7 19
8 15

Solution 89: 
10 16
18 8
2 12
4 6
7 19
8 15

Number of solutions found: 90

Changes at vertices: 
New Vertex: 18 8
15 8 -> 15 9
----------------------------------
Removal 6: 
Solution 0: 
10 16
15 7
2 11
3 14
4 6
6 20

Solution 1: 
10 16
15 7
2 11
4 6
6 20
8 15

Solution 2: 
10 16
15 7
2 12
4 6
6 20
8 15

Solution 3: 
10 10
10 16
15 7
2 12
6 20
8 15

Solution 4: 
10 10
10 16
2 12
20 6
6 20
8 15

Solution 5: 
10 16
2 12
20 6
4 6
6 20
8 15

Solution 6: 
10 16
2 12
20 8
4 6
6 20
8 15

Solution 7: 
10 16
15 8
2 12
4 6
6 20
8 15

Solution 8: 
10 16
15 8
4 11
4 6
6 20
8 15

Solution 9: 
10 16
20 8
4 11
4 6
6 20
8 15

Solution 10: 
10 16
20 6
4 11
4 6
6 20
8 15

Solution 11: 
10 16
20 6
4 6
6 20
8 15
9 12

Solution 12: 
10 16
2 11
20 6
4 6
6 20
8 15

Solution 13: 
10 16
15 8
2 11
4 6
6 20
8 15

Solution 14: 
10 16
2 11
20 8
4 6
6 20
8 15

Solution 15: 
10 16
20 8
4 6
6 20
8 15
9 12

Solution 16: 
10 16
15 8
4 6
6 20
8 15
9 12

Solution 17: 
10 16
15 7
4 6
6 20
8 15
9 12

Solution 18: 
10 16
15 7
4 11
4 6
6 20
8 15

Solution 19: 
11 18
15 7
4 6
6 20
8 15
9 12

Solution 20: 
11 18
15 8
4 6
6 20
8 15
9 12

Solution 21: 
11 18
20 6
4 6
6 20
8 15
9 12

Solution 22: 
11 18
20 8
4 6
6 20
8 15
9 12

Solution 23: 
11 18
12 7
20 8
6 20
8 15
9 12

Solution 24: 
10 16
12 7
20 8
6 20
8 15
9 12

Solution 25: 
10 16
12 7
20 8
4 11
6 20
8 15

Solution 26: 
10 16
12 7
15 8
4 11
6 20
8 15

Solution 27: 
10 16
12 7
20 6
4 11
6 20
8 15

Solution 28: 
10 16
12 7
15 7
4 11
6 20
8 15

Solution 29: 
10 16
12 10
15 7
4 11
6 20
8 15

Solution 30: 
10 16
12 10
20 6
4 11
6 20
8 15

Solution 31: 
10 16
12 10
20 6
6 20
8 15
9 12

Solution 32: 
10 16
12 10
15 7
6 20
8 15
9 12

Solution 33: 
10 10
10 16
15 7
6 20
8 15
9 12

Solution 34: 
10 10
10 16
20 6
6 20
8 15
9 12

Solution 35: 
10 16
12 7
20 6
6 20
8 15
9 12

Solution 36: 
10 16
12 7
15 8
6 20
8 15
9 12

Solution 37: 
10 16
12 7
15 7
6 20
8 15
9 12

Solution 38: 
11 18
12 7
15 7
6 20
8 15
9 12

Solution 39: 
11 18
12 7
15 8
6 20
8 15
9 12

Solution 40: 
11 18
12 7
20 6
6 20
8 15
9 12

Solution 41: 
10 10
11 18
20 6
6 20
8 15
9 12

Solution 42: 
11 18
12 10
20 6
6 20
8 15
9 12

Solution 43: 
11 18
12 10
15 7
6 20
8 15
9 12

Solution 44: 
10 10
11 18
15 7
6 20
8 15
9 12

Solution 45: 
10 10
11 18
15 7
2 12
6 20
8 15

Solution 46: 
10 10
11 18
2 12
20 6
6 20
8 15

Solution 47: 
10 10
11 18
2 11
20 6
6 20
8 15

Solution 48: 
10 10
11 18
20 6
4 11
6 20
8 15

Solution 49: 
10 10
11 18
15 7
4 11
6 20
8 15

Solution 50: 
10 10
11 18
15 7
2 11
6 20
8 15

Solution 51: 
10 10
10 16
15 7
2 11
6 20
8 15

Solution 52: 
10 10
10 16
15 7
4 11
6 20
8 15

Solution 53: 
10 10
10 16
20 6
4 11
6 20
8 15

Solution 54: 
10 10
10 16
2 11
20 6
6 20
8 15

Solution 55: 
10 10
10 16
2 11
20 6
7 19
8 15

Solution 56: 
10 10
10 16
15 7
2 11
7 19
8 15

Solution 57: 
10 10
10 16
15 7
7 19
8 15
9 12

Solution 58: 
10 10
10 16
15 7
2 12
7 19
8 15

Solution 59: 
10 10
10 16
15 7
4 11
7 19
8 15

Solution 60: 
10 10
10 16
20 6
4 11
7 19
8 15

Solution 61: 
10 10
10 16
20 6
7 19
8 15
9 12

Solution 62: 
10 10
10 16
2 12
20 6
7 19
8 15

Solution 63: 
10 10
11 18
2 12
20 6
7 19
8 15

Solution 64: 
10 10
11 18
15 7
2 12
7 19
8 15

Solution 65: 
10 10
11 18
15 7
2 11
7 19
8 15

Solution 66: 
10 10
11 18
15 7
4 11
7 19
8 15

Solution 67: 
10 10
11 18
15 7
7 19
8 15
9 12

Solution 68: 
10 10
11 18
20 6
7 19
8 15
9 12

Solution 69: 
10 10
11 18
2 11
20 6
7 19
8 15

Solution 70: 
10 10
11 18
20 6
4 11
7 19
8 15

Solution 71: 
10 10
10 16
20 6
3 14
4 11
7 19

Solution 72: 
10 10
10 16
15 7
3 14
4 11
7 19

Solution 73: 
10 10
10 16
15 7
2 12
3 14
7 19

Solution 74: 
10 10
10 16
15 7
2 11
3 14
7 19

Solution 75: 
10 10
10 16
15 7
3 14
7 19
9 12

Solution 76: 
10 10
10 16
20 6
3 14
7 19
9 12

Solution 77: 
10 10
10 16
2 12
20 6
3 14
7 19

Solution 78: 
10 10
10 16
2 11
20 6
3 14
7 19

Solution 79: 
10 10
10 16
2 11
20 6
3 14
6 20

Solution 80: 
10 10
10 16
20 6
3 14
4 11
6 20

Solution 81: 
10 10
10 16
2 12
20 6
3 14
6 20

Solution 82: 
10 10
10 16
20 6
3 14
6 20
9 12

Solution 83: 
10 10
10 16
15 7
3 14
6 20
9 12

Solution 84: 
10 10
10 16
15 7
3 14
4 11
6 20

Solution 85: 
10 10
10 16
15 7
2 12
3 14
6 20

Solution 86: 
10 10
10 16
15 7
2 11
3 14
6 20

Solution 87: 
10 16
2 11
20 8
3 14
4 6
6 20

Solution 88: 
10 16
15 8
2 11
3 14
4 6
6 20

Solution 89: 
10 16
15 8
2 12
3 14
4 6
6 20

Solution 90: 
10 16
15 8
3 14
4 6
6 20
9 12

Solution 91: 
10 16
20 8
3 14
4 6
6 20
9 12

Solution 92: 
10 16
2 12
20 8
3 14
4 6
6 20

Solution 93: 
10 16
15 7
2 12
3 14
4 6
6 20

Solution 94: 
10 16
15 7
3 14
4 6
6 20
9 12

Solution 95: 
10 16
12 10
15 7
3 14
6 20
9 12

Solution 96: 
10 16
12 7
15 7
3 14
6 20
9 12

Solution 97: 
10 16
12 7
15 7
3 14
4 11
6 20

Solution 98: 
10 16
12 10
15 7
3 14
4 11
6 20

Solution 99: 
10 16
12 10
20 6
3 14
4 11
6 20

Solution 100: 
10 16
12 7
20 6
3 14
4 11
6 20

Solution 101: 
10 16
12 7
15 8
3 14
4 11
6 20

Solution 102: 
10 16
12 7
20 8
3 14
4 11
6 20

Solution 103: 
10 16
12 7
20 8
3 14
6 20
9 12

Solution 104: 
10 16
12 7
15 8
3 14
6 20
9 12

Solution 105: 
10 16
12 7
20 6
3 14
6 20
9 12

Solution 106: 
10 16
12 10
20 6
3 14
6 20
9 12

Solution 107: 
10 16
20 6
3 14
4 6
6 20
9 12

Solution 108: 
10 16
2 12
20 6
3 14
4 6
6 20

Solution 109: 
10 16
2 11
20 6
3 14
4 6
6 20

Solution 110: 
10 16
20 6
3 14
4 11
4 6
6 20

Solution 111: 
10 16
15 7
3 14
4 11
4 6
6 20

Solution 112: 
10 16
20 8
3 14
4 11
4 6
6 20

Solution 113: 
10 16
15 8
3 14
4 11
4 6
6 20

Solution 114: 
10 16
15 8
3 14
4 11
4 6
7 19

Solution 115: 
10 16
20 8
3 14
4 11
4 6
7 19

Solution 116: 
10 16
15 7
3 14
4 11
4 6
7 19

Solution 117: 
10 16
12 10
15 7
3 14
4 11
7 19

Solution 118: 
10 16
12 7
15 7
3 14
4 11
7 19

Solution 119: 
10 16
12 7
15 8
3 14
4 11
7 19

Solution 120: 
10 16
12 7
20 8
3 14
4 11
7 19

Solution 121: 
10 16
12 7
20 6
3 14
4 11
7 19

Solution 122: 
10 16
12 10
20 6
3 14
4 11
7 19

Solution 123: 
10 16
20 6
3 14
4 11
4 6
7 19

Solution 124: 
10 16
2 12
20 6
3 14
4 6
7 19

Solution 125: 
10 16
2 11
20 6
3 14
4 6
7 19

Solution 126: 
10 16
2 11
20 8
3 14
4 6
7 19

Solution 127: 
10 16
15 8
2 11
3 14
4 6
7 19

Solution 128: 
10 16
15 7
2 11
3 14
4 6
7 19

Solution 129: 
10 16
15 7
2 12
3 14
4 6
7 19

Solution 130: 
10 16
2 12
20 8
3 14
4 6
7 19

Solution 131: 
10 16
15 8
2 12
3 14
4 6
7 19

Solution 132: 
10 16
15 8
3 14
4 6
7 19
9 12

Solution 133: 
10 16
20 8
3 14
4 6
7 19
9 12

Solution 134: 
10 16
15 7
3 14
4 6
7 19
9 12

Solution 135: 
10 16
20 6
3 14
4 6
7 19
9 12

Solution 136: 
10 16
12 10
20 6
3 14
7 19
9 12

Solution 137: 
10 16
12 7
20 6
3 14
7 19
9 12

Solution 138: 
10 16
12 7
20 8
3 14
7 19
9 12

Solution 139: 
10 16
12 7
15 8
3 14
7 19
9 12

Solution 140: 
10 16
12 7
15 7
3 14
7 19
9 12

Solution 141: 
10 16
12 10
15 7
3 14
7 19
9 12

Solution 142: 
10 16
12 10
15 7
7 19
8 15
9 12

Solution 143: 
10 16
12 7
15 7
7 19
8 15
9 12

Solution 144: 
10 16
12 7
20 8
7 19
8 15
9 12

Solution 145: 
10 16
12 7
15 8
7 19
8 15
9 12

Solution 146: 
10 16
12 7
20 6
7 19
8 15
9 12

Solution 147: 
10 16
20 6
4 6
7 19
8 15
9 12

Solution 148: 
10 16
12 10
20 6
7 19
8 15
9 12

Solution 149: 
10 16
20 8
4 6
7 19
8 15
9 12

Solution 150: 
10 16
15 8
4 6
7 19
8 15
9 12

Solution 151: 
10 16
15 7
4 6
7 19
8 15
9 12

Solution 152: 
10 16
15 7
4 11
4 6
7 19
8 15

Solution 153: 
10 16
15 7
2 11
4 6
7 19
8 15

Solution 154: 
10 16
15 7
2 12
4 6
7 19
8 15

Solution 155: 
10 16
12 10
15 7
4 11
7 19
8 15

Solution 156: 
10 16
12 7
15 7
4 11
7 19
8 15

Solution 157: 
10 16
12 7
15 8
4 11
7 19
8 15

Solution 158: 
10 16
12 7
20 8
4 11
7 19
8 15

Solution 159: 
10 16
12 7
20 6
4 11
7 19
8 15

Solution 160: 
10 16
20 6
4 11
4 6
7 19
8 15

Solution 161: 
10 16
12 10
20 6
4 11
7 19
8 15

Solution 162: 
10 16
15 8
4 11
4 6
7 19
8 15

Solution 163: 
10 16
20 8
4 11
4 6
7 19
8 15

Solution 164: 
10 16
2 12
20 8
4 6
7 19
8 15

Solution 165: 
10 16
2 11
20 8
4 6
7 19
8 15

Solution 166: 
10 16
15 8
2 11
4 6
7 19
8 15

Solution 167: 
10 16
15 8
2 12
4 6
7 19
8 15

Solution 168: 
10 16
2 12
20 6
4 6
7 19
8 15

Solution 169: 
10 16
2 11
20 6
4 6
7 19
8 15

Solution 170: 
11 18
20 6
4 6
7 19
8 15
9 12

Solution 171: 
11 18
20 8
4 6
7 19
8 15
9 12

Solution 172: 
11 18
15 7
4 6
7 19
8 15
9 12

Solution 173: 
11 18
15 8
4 6
7 19
8 15
9 12

Solution 174: 
11 18
12 7
15 8
7 19
8 15
9 12

Solution 175: 
11 18
12 7
20 6
7 19
8 15
9 12

Solution 176: 
11 18
12 7
20 8
7 19
8 15
9 12

Solution 177: 
11 18
12 7
15 7
7 19
8 15
9 12

Solution 178: 
11 18
12 10
15 7
7 19
8 15
9 12

Solution 179: 
11 18
12 10
20 6
7 19
8 15
9 12

Number of solutions found: 180

Changes at vertices: 
20 7 -> 20 8
New Vertex: 15 7
----------------------------------
Removal 7: 
Solution 0: 
10 16
2 11
3 14
4 6
6 20

Solution 1: 
10 16
2 11
4 6
6 20
8 15

Solution 2: 
10 16
2 12
4 6
6 20
8 15

Solution 3: 
10 16
2 12
4 6
7 19
8 15

Solution 4: 
10 16
4 11
4 6
7 19
8 15

Solution 5: 
10 16
12 7
4 11
7 19
8 15

Solution 6: 
10 16
12 7
7 19
8 15
9 12

Solution 7: 
10 16
4 6
7 19
8 15
9 12

Solution 8: 
10 16
2 11
4 6
7 19
8 15

Solution 9: 
11 18
4 6
7 19
8 15
9 12

Solution 10: 
11 18
12 7
7 19
8 15
9 12

Solution 11: 
11 18
12 7
6 20
8 15
9 12

Solution 12: 
11 18
4 6
6 20
8 15
9 12

Solution 13: 
10 16
4 6
6 20
8 15
9 12

Solution 14: 
10 16
12 7
6 20
8 15
9 12

Solution 15: 
10 16
12 7
4 11
6 20
8 15

Solution 16: 
10 16
4 11
4 6
6 20
8 15

Solution 17: 
10 16
3 14
4 11
4 6
6 20

Solution 18: 
10 16
3 14
4 11
4 6
7 19

Solution 19: 
10 16
2 12
3 14
4 6
7 19

Solution 20: 
10 16
2 11
3 14
4 6
7 19

Solution 21: 
10 16
3 14
4 6
7 19
9 12

Solution 22: 
10 16
3 14
4 6
6 20
9 12

Solution 23: 
10 16
2 12
3 14
4 6
6 20

Solution 24: 
10 16
12 7
3 14
4 11
6 20

Solution 25: 
10 16
12 7
3 14
6 20
9 12

Solution 26: 
10 16
12 7
3 14
7 19
9 12

Solution 27: 
10 16
12 7
3 14
4 11
7 19

Number of solutions found: 28

Changes at vertices: 
4 7 -> 4 6
Change visibility: 12 7
----------------------------------
Removal 8: 
Solution 0: 
10 16
2 11
3 14
4 7
6 20

Solution 1: 
10 16
2 11
4 7
6 20
8 15

Solution 2: 
10 16
2 12
4 7
6 20
8 15

Solution 3: 
10 10
10 16
2 12
6 20
8 15

Solution 4: 
10 10
10 16
2 12
7 19
8 15

Solution 5: 
10 10
11 18
2 12
7 19
8 15

Solution 6: 
10 16
2 12
4 7
7 19
8 15

Solution 7: 
10 10
11 18
2 12
6 20
8 15

Solution 8: 
10 10
10 16
2 12
3 14
6 20

Solution 9: 
10 16
2 12
3 14
4 7
6 20

Solution 10: 
10 16
2 12
3 14
4 7
7 19

Solution 11: 
10 10
10 16
2 12
3 14
7 19

Solution 12: 
10 10
10 16
2 11
3 14
7 19

Solution 13: 
10 10
10 16
2 11
3 14
6 20

Solution 14: 
10 10
10 16
3 14
4 11
6 20

Solution 15: 
10 10
10 16
3 14
4 11
7 19

Solution 16: 
10 10
10 16
3 14
7 19
9 12

Solution 17: 
10 10
10 16
3 14
6 20
9 12

Solution 18: 
10 10
10 16
6 20
8 15
9 12

Solution 19: 
10 10
11 18
6 20
8 15
9 12

Solution 20: 
10 10
11 18
4 11
6 20
8 15

Solution 21: 
10 10
11 18
2 11
6 20
8 15

Solution 22: 
10 10
10 16
2 11
6 20
8 15

Solution 23: 
10 10
10 16
4 11
6 20
8 15

Solution 24: 
10 10
10 16
4 11
7 19
8 15

Solution 25: 
10 10
10 16
7 19
8 15
9 12

Solution 26: 
10 10
11 18
7 19
8 15
9 12

Solution 27: 
10 10
11 18
4 11
7 19
8 15

Solution 28: 
10 10
11 18
2 11
7 19
8 15

Solution 29: 
10 10
10 16
2 11
7 19
8 15

Solution 30: 
10 16
2 11
4 7
7 19
8 15

Solution 31: 
10 16
4 7
7 19
8 15
9 12

Solution 32: 
11 18
4 7
7 19
8 15
9 12

Solution 33: 
11 18
12 10
7 19
8 15
9 12

Solution 34: 
11 18
12 7
7 19
8 15
9 12

Solution 35: 
11 18
12 7
6 20
8 15
9 12

Solution 36: 
11 18
12 10
6 20
8 15
9 12

Solution 37: 
11 18
4 7
6 20
8 15
9 12

Solution 38: 
10 16
4 7
6 20
8 15
9 12

Solution 39: 
10 16
12 10
6 20
8 15
9 12

Solution 40: 
10 16
12 7
6 20
8 15
9 12

Solution 41: 
10 16
12 7
7 19
8 15
9 12

Solution 42: 
10 16
12 10
7 19
8 15
9 12

Solution 43: 
10 16
12 10
4 11
7 19
8 15

Solution 44: 
10 16
12 7
4 11
7 19
8 15

Solution 45: 
10 16
4 11
4 7
7 19
8 15

Solution 46: 
10 16
4 11
4 7
6 20
8 15

Solution 47: 
10 16
12 7
4 11
6 20
8 15

Solution 48: 
10 16
12 10
4 11
6 20
8 15

Solution 49: 
10 16
12 10
3 14
4 11
6 20

Solution 50: 
10 16
12 7
3 14
4 11
6 20

Solution 51: 
10 16
12 7
3 14
6 20
9 12

Solution 52: 
10 16
12 10
3 14
6 20
9 12

Solution 53: 
10 16
3 14
4 7
6 20
9 12

Solution 54: 
10 16
3 14
4 11
4 7
6 20

Solution 55: 
10 16
3 14
4 11
4 7
7 19

Solution 56: 
10 16
2 11
3 14
4 7
7 19

Solution 57: 
10 16
3 14
4 7
7 19
9 12

Solution 58: 
10 16
12 7
3 14
7 19
9 12

Solution 59: 
10 16
12 10
3 14
7 19
9 12

Solution 60: 
10 16
12 10
3 14
4 11
7 19

Solution 61: 
10 16
12 7
3 14
4 11
7 19

Number of solutions found: 62

Changes at vertices: 
4 10 -> 4 7
Change visibility: 10 10
----------------------------------
Removal 9: 
Solution 0: 
10 16
3 14
4 11
6 20

Solution 1: 
10 16
4 11
6 20
8 15

Solution 2: 
10 16
6 20
8 15
9 12

Solution 3: 
10 16
7 19
8 15
9 12

Solution 4: 
10 16
4 11
7 19
8 15

Solution 5: 
11 18
7 19
8 15
9 12

Solution 6: 
11 18
6 20
8 15
9 12

Solution 7: 
10 16
3 14
6 20
9 12

Solution 8: 
10 16
3 14
7 19
9 12

Solution 9: 
10 16
3 14
4 11
7 19

Number of solutions found: 10

Changes at vertices: 
New Vertex: 4 11
10 11 -> 10 10
----------------------------------
Removal 10: 
Solution 0: 
10 16
2 11
3 14
6 20

Solution 1: 
10 16
2 11
6 20
8 15

Solution 2: 
10 16
2 12
6 20
8 15

Solution 3: 
10 16
2 12
7 19
8 15

Solution 4: 
10 16
2 11
7 19
8 15

Solution 5: 
10 16
7 19
8 15
9 12

Solution 6: 
10 11
10 16
7 19
8 15

Solution 7: 
10 11
10 16
6 20
8 15

Solution 8: 
10 16
6 20
8 15
9 12

Solution 9: 
11 18
6 20
8 15
9 12

Solution 10: 
10 16
3 14
6 20
9 12

Solution 11: 
10 16
2 12
3 14
6 20

Solution 12: 
10 11
10 16
3 14
6 20

Solution 13: 
10 11
11 18
6 20
8 15

Solution 14: 
10 11
11 18
7 19
8 15

Solution 15: 
11 18
7 19
8 15
9 12

Solution 16: 
10 16
3 14
7 19
9 12

Solution 17: 
10 16
2 11
3 14
7 19

Solution 18: 
10 16
2 12
3 14
7 19

Solution 19: 
10 11
10 16
3 14
7 19

Number of solutions found: 20

Changes at vertices: 
Change visibility: 9 12
10 12 -> 10 11
----------------------------------
Removal 11: 
Solution 0: 
10 16
3 14
6 20

Solution 1: 
10 16
6 20
8 15

Solution 2: 
10 16
7 19
8 15

Solution 3: 
10 16
3 14
7 19

Number of solutions found: 4

Changes at vertices: 
New Vertex: 9 13
10 13 -> 10 12
----------------------------------
Removal 12: 
Solution 0: 
10 16
3 14
6 20

Solution 1: 
10 16
6 20
8 15

Solution 2: 
10 16
7 19
8 15

Solution 3: 
11 18
7 19
8 15

Solution 4: 
11 18
6 20
8 15

Solution 5: 
10 16
3 14
7 19

Number of solutions found: 6

Changes at vertices: 
New Vertex: 3 14
10 14 -> 10 13
----------------------------------
Removal 13: 
Solution 0: 
1 15
10 16
6 20

Solution 1: 
10 16
6 20
8 15

Solution 2: 
10 14
10 16
6 20

Solution 3: 
10 14
10 16
7 19

Solution 4: 
10 14
11 18
7 19

Solution 5: 
10 14
11 18
6 20

Solution 6: 
11 18
6 20
8 15

Solution 7: 
1 14
10 16
6 20

Solution 8: 
1 14
10 16
7 19

Solution 9: 
1 15
10 16
7 19

Solution 10: 
10 16
7 19
8 15

Solution 11: 
11 18
7 19
8 15

Number of solutions found: 12

Changes at vertices: 
6 19 -> 6 17
New Vertex: 7 19
----------------------------------
Removal 14: 
Solution 0: 
1 15
10 16
6 19

Solution 1: 
10 16
6 19
8 15

Solution 2: 
10 14
10 16
6 19

Solution 3: 
10 14
10 16
6 20

Solution 4: 
10 14
11 18
6 20

Solution 5: 
10 14
11 18
6 19

Solution 6: 
10 14
11 18
11 20

Solution 7: 
10 14
11 18
8 19

Solution 8: 
10 14
13 18
8 19

Solution 9: 
10 14
10 16
8 19

Solution 10: 
10 14
10 16
11 20

Solution 11: 
10 14
11 20
13 18

Solution 12: 
10 14
11 20
13 16

Solution 13: 
10 14
13 16
8 19

Solution 14: 
1 15
13 16
8 19

Solution 15: 
13 16
8 15
8 19

Solution 16: 
1 14
13 16
8 19

Solution 17: 
11 20
13 16
8 15

Solution 18: 
11 20
13 18
8 15

Solution 19: 
11 18
11 20
8 15

Solution 20: 
11 18
6 19
8 15

Solution 21: 
10 16
11 20
8 15

Solution 22: 
10 16
6 20
8 15

Solution 23: 
11 18
6 20
8 15

Solution 24: 
11 18
8 15
8 19

Solution 25: 
13 18
8 15
8 19

Solution 26: 
10 16
8 15
8 19

Solution 27: 
1 15
10 16
8 19

Solution 28: 
1 14
10 16
8 19

Solution 29: 
1 14
11 18
8 19

Solution 30: 
1 14
13 18
8 19

Solution 31: 
1 15
13 18
8 19

Solution 32: 
1 15
11 18
8 19

Solution 33: 
1 15
10 16
11 20

Solution 34: 
1 15
10 16
6 20

Solution 35: 
1 14
10 16
6 20

Solution 36: 
1 14
10 16
6 19

Solution 37: 
1 14
10 16
11 20

Number of solutions found: 38

Changes at vertices: 
11 19 -> 11 20
Change visibility: 8 19
----------------------------------
Removal 15: 
Solution 0: 
1 15
10 16

Solution 1: 
10 16
8 15

Solution 2: 
10 14
10 16

Solution 3: 
10 14
11 18

Solution 4: 
11 18
8 15

Solution 5: 
1 14
10 16

Number of solutions found: 6

Changes at vertices: 
New Vertex: 11 18
8 18 -> 8 19
----------------------------------
Removal 16: 
Solution 0: 
1 15
8 18

Solution 1: 
8 15
8 18

Solution 2: 
10 14
8 18

Solution 3: 
10 14
10 16

Solution 4: 
10 14
13 18

Solution 5: 
10 14
13 16

Solution 6: 
13 16
8 15

Solution 7: 
10 16
8 15

Solution 8: 
1 15
10 16

Solution 9: 
13 18
8 15

Solution 10: 
1 14
8 18

Solution 11: 
1 14
10 16

Number of solutions found: 12

Changes at vertices: 
Change visibility: 10 16
8 16 -> 8 18
----------------------------------
Removal 17: 
Solution 0: 
10 14

Solution 1: 
8 15

Number of solutions found: 2

Changes at vertices: 
10 15 -> 10 16
New Vertex: 8 15
----------------------------------
Removal 18: 
Solution 0: 
1 15

Solution 1: 
10 14

Solution 2: 
10 15

Solution 3: 
1 14

Number of solutions found: 4

