1234
3 345
3 334
1 334
1 408
2 408
2 353
4 353
4 427
23 427
23 445
27 445
27 434
43 434
43 433
54 433
54 407
56 407
56 438
71 438
71 440
107 440
107 510
48 510
48 494
89 494
89 507
100 507
100 506
103 506
103 505
94 505
94 477
106 477
106 470
83 470
83 479
50 479
50 462
58 462
58 456
29 456
29 460
44 460
44 515
128 515
128 518
144 518
144 524
174 524
174 529
170 529
170 528
88 528
88 530
104 530
104 531
195 531
195 527
208 527
208 526
179 526
179 525
206 525
206 520
285 520
285 523
289 523
289 560
295 560
295 582
297 582
297 535
299 535
299 579
302 579
302 575
304 575
304 559
342 559
342 648
341 648
341 638
337 638
337 650
307 650
307 654
326 654
326 655
328 655
328 665
343 665
343 597
345 597
345 605
357 605
357 617
385 617
385 623
395 623
395 649
422 649
422 659
498 659
498 664
556 664
556 666
566 666
566 670
570 670
570 640
624 640
624 634
817 634
817 627
833 627
833 641
738 641
738 643
858 643
858 645
864 645
864 656
881 656
881 662
887 662
887 646
894 646
894 592
895 592
895 588
893 588
893 547
907 547
907 561
897 561
897 562
957 562
957 563
965 563
965 567
972 567
972 585
990 585
990 599
985 599
985 601
973 601
973 651
976 651
976 669
981 669
981 611
986 611
986 673
993 673
993 677
1017 677
1017 676
1025 676
1025 675
1026 675
1026 674
998 674
998 610
1001 610
1001 594
1004 594
1004 589
1028 589
1028 590
1009 590
1009 591
1021 591
1021 622
1013 622
1013 625
1007 625
1007 668
1010 668
1010 667
1023 667
1023 661
1024 661
1024 671
1034 671
1034 636
1014 636
1014 629
1029 629
1029 595
1056 595
1056 653
1044 653
1044 639
1043 639
1043 635
1037 635
1037 672
1057 672
1057 678
1062 678
1062 603
1059 603
1059 586
1000 586
1000 581
1076 581
1076 612
1080 612
1080 683
1032 683
1032 687
964 687
964 691
991 691
991 692
774 692
774 695
809 695
809 697
760 697
760 708
761 708
761 723
767 723
767 757
772 757
772 749
798 749
798 750
799 750
799 786
888 786
888 794
872 794
872 793
839 793
839 797
806 797
806 803
968 803
968 800
970 800
970 787
988 787
988 788
1015 788
1015 789
1016 789
1016 826
1008 826
1008 878
1006 878
1006 882
1011 882
1011 869
1018 869
1018 841
1020 841
1020 873
1022 873
1022 821
1051 821
1051 844
1046 844
1046 864
1053 864
1053 822
1074 822
1074 830
1085 830
1085 845
1083 845
1083 880
1079 880
1079 908
1045 908
1045 905
1019 905
1019 918
1005 918
1005 916
1002 916
1002 913
980 913
980 874
922 874
922 876
836 876
836 903
800 903
800 850
1003 850
1003 829
974 829
974 848
788 848
788 856
787 856
787 886
790 886
790 963
784 963
784 904
783 904
783 955
780 955
780 986
770 986
770 983
708 983
708 961
688 961
688 934
671 934
671 941
666 941
666 937
595 937
595 939
535 939
535 927
537 927
537 911
455 911
455 901
450 901
450 861
467 861
467 859
475 859
475 890
469 890
469 896
492 896
492 900
494 900
494 902
501 902
501 836
486 836
486 855
453 855
453 842
414 842
414 847
367 847
367 835
348 835
348 838
259 838
259 843
230 843
230 849
217 849
217 858
209 858
209 885
286 885
286 883
258 883
258 862
253 862
253 860
271 860
271 851
332 851
332 854
447 854
447 867
416 867
416 868
435 868
435 870
441 870
441 897
398 897
398 893
386 893
386 931
421 931
421 898
448 898
448 899
430 899
430 920
482 920
482 917
525 917
525 940
532 940
532 944
428 944
428 938
413 938
413 945
240 945
240 946
228 946
228 947
291 947
291 957
181 957
181 959
272 959
272 960
186 960
186 967
338 967
338 972
90 972
90 943
79 943
79 976
57 976
57 974
61 974
61 956
70 956
70 871
72 871
72 866
69 866
69 924
66 924
66 951
64 951
64 846
59 846
59 828
98 828
98 837
96 837
96 935
117 935
117 932
108 932
108 930
99 930
99 832
114 832
114 813
125 813
125 816
143 816
143 814
288 814
288 809
238 809
238 795
235 795
235 745
234 745
234 792
231 792
231 720
439 720
439 716
463 716
463 718
465 718
465 725
569 725
569 755
317 755
317 741
508 741
508 740
303 740
303 743
316 743
316 744
313 744
313 751
308 751
308 765
359 765
359 764
372 764
372 761
587 761
587 735
689 735
689 746
618 746
618 747
637 747
637 748
686 748
686 753
700 753
700 734
604 734
604 733
602 733
602 731
620 731
620 728
594 728
594 722
579 722
579 711
480 711
480 710
296 710
296 714
261 714
261 704
249 704
249 717
229 717
229 807
166 807
166 791
142 791
142 812
80 812
80 768
158 768
158 762
86 762
86 767
76 767
76 811
75 811
75 827
53 827
53 980
190 980
190 982
252 982
252 981
292 981
292 979
127 979
127 973
407 973
407 970
563 970
563 968
462 968
462 954
473 954
473 953
424 953
424 966
281 966
281 958
315 958
315 948
425 948
425 950
325 950
325 952
476 952
476 949
633 949
633 942
680 942
680 962
690 962
690 965
681 965
681 989
670 989
670 993
698 993
698 984
716 984
716 987
808 987
808 991
818 991
818 990
811 990
811 936
810 936
810 969
792 969
792 891
791 891
791 852
797 852
797 865
793 865
793 907
795 907
795 914
819 914
819 910
867 910
867 895
840 895
840 879
962 879
962 881
901 881
901 889
940 889
940 888
958 888
958 906
952 906
952 892
918 892
918 919
936 919
936 923
966 923
966 884
979 884
979 921
1039 921
1039 928
1041 928
1041 925
1075 925
1075 926
1096 926
1096 912
1081 912
1081 887
1095 887
1095 824
1103 824
1103 875
1110 875
1110 877
1104 877
1104 933
1138 933
1138 971
1140 971
1140 977
1145 977
1145 985
1131 985
1131 988
1148 988
1148 1011
1141 1011
1141 1057
1115 1057
1115 1047
1087 1047
1087 1049
1077 1049
1077 1059
1078 1059
1078 1062
1072 1062
1072 1058
1071 1058
1071 1003
1065 1003
1065 1002
1052 1002
1052 1006
1048 1006
1048 994
1027 994
1027 1009
1040 1009
1040 1014
828 1014
828 1010
814 1010
814 1013
651 1013
651 1008
757 1008
757 1007
705 1007
705 1001
695 1001
695 1000
754 1000
754 997
640 997
640 1005
636 1005
636 1021
601 1021
601 1068
634 1068
634 1071
655 1071
655 1065
667 1065
667 1060
677 1060
677 1056
676 1056
676 1051
613 1051
613 1040
728 1040
728 1038
737 1038
737 1045
747 1045
747 1074
576 1074
576 1072
564 1072
564 1075
526 1075
526 1069
514 1069
514 1077
591 1077
591 1082
151 1082
151 1135
172 1135
172 1121
163 1121
163 1093
182 1093
182 1103
213 1103
213 1097
220 1097
220 1116
221 1116
221 1168
191 1168
191 1177
153 1177
153 1180
147 1180
147 1181
175 1181
175 1185
55 1185
55 1193
73 1193
73 1196
84 1196
84 1203
212 1203
212 1214
211 1214
211 1213
210 1213
210 1205
141 1205
141 1210
189 1210
189 1217
197 1217
197 1218
250 1218
250 1208
362 1208
362 1212
384 1212
384 1215
491 1215
491 1201
488 1201
488 1206
484 1206
484 1190
487 1190
487 1186
499 1186
499 1178
443 1178
443 1165
571 1165
571 1167
511 1167
511 1182
518 1182
518 1171
530 1171
530 1169
572 1169
572 1166
621 1166
621 1164
438 1164
438 1161
559 1161
559 1160
573 1160
573 1150
607 1150
607 1129
702 1129
702 1130
678 1130
678 1143
706 1143
706 1145
762 1145
762 1146
789 1146
789 1136
923 1136
923 1149
908 1149
908 1156
927 1156
927 1172
929 1172
929 1174
955 1174
955 1144
967 1144
967 1114
969 1114
969 1111
963 1111
963 1109
948 1109
948 1133
950 1133
950 1173
946 1173
946 1154
937 1154
937 1134
803 1134
803 1128
782 1128
782 1101
779 1101
779 1139
739 1139
739 1138
752 1138
752 1137
742 1137
742 1131
721 1131
721 1118
756 1118
756 1117
758 1117
758 1105
750 1105
750 1104
741 1104
741 1115
720 1115
720 1127
701 1127
701 1120
673 1120
673 1110
619 1110
619 1126
605 1126
605 1122
575 1122
575 1132
548 1132
548 1155
521 1155
521 1119
538 1119
538 1108
529 1108
529 1102
544 1102
544 1099
541 1099
541 1100
517 1100
517 1094
546 1094
546 1095
533 1095
533 1096
549 1096
549 1092
515 1092
515 1157
471 1157
471 1148
404 1148
404 1113
417 1113
417 1106
396 1106
396 1152
400 1152
400 1163
403 1163
403 1153
429 1153
429 1179
474 1179
474 1211
405 1211
405 1204
257 1204
257 1207
219 1207
219 1198
173 1198
173 1202
118 1202
118 1199
95 1199
95 1197
150 1197
150 1195
199 1195
199 1192
101 1192
101 1188
192 1188
192 1191
193 1191
193 1189
225 1189
225 1175
226 1175
226 1158
222 1158
222 1091
160 1091
160 1084
244 1084
244 1085
248 1085
248 1083
596 1083
596 1079
751 1079
751 1043
821 1043
821 1064
830 1064
830 1076
825 1076
825 1087
777 1087
777 1078
759 1078
759 1086
768 1086
768 1089
835 1089
835 1073
832 1073
832 1055
834 1055
834 1050
862 1050
862 1052
857 1052
857 1053
930 1053
930 1048
849 1048
849 1042
879 1042
879 1041
743 1041
743 1036
622 1036
622 1034
603 1034
603 1025
874 1025
874 1029
886 1029
886 1027
891 1027
891 1024
647 1024
647 1018
661 1018
661 1020
718 1020
718 1022
778 1022
778 1019
805 1019
805 1015
954 1015
954 1031
975 1031
975 1030
960 1030
960 1017
992 1017
992 1028
1012 1028
1012 1032
1030 1032
1030 1046
1031 1046
1031 1026
1061 1026
1061 1016
1050 1016
1050 1012
1063 1012
1063 1200
1058 1200
1058 1147
1055 1147
1055 1216
1067 1216
1067 1209
1064 1209
1064 1194
1066 1194
1066 1063
1068 1063
1068 1125
1070 1125
1070 1090
1118 1090
1118 1088
1108 1088
1108 1070
1112 1070
1112 1067
1123 1067
1123 1066
1151 1066
1151 1061
1152 1061
1152 1037
1147 1037
1147 1033
1154 1033
1154 1023
1159 1023
1159 1039
1160 1039
1160 1141
1156 1141
1156 1162
1182 1162
1182 1170
1178 1170
1178 1227
1179 1227
1179 1228
1172 1228
1172 1184
1171 1184
1171 1219
1170 1219
1170 1221
1144 1221
1144 1224
1102 1224
1102 1225
1169 1225
1169 1237
1168 1237
1168 1238
1174 1238
1174 1235
1175 1235
1175 1234
1173 1234
1173 1229
1176 1229
1176 1246
1181 1246
1181 1222
1233 1222
1233 1226
1199 1226
1199 1241
1232 1241
1232 1242
1234 1242
1234 1240
1240 1240
1240 1250
1245 1250
1245 1249
1247 1249
1247 1245
1250 1245
1250 1244
1246 1244
1246 1243
1242 1243
1242 1239
1243 1239
1243 1236
1238 1236
1238 1232
1236 1232
1236 1230
1244 1230
1244 1223
1235 1223
1235 1220
1183 1220
1183 1159
1177 1159
1177 1142
1188 1142
1188 1140
1167 1140
1167 1107
1162 1107
1162 1004
1149 1004
1149 975
1143 975
1143 929
1126 929
1126 922
1116 922
1116 915
1111 915
1111 840
1105 840
1105 834
1106 834
1106 820
1142 820
1142 819
1033 819
1033 785
945 785
945 796
947 796
947 799
899 799
899 784
853 784
853 782
802 782
802 730
769 730
769 721
820 721
820 719
765 719
765 698
837 698
837 696
885 696
885 694
781 694
781 693
1134 693
1134 689
1047 689
1047 688
1035 688
1035 686
1101 686
1101 685
1086 685
1086 660
1092 660
1092 631
1155 631
1155 630
1091 630
1091 624
1098 624
1098 600
1088 600
1088 580
978 580
978 557
939 557
939 551
1060 551
1060 550
926 550
926 545
882 545
882 556
870 556
870 565
846 565
846 570
892 570
892 642
875 642
875 616
816 616
816 633
562 633
562 657
433 657
433 647
415 647
415 619
392 619
392 598
347 598
347 578
352 578
352 576
354 576
354 554
331 554
331 552
306 552
306 533
290 533
290 532
293 532
293 519
176 519
176 522
168 522
168 517
134 517
134 508
110 508
110 418
77 418
77 412
65 412
65 406
45 406
45 414
51 414
51 417
11 417
11 413
30 413
30 402
13 402
13 345
