378
3 345
3 334
1 334
1 408
2 408
2 353
4 353
4 427
23 427
23 445
27 445
27 434
43 434
43 433
54 433
54 407
56 407
56 438
71 438
71 440
107 440
107 510
48 510
48 494
89 494
89 507
100 507
100 506
103 506
103 505
94 505
94 477
106 477
106 470
83 470
83 479
50 479
50 462
58 462
58 456
29 456
29 460
44 460
44 515
128 515
128 518
144 518
144 524
174 524
174 529
170 529
170 528
88 528
88 530
104 530
104 531
195 531
195 527
208 527
208 526
179 526
179 525
206 525
206 520
285 520
285 523
289 523
289 560
295 560
295 582
297 582
297 535
299 535
299 579
302 579
302 575
304 575
304 559
342 559
342 648
341 648
341 638
337 638
337 650
307 650
307 654
326 654
326 655
328 655
328 665
343 665
343 597
345 597
345 605
357 605
357 617
385 617
385 623
395 623
395 649
422 649
422 659
498 659
498 664
556 664
556 666
566 666
566 670
570 670
570 640
624 640
624 634
817 634
817 627
833 627
833 641
738 641
738 643
858 643
858 645
864 645
864 656
881 656
881 662
887 662
887 646
894 646
894 592
895 592
895 588
893 588
893 547
907 547
907 561
897 561
897 562
957 562
957 563
965 563
965 567
972 567
972 585
990 585
990 599
985 599
985 601
973 601
973 651
976 651
976 669
981 669
981 611
986 611
986 673
993 673
993 677
1017 677
1017 676
1025 676
1025 675
1026 675
1026 674
998 674
998 610
1001 610
1001 594
1004 594
1004 589
1028 589
1028 590
1009 590
1009 591
1021 591
1021 622
1013 622
1013 625
1007 625
1007 668
1010 668
1010 667
1023 667
1023 661
1024 661
1024 671
1034 671
1034 636
1014 636
1014 629
1029 629
1029 595
1056 595
1056 653
1044 653
1044 639
1043 639
1043 635
1037 635
1037 672
1057 672
1057 678
1062 678
1062 603
1059 603
1059 586
1000 586
1000 581
1076 581
1076 612
1080 612
1080 683
1032 683
1032 687
964 687
964 691
991 691
991 692
774 692
774 695
809 695
809 697
760 697
760 708
761 708
761 723
767 723
767 757
772 757
772 749
798 749
798 750
799 750
799 786
888 786
888 794
872 794
872 793
839 793
839 797
806 797
806 803
968 803
968 800
970 800
970 787
988 787
988 788
1015 788
1015 789
1016 789
1016 826
1008 826
1008 878
1006 878
1006 882
1011 882
1011 869
1018 869
1018 841
1020 841
1020 873
1022 873
1022 821
1051 821
1051 844
1053 844
1053 822
1106 822
1106 820
1142 820
1142 819
1033 819
1033 785
945 785
945 796
947 796
947 799
899 799
899 784
853 784
853 782
802 782
802 730
769 730
769 721
820 721
820 719
765 719
765 698
837 698
837 696
885 696
885 694
781 694
781 693
1134 693
1134 689
1047 689
1047 688
1035 688
1035 686
1101 686
1101 685
1086 685
1086 660
1092 660
1092 631
1155 631
1155 630
1091 630
1091 624
1098 624
1098 600
1088 600
1088 580
978 580
978 557
939 557
939 551
1060 551
1060 550
926 550
926 545
882 545
882 556
870 556
870 565
846 565
846 570
892 570
892 642
875 642
875 616
816 616
816 633
562 633
562 657
433 657
433 647
415 647
415 619
392 619
392 598
347 598
347 578
352 578
352 576
354 576
354 554
331 554
331 552
306 552
306 533
290 533
290 532
293 532
293 519
176 519
176 522
168 522
168 517
134 517
134 508
110 508
110 418
77 418
77 412
65 412
65 406
45 406
45 414
51 414
51 417
11 417
11 413
30 413
30 402
13 402
13 345
