380
167 382
167 380
161 380
161 362
228 362
228 354
173 354
173 351
154 351
154 335
162 335
162 313
164 313
164 312
163 312
163 302
170 302
170 286
142 286
142 343
139 343
139 349
141 349
141 358
131 358
131 372
129 372
129 415
126 415
126 434
127 434
127 476
177 476
177 467
209 467
209 464
260 464
260 465
273 465
273 475
186 475
186 479
204 479
204 490
250 490
250 487
246 487
246 482
265 482
265 492
172 492
172 493
106 493
106 495
49 495
49 431
72 431
72 424
50 424
50 379
90 379
90 364
97 364
97 391
113 391
113 266
114 266
114 151
120 151
120 129
104 129
104 148
99 148
99 186
96 186
96 206
98 206
98 293
88 293
88 295
87 295
87 294
82 294
82 281
83 281
83 232
79 232
79 264
77 264
77 237
74 237
74 204
56 204
56 203
55 203
55 190
65 190
65 181
52 181
52 140
43 140
43 121
13 121
13 198
3 198
3 262
4 262
4 334
10 334
10 346
9 346
9 376
6 376
6 462
2 462
2 442
1 442
1 478
16 478
16 447
15 447
15 331
7 331
7 329
11 329
11 229
12 229
12 276
17 276
17 265
19 265
19 458
20 458
20 498
30 498
30 466
29 466
29 384
32 384
32 429
33 429
33 427
37 427
37 414
34 414
34 403
36 403
36 381
31 381
31 333
28 333
28 440
27 440
27 239
22 239
22 255
23 255
23 280
24 280
24 305
26 305
26 432
21 432
21 226
8 226
8 210
14 210
14 218
18 218
18 214
38 214
38 227
39 227
39 207
25 207
25 123
35 123
35 134
41 134
41 162
48 162
48 145
51 145
51 202
44 202
44 205
53 205
53 212
64 212
64 245
68 245
68 297
63 297
63 309
70 309
70 330
67 330
67 332
75 332
75 321
78 321
78 337
80 337
80 235
81 235
81 318
100 318
100 176
108 176
108 230
109 230
109 135
111 135
111 170
112 170
112 299
110 299
110 378
103 378
103 370
102 370
102 357
46 357
46 400
40 400
40 417
42 417
42 428
47 428
47 491
45 491
45 497
124 497
124 496
155 496
155 500
158 500
158 494
180 494
180 499
275 499
275 474
286 474
286 483
326 483
326 486
334 486
334 481
310 481
310 470
291 470
291 463
176 463
176 473
128 473
128 426
132 426
132 394
133 394
133 392
135 392
135 445
134 445
134 459
156 459
156 451
224 451
224 453
242 453
242 456
184 456
184 460
348 460
348 455
297 455
297 449
205 449
205 444
258 444
258 443
272 443
272 441
243 441
243 438
355 438
355 437
288 437
288 435
346 435
346 433
277 433
277 430
268 430
268 436
174 436
174 446
192 446
192 448
144 448
144 454
138 454
138 457
137 457
137 385
136 385
136 375
143 375
143 393
147 393
147 419
152 419
152 425
185 425
185 423
168 423
168 420
160 420
160 416
149 416
149 408
166 408
166 413
175 413
175 410
215 410
215 409
249 409
249 412
270 412
270 367
264 367
264 353
251 353
251 319
256 319
256 340
252 340
252 342
257 342
257 314
253 314
253 304
254 304
254 298
241 298
241 310
238 310
238 317
245 317
245 338
247 338
247 347
248 347
248 373
266 373
266 405
211 405
211 406
255 406
255 407
169 407
169 404
148 404
148 389
146 389
146 322
150 322
150 287
153 287
153 365
159 365
159 386
157 386
157 387
187 387
187 390
203 390
203 401
237 401
237 382
