72
98 233
98 236
99 236
99 246
24 246
24 225
25 225
25 202
23 202
23 194
28 194
28 189
60 189
60 187
9 187
9 191
7 191
7 195
2 195
2 226
1 226
1 248
3 248
3 227
4 227
4 217
5 217
5 250
13 250
13 249
6 249
6 206
10 206
10 232
12 232
12 188
20 188
20 199
19 199
19 203
15 203
15 212
18 212
18 218
22 218
22 247
103 247
103 234
117 234
117 239
107 239
107 245
110 245
110 243
115 243
115 244
129 244
129 241
184 241
184 242
193 242
193 192
192 192
192 240
191 240
191 237
168 237
168 238
133 238
133 235
165 235
165 233
