200
32 22
32 3
14 3
14 14
16 14
16 16
11 16
11 8
1 8
1 21
3 21
3 20
4 20
4 10
8 10
8 44
9 44
9 23
12 23
12 45
2 45
2 46
7 46
7 47
5 47
5 83
55 83
55 92
62 92
62 95
52 95
52 96
41 96
41 93
18 93
18 97
15 97
15 100
59 100
59 98
67 98
67 90
77 90
77 99
76 99
76 104
50 104
50 101
44 101
44 109
40 109
40 102
23 102
23 103
21 103
21 112
31 112
31 113
53 113
53 119
54 119
54 111
47 111
47 110
58 110
58 105
75 105
75 116
72 116
72 134
86 134
86 136
45 136
45 130
43 130
43 124
26 124
26 120
19 120
19 125
34 125
34 129
42 129
42 146
78 146
78 138
102 138
102 142
89 142
89 143
115 143
115 144
109 144
109 147
120 147
120 148
51 148
51 150
94 150
94 149
140 149
140 137
145 137
145 127
149 127
149 140
150 140
150 126
143 126
143 131
142 131
142 128
139 128
139 135
138 135
138 141
121 141
121 145
118 145
118 139
129 139
129 132
99 132
99 133
82 133
82 122
128 122
128 123
131 123
131 121
85 121
85 118
106 118
106 115
84 115
84 117
79 117
79 81
81 81
81 75
66 75
66 74
73 74
73 69
93 69
93 108
103 108
103 107
104 107
104 106
98 106
98 66
100 66
100 65
71 65
71 64
70 64
70 63
65 63
65 78
63 78
63 60
90 60
90 62
96 62
96 58
91 58
91 49
57 49
57 50
83 50
83 51
87 51
87 55
61 55
61 87
60 87
60 82
56 82
56 76
20 76
20 59
24 59
24 73
28 73
28 57
38 57
38 56
27 56
27 54
13 54
13 53
10 53
10 48
17 48
17 9
25 9
25 26
48 26
48 22
