424
1 138
1 139
6 139
6 280
150 280
150 281
315 281
315 270
317 270
317 239
318 239
318 289
316 289
316 295
313 295
313 292
311 292
311 282
185 282
185 296
191 296
191 288
194 288
194 285
190 285
190 283
198 283
198 284
304 284
304 291
280 291
280 286
273 286
273 290
257 290
257 294
291 294
291 293
295 293
295 297
272 297
272 298
261 298
261 302
254 302
254 306
258 306
258 311
238 311
238 309
235 309
235 303
216 303
216 307
151 307
151 305
146 305
146 315
139 315
139 343
140 343
140 407
138 407
138 408
158 408
158 396
167 396
167 417
163 417
163 443
168 443
168 426
174 426
174 490
127 490
127 484
128 484
128 444
126 444
126 423
124 423
124 411
136 411
136 409
99 409
99 403
73 403
73 405
45 405
45 410
16 410
16 414
19 414
19 415
122 415
122 424
125 424
125 430
88 430
88 431
82 431
82 418
74 418
74 432
77 432
77 462
84 462
84 466
93 466
93 486
80 486
80 483
76 483
76 485
75 485
75 471
70 471
70 488
52 488
52 491
31 491
31 480
43 480
43 479
32 479
32 468
41 468
41 461
61 461
61 416
47 416
47 427
51 427
51 449
59 449
59 452
55 452
55 460
25 460
25 470
28 470
28 493
36 493
36 494
65 494
65 489
95 489
95 453
101 453
101 447
104 447
104 487
107 487
107 445
90 445
90 433
120 433
120 446
110 446
110 448
114 448
114 492
183 492
183 473
176 473
176 457
175 457
175 425
170 425
170 389
188 389
188 374
274 374
274 376
269 376
269 383
284 383
284 369
305 369
305 365
297 365
297 361
296 361
296 359
294 359
294 353
288 353
288 348
277 348
277 352
268 352
268 347
265 347
265 345
266 345
266 346
279 346
279 341
278 341
278 338
264 338
264 371
275 371
275 372
179 372
179 388
177 388
177 387
169 387
169 394
154 394
154 402
149 402
149 356
147 356
147 404
143 404
143 400
145 400
145 355
155 355
155 337
156 337
156 344
166 344
166 342
172 342
172 339
160 339
160 340
157 340
157 335
153 335
153 319
164 319
164 323
208 323
208 325
312 325
312 320
387 320
387 322
391 322
391 317
389 317
389 299
377 299
377 269
393 269
393 301
404 301
404 249
427 249
427 242
436 242
436 245
440 245
440 327
348 327
348 326
267 326
267 330
401 330
401 331
320 331
320 336
328 336
328 332
330 332
330 333
452 333
452 328
447 328
447 287
445 287
445 267
442 267
442 236
478 236
478 237
487 237
487 329
484 329
484 354
479 354
479 368
471 368
471 370
469 370
469 364
468 364
468 357
462 357
462 406
463 406
463 428
355 428
355 422
349 422
349 420
414 420
414 398
429 398
429 393
428 393
428 375
392 375
392 412
395 412
395 377
422 377
422 395
410 395
410 413
373 413
373 419
332 419
332 429
467 429
467 401
466 401
466 385
474 385
474 378
486 378
486 334
490 334
490 321
489 321
489 233
421 233
421 246
402 246
402 262
372 262
372 312
338 312
338 318
241 318
241 324
240 324
240 316
301 316
301 314
226 314
226 313
282 313
282 310
292 310
292 304
293 304
293 300
327 300
327 210
314 210
314 257
231 257
231 256
255 256
255 240
249 240
249 248
242 248
242 244
239 244
239 247
211 247
211 241
217 241
217 238
187 238
187 250
112 250
112 251
220 251
220 254
117 254
117 252
106 252
106 260
57 260
57 273
50 273
50 259
40 259
40 268
37 268
37 253
24 253
24 275
85 275
85 261
102 261
102 266
96 266
96 276
113 276
113 255
123 255
123 263
131 263
131 272
233 272
233 265
182 265
182 264
173 264
173 258
307 258
307 271
290 271
290 279
213 279
213 278
15 278
15 230
8 230
8 179
35 179
35 178
7 178
7 156
13 156
13 138
