930
72 105
72 117
60 117
60 120
53 120
53 114
62 114
62 110
39 110
39 123
68 123
68 128
44 128
44 127
49 127
49 126
27 126
27 91
18 91
18 97
17 97
17 113
11 113
11 116
5 116
5 136
4 136
4 138
1 138
1 139
6 139
6 280
150 280
150 281
315 281
315 270
317 270
317 239
318 239
318 289
316 289
316 295
313 295
313 292
311 292
311 282
185 282
185 296
191 296
191 288
194 288
194 285
190 285
190 283
198 283
198 284
304 284
304 291
280 291
280 286
273 286
273 290
257 290
257 294
291 294
291 293
295 293
295 297
272 297
272 298
261 298
261 302
254 302
254 306
258 306
258 311
238 311
238 309
235 309
235 303
216 303
216 307
151 307
151 305
146 305
146 315
139 315
139 343
140 343
140 407
138 407
138 408
158 408
158 396
167 396
167 417
163 417
163 443
168 443
168 426
174 426
174 490
127 490
127 484
128 484
128 444
126 444
126 423
124 423
124 411
136 411
136 409
99 409
99 403
73 403
73 405
45 405
45 410
16 410
16 414
19 414
19 415
122 415
122 424
125 424
125 430
88 430
88 431
82 431
82 418
74 418
74 432
77 432
77 462
84 462
84 466
93 466
93 486
80 486
80 483
76 483
76 485
75 485
75 471
70 471
70 488
52 488
52 491
31 491
31 480
43 480
43 479
32 479
32 468
41 468
41 461
61 461
61 416
47 416
47 427
51 427
51 449
59 449
59 452
55 452
55 460
25 460
25 470
28 470
28 493
36 493
36 494
65 494
65 489
95 489
95 453
101 453
101 447
104 447
104 487
107 487
107 445
90 445
90 433
120 433
120 446
110 446
110 448
114 448
114 492
183 492
183 473
176 473
176 457
175 457
175 425
170 425
170 389
188 389
188 374
274 374
274 376
269 376
269 383
284 383
284 369
305 369
305 365
297 365
297 361
296 361
296 359
294 359
294 353
288 353
288 348
277 348
277 352
268 352
268 347
265 347
265 345
266 345
266 346
279 346
279 341
278 341
278 338
264 338
264 371
275 371
275 372
179 372
179 388
177 388
177 387
169 387
169 394
154 394
154 402
149 402
149 356
147 356
147 404
143 404
143 400
145 400
145 355
155 355
155 337
156 337
156 344
166 344
166 342
172 342
172 339
160 339
160 340
157 340
157 335
153 335
153 319
164 319
164 323
208 323
208 325
312 325
312 320
387 320
387 322
391 322
391 317
389 317
389 299
377 299
377 269
393 269
393 301
404 301
404 249
427 249
427 242
436 242
436 245
440 245
440 327
348 327
348 326
267 326
267 330
401 330
401 331
320 331
320 336
328 336
328 332
330 332
330 333
452 333
452 328
447 328
447 287
445 287
445 267
442 267
442 236
478 236
478 237
487 237
487 329
484 329
484 354
479 354
479 368
471 368
471 370
469 370
469 364
468 364
468 357
462 357
462 406
463 406
463 428
355 428
355 422
349 422
349 420
414 420
414 398
429 398
429 393
428 393
428 358
413 358
413 350
430 350
430 392
434 392
434 390
435 390
435 386
441 386
441 362
438 362
438 349
382 349
382 351
351 351
351 367
346 367
346 384
350 384
350 380
357 380
357 382
360 382
360 381
364 381
364 373
362 373
362 366
359 366
359 363
394 363
394 360
409 360
409 375
392 375
392 412
395 412
395 377
422 377
422 395
410 395
410 413
373 413
373 419
332 419
332 441
331 441
331 442
354 442
354 435
385 435
385 437
358 437
358 454
356 454
356 450
352 450
352 455
365 455
365 451
368 451
368 456
375 456
375 440
380 440
380 438
412 438
412 439
396 439
396 459
381 459
381 465
397 465
397 467
408 467
408 469
407 469
407 475
400 475
400 476
361 476
361 498
329 498
329 500
405 500
405 495
378 495
378 482
416 482
416 497
419 497
419 481
386 481
386 477
423 477
423 472
420 472
420 436
439 436
439 434
444 434
444 429
465 429
465 464
454 464
454 463
437 463
437 499
446 499
446 478
448 478
448 474
470 474
470 458
467 458
467 401
466 401
466 385
473 385
473 391
474 391
474 378
476 378
476 379
485 379
485 397
475 397
475 421
481 421
481 496
482 496
482 399
486 399
486 334
490 334
490 321
489 321
489 180
488 180
488 233
421 233
421 246
402 246
402 262
374 262
374 215
376 215
376 213
371 213
371 221
370 221
370 202
417 202
417 209
390 209
390 218
399 218
399 228
418 228
418 227
457 227
457 194
460 194
460 177
458 177
458 193
455 193
455 176
456 176
456 173
453 173
453 195
450 195
450 220
449 220
449 219
426 219
426 214
431 214
431 207
424 207
424 192
415 192
415 189
403 189
403 188
411 188
411 187
406 187
406 184
384 184
384 183
398 183
398 181
379 181
379 196
369 196
369 232
372 232
372 312
343 312
343 308
338 308
338 318
241 318
241 324
240 324
240 316
301 316
301 314
226 314
226 313
282 313
282 310
292 310
292 304
293 304
293 300
327 300
327 175
324 175
324 182
310 182
310 185
323 185
323 197
303 197
303 201
300 201
300 198
253 198
253 191
221 191
221 190
224 190
224 186
218 186
218 199
271 199
271 200
286 200
286 211
230 211
230 206
219 206
219 204
134 204
134 205
119 205
119 208
115 208
115 216
162 216
162 225
171 225
171 217
178 217
178 222
205 222
205 223
210 223
210 226
181 226
181 235
202 235
202 231
212 231
212 234
246 234
246 229
232 229
232 224
236 224
236 212
281 212
281 243
289 243
289 203
326 203
326 210
314 210
314 257
231 257
231 256
255 256
255 240
249 240
249 248
242 248
242 244
239 244
239 247
211 247
211 241
217 241
217 238
187 238
187 250
112 250
112 251
220 251
220 254
117 254
117 252
106 252
106 260
57 260
57 273
50 273
50 259
40 259
40 268
37 268
37 253
24 253
24 275
85 275
85 261
102 261
102 266
96 266
96 276
113 276
113 255
123 255
123 263
131 263
131 272
233 272
233 265
182 265
182 264
173 264
173 258
307 258
307 271
290 271
290 279
213 279
213 277
189 277
189 274
135 274
135 278
15 278
15 230
8 230
8 179
35 179
35 168
54 168
54 171
58 171
58 172
144 172
144 152
137 152
137 149
141 149
141 146
152 146
152 155
148 155
148 161
161 161
161 162
186 162
186 163
237 163
237 150
252 150
252 141
222 141
222 147
214 147
214 119
243 119
243 125
250 125
250 43
259 43
259 80
256 80
256 81
263 81
263 100
276 100
276 79
298 79
298 88
325 88
325 89
287 89
287 98
285 98
285 109
299 109
299 101
309 101
309 106
308 106
308 108
367 108
367 96
340 96
340 87
347 87
347 83
366 83
366 82
344 82
344 72
345 72
345 67
363 67
363 70
388 70
388 73
461 73
461 64
491 64
491 56
472 56
472 52
477 52
477 54
483 54
483 53
496 53
496 102
498 102
498 112
499 112
499 107
500 107
500 99
497 99
497 49
495 49
495 44
306 44
306 47
443 47
443 61
451 61
451 63
432 63
432 65
341 65
341 48
337 48
337 93
336 93
336 103
339 103
339 104
335 104
335 57
334 57
334 59
322 59
322 66
333 66
333 74
270 74
270 71
262 71
262 77
319 77
319 78
260 78
260 55
302 55
302 50
283 50
283 41
493 41
493 34
494 34
494 32
425 32
425 29
433 29
433 28
353 28
353 27
342 27
342 35
464 35
464 36
480 36
480 33
492 33
492 38
459 38
459 37
383 37
383 39
321 39
321 40
251 40
251 42
234 42
234 31
245 31
245 30
228 30
228 60
206 60
206 69
204 69
204 75
223 75
223 85
229 85
229 45
247 45
247 51
244 51
244 84
248 84
248 115
215 115
215 111
209 111
209 121
200 121
200 124
193 124
193 122
192 122
192 134
197 134
197 132
207 132
207 144
203 144
203 154
225 154
225 158
227 158
227 160
201 160
201 159
199 159
199 151
196 151
196 145
195 145
195 140
180 140
180 157
165 157
165 142
116 142
116 148
121 148
121 143
133 143
133 164
142 164
142 169
79 169
79 170
63 170
63 165
64 165
64 153
48 153
48 166
33 166
33 174
14 174
14 178
7 178
7 156
10 156
10 167
13 167
13 137
9 137
9 133
20 133
20 118
22 118
22 92
26 92
26 131
38 131
38 135
42 135
42 130
81 130
81 129
83 129
83 105
