132
39 94
39 89
36 89
36 82
30 82
30 78
87 78
87 70
11 70
11 53
1 53
1 63
2 63
2 73
50 73
50 74
19 74
19 79
14 79
14 75
6 75
6 90
3 90
3 113
4 113
4 158
5 158
5 197
10 197
10 214
49 214
49 222
44 222
44 223
43 223
43 224
61 224
61 189
55 189
55 200
53 200
53 209
40 209
40 198
34 198
34 201
29 201
29 187
8 187
8 128
9 128
9 112
13 112
13 115
16 115
16 133
15 133
15 145
12 145
12 160
21 160
21 164
33 164
33 165
28 165
28 170
32 170
32 172
25 172
25 177
23 177
23 181
24 181
24 182
67 182
67 193
69 193
69 212
91 212
91 204
96 204
96 168
89 168
89 153
112 153
112 154
97 154
97 220
109 220
109 215
110 215
110 217
118 217
118 221
123 221
123 194
127 194
127 213
131 213
131 173
122 173
122 202
120 202
120 216
116 216
116 208
98 208
98 206
104 206
104 180
113 180
113 152
86 152
86 192
79 192
79 195
90 195
90 210
72 210
72 176
37 176
37 175
60 175
60 171
58 171
58 149
48 149
48 146
46 146
46 142
17 142
17 94
