106
10 42
10 50
1 50
1 98
3 98
3 74
2 74
2 52
17 52
17 51
20 51
20 55
40 55
40 57
8 57
8 67
14 67
14 71
4 71
4 79
5 79
5 77
9 77
9 72
13 72
13 76
18 76
18 70
23 70
23 62
25 62
25 64
24 64
24 73
27 73
27 59
34 59
34 69
43 69
43 58
50 58
50 61
68 61
68 63
94 63
94 87
79 87
79 82
84 82
84 65
83 65
83 68
81 68
81 66
78 66
78 75
69 75
69 89
74 89
74 95
62 95
62 90
53 90
53 93
33 93
33 88
19 88
19 84
28 84
28 85
57 85
57 78
52 78
52 83
51 83
51 81
7 81
7 80
6 80
6 91
11 91
11 94
54 94
54 100
89 100
89 99
56 99
56 97
97 97
97 96
88 96
88 92
99 92
99 86
95 86
95 60
55 60
55 56
87 56
87 54
36 54
36 53
21 53
21 49
22 49
22 42
