236
806 1013
806 939
789 939
789 923
777 923
777 951
766 951
766 962
772 962
772 977
606 977
606 976
607 976
607 975
590 975
590 963
588 963
588 909
525 909
525 912
519 912
519 907
478 907
478 874
457 874
457 949
453 949
453 934
407 934
407 943
287 943
287 958
280 958
280 964
314 964
314 967
204 967
204 940
164 940
164 965
143 965
143 957
157 957
157 945
53 945
53 970
50 970
50 1007
74 1007
74 1008
22 1008
22 924
83 924
83 920
67 920
67 919
114 919
114 918
37 918
37 915
51 915
51 901
47 901
47 822
4 822
4 835
1 835
1 836
13 836
13 824
45 824
45 866
2 866
2 869
3 869
3 888
5 888
5 897
6 897
6 981
12 981
12 968
7 968
7 892
16 892
16 882
44 882
44 899
20 899
20 953
18 953
18 996
17 996
17 1021
23 1021
23 1023
25 1023
25 1071
28 1071
28 1081
33 1081
33 1046
54 1046
54 1063
40 1063
40 1083
66 1083
66 1079
60 1079
60 1024
76 1024
76 1012
75 1012
75 994
92 994
92 989
64 989
64 955
132 955
132 974
168 974
168 947
193 947
193 969
295 969
295 971
173 971
173 973
383 973
383 960
303 960
303 948
417 948
417 936
443 936
443 956
467 956
467 935
465 935
465 877
477 877
477 921
486 921
486 916
554 916
554 910
587 910
587 978
738 978
738 979
485 979
485 980
782 980
782 929
787 929
787 952
784 952
784 954
796 954
796 990
795 990
795 1000
704 1000
704 984
708 984
708 995
756 995
756 993
718 993
718 983
679 983
679 982
616 982
616 985
683 985
683 987
687 987
687 1017
662 1017
662 1015
206 1015
206 1026
265 1026
265 1032
161 1032
161 1043
145 1043
145 1044
147 1044
147 1045
195 1045
195 1066
375 1066
375 1067
228 1067
228 1072
231 1072
231 1073
394 1073
394 1065
313 1065
313 1064
541 1064
541 1048
531 1048
531 1052
476 1052
476 1041
433 1041
433 1060
257 1060
257 1061
250 1061
250 1057
317 1057
317 1056
405 1056
405 1055
233 1055
233 1051
238 1051
238 1038
474 1038
474 1036
273 1036
273 1019
339 1019
339 1018
430 1018
430 1016
655 1016
655 1020
690 1020
690 1014
710 1014
710 1013
