194
32 4
32 6
17 6
17 25
28 25
28 44
24 44
24 49
22 49
22 50
23 50
23 58
20 58
20 61
25 61
25 45
27 45
27 73
5 73
5 68
1 68
1 81
2 81
2 85
45 85
45 90
40 90
40 92
8 92
8 100
3 100
3 150
13 150
13 144
12 144
12 137
4 137
4 112
9 112
9 117
16 117
16 111
18 111
18 107
26 107
26 115
38 115
38 113
29 113
29 106
10 106
10 109
7 109
7 101
11 101
11 98
15 98
15 94
49 94
49 72
43 72
43 80
6 80
6 75
14 75
14 79
33 79
33 40
34 40
34 63
35 63
35 46
39 46
39 57
44 57
44 53
46 53
46 26
48 26
48 48
51 48
51 24
47 24
47 22
42 22
42 38
36 38
36 35
31 35
31 76
30 76
30 10
21 10
21 8
37 8
37 11
50 11
50 5
99 5
99 16
98 16
98 28
96 28
96 30
61 30
61 23
72 23
72 13
70 13
70 17
60 17
60 31
59 31
59 33
55 33
55 41
52 41
52 47
53 47
53 51
54 51
54 62
56 62
56 39
57 39
57 42
73 42
73 37
122 37
122 32
124 32
124 20
118 20
118 27
110 27
110 36
105 36
105 19
125 19
125 18
136 18
136 34
142 34
142 118
134 118
134 71
135 71
135 108
138 108
138 67
128 67
128 114
129 114
129 83
130 83
130 126
127 126
127 130
131 130
131 133
126 133
126 148
94 148
94 147
67 147
67 146
119 146
119 141
115 141
115 143
68 143
68 145
64 145
64 149
149 149
149 140
139 140
139 136
133 136
133 132
132 132
132 119
150 119
150 110
148 110
148 60
143 60
143 21
147 21
147 15
103 15
103 29
101 29
101 4
