1956
1 3
1 4
3 4
3 54
6 54
6 113
4 113
4 251
7 251
7 394
22 394
22 492
27 492
27 241
36 241
36 343
51 343
51 374
45 374
45 457
47 457
47 585
48 585
48 514
52 514
52 461
53 461
53 448
55 448
55 339
44 339
44 289
46 289
46 252
57 252
57 218
58 218
58 318
60 318
60 215
50 215
50 188
70 188
70 187
74 187
74 234
72 234
72 303
75 303
75 333
65 333
65 386
67 386
67 423
76 423
76 426
129 426
129 430
140 430
140 437
123 437
123 512
124 512
124 649
148 649
148 629
185 629
185 641
222 641
222 615
210 615
210 626
221 626
221 631
197 631
197 624
199 624
199 620
158 620
158 604
135 604
135 593
139 593
139 580
153 580
153 570
142 570
142 551
162 551
162 521
175 521
175 543
190 543
190 537
186 537
186 459
183 459
183 401
182 401
182 444
181 444
181 403
176 403
176 469
172 469
172 450
170 450
170 337
179 337
179 369
195 369
195 377
200 377
200 309
198 309
198 340
184 340
184 325
174 325
174 273
167 273
167 491
152 491
152 502
157 502
157 539
161 539
161 547
151 547
151 545
141 545
141 494
130 494
130 442
144 442
144 422
80 422
80 207
81 207
81 169
79 169
79 99
78 99
78 76
54 76
54 59
117 59
117 55
126 55
126 58
132 58
132 56
189 56
189 50
356 50
356 49
402 49
402 51
382 51
382 53
421 53
421 65
378 65
378 64
307 64
307 67
133 67
133 66
127 66
127 68
61 68
61 70
330 70
330 71
323 71
323 79
337 79
337 72
371 72
371 87
326 87
326 96
366 96
366 97
398 97
398 107
370 107
370 112
369 112
369 190
365 190
365 196
377 196
377 270
375 270
375 291
360 291
360 317
359 317
359 284
344 284
344 341
358 341
358 355
372 355
372 293
383 293
383 250
379 250
379 192
381 192
381 212
404 212
404 350
410 350
410 286
425 286
425 383
429 383
429 257
428 257
428 269
406 269
406 208
387 208
387 132
397 132
397 130
411 130
411 120
409 120
409 73
386 73
386 69
412 69
412 172
419 172
419 174
424 174
424 142
422 142
422 92
444 92
444 105
449 105
449 104
481 104
481 136
485 136
485 219
476 219
476 222
488 222
488 548
460 548
460 542
448 542
448 606
447 606
447 263
457 263
457 232
438 232
438 245
445 245
445 402
437 402
437 597
442 597
442 623
446 623
446 622
452 622
452 584
455 584
455 646
440 646
440 661
456 661
456 676
707 676
707 670
695 670
695 672
681 672
681 664
656 664
656 656
624 656
624 558
636 558
636 550
672 550
672 536
586 536
586 347
595 347
595 417
628 417
628 454
589 454
589 455
637 455
637 378
646 378
646 345
649 345
649 330
653 330
653 320
661 320
661 389
694 389
694 391
709 391
709 395
742 395
742 382
735 382
735 388
677 388
677 380
676 380
676 372
691 372
691 359
669 359
669 349
670 349
670 285
766 285
766 299
811 299
811 276
835 276
835 302
931 302
931 311
714 311
714 312
785 312
785 328
796 328
796 329
842 329
842 315
793 315
793 313
1018 313
1018 361
1017 361
1017 418
1013 418
1013 424
998 424
998 409
978 409
978 406
989 406
989 405
1008 405
1008 364
1003 364
1003 352
1001 352
1001 399
968 399
968 429
956 429
956 435
959 435
959 485
1010 485
1010 490
1006 490
1006 588
1031 588
1031 592
994 592
994 642
1046 642
1046 651
1044 651
1044 743
1064 743
1064 750
1058 750
1058 764
1041 764
1041 774
1022 774
1022 805
1051 805
1051 810
988 810
988 814
1028 814
1028 815
975 815
975 605
976 605
976 658
980 658
980 736
979 736
979 808
981 808
981 552
977 552
977 520
990 520
990 496
992 496
992 486
974 486
974 569
970 569
970 533
961 533
961 540
955 540
955 560
958 560
958 565
967 565
967 820
1002 820
1002 824
1066 824
1066 834
1048 834
1048 840
1040 840
1040 891
1050 891
1050 938
1035 938
1035 922
912 922
912 929
882 929
882 927
883 927
883 918
868 918
868 910
685 910
685 912
678 912
678 911
538 911
538 915
548 915
548 919
597 919
597 925
673 925
673 923
638 923
638 921
696 921
696 935
502 935
502 936
484 936
484 945
503 945
503 940
508 940
508 939
525 939
525 937
703 937
703 916
721 916
721 926
772 926
772 914
700 914
700 913
817 913
817 924
794 924
794 933
887 933
887 930
996 930
996 954
936 954
936 949
934 949
934 950
916 950
916 956
797 956
797 962
919 962
919 958
899 958
899 957
1078 957
1078 959
1418 959
1418 953
1406 953
1406 920
1410 920
1410 917
1452 917
1452 943
1450 943
1450 931
1441 931
1441 952
1433 952
1433 955
1562 955
1562 973
854 973
854 972
837 972
837 970
1091 970
1091 969
1520 969
1520 968
1240 968
1240 967
806 967
806 992
809 992
809 1015
786 1015
786 1001
753 1001
753 980
752 980
752 997
750 997
750 994
697 994
697 999
683 999
683 1003
782 1003
782 1035
781 1035
781 1025
780 1025
780 1029
764 1029
764 1032
665 1032
665 1024
690 1024
690 1022
688 1022
688 1019
596 1019
596 1014
501 1014
501 1008
335 1008
335 1016
521 1016
521 1034
534 1034
534 1030
550 1030
550 1027
608 1027
608 1044
458 1044
458 1047
575 1047
575 1059
565 1059
565 1053
522 1053
522 1057
466 1057
466 1061
388 1061
388 1064
331 1064
331 1095
329 1095
329 1117
319 1117
319 1073
317 1073
317 1123
314 1123
314 1087
290 1087
290 1099
293 1099
293 1147
298 1147
298 1094
304 1094
304 1186
435 1186
435 1179
498 1179
498 1180
500 1180
500 1188
570 1188
570 1184
798 1184
798 1189
758 1189
758 1190
903 1190
903 1182
915 1182
915 1170
965 1170
965 1171
925 1171
925 1178
948 1178
948 1193
946 1193
946 1195
471 1195
471 1198
361 1198
361 1194
341 1194
341 1199
384 1199
384 1203
334 1203
334 1205
556 1205
556 1200
664 1200
664 1197
908 1197
908 1201
1043 1201
1043 1208
973 1208
973 1210
713 1210
713 1213
301 1213
301 1215
297 1215
297 1207
348 1207
348 1206
286 1206
286 1202
281 1202
281 1204
276 1204
276 1223
277 1223
277 1225
252 1225
252 1226
291 1226
291 1216
623 1216
623 1218
826 1218
826 1222
821 1222
821 1219
760 1219
760 1220
727 1220
727 1233
725 1233
725 1234
687 1234
687 1240
610 1240
610 1242
598 1242
598 1235
332 1235
332 1238
401 1238
401 1236
532 1236
532 1237
416 1237
416 1243
559 1243
559 1254
557 1254
557 1260
622 1260
622 1258
639 1258
639 1253
605 1253
605 1250
662 1250
662 1251
686 1251
686 1246
751 1246
751 1221
790 1221
790 1229
848 1229
848 1214
803 1214
803 1211
1094 1211
1094 1196
966 1196
966 1164
1082 1164
1082 1163
1180 1163
1180 1152
1184 1152
1184 1104
1181 1104
1181 1102
1185 1102
1185 1085
1194 1085
1194 1098
1198 1098
1198 1107
1196 1107
1196 1109
1197 1109
1197 1150
1214 1150
1214 1153
1303 1153
1303 1149
1280 1149
1280 1140
1342 1140
1342 1144
1557 1144
1557 1148
1668 1148
1668 1137
1696 1137
1696 1141
1729 1141
1729 1128
1737 1128
1737 1154
1767 1154
1767 1146
1772 1146
1772 1157
1843 1157
1843 1172
1809 1172
1809 1176
1854 1176
1854 1160
1910 1160
1910 1191
1915 1191
1915 1159
1918 1159
1918 1230
1945 1230
1945 1241
1940 1241
1940 1248
1968 1248
1968 1247
1960 1247
1960 1224
1965 1224
1965 1217
1973 1217
1973 1249
1958 1249
1958 1263
1957 1263
1957 1273
1956 1273
1956 1269
1919 1269
1919 1281
1937 1281
1937 1294
1944 1294
1944 1355
1949 1355
1949 1364
1828 1364
1828 1363
1349 1363
1349 1366
734 1366
734 1368
831 1368
831 1367
1356 1367
1356 1369
972 1369
972 1371
417 1371
417 1374
352 1374
352 1382
367 1382
367 1383
1394 1383
1394 1385
1146 1385
1146 1386
415 1386
415 1394
328 1394
328 1393
295 1393
295 1384
227 1384
227 1370
215 1370
215 1362
469 1362
469 1360
546 1360
546 1361
932 1361
932 1357
839 1357
839 1348
945 1348
945 1353
870 1353
870 1349
852 1349
852 1354
1279 1354
1279 1356
1336 1356
1336 1319
1337 1319
1337 1315
1261 1315
1261 1312
1744 1312
1744 1305
1800 1305
1800 1303
1542 1303
1542 1301
1523 1301
1523 1302
864 1302
864 1304
1609 1304
1609 1311
1386 1311
1386 1308
1249 1308
1249 1344
1239 1344
1239 1346
1152 1346
1152 1341
1115 1341
1115 1333
1038 1333
1038 1334
949 1334
949 1325
952 1325
952 1320
938 1320
938 1316
922 1316
922 1318
493 1318
493 1322
385 1322
385 1307
403 1307
403 1300
394 1300
394 1306
357 1306
357 1309
278 1309
278 1310
354 1310
354 1321
345 1321
345 1313
261 1313
261 1314
225 1314
225 1317
208 1317
208 1329
228 1329
228 1335
251 1335
251 1332
289 1332
289 1324
364 1324
364 1326
601 1326
601 1327
324 1327
324 1328
441 1328
441 1331
787 1331
787 1330
668 1330
668 1323
917 1323
917 1337
942 1337
942 1336
1113 1336
1113 1340
939 1340
939 1342
1061 1342
1061 1345
1135 1345
1135 1352
995 1352
995 1350
963 1350
963 1347
741 1347
741 1343
833 1343
833 1338
202 1338
202 1449
192 1449
192 1448
165 1448
165 1443
138 1443
138 1437
188 1437
188 1436
73 1436
73 1439
21 1439
21 1452
15 1452
15 1489
25 1489
25 1466
26 1466
26 1441
128 1441
128 1451
66 1451
66 1446
64 1446
64 1445
39 1445
39 1442
37 1442
37 1474
38 1474
38 1480
41 1480
41 1472
56 1472
56 1457
113 1457
113 1483
131 1483
131 1459
156 1459
156 1475
154 1475
154 1482
180 1482
180 1468
196 1468
196 1458
203 1458
203 1339
666 1339
666 1351
777 1351
777 1358
529 1358
529 1359
214 1359
214 1454
216 1454
216 1481
240 1481
240 1423
244 1423
244 1418
234 1418
234 1403
284 1403
284 1432
257 1432
257 1434
272 1434
272 1487
280 1487
280 1695
274 1695
274 1762
282 1762
282 1782
254 1782
254 1802
262 1802
262 1831
260 1831
260 1804
253 1804
253 1814
239 1814
239 1819
201 1819
201 1834
267 1834
267 1978
264 1978
264 2162
242 2162
242 2156
238 2156
238 2102
241 2102
241 2098
263 2098
263 2083
247 2083
247 2058
236 2058
236 2158
233 2158
233 2168
235 2168
235 2289
258 2289
258 2328
269 2328
269 2347
220 2347
220 2391
218 2391
218 2384
219 2384
219 2282
209 2282
209 2220
223 2220
223 2188
178 2188
178 2179
169 2179
169 2206
171 2206
171 2230
168 2230
168 2191
146 2191
146 2172
145 2172
145 2303
121 2303
121 2131
120 2131
120 2247
119 2247
119 1718
150 1718
150 1631
160 1631
160 1639
166 1639
166 1625
177 1625
177 1612
143 1612
143 1606
173 1606
173 1594
159 1594
159 1589
125 1589
125 1605
92 1605
92 1611
85 1611
85 1667
62 1667
62 1666
63 1666
63 1637
33 1637
33 1638
49 1638
49 1650
40 1650
40 1677
71 1677
71 1687
69 1687
69 1694
101 1694
101 1685
99 1685
99 1629
107 1629
107 1622
122 1622
122 1640
136 1640
136 1628
137 1628
137 1712
111 1712
111 1711
115 1711
115 1696
110 1696
110 1698
106 1698
106 1701
112 1701
112 1710
95 1710
95 1747
89 1747
89 1839
87 1839
87 1882
82 1882
82 2049
84 2049
84 2108
93 2108
93 2010
88 2010
88 1852
91 1852
91 1793
98 1793
98 1985
102 1985
102 1743
103 1743
103 2199
100 2199
100 2134
97 2134
97 2147
94 2147
94 2237
90 2237
90 2154
83 2154
83 2211
86 2211
86 2306
96 2306
96 2279
109 2279
109 2042
108 2042
108 2118
104 2118
104 1971
114 1971
114 1746
118 1746
118 1944
116 1944
116 2302
105 2302
105 2354
134 2354
134 2333
149 2333
149 2293
163 2293
163 2265
147 2265
147 2234
164 2234
164 2266
187 2266
187 2207
193 2207
193 2208
205 2208
205 2334
212 2334
212 2407
194 2407
194 2379
191 2379
191 2408
207 2408
207 2411
206 2411
206 2483
213 2483
213 2484
217 2484
217 2474
229 2474
229 2440
226 2440
226 2427
224 2427
224 2434
211 2434
211 2414
230 2414
230 2410
255 2410
255 2394
231 2394
231 2373
250 2373
250 2356
275 2356
275 2360
296 2360
296 2350
338 2350
338 2387
340 2387
340 2388
362 2388
362 2372
399 2372
399 2300
407 2300
407 2295
418 2295
418 2253
405 2253
405 2251
426 2251
426 2312
443 2312
443 2369
540 2369
540 2281
544 2281
544 2362
545 2362
545 1822
553 1822
553 2043
558 2043
558 1899
566 1899
566 2046
569 2046
569 1939
571 1939
571 1874
573 1874
573 1715
591 1715
591 1751
602 1751
602 1962
600 1962
600 2009
606 2009
606 1755
609 1755
609 1855
634 1855
634 1907
651 1907
651 1877
654 1877
654 1865
655 1865
655 1875
657 1875
657 1854
643 1854
643 1835
632 1835
632 1832
627 1832
627 1791
621 1791
621 1823
616 1823
616 1764
633 1764
633 1726
604 1726
604 1728
613 1728
613 1739
593 1739
593 1693
631 1693
631 1663
641 1663
641 1706
659 1706
659 1632
648 1632
648 1618
674 1618
674 1654
712 1654
712 1657
702 1657
702 1659
706 1659
706 1703
740 1703
740 1717
745 1717
745 1722
759 1722
759 1729
756 1729
756 1733
763 1733
763 1716
771 1716
771 1817
779 1817
779 1821
783 1821
783 1700
788 1700
788 1690
773 1690
773 1682
769 1682
769 1681
723 1681
723 1614
731 1614
731 1560
749 1560
749 1597
747 1597
747 1602
755 1602
755 1600
754 1600
754 1511
744 1511
744 1538
743 1538
743 1519
738 1519
738 1493
770 1493
770 1501
765 1501
765 1504
834 1504
834 1502
784 1502
784 1498
954 1498
954 1497
829 1497
829 1496
1335 1496
1335 1499
940 1499
940 1500
1429 1500
1429 1513
1243 1513
1243 1520
1287 1520
1287 1523
1285 1523
1285 1535
1177 1535
1177 1532
1114 1532
1114 1528
1012 1528
1012 1529
825 1529
825 1517
799 1517
799 1522
795 1522
795 1579
855 1579
855 1587
807 1587
807 1608
789 1608
789 1683
801 1683
801 1617
810 1617
810 1592
814 1592
814 1692
812 1692
812 1730
816 1730
816 1699
823 1699
823 1763
840 1763
840 1828
791 1828
791 1833
832 1833
832 1934
813 1934
813 1959
800 1959
800 2060
804 2060
804 2151
815 2151
815 2161
969 2161
969 2165
920 2165
920 2164
843 2164
843 2184
865 2184
865 2174
892 2174
892 2176
901 2176
901 2169
918 2169
918 2187
957 2187
957 2209
971 2209
971 2210
907 2210
907 2196
906 2196
906 2193
905 2193
905 2213
904 2213
904 2241
838 2241
838 2242
885 2242
885 2243
792 2243
792 2270
819 2270
819 2248
877 2248
877 2244
935 2244
935 2318
924 2318
924 2336
933 2336
933 2331
950 2331
950 2345
1016 2345
1016 2342
982 2342
982 2332
1052 2332
1052 2326
1065 2326
1065 2343
1155 2343
1155 2352
1071 2352
1071 2370
1086 2370
1086 2359
1189 2359
1189 2341
1075 2341
1075 2335
1087 2335
1087 2327
1176 2327
1176 2325
1137 2325
1137 2321
964 2321
964 2323
953 2323
953 2319
951 2319
951 2298
943 2298
943 2262
1014 2262
1014 2240
1107 2240
1107 2239
926 2239
926 2217
1000 2217
1000 2186
1034 2186
1034 2178
997 2178
997 2170
1037 2170
1037 2167
1039 2167
1039 2160
850 2160
850 2155
851 2155
851 2150
805 2150
805 2117
853 2117
853 2113
828 2113
828 2088
818 2088
818 1948
841 1948
841 1913
846 1913
846 1757
824 1757
824 1675
836 1675
836 1669
830 1669
830 1635
820 1635
820 1591
893 1591
893 1586
897 1586
897 1563
891 1563
891 1550
856 1550
856 1539
1348 1539
1348 1536
1314 1536
1314 1514
1541 1514
1541 1495
927 1495
927 1492
729 1492
729 1494
717 1494
717 1503
704 1503
704 1527
719 1527
719 1533
737 1533
737 1555
720 1555
720 1623
718 1623
718 1626
701 1626
701 1652
698 1652
698 1649
675 1649
675 1616
577 1616
577 1619
630 1619
630 1647
617 1647
617 1653
583 1653
583 1620
432 1620
432 1624
567 1624
567 1627
582 1627
582 1670
587 1670
587 1680
572 1680
572 1836
554 1836
554 1775
541 1775
541 2192
537 2192
537 2292
528 2292
528 2225
527 2225
527 2329
533 2329
533 2346
523 2346
523 2294
519 2294
519 2222
517 2222
517 2307
516 2307
516 2348
505 2348
505 2351
504 2351
504 2364
539 2364
539 2365
482 2365
482 2366
450 2366
450 2340
470 2340
470 2275
453 2275
453 2255
433 2255
433 2254
434 2254
434 2226
392 2226
392 2286
389 2286
389 2324
391 2324
391 2330
390 2330
390 2355
393 2355
393 2267
395 2267
395 2349
396 2349
396 2358
353 2358
353 2339
325 2339
325 2337
279 2337
279 2322
294 2322
294 2309
265 2309
265 2288
237 2288
237 2200
243 2200
243 2182
259 2182
259 2163
266 2163
266 2120
271 2120
271 1926
270 1926
270 1824
273 1824
273 1801
256 1801
256 1786
285 1786
285 1645
283 1645
283 1486
292 1486
292 1485
287 1485
287 1429
343 1429
343 1428
350 1428
350 1412
299 1412
299 1401
288 1401
288 1400
914 1400
914 1399
863 1399
863 1398
232 1398
232 1397
524 1397
524 1392
549 1392
549 1389
999 1389
999 1388
1568 1388
1568 1387
1715 1387
1715 1381
439 1381
439 1375
1603 1375
1603 1373
1776 1373
1776 1372
1391 1372
1391 1365
1955 1365
1955 1284
1946 1284
1946 1280
1963 1280
1963 1255
1997 1255
1997 1209
1953 1209
1953 1227
1934 1227
1934 1168
1920 1168
1920 1156
1792 1156
1792 1139
1775 1139
1775 1124
1675 1124
1675 1132
1644 1132
1644 1138
1600 1138
1600 1136
1379 1136
1379 1135
1219 1135
1219 1126
1200 1126
1200 1084
1178 1084
1178 1158
1106 1158
1106 1162
930 1162
930 1169
881 1169
881 1185
857 1185
857 1183
699 1183
699 1181
552 1181
552 1177
339 1177
339 1100
368 1100
368 1088
355 1088
355 1072
594 1072
594 1071
333 1071
333 1066
612 1066
612 1065
414 1065
414 1062
576 1062
576 1048
625 1048
625 1037
844 1037
844 1026
866 1026
866 1023
880 1023
880 984
1443 984
1443 983
1029 983
1029 976
1371 976
1371 975
1578 975
1578 947
1468 947
1468 909
1317 909
1317 942
1269 942
1269 946
1277 946
1277 951
1081 951
1081 895
1069 895
1069 873
1150 873
1150 858
1151 858
1151 855
1042 855
1042 852
1131 852
1131 847
1067 847
1067 839
1161 839
1161 838
1057 838
1057 837
1070 837
1070 819
1060 819
1060 806
1076 806
1076 732
1080 732
1080 638
1023 638
1023 611
1053 611
1053 577
1009 577
1009 555
1030 555
1030 525
1027 525
1027 524
1024 524
1024 449
1021 449
1021 413
1019 413
1019 298
962 298
962 296
847 296
847 261
802 261
802 287
774 287
774 280
618 280
618 306
629 306
629 400
607 400
607 342
578 342
578 428
580 428
580 384
584 384
584 416
585 416
585 561
619 561
619 662
652 662
652 666
642 666
642 669
509 669
509 667
462 667
462 564
489 564
489 216
526 216
526 214
486 214
486 127
483 127
483 82
430 82
430 57
478 57
478 48
29 48
29 47
18 47
18 46
20 46
20 44
248 44
248 43
28 43
28 39
59 39
59 42
373 42
373 33
363 33
363 41
245 41
245 40
155 40
155 34
30 34
30 37
19 37
19 38
16 38
16 115
31 115
31 114
32 114
32 90
34 90
34 86
35 86
35 62
43 62
43 78
77 78
77 186
42 186
42 239
12 239
12 322
14 322
14 295
23 295
23 323
17 323
17 344
24 344
24 370
13 370
13 379
9 379
9 324
10 324
10 210
11 210
11 5
8 5
8 3
