748
1 3
1 4
3 4
3 54
6 54
6 113
4 113
4 251
7 251
7 394
22 394
22 492
27 492
27 241
36 241
36 343
51 343
51 374
45 374
45 457
47 457
47 585
48 585
48 514
52 514
52 461
53 461
53 448
55 448
55 339
44 339
44 289
46 289
46 252
57 252
57 218
58 218
58 318
60 318
60 215
50 215
50 188
70 188
70 187
74 187
74 234
72 234
72 303
75 303
75 333
65 333
65 386
67 386
67 423
76 423
76 426
129 426
129 430
140 430
140 437
123 437
123 512
124 512
124 649
148 649
148 629
185 629
185 641
222 641
222 615
210 615
210 626
221 626
221 631
197 631
197 624
199 624
199 620
158 620
158 604
135 604
135 593
139 593
139 580
153 580
153 570
142 570
142 551
162 551
162 521
175 521
175 543
190 543
190 537
186 537
186 459
183 459
183 401
182 401
182 444
181 444
181 403
176 403
176 469
172 469
172 450
170 450
170 337
179 337
179 369
195 369
195 377
200 377
200 309
198 309
198 340
184 340
184 325
174 325
174 273
167 273
167 491
152 491
152 502
157 502
157 539
161 539
161 547
151 547
151 545
141 545
141 494
130 494
130 442
144 442
144 422
80 422
80 207
81 207
81 169
79 169
79 99
78 99
78 76
54 76
54 59
117 59
117 55
126 55
126 58
132 58
132 56
189 56
189 50
356 50
356 49
402 49
402 51
382 51
382 53
421 53
421 65
378 65
378 64
307 64
307 67
133 67
133 66
127 66
127 68
61 68
61 70
330 70
330 71
323 71
323 79
337 79
337 72
371 72
371 87
326 87
326 96
366 96
366 97
398 97
398 107
370 107
370 112
369 112
369 190
365 190
365 196
377 196
377 270
375 270
375 291
360 291
360 317
359 317
359 284
344 284
344 341
358 341
358 355
372 355
372 293
383 293
383 250
379 250
379 192
381 192
381 212
404 212
404 350
410 350
410 286
425 286
425 383
429 383
429 257
428 257
428 269
406 269
406 208
387 208
387 132
397 132
397 130
411 130
411 120
409 120
409 73
386 73
386 69
412 69
412 172
419 172
419 174
424 174
424 142
422 142
422 92
444 92
444 105
449 105
449 104
481 104
481 136
485 136
485 219
476 219
476 222
488 222
488 548
460 548
460 542
448 542
448 606
447 606
447 263
457 263
457 232
438 232
438 245
445 245
445 402
437 402
437 597
442 597
442 623
446 623
446 622
452 622
452 584
455 584
455 646
440 646
440 661
456 661
456 676
707 676
707 670
695 670
695 672
681 672
681 664
656 664
656 656
624 656
624 558
636 558
636 550
672 550
672 536
586 536
586 347
595 347
595 417
628 417
628 454
589 454
589 455
637 455
637 378
646 378
646 345
649 345
649 330
653 330
653 320
661 320
661 389
694 389
694 391
709 391
709 395
742 395
742 382
735 382
735 388
677 388
677 380
676 380
676 372
691 372
691 359
669 359
669 349
670 349
670 285
766 285
766 299
811 299
811 276
835 276
835 302
931 302
931 311
714 311
714 312
785 312
785 328
796 328
796 329
842 329
842 315
793 315
793 313
1018 313
1018 361
1017 361
1017 418
1013 418
1013 424
998 424
998 409
978 409
978 406
989 406
989 405
1008 405
1008 364
1003 364
1003 352
1001 352
1001 399
968 399
968 429
956 429
956 435
959 435
959 485
1010 485
1010 490
1006 490
1006 588
1031 588
1031 592
994 592
994 642
1046 642
1046 651
1044 651
1044 743
1064 743
1064 750
1058 750
1058 764
1041 764
1041 774
1022 774
1022 805
1051 805
1051 810
988 810
988 814
1028 814
1028 815
975 815
975 605
976 605
976 658
980 658
980 736
979 736
979 808
981 808
981 552
977 552
977 520
990 520
990 496
992 496
992 486
974 486
974 569
970 569
970 533
961 533
961 540
955 540
955 560
958 560
958 565
967 565
967 820
1002 820
1002 824
1066 824
1066 834
1048 834
1048 840
1040 840
1040 891
1050 891
1050 938
1035 938
1035 922
912 922
912 929
882 929
882 927
883 927
883 918
868 918
868 910
685 910
685 912
678 912
678 911
538 911
538 915
548 915
548 919
597 919
597 925
673 925
673 923
638 923
638 921
696 921
696 935
502 935
502 936
484 936
484 945
503 945
503 940
508 940
508 939
525 939
525 937
703 937
703 916
721 916
721 926
772 926
772 914
700 914
700 913
817 913
817 924
794 924
794 933
887 933
887 930
996 930
996 954
936 954
936 949
934 949
934 950
916 950
916 956
797 956
797 962
919 962
919 958
899 958
899 957
1078 957
1078 959
1418 959
1418 953
1406 953
1406 920
1410 920
1410 917
1452 917
1452 943
1450 943
1450 931
1441 931
1441 952
1433 952
1433 955
1562 955
1562 973
854 973
854 972
837 972
837 970
1091 970
1091 969
1520 969
1520 968
1240 968
1240 967
806 967
806 992
809 992
809 1015
786 1015
786 1001
753 1001
753 980
752 980
752 997
750 997
750 994
697 994
697 999
683 999
683 1003
782 1003
782 1035
781 1035
781 1025
780 1025
780 1029
764 1029
764 1032
665 1032
665 1024
690 1024
690 1022
688 1022
688 1019
596 1019
596 1014
501 1014
501 1008
335 1008
335 1016
521 1016
521 1034
534 1034
534 1030
550 1030
550 1027
608 1027
608 1044
458 1044
458 1047
575 1047
575 1059
576 1059
576 1048
625 1048
625 1037
844 1037
844 1026
866 1026
866 1023
880 1023
880 984
1443 984
1443 983
1029 983
1029 976
1371 976
1371 975
1578 975
1578 947
1468 947
1468 909
1317 909
1317 942
1269 942
1269 946
1277 946
1277 951
1081 951
1081 895
1069 895
1069 873
1150 873
1150 858
1151 858
1151 855
1042 855
1042 852
1131 852
1131 847
1067 847
1067 839
1161 839
1161 838
1057 838
1057 837
1070 837
1070 819
1060 819
1060 806
1076 806
1076 732
1080 732
1080 638
1023 638
1023 611
1053 611
1053 577
1009 577
1009 555
1030 555
1030 525
1027 525
1027 524
1024 524
1024 449
1021 449
1021 413
1019 413
1019 298
962 298
962 296
847 296
847 261
802 261
802 287
774 287
774 280
618 280
618 306
629 306
629 400
607 400
607 342
578 342
578 428
580 428
580 384
584 384
584 416
585 416
585 561
619 561
619 662
652 662
652 666
642 666
642 669
509 669
509 667
462 667
462 564
489 564
489 216
526 216
526 214
486 214
486 127
483 127
483 82
430 82
430 57
478 57
478 48
29 48
29 47
18 47
18 46
20 46
20 44
248 44
248 43
28 43
28 39
59 39
59 42
373 42
373 33
363 33
363 41
245 41
245 40
155 40
155 34
30 34
30 37
19 37
19 38
16 38
16 115
31 115
31 114
32 114
32 90
34 90
34 86
35 86
35 62
43 62
43 78
77 78
77 186
42 186
42 239
12 239
12 322
14 322
14 295
23 295
23 323
17 323
17 344
24 344
24 370
13 370
13 379
9 379
9 324
10 324
10 210
11 210
11 5
8 5
8 3
