298
136 1
136 2
113 2
113 7
103 7
103 9
120 9
120 13
117 13
117 19
110 19
110 30
101 30
101 37
100 37
100 27
89 27
89 39
86 39
86 6
81 6
81 4
80 4
80 35
60 35
60 32
71 32
71 31
69 31
69 25
76 25
76 29
78 29
78 24
79 24
79 23
61 23
61 22
67 22
67 11
42 11
42 14
6 14
6 10
13 10
13 8
1 8
1 18
7 18
7 21
46 21
46 28
47 28
47 16
48 16
48 47
12 47
12 46
28 46
28 45
10 45
10 42
9 42
9 44
5 44
5 48
11 48
11 49
49 49
49 33
50 33
50 12
55 12
55 20
59 20
59 26
53 26
53 36
58 36
58 40
64 40
64 43
123 43
123 41
93 41
93 38
133 38
133 17
124 17
124 3
148 3
148 34
147 34
147 51
138 51
138 50
75 50
75 52
105 52
105 56
104 56
104 57
91 57
91 59
88 59
88 60
106 60
106 61
63 61
63 84
77 84
77 88
62 88
62 82
56 82
56 94
70 94
70 99
82 99
82 90
83 90
83 69
85 69
85 75
87 75
87 77
92 77
92 81
94 81
94 100
90 100
90 111
72 111
72 109
84 109
84 106
68 106
68 115
65 115
65 122
66 122
66 138
35 138
35 132
38 132
38 110
39 110
39 113
40 113
40 91
45 91
45 83
44 83
44 62
30 62
30 64
36 64
36 70
27 70
27 66
14 66
14 72
16 72
16 74
20 74
20 78
25 78
25 79
32 79
32 76
41 76
41 85
24 85
24 108
21 108
21 112
22 112
22 127
19 127
19 123
18 123
18 80
17 80
17 121
15 121
15 147
8 147
8 146
2 146
2 148
3 148
3 149
23 149
23 130
26 130
26 92
29 92
29 86
37 86
37 104
34 104
34 101
31 101
31 116
33 116
33 150
43 150
43 140
51 140
51 142
52 142
52 144
54 144
54 141
57 141
57 145
73 145
73 119
74 119
74 114
97 114
97 143
102 143
102 120
99 120
99 118
98 118
98 95
96 95
96 68
95 68
95 63
115 63
115 65
112 65
112 67
108 67
108 117
109 117
109 105
111 105
111 71
116 71
116 93
126 93
126 107
131 107
131 102
139 102
139 124
140 124
140 136
135 136
135 126
121 126
121 125
114 125
114 128
132 128
132 133
130 133
130 129
122 129
122 131
125 131
125 134
128 134
128 139
141 139
141 103
142 103
142 135
145 135
145 137
146 137
146 97
143 97
143 89
134 89
134 98
129 98
129 96
127 96
127 87
119 87
119 73
118 73
118 58
107 58
107 53
137 53
137 54
144 54
144 55
150 55
150 15
149 15
149 1
