252
1 1
1 16
2 16
2 5
6 5
6 30
5 30
5 25
3 25
3 81
4 81
4 108
7 108
7 42
8 42
8 51
10 51
10 37
11 37
11 121
13 121
13 109
12 109
12 61
17 61
17 138
15 138
15 140
9 140
9 150
116 150
116 145
133 145
133 188
132 188
132 183
117 183
117 180
121 180
121 178
126 178
126 176
107 176
107 164
98 164
98 161
56 161
56 160
58 160
58 155
50 155
50 159
46 159
46 173
41 173
41 182
47 182
47 190
45 190
45 192
43 192
43 194
63 194
63 196
62 196
62 197
44 197
44 199
94 199
94 198
95 198
95 177
88 177
88 185
82 185
82 195
78 195
78 191
67 191
67 193
61 193
61 186
49 186
49 174
51 174
51 165
53 165
53 167
69 167
69 163
85 163
85 162
93 162
93 166
99 166
99 184
104 184
104 187
106 187
106 189
134 189
134 144
90 144
90 148
74 148
74 147
76 147
76 143
48 143
48 149
32 149
32 146
19 146
19 139
38 139
38 117
40 117
40 135
42 135
42 114
37 114
37 133
36 133
36 137
35 137
35 102
39 102
39 100
52 100
52 101
89 101
89 119
125 119
125 120
124 120
124 129
66 129
66 126
103 126
103 124
54 124
54 136
55 136
55 128
64 128
64 132
83 132
83 130
122 130
122 134
129 134
129 122
146 122
146 142
138 142
138 154
135 154
135 172
156 172
156 169
157 169
157 175
158 175
158 181
161 181
161 179
160 179
160 168
148 168
148 170
144 170
144 171
141 171
141 157
143 157
143 156
159 156
159 153
162 153
162 151
155 151
155 85
153 85
153 59
152 59
152 66
150 66
150 131
147 131
147 76
127 76
127 67
115 67
115 62
118 62
118 54
130 54
130 52
105 52
105 70
101 70
101 71
87 71
87 73
72 73
72 65
81 65
81 49
80 49
80 40
102 40
102 31
91 31
91 34
59 34
59 44
60 44
60 53
65 53
65 47
70 47
70 74
77 74
77 77
145 77
145 91
140 91
140 103
136 103
136 104
113 104
113 111
142 111
142 113
112 113
112 112
109 112
109 110
100 110
100 106
97 106
97 99
23 99
23 118
18 118
18 32
14 32
14 3
33 3
33 2
24 2
24 1
