264
177 733
177 814
175 814
175 833
166 833
166 879
176 879
176 1194
180 1194
180 1386
179 1386
179 1743
162 1743
162 1754
159 1754
159 1761
137 1761
137 1801
127 1801
127 1524
130 1524
130 1192
128 1192
128 1083
129 1083
129 1053
134 1053
134 1003
126 1003
126 1242
125 1242
125 1432
111 1432
111 1046
118 1046
118 1259
122 1259
122 963
113 963
113 951
163 951
163 824
145 824
145 825
153 825
153 835
151 835
151 847
148 847
148 864
147 864
147 897
144 897
144 863
140 863
140 911
155 911
155 881
156 881
156 936
124 936
124 922
112 922
112 907
131 907
131 904
109 904
109 1228
110 1228
110 1500
114 1500
114 1529
115 1529
115 1555
119 1555
119 1589
120 1589
120 1552
121 1552
121 1469
123 1469
123 1804
135 1804
135 1806
23 1806
23 1818
51 1818
51 1847
26 1847
26 1849
8 1849
8 1766
2 1766
2 1752
1 1752
1 1900
7 1900
7 1904
11 1904
11 1905
107 1905
107 1899
141 1899
141 1893
78 1893
78 1887
88 1887
88 1886
136 1886
136 1873
142 1873
142 1866
116 1866
116 1883
80 1883
80 1881
9 1881
9 1856
92 1856
92 1845
96 1845
96 1880
108 1880
108 1825
83 1825
83 1821
117 1821
117 1826
132 1826
132 1860
133 1860
133 1817
100 1817
100 1808
139 1808
139 1820
150 1820
150 1815
149 1815
149 1813
167 1813
167 1799
143 1799
143 1787
146 1787
146 1792
161 1792
161 1784
192 1784
192 1769
185 1769
185 1681
182 1681
182 1316
181 1316
181 860
178 860
178 853
188 853
188 1760
190 1760
190 778
183 778
183 741
194 741
194 811
191 811
191 830
199 830
199 839
209 839
209 898
210 898
210 990
263 990
263 1047
256 1047
256 1067
198 1067
198 1076
203 1076
203 1219
204 1219
204 1345
208 1345
208 1474
215 1474
215 1385
220 1385
220 1587
235 1587
235 1408
237 1408
237 1396
238 1396
238 1679
240 1679
240 1669
257 1669
257 1665
258 1665
258 1671
259 1671
259 1675
261 1675
261 1668
286 1668
286 1698
287 1698
287 1654
280 1654
280 1629
294 1629
294 1615
272 1615
272 1613
304 1613
304 1611
339 1611
339 1610
246 1610
246 1635
253 1635
253 1637
239 1637
239 1336
231 1336
231 1546
226 1546
226 1319
205 1319
205 1077
207 1077
207 1074
374 1074
374 1065
405 1065
405 1062
484 1062
484 1059
264 1059
264 987
254 987
254 984
219 984
219 982
283 982
283 981
338 981
338 974
251 974
251 971
211 971
211 855
213 855
213 829
200 829
200 775
197 775
197 763
202 763
202 753
218 753
218 733
