980
831 9
831 24
829 24
829 34
812 34
812 102
809 102
809 98
782 98
782 146
789 146
789 147
784 147
784 164
785 164
785 148
788 148
788 161
793 161
793 268
801 268
801 490
646 490
646 532
665 532
665 564
631 564
631 571
603 571
603 568
485 568
485 570
449 570
449 576
596 576
596 573
643 573
643 580
659 580
659 575
729 575
729 615
716 615
716 658
694 658
694 649
705 649
705 601
565 601
565 701
491 701
491 703
168 703
168 728
170 728
170 723
177 723
177 814
175 814
175 833
166 833
166 879
176 879
176 1194
180 1194
180 1386
179 1386
179 1743
162 1743
162 1754
159 1754
159 1761
137 1761
137 1801
127 1801
127 1524
130 1524
130 1192
128 1192
128 1083
129 1083
129 1053
134 1053
134 1003
126 1003
126 1242
125 1242
125 1432
111 1432
111 1046
118 1046
118 1259
122 1259
122 963
113 963
113 951
163 951
163 824
145 824
145 825
153 825
153 835
151 835
151 847
148 847
148 864
147 864
147 897
144 897
144 863
140 863
140 911
155 911
155 881
156 881
156 936
124 936
124 922
112 922
112 907
131 907
131 904
109 904
109 1228
110 1228
110 1500
114 1500
114 1529
115 1529
115 1555
119 1555
119 1589
120 1589
120 1552
121 1552
121 1469
123 1469
123 1804
135 1804
135 1806
23 1806
23 1818
51 1818
51 1847
26 1847
26 1849
8 1849
8 1766
2 1766
2 1752
1 1752
1 1900
7 1900
7 1904
11 1904
11 1905
107 1905
107 1899
141 1899
141 1893
78 1893
78 1887
88 1887
88 1886
136 1886
136 1873
142 1873
142 1866
116 1866
116 1883
80 1883
80 1881
9 1881
9 1856
92 1856
92 1845
96 1845
96 1880
108 1880
108 1825
83 1825
83 1821
117 1821
117 1826
132 1826
132 1860
133 1860
133 1817
100 1817
100 1808
139 1808
139 1820
150 1820
150 1815
149 1815
149 1813
167 1813
167 1799
143 1799
143 1787
146 1787
146 1792
161 1792
161 1784
192 1784
192 1769
185 1769
185 1681
182 1681
182 1316
181 1316
181 860
178 860
178 853
188 853
188 1760
190 1760
190 778
183 778
183 741
194 741
194 811
191 811
191 830
199 830
199 839
209 839
209 898
210 898
210 990
263 990
263 1047
256 1047
256 1067
198 1067
198 1076
203 1076
203 1219
204 1219
204 1345
208 1345
208 1474
215 1474
215 1385
220 1385
220 1587
235 1587
235 1408
237 1408
237 1396
238 1396
238 1679
240 1679
240 1669
257 1669
257 1665
258 1665
258 1671
259 1671
259 1675
261 1675
261 1668
286 1668
286 1698
287 1698
287 1654
280 1654
280 1629
294 1629
294 1615
272 1615
272 1613
304 1613
304 1611
327 1611
327 1655
324 1655
324 1705
298 1705
298 1720
300 1720
300 1750
313 1750
313 1798
337 1798
337 1748
333 1748
333 1697
339 1697
339 1610
291 1610
291 1590
276 1590
276 1483
290 1483
290 1502
320 1502
320 1505
326 1505
326 1475
371 1475
371 1464
380 1464
380 1531
386 1531
386 1785
396 1785
396 1811
278 1811
278 1832
312 1832
312 1841
292 1841
292 1865
206 1865
206 1869
289 1869
289 1871
262 1871
262 1889
266 1889
266 1897
384 1897
384 1903
299 1903
299 1910
389 1910
389 1892
408 1892
408 1885
385 1885
385 1882
344 1882
344 1895
275 1895
275 1875
307 1875
307 1877
325 1877
325 1868
310 1868
310 1859
341 1859
341 1861
393 1861
393 1876
394 1876
394 1870
434 1870
434 1843
439 1843
439 1863
440 1863
440 1839
420 1839
420 1852
335 1852
335 1853
316 1853
316 1830
297 1830
297 1814
365 1814
365 1829
399 1829
399 1789
404 1789
404 1782
456 1782
456 1772
493 1772
493 1854
471 1854
471 1864
461 1864
461 1888
455 1888
455 1890
475 1890
475 1901
494 1901
494 1739
469 1739
469 1764
462 1764
462 1755
458 1755
458 1768
425 1768
425 1771
446 1771
446 1773
454 1773
454 1775
388 1775
388 1649
428 1649
428 1642
430 1642
430 1599
406 1599
406 1548
414 1548
414 1512
444 1512
444 1509
489 1509
489 1489
481 1489
481 1506
423 1506
423 1471
403 1471
403 1493
383 1493
383 1459
391 1459
391 1405
369 1405
369 1366
368 1366
368 1270
373 1270
373 1269
356 1269
356 1252
346 1252
346 1243
332 1243
332 1215
347 1215
347 1178
350 1178
350 1196
352 1196
352 1184
360 1184
360 1169
376 1169
376 1163
452 1163
452 1165
416 1165
416 1214
442 1214
442 1260
467 1260
467 1262
474 1262
474 1229
470 1229
470 1197
422 1197
422 1189
432 1189
432 1180
503 1180
503 1166
549 1166
549 1218
561 1218
561 1237
522 1237
522 1240
531 1240
531 1284
538 1284
538 1290
526 1290
526 1287
512 1287
512 1359
529 1359
529 1326
544 1326
544 1313
554 1313
554 1271
566 1271
566 1268
551 1268
551 1267
563 1267
563 1205
560 1205
560 1152
541 1152
541 1160
536 1160
536 1142
525 1142
525 1153
511 1153
511 1161
487 1161
487 1156
453 1156
453 1157
424 1157
424 1155
355 1155
355 1162
328 1162
328 1223
330 1223
330 1245
318 1245
318 1255
314 1255
314 1285
319 1285
319 1321
349 1321
349 1339
367 1339
367 1433
381 1433
381 1449
334 1449
334 1442
273 1442
273 1572
274 1572
274 1609
265 1609
265 1569
248 1569
248 1501
268 1501
268 1457
260 1457
260 1470
249 1470
249 1496
246 1496
246 1635
253 1635
253 1637
239 1637
239 1336
231 1336
231 1546
226 1546
226 1319
205 1319
205 1077
207 1077
207 1074
374 1074
374 1065
405 1065
405 1062
484 1062
484 1055
473 1055
473 1057
359 1057
359 1059
264 1059
264 987
254 987
254 984
219 984
219 982
283 982
283 981
338 981
338 949
342 949
342 1021
336 1021
336 1027
315 1027
315 1014
302 1014
302 1035
301 1035
301 1050
348 1050
348 1013
366 1013
366 1054
370 1054
370 1024
382 1024
382 1045
397 1045
397 1011
353 1011
353 985
345 985
345 947
411 947
411 959
400 959
400 965
421 965
421 997
441 997
441 935
433 935
433 934
309 934
309 961
303 961
303 969
288 969
288 974
251 974
251 971
211 971
211 855
212 855
212 888
214 888
214 862
213 862
213 829
200 829
200 775
197 775
197 763
202 763
202 753
216 753
216 799
218 799
218 733
227 733
227 710
438 710
438 705
585 705
585 672
593 672
593 650
581 650
581 604
702 604
702 630
683 630
683 627
667 627
667 662
725 662
725 646
732 646
732 562
674 562
674 554
678 554
678 524
662 524
662 498
661 498
661 494
663 494
663 497
736 497
736 514
740 514
740 511
762 511
762 495
755 495
755 492
763 492
763 491
804 491
804 361
802 361
802 195
794 195
794 101
808 101
808 107
819 107
819 78
821 78
821 106
828 106
828 96
830 96
830 90
832 90
832 11
866 11
866 18
955 18
955 17
1334 17
1334 28
1358 28
1358 58
1281 58
1281 97
1282 97
1282 99
1316 99
1316 108
1283 108
1283 398
1286 398
1286 764
1287 764
1287 448
1302 448
1302 945
1301 945
1301 946
1277 946
1277 916
1248 916
1248 749
1256 749
1256 690
1257 690
1257 660
1253 660
1253 637
1252 637
1252 592
1240 592
1240 594
1243 594
1243 697
1245 697
1245 794
1247 794
1247 850
1239 850
1239 120
1241 120
1241 134
1264 134
1264 298
1263 298
1263 384
1265 384
1265 510
1266 510
1266 420
1270 420
1270 617
1271 617
1271 633
1272 633
1272 300
1274 300
1274 280
1269 280
1269 338
1267 338
1267 126
1254 126
1254 110
1231 110
1231 116
1242 116
1242 119
1233 119
1233 475
1232 475
1232 727
1235 727
1235 239
1236 239
1236 414
1238 414
1238 480
1237 480
1237 896
1244 896
1244 956
1251 956
1251 925
1276 925
1276 977
1275 977
1275 1009
1280 1009
1280 1016
1294 1016
1294 1015
1297 1015
1297 993
1278 993
1278 968
1303 968
1303 647
1304 647
1304 978
1309 978
1309 1028
1312 1028
1312 929
1313 929
1313 844
1314 844
1314 324
1311 324
1311 257
1323 257
1323 279
1321 279
1321 297
1319 297
1319 305
1317 305
1317 454
1315 454
1315 484
1326 484
1326 466
1324 466
1324 450
1318 450
1318 405
1328 405
1328 255
1332 255
1332 307
1331 307
1331 431
1337 431
1337 474
1338 474
1338 1008
1340 1008
1340 891
1344 891
1344 866
1387 866
1387 849
1385 849
1385 638
1388 638
1388 722
1389 722
1389 721
1417 721
1417 877
1414 877
1414 889
1416 889
1416 1040
1415 1040
1415 1041
1418 1041
1418 921
1419 921
1419 720
1421 720
1421 872
1422 872
1422 836
1423 836
1423 766
1435 766
1435 809
1477 809
1477 801
1480 801
1480 785
1467 785
1467 745
1466 745
1466 804
1459 804
1459 767
1441 767
1441 757
1438 757
1438 729
1428 729
1428 713
1436 713
1436 644
1481 644
1481 681
1490 681
1490 643
1498 643
1498 761
1499 761
1499 806
1500 806
1500 754
1504 754
1504 920
1484 920
1484 976
1488 976
1488 964
1501 964
1501 933
1510 933
1510 893
1513 893
1513 884
1531 884
1531 874
1505 874
1505 800
1506 800
1506 707
1511 707
1511 642
1430 642
1430 702
1411 702
1411 715
1405 715
1405 696
1401 696
1401 661
1398 661
1398 631
1380 631
1380 748
1377 748
1377 773
1378 773
1378 858
1368 858
1368 865
1352 865
1352 828
1339 828
1339 380
1336 380
1336 374
1335 374
1335 213
1292 213
1292 411
1300 411
1300 360
1306 360
1306 717
1310 717
1310 776
1305 776
1305 413
1289 413
1289 309
1284 309
1284 163
1285 163
1285 137
1288 137
1288 129
1291 129
1291 125
1402 125
1402 118
1296 118
1296 117
1320 117
1320 105
1325 105
1325 92
1407 92
1407 91
1307 91
1307 87
1345 87
1345 83
1308 83
1308 70
1365 70
1365 55
1379 55
1379 46
1413 46
1413 22
1355 22
1355 16
971 16
971 9
