2530
831 9
831 24
829 24
829 34
812 34
812 102
809 102
809 98
782 98
782 146
789 146
789 147
784 147
784 164
785 164
785 148
788 148
788 161
793 161
793 268
801 268
801 490
646 490
646 532
665 532
665 564
631 564
631 571
603 571
603 568
485 568
485 570
449 570
449 576
596 576
596 573
643 573
643 580
659 580
659 575
729 575
729 615
716 615
716 658
694 658
694 649
705 649
705 601
565 601
565 701
491 701
491 703
168 703
168 728
170 728
170 723
177 723
177 814
175 814
175 833
166 833
166 879
176 879
176 1194
180 1194
180 1386
179 1386
179 1743
162 1743
162 1754
159 1754
159 1761
137 1761
137 1801
127 1801
127 1524
130 1524
130 1192
128 1192
128 1083
129 1083
129 1053
134 1053
134 1003
126 1003
126 1242
125 1242
125 1432
111 1432
111 1046
118 1046
118 1259
122 1259
122 963
113 963
113 951
163 951
163 824
145 824
145 825
153 825
153 835
151 835
151 847
148 847
148 864
147 864
147 897
144 897
144 863
140 863
140 911
155 911
155 881
156 881
156 936
124 936
124 922
112 922
112 907
131 907
131 904
109 904
109 1228
110 1228
110 1500
114 1500
114 1529
115 1529
115 1555
119 1555
119 1589
120 1589
120 1552
121 1552
121 1469
123 1469
123 1804
135 1804
135 1806
23 1806
23 1818
51 1818
51 1847
26 1847
26 1849
8 1849
8 1766
2 1766
2 1752
1 1752
1 1900
7 1900
7 1904
11 1904
11 1905
107 1905
107 1899
141 1899
141 1893
78 1893
78 1887
88 1887
88 1886
136 1886
136 1873
142 1873
142 1866
116 1866
116 1883
80 1883
80 1881
9 1881
9 1856
92 1856
92 1845
96 1845
96 1880
108 1880
108 1825
83 1825
83 1821
117 1821
117 1826
132 1826
132 1860
133 1860
133 1817
100 1817
100 1808
139 1808
139 1820
150 1820
150 1815
149 1815
149 1813
167 1813
167 1799
143 1799
143 1787
146 1787
146 1792
161 1792
161 1784
192 1784
192 1769
185 1769
185 1681
182 1681
182 1316
181 1316
181 860
178 860
178 853
188 853
188 1760
190 1760
190 778
183 778
183 741
194 741
194 811
191 811
191 830
199 830
199 839
209 839
209 898
210 898
210 990
263 990
263 1047
256 1047
256 1067
198 1067
198 1076
203 1076
203 1219
204 1219
204 1345
208 1345
208 1474
215 1474
215 1385
220 1385
220 1587
235 1587
235 1408
237 1408
237 1396
238 1396
238 1679
240 1679
240 1669
257 1669
257 1665
258 1665
258 1671
259 1671
259 1675
261 1675
261 1668
286 1668
286 1698
287 1698
287 1654
280 1654
280 1629
294 1629
294 1615
272 1615
272 1613
304 1613
304 1611
327 1611
327 1655
324 1655
324 1705
298 1705
298 1720
300 1720
300 1750
313 1750
313 1798
337 1798
337 1748
333 1748
333 1697
339 1697
339 1610
291 1610
291 1590
276 1590
276 1483
290 1483
290 1502
320 1502
320 1505
326 1505
326 1475
371 1475
371 1464
380 1464
380 1531
386 1531
386 1785
396 1785
396 1811
278 1811
278 1832
312 1832
312 1841
292 1841
292 1865
206 1865
206 1869
289 1869
289 1871
262 1871
262 1889
266 1889
266 1897
384 1897
384 1903
299 1903
299 1910
389 1910
389 1892
408 1892
408 1885
385 1885
385 1882
344 1882
344 1895
275 1895
275 1875
307 1875
307 1877
325 1877
325 1868
310 1868
310 1859
341 1859
341 1861
393 1861
393 1876
394 1876
394 1870
434 1870
434 1843
439 1843
439 1863
440 1863
440 1839
420 1839
420 1852
335 1852
335 1853
316 1853
316 1830
297 1830
297 1814
365 1814
365 1829
399 1829
399 1789
404 1789
404 1782
456 1782
456 1772
493 1772
493 1854
471 1854
471 1864
461 1864
461 1888
455 1888
455 1890
475 1890
475 1901
494 1901
494 1739
469 1739
469 1764
462 1764
462 1755
458 1755
458 1768
425 1768
425 1771
446 1771
446 1773
454 1773
454 1775
388 1775
388 1649
428 1649
428 1642
430 1642
430 1599
406 1599
406 1548
414 1548
414 1512
444 1512
444 1509
489 1509
489 1489
481 1489
481 1506
423 1506
423 1471
403 1471
403 1493
383 1493
383 1459
391 1459
391 1405
369 1405
369 1366
368 1366
368 1270
373 1270
373 1269
356 1269
356 1252
346 1252
346 1243
332 1243
332 1215
347 1215
347 1178
350 1178
350 1196
352 1196
352 1184
360 1184
360 1169
376 1169
376 1163
452 1163
452 1165
416 1165
416 1214
442 1214
442 1260
467 1260
467 1262
474 1262
474 1229
470 1229
470 1197
422 1197
422 1189
432 1189
432 1180
503 1180
503 1166
549 1166
549 1218
561 1218
561 1237
522 1237
522 1240
531 1240
531 1284
538 1284
538 1290
526 1290
526 1287
512 1287
512 1359
529 1359
529 1326
544 1326
544 1313
554 1313
554 1271
566 1271
566 1268
551 1268
551 1267
563 1267
563 1205
560 1205
560 1152
541 1152
541 1160
536 1160
536 1142
525 1142
525 1153
511 1153
511 1161
487 1161
487 1156
453 1156
453 1157
424 1157
424 1155
355 1155
355 1162
328 1162
328 1223
330 1223
330 1245
318 1245
318 1255
314 1255
314 1285
319 1285
319 1321
349 1321
349 1339
367 1339
367 1433
381 1433
381 1449
334 1449
334 1442
273 1442
273 1572
274 1572
274 1609
265 1609
265 1569
248 1569
248 1501
268 1501
268 1457
260 1457
260 1470
249 1470
249 1496
246 1496
246 1635
253 1635
253 1637
239 1637
239 1336
231 1336
231 1546
226 1546
226 1319
205 1319
205 1077
207 1077
207 1074
374 1074
374 1065
405 1065
405 1062
484 1062
484 1055
473 1055
473 1057
359 1057
359 1059
264 1059
264 987
254 987
254 984
219 984
219 982
283 982
283 981
338 981
338 949
342 949
342 1021
336 1021
336 1027
315 1027
315 1014
302 1014
302 1035
301 1035
301 1050
348 1050
348 1013
366 1013
366 1054
370 1054
370 1024
382 1024
382 1045
397 1045
397 1011
353 1011
353 985
345 985
345 947
411 947
411 959
400 959
400 965
421 965
421 997
441 997
441 935
433 935
433 934
309 934
309 961
303 961
303 969
288 969
288 974
251 974
251 971
211 971
211 855
212 855
212 888
214 888
214 862
213 862
213 829
200 829
200 775
197 775
197 763
202 763
202 753
216 753
216 799
218 799
218 733
227 733
227 710
438 710
438 705
585 705
585 672
593 672
593 650
581 650
581 604
702 604
702 630
683 630
683 627
667 627
667 662
725 662
725 646
732 646
732 562
674 562
674 554
678 554
678 524
662 524
662 498
661 498
661 494
663 494
663 497
736 497
736 514
740 514
740 511
762 511
762 495
755 495
755 492
763 492
763 491
804 491
804 361
802 361
802 195
794 195
794 101
808 101
808 107
819 107
819 78
821 78
821 106
828 106
828 96
830 96
830 90
832 90
832 11
866 11
866 18
955 18
955 17
1334 17
1334 28
1358 28
1358 58
1281 58
1281 97
1282 97
1282 99
1316 99
1316 108
1283 108
1283 398
1286 398
1286 764
1287 764
1287 448
1302 448
1302 945
1301 945
1301 946
1277 946
1277 916
1248 916
1248 749
1256 749
1256 690
1257 690
1257 660
1253 660
1253 637
1252 637
1252 592
1240 592
1240 594
1243 594
1243 697
1245 697
1245 794
1247 794
1247 850
1239 850
1239 120
1241 120
1241 134
1264 134
1264 298
1263 298
1263 384
1265 384
1265 510
1266 510
1266 420
1270 420
1270 617
1271 617
1271 633
1272 633
1272 300
1274 300
1274 280
1269 280
1269 338
1267 338
1267 126
1254 126
1254 110
1231 110
1231 116
1242 116
1242 119
1233 119
1233 475
1232 475
1232 727
1235 727
1235 239
1236 239
1236 414
1238 414
1238 480
1237 480
1237 896
1244 896
1244 956
1251 956
1251 925
1276 925
1276 977
1275 977
1275 1009
1280 1009
1280 1016
1294 1016
1294 1015
1297 1015
1297 993
1278 993
1278 968
1303 968
1303 647
1304 647
1304 978
1309 978
1309 1028
1312 1028
1312 929
1313 929
1313 844
1314 844
1314 324
1311 324
1311 257
1323 257
1323 279
1321 279
1321 297
1319 297
1319 305
1317 305
1317 454
1315 454
1315 484
1326 484
1326 466
1324 466
1324 450
1318 450
1318 405
1328 405
1328 255
1332 255
1332 307
1331 307
1331 431
1337 431
1337 474
1338 474
1338 1008
1340 1008
1340 891
1344 891
1344 866
1387 866
1387 849
1385 849
1385 638
1388 638
1388 722
1389 722
1389 721
1417 721
1417 877
1414 877
1414 889
1416 889
1416 1040
1415 1040
1415 1041
1418 1041
1418 921
1419 921
1419 720
1421 720
1421 872
1422 872
1422 836
1423 836
1423 766
1435 766
1435 809
1477 809
1477 801
1480 801
1480 785
1467 785
1467 745
1466 745
1466 804
1459 804
1459 767
1441 767
1441 757
1438 757
1438 729
1428 729
1428 713
1436 713
1436 644
1481 644
1481 681
1490 681
1490 643
1498 643
1498 761
1499 761
1499 806
1500 806
1500 754
1504 754
1504 920
1484 920
1484 976
1471 976
1471 1049
1469 1049
1469 1051
1479 1051
1479 1056
1427 1056
1427 1134
1433 1134
1433 1195
1434 1195
1434 1188
1439 1188
1439 1122
1447 1122
1447 1098
1449 1098
1449 1389
1445 1389
1445 1674
1442 1674
1442 1558
1443 1558
1443 1373
1437 1373
1437 1647
1440 1647
1440 1691
1429 1691
1429 1652
1386 1652
1386 1596
1391 1596
1391 1606
1393 1606
1393 1595
1396 1595
1396 1631
1410 1631
1410 1591
1390 1591
1390 1568
1373 1568
1373 1565
1369 1565
1369 1521
1376 1521
1376 1519
1395 1519
1395 1517
1392 1517
1392 1515
1279 1515
1279 1516
1261 1516
1261 1544
1298 1544
1298 1547
1327 1547
1327 1601
1343 1601
1343 1554
1333 1554
1333 1520
1350 1520
1350 1578
1356 1578
1356 1533
1364 1533
1364 1557
1367 1557
1367 1593
1363 1593
1363 1630
1362 1630
1362 1619
1258 1619
1258 1632
1375 1632
1375 1712
1382 1712
1382 1735
1381 1735
1381 1716
1260 1716
1260 1758
1273 1758
1273 1770
1330 1770
1330 1759
1295 1759
1295 1736
1420 1736
1420 1709
1448 1709
1448 1452
1450 1452
1450 1096
1451 1096
1451 1278
1453 1278
1453 1350
1452 1350
1452 1809
1455 1809
1455 1823
1412 1823
1412 1836
1409 1836
1409 1902
1424 1902
1424 1835
1464 1835
1464 1827
1465 1827
1465 1795
1472 1795
1472 1774
1463 1774
1463 1783
1462 1783
1462 1731
1475 1731
1475 1855
1474 1855
1474 1907
1487 1907
1487 1926
1767 1926
1767 1924
1610 1924
1610 1923
1813 1923
1813 1927
1801 1927
1801 1941
1814 1941
1814 1935
1829 1935
1829 2004
1823 2004
1823 2002
1807 2002
1807 1971
1740 1971
1740 1943
1687 1943
1687 2077
1160 2077
1160 2074
1624 2074
1624 2073
1299 2073
1299 2066
1246 2066
1246 2072
1042 2072
1042 2075
939 2075
939 2078
846 2078
846 2065
857 2065
857 1954
878 1954
878 1950
885 1950
885 1958
893 1958
893 1960
899 1960
899 1951
977 1951
977 1987
992 1987
992 2006
1022 2006
1022 2001
1032 2001
1032 2013
1034 2013
1034 1996
1036 1996
1036 2023
1040 2023
1040 2000
1049 2000
1049 1983
1065 1983
1065 1967
1096 1967
1096 1968
1194 1968
1194 1977
1199 1977
1199 2024
1200 2024
1200 2022
1259 2022
1259 2016
1211 2016
1211 1978
1250 1978
1250 1998
1255 1998
1255 1990
1268 1990
1268 2003
1262 2003
1262 2015
1290 2015
1290 2027
1181 2027
1181 2042
1399 2042
1399 2039
1361 2039
1361 2037
1470 2037
1470 2029
1384 2029
1384 2035
1191 2035
1191 2034
1346 2034
1346 2021
1348 2021
1348 2017
1404 2017
1404 2011
1349 2011
1349 1991
1329 1991
1329 1975
1473 1975
1473 1992
1486 1992
1486 1989
1489 1989
1489 2046
1543 2046
1543 2054
1573 2054
1573 2053
1607 2053
1607 2052
1660 2052
1660 2051
1598 2051
1598 2043
1678 2043
1678 2040
1640 2040
1640 2041
1533 2041
1533 2030
1503 2030
1503 1981
1521 1981
1521 1959
1482 1959
1482 1974
1347 1974
1347 1973
1249 1973
1249 1969
1342 1969
1342 1966
1180 1966
1180 1965
1008 1965
1008 1944
1138 1944
1138 1942
1007 1942
1007 1952
987 1952
987 1939
854 1939
854 2007
774 2007
774 2005
744 2005
744 2008
727 2008
727 2025
731 2025
731 2031
825 2031
825 2012
848 2012
848 2032
775 2032
775 2044
741 2044
741 2033
726 2033
726 2038
724 2038
724 2036
708 2036
708 2045
847 2045
847 2048
814 2048
814 2047
717 2047
717 2050
797 2050
797 2049
816 2049
816 2058
465 2058
465 1938
495 1938
495 1937
496 1937
496 1930
480 1930
480 1934
448 1934
448 1956
447 1956
447 1928
445 1928
445 1936
426 1936
426 1940
436 1940
436 1964
410 1964
410 1963
379 1963
379 1929
378 1929
378 1970
308 1970
308 1957
305 1957
305 1988
311 1988
311 1980
340 1980
340 1984
417 1984
417 1982
429 1982
429 1979
377 1979
377 1976
459 1976
459 2057
427 2057
427 2056
395 2056
395 2059
362 2059
362 2060
649 2060
649 2061
759 2061
759 2062
499 2062
499 2085
415 2085
415 2086
285 2086
285 2091
306 2091
306 2090
372 2090
372 2087
507 2087
507 2089
508 2089
508 2099
472 2099
472 2115
409 2115
409 2125
600 2125
600 2129
533 2129
533 2132
542 2132
542 2134
684 2134
684 2138
584 2138
584 2137
523 2137
523 2139
707 2139
707 2140
569 2140
569 2142
364 2142
364 2149
926 2149
926 2151
577 2151
577 2159
730 2159
730 2163
407 2163
407 2164
739 2164
739 2155
619 2155
619 2152
966 2152
966 2154
748 2154
748 2190
614 2190
614 2187
598 2187
598 2170
555 2170
555 2186
571 2186
571 2210
535 2210
535 2233
564 2233
564 2239
633 2239
633 2249
634 2249
634 2271
621 2271
621 2251
620 2251
620 2281
632 2281
632 2307
648 2307
648 2300
637 2300
637 2294
647 2294
647 2269
651 2269
651 2252
677 2252
677 2236
644 2236
644 2217
587 2217
587 2225
579 2225
579 2201
575 2201
575 2178
583 2178
583 2192
704 2192
704 2198
770 2198
770 2167
787 2167
787 2188
806 2188
806 2222
884 2222
884 2218
907 2218
907 2202
940 2202
940 2273
930 2273
930 2310
919 2310
919 2347
887 2347
887 2317
845 2317
845 2348
777 2348
777 2362
745 2362
745 2351
653 2351
653 2355
562 2355
562 2330
568 2330
568 2346
599 2346
599 2349
673 2349
673 2343
609 2343
609 2321
627 2321
627 2339
688 2339
688 2322
719 2322
719 2318
679 2318
679 2319
578 2319
578 2316
701 2316
701 2313
534 2313
534 2311
530 2311
530 2309
513 2309
513 2308
501 2308
501 2326
504 2326
504 2336
553 2336
553 2363
574 2363
574 2356
681 2356
681 2368
509 2368
509 2366
675 2366
675 2364
500 2364
500 2371
450 2371
450 2377
482 2377
482 2383
152 2383
152 2376
250 2376
250 2342
271 2342
271 2338
279 2338
279 2345
281 2345
281 2337
351 2337
351 2333
270 2333
270 2334
222 2334
222 2367
138 2367
138 2384
431 2384
431 2386
486 2386
486 2373
488 2373
488 2395
605 2395
605 2392
524 2392
524 2382
537 2382
537 2370
613 2370
613 2379
676 2379
676 2390
669 2390
669 2397
451 2397
451 2399
721 2399
721 2385
743 2385
743 2394
746 2394
746 2380
761 2380
761 2378
680 2378
680 2374
654 2374
654 2369
728 2369
728 2365
779 2365
779 2396
799 2396
799 2359
873 2359
873 2360
861 2360
861 2361
1120 2361
1120 2305
1124 2305
1124 2284
1147 2284
1147 2290
1142 2290
1142 2299
1155 2299
1155 2303
1156 2303
1156 2312
1161 2312
1161 2286
1163 2286
1163 2255
1166 2255
1166 2244
1169 2244
1169 2212
1157 2212
1157 2246
1159 2246
1159 2282
1121 2282
1121 2293
1118 2293
1118 2292
1114 2292
1114 2276
1109 2276
1109 2304
1110 2304
1110 2332
1102 2332
1102 2278
1106 2278
1106 2260
1101 2260
1101 2208
1062 2208
1062 2220
1074 2220
1074 2219
1098 2219
1098 2298
1099 2298
1099 2306
1067 2306
1067 2315
1072 2315
1072 2329
1071 2329
1071 2340
1068 2340
1068 2344
1100 2344
1100 2350
1084 2350
1084 2353
1046 2353
1046 2358
946 2358
946 2331
935 2331
935 2324
974 2324
974 2291
997 2291
997 2268
983 2268
983 2262
995 2262
995 2242
968 2242
968 2256
982 2256
982 2266
954 2266
954 2301
941 2301
941 2200
870 2200
870 2214
843 2214
843 2216
824 2216
824 2177
805 2177
805 2168
826 2168
826 2172
841 2172
841 2180
827 2180
827 2195
833 2195
833 2199
842 2199
842 2160
766 2160
766 2158
883 2158
883 2156
986 2156
986 2169
998 2169
998 2150
1186 2150
1186 2157
1230 2157
1230 2148
464 2148
464 2147
1615 2147
1615 2113
1662 2113
1662 2189
1663 2189
1663 2205
1666 2205
1666 2206
1669 2206
1669 2241
1675 2241
1675 2238
1677 2238
1677 2237
1833 2237
1833 2264
1680 2264
1680 2253
1654 2253
1654 2409
1628 2409
1628 2412
1627 2412
1627 2432
1622 2432
1622 2393
1614 2393
1614 2448
1591 2448
1591 2422
1589 2422
1589 2434
1571 2434
1571 2437
1552 2437
1552 2438
1574 2438
1574 2446
1582 2446
1582 2464
1652 2464
1652 2466
1664 2466
1664 2457
1606 2457
1606 2455
1685 2455
1685 2469
1647 2469
1647 2471
1538 2471
1538 2478
1621 2478
1621 2495
1693 2495
1693 2499
1825 2499
1825 2496
1808 2496
1808 2477
1854 2477
1854 2485
1872 2485
1872 2491
2162 2491
2162 2482
2183 2482
2183 2500
2436 2500
2436 2497
2368 2497
2368 2498
2214 2498
2214 2494
2493 2494
2493 2460
2486 2460
2486 2451
2489 2451
2489 2427
2487 2427
2487 2426
2488 2426
2488 2410
2485 2410
2485 2490
2467 2490
2467 2483
2446 2483
2446 2484
2394 2484
2394 2476
2396 2476
2396 2481
2484 2481
2484 2401
2490 2401
2490 2400
2497 2400
2497 2357
2492 2357
2492 2328
2483 2328
2483 2325
2500 2325
2500 2287
2491 2287
2491 2285
2499 2285
2499 2094
2498 2094
2498 1932
2494 1932
2494 2076
2496 2076
2496 2111
2495 2111
2495 2194
2481 2194
2481 2211
2482 2211
2482 2420
2480 2420
2480 2472
2385 2472
2385 2473
2341 2473
2341 2486
2382 2486
2382 2489
2190 2489
2190 2479
2041 2479
2041 2470
2044 2470
2044 2456
2062 2456
2062 2454
2095 2454
2095 2429
2071 2429
2071 2450
1933 2450
1933 2449
2065 2449
2065 2418
2108 2418
2108 2421
2125 2421
2125 2415
2131 2415
2131 2414
2185 2414
2185 2408
2405 2408
2405 2406
2367 2406
2367 2405
2365 2405
2365 2404
2364 2404
2364 2398
2350 2398
2350 2391
2370 2391
2370 2403
2372 2403
2372 2389
2351 2389
2351 2375
2352 2375
2352 2320
2362 2320
2362 2372
2373 2372
2373 2381
2374 2381
2374 2352
2390 2352
2390 2288
2400 2288
2400 2230
2389 2230
2389 2279
2381 2279
2381 2224
2377 2224
2377 2240
2371 2240
2371 2335
2369 2335
2369 2341
2363 2341
2363 2173
2312 2173
2312 2162
2307 2162
2307 2161
2168 2161
2168 2128
2172 2128
2172 2088
2135 2088
2135 2126
2138 2126
2138 2153
2119 2153
2119 2171
2143 2171
2143 2175
2110 2175
2110 2179
2101 2179
2101 2181
2099 2181
2099 2280
2102 2280
2102 2354
2104 2354
2104 2197
2106 2197
2106 2209
2109 2209
2109 2257
2142 2257
2142 2296
2150 2296
2150 2247
2111 2247
2111 2243
2122 2243
2122 2191
2132 2191
2132 2182
2140 2182
2140 2185
2149 2185
2149 2112
2148 2112
2148 2124
2144 2124
2144 2102
2136 2102
2136 2093
2164 2093
2164 2133
2167 2133
2167 2166
2283 2166
2283 2184
2285 2184
2285 2176
2302 2176
2302 2174
2361 2174
2361 2283
2356 2283
2356 2314
2355 2314
2355 2263
2349 2263
2349 2387
2348 2387
2348 2289
2337 2289
2337 2254
2336 2254
2336 2272
2333 2272
2333 2295
2340 2295
2340 2323
2342 2323
2342 2297
2347 2297
2347 2327
2346 2327
2346 2402
2357 2402
2357 2407
2163 2407
2163 2413
2126 2413
2126 2411
2115 2411
2115 2417
2061 2417
2061 2436
2053 2436
2053 2447
1912 2447
1912 2462
1893 2462
1893 2441
2024 2441
2024 2431
1966 2431
1966 2430
1910 2430
1910 2439
1797 2439
1797 2458
1800 2458
1800 2463
1864 2463
1864 2465
1970 2465
1970 2459
2026 2459
2026 2467
2014 2467
2014 2480
1875 2480
1875 2475
1862 2475
1862 2468
1723 2468
1723 2474
1806 2474
1806 2493
1761 2493
1761 2488
1720 2488
1720 2492
1690 2492
1690 2487
1688 2487
1688 2453
1674 2453
1674 2444
1704 2444
1704 2461
1744 2461
1744 2443
1794 2443
1794 2428
1782 2428
1782 2425
1774 2425
1774 2424
1729 2424
1729 2433
1668 2433
1668 2435
1738 2435
1738 2440
1682 2440
1682 2442
1671 2442
1671 2445
1634 2445
1634 2452
1630 2452
1630 2423
1642 2423
1642 2416
1653 2416
1653 2419
1658 2419
1658 2388
1655 2388
1655 2302
1657 2302
1657 2258
1665 2258
1665 2259
1670 2259
1670 2270
1717 2270
1717 2265
1799 2265
1799 2267
1760 2267
1760 2277
1780 2277
1780 2275
1935 2275
1935 2274
1930 2274
1930 2261
1838 2261
1838 2248
1859 2248
1859 2235
1868 2235
1868 2250
1972 2250
1972 2245
1971 2245
1971 2203
1956 2203
1956 2193
1822 2193
1822 2213
1830 2213
1830 2196
1936 2196
1936 2228
1938 2228
1938 2226
1943 2226
1943 2232
1894 2232
1894 2227
1856 2227
1856 2229
1839 2229
1839 2231
1719 2231
1719 2234
1686 2234
1686 2223
1705 2223
1705 2215
1714 2215
1714 2092
1700 2092
1700 2095
1154 2095
1154 2096
1620 2096
1620 2097
1641 2097
1641 2098
1703 2098
1703 2183
1699 2183
1699 2221
1694 2221
1694 2204
1684 2204
1684 2207
1673 2207
1673 2165
1679 2165
1679 2136
1667 2136
1667 2105
1446 2105
1446 2104
1502 2104
1502 2103
1549 2103
1549 2100
1425 2100
1425 2141
1431 2141
1431 2131
1426 2131
1426 2106
1454 2106
1454 2109
1514 2109
1514 2110
1560 2110
1560 2108
1612 2108
1612 2144
1605 2144
1605 2145
820 2145
820 2146
611 2146
611 2143
781 2143
781 2114
850 2114
850 2107
880 2107
880 2101
760 2101
760 2121
776 2121
776 2135
718 2135
718 2127
693 2127
693 2119
658 2119
658 2130
650 2130
650 2118
638 2118
638 2123
556 2123
556 2117
539 2117
539 2122
490 2122
490 2120
460 2120
460 2116
528 2116
528 2084
527 2084
527 2063
780 2063
780 2064
823 2064
823 2067
714 2067
714 2068
722 2068
722 2069
757 2069
757 2070
733 2070
733 2083
747 2083
747 2081
742 2081
742 2071
795 2071
795 2079
960 2079
960 2082
1508 2082
1508 2080
1697 2080
1697 2055
1691 2055
1691 1953
1689 1953
1689 1949
1725 1949
1725 1972
1787 1972
1787 1985
1805 1985
1805 1997
1792 1997
1792 2028
1820 2028
1820 2026
1845 2026
1845 2009
1842 2009
1842 1962
1951 1962
1951 1946
1987 1946
1987 2018
1981 2018
1981 1993
1871 1993
1871 1995
1968 1995
1968 2019
1974 2019
1974 2020
1999 2020
1999 2014
1992 2014
1992 1999
2002 1999
2002 1994
2012 1994
2012 1986
2001 1986
2001 1947
2022 1947
2022 1894
2003 1894
2003 1751
2005 1751
2005 1581
2009 1581
2009 1476
2007 1476
2007 1376
2006 1376
2006 1247
2030 1247
2030 1297
2023 1297
2023 1370
2021 1370
2021 1458
2028 1458
2028 1472
2042 1472
2042 1430
2027 1430
2027 1335
2045 1335
2045 1394
2046 1394
2046 1482
2052 1482
2052 1719
2051 1719
2051 1677
2049 1677
2049 1714
2048 1714
2048 1734
2037 1734
2037 1746
2043 1746
2043 1786
2056 1786
2056 1744
2055 1744
2055 1248
2058 1248
2058 1354
2060 1354
2060 1254
2063 1254
2063 1498
2067 1498
2067 1597
2075 1597
2075 1670
2059 1670
2059 1626
2057 1626
2057 1692
2066 1692
2066 1721
2069 1721
2069 1695
2076 1695
2076 1617
2084 1617
2084 1618
2306 1618
2306 1582
2320 1582
2320 1570
2324 1570
2324 1575
2353 1575
2353 1577
2325 1577
2325 1594
2334 1594
2334 1598
2358 1598
2358 1563
2318 1563
2318 1551
2319 1551
2319 1549
2354 1549
2354 1543
2360 1543
2360 1539
2304 1539
2304 1538
2384 1538
2384 1535
2240 1535
2240 1419
2236 1419
2236 1211
2249 1211
2249 1295
2261 1295
2261 1288
2299 1288
2299 1291
2313 1291
2313 1362
2296 1362
2296 1451
2298 1451
2298 1418
2316 1418
2316 1388
2314 1388
2314 1294
2332 1294
2332 1149
2331 1149
2331 1093
2345 1093
2345 867
2338 867
2338 917
2343 917
2343 1079
2335 1079
2335 973
2326 973
2326 979
2330 979
2330 1037
2329 1037
2329 986
2203 986
2203 980
2201 980
2201 972
2202 972
2202 887
2208 887
2208 885
2175 885
2175 892
2192 892
2192 902
2199 902
2199 923
2193 923
2193 931
2200 931
2200 994
2328 994
2328 1187
2321 1187
2321 1190
2322 1190
2322 1212
2323 1212
2323 1251
2303 1251
2303 1286
2272 1286
2272 1250
2275 1250
2275 1213
2274 1213
2274 1210
2218 1210
2218 1239
2224 1239
2224 1280
2227 1280
2227 1445
2234 1445
2234 1556
2300 1556
2300 1564
2297 1564
2297 1605
2264 1605
2264 1607
2276 1607
2276 1614
2107 1614
2107 1612
2096 1612
2096 1602
2093 1602
2093 1585
2068 1585
2068 1574
2072 1574
2072 1462
2070 1462
2070 1246
1994 1246
1994 1481
1993 1481
1993 1494
1998 1494
1998 1622
1996 1622
1996 1641
1986 1641
1986 1365
1989 1365
1989 1265
1957 1265
1957 1420
1954 1420
1954 1588
1955 1588
1955 1812
1960 1812
1960 1802
1963 1802
1963 1747
1965 1747
1965 1733
1959 1733
1959 1461
1958 1461
1958 1413
1961 1413
1961 1281
1977 1281
1977 1301
1978 1301
1978 1266
1988 1266
1988 1334
1984 1334
1984 1399
1973 1399
1973 1488
1979 1488
1979 1513
1983 1513
1983 1406
1985 1406
1985 1704
1995 1704
1995 1778
1997 1778
1997 1851
2000 1851
2000 1891
1879 1891
1879 1898
2013 1898
2013 1908
2018 1908
2018 1925
2020 1925
2020 1931
1921 1931
1921 1945
1950 1945
1950 1961
1837 1961
1837 2010
1832 2010
1832 1948
1835 1948
1835 1933
1847 1933
1847 1922
1773 1922
1773 1921
1594 1921
1594 1913
1643 1913
1643 1912
1516 1912
1516 1911
1519 1911
1519 1906
1476 1906
1476 1730
1460 1730
1460 1797
1458 1797
1458 1479
1456 1479
1456 1429
1457 1429
1457 1061
1488 1061
1488 964
1501 964
1501 933
1510 933
1510 893
1513 893
1513 884
1531 884
1531 874
1505 874
1505 800
1506 800
1506 707
1511 707
1511 642
1430 642
1430 702
1411 702
1411 715
1405 715
1405 696
1401 696
1401 661
1398 661
1398 631
1380 631
1380 748
1377 748
1377 773
1378 773
1378 858
1368 858
1368 865
1352 865
1352 828
1339 828
1339 380
1336 380
1336 374
1335 374
1335 213
1292 213
1292 411
1300 411
1300 360
1306 360
1306 717
1310 717
1310 776
1305 776
1305 413
1289 413
1289 309
1284 309
1284 163
1285 163
1285 137
1288 137
1288 129
1291 129
1291 125
1402 125
1402 118
1296 118
1296 117
1320 117
1320 105
1325 105
1325 92
1407 92
1407 91
1307 91
1307 87
1345 87
1345 83
1308 83
1308 70
1365 70
1365 55
1379 55
1379 46
1413 46
1413 22
1355 22
1355 16
971 16
971 9
