96
1 87
1 96
10 96
10 162
13 162
13 167
28 167
28 163
38 163
38 150
21 150
21 145
44 145
44 169
49 169
49 149
50 149
50 171
46 171
46 172
45 172
45 173
58 173
58 178
122 178
122 180
97 180
97 188
110 188
110 181
141 181
141 182
130 182
130 197
104 197
104 191
99 191
99 190
91 190
91 189
64 189
64 194
62 194
62 200
65 200
65 198
121 198
121 199
185 199
185 193
186 193
186 100
184 100
184 187
174 187
174 192
151 192
151 196
132 196
132 186
177 186
177 185
143 185
143 177
116 177
116 176
75 176
75 170
66 170
66 168
59 168
59 158
52 158
52 156
180 156
180 155
56 155
56 148
48 148
48 143
20 143
20 152
31 152
31 153
33 153
33 154
14 154
14 146
16 146
16 141
17 141
17 122
19 122
19 90
7 90
7 87
