114
1 1
1 44
3 44
3 48
4 48
4 70
13 70
13 77
25 77
25 80
20 80
20 83
28 83
28 73
24 73
24 30
26 30
26 35
30 35
30 34
27 34
27 9
31 9
31 37
38 37
38 47
50 47
50 55
47 55
47 62
66 62
66 76
63 76
63 69
61 69
61 66
42 66
42 64
41 64
41 58
36 58
36 79
44 79
44 90
51 90
51 91
29 91
29 93
14 93
14 94
34 94
34 97
35 97
35 99
48 99
48 100
73 100
73 95
67 95
67 96
62 96
62 98
37 98
37 92
56 92
56 78
46 78
46 74
58 74
58 82
75 82
75 68
99 68
99 67
95 67
95 65
98 65
98 63
74 63
74 60
55 60
55 51
52 51
52 46
40 46
40 38
59 38
59 36
32 36
32 16
54 16
54 14
33 14
33 7
23 7
23 54
22 54
22 72
21 72
21 75
19 75
19 71
18 71
18 57
16 57
16 56
8 56
8 53
7 53
7 41
10 41
10 40
2 40
2 1
