212
51 263
51 274
43 274
43 20
32 20
32 32
29 32
29 33
1 33
1 97
3 97
3 104
8 104
8 137
10 137
10 395
4 395
4 409
5 409
5 422
17 422
17 437
7 437
7 450
19 450
19 402
16 402
16 357
25 357
25 354
28 354
28 340
22 340
22 336
20 336
20 335
18 335
18 331
15 331
15 405
14 405
14 419
11 419
11 196
12 196
12 142
13 142
13 124
9 124
9 94
6 94
6 74
2 74
2 35
39 35
39 24
42 24
42 50
23 50
23 82
24 82
24 61
40 61
40 111
41 111
41 270
38 270
38 219
37 219
37 261
34 261
34 262
36 262
36 265
30 265
30 278
65 278
65 267
91 267
91 289
81 289
81 291
100 291
100 328
101 328
101 332
73 332
73 321
89 321
89 315
35 315
35 318
31 318
31 333
33 333
33 334
70 334
70 366
69 366
69 378
86 378
86 386
128 386
128 389
127 389
127 393
131 393
131 383
134 383
134 382
119 382
119 381
107 381
107 377
129 377
129 350
147 350
147 348
130 348
130 316
161 316
161 343
158 343
158 367
154 367
154 408
132 408
132 433
168 433
168 426
138 426
138 418
141 418
141 416
202 416
202 434
195 434
195 436
220 436
220 442
222 442
222 413
186 413
186 411
163 411
163 325
173 325
173 308
171 308
171 303
269 303
269 304
238 304
238 317
224 317
224 337
246 337
246 373
241 373
241 473
198 473
198 476
209 476
209 478
212 478
212 486
243 486
243 488
231 488
231 489
227 489
227 490
260 490
260 483
215 483
215 481
256 481
256 466
244 466
244 392
250 392
250 310
277 310
277 307
258 307
258 306
271 306
271 300
123 300
123 320
121 320
121 314
122 314
122 275
117 275
117 323
118 323
118 339
125 339
125 312
126 312
126 376
79 376
79 372
104 372
104 369
113 369
113 365
72 365
72 349
108 349
108 263
