84
51 263
51 274
43 274
43 20
32 20
32 32
29 32
29 33
1 33
1 97
3 97
3 104
8 104
8 137
10 137
10 395
4 395
4 409
5 409
5 422
17 422
17 437
7 437
7 450
19 450
19 402
16 402
16 357
25 357
25 354
28 354
28 340
22 340
22 336
20 336
20 335
18 335
18 331
15 331
15 405
14 405
14 419
11 419
11 196
12 196
12 142
13 142
13 124
9 124
9 94
6 94
6 74
2 74
2 35
39 35
39 24
42 24
42 50
23 50
23 82
24 82
24 61
40 61
40 111
41 111
41 270
38 270
38 219
37 219
37 261
34 261
34 262
36 262
36 265
30 265
30 278
65 278
65 267
91 267
91 289
81 289
81 291
108 291
108 263
