122
12 61
12 65
21 65
21 66
11 66
11 62
10 62
10 58
8 58
8 52
4 52
4 11
1 11
1 30
2 30
2 53
3 53
3 67
64 67
64 63
80 63
80 73
74 73
74 85
95 85
95 93
70 93
70 91
53 91
53 89
68 89
68 84
17 84
17 83
57 83
57 81
42 81
42 78
37 78
37 77
43 77
43 75
29 75
29 74
40 74
40 72
26 72
26 80
20 80
20 82
14 82
14 131
19 131
19 120
31 120
31 136
28 136
28 138
46 138
46 141
52 141
52 144
69 144
69 146
44 146
44 147
45 147
45 150
118 150
118 149
77 149
77 148
149 148
149 143
146 143
146 145
117 145
117 142
55 142
55 135
35 135
35 134
36 134
36 132
38 132
38 122
47 122
47 118
59 118
59 117
67 117
67 116
32 116
32 115
78 115
78 114
66 114
66 112
23 112
23 109
16 109
16 88
24 88
24 87
33 87
33 94
25 94
25 104
30 104
30 100
34 100
34 90
48 90
48 95
101 95
101 79
84 79
84 68
87 68
87 64
100 64
100 61
