138
58 69
58 80
57 80
57 106
53 106
53 132
50 132
50 122
21 122
21 120
22 120
22 113
16 113
16 110
44 110
44 109
46 109
46 103
3 103
3 102
1 102
1 107
15 107
15 125
31 125
31 130
48 130
48 137
75 137
75 139
100 139
100 140
81 140
81 141
121 141
121 143
118 143
118 142
113 142
113 145
104 145
104 146
4 146
4 147
43 147
43 149
87 149
87 150
120 150
120 148
125 148
125 144
126 144
126 128
127 128
127 90
128 90
128 76
129 76
129 89
132 89
132 85
130 85
130 60
136 60
136 70
142 70
142 78
144 78
144 84
145 84
145 64
146 64
146 66
147 66
147 63
138 63
138 55
123 55
123 68
119 68
119 114
116 114
116 117
122 117
122 124
102 124
102 123
111 123
111 121
93 121
93 108
92 108
92 105
115 105
115 104
110 104
110 99
103 99
103 97
109 97
109 95
108 95
108 94
94 94
94 98
97 98
97 101
90 101
90 135
95 135
95 127
96 127
96 126
106 126
106 129
105 129
105 133
112 133
112 138
83 138
83 87
82 87
82 131
79 131
79 83
78 83
78 136
62 136
62 79
61 79
61 134
56 134
56 115
59 115
59 71
60 71
60 69
