88
8 7
8 9
5 9
5 17
2 17
2 18
1 18
1 30
14 30
14 33
4 33
4 41
3 41
3 45
11 45
11 34
16 34
16 31
24 31
24 32
23 32
23 35
30 35
30 36
22 36
22 40
26 40
26 42
32 42
32 43
41 43
41 48
42 48
42 39
35 39
35 29
29 29
29 27
20 27
20 28
9 28
9 24
27 24
27 21
34 21
34 23
37 23
37 25
38 25
38 26
47 26
47 37
43 37
43 49
45 49
45 44
44 44
44 38
46 38
46 50
49 50
49 47
50 47
50 46
48 46
48 20
21 20
21 22
18 22
18 19
7 19
7 15
25 15
25 16
40 16
40 11
39 11
39 14
33 14
33 13
6 13
6 10
28 10
28 12
36 12
36 8
17 8
17 7
