162
92 28
92 37
71 37
71 50
8 50
8 54
4 54
4 56
13 56
13 66
2 66
2 70
12 70
12 73
7 73
7 94
5 94
5 107
3 107
3 104
1 104
1 116
6 116
6 120
27 120
27 121
18 121
18 141
21 141
21 137
22 137
22 133
26 133
26 128
34 128
34 138
28 138
28 147
75 147
75 150
91 150
91 142
88 142
88 149
78 149
78 148
82 148
82 146
66 146
66 143
46 143
46 145
37 145
37 144
35 144
35 124
36 124
36 132
39 132
39 135
41 135
41 134
47 134
47 131
43 131
43 119
31 119
31 117
24 117
24 115
67 115
67 123
61 123
61 127
62 127
62 125
68 125
68 103
64 103
64 102
70 102
70 91
60 91
60 100
54 100
54 65
58 65
58 63
44 63
44 67
48 67
48 77
50 77
50 79
38 79
38 82
30 82
30 84
29 84
29 87
49 87
49 80
52 80
52 101
63 101
63 114
32 114
32 113
10 113
10 90
11 90
11 99
16 99
16 109
20 109
20 108
23 108
23 105
25 105
25 98
14 98
14 61
15 61
15 89
19 89
19 75
17 75
17 55
9 55
9 52
53 52
53 53
72 53
72 38
100 38
100 29
109 29
109 32
108 32
108 30
106 30
106 48
87 48
87 45
97 45
97 44
103 44
103 42
99 42
99 41
84 41
84 40
76 40
76 39
74 39
74 47
81 47
81 49
107 49
107 43
110 43
110 28
