672
1194 135
1194 160
1110 160
1110 183
1093 183
1093 439
1098 439
1098 451
1087 451
1087 476
1088 476
1088 491
1069 491
1069 498
1050 498
1050 469
1038 469
1038 606
1030 606
1030 583
1034 583
1034 534
1031 534
1031 523
1028 523
1028 522
1025 522
1025 496
1018 496
1018 517
1016 517
1016 520
1022 520
1022 538
1023 538
1023 579
1024 579
1024 635
1035 635
1035 657
1026 657
1026 645
991 645
991 612
1011 612
1011 576
1009 576
1009 566
1005 566
1005 524
1003 524
1003 564
998 564
998 580
990 580
990 642
988 642
988 650
983 650
983 644
964 644
964 649
941 649
941 572
940 572
940 653
980 653
980 658
1039 658
1039 659
1000 659
1000 660
939 660
939 682
930 682
930 756
913 756
913 782
911 782
911 821
912 821
912 840
922 840
922 941
918 941
918 1086
917 1086
917 1229
916 1229
916 1249
862 1249
862 1247
886 1247
886 1096
850 1096
850 1060
855 1060
855 1047
852 1047
852 1009
858 1009
858 982
832 982
832 1031
830 1031
830 1038
781 1038
781 1075
797 1075
797 1116
787 1116
787 1102
757 1102
757 1157
725 1157
725 1158
665 1158
665 1167
637 1167
637 1166
610 1166
610 1162
569 1162
569 1160
282 1160
282 1172
224 1172
224 1173
235 1173
235 1180
175 1180
175 1112
291 1112
291 1110
302 1110
302 1109
343 1109
343 1108
280 1108
280 1107
267 1107
267 1100
237 1100
237 1078
204 1078
204 947
201 947
201 938
232 938
232 936
205 936
205 934
228 934
228 926
173 926
173 949
171 949
171 1010
169 1010
169 909
107 909
107 929
102 929
102 942
86 942
86 937
31 937
31 933
19 933
19 919
25 919
25 911
35 911
35 907
54 907
54 905
18 905
18 874
15 874
15 857
14 857
14 851
9 851
9 844
1 844
1 869
5 869
5 923
17 923
17 958
26 958
26 952
114 952
114 945
122 945
122 943
113 943
113 935
116 935
116 913
166 913
166 950
168 950
168 1001
151 1001
151 999
131 999
131 1005
153 1005
153 1015
80 1015
80 1017
40 1017
40 981
39 981
39 1022
63 1022
63 1018
160 1018
160 1011
172 1011
172 973
176 973
176 931
197 931
197 974
199 974
199 1000
203 1000
203 1073
196 1073
196 1084
180 1084
180 1089
213 1089
213 1099
155 1099
155 1126
174 1126
174 1183
177 1183
177 1220
195 1220
195 1218
209 1218
209 1215
229 1215
229 1211
192 1211
192 1212
189 1212
189 1214
179 1214
179 1182
185 1182
185 1192
202 1192
202 1209
218 1209
218 1202
240 1202
240 1195
241 1195
241 1176
292 1176
292 1185
294 1185
294 1201
308 1201
308 1221
315 1221
315 1190
330 1190
330 1213
329 1213
329 1243
351 1243
351 1230
342 1230
342 1217
350 1217
350 1226
433 1226
433 1228
442 1228
442 1223
391 1223
391 1206
386 1206
386 1216
341 1216
341 1241
338 1241
338 1187
316 1187
316 1186
304 1186
304 1181
333 1181
333 1178
301 1178
301 1163
481 1163
481 1164
489 1164
489 1161
502 1161
502 1170
638 1170
638 1171
752 1171
752 1175
679 1175
679 1177
628 1177
628 1184
632 1184
632 1194
643 1194
643 1199
649 1199
649 1191
717 1191
717 1193
698 1193
698 1203
706 1203
706 1208
751 1208
751 1200
722 1200
722 1189
731 1189
731 1179
758 1179
758 1152
765 1152
765 1174
767 1174
767 1138
763 1138
763 1103
783 1103
783 1117
778 1117
778 1120
775 1120
775 1147
786 1147
786 1121
788 1121
788 1118
792 1118
792 1125
800 1125
800 1065
802 1065
802 1057
809 1057
809 1039
815 1039
815 1093
817 1093
817 1049
833 1049
833 1006
835 1006
835 1034
836 1034
836 1148
838 1148
838 996
839 996
839 984
844 984
844 1036
843 1036
843 1025
841 1025
841 1139
842 1139
842 1233
845 1233
845 1155
859 1155
859 1144
867 1144
867 1135
872 1135
872 1105
885 1105
885 1235
816 1235
816 1239
804 1239
804 1248
826 1248
826 1246
828 1246
828 1250
921 1250
921 1165
919 1165
919 1143
923 1143
923 1227
924 1227
924 997
925 997
925 888
926 888
926 849
929 849
929 830
915 830
915 815
914 815
914 763
927 763
927 793
928 793
928 757
933 757
933 990
935 990
935 1046
943 1046
943 1051
962 1051
962 1053
932 1053
932 1062
946 1062
946 1064
954 1064
954 1131
952 1131
952 1168
950 1168
950 1198
989 1198
989 1204
953 1204
953 1207
971 1207
971 1210
1033 1210
1033 1219
1027 1219
1027 1225
1015 1225
1015 1231
1108 1231
1108 1236
1042 1236
1042 1238
997 1238
997 1234
965 1234
965 1237
993 1237
993 1240
979 1240
979 1242
1116 1242
1116 1205
1118 1205
1118 1059
1129 1059
1129 1069
1138 1069
1138 1067
1140 1067
1140 995
1137 995
1137 1014
1132 1014
1132 985
1149 985
1149 987
1161 987
1161 1244
1157 1244
1157 1245
1164 1245
1164 1232
1163 1232
1163 1061
1162 1061
1162 961
1153 961
1153 870
1168 870
1168 862
1165 862
1165 856
1166 856
1166 847
1155 847
1155 814
1156 814
1156 807
1158 807
1158 786
1141 786
1141 780
1131 780
1131 794
1135 794
1135 805
1144 805
1144 812
1130 812
1130 867
1120 867
1120 868
1106 868
1106 875
1123 875
1123 879
1125 879
1125 897
1136 897
1136 891
1126 891
1126 872
1133 872
1133 820
1145 820
1145 792
1143 792
1143 791
1146 791
1146 789
1152 789
1152 939
1148 939
1148 969
1134 969
1134 975
1128 975
1128 1058
1115 1058
1115 1224
1054 1224
1054 1222
1046 1222
1046 1188
994 1188
994 1197
975 1197
975 1196
969 1196
969 1146
963 1146
963 1169
955 1169
955 1054
1014 1054
1014 1055
1059 1055
1059 1056
1074 1056
1074 1063
1044 1063
1044 1070
1077 1070
1077 1024
1079 1024
1079 1007
1068 1007
1068 1029
1066 1029
1066 1028
1056 1028
1056 1027
1053 1027
1053 1052
1010 1052
1010 1050
1021 1050
1021 1037
1019 1037
1019 1043
1013 1043
1013 1042
938 1042
938 978
977 978
977 977
967 977
967 976
934 976
934 963
937 963
937 908
936 908
936 727
931 727
931 685
944 685
944 683
942 683
942 672
947 672
947 675
1020 675
1020 664
1036 664
1036 662
948 662
948 661
1045 661
1045 570
1040 570
1040 483
1048 483
1048 565
1061 565
1061 515
1076 515
1076 505
1060 505
1060 504
1081 504
1081 605
1062 605
1062 632
1085 632
1085 530
1089 530
1089 460
1100 460
1100 435
1117 435
1117 433
1104 433
1104 411
1095 411
1095 314
1103 314
1103 266
1097 266
1097 220
1094 220
1094 199
1105 199
1105 207
1124 207
1124 167
1121 167
1121 164
1192 164
1192 174
1195 174
1195 225
1193 225
1193 230
1196 230
1196 240
1204 240
1204 190
1209 190
1209 202
1213 202
1213 141
1222 141
1222 241
1216 241
1216 268
1224 268
1224 135
