76
205 936
205 934
228 934
228 926
173 926
173 949
171 949
171 1010
169 1010
169 909
107 909
107 929
102 929
102 942
86 942
86 937
31 937
31 933
19 933
19 919
25 919
25 911
35 911
35 907
54 907
54 905
18 905
18 874
15 874
15 857
14 857
14 851
9 851
9 844
1 844
1 869
5 869
5 923
17 923
17 958
26 958
26 952
114 952
114 945
122 945
122 943
113 943
113 935
116 935
116 913
166 913
166 950
168 950
168 1001
151 1001
151 999
131 999
131 1005
153 1005
153 1015
80 1015
80 1017
40 1017
40 981
39 981
39 1022
63 1022
63 1018
160 1018
160 1011
172 1011
172 973
176 973
176 931
197 931
197 936
