1210
1099 1
1099 2
1091 2
1091 3
1006 3
1006 12
1001 12
1001 6
972 6
972 9
945 9
945 14
1047 14
1047 13
1017 13
1017 8
1049 8
1049 10
1064 10
1064 5
1067 5
1067 4
1101 4
1101 11
1111 11
1111 7
1112 7
1112 15
1109 15
1109 19
1041 19
1041 40
1032 40
1032 18
1037 18
1037 16
1029 16
1029 35
1008 35
1008 93
985 93
985 81
996 81
996 52
1002 52
1002 17
995 17
995 21
992 21
992 63
986 63
986 49
982 49
982 114
968 114
968 76
961 76
961 184
960 184
960 182
959 182
959 36
976 36
976 25
956 25
956 191
951 191
951 118
949 118
949 203
974 203
974 198
966 198
966 186
987 186
987 208
957 208
957 237
958 237
958 227
970 227
970 214
1004 214
1004 226
1007 226
1007 155
973 155
973 144
978 144
978 149
984 149
984 146
999 146
999 142
981 142
981 115
1012 115
1012 44
1043 44
1043 50
1073 50
1073 55
1090 55
1090 59
1083 59
1083 64
1080 64
1080 78
1078 78
1078 79
1082 79
1082 210
1072 210
1072 329
1070 329
1070 306
1065 306
1065 313
1063 313
1063 294
1057 294
1057 315
1051 315
1051 358
1055 358
1055 334
1084 334
1084 69
1154 69
1154 72
1142 72
1142 74
1147 74
1147 83
1107 83
1107 84
1122 84
1122 99
1150 99
1150 80
1151 80
1151 119
1092 119
1092 121
1139 121
1139 120
1167 120
1167 128
1160 128
1160 135
1194 135
1194 160
1110 160
1110 183
1093 183
1093 439
1098 439
1098 451
1087 451
1087 476
1088 476
1088 491
1069 491
1069 498
1050 498
1050 469
1038 469
1038 606
1030 606
1030 583
1034 583
1034 534
1031 534
1031 523
1028 523
1028 522
1025 522
1025 496
1018 496
1018 517
1016 517
1016 520
1022 520
1022 538
1023 538
1023 579
1024 579
1024 635
1035 635
1035 657
1026 657
1026 645
991 645
991 612
1011 612
1011 576
1009 576
1009 566
1005 566
1005 524
1003 524
1003 564
998 564
998 580
990 580
990 642
988 642
988 650
983 650
983 644
964 644
964 649
941 649
941 572
940 572
940 653
980 653
980 658
1039 658
1039 659
1000 659
1000 660
939 660
939 682
930 682
930 756
913 756
913 782
911 782
911 821
912 821
912 840
922 840
922 941
920 941
920 861
918 861
918 1086
917 1086
917 1229
916 1229
916 1249
862 1249
862 1247
886 1247
886 1071
870 1071
870 1087
875 1087
875 1096
850 1096
850 1060
855 1060
855 1030
856 1030
856 1013
854 1013
854 1047
852 1047
852 1009
858 1009
858 982
832 982
832 1031
830 1031
830 1038
829 1038
829 1032
789 1032
789 993
790 993
790 890
785 890
785 917
782 917
782 850
779 850
779 833
776 833
776 863
774 863
774 927
777 927
777 932
784 932
784 994
781 994
781 1075
797 1075
797 1116
787 1116
787 1102
762 1102
762 1094
704 1094
704 1106
702 1106
702 1119
531 1119
531 1114
521 1114
521 1091
596 1091
596 1081
576 1081
576 1040
579 1040
579 1066
582 1066
582 1026
571 1026
571 1045
566 1045
566 1033
555 1033
555 1023
542 1023
542 1019
525 1019
525 1016
526 1016
526 989
528 989
528 951
487 951
487 948
512 948
512 944
480 944
480 922
585 922
585 928
595 928
595 924
613 924
613 916
568 916
568 914
602 914
602 899
631 899
631 904
676 904
676 901
700 901
700 843
734 843
734 860
743 860
743 866
710 866
710 873
746 873
746 877
711 877
711 998
719 998
719 965
712 965
712 902
720 902
720 885
740 885
740 964
736 964
736 979
750 979
750 940
759 940
759 912
761 912
761 906
753 906
753 887
748 887
748 878
766 878
766 855
749 855
749 842
769 842
769 968
772 968
772 956
770 956
770 829
803 829
803 827
703 827
703 839
697 839
697 837
696 837
696 892
619 892
619 894
545 894
545 900
523 900
523 903
517 903
517 853
484 853
484 841
516 841
516 822
549 822
549 817
513 817
513 816
497 816
497 811
477 811
477 845
482 845
482 871
479 871
479 967
476 967
476 971
464 971
464 881
465 881
465 854
449 854
449 846
447 846
447 818
337 818
337 799
311 799
311 783
144 783
144 808
119 808
119 809
200 809
200 810
285 810
285 806
145 806
145 800
159 800
159 797
150 797
150 784
211 784
211 790
290 790
290 819
443 819
443 882
462 882
462 893
453 893
453 970
456 970
456 972
508 972
508 957
524 957
524 1041
537 1041
537 1044
563 1044
563 1082
591 1082
591 1090
504 1090
504 1104
478 1104
478 1097
452 1097
452 1095
406 1095
406 1098
450 1098
450 1113
498 1113
498 1111
518 1111
518 1123
709 1123
709 1101
757 1101
757 1157
725 1157
725 1158
665 1158
665 1167
637 1167
637 1166
610 1166
610 1162
569 1162
569 1160
282 1160
282 1172
224 1172
224 1173
235 1173
235 1180
175 1180
175 1112
291 1112
291 1110
302 1110
302 1109
343 1109
343 1108
280 1108
280 1107
267 1107
267 1100
237 1100
237 1078
204 1078
204 947
201 947
201 938
232 938
232 936
205 936
205 934
228 934
228 926
173 926
173 949
171 949
171 1010
169 1010
169 909
107 909
107 929
102 929
102 942
86 942
86 937
31 937
31 933
19 933
19 919
25 919
25 911
35 911
35 907
54 907
54 905
18 905
18 874
15 874
15 857
14 857
14 851
9 851
9 844
1 844
1 869
5 869
5 923
17 923
17 958
26 958
26 952
114 952
114 945
122 945
122 943
113 943
113 935
116 935
116 913
166 913
166 950
168 950
168 1001
151 1001
151 999
131 999
131 1005
153 1005
153 1015
80 1015
80 1017
40 1017
40 981
39 981
39 1022
63 1022
63 1018
160 1018
160 1011
172 1011
172 973
176 973
176 931
197 931
197 974
199 974
199 1000
203 1000
203 1073
196 1073
196 1084
180 1084
180 1089
213 1089
213 1099
155 1099
155 1126
174 1126
174 1183
177 1183
177 1220
195 1220
195 1218
209 1218
209 1215
229 1215
229 1211
192 1211
192 1212
189 1212
189 1214
179 1214
179 1182
185 1182
185 1192
202 1192
202 1209
218 1209
218 1202
240 1202
240 1195
241 1195
241 1176
292 1176
292 1185
294 1185
294 1201
308 1201
308 1221
315 1221
315 1190
330 1190
330 1213
329 1213
329 1243
351 1243
351 1230
342 1230
342 1217
350 1217
350 1226
433 1226
433 1228
442 1228
442 1223
391 1223
391 1206
386 1206
386 1216
341 1216
341 1241
338 1241
338 1187
316 1187
316 1186
304 1186
304 1181
333 1181
333 1178
301 1178
301 1163
481 1163
481 1164
489 1164
489 1161
502 1161
502 1170
638 1170
638 1171
752 1171
752 1175
679 1175
679 1177
628 1177
628 1184
632 1184
632 1194
643 1194
643 1199
649 1199
649 1191
717 1191
717 1193
698 1193
698 1203
706 1203
706 1208
751 1208
751 1200
722 1200
722 1189
731 1189
731 1179
758 1179
758 1152
765 1152
765 1174
767 1174
767 1138
763 1138
763 1103
783 1103
783 1117
778 1117
778 1120
775 1120
775 1147
786 1147
786 1121
788 1121
788 1118
792 1118
792 1125
800 1125
800 1065
802 1065
802 1057
809 1057
809 1039
815 1039
815 1093
817 1093
817 1049
833 1049
833 1006
835 1006
835 1034
836 1034
836 1148
838 1148
838 996
839 996
839 984
844 984
844 1036
843 1036
843 1025
841 1025
841 1139
842 1139
842 1233
845 1233
845 1155
859 1155
859 1144
867 1144
867 1135
872 1135
872 1105
885 1105
885 1235
816 1235
816 1239
804 1239
804 1248
826 1248
826 1246
828 1246
828 1250
921 1250
921 1165
919 1165
919 1143
923 1143
923 1227
924 1227
924 997
925 997
925 888
926 888
926 849
929 849
929 830
915 830
915 815
914 815
914 763
927 763
927 793
928 793
928 757
933 757
933 990
935 990
935 1046
943 1046
943 1051
962 1051
962 1053
932 1053
932 1062
946 1062
946 1064
954 1064
954 1131
952 1131
952 1168
950 1168
950 1198
989 1198
989 1204
953 1204
953 1207
971 1207
971 1210
1033 1210
1033 1219
1027 1219
1027 1225
1015 1225
1015 1231
1108 1231
1108 1236
1042 1236
1042 1238
997 1238
997 1234
965 1234
965 1237
993 1237
993 1240
979 1240
979 1242
1116 1242
1116 1205
1118 1205
1118 1059
1129 1059
1129 1069
1138 1069
1138 1067
1140 1067
1140 995
1137 995
1137 1014
1132 1014
1132 985
1149 985
1149 987
1161 987
1161 1244
1157 1244
1157 1245
1164 1245
1164 1232
1163 1232
1163 1061
1162 1061
1162 961
1153 961
1153 870
1168 870
1168 862
1165 862
1165 856
1166 856
1166 847
1155 847
1155 814
1156 814
1156 807
1158 807
1158 786
1141 786
1141 780
1131 780
1131 794
1135 794
1135 805
1144 805
1144 812
1130 812
1130 867
1120 867
1120 868
1106 868
1106 875
1123 875
1123 879
1125 879
1125 897
1136 897
1136 891
1126 891
1126 872
1133 872
1133 820
1145 820
1145 792
1143 792
1143 791
1146 791
1146 789
1152 789
1152 939
1148 939
1148 969
1134 969
1134 975
1128 975
1128 1058
1115 1058
1115 1224
1054 1224
1054 1222
1046 1222
1046 1188
994 1188
994 1197
975 1197
975 1196
969 1196
969 1146
963 1146
963 1169
955 1169
955 1054
1014 1054
1014 1055
1059 1055
1059 1056
1074 1056
1074 1063
1044 1063
1044 1070
1077 1070
1077 1024
1079 1024
1079 1007
1068 1007
1068 1029
1066 1029
1066 1028
1056 1028
1056 1027
1053 1027
1053 1052
1010 1052
1010 1050
1021 1050
1021 1037
1019 1037
1019 1043
1013 1043
1013 1042
938 1042
938 978
977 978
977 977
967 977
967 976
934 976
934 963
937 963
937 908
936 908
936 727
931 727
931 685
944 685
944 683
942 683
942 672
947 672
947 675
1020 675
1020 664
1036 664
1036 662
948 662
948 661
1045 661
1045 570
1040 570
1040 483
1048 483
1048 565
1061 565
1061 515
1076 515
1076 505
1060 505
1060 504
1081 504
1081 605
1062 605
1062 632
1085 632
1085 530
1089 530
1089 460
1100 460
1100 435
1117 435
1117 433
1104 433
1104 374
1102 374
1102 411
1095 411
1095 314
1103 314
1103 266
1097 266
1097 220
1094 220
1094 199
1105 199
1105 207
1124 207
1124 167
1121 167
1121 164
1192 164
1192 174
1195 174
1195 225
1193 225
1193 230
1196 230
1196 240
1204 240
1204 190
1209 190
1209 202
1213 202
1213 141
1222 141
1222 241
1216 241
1216 277
1211 277
1211 292
1217 292
1217 268
1218 268
1218 467
1223 467
1223 484
1205 484
1205 700
1203 700
1203 753
1191 753
1191 705
1190 705
1190 547
1188 547
1188 722
1186 722
1186 545
1198 545
1198 540
1184 540
1184 554
1181 554
1181 596
1182 596
1182 623
1185 623
1185 634
1177 634
1177 608
1175 608
1175 641
1183 641
1183 643
1179 643
1179 663
1176 663
1176 732
1174 732
1174 719
1172 719
1172 796
1170 796
1170 824
1173 824
1173 738
1180 738
1180 754
1202 754
1202 760
1206 760
1206 712
1207 712
1207 679
1212 679
1212 607
1210 607
1210 560
1208 560
1208 513
1225 513
1225 479
1226 479
1226 406
1224 406
1224 126
1221 126
1221 57
1219 57
1219 103
1215 103
1215 43
1199 43
1199 100
1189 100
1189 111
1200 111
1200 107
1201 107
1201 132
1214 132
1214 133
1171 133
1171 117
1159 117
1159 86
1169 86
1169 62
1127 62
1127 67
1096 67
1096 54
1075 54
1075 46
1071 46
1071 47
1052 47
1052 38
1114 38
1114 42
1178 42
1178 37
1058 37
1058 30
1187 30
1187 41
1230 41
1230 39
1246 39
1246 270
1241 270
1241 390
1240 390
1240 591
1243 591
1243 813
1238 813
1238 802
1235 802
1235 724
1236 724
1236 617
1234 617
1234 709
1233 709
1233 592
1232 592
1232 466
1231 466
1231 798
1228 798
1228 759
1227 759
1227 823
1237 823
1237 835
1229 835
1229 852
1239 852
1239 838
1249 838
1249 785
1248 785
1248 735
1250 735
1250 729
1245 729
1245 459
1242 459
1242 444
1244 444
1244 283
1247 283
1247 32
1220 32
1220 28
1197 28
1197 29
1119 29
1119 26
1086 26
1086 20
1113 20
1113 1
