214
637 1167
637 1166
610 1166
610 1162
569 1162
569 1160
282 1160
282 1172
224 1172
224 1173
235 1173
235 1180
175 1180
175 1112
291 1112
291 1110
302 1110
302 1109
343 1109
343 1108
280 1108
280 1107
267 1107
267 1100
237 1100
237 1078
204 1078
204 947
201 947
201 938
232 938
232 936
205 936
205 934
228 934
228 926
173 926
173 949
171 949
171 1010
169 1010
169 909
107 909
107 929
102 929
102 942
86 942
86 937
31 937
31 933
19 933
19 919
25 919
25 911
35 911
35 907
54 907
54 905
18 905
18 874
15 874
15 857
14 857
14 851
9 851
9 844
1 844
1 869
5 869
5 923
17 923
17 958
26 958
26 952
114 952
114 945
122 945
122 943
113 943
113 935
116 935
116 913
166 913
166 950
168 950
168 1001
151 1001
151 999
131 999
131 1005
153 1005
153 1015
80 1015
80 1017
40 1017
40 981
39 981
39 1022
63 1022
63 1018
160 1018
160 1011
172 1011
172 973
176 973
176 931
197 931
197 974
199 974
199 1000
203 1000
203 1073
196 1073
196 1084
180 1084
180 1089
213 1089
213 1099
155 1099
155 1126
174 1126
174 1183
177 1183
177 1220
195 1220
195 1218
209 1218
209 1215
229 1215
229 1211
192 1211
192 1212
189 1212
189 1214
179 1214
179 1182
185 1182
185 1192
202 1192
202 1209
218 1209
218 1202
240 1202
240 1195
241 1195
241 1176
292 1176
292 1185
294 1185
294 1201
308 1201
308 1221
315 1221
315 1190
330 1190
330 1213
329 1213
329 1243
351 1243
351 1230
342 1230
342 1217
350 1217
350 1226
433 1226
433 1228
442 1228
442 1223
391 1223
391 1206
386 1206
386 1216
341 1216
341 1241
338 1241
338 1187
316 1187
316 1186
304 1186
304 1181
333 1181
333 1178
301 1178
301 1163
481 1163
481 1164
489 1164
489 1161
502 1161
502 1170
638 1170
638 1171
752 1171
752 1175
679 1175
679 1177
628 1177
628 1184
632 1184
632 1194
643 1194
643 1199
649 1199
649 1191
717 1191
717 1193
698 1193
698 1200
722 1200
722 1189
731 1189
731 1179
758 1179
758 1167
