152
45 91
45 100
42 100
42 79
11 79
11 90
14 90
14 89
17 89
17 135
2 135
2 130
3 130
3 128
1 128
1 144
7 144
7 145
9 145
9 149
4 149
4 168
5 168
5 164
12 164
12 157
16 157
16 171
21 171
21 165
19 165
19 80
22 80
22 87
23 87
23 84
41 84
41 98
32 98
32 110
34 110
34 125
35 125
35 124
54 124
54 111
57 111
57 122
61 122
61 109
51 109
51 123
37 123
37 108
53 108
53 85
55 85
55 83
69 83
69 76
73 76
73 92
63 92
63 151
67 151
67 174
87 174
87 182
66 182
66 175
60 175
60 179
50 179
50 176
40 176
40 177
38 177
38 191
33 191
33 196
84 196
84 197
118 197
118 195
140 195
140 198
148 198
148 194
152 194
152 200
164 200
164 199
194 199
194 192
183 192
183 193
59 193
59 190
72 190
72 185
88 185
88 186
134 186
134 188
115 188
115 189
197 189
197 187
155 187
155 181
174 181
174 184
186 184
186 180
190 180
190 172
180 172
180 178
135 178
135 183
96 183
96 146
112 146
112 142
117 142
117 147
163 147
163 140
92 140
92 143
93 143
93 170
83 170
83 173
81 173
81 169
78 169
78 167
71 167
71 153
75 153
75 132
65 132
65 115
64 115
64 93
82 93
82 72
62 72
62 77
52 77
52 91
