480
234 8
234 122
232 122
232 172
229 172
229 345
230 345
230 351
223 351
223 363
201 363
201 264
182 264
182 306
183 306
183 316
184 316
184 327
168 327
168 328
148 328
148 319
156 319
156 315
141 315
141 303
123 303
123 294
124 294
124 292
62 292
62 260
73 260
73 216
65 216
65 198
63 198
63 162
43 162
43 370
20 370
20 376
19 376
19 377
1 377
1 379
5 379
5 391
145 391
145 393
213 393
213 395
152 395
152 401
174 401
174 397
203 397
203 407
208 407
208 399
225 399
225 409
163 409
163 405
161 405
161 415
236 415
236 416
279 416
279 419
263 419
263 421
266 421
266 424
228 424
228 417
155 417
155 420
226 420
226 425
100 425
100 438
92 438
92 448
84 448
84 422
77 422
77 452
79 452
79 430
81 430
81 453
7 453
7 455
14 455
14 460
164 460
164 463
88 463
88 467
97 467
97 476
119 476
119 470
142 470
142 466
197 466
197 473
178 473
178 477
200 477
200 479
224 479
224 478
241 478
241 474
214 474
214 465
193 465
193 456
169 456
169 459
133 459
133 458
99 458
99 449
217 449
217 451
280 451
280 483
283 483
283 464
296 464
296 450
306 450
306 447
171 447
171 444
154 444
154 443
153 443
153 437
149 437
149 439
146 439
146 429
127 429
127 440
125 440
125 431
114 431
114 428
139 428
139 427
176 427
176 426
297 426
297 423
282 423
282 406
281 406
281 402
265 402
265 413
227 413
227 392
172 392
172 390
105 390
105 389
162 389
162 381
130 381
130 380
117 380
117 388
78 388
78 383
72 383
72 385
74 385
74 387
55 387
55 386
26 386
26 378
44 378
44 259
45 259
45 313
46 313
46 220
47 220
47 176
51 176
51 257
52 257
52 349
54 349
54 164
57 164
57 342
76 342
76 325
89 325
89 314
136 314
136 330
177 330
177 332
175 332
175 350
181 350
181 353
157 353
157 354
186 354
186 321
185 321
185 299
188 299
188 275
194 275
194 296
191 296
191 283
190 283
190 333
195 333
195 267
196 267
196 366
244 366
244 364
242 364
242 336
243 336
243 347
245 347
245 302
240 302
240 307
239 307
239 341
233 341
233 171
235 171
235 203
237 203
237 12
252 12
252 29
250 29
250 50
249 50
249 92
248 92
248 101
246 101
246 281
247 281
247 250
258 250
258 242
268 242
268 253
260 253
260 262
298 262
298 258
309 258
309 239
300 239
300 226
302 226
302 191
305 191
305 200
304 200
304 201
308 201
308 232
311 232
311 228
312 228
312 202
315 202
315 189
291 189
291 193
295 193
295 233
294 233
294 207
293 207
293 245
292 245
292 255
288 255
288 251
287 251
287 237
289 237
289 234
290 234
290 231
285 231
285 256
270 256
270 123
272 123
272 155
275 155
275 112
273 112
273 66
277 66
277 80
314 80
314 86
344 86
344 106
348 106
348 181
347 181
347 204
350 204
350 186
352 186
352 147
354 147
354 227
342 227
342 187
339 187
339 166
338 166
338 151
336 151
336 195
323 195
323 209
329 209
329 243
324 243
324 329
317 329
317 241
319 241
319 214
318 214
318 141
316 141
316 331
320 331
320 348
322 348
322 355
328 355
328 352
327 352
327 343
330 343
330 254
334 254
334 240
332 240
332 205
325 205
325 196
340 196
340 238
341 238
341 244
357 244
357 249
349 249
349 266
355 266
355 271
333 271
333 298
335 298
335 274
353 274
353 310
345 310
345 335
351 335
351 326
358 326
358 289
359 289
359 337
360 337
360 368
361 368
361 261
362 261
362 235
356 235
356 78
343 78
343 79
284 79
284 63
271 63
271 57
274 57
274 34
303 34
303 39
313 39
313 47
346 47
346 46
337 46
337 45
391 45
391 60
383 60
383 58
380 58
380 49
364 49
364 103
363 103
363 324
372 324
372 301
382 301
382 300
386 300
386 297
385 297
385 295
421 295
421 293
387 293
387 287
365 287
365 139
367 139
367 52
373 52
373 77
414 77
414 55
425 55
425 51
408 51
408 44
400 44
400 43
331 43
331 38
326 38
326 33
267 33
267 104
262 104
262 169
261 169
261 174
264 174
264 208
269 208
269 225
251 225
251 184
254 184
254 109
256 109
256 107
255 107
255 69
253 69
253 15
259 15
259 8
