966
180 1
180 2
187 2
187 17
166 17
166 53
167 53
167 23
170 23
170 21
189 21
189 11
192 11
192 14
207 14
207 5
216 5
216 32
215 32
215 90
211 90
211 35
212 35
212 19
206 19
206 83
204 83
204 96
202 96
202 56
198 56
198 88
199 88
199 99
210 99
210 134
209 134
209 118
205 118
205 182
219 182
219 217
220 217
220 138
218 138
218 4
234 4
234 122
232 122
232 172
229 172
229 345
230 345
230 351
223 351
223 363
201 363
201 264
182 264
182 306
183 306
183 316
184 316
184 327
168 327
168 328
148 328
148 319
156 319
156 315
141 315
141 303
123 303
123 294
124 294
124 277
173 277
173 276
165 276
165 269
122 269
122 291
102 291
102 292
62 292
62 260
73 260
73 137
83 137
83 149
115 149
115 129
103 129
103 120
96 120
96 140
91 140
91 111
90 111
90 102
86 102
86 91
75 91
75 82
80 82
80 73
82 73
82 59
98 59
98 70
94 70
94 67
93 67
93 72
95 72
95 84
132 84
132 144
131 144
131 157
108 157
108 183
106 183
106 185
111 185
111 212
109 212
109 223
112 223
112 224
118 224
118 213
113 213
113 168
128 168
128 190
147 190
147 206
129 206
129 210
150 210
150 218
151 218
151 167
144 167
144 159
158 159
158 194
160 194
160 161
159 161
159 156
137 156
137 165
134 165
134 110
138 110
138 105
135 105
135 74
140 74
140 75
143 75
143 68
126 68
126 64
116 64
116 61
107 61
107 26
120 26
120 31
121 31
121 22
110 22
110 18
101 18
101 30
104 30
104 42
66 42
66 127
70 127
70 211
67 211
67 216
65 216
65 198
63 198
63 162
61 162
61 94
53 94
53 24
58 24
58 25
69 25
69 20
50 20
50 85
49 85
49 16
25 16
25 248
22 248
22 215
17 215
17 188
12 188
12 178
6 178
6 192
11 192
11 222
15 222
15 230
10 230
10 236
9 236
9 246
16 246
16 252
28 252
28 153
35 153
35 150
29 150
29 76
30 76
30 41
36 41
36 36
33 36
33 28
37 28
37 37
41 37
41 175
38 175
38 221
39 221
39 247
40 247
40 338
23 338
23 334
4 334
4 340
2 340
2 357
42 357
42 40
48 40
48 121
60 121
60 148
43 148
43 370
20 370
20 376
19 376
19 377
1 377
1 379
5 379
5 391
145 391
145 393
213 393
213 395
152 395
152 401
174 401
174 397
203 397
203 407
208 407
208 399
225 399
225 409
163 409
163 405
161 405
161 415
236 415
236 416
279 416
279 419
263 419
263 421
266 421
266 424
228 424
228 417
155 417
155 420
226 420
226 425
100 425
100 438
92 438
92 448
84 448
84 422
77 422
77 452
79 452
79 430
81 430
81 453
7 453
7 455
14 455
14 460
164 460
164 463
88 463
88 467
97 467
97 476
119 476
119 470
142 470
142 466
197 466
197 473
178 473
178 477
200 477
200 479
224 479
224 478
241 478
241 474
214 474
214 465
193 465
193 456
169 456
169 459
133 459
133 458
99 458
99 449
217 449
217 451
280 451
280 483
283 483
283 464
296 464
296 450
306 450
306 447
171 447
171 444
154 444
154 443
153 443
153 437
149 437
149 439
146 439
146 429
127 429
127 440
125 440
125 431
114 431
114 428
139 428
139 427
176 427
176 426
297 426
297 423
282 423
282 406
281 406
281 402
265 402
265 413
227 413
227 392
172 392
172 390
105 390
105 389
162 389
162 381
130 381
130 380
117 380
117 388
78 388
78 383
72 383
72 385
74 385
74 387
55 387
55 386
26 386
26 378
44 378
44 259
45 259
45 313
46 313
46 220
47 220
47 176
51 176
51 257
52 257
52 349
54 349
54 164
57 164
57 342
76 342
76 325
89 325
89 314
136 314
136 330
177 330
177 332
175 332
175 350
181 350
181 353
157 353
157 354
186 354
186 321
185 321
185 299
188 299
188 275
194 275
194 296
191 296
191 283
190 283
190 333
195 333
195 267
196 267
196 366
244 366
244 364
242 364
242 336
243 336
243 347
245 347
245 302
240 302
240 307
239 307
239 341
233 341
233 171
235 171
235 203
237 203
237 12
252 12
252 29
250 29
250 50
249 50
249 92
248 92
248 101
246 101
246 281
247 281
247 250
258 250
258 242
268 242
268 253
260 253
260 262
298 262
298 258
309 258
309 239
300 239
300 226
302 226
302 191
305 191
305 200
304 200
304 201
308 201
308 232
311 232
311 228
312 228
312 202
315 202
315 189
291 189
291 193
295 193
295 233
294 233
294 207
293 207
293 245
292 245
292 255
288 255
288 251
287 251
287 237
289 237
289 234
290 234
290 231
285 231
285 256
270 256
270 123
272 123
272 155
275 155
275 112
273 112
273 66
277 66
277 80
314 80
314 86
344 86
344 106
348 106
348 181
347 181
347 204
350 204
350 186
352 186
352 147
354 147
354 227
342 227
342 187
339 187
339 166
338 166
338 151
336 151
336 195
323 195
323 209
329 209
329 243
324 243
324 329
317 329
317 241
319 241
319 214
318 214
318 141
316 141
316 331
320 331
320 348
322 348
322 355
328 355
328 352
327 352
327 343
330 343
330 254
334 254
334 240
332 240
332 205
325 205
325 196
340 196
340 238
341 238
341 244
357 244
357 249
349 249
349 266
355 266
355 271
333 271
333 298
335 298
335 274
353 274
353 310
345 310
345 335
351 335
351 326
358 326
358 289
359 289
359 337
360 337
360 368
361 368
361 261
362 261
362 235
356 235
356 78
343 78
343 79
284 79
284 63
271 63
271 57
274 57
274 34
303 34
303 39
313 39
313 47
346 47
346 46
337 46
337 45
391 45
391 60
383 60
383 58
380 58
380 48
376 48
376 49
364 49
364 103
363 103
363 324
366 324
366 356
371 356
371 435
368 435
368 469
369 469
369 454
370 454
370 457
372 457
372 301
374 301
374 384
375 384
375 322
377 322
377 418
395 418
395 414
396 414
396 441
392 441
392 436
390 436
390 442
378 442
378 482
384 482
384 471
379 471
379 461
398 461
398 433
419 433
419 462
434 462
434 468
423 468
423 481
438 481
438 480
446 480
446 446
439 446
439 445
471 445
471 434
481 434
481 404
483 404
483 375
480 375
480 432
405 432
405 412
431 412
431 410
426 410
426 411
424 411
424 400
416 400
416 394
406 394
406 408
404 408
404 373
458 373
458 374
469 374
469 371
488 371
488 369
478 369
478 367
484 367
484 362
468 362
468 361
463 361
463 359
491 359
491 475
495 475
495 484
299 484
299 491
286 491
286 492
222 492
222 497
231 497
231 496
278 496
278 495
257 495
257 493
307 493
307 494
301 494
301 498
276 498
276 499
179 499
179 500
321 500
321 488
403 488
403 486
429 486
429 490
500 490
500 346
498 346
498 382
497 382
497 398
499 398
499 489
447 489
447 487
441 487
441 485
496 485
496 472
493 472
493 344
494 344
494 323
492 323
492 358
451 358
451 365
440 365
440 372
393 372
393 396
388 396
388 403
382 403
382 300
386 300
386 297
385 297
385 295
420 295
420 304
402 304
402 309
389 309
389 318
397 318
397 360
401 360
401 339
399 339
399 320
413 320
413 312
417 312
417 317
427 317
427 305
421 305
421 290
464 290
464 286
411 286
411 279
433 279
433 285
475 285
475 268
482 268
482 265
466 265
466 280
452 280
452 278
445 278
445 282
436 282
436 273
394 273
394 293
387 293
387 263
381 263
381 287
365 287
365 139
367 139
367 52
373 52
373 81
422 81
422 93
418 93
418 97
430 97
430 114
407 114
407 115
428 115
428 124
409 124
409 130
410 130
410 163
412 163
412 128
453 128
453 133
442 133
442 170
443 170
443 199
444 199
444 219
448 219
448 229
455 229
455 177
454 177
454 180
450 180
450 152
461 152
461 145
465 145
465 131
473 131
473 197
474 197
474 126
459 126
459 143
456 143
456 125
432 125
432 77
414 77
414 55
415 55
415 71
435 71
435 98
449 98
449 117
467 117
467 116
476 116
476 132
477 132
477 173
479 173
479 119
485 119
485 146
486 146
486 179
490 179
490 135
489 135
489 113
487 113
487 108
460 108
460 100
472 100
472 89
470 89
470 87
462 87
462 95
457 95
457 62
437 62
437 65
425 65
425 51
408 51
408 44
400 44
400 43
331 43
331 38
326 38
326 27
310 27
310 33
267 33
267 104
262 104
262 169
261 169
261 174
264 174
264 208
269 208
269 225
251 225
251 184
254 184
254 109
256 109
256 107
255 107
255 69
253 69
253 15
259 15
259 8
238 8
238 3
221 3
221 1
