90
127 399
127 435
103 435
103 442
74 442
74 452
67 452
67 445
62 445
62 439
47 439
47 450
39 450
39 455
46 455
46 457
58 457
58 458
64 458
64 453
94 453
94 462
95 462
95 448
96 448
96 465
43 465
43 468
32 468
32 469
14 469
14 447
22 447
22 427
17 427
17 404
11 404
11 237
36 237
36 234
3 234
3 223
5 223
5 217
1 217
1 239
2 239
2 235
7 235
7 240
9 240
9 414
10 414
10 430
12 430
12 472
26 472
26 473
49 473
49 467
85 467
85 471
87 471
87 470
104 470
104 483
82 483
82 481
83 481
83 475
80 475
80 490
81 490
81 496
44 496
44 499
101 499
101 488
139 488
139 484
126 484
126 485
120 485
120 474
109 474
109 463
100 463
100 443
137 443
137 399
