750
180 11
180 41
152 41
152 42
108 42
108 126
106 126
106 157
129 157
129 283
118 283
118 280
116 280
116 344
112 344
112 279
98 279
98 313
105 313
105 326
93 326
93 216
91 216
91 228
88 228
88 195
86 195
86 226
71 226
71 203
72 203
72 214
76 214
76 198
73 198
73 189
77 189
77 166
79 166
79 164
75 164
75 173
69 173
69 161
65 161
65 162
66 162
66 176
68 176
68 213
70 213
70 231
92 231
92 314
90 314
90 327
89 327
89 336
102 336
102 351
111 351
111 367
127 367
127 435
103 435
103 442
74 442
74 452
67 452
67 445
62 445
62 439
47 439
47 450
39 450
39 455
46 455
46 457
58 457
58 458
64 458
64 453
94 453
94 462
95 462
95 448
96 448
96 465
43 465
43 468
32 468
32 469
14 469
14 447
22 447
22 427
17 427
17 404
11 404
11 237
36 237
36 234
3 234
3 223
5 223
5 217
1 217
1 239
2 239
2 235
7 235
7 240
9 240
9 414
10 414
10 430
12 430
12 472
26 472
26 473
49 473
49 467
85 467
85 471
87 471
87 470
104 470
104 483
82 483
82 481
83 481
83 475
80 475
80 490
81 490
81 496
44 496
44 499
101 499
101 488
139 488
139 484
126 484
126 485
120 485
120 474
109 474
109 463
100 463
100 443
137 443
137 399
131 399
131 135
110 135
110 119
114 119
114 76
119 76
119 71
117 71
117 55
170 55
170 67
157 67
157 73
134 73
134 85
136 85
136 97
153 97
153 102
181 102
181 105
190 105
190 104
206 104
206 103
221 103
221 95
270 95
270 89
272 89
272 101
325 101
325 106
317 106
317 108
201 108
201 129
300 129
300 147
291 147
291 138
282 138
282 140
269 140
269 150
302 150
302 120
295 120
295 117
319 117
319 118
336 118
336 114
344 114
344 123
358 123
358 133
341 133
341 148
354 148
354 149
326 149
326 170
322 170
322 211
403 211
403 212
467 212
467 215
472 215
472 415
469 415
469 368
401 368
401 361
446 361
446 359
434 359
434 348
445 348
445 345
431 345
431 353
407 353
407 343
423 343
423 329
416 329
416 317
430 317
430 308
419 308
419 315
415 315
415 341
412 341
412 270
389 270
389 268
375 268
375 264
405 264
405 257
411 257
411 256
380 256
380 245
388 245
388 242
367 242
367 227
366 227
366 224
365 224
365 218
320 218
320 219
298 219
298 220
364 220
364 241
330 241
330 271
315 271
315 294
321 294
321 304
296 304
296 301
299 301
299 261
293 261
293 252
283 252
283 263
285 263
285 275
281 275
281 284
250 284
250 290
248 290
248 262
261 262
261 269
264 269
264 258
247 258
247 255
243 255
243 277
232 277
232 330
236 330
236 347
237 347
237 357
230 357
230 287
229 287
229 233
228 233
228 366
225 366
225 378
214 378
214 340
215 340
215 295
199 295
199 244
195 244
195 232
188 232
188 298
193 298
193 346
196 346
196 334
194 334
194 302
211 302
211 369
197 369
197 374
198 374
198 437
213 437
213 438
202 438
202 446
169 446
169 444
174 444
174 434
167 434
167 436
150 436
150 393
166 393
166 339
160 339
160 251
161 251
161 265
163 265
163 272
168 272
168 278
171 278
171 386
172 386
172 267
173 267
173 250
146 250
146 292
151 292
151 273
148 273
148 259
159 259
159 363
158 363
158 306
155 306
155 377
144 377
144 365
140 365
140 403
149 403
149 433
143 433
143 449
185 449
185 454
175 454
175 498
186 498
186 500
242 500
242 497
252 497
252 492
308 492
308 494
316 494
316 493
314 493
314 479
348 479
348 480
351 480
351 478
292 478
292 482
284 482
284 486
253 486
253 489
277 489
277 487
313 487
313 491
251 491
251 495
179 495
179 461
204 461
204 477
278 477
278 476
223 476
223 464
222 464
222 460
177 460
177 456
205 456
205 451
219 451
219 418
217 418
217 425
200 425
200 395
203 395
203 396
208 396
208 380
212 380
212 401
220 401
220 387
240 387
240 385
255 385
255 390
249 390
249 394
290 394
290 389
304 389
304 397
307 397
307 392
335 392
335 391
328 391
328 383
343 383
343 384
350 384
350 407
352 407
352 388
353 388
353 408
356 408
356 400
360 400
360 381
235 381
235 373
239 373
239 352
245 352
245 293
268 293
268 297
260 297
260 303
280 303
280 310
327 310
327 316
312 316
312 324
303 324
303 321
305 321
305 318
301 318
301 322
286 322
286 350
287 350
287 362
311 362
311 355
324 355
324 354
297 354
297 342
333 342
333 356
337 356
337 349
338 349
338 333
331 333
331 328
339 328
339 246
342 246
342 248
349 248
349 247
373 247
373 276
369 276
369 312
372 312
372 323
379 323
379 376
363 376
363 405
368 405
368 419
382 419
382 416
378 416
378 413
394 413
394 420
424 420
424 426
408 426
408 429
451 429
451 423
441 423
441 424
444 424
444 428
427 428
427 417
435 417
435 412
370 412
370 398
377 398
377 379
383 379
383 382
385 382
385 364
384 364
384 325
391 325
391 320
374 320
374 289
376 289
376 274
396 274
396 299
399 299
399 285
409 285
409 296
406 296
406 335
404 335
404 311
402 311
402 331
395 331
395 358
400 358
400 375
453 375
453 372
465 372
465 431
486 431
486 422
487 422
487 410
477 410
477 305
481 305
481 300
482 300
482 182
484 182
484 179
478 179
478 260
480 260
480 291
476 291
476 181
471 181
471 175
466 175
466 171
495 171
495 168
496 168
496 165
488 165
488 169
483 169
483 167
443 167
443 192
450 192
450 191
449 191
449 172
460 172
460 186
454 186
454 205
463 205
463 190
461 190
461 178
470 178
470 183
475 183
475 406
473 406
473 319
474 319
474 210
392 210
392 206
390 206
390 200
381 200
381 209
355 209
355 208
357 208
357 207
323 207
323 187
340 187
340 188
347 188
347 180
345 180
345 184
329 184
329 160
332 160
332 159
362 159
362 136
361 136
361 113
334 113
334 116
294 116
294 111
289 111
289 125
279 125
279 128
265 128
265 127
274 127
274 121
226 121
226 109
346 109
346 96
273 96
273 87
275 87
275 69
259 69
259 65
227 65
227 64
257 64
257 56
256 56
256 52
246 52
246 54
224 54
224 53
216 53
216 77
231 77
231 70
233 70
233 72
241 72
241 74
244 74
244 75
262 75
262 82
234 82
234 84
266 84
266 88
165 88
165 92
164 92
164 80
162 80
162 68
189 68
189 78
191 78
191 60
178 60
178 59
184 59
184 48
145 48
145 47
135 47
135 49
176 49
176 51
121 51
121 43
209 43
209 30
187 30
187 18
183 18
183 22
182 22
182 14
210 14
210 15
288 15
288 11
