226
1 1
1 31
4 31
4 36
35 36
35 37
46 37
46 27
51 27
51 21
86 21
86 25
99 25
99 39
102 39
102 41
98 41
98 45
2 45
2 65
5 65
5 81
10 81
10 82
8 82
8 91
16 91
16 74
14 74
14 70
6 70
6 49
65 49
65 56
76 56
76 51
94 51
94 67
100 67
100 61
107 61
107 77
122 77
122 47
112 47
112 33
127 33
127 66
132 66
132 85
138 85
138 92
148 92
148 98
137 98
137 100
145 100
145 116
142 116
142 117
150 117
150 87
140 87
140 43
139 43
139 32
135 32
135 84
133 84
133 23
121 23
121 9
180 9
180 8
203 8
203 5
266 5
266 12
309 12
309 35
311 35
311 53
286 53
286 83
281 83
281 69
277 69
277 58
276 58
276 79
267 79
267 18
253 18
253 30
242 30
242 19
236 19
236 24
215 24
215 72
210 72
210 104
207 104
207 106
177 106
177 103
178 103
178 57
176 57
176 60
168 60
168 38
161 38
161 52
163 52
163 68
174 68
174 78
172 78
172 71
155 71
155 90
152 90
152 93
157 93
157 112
211 112
211 128
200 128
200 148
213 148
213 147
205 147
205 129
212 129
212 115
214 115
214 89
216 89
216 86
218 86
218 29
219 29
219 118
221 118
221 76
224 76
224 132
225 132
225 138
226 138
226 62
220 62
220 28
229 28
229 44
231 44
231 40
249 40
249 75
250 75
250 63
256 63
256 109
261 109
261 46
265 46
265 144
274 144
274 149
296 149
296 152
299 152
299 127
392 127
392 136
384 136
384 155
404 155
404 151
393 151
393 150
389 150
389 146
385 146
385 143
397 143
397 125
298 125
298 130
275 130
275 105
288 105
288 94
301 94
301 88
287 88
287 54
312 54
312 22
327 22
327 6
381 6
381 4
75 4
75 7
63 7
63 13
57 13
57 14
83 14
83 10
95 10
95 16
108 16
108 48
104 48
104 20
12 20
12 17
26 17
26 15
7 15
7 2
3 2
3 1
