822
1 1
1 31
4 31
4 36
35 36
35 37
46 37
46 27
51 27
51 21
86 21
86 25
99 25
99 39
102 39
102 41
98 41
98 45
2 45
2 65
5 65
5 81
10 81
10 82
8 82
8 91
16 91
16 74
14 74
14 70
6 70
6 49
65 49
65 56
76 56
76 51
94 51
94 67
100 67
100 61
107 61
107 77
122 77
122 47
112 47
112 33
127 33
127 66
132 66
132 85
138 85
138 92
148 92
148 98
137 98
137 100
145 100
145 116
142 116
142 117
150 117
150 87
140 87
140 43
139 43
139 32
135 32
135 84
133 84
133 23
121 23
121 9
180 9
180 8
203 8
203 5
266 5
266 12
309 12
309 35
311 35
311 53
286 53
286 83
281 83
281 69
277 69
277 58
276 58
276 79
267 79
267 18
253 18
253 30
242 30
242 19
236 19
236 24
215 24
215 72
210 72
210 104
207 104
207 106
177 106
177 103
178 103
178 57
176 57
176 60
168 60
168 38
161 38
161 52
163 52
163 68
174 68
174 78
172 78
172 71
155 71
155 90
152 90
152 93
157 93
157 112
211 112
211 128
200 128
200 148
213 148
213 147
205 147
205 129
212 129
212 115
214 115
214 89
216 89
216 86
218 86
218 29
219 29
219 118
221 118
221 76
224 76
224 132
225 132
225 138
226 138
226 62
220 62
220 28
229 28
229 44
231 44
231 40
249 40
249 75
250 75
250 63
256 63
256 109
261 109
261 46
265 46
265 144
274 144
274 149
296 149
296 152
299 152
299 127
392 127
392 136
384 136
384 155
379 155
379 154
368 154
368 159
371 159
371 216
373 216
373 255
370 255
370 276
364 276
364 243
346 243
346 239
350 239
350 235
345 235
345 266
321 266
321 256
282 256
282 257
293 257
293 279
290 279
290 287
270 287
270 283
268 283
268 285
269 285
269 288
279 288
279 300
260 300
260 224
262 224
262 226
263 226
263 209
258 209
258 221
240 221
240 242
217 242
217 248
209 248
209 184
193 184
193 180
158 180
158 181
128 181
128 174
146 174
146 160
147 160
147 156
144 156
144 167
126 167
126 173
119 173
119 165
120 165
120 164
97 164
97 298
92 298
92 335
105 335
105 291
109 291
109 333
125 333
125 234
114 234
114 229
130 229
130 208
124 208
124 220
111 220
111 247
110 247
110 286
103 286
103 319
101 319
101 246
106 246
106 168
113 168
113 178
116 178
116 172
118 172
118 204
123 204
123 206
136 206
136 202
134 202
134 198
131 198
131 196
129 196
129 183
149 183
149 187
143 187
143 195
159 195
159 182
160 182
160 212
165 212
165 185
186 185
186 194
201 194
201 218
184 218
184 222
202 222
202 249
237 249
237 254
188 254
188 259
166 259
166 278
164 278
164 307
154 307
154 273
153 273
153 309
170 309
170 295
175 295
175 313
156 313
156 332
191 332
191 360
195 360
195 393
141 393
141 402
115 402
115 401
117 401
117 389
84 389
84 353
80 353
80 370
82 370
82 392
79 392
79 405
74 405
74 394
56 394
56 391
78 391
78 376
61 376
61 390
55 390
55 379
53 379
53 274
54 274
54 269
52 269
52 219
62 219
62 231
73 231
73 232
70 232
70 236
89 236
89 215
91 215
91 211
67 211
67 213
58 213
58 205
60 205
60 200
49 200
49 177
66 177
66 171
88 171
88 188
71 188
71 191
90 191
90 169
41 169
41 293
42 293
42 192
45 192
45 214
50 214
50 356
44 356
44 380
32 380
32 277
40 277
40 186
24 186
24 161
28 161
28 142
21 142
21 157
19 157
19 145
18 145
18 223
20 223
20 245
23 245
23 190
33 190
33 203
39 203
39 253
38 253
38 252
36 252
36 265
27 265
27 384
43 384
43 395
47 395
47 398
68 398
68 407
72 407
72 410
93 410
93 396
96 396
96 403
169 403
169 397
196 397
196 317
183 317
183 325
182 325
182 304
192 304
192 299
208 299
208 294
234 294
234 386
232 386
232 382
230 382
230 406
223 406
223 369
228 369
228 365
227 365
227 355
222 355
222 409
239 409
239 387
244 387
244 400
246 400
246 371
247 371
247 366
248 366
248 322
340 322
340 324
324 324
324 326
264 326
264 362
272 362
272 346
284 346
284 343
285 343
285 367
304 367
304 378
318 378
318 377
329 377
329 364
333 364
333 383
317 383
317 388
335 388
335 373
337 373
337 358
338 358
338 357
349 357
349 345
310 345
310 348
306 348
306 349
289 349
289 344
305 344
305 327
313 327
313 340
316 340
316 339
315 339
315 338
352 338
352 336
342 336
342 331
380 331
380 330
383 330
383 334
391 334
391 329
387 329
387 323
367 323
367 321
243 321
243 361
235 361
235 270
198 270
198 263
179 263
179 262
187 262
187 261
251 261
251 230
254 230
254 297
255 297
255 312
291 312
291 314
300 314
300 308
325 308
325 306
303 306
303 292
322 292
322 281
336 281
336 311
348 311
348 267
355 267
355 315
358 315
358 316
359 316
359 320
365 320
365 290
375 290
375 170
374 170
374 162
406 162
406 163
402 163
402 193
401 193
401 241
398 241
398 282
400 282
400 260
403 260
403 166
412 166
412 158
404 158
404 151
393 151
393 150
389 150
389 146
385 146
385 143
397 143
397 124
314 124
314 123
378 123
378 120
382 120
382 111
416 111
416 119
415 119
415 126
421 126
421 140
418 140
418 141
465 141
465 176
475 176
475 197
469 197
469 201
461 201
461 189
454 189
454 225
453 225
453 217
446 217
446 227
438 227
438 237
437 237
437 207
436 207
436 199
434 199
434 238
428 238
428 251
441 251
441 271
439 271
439 289
427 289
427 310
442 310
442 268
445 268
445 296
471 296
471 305
476 305
476 302
485 302
485 301
489 301
489 399
487 399
487 408
486 408
486 453
483 453
483 433
480 433
480 351
420 351
420 359
423 359
423 368
443 368
443 381
447 381
447 473
417 473
417 470
419 470
419 467
409 467
409 426
410 426
410 414
343 414
343 431
347 431
347 435
353 435
353 441
339 441
339 437
278 437
278 442
297 442
297 443
238 443
238 436
233 436
233 465
252 465
252 471
328 471
328 474
320 474
320 479
206 479
206 472
204 472
204 480
377 480
377 478
344 478
344 469
283 469
283 468
257 468
257 462
241 462
241 444
361 444
361 416
407 416
407 450
394 450
394 424
395 424
395 422
405 422
405 419
390 419
390 458
408 458
408 475
449 475
449 459
450 459
450 404
451 404
451 354
444 354
444 352
467 352
467 374
470 374
470 375
472 375
472 372
478 372
478 363
479 363
479 466
490 466
490 448
499 448
499 445
496 445
496 385
491 385
491 347
500 347
500 342
493 342
493 303
498 303
498 284
452 284
452 264
456 264
456 258
448 258
448 244
435 244
435 240
459 240
459 233
463 233
463 228
458 228
458 210
477 210
477 179
482 179
482 175
468 175
468 139
430 139
430 133
464 133
464 131
422 131
422 110
369 110
369 122
292 122
292 125
298 125
298 130
275 130
275 105
288 105
288 94
301 94
301 88
287 88
287 54
312 54
312 22
327 22
327 6
381 6
381 4
75 4
75 7
63 7
63 13
57 13
57 14
83 14
83 10
95 10
95 16
108 16
108 48
104 48
104 20
12 20
12 17
26 17
26 15
7 15
7 2
3 2
3 1
