90
90 142
90 141
87 141
87 136
82 136
82 124
58 124
58 59
36 59
36 100
25 100
25 107
22 107
22 176
8 176
8 145
1 145
1 164
2 164
2 180
12 180
12 188
11 188
11 191
10 191
10 193
6 193
6 197
3 197
3 199
14 199
14 182
18 182
18 194
23 194
23 112
26 112
26 172
28 172
28 152
27 152
27 101
29 101
29 114
35 114
35 139
33 139
33 149
32 149
32 134
30 134
30 169
31 169
31 200
34 200
34 192
37 192
37 106
40 106
40 96
38 96
38 68
42 68
42 70
43 70
43 77
45 77
45 103
50 103
50 75
46 75
46 71
44 71
44 66
55 66
55 125
73 125
73 143
57 143
57 151
61 151
61 195
66 195
66 177
71 177
71 166
64 166
64 146
88 146
88 142
