174
132 53
132 60
93 60
93 123
92 123
92 126
95 126
95 130
101 130
101 132
91 132
91 138
98 138
98 150
90 150
90 141
87 141
87 136
82 136
82 124
58 124
58 59
36 59
36 100
25 100
25 107
22 107
22 176
8 176
8 145
1 145
1 164
2 164
2 180
12 180
12 188
11 188
11 191
10 191
10 193
6 193
6 197
3 197
3 199
14 199
14 182
18 182
18 194
23 194
23 112
26 112
26 172
28 172
28 152
27 152
27 101
29 101
29 114
35 114
35 139
33 139
33 149
32 149
32 134
30 134
30 169
31 169
31 200
34 200
34 192
37 192
37 106
40 106
40 96
38 96
38 68
42 68
42 70
43 70
43 77
45 77
45 103
50 103
50 75
46 75
46 71
44 71
44 66
55 66
55 125
73 125
73 143
57 143
57 151
61 151
61 198
69 198
69 196
81 196
81 195
66 195
66 177
71 177
71 154
74 154
74 173
78 173
78 178
83 178
83 165
79 165
79 168
76 168
76 161
80 161
80 153
70 153
70 166
64 166
64 146
85 146
85 148
88 148
88 142
89 142
89 160
105 160
105 140
115 140
115 147
122 147
122 189
123 189
123 174
126 174
126 170
125 170
125 137
106 137
106 117
96 117
96 104
94 104
94 84
102 84
102 87
107 87
107 82
99 82
99 69
129 69
129 72
108 72
108 74
113 74
113 86
137 86
137 85
133 85
133 83
118 83
118 76
121 76
121 73
139 73
139 67
109 67
109 64
100 64
100 61
103 61
103 63
143 63
143 53
