156
23 28
23 17
12 17
12 31
1 31
1 80
2 80
2 85
4 85
4 76
5 76
5 70
3 70
3 33
10 33
10 36
7 36
7 49
11 49
11 42
13 42
13 43
15 43
15 18
21 18
21 30
24 30
24 61
27 61
27 62
16 62
16 87
19 87
19 89
22 89
22 73
28 73
28 47
26 47
26 35
48 35
48 46
47 46
47 38
44 38
44 82
43 82
43 81
41 81
41 60
37 60
37 51
34 51
34 74
35 74
35 65
38 65
38 63
39 63
39 88
33 88
33 94
31 94
31 97
29 97
29 100
75 100
75 84
77 84
77 86
89 86
89 79
95 79
95 75
96 75
96 92
97 92
97 95
99 95
99 93
100 93
100 91
98 91
98 72
84 72
84 78
86 78
86 83
73 83
73 64
90 64
90 68
94 68
94 66
91 66
91 59
93 59
93 56
92 56
92 57
87 57
87 22
88 22
88 6
85 6
85 20
83 20
83 40
82 40
82 25
81 25
81 41
80 41
80 19
78 19
78 23
79 23
79 53
76 53
76 58
70 58
70 45
66 45
66 54
67 54
67 48
68 48
68 50
69 50
69 69
71 69
71 71
72 71
72 98
74 98
74 99
60 99
60 96
57 96
57 90
45 90
45 77
46 77
46 67
51 67
51 52
63 52
63 44
50 44
50 55
49 55
49 34
56 34
56 32
36 32
36 28
