340
25 1
25 5
34 5
34 4
68 4
68 10
105 10
105 15
119 15
119 13
129 13
129 28
128 28
128 29
123 29
123 44
125 44
125 61
122 61
122 56
120 56
120 36
110 36
110 50
101 50
101 49
88 49
88 25
89 25
89 22
93 22
93 24
90 24
90 32
100 32
100 19
64 19
64 39
58 39
58 16
22 16
22 18
24 18
24 26
27 26
27 17
39 17
39 37
36 37
36 38
18 38
18 41
20 41
20 40
44 40
44 27
49 27
49 31
51 31
51 42
26 42
26 43
38 43
38 46
40 46
40 45
69 45
69 21
76 21
76 20
79 20
79 34
77 34
77 47
78 47
78 53
111 53
111 58
86 58
86 62
95 62
95 65
84 65
84 66
103 66
103 63
116 63
116 73
114 73
114 75
113 75
113 77
210 77
210 72
211 72
211 76
224 76
224 80
225 80
225 71
185 71
185 64
186 64
186 70
230 70
230 78
228 78
228 85
235 85
235 126
226 126
226 212
223 212
223 224
219 224
219 229
241 229
241 230
208 230
208 225
203 225
203 221
205 221
205 204
201 204
201 190
202 190
202 180
194 180
194 171
190 171
190 163
62 163
62 179
65 179
65 184
47 184
47 198
7 198
7 186
6 186
6 161
2 161
2 159
9 159
9 155
1 155
1 189
5 189
5 200
41 200
41 201
46 201
46 202
45 202
45 208
66 208
66 192
53 192
53 196
48 196
48 188
70 188
70 165
82 165
82 169
85 169
85 166
99 166
99 167
149 167
149 177
134 177
134 182
107 182
107 187
155 187
155 185
137 185
137 183
160 183
160 176
167 176
167 170
171 170
171 174
174 174
174 164
180 164
180 175
183 175
183 173
192 173
192 181
198 181
198 235
193 235
193 237
182 237
182 228
188 228
188 194
163 194
163 193
158 193
158 195
146 195
146 197
169 197
169 199
179 199
179 207
162 207
162 210
178 210
178 223
173 223
173 232
143 232
143 236
142 236
142 234
126 234
126 217
133 217
133 216
135 216
135 215
127 215
127 209
124 209
124 214
109 214
109 219
96 219
96 218
92 218
92 220
118 220
118 226
117 226
117 222
104 222
104 238
206 238
206 241
216 241
216 249
196 249
196 247
195 247
195 244
191 244
191 243
106 243
106 246
112 246
112 245
145 245
145 248
189 248
189 250
218 250
218 240
220 240
220 242
244 242
244 239
232 239
232 233
222 233
222 231
248 231
248 227
229 227
229 206
236 206
236 213
250 213
250 112
249 112
249 172
247 172
247 211
246 211
246 191
245 191
245 142
242 142
242 93
240 93
240 168
243 168
243 203
231 203
231 205
227 205
227 178
233 178
233 128
239 128
239 90
237 90
237 69
212 69
212 68
199 68
199 60
172 60
172 74
140 74
140 67
130 67
130 35
152 35
152 33
150 33
150 23
136 23
136 30
132 30
132 14
131 14
131 12
121 12
121 11
108 11
108 8
115 8
115 7
102 7
102 9
71 9
71 6
73 6
73 3
42 3
42 2
30 2
30 1
