332
120 1
120 2
96 2
96 6
99 6
99 9
123 9
123 10
135 10
135 8
134 8
134 4
119 4
119 5
114 5
114 3
141 3
141 13
145 13
145 14
182 14
182 16
164 16
164 17
193 17
193 23
187 23
187 28
194 28
194 51
195 51
195 75
181 75
181 43
179 43
179 127
177 127
177 52
169 52
169 64
173 64
173 100
172 100
172 65
167 65
167 86
170 86
170 102
160 102
160 108
143 108
143 97
159 97
159 62
166 62
166 61
157 61
157 47
163 47
163 37
158 37
158 40
155 40
155 93
144 93
144 88
142 88
142 50
139 50
139 63
140 63
140 109
175 109
175 123
152 123
152 125
171 125
171 128
184 128
184 103
186 103
186 115
196 115
196 130
188 130
188 131
176 131
176 133
178 133
178 134
174 134
174 163
168 163
168 146
154 146
154 150
109 150
109 148
107 148
107 144
101 144
101 145
93 145
93 141
136 141
136 143
138 143
138 92
137 92
137 85
133 85
133 38
132 38
132 82
131 82
131 71
130 71
130 77
127 77
127 87
125 87
125 24
122 24
122 49
124 49
124 94
121 94
121 84
117 84
117 110
113 110
113 118
126 118
126 90
128 90
128 137
105 137
105 140
92 140
92 154
110 154
110 159
80 159
80 135
85 135
85 83
90 83
90 81
86 81
86 76
103 76
103 73
84 73
84 122
70 122
70 124
34 124
34 177
23 177
23 104
30 104
30 116
31 116
31 156
28 156
28 161
33 161
33 32
32 32
32 44
29 44
29 39
27 39
27 27
26 27
26 91
25 91
25 19
19 19
19 18
16 18
16 20
3 20
3 35
4 35
4 26
10 26
10 46
17 46
17 105
14 105
14 55
5 55
5 57
6 57
6 78
8 78
8 79
9 79
9 106
12 106
12 107
15 107
15 113
20 113
20 41
13 41
13 22
18 22
18 25
24 25
24 54
21 54
21 56
22 56
22 178
36 178
36 191
11 191
11 190
1 190
1 200
2 200
2 192
7 192
7 196
43 196
43 199
59 199
59 197
65 197
65 198
81 198
81 189
73 189
73 185
116 185
116 188
118 188
118 186
146 186
146 184
67 184
67 183
64 183
64 193
78 193
78 195
75 195
75 194
55 194
55 187
38 187
38 182
97 182
97 181
148 181
148 180
68 180
68 174
63 174
63 171
129 171
129 172
151 172
151 169
153 169
153 167
149 167
149 170
111 170
111 168
57 168
57 176
50 176
50 179
40 179
40 175
35 175
35 129
56 129
56 126
82 126
82 132
54 132
54 136
76 136
76 149
60 149
60 152
66 152
66 160
112 160
112 153
115 153
115 151
156 151
156 157
161 157
161 162
150 162
150 164
58 164
58 166
165 166
165 165
180 165
180 142
183 142
183 138
185 138
185 155
191 155
191 158
200 158
200 147
189 147
189 139
199 139
199 72
197 72
197 68
198 68
198 15
192 15
192 12
190 12
190 7
162 7
162 11
147 11
147 1
