128
215 118
215 156
209 156
209 160
204 160
204 161
195 161
195 181
205 181
205 184
201 184
201 211
197 211
197 225
193 225
193 235
191 235
191 239
190 239
190 240
141 240
141 241
14 241
14 244
13 244
13 231
29 231
29 230
62 230
62 227
27 227
27 166
31 166
31 134
6 134
6 167
4 167
4 207
5 207
5 232
1 232
1 233
8 233
8 209
10 209
10 202
9 202
9 175
7 175
7 141
15 141
15 171
12 171
12 183
17 183
17 173
18 173
18 137
19 137
19 152
20 152
20 136
30 136
30 165
26 165
26 188
21 188
21 198
22 198
22 229
11 229
11 248
3 248
3 249
2 249
2 250
16 250
16 246
25 246
25 245
61 245
61 247
69 247
69 242
192 242
192 243
194 243
194 237
199 237
199 220
206 220
206 180
196 180
196 172
214 172
214 162
218 162
218 159
216 159
216 148
221 148
221 164
234 164
234 158
236 158
236 30
237 30
237 157
238 157
238 38
239 38
239 29
240 29
240 26
241 26
241 82
246 82
246 96
242 96
242 130
243 130
243 142
245 142
245 103
247 103
247 22
235 22
235 118
