468
166 1
166 150
168 150
168 151
173 151
173 138
180 138
180 145
189 145
189 143
202 143
202 133
188 133
188 126
207 126
207 124
211 124
211 119
203 119
203 110
215 110
215 156
209 156
209 160
204 160
204 161
195 161
195 181
205 181
205 184
201 184
201 211
198 211
198 195
197 195
197 225
193 225
193 235
191 235
191 239
190 239
190 240
141 240
141 241
14 241
14 244
13 244
13 231
29 231
29 230
62 230
62 226
45 226
45 223
42 223
42 224
41 224
41 221
38 221
38 213
133 213
133 214
109 214
109 216
127 216
127 217
124 217
124 218
135 218
135 228
138 228
138 222
148 222
148 219
146 219
146 212
84 212
84 210
54 210
54 208
59 208
59 206
68 206
68 203
143 203
143 205
160 205
160 169
159 169
159 144
155 144
155 139
156 139
156 105
153 105
153 37
158 37
158 36
164 36
164 28
157 28
157 16
161 16
161 15
165 15
165 5
163 5
163 2
162 2
162 14
152 14
152 10
129 10
129 8
108 8
108 7
144 7
144 3
126 3
126 4
92 4
92 6
101 6
101 9
91 9
91 11
149 11
149 12
145 12
145 17
150 17
150 32
151 32
151 122
154 122
154 204
147 204
147 201
83 201
83 200
58 200
58 199
67 199
67 197
57 197
57 196
125 196
125 194
139 194
139 187
142 187
142 174
140 174
140 186
110 186
110 177
86 177
86 176
74 176
74 163
107 163
107 170
132 170
132 168
114 168
114 154
104 154
104 70
115 70
115 84
113 84
113 94
116 94
116 86
123 86
123 100
121 100
121 109
120 109
120 117
122 117
122 123
128 123
128 79
117 79
117 73
131 73
131 71
137 71
137 21
136 21
136 51
134 51
134 67
130 67
130 50
111 50
111 58
118 58
118 59
119 59
119 62
112 62
112 68
106 68
106 31
94 31
94 33
93 33
93 54
95 54
95 34
105 34
105 61
103 61
103 140
102 140
102 69
100 69
100 108
97 108
97 104
96 104
96 93
85 93
85 112
80 112
80 48
79 48
79 114
88 114
88 149
89 149
89 99
90 99
90 113
99 113
99 155
75 155
75 153
77 153
77 129
73 129
73 77
76 77
76 64
78 64
78 56
72 56
72 63
70 63
70 135
71 135
71 178
82 178
82 179
81 179
81 182
87 182
87 189
98 189
98 192
51 192
51 193
40 193
40 191
49 191
49 120
48 120
48 101
50 101
50 146
63 146
63 147
64 147
64 131
65 131
65 185
66 185
66 91
47 91
47 190
37 190
37 215
36 215
36 227
27 227
27 166
31 166
31 134
6 134
6 167
4 167
4 207
5 207
5 232
1 232
1 233
8 233
8 209
10 209
10 202
9 202
9 175
7 175
7 141
15 141
15 171
12 171
12 183
17 183
17 173
18 173
18 137
19 137
19 152
20 152
20 136
30 136
30 165
26 165
26 188
21 188
21 198
22 198
22 229
11 229
11 248
3 248
3 249
2 249
2 250
16 250
16 246
25 246
25 245
61 245
61 247
69 247
69 242
192 242
192 243
194 243
194 237
199 237
199 220
206 220
206 180
196 180
196 172
214 172
214 162
218 162
218 159
216 159
216 148
221 148
221 164
234 164
234 158
236 158
236 30
237 30
237 157
238 157
238 38
239 38
239 29
240 29
240 26
241 26
241 82
246 82
246 96
242 96
242 130
243 130
243 142
244 142
244 238
250 238
250 234
249 234
249 236
245 236
245 103
247 103
247 22
248 22
248 18
208 18
208 24
200 24
200 25
213 25
213 27
210 27
210 35
230 35
230 39
223 39
223 41
224 41
224 45
231 45
231 20
222 20
222 19
235 19
235 118
229 118
229 115
228 115
228 116
225 116
225 95
233 95
233 57
232 57
232 90
227 90
227 78
226 78
226 81
219 81
219 46
212 46
212 55
217 55
217 97
186 97
186 89
184 89
184 98
220 98
220 106
185 106
185 132
181 132
181 125
175 125
175 127
172 127
172 88
176 88
176 65
178 65
178 76
182 76
182 74
187 74
187 49
183 49
183 13
179 13
179 23
177 23
177 47
174 47
174 83
171 83
171 128
170 128
170 42
169 42
169 52
167 52
167 1
