92
31 5
31 6
37 6
37 7
3 7
3 8
38 8
38 10
2 10
2 14
1 14
1 15
4 15
4 16
6 16
6 45
5 45
5 50
7 50
7 41
8 41
8 33
20 33
20 31
15 31
15 27
17 27
17 28
18 28
18 30
19 30
19 22
30 22
30 25
36 25
36 23
44 23
44 34
42 34
42 36
46 36
46 24
47 24
47 40
41 40
41 39
34 39
34 37
32 37
32 35
28 35
28 38
21 38
21 44
22 44
22 49
23 49
23 48
27 48
27 47
26 47
26 42
35 42
35 46
45 46
45 43
48 43
48 29
50 29
50 19
49 19
49 21
43 21
43 17
16 17
16 20
14 20
14 32
9 32
9 26
10 26
10 18
13 18
13 13
12 13
12 11
24 11
24 12
40 12
40 9
39 9
39 5
