180
68 6
68 18
76 18
76 37
77 37
77 65
74 65
74 28
70 28
70 67
67 67
67 69
69 69
69 79
63 79
63 77
42 77
42 75
34 75
34 66
62 66
62 10
3 10
3 19
1 19
1 47
2 47
2 46
4 46
4 12
31 12
31 13
19 13
19 25
15 25
15 20
12 20
12 24
11 24
11 23
6 23
6 30
7 30
7 45
23 45
23 44
26 44
26 43
52 43
52 31
35 31
35 29
30 29
30 32
46 32
46 38
40 38
40 40
39 40
39 36
38 36
38 41
16 41
16 42
14 42
14 35
17 35
17 26
33 26
33 14
44 14
44 16
56 16
56 15
60 15
60 21
58 21
58 34
59 34
59 55
57 55
57 64
20 64
20 63
45 63
45 58
32 58
32 62
29 62
29 57
9 57
9 60
18 60
18 61
13 61
13 76
10 76
10 71
8 71
8 74
5 74
5 78
21 78
21 84
22 84
22 91
37 91
37 94
27 94
27 96
50 96
50 97
43 97
43 100
48 100
48 99
54 99
54 98
51 98
51 85
47 85
47 86
49 86
49 88
25 88
25 73
24 73
24 70
28 70
28 81
61 81
61 83
66 83
66 87
55 87
55 90
65 90
65 93
89 93
89 95
93 95
93 92
72 92
72 59
73 59
73 82
83 82
83 54
86 54
86 53
87 53
87 52
88 52
88 56
94 56
94 68
92 68
92 89
95 89
95 50
90 50
90 49
99 49
99 22
98 22
98 48
85 48
85 39
84 39
84 51
81 51
81 80
78 80
78 33
79 33
79 11
82 11
82 7
97 7
97 6
