96
1 484
1 495
5 495
5 494
24 494
24 485
20 485
20 483
19 483
19 471
18 471
18 454
128 454
128 452
104 452
104 451
165 451
165 472
170 472
170 476
181 476
181 497
180 497
180 499
159 499
159 500
218 500
218 498
196 498
196 496
183 496
183 491
202 491
202 479
185 479
185 475
206 475
206 492
210 492
210 489
223 489
223 487
221 487
221 482
228 482
228 456
298 456
298 470
292 470
292 478
295 478
295 477
299 477
299 464
353 464
353 466
403 466
403 468
402 468
402 486
409 486
409 461
413 461
413 488
424 488
424 462
477 462
477 460
414 460
414 459
323 459
323 463
303 463
303 458
324 458
324 455
216 455
216 465
227 465
227 480
207 480
207 474
193 474
193 473
178 473
178 450
102 450
102 453
17 453
17 457
16 457
16 490
8 490
8 493
3 493
3 484
