214
63 131
63 173
64 173
64 230
60 230
60 273
54 273
54 274
2 274
2 287
1 287
1 294
41 294
41 300
38 300
38 301
47 301
47 297
52 297
52 290
42 290
42 288
12 288
12 289
8 289
8 281
14 281
14 278
55 278
55 285
62 285
62 235
65 235
65 167
66 167
66 136
80 136
80 148
94 148
94 158
92 158
92 220
95 220
95 217
97 217
97 222
100 222
100 249
106 249
106 250
102 250
102 275
99 275
99 277
89 277
89 279
76 279
76 243
73 243
73 263
75 263
75 268
67 268
67 284
74 284
74 286
83 286
83 282
87 282
87 298
93 298
93 280
103 280
103 295
105 295
105 258
122 258
122 302
109 302
109 309
116 309
116 342
111 342
111 365
126 365
126 379
135 379
135 375
127 375
127 362
146 362
146 385
136 385
136 386
182 386
182 401
161 401
161 387
153 387
153 389
160 389
160 403
269 403
269 402
265 402
265 398
322 398
322 413
321 413
321 414
251 414
251 416
258 416
258 417
240 417
240 412
209 412
209 411
313 411
313 405
275 405
275 408
252 408
252 410
224 410
224 409
176 409
176 415
108 415
108 418
132 418
132 422
138 422
138 428
115 428
115 432
112 432
112 440
215 440
215 445
226 445
226 446
214 446
214 442
202 442
202 447
185 447
185 449
198 449
198 450
218 450
218 452
169 452
169 454
213 454
213 455
228 455
228 448
236 448
236 443
232 443
232 441
241 441
241 439
191 439
191 436
178 436
178 435
211 435
211 429
141 429
141 427
155 427
155 425
165 425
165 423
147 423
147 419
331 419
331 407
333 407
333 424
346 424
346 404
343 404
343 397
261 397
261 400
201 400
201 399
238 399
238 394
216 394
216 391
186 391
186 382
257 382
257 381
149 381
149 356
121 356
121 350
125 350
125 248
123 248
123 245
104 245
104 203
120 203
120 202
96 202
96 175
98 175
98 131
