998
19 1
19 76
24 76
24 77
15 77
15 79
22 79
22 87
16 87
16 107
11 107
11 112
7 112
7 98
10 98
10 63
13 63
13 21
9 21
9 88
5 88
5 29
3 29
3 43
4 43
4 104
6 104
6 119
17 119
17 114
18 114
18 120
20 120
20 102
27 102
27 164
28 164
28 154
33 154
33 195
25 195
25 207
26 207
26 267
46 267
46 206
49 206
49 134
50 134
50 238
51 238
51 55
48 55
48 172
45 172
45 196
43 196
43 244
37 244
37 213
29 213
29 201
40 201
40 54
53 54
53 58
56 58
56 110
57 110
57 101
58 101
58 208
59 208
59 126
63 126
63 173
64 173
64 230
60 230
60 273
54 273
54 274
2 274
2 287
1 287
1 294
41 294
41 300
38 300
38 301
47 301
47 297
52 297
52 290
42 290
42 288
12 288
12 289
8 289
8 281
14 281
14 278
55 278
55 285
62 285
62 235
65 235
65 167
66 167
66 136
80 136
80 148
94 148
94 158
92 158
92 220
95 220
95 217
97 217
97 222
100 222
100 249
106 249
106 250
102 250
102 275
99 275
99 277
89 277
89 279
76 279
76 243
73 243
73 263
75 263
75 268
67 268
67 284
74 284
74 286
83 286
83 282
87 282
87 298
93 298
93 280
103 280
103 295
105 295
105 258
122 258
122 302
109 302
109 309
116 309
116 342
111 342
111 365
126 365
126 379
135 379
135 375
127 375
127 362
146 362
146 385
136 385
136 386
182 386
182 401
161 401
161 387
153 387
153 389
160 389
160 403
269 403
269 402
265 402
265 398
322 398
322 413
321 413
321 414
251 414
251 416
258 416
258 417
240 417
240 412
209 412
209 411
313 411
313 405
275 405
275 408
252 408
252 410
224 410
224 409
176 409
176 415
108 415
108 418
132 418
132 422
138 422
138 428
115 428
115 432
112 432
112 440
215 440
215 445
226 445
226 446
214 446
214 442
202 442
202 447
185 447
185 449
198 449
198 450
218 450
218 452
169 452
169 454
213 454
213 455
228 455
228 448
236 448
236 443
232 443
232 441
241 441
241 439
191 439
191 436
178 436
178 435
211 435
211 429
141 429
141 427
155 427
155 425
165 425
165 423
147 423
147 419
331 419
331 407
333 407
333 460
327 460
327 473
352 473
352 482
351 482
351 484
373 484
373 485
315 485
315 486
336 486
336 490
362 490
362 494
398 494
398 495
187 495
187 493
172 493
172 497
157 497
157 492
152 492
152 500
189 500
189 498
233 498
233 496
334 496
334 499
404 499
404 491
428 491
428 489
355 489
355 487
388 487
388 480
420 480
420 483
476 483
476 476
480 476
480 481
477 481
477 488
498 488
498 461
496 461
496 478
494 478
494 457
497 457
497 451
486 451
486 464
481 464
481 426
479 426
479 313
492 313
492 106
495 106
495 62
499 62
499 44
500 44
500 40
491 40
491 97
490 97
490 118
489 118
489 99
488 99
488 241
484 241
484 211
487 211
487 59
485 59
485 68
482 68
482 69
483 69
483 252
475 252
475 299
478 299
478 472
473 472
473 467
457 467
457 459
474 459
474 458
444 458
444 444
445 444
445 456
458 456
458 453
459 453
459 384
460 384
460 406
462 406
462 390
465 390
465 420
472 420
472 353
468 353
468 345
469 345
469 323
467 323
467 303
435 303
435 272
415 272
415 292
409 292
409 266
410 266
410 233
391 233
391 236
403 236
403 251
396 251
396 254
386 254
386 253
377 253
377 246
332 246
332 255
294 255
294 271
273 271
273 291
254 291
254 283
264 283
264 260
280 260
280 259
260 259
260 265
256 265
256 229
271 229
271 226
274 226
274 225
272 225
272 212
279 212
279 219
309 219
309 223
310 223
310 216
319 216
319 215
290 215
290 205
288 205
288 194
287 194
287 184
286 184
286 183
289 183
289 182
173 182
173 166
229 166
229 171
263 171
263 168
291 168
291 169
330 169
330 170
329 170
329 179
324 179
324 193
356 193
356 185
347 185
347 161
285 161
285 160
414 160
414 157
395 157
395 152
416 152
416 221
411 221
411 231
413 231
413 232
432 232
432 224
430 224
430 218
443 218
443 214
464 214
464 210
439 210
439 204
441 204
441 198
424 198
424 199
419 199
419 176
426 176
426 178
427 178
427 163
425 163
425 89
422 89
422 133
421 133
421 135
423 135
423 149
394 149
394 125
399 125
399 74
400 74
400 117
405 117
405 108
418 108
418 93
412 93
412 92
408 92
408 96
407 96
407 91
402 91
402 64
392 64
392 111
397 111
397 122
383 122
383 75
382 75
382 61
378 61
378 78
368 78
368 81
341 81
341 86
353 86
353 94
348 94
348 90
301 90
301 85
325 85
325 73
318 73
318 70
320 70
320 67
314 67
314 72
300 72
300 39
283 39
283 50
284 50
284 48
297 48
297 51
298 51
298 66
296 66
296 71
299 71
299 80
307 80
307 82
282 82
282 95
306 95
306 100
342 100
342 103
365 103
365 109
369 109
369 84
374 84
374 83
376 83
376 105
381 105
381 142
380 142
380 156
363 156
363 159
277 159
277 162
166 162
166 177
162 177
162 155
255 155
255 150
244 150
244 140
262 140
262 139
239 139
239 151
237 151
237 123
246 123
246 132
276 132
276 127
250 127
250 121
227 121
227 129
231 129
231 137
206 137
206 138
225 138
225 141
235 141
235 153
188 153
188 144
156 144
156 145
143 145
143 165
137 165
137 147
134 147
134 180
139 180
139 174
148 174
148 181
159 181
159 186
190 186
190 187
180 187
180 189
208 189
208 190
192 190
192 192
267 192
267 191
278 191
278 197
270 197
270 228
268 228
268 227
243 227
243 234
223 234
223 237
230 237
230 257
220 257
220 264
242 264
242 247
234 247
234 240
248 240
248 239
253 239
253 270
249 270
249 293
292 293
292 276
303 276
303 269
302 269
302 262
335 262
335 261
361 261
361 256
390 256
390 296
431 296
431 304
453 304
453 314
437 314
437 305
372 305
372 325
375 325
375 332
367 332
367 335
387 335
387 336
364 336
364 340
317 340
317 338
326 338
326 327
328 327
328 326
349 326
349 324
337 324
337 316
339 316
339 310
259 310
259 308
219 308
219 306
170 306
170 307
179 307
179 311
142 311
142 321
175 321
175 319
195 319
195 328
130 328
130 331
203 331
203 322
197 322
197 315
199 315
199 312
316 312
316 337
312 337
312 341
366 341
366 344
385 344
385 348
304 348
304 347
247 347
247 349
293 349
293 351
354 351
354 352
417 352
417 343
379 343
379 339
446 339
446 334
384 334
384 329
389 329
389 318
393 318
393 317
455 317
455 320
456 320
456 330
406 330
406 333
466 333
466 346
452 346
452 360
461 360
461 354
470 354
470 383
463 383
463 377
449 377
449 368
433 368
433 370
442 370
442 393
440 393
440 421
434 421
434 433
447 433
447 437
448 437
448 378
450 378
450 395
451 395
451 438
438 438
438 465
429 465
429 468
454 468
454 470
471 470
471 474
493 474
493 475
436 475
436 479
401 479
401 477
359 477
359 471
360 471
360 469
371 469
371 466
357 466
357 463
338 463
338 462
345 462
345 434
340 434
340 431
370 431
370 430
358 430
358 424
346 424
346 404
343 404
343 397
344 397
344 396
266 396
266 366
281 366
281 359
305 359
305 369
308 369
308 364
350 364
350 363
323 363
323 355
311 355
311 358
295 358
295 357
261 357
261 400
201 400
201 399
238 399
238 392
221 392
221 394
216 394
216 388
193 388
193 391
186 391
186 382
257 382
257 361
245 361
245 380
200 380
200 376
222 376
222 373
217 373
217 371
167 371
167 367
164 367
164 372
212 372
212 374
158 374
158 381
149 381
149 356
121 356
121 350
125 350
125 248
123 248
123 242
118 242
118 245
104 245
104 203
110 203
110 209
120 209
120 200
101 200
101 202
96 202
96 175
98 175
98 116
90 116
90 115
85 115
85 130
88 130
88 131
82 131
82 124
61 124
61 49
70 49
70 47
91 47
91 52
78 52
78 56
79 56
79 53
117 53
117 45
128 45
128 38
113 38
113 41
84 41
84 42
77 42
77 46
34 46
34 57
39 57
39 188
36 188
36 128
35 128
35 146
32 146
32 143
31 143
31 65
30 65
30 60
21 60
21 6
72 6
72 9
163 9
163 11
150 11
150 12
68 12
68 36
71 36
71 35
86 35
86 13
204 13
204 15
174 15
174 14
124 14
124 22
119 22
119 30
114 30
114 34
129 34
129 18
151 18
151 16
171 16
171 23
154 23
154 19
133 19
133 28
140 28
140 32
131 32
131 37
145 37
145 33
181 33
181 31
144 31
144 27
168 27
168 24
184 24
184 25
183 25
183 26
205 26
205 20
207 20
207 17
210 17
210 10
194 10
194 7
196 7
196 2
44 2
44 3
177 3
177 8
107 8
107 5
69 5
69 4
23 4
23 1
