Removal 0: 
Solution 0: 
10 22
13 16
19 14
21 3
22 3
25 1
5 5
7 11

Solution 1: 
13 16
19 14
21 3
22 3
25 1
5 5
7 11
8 24

Solution 2: 
13 16
19 14
21 3
22 3
25 25
5 5
7 11
8 24

Solution 3: 
13 16
19 14
21 3
22 3
24 8
5 5
7 11
8 24

Solution 4: 
13 16
19 14
21 3
22 3
24 25
5 5
7 11
8 24

Solution 5: 
10 22
13 16
19 14
21 3
22 3
24 25
5 5
7 11

Solution 6: 
10 22
13 16
19 14
21 3
22 3
25 25
5 5
7 11

Solution 7: 
10 22
13 16
19 14
21 3
22 3
24 8
5 5
7 11

Solution 8: 
1 5
10 22
13 16
19 14
21 3
22 3
24 8
7 11

Solution 9: 
10 22
13 16
19 14
21 3
22 3
24 8
4 6
7 11

Solution 10: 
1 6
10 22
13 16
19 14
21 3
22 3
24 8
7 11

Solution 11: 
1 6
10 22
13 16
19 14
21 3
22 3
25 1
7 11

Solution 12: 
1 6
10 22
13 16
19 14
21 3
22 3
25 25
7 11

Solution 13: 
1 6
10 22
13 16
19 14
21 3
22 3
24 25
7 11

Solution 14: 
10 22
13 16
19 14
21 3
22 3
24 25
4 6
7 11

Solution 15: 
1 5
10 22
13 16
19 14
21 3
22 3
24 25
7 11

Solution 16: 
1 5
10 22
13 16
19 14
21 3
22 3
25 1
7 11

Solution 17: 
1 5
10 22
13 16
19 14
21 3
22 3
25 25
7 11

Solution 18: 
10 22
13 16
19 14
21 3
22 3
25 25
4 6
7 11

Solution 19: 
10 22
13 16
19 14
21 3
22 3
25 1
4 6
7 11

Solution 20: 
10 22
13 16
19 14
21 3
22 19
25 1
4 6
7 11

Solution 21: 
10 22
13 16
19 14
21 3
23 19
25 1
4 6
7 11

Solution 22: 
10 22
13 16
19 14
21 3
23 8
25 1
4 6
7 11

Solution 23: 
10 22
13 16
19 14
21 3
23 8
25 25
4 6
7 11

Solution 24: 
10 22
13 16
19 14
21 3
23 8
24 8
4 6
7 11

Solution 25: 
10 22
13 16
19 14
21 3
23 8
24 25
4 6
7 11

Solution 26: 
10 22
13 16
19 14
21 3
22 19
24 8
4 6
7 11

Solution 27: 
10 22
13 16
19 14
21 3
23 19
24 8
4 6
7 11

Solution 28: 
1 5
10 22
13 16
19 14
21 3
23 19
24 8
7 11

Solution 29: 
1 6
10 22
13 16
19 14
21 3
23 19
24 8
7 11

Solution 30: 
1 6
10 22
13 16
19 14
21 3
22 19
24 8
7 11

Solution 31: 
1 5
10 22
13 16
19 14
21 3
22 19
24 8
7 11

Solution 32: 
1 5
10 22
13 16
19 14
21 3
23 8
24 8
7 11

Solution 33: 
1 6
10 22
13 16
19 14
21 3
23 8
24 8
7 11

Solution 34: 
1 6
10 22
13 16
19 14
21 3
23 8
25 25
7 11

Solution 35: 
1 6
10 22
13 16
19 14
21 3
23 8
24 25
7 11

Solution 36: 
1 6
10 22
13 16
19 14
21 3
23 8
25 1
7 11

Solution 37: 
1 6
10 22
13 16
19 14
21 3
23 19
25 1
7 11

Solution 38: 
1 6
10 22
13 16
19 14
21 3
22 19
25 1
7 11

Solution 39: 
1 5
10 22
13 16
19 14
21 3
22 19
25 1
7 11

Solution 40: 
1 5
10 22
13 16
19 14
21 3
23 19
25 1
7 11

Solution 41: 
10 22
13 16
19 14
21 3
23 19
25 1
5 5
7 11

Solution 42: 
10 22
13 16
19 14
21 3
22 19
25 1
5 5
7 11

Solution 43: 
10 22
13 16
19 14
21 3
22 19
24 8
5 5
7 11

Solution 44: 
10 22
13 16
19 14
21 3
23 19
24 8
5 5
7 11

Solution 45: 
10 22
13 16
19 14
21 3
23 8
24 8
5 5
7 11

Solution 46: 
10 22
13 16
19 14
21 3
23 8
24 25
5 5
7 11

Solution 47: 
10 22
13 16
19 14
21 3
23 8
25 25
5 5
7 11

Solution 48: 
10 22
13 16
19 14
21 3
23 8
25 1
5 5
7 11

Solution 49: 
1 5
10 22
13 16
19 14
21 3
23 8
25 1
7 11

Solution 50: 
1 5
10 22
13 16
19 14
21 3
23 8
24 25
7 11

Solution 51: 
1 5
10 22
13 16
19 14
21 3
23 8
25 25
7 11

Solution 52: 
1 5
13 16
19 14
21 3
23 8
25 25
7 11
8 24

Solution 53: 
1 5
13 16
19 14
21 3
23 8
24 25
7 11
8 24

Solution 54: 
1 5
13 16
19 14
21 3
23 8
24 8
7 11
8 24

Solution 55: 
1 6
13 16
19 14
21 3
23 8
24 8
7 11
8 24

Solution 56: 
13 16
19 14
21 3
23 8
24 8
4 6
7 11
8 24

Solution 57: 
13 16
19 14
21 3
23 8
24 8
5 5
7 11
8 24

Solution 58: 
13 16
19 14
21 3
23 8
24 25
5 5
7 11
8 24

Solution 59: 
13 16
19 14
21 3
23 8
25 25
5 5
7 11
8 24

Solution 60: 
13 16
19 14
21 3
23 8
25 1
5 5
7 11
8 24

Solution 61: 
1 6
13 16
19 14
21 3
23 8
25 1
7 11
8 24

Solution 62: 
13 16
19 14
21 3
23 8
25 1
4 6
7 11
8 24

Solution 63: 
1 5
13 16
19 14
21 3
23 8
25 1
7 11
8 24

Solution 64: 
1 6
13 16
19 14
21 3
23 8
25 25
7 11
8 24

Solution 65: 
13 16
19 14
21 3
23 8
25 25
4 6
7 11
8 24

Solution 66: 
13 16
19 14
21 3
23 8
24 25
4 6
7 11
8 24

Solution 67: 
1 6
13 16
19 14
21 3
23 8
24 25
7 11
8 24

Solution 68: 
1 6
13 16
19 14
21 3
22 19
24 8
7 11
8 24

Solution 69: 
1 6
13 16
19 14
21 3
23 19
24 8
7 11
8 24

Solution 70: 
1 6
13 16
19 14
21 3
23 19
25 1
7 11
8 24

Solution 71: 
1 6
13 16
19 14
21 3
22 19
25 1
7 11
8 24

Solution 72: 
1 6
13 16
19 14
21 3
22 3
25 1
7 11
8 24

Solution 73: 
1 6
13 16
19 14
21 3
22 3
25 25
7 11
8 24

Solution 74: 
1 6
13 16
19 14
21 3
22 3
24 25
7 11
8 24

Solution 75: 
1 6
13 16
19 14
21 3
22 3
24 8
7 11
8 24

Solution 76: 
1 5
13 16
19 14
21 3
22 3
24 8
7 11
8 24

Solution 77: 
13 16
19 14
21 3
22 3
24 8
4 6
7 11
8 24

Solution 78: 
13 16
19 14
21 3
22 19
24 8
4 6
7 11
8 24

Solution 79: 
13 16
19 14
21 3
23 19
24 8
4 6
7 11
8 24

Solution 80: 
13 16
19 14
21 3
23 19
24 8
5 5
7 11
8 24

Solution 81: 
1 5
13 16
19 14
21 3
23 19
24 8
7 11
8 24

Solution 82: 
1 5
13 16
19 14
21 3
22 19
24 8
7 11
8 24

Solution 83: 
13 16
19 14
21 3
22 19
24 8
5 5
7 11
8 24

Solution 84: 
13 16
19 14
21 3
22 19
25 1
5 5
7 11
8 24

Solution 85: 
1 5
13 16
19 14
21 3
22 19
25 1
7 11
8 24

Solution 86: 
13 16
19 14
21 3
22 19
25 1
4 6
7 11
8 24

Solution 87: 
13 16
19 14
21 3
23 19
25 1
4 6
7 11
8 24

Solution 88: 
13 16
19 14
21 3
22 3
25 1
4 6
7 11
8 24

Solution 89: 
13 16
19 14
21 3
22 3
25 25
4 6
7 11
8 24

Solution 90: 
13 16
19 14
21 3
22 3
24 25
4 6
7 11
8 24

Solution 91: 
1 5
13 16
19 14
21 3
22 3
24 25
7 11
8 24

Solution 92: 
1 5
13 16
19 14
21 3
22 3
25 25
7 11
8 24

Solution 93: 
1 5
13 16
19 14
21 3
22 3
25 1
7 11
8 24

Solution 94: 
1 5
13 16
19 14
21 3
23 19
25 1
7 11
8 24

Solution 95: 
13 16
19 14
21 3
23 19
25 1
5 5
7 11
8 24

Number of solutions found: 96

Changes at vertices: 
New Vertex: 6 4
9 4 -> 9 2
----------------------------------
Removal 1: 
Solution 0: 
1 5
13 16
19 14
21 3
22 3
25 1
7 11
8 24

Solution 1: 
1 5
10 22
13 16
19 14
21 3
22 3
25 1
7 11

Solution 2: 
1 5
10 22
13 16
19 14
21 3
22 3
24 25
7 11

Solution 3: 
1 5
10 22
13 16
19 14
21 3
22 3
24 8
7 11

Solution 4: 
1 5
10 22
13 16
19 14
21 3
22 3
25 25
7 11

Solution 5: 
1 5
13 16
19 14
21 3
22 3
25 25
7 11
8 24

Solution 6: 
1 5
13 16
19 14
21 3
22 3
24 25
7 11
8 24

Solution 7: 
1 5
13 16
19 14
21 3
22 3
24 8
7 11
8 24

Solution 8: 
1 5
13 16
19 14
21 3
23 8
24 8
7 11
8 24

Solution 9: 
1 5
13 16
19 14
21 3
23 19
24 8
7 11
8 24

Solution 10: 
1 5
13 16
19 14
21 3
23 19
25 1
7 11
8 24

Solution 11: 
1 5
13 16
19 14
21 3
22 19
25 1
7 11
8 24

Solution 12: 
1 5
13 16
19 14
21 3
23 8
25 1
7 11
8 24

Solution 13: 
1 5
13 16
19 14
21 3
23 8
24 25
7 11
8 24

Solution 14: 
1 5
13 16
19 14
21 3
23 8
25 25
7 11
8 24

Solution 15: 
1 5
13 16
19 14
21 3
22 19
24 8
7 11
8 24

Solution 16: 
1 6
13 16
19 14
21 3
22 19
24 8
7 11
8 24

Solution 17: 
1 6
13 16
19 14
21 3
23 19
24 8
7 11
8 24

Solution 18: 
13 16
19 14
21 3
23 19
24 8
4 6
7 11
8 24

Solution 19: 
13 16
19 14
21 3
23 19
24 8
5 5
7 11
8 24

Solution 20: 
13 16
19 14
21 3
22 19
24 8
5 5
7 11
8 24

Solution 21: 
13 16
19 14
21 3
22 19
24 8
4 6
7 11
8 24

Solution 22: 
13 16
19 14
21 3
22 3
24 8
4 6
7 11
8 24

Solution 23: 
13 16
19 14
21 3
23 8
24 8
4 6
7 11
8 24

Solution 24: 
13 16
19 14
21 3
23 8
24 8
5 5
7 11
8 24

Solution 25: 
1 6
13 16
19 14
21 3
23 8
24 8
7 11
8 24

Solution 26: 
1 6
13 16
19 14
21 3
22 3
24 8
7 11
8 24

Solution 27: 
13 16
19 14
21 3
22 3
24 8
5 5
7 11
8 24

Solution 28: 
13 16
19 14
21 3
22 3
25 25
5 5
7 11
8 24

Solution 29: 
13 16
19 14
21 3
22 3
24 25
5 5
7 11
8 24

Solution 30: 
13 16
19 14
21 3
22 3
25 1
5 5
7 11
8 24

Solution 31: 
13 16
19 14
21 3
22 19
25 1
5 5
7 11
8 24

Solution 32: 
13 16
19 14
21 3
23 19
25 1
5 5
7 11
8 24

Solution 33: 
13 16
19 14
21 3
23 8
25 1
5 5
7 11
8 24

Solution 34: 
13 16
19 14
21 3
23 8
25 25
5 5
7 11
8 24

Solution 35: 
13 16
19 14
21 3
23 8
24 25
5 5
7 11
8 24

Solution 36: 
1 6
13 16
19 14
21 3
23 8
24 25
7 11
8 24

Solution 37: 
13 16
19 14
21 3
23 8
24 25
4 6
7 11
8 24

Solution 38: 
13 16
19 14
21 3
23 8
25 25
4 6
7 11
8 24

Solution 39: 
1 6
13 16
19 14
21 3
23 8
25 25
7 11
8 24

Solution 40: 
1 6
13 16
19 14
21 3
23 8
25 1
7 11
8 24

Solution 41: 
13 16
19 14
21 3
23 8
25 1
4 6
7 11
8 24

Solution 42: 
13 16
19 14
21 3
22 19
25 1
4 6
7 11
8 24

Solution 43: 
13 16
19 14
21 3
23 19
25 1
4 6
7 11
8 24

Solution 44: 
13 16
19 14
21 3
22 3
25 1
4 6
7 11
8 24

Solution 45: 
1 6
13 16
19 14
21 3
22 3
25 1
7 11
8 24

Solution 46: 
1 6
13 16
19 14
21 3
22 19
25 1
7 11
8 24

Solution 47: 
1 6
13 16
19 14
21 3
23 19
25 1
7 11
8 24

Solution 48: 
1 6
13 16
19 14
21 3
22 3
24 25
7 11
8 24

Solution 49: 
1 6
13 16
19 14
21 3
22 3
25 25
7 11
8 24

Solution 50: 
13 16
19 14
21 3
22 3
25 25
4 6
7 11
8 24

Solution 51: 
13 16
19 14
21 3
22 3
24 25
4 6
7 11
8 24

Solution 52: 
10 22
13 16
19 14
21 3
22 3
24 25
4 6
7 11

Solution 53: 
10 22
13 16
19 14
21 3
22 3
25 25
4 6
7 11

Solution 54: 
10 22
13 16
19 14
21 3
22 3
24 8
4 6
7 11

Solution 55: 
10 22
13 16
19 14
21 3
22 3
25 1
4 6
7 11

Solution 56: 
1 6
10 22
13 16
19 14
21 3
22 3
25 1
7 11

Solution 57: 
1 6
10 22
13 16
19 14
21 3
22 3
24 8
7 11

Solution 58: 
1 6
10 22
13 16
19 14
21 3
22 3
24 25
7 11

Solution 59: 
1 6
10 22
13 16
19 14
21 3
22 3
25 25
7 11

Solution 60: 
10 22
13 16
19 14
21 3
22 3
25 25
5 5
7 11

Solution 61: 
10 22
13 16
19 14
21 3
22 3
24 8
5 5
7 11

Solution 62: 
10 22
13 16
19 14
21 3
22 3
25 1
5 5
7 11

Solution 63: 
10 22
13 16
19 14
21 3
22 3
24 25
5 5
7 11

Solution 64: 
10 22
13 16
19 14
21 3
23 8
24 25
5 5
7 11

Solution 65: 
10 22
13 16
19 14
21 3
23 8
25 25
5 5
7 11

Solution 66: 
10 22
13 16
19 14
21 3
23 8
24 8
5 5
7 11

Solution 67: 
10 22
13 16
19 14
21 3
23 8
25 1
5 5
7 11

Solution 68: 
10 22
13 16
19 14
21 3
22 19
25 1
5 5
7 11

Solution 69: 
10 22
13 16
19 14
21 3
23 19
25 1
5 5
7 11

Solution 70: 
10 22
13 16
19 14
21 3
23 19
24 8
5 5
7 11

Solution 71: 
10 22
13 16
19 14
21 3
22 19
24 8
5 5
7 11

Solution 72: 
10 22
13 16
19 14
21 3
22 19
24 8
4 6
7 11

Solution 73: 
1 5
10 22
13 16
19 14
21 3
22 19
24 8
7 11

Solution 74: 
1 6
10 22
13 16
19 14
21 3
22 19
24 8
7 11

Solution 75: 
1 6
10 22
13 16
19 14
21 3
22 19
25 1
7 11

Solution 76: 
10 22
13 16
19 14
21 3
22 19
25 1
4 6
7 11

Solution 77: 
1 5
10 22
13 16
19 14
21 3
22 19
25 1
7 11

Solution 78: 
1 5
10 22
13 16
19 14
21 3
23 19
25 1
7 11

Solution 79: 
1 5
10 22
13 16
19 14
21 3
23 8
25 1
7 11

Solution 80: 
1 5
10 22
13 16
19 14
21 3
23 8
25 25
7 11

Solution 81: 
1 5
10 22
13 16
19 14
21 3
23 8
24 25
7 11

Solution 82: 
10 22
13 16
19 14
21 3
23 8
24 25
4 6
7 11

Solution 83: 
10 22
13 16
19 14
21 3
23 8
25 25
4 6
7 11

Solution 84: 
1 6
10 22
13 16
19 14
21 3
23 8
25 25
7 11

Solution 85: 
1 6
10 22
13 16
19 14
21 3
23 8
24 25
7 11

Solution 86: 
1 6
10 22
13 16
19 14
21 3
23 8
25 1
7 11

Solution 87: 
10 22
13 16
19 14
21 3
23 8
25 1
4 6
7 11

Solution 88: 
10 22
13 16
19 14
21 3
23 19
25 1
4 6
7 11

Solution 89: 
1 6
10 22
13 16
19 14
21 3
23 19
25 1
7 11

Solution 90: 
1 6
10 22
13 16
19 14
21 3
23 19
24 8
7 11

Solution 91: 
1 6
10 22
13 16
19 14
21 3
23 8
24 8
7 11

Solution 92: 
1 5
10 22
13 16
19 14
21 3
23 8
24 8
7 11

Solution 93: 
1 5
10 22
13 16
19 14
21 3
23 19
24 8
7 11

Solution 94: 
10 22
13 16
19 14
21 3
23 19
24 8
4 6
7 11

Solution 95: 
10 22
13 16
19 14
21 3
23 8
24 8
4 6
7 11

Number of solutions found: 96

Changes at vertices: 
New Vertex: 5 5
9 5 -> 9 4
----------------------------------
Removal 2: 
Solution 0: 
13 16
19 14
21 3
22 3
25 1
7 11
8 24
9 5

Solution 1: 
10 22
13 16
19 14
21 3
22 3
25 1
7 11
9 5

Solution 2: 
10 22
13 16
19 14
21 3
22 3
25 1
4 6
7 11

Solution 3: 
1 6
10 22
13 16
19 14
21 3
22 3
25 1
7 11

Solution 4: 
1 5
10 22
13 16
19 14
21 3
22 3
25 1
7 11

Solution 5: 
1 5
13 16
19 14
21 3
22 3
25 1
7 11
8 24

Solution 6: 
1 6
13 16
19 14
21 3
22 3
25 1
7 11
8 24

Solution 7: 
13 16
19 14
21 3
22 3
25 1
4 6
7 11
8 24

Solution 8: 
13 16
19 14
21 3
22 3
24 8
4 6
7 11
8 24

Solution 9: 
13 16
19 14
21 3
22 3
24 25
4 6
7 11
8 24

Solution 10: 
13 16
19 14
21 3
22 3
25 25
4 6
7 11
8 24

Solution 11: 
10 22
13 16
19 14
21 3
22 3
25 25
4 6
7 11

Solution 12: 
10 22
13 16
19 14
21 3
22 3
24 25
4 6
7 11

Solution 13: 
10 22
13 16
19 14
21 3
22 3
24 8
4 6
7 11

Solution 14: 
1 6
10 22
13 16
19 14
21 3
22 3
24 8
7 11

Solution 15: 
1 5
10 22
13 16
19 14
21 3
22 3
24 8
7 11

Solution 16: 
10 22
13 16
19 14
21 3
22 3
24 8
7 11
9 5

Solution 17: 
10 22
13 16
19 14
21 3
22 3
24 25
7 11
9 5

Solution 18: 
10 22
13 16
19 14
21 3
22 3
25 25
7 11
9 5

Solution 19: 
1 6
10 22
13 16
19 14
21 3
22 3
25 25
7 11

Solution 20: 
1 6
10 22
13 16
19 14
21 3
22 3
24 25
7 11

Solution 21: 
1 5
10 22
13 16
19 14
21 3
22 3
24 25
7 11

Solution 22: 
1 5
10 22
13 16
19 14
21 3
22 3
25 25
7 11

Solution 23: 
1 5
13 16
19 14
21 3
22 3
25 25
7 11
8 24

Solution 24: 
1 5
13 16
19 14
21 3
22 3
24 25
7 11
8 24

Solution 25: 
1 5
13 16
19 14
21 3
22 3
24 8
7 11
8 24

Solution 26: 
1 6
13 16
19 14
21 3
22 3
24 8
7 11
8 24

Solution 27: 
13 16
19 14
21 3
22 3
24 8
7 11
8 24
9 5

Solution 28: 
13 16
19 14
21 3
22 3
25 25
7 11
8 24
9 5

Solution 29: 
1 6
13 16
19 14
21 3
22 3
25 25
7 11
8 24

Solution 30: 
1 6
13 16
19 14
21 3
22 3
24 25
7 11
8 24

Solution 31: 
13 16
19 14
21 3
22 3
24 25
7 11
8 24
9 5

Solution 32: 
13 16
19 14
21 3
23 8
24 25
7 11
8 24
9 5

Solution 33: 
13 16
19 14
21 3
23 8
25 25
7 11
8 24
9 5

Solution 34: 
13 16
19 14
21 3
23 8
24 8
7 11
8 24
9 5

Solution 35: 
13 16
19 14
21 3
22 19
24 8
7 11
8 24
9 5

Solution 36: 
13 16
19 14
21 3
23 19
24 8
7 11
8 24
9 5

Solution 37: 
13 16
19 14
21 3
23 19
25 1
7 11
8 24
9 5

Solution 38: 
13 16
19 14
21 3
22 19
25 1
7 11
8 24
9 5

Solution 39: 
13 16
19 14
21 3
23 8
25 1
7 11
8 24
9 5

Solution 40: 
10 22
13 16
19 14
21 3
23 8
25 1
7 11
9 5

Solution 41: 
10 22
13 16
19 14
21 3
23 8
25 25
7 11
9 5

Solution 42: 
10 22
13 16
19 14
21 3
23 8
24 25
7 11
9 5

Solution 43: 
10 22
13 16
19 14
21 3
23 8
24 8
7 11
9 5

Solution 44: 
10 22
13 16
19 14
21 3
22 19
24 8
7 11
9 5

Solution 45: 
10 22
13 16
19 14
21 3
23 19
24 8
7 11
9 5

Solution 46: 
10 22
13 16
19 14
21 3
23 19
25 1
7 11
9 5

Solution 47: 
10 22
13 16
19 14
21 3
22 19
25 1
7 11
9 5

Solution 48: 
10 22
13 16
19 14
21 3
22 19
25 1
4 6
7 11

Solution 49: 
1 5
10 22
13 16
19 14
21 3
22 19
25 1
7 11

Solution 50: 
1 6
10 22
13 16
19 14
21 3
22 19
25 1
7 11

Solution 51: 
1 6
10 22
13 16
19 14
21 3
23 8
25 1
7 11

Solution 52: 
1 6
10 22
13 16
19 14
21 3
23 19
25 1
7 11

Solution 53: 
1 6
13 16
19 14
21 3
23 19
25 1
7 11
8 24

Solution 54: 
1 6
13 16
19 14
21 3
23 8
25 1
7 11
8 24

Solution 55: 
1 6
13 16
19 14
21 3
22 19
25 1
7 11
8 24

Solution 56: 
13 16
19 14
21 3
22 19
25 1
4 6
7 11
8 24

Solution 57: 
1 5
13 16
19 14
21 3
22 19
25 1
7 11
8 24

Solution 58: 
1 5
13 16
19 14
21 3
23 8
25 1
7 11
8 24

Solution 59: 
1 5
13 16
19 14
21 3
23 19
25 1
7 11
8 24

Solution 60: 
13 16
19 14
21 3
23 19
25 1
4 6
7 11
8 24

Solution 61: 
13 16
19 14
21 3
23 8
25 1
4 6
7 11
8 24

Solution 62: 
10 22
13 16
19 14
21 3
23 8
25 1
4 6
7 11

Solution 63: 
10 22
13 16
19 14
21 3
23 19
25 1
4 6
7 11

Solution 64: 
1 5
10 22
13 16
19 14
21 3
23 19
25 1
7 11

Solution 65: 
1 5
10 22
13 16
19 14
21 3
23 8
25 1
7 11

Solution 66: 
1 5
10 22
13 16
19 14
21 3
23 8
24 25
7 11

Solution 67: 
1 5
10 22
13 16
19 14
21 3
23 8
25 25
7 11

Solution 68: 
1 5
10 22
13 16
19 14
21 3
23 8
24 8
7 11

Solution 69: 
1 5
10 22
13 16
19 14
21 3
22 19
24 8
7 11

Solution 70: 
1 5
10 22
13 16
19 14
21 3
23 19
24 8
7 11

Solution 71: 
1 5
13 16
19 14
21 3
23 19
24 8
7 11
8 24

Solution 72: 
1 5
13 16
19 14
21 3
22 19
24 8
7 11
8 24

Solution 73: 
1 5
13 16
19 14
21 3
23 8
24 8
7 11
8 24

Solution 74: 
1 5
13 16
19 14
21 3
23 8
25 25
7 11
8 24

Solution 75: 
1 5
13 16
19 14
21 3
23 8
24 25
7 11
8 24

Solution 76: 
1 6
13 16
19 14
21 3
23 8
24 25
7 11
8 24

Solution 77: 
13 16
19 14
21 3
23 8
24 25
4 6
7 11
8 24

Solution 78: 
13 16
19 14
21 3
23 8
25 25
4 6
7 11
8 24

Solution 79: 
13 16
19 14
21 3
23 8
24 8
4 6
7 11
8 24

Solution 80: 
1 6
13 16
19 14
21 3
23 8
24 8
7 11
8 24

Solution 81: 
1 6
13 16
19 14
21 3
23 8
25 25
7 11
8 24

Solution 82: 
1 6
10 22
13 16
19 14
21 3
23 8
25 25
7 11

Solution 83: 
1 6
10 22
13 16
19 14
21 3
23 8
24 8
7 11

Solution 84: 
1 6
10 22
13 16
19 14
21 3
23 8
24 25
7 11

Solution 85: 
10 22
13 16
19 14
21 3
23 8
24 25
4 6
7 11

Solution 86: 
10 22
13 16
19 14
21 3
23 8
24 8
4 6
7 11

Solution 87: 
10 22
13 16
19 14
21 3
23 8
25 25
4 6
7 11

Solution 88: 
10 22
13 16
19 14
21 3
22 19
24 8
4 6
7 11

Solution 89: 
10 22
13 16
19 14
21 3
23 19
24 8
4 6
7 11

Solution 90: 
1 6
10 22
13 16
19 14
21 3
23 19
24 8
7 11

Solution 91: 
1 6
10 22
13 16
19 14
21 3
22 19
24 8
7 11

Solution 92: 
1 6
13 16
19 14
21 3
22 19
24 8
7 11
8 24

Solution 93: 
1 6
13 16
19 14
21 3
23 19
24 8
7 11
8 24

Solution 94: 
13 16
19 14
21 3
23 19
24 8
4 6
7 11
8 24

Solution 95: 
13 16
19 14
21 3
22 19
24 8
4 6
7 11
8 24

Number of solutions found: 96

Changes at vertices: 
13 20 -> 13 21
New Vertex: 11 20
----------------------------------
Removal 3: 
Solution 0: 
10 22
19 14
21 3
23 8
24 25
4 6
7 11
8 18

Solution 1: 
10 22
19 14
21 3
23 8
25 25
4 6
7 11
8 18

Solution 2: 
10 22
19 14
21 3
23 8
25 1
4 6
7 11
8 18

Solution 3: 
10 22
19 14
21 3
23 8
24 8
4 6
7 11
8 18

Solution 4: 
10 22
13 16
19 14
21 3
23 8
24 8
4 6
7 11

Solution 5: 
10 22
13 16
19 14
21 3
23 8
25 25
4 6
7 11

Solution 6: 
10 22
13 16
19 14
21 3
23 8
24 25
4 6
7 11

Solution 7: 
10 22
13 16
19 14
21 3
23 8
25 1
4 6
7 11

Solution 8: 
10 22
13 16
19 14
21 3
22 19
25 1
4 6
7 11

Solution 9: 
10 22
13 16
19 14
21 3
23 19
25 1
4 6
7 11

Solution 10: 
10 22
13 16
19 14
21 3
22 3
25 1
4 6
7 11

Solution 11: 
10 22
13 16
19 14
21 3
22 3
25 25
4 6
7 11

Solution 12: 
10 22
13 16
19 14
21 3
22 3
24 25
4 6
7 11

Solution 13: 
10 22
13 16
19 14
21 3
22 3
24 8
4 6
7 11

Solution 14: 
10 22
13 16
19 14
21 3
22 19
24 8
4 6
7 11

Solution 15: 
10 22
13 16
19 14
21 3
23 19
24 8
4 6
7 11

Solution 16: 
10 22
19 14
21 3
23 19
24 8
4 6
7 11
8 18

Solution 17: 
10 22
19 14
21 3
23 19
25 1
4 6
7 11
8 18

Solution 18: 
10 22
19 14
21 3
22 19
25 1
4 6
7 11
8 18

Solution 19: 
10 22
19 14
21 3
22 19
24 8
4 6
7 11
8 18

Solution 20: 
10 22
19 14
21 3
22 3
24 8
4 6
7 11
8 18

Solution 21: 
10 22
19 14
21 3
22 3
25 25
4 6
7 11
8 18

Solution 22: 
10 22
19 14
21 3
22 3
24 25
4 6
7 11
8 18

Solution 23: 
10 22
19 14
21 3
22 3
25 1
4 6
7 11
8 18

Solution 24: 
17 24
19 14
21 3
22 3
25 1
4 6
7 11
8 18

Solution 25: 
17 23
19 14
21 3
22 3
25 1
4 6
7 11
8 18

Solution 26: 
16 22
19 14
21 3
22 3
25 1
4 6
7 11
8 18

Solution 27: 
19 14
21 3
22 3
25 1
4 6
7 11
8 18
8 24

Solution 28: 
19 14
21 3
23 19
25 1
4 6
7 11
8 18
8 24

Solution 29: 
19 14
21 3
22 19
25 1
4 6
7 11
8 18
8 24

Solution 30: 
19 14
21 3
23 8
25 1
4 6
7 11
8 18
8 24

Solution 31: 
17 23
19 14
21 3
23 8
25 1
4 6
7 11
8 18

Solution 32: 
16 22
19 14
21 3
23 8
25 1
4 6
7 11
8 18

Solution 33: 
17 24
19 14
21 3
23 8
25 1
4 6
7 11
8 18

Solution 34: 
17 24
19 14
21 3
23 19
25 1
4 6
7 11
8 18

Solution 35: 
17 24
19 14
21 3
22 19
25 1
4 6
7 11
8 18

Solution 36: 
16 22
19 14
21 3
22 19
25 1
4 6
7 11
8 18

Solution 37: 
17 23
19 14
21 3
22 19
25 1
4 6
7 11
8 18

Solution 38: 
17 23
19 14
21 3
23 19
25 1
4 6
7 11
8 18

Solution 39: 
16 22
19 14
21 3
23 19
25 1
4 6
7 11
8 18

Solution 40: 
13 16
19 14
21 3
23 19
25 1
4 6
7 11
8 24

Solution 41: 
13 16
19 14
21 3
22 3
25 1
4 6
7 11
8 24

Solution 42: 
13 16
19 14
21 3
23 8
25 1
4 6
7 11
8 24

Solution 43: 
13 16
19 14
21 3
22 19
25 1
4 6
7 11
8 24

Solution 44: 
13 16
19 14
21 3
22 19
24 8
4 6
7 11
8 24

Solution 45: 
19 14
21 3
22 19
24 8
4 6
7 11
8 18
8 24

Solution 46: 
19 14
21 3
23 19
24 8
4 6
7 11
8 18
8 24

Solution 47: 
19 14
21 3
22 3
24 8
4 6
7 11
8 18
8 24

Solution 48: 
19 14
21 3
22 3
25 25
4 6
7 11
8 18
8 24

Solution 49: 
19 14
21 3
22 3
24 25
4 6
7 11
8 18
8 24

Solution 50: 
19 14
21 3
23 8
24 25
4 6
7 11
8 18
8 24

Solution 51: 
19 14
21 3
23 8
25 25
4 6
7 11
8 18
8 24

Solution 52: 
19 14
21 3
23 8
24 8
4 6
7 11
8 18
8 24

Solution 53: 
13 16
19 14
21 3
23 8
24 8
4 6
7 11
8 24

Solution 54: 
13 16
19 14
21 3
23 8
25 25
4 6
7 11
8 24

Solution 55: 
13 16
19 14
21 3
23 8
24 25
4 6
7 11
8 24

Solution 56: 
13 16
19 14
21 3
22 3
24 25
4 6
7 11
8 24

Solution 57: 
13 16
19 14
21 3
22 3
25 25
4 6
7 11
8 24

Solution 58: 
13 16
19 14
21 3
22 3
24 8
4 6
7 11
8 24

Solution 59: 
13 16
19 14
21 3
23 19
24 8
4 6
7 11
8 24

Solution 60: 
17 24
19 14
21 3
23 19
24 8
4 6
7 11
8 18

Solution 61: 
17 24
19 14
21 3
22 19
24 8
4 6
7 11
8 18

Solution 62: 
17 24
19 14
21 3
23 8
24 8
4 6
7 11
8 18

Solution 63: 
17 23
19 14
21 3
23 8
24 8
4 6
7 11
8 18

Solution 64: 
16 22
19 14
21 3
23 8
24 8
4 6
7 11
8 18

Solution 65: 
16 22
19 14
21 3
23 19
24 8
4 6
7 11
8 18

Solution 66: 
16 22
19 14
21 3
22 19
24 8
4 6
7 11
8 18

Solution 67: 
17 23
19 14
21 3
22 19
24 8
4 6
7 11
8 18

Solution 68: 
17 23
19 14
21 3
23 19
24 8
4 6
7 11
8 18

Solution 69: 
17 23
19 14
21 3
22 3
24 8
4 6
7 11
8 18

Solution 70: 
17 24
19 14
21 3
22 3
24 8
4 6
7 11
8 18

Solution 71: 
16 22
19 14
21 3
22 3
24 8
4 6
7 11
8 18

Solution 72: 
16 22
19 14
21 3
22 3
25 25
4 6
7 11
8 18

Solution 73: 
16 22
19 14
21 3
22 3
24 25
4 6
7 11
8 18

Solution 74: 
17 24
19 14
21 3
22 3
24 25
4 6
7 11
8 18

Solution 75: 
17 24
19 14
21 3
22 3
25 25
4 6
7 11
8 18

Solution 76: 
17 23
19 14
21 3
22 3
25 25
4 6
7 11
8 18

Solution 77: 
17 23
19 14
21 3
22 3
24 25
4 6
7 11
8 18

Solution 78: 
17 23
19 14
21 3
23 8
24 25
4 6
7 11
8 18

Solution 79: 
17 24
19 14
21 3
23 8
24 25
4 6
7 11
8 18

Solution 80: 
17 24
19 14
21 3
23 8
25 25
4 6
7 11
8 18

Solution 81: 
17 23
19 14
21 3
23 8
25 25
4 6
7 11
8 18

Solution 82: 
16 22
19 14
21 3
23 8
25 25
4 6
7 11
8 18

Solution 83: 
16 22
19 14
21 3
23 8
24 25
4 6
7 11
8 18

Solution 84: 
16 22
19 14
21 3
23 8
24 25
7 11
8 18
9 5

Solution 85: 
1 6
16 22
19 14
21 3
23 8
24 25
7 11
8 18

Solution 86: 
1 5
16 22
19 14
21 3
23 8
24 25
7 11
8 18

Solution 87: 
1 5
16 22
19 14
21 3
23 8
25 25
7 11
8 18

Solution 88: 
1 6
16 22
19 14
21 3
23 8
25 25
7 11
8 18

Solution 89: 
16 22
19 14
21 3
23 8
25 25
7 11
8 18
9 5

Solution 90: 
17 24
19 14
21 3
23 8
25 25
7 11
8 18
9 5

Solution 91: 
17 23
19 14
21 3
23 8
25 25
7 11
8 18
9 5

Solution 92: 
19 14
21 3
23 8
25 25
7 11
8 18
8 24
9 5

Solution 93: 
10 22
19 14
21 3
23 8
25 25
7 11
8 18
9 5

Solution 94: 
10 22
19 14
21 3
23 8
24 25
7 11
8 18
9 5

Solution 95: 
10 22
19 14
21 3
23 8
24 8
7 11
8 18
9 5

Solution 96: 
10 22
19 14
21 3
23 8
25 1
7 11
8 18
9 5

Solution 97: 
17 24
19 14
21 3
23 8
25 1
7 11
8 18
9 5

Solution 98: 
17 23
19 14
21 3
23 8
25 1
7 11
8 18
9 5

Solution 99: 
19 14
21 3
23 8
25 1
7 11
8 18
8 24
9 5

Solution 100: 
19 14
21 3
23 8
24 25
7 11
8 18
8 24
9 5

Solution 101: 
19 14
21 3
23 8
24 8
7 11
8 18
8 24
9 5

Solution 102: 
17 24
19 14
21 3
23 8
24 8
7 11
8 18
9 5

Solution 103: 
17 23
19 14
21 3
23 8
24 8
7 11
8 18
9 5

Solution 104: 
17 23
19 14
21 3
23 8
24 25
7 11
8 18
9 5

Solution 105: 
17 24
19 14
21 3
23 8
24 25
7 11
8 18
9 5

Solution 106: 
16 22
19 14
21 3
23 8
24 8
7 11
8 18
9 5

Solution 107: 
16 22
19 14
21 3
23 8
25 1
7 11
8 18
9 5

Solution 108: 
1 6
16 22
19 14
21 3
23 8
25 1
7 11
8 18

Solution 109: 
1 5
16 22
19 14
21 3
23 8
25 1
7 11
8 18

Solution 110: 
1 5
16 22
19 14
21 3
23 8
24 8
7 11
8 18

Solution 111: 
1 6
16 22
19 14
21 3
23 8
24 8
7 11
8 18

Solution 112: 
1 6
17 24
19 14
21 3
23 8
24 8
7 11
8 18

Solution 113: 
1 6
17 23
19 14
21 3
23 8
24 8
7 11
8 18

Solution 114: 
1 6
10 22
19 14
21 3
23 8
24 8
7 11
8 18

Solution 115: 
1 5
10 22
19 14
21 3
23 8
24 8
7 11
8 18

Solution 116: 
1 5
17 24
19 14
21 3
23 8
24 8
7 11
8 18

Solution 117: 
1 5
17 23
19 14
21 3
23 8
24 8
7 11
8 18

Solution 118: 
1 5
19 14
21 3
23 8
24 8
7 11
8 18
8 24

Solution 119: 
1 6
19 14
21 3
23 8
24 8
7 11
8 18
8 24

Solution 120: 
1 6
19 14
21 3
23 8
25 25
7 11
8 18
8 24

Solution 121: 
1 6
19 14
21 3
23 8
24 25
7 11
8 18
8 24

Solution 122: 
1 6
19 14
21 3
23 8
25 1
7 11
8 18
8 24

Solution 123: 
1 5
19 14
21 3
23 8
25 1
7 11
8 18
8 24

Solution 124: 
1 5
19 14
21 3
23 8
25 25
7 11
8 18
8 24

Solution 125: 
1 5
19 14
21 3
23 8
24 25
7 11
8 18
8 24

Solution 126: 
1 5
17 23
19 14
21 3
23 8
24 25
7 11
8 18

Solution 127: 
1 5
17 24
19 14
21 3
23 8
24 25
7 11
8 18

Solution 128: 
1 5
17 24
19 14
21 3
23 8
25 25
7 11
8 18

Solution 129: 
1 5
17 23
19 14
21 3
23 8
25 25
7 11
8 18

Solution 130: 
1 5
10 22
19 14
21 3
23 8
25 25
7 11
8 18

Solution 131: 
1 5
10 22
19 14
21 3
23 8
24 25
7 11
8 18

Solution 132: 
1 5
10 22
19 14
21 3
23 8
25 1
7 11
8 18

Solution 133: 
1 5
17 23
19 14
21 3
23 8
25 1
7 11
8 18

Solution 134: 
1 5
17 24
19 14
21 3
23 8
25 1
7 11
8 18

Solution 135: 
1 6
17 24
19 14
21 3
23 8
25 1
7 11
8 18

Solution 136: 
1 6
17 23
19 14
21 3
23 8
25 1
7 11
8 18

Solution 137: 
1 6
10 22
19 14
21 3
23 8
25 1
7 11
8 18

Solution 138: 
1 6
10 22
19 14
21 3
23 8
24 25
7 11
8 18

Solution 139: 
1 6
17 23
19 14
21 3
23 8
24 25
7 11
8 18

Solution 140: 
1 6
17 24
19 14
21 3
23 8
24 25
7 11
8 18

Solution 141: 
1 6
17 24
19 14
21 3
23 8
25 25
7 11
8 18

Solution 142: 
1 6
17 23
19 14
21 3
23 8
25 25
7 11
8 18

Solution 143: 
1 6
10 22
19 14
21 3
23 8
25 25
7 11
8 18

Solution 144: 
1 6
10 22
13 16
19 14
21 3
23 8
25 25
7 11

Solution 145: 
1 6
13 16
19 14
21 3
23 8
25 25
7 11
8 24

Solution 146: 
1 6
13 16
19 14
21 3
23 8
24 25
7 11
8 24

Solution 147: 
1 6
13 16
19 14
21 3
23 8
24 8
7 11
8 24

Solution 148: 
1 6
13 16
19 14
21 3
23 8
25 1
7 11
8 24

Solution 149: 
1 6
10 22
13 16
19 14
21 3
23 8
25 1
7 11

Solution 150: 
1 6
10 22
13 16
19 14
21 3
23 8
24 25
7 11

Solution 151: 
1 6
10 22
13 16
19 14
21 3
23 8
24 8
7 11

Solution 152: 
10 22
13 16
19 14
21 3
23 8
24 8
7 11
9 5

Solution 153: 
1 5
10 22
13 16
19 14
21 3
23 8
24 8
7 11

Solution 154: 
1 5
10 22
13 16
19 14
21 3
23 8
24 25
7 11

Solution 155: 
1 5
10 22
13 16
19 14
21 3
23 8
25 25
7 11

Solution 156: 
10 22
13 16
19 14
21 3
23 8
25 25
7 11
9 5

Solution 157: 
10 22
13 16
19 14
21 3
23 8
24 25
7 11
9 5

Solution 158: 
10 22
13 16
19 14
21 3
23 8
25 1
7 11
9 5

Solution 159: 
1 5
10 22
13 16
19 14
21 3
23 8
25 1
7 11

Solution 160: 
1 5
13 16
19 14
21 3
23 8
25 1
7 11
8 24

Solution 161: 
13 16
19 14
21 3
23 8
25 1
7 11
8 24
9 5

Solution 162: 
13 16
19 14
21 3
23 8
25 25
7 11
8 24
9 5

Solution 163: 
13 16
19 14
21 3
23 8
24 25
7 11
8 24
9 5

Solution 164: 
13 16
19 14
21 3
23 8
24 8
7 11
8 24
9 5

Solution 165: 
1 5
13 16
19 14
21 3
23 8
24 8
7 11
8 24

Solution 166: 
1 5
13 16
19 14
21 3
23 8
24 25
7 11
8 24

Solution 167: 
1 5
13 16
19 14
21 3
23 8
25 25
7 11
8 24

Solution 168: 
1 5
13 16
19 14
21 3
22 19
24 8
7 11
8 24

Solution 169: 
1 5
13 16
19 14
21 3
23 19
24 8
7 11
8 24

Solution 170: 
1 5
13 16
19 14
21 3
23 19
25 1
7 11
8 24

Solution 171: 
1 5
13 16
19 14
21 3
22 19
25 1
7 11
8 24

Solution 172: 
1 5
13 16
19 14
21 3
22 3
25 1
7 11
8 24

Solution 173: 
1 5
13 16
19 14
21 3
22 3
25 25
7 11
8 24

Solution 174: 
1 5
13 16
19 14
21 3
22 3
24 25
7 11
8 24

Solution 175: 
1 5
13 16
19 14
21 3
22 3
24 8
7 11
8 24

Solution 176: 
1 5
19 14
21 3
22 3
24 8
7 11
8 18
8 24

Solution 177: 
1 5
19 14
21 3
22 3
24 25
7 11
8 18
8 24

Solution 178: 
1 5
19 14
21 3
22 3
25 25
7 11
8 18
8 24

Solution 179: 
1 5
19 14
21 3
22 3
25 1
7 11
8 18
8 24

Solution 180: 
1 5
19 14
21 3
22 19
25 1
7 11
8 18
8 24

Solution 181: 
1 5
19 14
21 3
23 19
25 1
7 11
8 18
8 24

Solution 182: 
1 5
19 14
21 3
23 19
24 8
7 11
8 18
8 24

Solution 183: 
1 5
19 14
21 3
22 19
24 8
7 11
8 18
8 24

Solution 184: 
1 6
19 14
21 3
22 19
24 8
7 11
8 18
8 24

Solution 185: 
19 14
21 3
22 19
24 8
7 11
8 18
8 24
9 5

Solution 186: 
19 14
21 3
23 19
24 8
7 11
8 18
8 24
9 5

Solution 187: 
1 6
19 14
21 3
23 19
24 8
7 11
8 18
8 24

Solution 188: 
1 6
19 14
21 3
22 3
24 8
7 11
8 18
8 24

Solution 189: 
19 14
21 3
22 3
24 8
7 11
8 18
8 24
9 5

Solution 190: 
19 14
21 3
22 3
25 25
7 11
8 18
8 24
9 5

Solution 191: 
19 14
21 3
22 3
24 25
7 11
8 18
8 24
9 5

Solution 192: 
19 14
21 3
22 3
25 1
7 11
8 18
8 24
9 5

Solution 193: 
19 14
21 3
23 19
25 1
7 11
8 18
8 24
9 5

Solution 194: 
19 14
21 3
22 19
25 1
7 11
8 18
8 24
9 5

Solution 195: 
1 6
19 14
21 3
22 19
25 1
7 11
8 18
8 24

Solution 196: 
1 6
19 14
21 3
23 19
25 1
7 11
8 18
8 24

Solution 197: 
1 6
19 14
21 3
22 3
25 1
7 11
8 18
8 24

Solution 198: 
1 6
19 14
21 3
22 3
25 25
7 11
8 18
8 24

Solution 199: 
1 6
19 14
21 3
22 3
24 25
7 11
8 18
8 24

Solution 200: 
1 6
13 16
19 14
21 3
22 3
24 25
7 11
8 24

Solution 201: 
1 6
13 16
19 14
21 3
22 3
25 25
7 11
8 24

Solution 202: 
1 6
13 16
19 14
21 3
22 3
24 8
7 11
8 24

Solution 203: 
13 16
19 14
21 3
22 3
24 8
7 11
8 24
9 5

Solution 204: 
13 16
19 14
21 3
22 3
24 25
7 11
8 24
9 5

Solution 205: 
13 16
19 14
21 3
22 3
25 25
7 11
8 24
9 5

Solution 206: 
13 16
19 14
21 3
22 3
25 1
7 11
8 24
9 5

Solution 207: 
1 6
13 16
19 14
21 3
22 3
25 1
7 11
8 24

Solution 208: 
1 6
13 16
19 14
21 3
23 19
25 1
7 11
8 24

Solution 209: 
1 6
13 16
19 14
21 3
22 19
25 1
7 11
8 24

Solution 210: 
1 6
13 16
19 14
21 3
22 19
24 8
7 11
8 24

Solution 211: 
1 6
13 16
19 14
21 3
23 19
24 8
7 11
8 24

Solution 212: 
13 16
19 14
21 3
23 19
24 8
7 11
8 24
9 5

Solution 213: 
13 16
19 14
21 3
22 19
24 8
7 11
8 24
9 5

Solution 214: 
13 16
19 14
21 3
22 19
25 1
7 11
8 24
9 5

Solution 215: 
13 16
19 14
21 3
23 19
25 1
7 11
8 24
9 5

Solution 216: 
10 22
13 16
19 14
21 3
23 19
25 1
7 11
9 5

Solution 217: 
10 22
13 16
19 14
21 3
22 19
25 1
7 11
9 5

Solution 218: 
10 22
19 14
21 3
22 19
25 1
7 11
8 18
9 5

Solution 219: 
17 24
19 14
21 3
22 19
25 1
7 11
8 18
9 5

Solution 220: 
16 22
19 14
21 3
22 19
25 1
7 11
8 18
9 5

Solution 221: 
17 23
19 14
21 3
22 19
25 1
7 11
8 18
9 5

Solution 222: 
17 23
19 14
21 3
23 19
25 1
7 11
8 18
9 5

Solution 223: 
17 24
19 14
21 3
23 19
25 1
7 11
8 18
9 5

Solution 224: 
16 22
19 14
21 3
23 19
25 1
7 11
8 18
9 5

Solution 225: 
10 22
19 14
21 3
23 19
25 1
7 11
8 18
9 5

Solution 226: 
10 22
19 14
21 3
22 3
25 1
7 11
8 18
9 5

Solution 227: 
17 24
19 14
21 3
22 3
25 1
7 11
8 18
9 5

Solution 228: 
16 22
19 14
21 3
22 3
25 1
7 11
8 18
9 5

Solution 229: 
17 23
19 14
21 3
22 3
25 1
7 11
8 18
9 5

Solution 230: 
10 22
13 16
19 14
21 3
22 3
25 1
7 11
9 5

Solution 231: 
1 6
10 22
13 16
19 14
21 3
22 3
25 1
7 11

Solution 232: 
1 5
10 22
13 16
19 14
21 3
22 3
25 1
7 11

Solution 233: 
1 5
10 22
13 16
19 14
21 3
23 19
25 1
7 11

Solution 234: 
1 5
10 22
13 16
19 14
21 3
22 19
25 1
7 11

Solution 235: 
1 5
10 22
19 14
21 3
22 19
25 1
7 11
8 18

Solution 236: 
1 5
10 22
19 14
21 3
23 19
25 1
7 11
8 18

Solution 237: 
1 5
16 22
19 14
21 3
23 19
25 1
7 11
8 18

Solution 238: 
1 5
17 24
19 14
21 3
23 19
25 1
7 11
8 18

Solution 239: 
1 5
17 23
19 14
21 3
23 19
25 1
7 11
8 18

Solution 240: 
1 5
17 23
19 14
21 3
22 19
25 1
7 11
8 18

Solution 241: 
1 5
16 22
19 14
21 3
22 19
25 1
7 11
8 18

Solution 242: 
1 5
17 24
19 14
21 3
22 19
25 1
7 11
8 18

Solution 243: 
1 5
17 24
19 14
21 3
22 3
25 1
7 11
8 18

Solution 244: 
1 5
16 22
19 14
21 3
22 3
25 1
7 11
8 18

Solution 245: 
1 5
17 23
19 14
21 3
22 3
25 1
7 11
8 18

Solution 246: 
1 5
10 22
19 14
21 3
22 3
25 1
7 11
8 18

Solution 247: 
1 6
10 22
19 14
21 3
22 3
25 1
7 11
8 18

Solution 248: 
1 6
10 22
19 14
21 3
23 19
25 1
7 11
8 18

Solution 249: 
1 6
10 22
19 14
21 3
22 19
25 1
7 11
8 18

Solution 250: 
1 6
16 22
19 14
21 3
22 19
25 1
7 11
8 18

Solution 251: 
1 6
17 24
19 14
21 3
22 19
25 1
7 11
8 18

Solution 252: 
1 6
17 23
19 14
21 3
22 19
25 1
7 11
8 18

Solution 253: 
1 6
17 23
19 14
21 3
23 19
25 1
7 11
8 18

Solution 254: 
1 6
17 23
19 14
21 3
22 3
25 1
7 11
8 18

Solution 255: 
1 6
16 22
19 14
21 3
22 3
25 1
7 11
8 18

Solution 256: 
1 6
17 24
19 14
21 3
22 3
25 1
7 11
8 18

Solution 257: 
1 6
17 24
19 14
21 3
23 19
25 1
7 11
8 18

Solution 258: 
1 6
16 22
19 14
21 3
23 19
25 1
7 11
8 18

Solution 259: 
1 6
10 22
13 16
19 14
21 3
23 19
25 1
7 11

Solution 260: 
1 6
10 22
13 16
19 14
21 3
22 19
25 1
7 11

Solution 261: 
1 6
10 22
13 16
19 14
21 3
22 19
24 8
7 11

Solution 262: 
10 22
13 16
19 14
21 3
22 19
24 8
7 11
9 5

Solution 263: 
1 5
10 22
13 16
19 14
21 3
22 19
24 8
7 11

Solution 264: 
1 5
10 22
13 16
19 14
21 3
23 19
24 8
7 11

Solution 265: 
1 5
10 22
19 14
21 3
23 19
24 8
7 11
8 18

Solution 266: 
1 5
10 22
19 14
21 3
22 3
24 8
7 11
8 18

Solution 267: 
1 5
10 22
19 14
21 3
22 3
25 25
7 11
8 18

Solution 268: 
1 5
10 22
19 14
21 3
22 3
24 25
7 11
8 18

Solution 269: 
1 5
10 22
13 16
19 14
21 3
22 3
24 25
7 11

Solution 270: 
1 5
10 22
13 16
19 14
21 3
22 3
25 25
7 11

Solution 271: 
1 5
10 22
13 16
19 14
21 3
22 3
24 8
7 11

Solution 272: 
1 5
10 22
19 14
21 3
22 19
24 8
7 11
8 18

Solution 273: 
1 5
16 22
19 14
21 3
22 19
24 8
7 11
8 18

Solution 274: 
1 5
17 24
19 14
21 3
22 19
24 8
7 11
8 18

Solution 275: 
1 5
17 23
19 14
21 3
22 19
24 8
7 11
8 18

Solution 276: 
1 5
17 23
19 14
21 3
23 19
24 8
7 11
8 18

Solution 277: 
1 5
16 22
19 14
21 3
23 19
24 8
7 11
8 18

Solution 278: 
1 5
17 24
19 14
21 3
23 19
24 8
7 11
8 18

Solution 279: 
1 5
17 24
19 14
21 3
22 3
24 8
7 11
8 18

Solution 280: 
1 5
17 23
19 14
21 3
22 3
24 8
7 11
8 18

Solution 281: 
1 5
16 22
19 14
21 3
22 3
24 8
7 11
8 18

Solution 282: 
1 5
16 22
19 14
21 3
22 3
24 25
7 11
8 18

Solution 283: 
1 5
16 22
19 14
21 3
22 3
25 25
7 11
8 18

Solution 284: 
1 5
17 24
19 14
21 3
22 3
25 25
7 11
8 18

Solution 285: 
1 5
17 23
19 14
21 3
22 3
25 25
7 11
8 18

Solution 286: 
1 5
17 23
19 14
21 3
22 3
24 25
7 11
8 18

Solution 287: 
1 5
17 24
19 14
21 3
22 3
24 25
7 11
8 18

Solution 288: 
17 24
19 14
21 3
22 3
24 25
7 11
8 18
9 5

Solution 289: 
1 6
17 24
19 14
21 3
22 3
24 25
7 11
8 18

Solution 290: 
1 6
17 23
19 14
21 3
22 3
24 25
7 11
8 18

Solution 291: 
17 23
19 14
21 3
22 3
24 25
7 11
8 18
9 5

Solution 292: 
10 22
19 14
21 3
22 3
24 25
7 11
8 18
9 5

Solution 293: 
1 6
10 22
19 14
21 3
22 3
24 25
7 11
8 18

Solution 294: 
1 6
16 22
19 14
21 3
22 3
24 25
7 11
8 18

Solution 295: 
16 22
19 14
21 3
22 3
24 25
7 11
8 18
9 5

Solution 296: 
16 22
19 14
21 3
22 3
24 8
7 11
8 18
9 5

Solution 297: 
16 22
19 14
21 3
22 3
25 25
7 11
8 18
9 5

Solution 298: 
1 6
16 22
19 14
21 3
22 3
25 25
7 11
8 18

Solution 299: 
1 6
16 22
19 14
21 3
22 3
24 8
7 11
8 18

Solution 300: 
1 6
10 22
19 14
21 3
22 3
24 8
7 11
8 18

Solution 301: 
1 6
17 23
19 14
21 3
22 3
24 8
7 11
8 18

Solution 302: 
1 6
17 24
19 14
21 3
22 3
24 8
7 11
8 18

Solution 303: 
1 6
17 24
19 14
21 3
22 3
25 25
7 11
8 18

Solution 304: 
1 6
10 22
19 14
21 3
22 3
25 25
7 11
8 18

Solution 305: 
1 6
17 23
19 14
21 3
22 3
25 25
7 11
8 18

Solution 306: 
17 23
19 14
21 3
22 3
25 25
7 11
8 18
9 5

Solution 307: 
10 22
19 14
21 3
22 3
25 25
7 11
8 18
9 5

Solution 308: 
17 24
19 14
21 3
22 3
25 25
7 11
8 18
9 5

Solution 309: 
17 24
19 14
21 3
22 3
24 8
7 11
8 18
9 5

Solution 310: 
10 22
19 14
21 3
22 3
24 8
7 11
8 18
9 5

Solution 311: 
17 23
19 14
21 3
22 3
24 8
7 11
8 18
9 5

Solution 312: 
10 22
13 16
19 14
21 3
22 3
24 8
7 11
9 5

Solution 313: 
10 22
13 16
19 14
21 3
22 3
24 25
7 11
9 5

Solution 314: 
10 22
13 16
19 14
21 3
22 3
25 25
7 11
9 5

Solution 315: 
1 6
10 22
13 16
19 14
21 3
22 3
25 25
7 11

Solution 316: 
1 6
10 22
13 16
19 14
21 3
22 3
24 25
7 11

Solution 317: 
1 6
10 22
13 16
19 14
21 3
22 3
24 8
7 11

Solution 318: 
1 6
10 22
13 16
19 14
21 3
23 19
24 8
7 11

Solution 319: 
10 22
13 16
19 14
21 3
23 19
24 8
7 11
9 5

Solution 320: 
10 22
19 14
21 3
23 19
24 8
7 11
8 18
9 5

Solution 321: 
1 6
10 22
19 14
21 3
23 19
24 8
7 11
8 18

Solution 322: 
1 6
10 22
19 14
21 3
22 19
24 8
7 11
8 18

Solution 323: 
10 22
19 14
21 3
22 19
24 8
7 11
8 18
9 5

Solution 324: 
17 23
19 14
21 3
22 19
24 8
7 11
8 18
9 5

Solution 325: 
17 24
19 14
21 3
22 19
24 8
7 11
8 18
9 5

Solution 326: 
16 22
19 14
21 3
22 19
24 8
7 11
8 18
9 5

Solution 327: 
1 6
16 22
19 14
21 3
22 19
24 8
7 11
8 18

Solution 328: 
1 6
17 23
19 14
21 3
22 19
24 8
7 11
8 18

Solution 329: 
1 6
17 24
19 14
21 3
22 19
24 8
7 11
8 18

Solution 330: 
1 6
17 24
19 14
21 3
23 19
24 8
7 11
8 18

Solution 331: 
1 6
17 23
19 14
21 3
23 19
24 8
7 11
8 18

Solution 332: 
17 23
19 14
21 3
23 19
24 8
7 11
8 18
9 5

Solution 333: 
17 24
19 14
21 3
23 19
24 8
7 11
8 18
9 5

Solution 334: 
16 22
19 14
21 3
23 19
24 8
7 11
8 18
9 5

Solution 335: 
1 6
16 22
19 14
21 3
23 19
24 8
7 11
8 18

Number of solutions found: 336

Changes at vertices: 
25 8 -> 25 25
New Vertex: 24 8
----------------------------------
Removal 4: 
Solution 0: 
10 22
19 14
21 3
23 8
4 6
7 11
8 18

Solution 1: 
1 6
10 22
19 14
21 3
23 8
7 11
8 18

Solution 2: 
1 6
10 22
19 14
21 3
22 3
7 11
8 18

Solution 3: 
10 22
19 14
21 3
22 3
4 6
7 11
8 18

Solution 4: 
10 22
19 14
21 3
22 3
7 11
8 18
9 5

Solution 5: 
1 5
10 22
19 14
21 3
22 3
7 11
8 18

Solution 6: 
1 5
10 22
19 14
21 3
23 8
7 11
8 18

Solution 7: 
10 22
19 14
21 3
23 8
7 11
8 18
9 5

Solution 8: 
17 24
19 14
21 3
23 8
7 11
8 18
9 5

Solution 9: 
19 14
21 3
23 8
7 11
8 18
8 24
9 5

Solution 10: 
19 14
21 3
22 3
7 11
8 18
8 24
9 5

Solution 11: 
17 24
19 14
21 3
22 3
7 11
8 18
9 5

Solution 12: 
16 22
19 14
21 3
22 3
7 11
8 18
9 5

Solution 13: 
17 23
19 14
21 3
22 3
7 11
8 18
9 5

Solution 14: 
17 23
19 14
21 3
23 8
7 11
8 18
9 5

Solution 15: 
16 22
19 14
21 3
23 8
7 11
8 18
9 5

Solution 16: 
1 6
16 22
19 14
21 3
23 8
7 11
8 18

Solution 17: 
1 5
16 22
19 14
21 3
23 8
7 11
8 18

Solution 18: 
16 22
19 14
21 3
23 8
4 6
7 11
8 18

Solution 19: 
17 24
19 14
21 3
23 8
4 6
7 11
8 18

Solution 20: 
19 14
21 3
23 8
4 6
7 11
8 18
8 24

Solution 21: 
17 23
19 14
21 3
23 8
4 6
7 11
8 18

Solution 22: 
1 6
17 23
19 14
21 3
23 8
7 11
8 18

Solution 23: 
1 5
17 23
19 14
21 3
23 8
7 11
8 18

Solution 24: 
1 5
17 24
19 14
21 3
23 8
7 11
8 18

Solution 25: 
1 5
19 14
21 3
23 8
7 11
8 18
8 24

Solution 26: 
1 6
19 14
21 3
23 8
7 11
8 18
8 24

Solution 27: 
1 6
17 24
19 14
21 3
23 8
7 11
8 18

Solution 28: 
1 6
17 24
19 14
21 3
22 3
7 11
8 18

Solution 29: 
1 5
17 24
19 14
21 3
22 3
7 11
8 18

Solution 30: 
17 24
19 14
21 3
22 3
4 6
7 11
8 18

Solution 31: 
19 14
21 3
22 3
4 6
7 11
8 18
8 24

Solution 32: 
17 23
19 14
21 3
22 3
4 6
7 11
8 18

Solution 33: 
16 22
19 14
21 3
22 3
4 6
7 11
8 18

Solution 34: 
1 6
16 22
19 14
21 3
22 3
7 11
8 18

Solution 35: 
1 5
16 22
19 14
21 3
22 3
7 11
8 18

Solution 36: 
1 5
19 14
21 3
22 3
7 11
8 18
8 24

Solution 37: 
1 5
17 23
19 14
21 3
22 3
7 11
8 18

Solution 38: 
1 6
17 23
19 14
21 3
22 3
7 11
8 18

Solution 39: 
1 6
19 14
21 3
22 3
7 11
8 18
8 24

Solution 40: 
1 6
13 16
19 14
21 3
22 3
7 11
8 24

Solution 41: 
1 6
13 16
19 14
21 3
23 8
7 11
8 24

Solution 42: 
1 5
13 16
19 14
21 3
23 8
7 11
8 24

Solution 43: 
13 16
19 14
21 3
23 8
7 11
8 24
9 5

Solution 44: 
13 16
19 14
21 3
23 8
4 6
7 11
8 24

Solution 45: 
13 16
19 14
21 3
22 3
4 6
7 11
8 24

Solution 46: 
1 5
13 16
19 14
21 3
22 3
7 11
8 24

Solution 47: 
13 16
19 14
21 3
22 3
7 11
8 24
9 5

Solution 48: 
10 22
13 16
19 14
21 3
22 3
7 11
9 5

Solution 49: 
10 22
13 16
19 14
21 3
23 8
7 11
9 5

Solution 50: 
1 5
10 22
13 16
19 14
21 3
23 8
7 11

Solution 51: 
1 6
10 22
13 16
19 14
21 3
23 8
7 11

Solution 52: 
10 22
13 16
19 14
21 3
23 8
4 6
7 11

Solution 53: 
10 22
13 16
19 14
21 3
22 3
4 6
7 11

Solution 54: 
1 6
10 22
13 16
19 14
21 3
22 3
7 11

Solution 55: 
1 5
10 22
13 16
19 14
21 3
22 3
7 11

Number of solutions found: 56

Changes at vertices: 
New Vertex: 23 8
22 8 -> 22 19
----------------------------------
Removal 5: 
Solution 0: 
1 5
19 14
21 3
22 3
7 11
8 18
8 24

Solution 1: 
1 5
17 24
19 14
21 3
22 3
7 11
8 18

Solution 2: 
1 5
10 22
19 14
21 3
22 3
7 11
8 18

Solution 3: 
1 5
16 22
19 14
21 3
22 3
7 11
8 18

Solution 4: 
16 22
19 14
21 3
22 3
4 6
7 11
8 18

Solution 5: 
16 22
19 14
21 3
22 3
7 11
8 18
9 5

Solution 6: 
1 6
16 22
19 14
21 3
22 3
7 11
8 18

Solution 7: 
1 6
10 22
19 14
21 3
22 3
7 11
8 18

Solution 8: 
1 6
17 24
19 14
21 3
22 3
7 11
8 18

Solution 9: 
1 6
19 14
21 3
22 3
7 11
8 18
8 24

Solution 10: 
1 6
17 23
19 14
21 3
22 3
7 11
8 18

Solution 11: 
17 23
19 14
21 3
22 3
4 6
7 11
8 18

Solution 12: 
1 5
17 23
19 14
21 3
22 3
7 11
8 18

Solution 13: 
17 23
19 14
21 3
22 3
7 11
8 18
9 5

Solution 14: 
10 22
19 14
21 3
22 3
7 11
8 18
9 5

Solution 15: 
17 24
19 14
21 3
22 3
7 11
8 18
9 5

Solution 16: 
19 14
21 3
22 3
7 11
8 18
8 24
9 5

Solution 17: 
19 14
21 3
22 3
4 6
7 11
8 18
8 24

Solution 18: 
10 22
19 14
21 3
22 3
4 6
7 11
8 18

Solution 19: 
17 24
19 14
21 3
22 3
4 6
7 11
8 18

Solution 20: 
17 24
19 14
21 3
25 8
4 6
7 11
8 18

Solution 21: 
17 24
19 14
21 3
22 8
4 6
7 11
8 18

Solution 22: 
17 24
19 14
21 3
25 1
4 6
7 11
8 18

Solution 23: 
19 14
21 3
25 1
4 6
7 11
8 18
8 24

Solution 24: 
10 22
19 14
21 3
25 1
4 6
7 11
8 18

Solution 25: 
17 23
19 14
21 3
25 1
4 6
7 11
8 18

Solution 26: 
16 22
19 14
21 3
25 1
4 6
7 11
8 18

Solution 27: 
16 22
19 14
21 3
25 8
4 6
7 11
8 18

Solution 28: 
10 22
19 14
21 3
25 8
4 6
7 11
8 18

Solution 29: 
19 14
21 3
25 8
4 6
7 11
8 18
8 24

Solution 30: 
19 14
21 3
22 8
4 6
7 11
8 18
8 24

Solution 31: 
10 22
19 14
21 3
22 8
4 6
7 11
8 18

Solution 32: 
16 22
19 14
21 3
22 8
4 6
7 11
8 18

Solution 33: 
17 23
19 14
21 3
22 8
4 6
7 11
8 18

Solution 34: 
17 23
19 14
21 3
25 8
4 6
7 11
8 18

Solution 35: 
13 16
19 14
21 3
25 8
4 6
7 11
8 24

Solution 36: 
10 22
13 16
19 14
21 3
25 8
4 6
7 11

Solution 37: 
10 22
13 16
19 14
21 3
22 8
4 6
7 11

Solution 38: 
10 22
13 16
19 14
21 3
22 3
4 6
7 11

Solution 39: 
10 22
13 16
19 14
21 3
25 1
4 6
7 11

Solution 40: 
13 16
19 14
21 3
25 1
4 6
7 11
8 24

Solution 41: 
13 16
19 14
21 3
22 8
4 6
7 11
8 24

Solution 42: 
13 16
19 14
21 3
22 3
4 6
7 11
8 24

Solution 43: 
13 16
19 14
21 3
22 3
7 11
8 24
9 5

Solution 44: 
1 5
13 16
19 14
21 3
22 3
7 11
8 24

Solution 45: 
1 6
13 16
19 14
21 3
22 3
7 11
8 24

Solution 46: 
1 6
13 16
19 14
21 3
22 8
7 11
8 24

Solution 47: 
1 6
13 16
19 14
21 3
25 1
7 11
8 24

Solution 48: 
1 6
13 16
19 14
21 3
25 8
7 11
8 24

Solution 49: 
1 5
13 16
19 14
21 3
25 8
7 11
8 24

Solution 50: 
1 5
13 16
19 14
21 3
22 8
7 11
8 24

Solution 51: 
1 5
13 16
19 14
21 3
25 1
7 11
8 24

Solution 52: 
13 16
19 14
21 3
25 1
7 11
8 24
9 5

Solution 53: 
13 16
19 14
21 3
25 8
7 11
8 24
9 5

Solution 54: 
13 16
19 14
21 3
22 8
7 11
8 24
9 5

Solution 55: 
19 14
21 3
22 8
7 11
8 18
8 24
9 5

Solution 56: 
19 14
21 3
25 8
7 11
8 18
8 24
9 5

Solution 57: 
19 14
21 3
25 1
7 11
8 18
8 24
9 5

Solution 58: 
1 6
19 14
21 3
25 1
7 11
8 18
8 24

Solution 59: 
1 5
19 14
21 3
25 1
7 11
8 18
8 24

Solution 60: 
1 5
19 14
21 3
25 8
7 11
8 18
8 24

Solution 61: 
1 5
19 14
21 3
22 8
7 11
8 18
8 24

Solution 62: 
1 6
19 14
21 3
22 8
7 11
8 18
8 24

Solution 63: 
1 6
19 14
21 3
25 8
7 11
8 18
8 24

Solution 64: 
1 6
17 24
19 14
21 3
25 8
7 11
8 18

Solution 65: 
1 6
10 22
19 14
21 3
25 8
7 11
8 18

Solution 66: 
1 6
10 22
19 14
21 3
22 8
7 11
8 18

Solution 67: 
1 6
17 24
19 14
21 3
22 8
7 11
8 18

Solution 68: 
1 6
16 22
19 14
21 3
22 8
7 11
8 18

Solution 69: 
1 6
17 23
19 14
21 3
22 8
7 11
8 18

Solution 70: 
1 6
17 23
19 14
21 3
25 8
7 11
8 18

Solution 71: 
1 6
16 22
19 14
21 3
25 8
7 11
8 18

Solution 72: 
1 6
16 22
19 14
21 3
25 1
7 11
8 18

Solution 73: 
1 6
17 24
19 14
21 3
25 1
7 11
8 18

Solution 74: 
1 6
10 22
19 14
21 3
25 1
7 11
8 18

Solution 75: 
1 6
17 23
19 14
21 3
25 1
7 11
8 18

Solution 76: 
1 6
10 22
13 16
19 14
21 3
25 1
7 11

Solution 77: 
1 6
10 22
13 16
19 14
21 3
25 8
7 11

Solution 78: 
1 6
10 22
13 16
19 14
21 3
22 8
7 11

Solution 79: 
1 6
10 22
13 16
19 14
21 3
22 3
7 11

Solution 80: 
1 5
10 22
13 16
19 14
21 3
22 3
7 11

Solution 81: 
10 22
13 16
19 14
21 3
22 3
7 11
9 5

Solution 82: 
10 22
13 16
19 14
21 3
22 8
7 11
9 5

Solution 83: 
10 22
13 16
19 14
21 3
25 8
7 11
9 5

Solution 84: 
10 22
13 16
19 14
21 3
25 1
7 11
9 5

Solution 85: 
1 5
10 22
13 16
19 14
21 3
25 1
7 11

Solution 86: 
1 5
10 22
13 16
19 14
21 3
22 8
7 11

Solution 87: 
1 5
10 22
13 16
19 14
21 3
25 8
7 11

Solution 88: 
1 5
10 22
19 14
21 3
25 8
7 11
8 18

Solution 89: 
10 22
19 14
21 3
25 8
7 11
8 18
9 5

Solution 90: 
10 22
19 14
21 3
22 8
7 11
8 18
9 5

Solution 91: 
10 22
19 14
21 3
25 1
7 11
8 18
9 5

Solution 92: 
1 5
10 22
19 14
21 3
25 1
7 11
8 18

Solution 93: 
1 5
10 22
19 14
21 3
22 8
7 11
8 18

Solution 94: 
1 5
17 23
19 14
21 3
22 8
7 11
8 18

Solution 95: 
1 5
17 24
19 14
21 3
22 8
7 11
8 18

Solution 96: 
1 5
16 22
19 14
21 3
22 8
7 11
8 18

Solution 97: 
16 22
19 14
21 3
22 8
7 11
8 18
9 5

Solution 98: 
17 24
19 14
21 3
22 8
7 11
8 18
9 5

Solution 99: 
17 23
19 14
21 3
22 8
7 11
8 18
9 5

Solution 100: 
17 23
19 14
21 3
25 1
7 11
8 18
9 5

Solution 101: 
17 23
19 14
21 3
25 8
7 11
8 18
9 5

Solution 102: 
1 5
17 23
19 14
21 3
25 8
7 11
8 18

Solution 103: 
1 5
17 23
19 14
21 3
25 1
7 11
8 18

Solution 104: 
1 5
17 24
19 14
21 3
25 1
7 11
8 18

Solution 105: 
1 5
16 22
19 14
21 3
25 1
7 11
8 18

Solution 106: 
16 22
19 14
21 3
25 1
7 11
8 18
9 5

Solution 107: 
17 24
19 14
21 3
25 1
7 11
8 18
9 5

Solution 108: 
17 24
19 14
21 3
25 8
7 11
8 18
9 5

Solution 109: 
16 22
19 14
21 3
25 8
7 11
8 18
9 5

Solution 110: 
1 5
16 22
19 14
21 3
25 8
7 11
8 18

Solution 111: 
1 5
17 24
19 14
21 3
25 8
7 11
8 18

Number of solutions found: 112

Changes at vertices: 
25 3 -> 25 8
New Vertex: 22 3
----------------------------------
Removal 6: 
Solution 0: 
16 22
19 14
21 3
7 11
8 18
9 5

Solution 1: 
1 6
16 22
19 14
21 3
7 11
8 18

Solution 2: 
1 5
16 22
19 14
21 3
7 11
8 18

Solution 3: 
16 22
19 14
21 3
4 6
7 11
8 18

Solution 4: 
17 24
19 14
21 3
4 6
7 11
8 18

Solution 5: 
17 23
19 14
21 3
4 6
7 11
8 18

Solution 6: 
10 22
19 14
21 3
4 6
7 11
8 18

Solution 7: 
19 14
21 3
4 6
7 11
8 18
8 24

Solution 8: 
1 5
19 14
21 3
7 11
8 18
8 24

Solution 9: 
1 6
19 14
21 3
7 11
8 18
8 24

Solution 10: 
19 14
21 3
7 11
8 18
8 24
9 5

Solution 11: 
17 24
19 14
21 3
7 11
8 18
9 5

Solution 12: 
10 22
19 14
21 3
7 11
8 18
9 5

Solution 13: 
17 23
19 14
21 3
7 11
8 18
9 5

Solution 14: 
1 5
17 23
19 14
21 3
7 11
8 18

Solution 15: 
1 6
17 23
19 14
21 3
7 11
8 18

Solution 16: 
1 6
10 22
19 14
21 3
7 11
8 18

Solution 17: 
1 6
17 24
19 14
21 3
7 11
8 18

Solution 18: 
1 5
17 24
19 14
21 3
7 11
8 18

Solution 19: 
1 5
10 22
19 14
21 3
7 11
8 18

Solution 20: 
1 5
10 22
13 16
19 14
21 3
7 11

Solution 21: 
1 5
13 16
19 14
21 3
7 11
8 24

Solution 22: 
13 16
19 14
21 3
4 6
7 11
8 24

Solution 23: 
1 6
13 16
19 14
21 3
7 11
8 24

Solution 24: 
13 16
19 14
21 3
7 11
8 24
9 5

Solution 25: 
10 22
13 16
19 14
21 3
7 11
9 5

Solution 26: 
1 6
10 22
13 16
19 14
21 3
7 11

Solution 27: 
10 22
13 16
19 14
21 3
4 6
7 11

Number of solutions found: 28

Changes at vertices: 
14 3 -> 14 1
Change visibility: 21 3
----------------------------------
Removal 7: 
Solution 0: 
1 5
19 14
21 3
7 11
8 18
8 24

Solution 1: 
1 6
19 14
21 3
7 11
8 18
8 24

Solution 2: 
19 14
21 3
7 11
8 18
8 24
9 5

Solution 3: 
10 22
19 14
21 3
7 11
8 18
9 5

Solution 4: 
17 24
19 14
21 3
7 11
8 18
9 5

Solution 5: 
1 6
17 24
19 14
21 3
7 11
8 18

Solution 6: 
1 6
10 22
19 14
21 3
7 11
8 18

Solution 7: 
1 5
10 22
19 14
21 3
7 11
8 18

Solution 8: 
1 5
17 24
19 14
21 3
7 11
8 18

Solution 9: 
17 24
19 14
21 3
4 6
7 11
8 18

Solution 10: 
10 22
19 14
21 3
4 6
7 11
8 18

Solution 11: 
16 22
19 14
21 3
4 6
7 11
8 18

Solution 12: 
1 6
16 22
19 14
21 3
7 11
8 18

Solution 13: 
16 22
19 14
21 3
7 11
8 18
9 5

Solution 14: 
1 5
16 22
19 14
21 3
7 11
8 18

Solution 15: 
1 5
17 23
19 14
21 3
7 11
8 18

Solution 16: 
1 6
17 23
19 14
21 3
7 11
8 18

Solution 17: 
17 23
19 14
21 3
7 11
8 18
9 5

Solution 18: 
17 23
19 14
21 3
4 6
7 11
8 18

Solution 19: 
19 14
21 3
4 6
7 11
8 18
8 24

Solution 20: 
13 16
19 14
21 3
4 6
7 11
8 24

Solution 21: 
10 22
13 16
19 14
21 3
4 6
7 11

Solution 22: 
1 5
10 22
13 16
19 14
21 3
7 11

Solution 23: 
1 6
10 22
13 16
19 14
21 3
7 11

Solution 24: 
10 22
13 16
19 14
21 3
7 11
9 5

Solution 25: 
13 16
19 14
21 3
7 11
8 24
9 5

Solution 26: 
1 6
13 16
19 14
21 3
7 11
8 24

Solution 27: 
1 5
13 16
19 14
21 3
7 11
8 24

Number of solutions found: 28

Changes at vertices: 
Change visibility: 18 9
21 9 -> 21 3
----------------------------------
Removal 8: 
Solution 0: 
1 6
15 14
16 22
19 12
7 11
8 18

Solution 1: 
15 14
16 22
19 12
4 6
7 11
8 18

Solution 2: 
15 14
16 22
19 12
7 11
8 18
9 5

Solution 3: 
16 17
16 22
19 12
7 11
8 18
9 5

Solution 4: 
15 17
16 22
19 12
7 11
8 18
9 5

Solution 5: 
16 22
19 12
19 14
7 11
8 18
9 5

Solution 6: 
1 6
16 22
19 12
19 14
7 11
8 18

Solution 7: 
16 22
19 12
19 14
4 6
7 11
8 18

Solution 8: 
16 17
16 22
19 12
4 6
7 11
8 18

Solution 9: 
1 6
16 17
16 22
19 12
7 11
8 18

Solution 10: 
1 6
15 17
16 22
19 12
7 11
8 18

Solution 11: 
15 17
16 22
19 12
4 6
7 11
8 18

Solution 12: 
1 5
15 17
16 22
19 12
7 11
8 18

Solution 13: 
1 5
16 17
16 22
19 12
7 11
8 18

Solution 14: 
1 5
15 14
16 22
19 12
7 11
8 18

Solution 15: 
1 5
16 22
19 12
19 14
7 11
8 18

Solution 16: 
1 5
16 22
19 14
21 9
7 11
8 18

Solution 17: 
16 22
19 14
21 9
4 6
7 11
8 18

Solution 18: 
1 6
16 22
19 14
21 9
7 11
8 18

Solution 19: 
16 22
19 14
21 9
7 11
8 18
9 5

Solution 20: 
17 23
19 14
21 9
7 11
8 18
9 5

Solution 21: 
17 23
19 12
19 14
7 11
8 18
9 5

Solution 22: 
17 24
19 12
19 14
7 11
8 18
9 5

Solution 23: 
19 12
19 14
7 11
8 18
8 24
9 5

Solution 24: 
10 22
19 12
19 14
7 11
8 18
9 5

Solution 25: 
10 22
19 14
21 9
7 11
8 18
9 5

Solution 26: 
19 14
21 9
7 11
8 18
8 24
9 5

Solution 27: 
17 24
19 14
21 9
7 11
8 18
9 5

Solution 28: 
10 22
13 16
19 14
21 9
7 11
9 5

Solution 29: 
13 16
19 14
21 9
7 11
8 24
9 5

Solution 30: 
13 16
19 12
19 14
7 11
8 24
9 5

Solution 31: 
10 22
13 16
19 12
19 14
7 11
9 5

Solution 32: 
10 22
13 16
16 17
19 12
7 11
9 5

Solution 33: 
13 16
16 17
19 12
7 11
8 24
9 5

Solution 34: 
16 17
19 12
7 11
8 18
8 24
9 5

Solution 35: 
16 17
17 24
19 12
7 11
8 18
9 5

Solution 36: 
16 17
17 23
19 12
7 11
8 18
9 5

Solution 37: 
10 22
16 17
19 12
7 11
8 18
9 5

Solution 38: 
15 17
17 23
19 12
7 11
8 18
9 5

Solution 39: 
15 14
17 23
19 12
7 11
8 18
9 5

Solution 40: 
1 6
15 14
17 23
19 12
7 11
8 18

Solution 41: 
1 5
15 14
17 23
19 12
7 11
8 18

Solution 42: 
15 14
17 23
19 12
4 6
7 11
8 18

Solution 43: 
16 17
17 23
19 12
4 6
7 11
8 18

Solution 44: 
15 17
17 23
19 12
4 6
7 11
8 18

Solution 45: 
17 23
19 12
19 14
4 6
7 11
8 18

Solution 46: 
1 6
17 23
19 12
19 14
7 11
8 18

Solution 47: 
1 5
17 23
19 12
19 14
7 11
8 18

Solution 48: 
1 5
15 17
17 23
19 12
7 11
8 18

Solution 49: 
1 5
16 17
17 23
19 12
7 11
8 18

Solution 50: 
1 6
16 17
17 23
19 12
7 11
8 18

Solution 51: 
1 6
15 17
17 23
19 12
7 11
8 18

Solution 52: 
1 6
17 23
19 14
21 9
7 11
8 18

Solution 53: 
17 23
19 14
21 9
4 6
7 11
8 18

Solution 54: 
1 5
17 23
19 14
21 9
7 11
8 18

Solution 55: 
1 5
10 22
19 14
21 9
7 11
8 18

Solution 56: 
1 5
19 14
21 9
7 11
8 18
8 24

Solution 57: 
1 5
17 24
19 14
21 9
7 11
8 18

Solution 58: 
17 24
19 14
21 9
4 6
7 11
8 18

Solution 59: 
1 6
17 24
19 14
21 9
7 11
8 18

Solution 60: 
1 6
10 22
19 14
21 9
7 11
8 18

Solution 61: 
1 6
19 14
21 9
7 11
8 18
8 24

Solution 62: 
19 14
21 9
4 6
7 11
8 18
8 24

Solution 63: 
10 22
19 14
21 9
4 6
7 11
8 18

Solution 64: 
10 22
19 12
19 14
4 6
7 11
8 18

Solution 65: 
19 12
19 14
4 6
7 11
8 18
8 24

Solution 66: 
1 5
19 12
19 14
7 11
8 18
8 24

Solution 67: 
1 6
19 12
19 14
7 11
8 18
8 24

Solution 68: 
1 6
10 22
19 12
19 14
7 11
8 18

Solution 69: 
1 5
10 22
19 12
19 14
7 11
8 18

Solution 70: 
1 5
17 24
19 12
19 14
7 11
8 18

Solution 71: 
1 6
17 24
19 12
19 14
7 11
8 18

Solution 72: 
17 24
19 12
19 14
4 6
7 11
8 18

Solution 73: 
16 17
17 24
19 12
4 6
7 11
8 18

Solution 74: 
1 6
16 17
17 24
19 12
7 11
8 18

Solution 75: 
1 5
16 17
17 24
19 12
7 11
8 18

Solution 76: 
1 5
16 17
19 12
7 11
8 18
8 24

Solution 77: 
1 5
10 22
16 17
19 12
7 11
8 18

Solution 78: 
1 6
10 22
16 17
19 12
7 11
8 18

Solution 79: 
1 6
16 17
19 12
7 11
8 18
8 24

Solution 80: 
16 17
19 12
4 6
7 11
8 18
8 24

Solution 81: 
10 22
16 17
19 12
4 6
7 11
8 18

Solution 82: 
10 22
13 16
16 17
19 12
4 6
7 11

Solution 83: 
10 22
13 16
19 12
19 14
4 6
7 11

Solution 84: 
13 16
19 12
19 14
4 6
7 11
8 24

Solution 85: 
13 16
16 17
19 12
4 6
7 11
8 24

Solution 86: 
13 16
19 14
21 9
4 6
7 11
8 24

Solution 87: 
10 22
13 16
19 14
21 9
4 6
7 11

Solution 88: 
1 5
10 22
13 16
19 14
21 9
7 11

Solution 89: 
1 6
10 22
13 16
19 14
21 9
7 11

Solution 90: 
1 6
10 22
13 16
19 12
19 14
7 11

Solution 91: 
1 5
10 22
13 16
19 12
19 14
7 11

Solution 92: 
1 5
10 22
13 16
16 17
19 12
7 11

Solution 93: 
1 6
10 22
13 16
16 17
19 12
7 11

Solution 94: 
1 6
13 16
16 17
19 12
7 11
8 24

Solution 95: 
1 5
13 16
16 17
19 12
7 11
8 24

Solution 96: 
1 5
13 16
19 12
19 14
7 11
8 24

Solution 97: 
1 6
13 16
19 12
19 14
7 11
8 24

Solution 98: 
1 6
13 16
19 14
21 9
7 11
8 24

Solution 99: 
1 5
13 16
19 14
21 9
7 11
8 24

Number of solutions found: 100

Changes at vertices: 
Change visibility: 19 12
21 12 -> 21 9
----------------------------------
Removal 9: 
Solution 0: 
1 6
15 14
16 22
19 12
7 11
8 18

Solution 1: 
15 14
16 22
19 12
4 6
7 11
8 18

Solution 2: 
15 14
16 22
19 12
7 11
8 18
9 5

Solution 3: 
1 5
15 14
16 22
19 12
7 11
8 18

Solution 4: 
1 5
15 14
16 22
20 13
7 11
8 18

Solution 5: 
1 6
15 14
16 22
20 13
7 11
8 18

Solution 6: 
15 14
16 22
20 13
4 6
7 11
8 18

Solution 7: 
15 14
16 22
20 13
7 11
8 18
9 5

Solution 8: 
15 14
17 23
20 13
7 11
8 18
9 5

Solution 9: 
15 14
17 23
19 12
7 11
8 18
9 5

Solution 10: 
1 5
15 14
17 23
19 12
7 11
8 18

Solution 11: 
15 14
17 23
19 12
4 6
7 11
8 18

Solution 12: 
1 6
15 14
17 23
19 12
7 11
8 18

Solution 13: 
1 6
15 14
17 23
20 13
7 11
8 18

Solution 14: 
15 14
17 23
20 13
4 6
7 11
8 18

Solution 15: 
1 5
15 14
17 23
20 13
7 11
8 18

Solution 16: 
1 5
15 17
17 23
20 13
7 11
8 18

Solution 17: 
15 17
17 23
20 13
7 11
8 18
9 5

Solution 18: 
1 6
15 17
17 23
20 13
7 11
8 18

Solution 19: 
1 6
16 17
17 23
20 13
7 11
8 18

Solution 20: 
1 6
17 23
19 14
20 13
7 11
8 18

Solution 21: 
17 23
19 14
20 13
7 11
8 18
9 5

Solution 22: 
1 5
17 23
19 14
20 13
7 11
8 18

Solution 23: 
1 5
16 17
17 23
20 13
7 11
8 18

Solution 24: 
16 17
17 23
20 13
7 11
8 18
9 5

Solution 25: 
16 17
17 23
19 12
7 11
8 18
9 5

Solution 26: 
1 5
16 17
17 23
19 12
7 11
8 18

Solution 27: 
1 6
16 17
17 23
19 12
7 11
8 18

Solution 28: 
16 17
17 23
19 12
4 6
7 11
8 18

Solution 29: 
16 17
17 23
20 13
4 6
7 11
8 18

Solution 30: 
15 17
17 23
20 13
4 6
7 11
8 18

Solution 31: 
15 17
17 23
19 12
4 6
7 11
8 18

Solution 32: 
17 23
19 12
19 14
4 6
7 11
8 18

Solution 33: 
17 23
19 14
21 12
4 6
7 11
8 18

Solution 34: 
17 23
19 14
21 13
4 6
7 11
8 18

Solution 35: 
17 23
19 14
20 13
4 6
7 11
8 18

Solution 36: 
17 23
19 14
21 12
7 11
8 18
9 5

Solution 37: 
1 6
17 23
19 14
21 12
7 11
8 18

Solution 38: 
1 5
17 23
19 14
21 12
7 11
8 18

Solution 39: 
1 5
17 23
19 12
19 14
7 11
8 18

Solution 40: 
17 23
19 12
19 14
7 11
8 18
9 5

Solution 41: 
1 6
17 23
19 12
19 14
7 11
8 18

Solution 42: 
1 6
17 23
19 14
21 13
7 11
8 18

Solution 43: 
17 23
19 14
21 13
7 11
8 18
9 5

Solution 44: 
1 5
17 23
19 14
21 13
7 11
8 18

Solution 45: 
1 5
15 17
17 23
19 12
7 11
8 18

Solution 46: 
15 17
17 23
19 12
7 11
8 18
9 5

Solution 47: 
1 6
15 17
17 23
19 12
7 11
8 18

Solution 48: 
1 6
15 17
16 22
19 12
7 11
8 18

Solution 49: 
15 17
16 22
19 12
7 11
8 18
9 5

Solution 50: 
15 17
16 22
19 12
4 6
7 11
8 18

Solution 51: 
1 5
15 17
16 22
19 12
7 11
8 18

Solution 52: 
1 5
15 17
16 22
20 13
7 11
8 18

Solution 53: 
15 17
16 22
20 13
7 11
8 18
9 5

Solution 54: 
1 6
15 17
16 22
20 13
7 11
8 18

Solution 55: 
15 17
16 22
20 13
4 6
7 11
8 18

Solution 56: 
16 17
16 22
20 13
4 6
7 11
8 18

Solution 57: 
16 17
17 24
20 13
4 6
7 11
8 18

Solution 58: 
10 22
16 17
20 13
4 6
7 11
8 18

Solution 59: 
1 5
10 22
16 17
20 13
7 11
8 18

Solution 60: 
1 5
16 17
16 22
20 13
7 11
8 18

Solution 61: 
1 5
16 17
17 24
20 13
7 11
8 18

Solution 62: 
1 6
16 17
17 24
20 13
7 11
8 18

Solution 63: 
1 6
17 24
19 14
20 13
7 11
8 18

Solution 64: 
1 6
16 22
19 14
20 13
7 11
8 18

Solution 65: 
1 6
10 22
19 14
20 13
7 11
8 18

Solution 66: 
1 6
10 22
16 17
20 13
7 11
8 18

Solution 67: 
1 6
16 17
16 22
20 13
7 11
8 18

Solution 68: 
1 6
16 17
20 13
7 11
8 18
8 24

Solution 69: 
1 6
19 14
20 13
7 11
8 18
8 24

Solution 70: 
19 14
20 13
4 6
7 11
8 18
8 24

Solution 71: 
1 5
19 14
20 13
7 11
8 18
8 24

Solution 72: 
19 14
20 13
7 11
8 18
8 24
9 5

Solution 73: 
16 17
20 13
7 11
8 18
8 24
9 5

Solution 74: 
16 17
20 13
4 6
7 11
8 18
8 24

Solution 75: 
1 5
16 17
20 13
7 11
8 18
8 24

Solution 76: 
1 5
16 22
19 14
20 13
7 11
8 18

Solution 77: 
1 5
10 22
19 14
20 13
7 11
8 18

Solution 78: 
1 5
17 24
19 14
20 13
7 11
8 18

Solution 79: 
17 24
19 14
20 13
4 6
7 11
8 18

Solution 80: 
17 24
19 14
20 13
7 11
8 18
9 5

Solution 81: 
16 17
17 24
20 13
7 11
8 18
9 5

Solution 82: 
10 22
16 17
20 13
7 11
8 18
9 5

Solution 83: 
10 22
19 14
20 13
7 11
8 18
9 5

Solution 84: 
10 22
19 14
20 13
4 6
7 11
8 18

Solution 85: 
16 22
19 14
20 13
4 6
7 11
8 18

Solution 86: 
16 22
19 14
20 13
7 11
8 18
9 5

Solution 87: 
16 17
16 22
20 13
7 11
8 18
9 5

Solution 88: 
16 17
16 22
19 12
7 11
8 18
9 5

Solution 89: 
1 6
16 17
16 22
19 12
7 11
8 18

Solution 90: 
16 17
16 22
19 12
4 6
7 11
8 18

Solution 91: 
1 5
16 17
16 22
19 12
7 11
8 18

Solution 92: 
1 5
16 22
19 12
19 14
7 11
8 18

Solution 93: 
1 5
16 22
19 14
21 12
7 11
8 18

Solution 94: 
1 5
16 22
19 14
21 13
7 11
8 18

Solution 95: 
16 22
19 14
21 13
7 11
8 18
9 5

Solution 96: 
16 22
19 14
21 13
4 6
7 11
8 18

Solution 97: 
1 6
16 22
19 14
21 13
7 11
8 18

Solution 98: 
1 6
16 22
19 14
21 12
7 11
8 18

Solution 99: 
16 22
19 14
21 12
7 11
8 18
9 5

Solution 100: 
16 22
19 14
21 12
4 6
7 11
8 18

Solution 101: 
16 22
19 12
19 14
4 6
7 11
8 18

Solution 102: 
16 22
19 12
19 14
7 11
8 18
9 5

Solution 103: 
1 6
16 22
19 12
19 14
7 11
8 18

Solution 104: 
1 6
19 12
19 14
7 11
8 18
8 24

Solution 105: 
1 6
10 22
19 12
19 14
7 11
8 18

Solution 106: 
1 6
17 24
19 12
19 14
7 11
8 18

Solution 107: 
1 5
17 24
19 12
19 14
7 11
8 18

Solution 108: 
17 24
19 12
19 14
4 6
7 11
8 18

Solution 109: 
10 22
19 12
19 14
4 6
7 11
8 18

Solution 110: 
1 5
10 22
19 12
19 14
7 11
8 18

Solution 111: 
10 22
19 12
19 14
7 11
8 18
9 5

Solution 112: 
17 24
19 12
19 14
7 11
8 18
9 5

Solution 113: 
19 12
19 14
7 11
8 18
8 24
9 5

Solution 114: 
1 5
19 12
19 14
7 11
8 18
8 24

Solution 115: 
19 12
19 14
4 6
7 11
8 18
8 24

Solution 116: 
19 14
21 13
4 6
7 11
8 18
8 24

Solution 117: 
17 24
19 14
21 13
4 6
7 11
8 18

Solution 118: 
10 22
19 14
21 13
4 6
7 11
8 18

Solution 119: 
1 6
10 22
19 14
21 13
7 11
8 18

Solution 120: 
1 6
10 22
19 14
21 12
7 11
8 18

Solution 121: 
1 5
10 22
19 14
21 12
7 11
8 18

Solution 122: 
1 5
10 22
19 14
21 13
7 11
8 18

Solution 123: 
10 22
19 14
21 13
7 11
8 18
9 5

Solution 124: 
10 22
19 14
21 12
7 11
8 18
9 5

Solution 125: 
10 22
19 14
21 12
4 6
7 11
8 18

Solution 126: 
17 24
19 14
21 12
4 6
7 11
8 18

Solution 127: 
19 14
21 12
4 6
7 11
8 18
8 24

Solution 128: 
1 6
19 14
21 12
7 11
8 18
8 24

Solution 129: 
1 5
19 14
21 12
7 11
8 18
8 24

Solution 130: 
1 5
17 24
19 14
21 12
7 11
8 18

Solution 131: 
1 6
17 24
19 14
21 12
7 11
8 18

Solution 132: 
17 24
19 14
21 12
7 11
8 18
9 5

Solution 133: 
19 14
21 12
7 11
8 18
8 24
9 5

Solution 134: 
19 14
21 13
7 11
8 18
8 24
9 5

Solution 135: 
17 24
19 14
21 13
7 11
8 18
9 5

Solution 136: 
1 6
17 24
19 14
21 13
7 11
8 18

Solution 137: 
1 5
17 24
19 14
21 13
7 11
8 18

Solution 138: 
1 5
19 14
21 13
7 11
8 18
8 24

Solution 139: 
1 6
19 14
21 13
7 11
8 18
8 24

Solution 140: 
1 6
16 17
19 12
7 11
8 18
8 24

Solution 141: 
1 5
16 17
19 12
7 11
8 18
8 24

Solution 142: 
16 17
19 12
7 11
8 18
8 24
9 5

Solution 143: 
16 17
19 12
4 6
7 11
8 18
8 24

Solution 144: 
16 17
17 24
19 12
4 6
7 11
8 18

Solution 145: 
10 22
16 17
19 12
4 6
7 11
8 18

Solution 146: 
1 6
10 22
16 17
19 12
7 11
8 18

Solution 147: 
1 5
10 22
16 17
19 12
7 11
8 18

Solution 148: 
10 22
16 17
19 12
7 11
8 18
9 5

Solution 149: 
16 17
17 24
19 12
7 11
8 18
9 5

Solution 150: 
1 6
16 17
17 24
19 12
7 11
8 18

Solution 151: 
1 5
16 17
17 24
19 12
7 11
8 18

Solution 152: 
1 5
10 22
13 16
16 17
19 12
7 11

Solution 153: 
1 5
13 16
16 17
19 12
7 11
8 24

Solution 154: 
1 5
13 16
16 17
20 13
7 11
8 24

Solution 155: 
1 5
10 22
13 16
16 17
20 13
7 11

Solution 156: 
1 6
10 22
13 16
16 17
20 13
7 11

Solution 157: 
10 22
13 16
16 17
20 13
7 11
9 5

Solution 158: 
10 22
13 16
16 17
20 13
4 6
7 11

Solution 159: 
10 22
13 16
16 17
19 12
4 6
7 11

Solution 160: 
10 22
13 16
16 17
19 12
7 11
9 5

Solution 161: 
1 6
10 22
13 16
16 17
19 12
7 11

Solution 162: 
1 6
13 16
16 17
19 12
7 11
8 24

Solution 163: 
13 16
16 17
19 12
4 6
7 11
8 24

Solution 164: 
13 16
16 17
20 13
4 6
7 11
8 24

Solution 165: 
1 6
13 16
16 17
20 13
7 11
8 24

Solution 166: 
13 16
16 17
20 13
7 11
8 24
9 5

Solution 167: 
13 16
16 17
19 12
7 11
8 24
9 5

Solution 168: 
13 16
19 12
19 14
7 11
8 24
9 5

Solution 169: 
13 16
19 14
21 12
7 11
8 24
9 5

Solution 170: 
13 16
19 14
21 13
7 11
8 24
9 5

Solution 171: 
13 16
19 14
20 13
7 11
8 24
9 5

Solution 172: 
10 22
13 16
19 14
20 13
7 11
9 5

Solution 173: 
10 22
13 16
19 14
21 12
7 11
9 5

Solution 174: 
10 22
13 16
19 14
21 13
7 11
9 5

Solution 175: 
10 22
13 16
19 12
19 14
7 11
9 5

Solution 176: 
10 22
13 16
19 12
19 14
4 6
7 11

Solution 177: 
1 6
10 22
13 16
19 12
19 14
7 11

Solution 178: 
1 5
10 22
13 16
19 12
19 14
7 11

Solution 179: 
1 5
13 16
19 12
19 14
7 11
8 24

Solution 180: 
1 6
13 16
19 12
19 14
7 11
8 24

Solution 181: 
13 16
19 12
19 14
4 6
7 11
8 24

Solution 182: 
13 16
19 14
21 12
4 6
7 11
8 24

Solution 183: 
13 16
19 14
21 13
4 6
7 11
8 24

Solution 184: 
13 16
19 14
20 13
4 6
7 11
8 24

Solution 185: 
10 22
13 16
19 14
20 13
4 6
7 11

Solution 186: 
10 22
13 16
19 14
21 13
4 6
7 11

Solution 187: 
10 22
13 16
19 14
21 12
4 6
7 11

Solution 188: 
1 6
10 22
13 16
19 14
21 12
7 11

Solution 189: 
1 5
10 22
13 16
19 14
21 12
7 11

Solution 190: 
1 5
10 22
13 16
19 14
20 13
7 11

Solution 191: 
1 6
10 22
13 16
19 14
20 13
7 11

Solution 192: 
1 6
10 22
13 16
19 14
21 13
7 11

Solution 193: 
1 5
10 22
13 16
19 14
21 13
7 11

Solution 194: 
1 5
13 16
19 14
21 13
7 11
8 24

Solution 195: 
1 6
13 16
19 14
21 13
7 11
8 24

Solution 196: 
1 6
13 16
19 14
21 12
7 11
8 24

Solution 197: 
1 5
13 16
19 14
21 12
7 11
8 24

Solution 198: 
1 5
13 16
19 14
20 13
7 11
8 24

Solution 199: 
1 6
13 16
19 14
20 13
7 11
8 24

Number of solutions found: 200

Changes at vertices: 
19 13 -> 19 12
Change visibility: 20 13
----------------------------------
Removal 10: 
Solution 0: 
1 6
19 14
7 11
8 18
8 24

Solution 1: 
1 6
17 24
19 14
7 11
8 18

Solution 2: 
17 24
19 14
7 11
8 18
9 5

Solution 3: 
1 5
17 24
19 14
7 11
8 18

Solution 4: 
1 5
19 14
7 11
8 18
8 24

Solution 5: 
19 14
7 11
8 18
8 24
9 5

Solution 6: 
17 23
19 14
7 11
8 18
9 5

Solution 7: 
1 5
17 23
19 14
7 11
8 18

Solution 8: 
1 6
17 23
19 14
7 11
8 18

Solution 9: 
1 6
16 22
19 14
7 11
8 18

Solution 10: 
16 22
19 14
7 11
8 18
9 5

Solution 11: 
1 5
16 22
19 14
7 11
8 18

Solution 12: 
16 22
19 14
4 6
7 11
8 18

Solution 13: 
17 24
19 14
4 6
7 11
8 18

Solution 14: 
19 14
4 6
7 11
8 18
8 24

Solution 15: 
17 23
19 14
4 6
7 11
8 18

Solution 16: 
10 22
19 14
4 6
7 11
8 18

Solution 17: 
1 5
10 22
19 14
7 11
8 18

Solution 18: 
10 22
19 14
7 11
8 18
9 5

Solution 19: 
1 6
10 22
19 14
7 11
8 18

Solution 20: 
1 6
10 22
13 16
19 14
7 11

Solution 21: 
1 5
10 22
13 16
19 14
7 11

Solution 22: 
10 22
13 16
19 14
7 11
9 5

Solution 23: 
10 22
13 16
19 14
4 6
7 11

Solution 24: 
13 16
19 14
4 6
7 11
8 24

Solution 25: 
1 6
13 16
19 14
7 11
8 24

Solution 26: 
13 16
19 14
7 11
8 24
9 5

Solution 27: 
1 5
13 16
19 14
7 11
8 24

Number of solutions found: 28

Changes at vertices: 
New Vertex: 19 14
20 14 -> 20 13
----------------------------------
Removal 11: 
Solution 0: 
1 6
15 14
16 22
7 11
8 18

Solution 1: 
15 14
16 22
4 6
7 11
8 18

Solution 2: 
15 14
16 22
7 11
8 18
9 5

Solution 3: 
1 5
15 14
16 22
7 11
8 18

Solution 4: 
1 5
15 14
17 23
7 11
8 18

Solution 5: 
1 6
15 14
17 23
7 11
8 18

Solution 6: 
15 14
17 23
7 11
8 18
9 5

Solution 7: 
15 14
17 23
4 6
7 11
8 18

Solution 8: 
15 17
17 23
4 6
7 11
8 18

Solution 9: 
16 17
17 23
4 6
7 11
8 18

Solution 10: 
16 17
17 24
4 6
7 11
8 18

Solution 11: 
16 17
4 6
7 11
8 18
8 24

Solution 12: 
16 17
16 22
4 6
7 11
8 18

Solution 13: 
15 17
16 22
4 6
7 11
8 18

Solution 14: 
16 22
20 14
4 6
7 11
8 18

Solution 15: 
17 24
20 14
4 6
7 11
8 18

Solution 16: 
20 14
4 6
7 11
8 18
8 24

Solution 17: 
10 22
20 14
4 6
7 11
8 18

Solution 18: 
10 22
16 17
4 6
7 11
8 18

Solution 19: 
17 23
20 14
4 6
7 11
8 18

Solution 20: 
13 16
20 14
4 6
7 11
8 24

Solution 21: 
13 16
16 17
4 6
7 11
8 24

Solution 22: 
10 22
13 16
16 17
4 6
7 11

Solution 23: 
10 22
13 16
20 14
4 6
7 11

Solution 24: 
10 22
13 16
20 14
7 11
9 5

Solution 25: 
1 6
10 22
13 16
20 14
7 11

Solution 26: 
1 5
10 22
13 16
20 14
7 11

Solution 27: 
1 5
10 22
13 16
16 17
7 11

Solution 28: 
1 6
10 22
13 16
16 17
7 11

Solution 29: 
10 22
13 16
16 17
7 11
9 5

Solution 30: 
10 22
16 17
7 11
8 18
9 5

Solution 31: 
10 22
20 14
7 11
8 18
9 5

Solution 32: 
1 6
10 22
20 14
7 11
8 18

Solution 33: 
1 5
10 22
20 14
7 11
8 18

Solution 34: 
1 5
10 22
16 17
7 11
8 18

Solution 35: 
1 6
10 22
16 17
7 11
8 18

Solution 36: 
1 6
16 17
17 24
7 11
8 18

Solution 37: 
1 6
16 17
7 11
8 18
8 24

Solution 38: 
1 6
13 16
16 17
7 11
8 24

Solution 39: 
1 6
16 17
16 22
7 11
8 18

Solution 40: 
1 6
16 17
17 23
7 11
8 18

Solution 41: 
1 6
15 17
17 23
7 11
8 18

Solution 42: 
1 6
17 23
20 14
7 11
8 18

Solution 43: 
1 6
17 24
20 14
7 11
8 18

Solution 44: 
1 6
16 22
20 14
7 11
8 18

Solution 45: 
1 6
15 17
16 22
7 11
8 18

Solution 46: 
1 6
20 14
7 11
8 18
8 24

Solution 47: 
1 6
13 16
20 14
7 11
8 24

Solution 48: 
13 16
20 14
7 11
8 24
9 5

Solution 49: 
1 5
13 16
20 14
7 11
8 24

Solution 50: 
1 5
13 16
16 17
7 11
8 24

Solution 51: 
13 16
16 17
7 11
8 24
9 5

Solution 52: 
16 17
7 11
8 18
8 24
9 5

Solution 53: 
20 14
7 11
8 18
8 24
9 5

Solution 54: 
1 5
20 14
7 11
8 18
8 24

Solution 55: 
1 5
16 17
7 11
8 18
8 24

Solution 56: 
1 5
16 17
17 24
7 11
8 18

Solution 57: 
1 5
16 17
16 22
7 11
8 18

Solution 58: 
1 5
16 17
17 23
7 11
8 18

Solution 59: 
1 5
15 17
17 23
7 11
8 18

Solution 60: 
1 5
17 23
20 14
7 11
8 18

Solution 61: 
1 5
17 24
20 14
7 11
8 18

Solution 62: 
1 5
16 22
20 14
7 11
8 18

Solution 63: 
1 5
15 17
16 22
7 11
8 18

Solution 64: 
15 17
16 22
7 11
8 18
9 5

Solution 65: 
16 22
20 14
7 11
8 18
9 5

Solution 66: 
17 24
20 14
7 11
8 18
9 5

Solution 67: 
17 23
20 14
7 11
8 18
9 5

Solution 68: 
15 17
17 23
7 11
8 18
9 5

Solution 69: 
16 17
17 23
7 11
8 18
9 5

Solution 70: 
16 17
17 24
7 11
8 18
9 5

Solution 71: 
16 17
16 22
7 11
8 18
9 5

Number of solutions found: 72

Changes at vertices: 
Change visibility: 16 17
20 17 -> 20 14
----------------------------------
Removal 12: 
Solution 0: 
1 6
16 22
7 11
8 18

Solution 1: 
16 22
4 6
7 11
8 18

Solution 2: 
16 22
7 11
8 18
9 5

Solution 3: 
17 23
7 11
8 18
9 5

Solution 4: 
17 23
4 6
7 11
8 18

Solution 5: 
1 6
17 23
7 11
8 18

Solution 6: 
1 5
17 23
7 11
8 18

Solution 7: 
1 5
16 22
7 11
8 18

Number of solutions found: 8

Changes at vertices: 
New Vertex: 16 22
20 22 -> 20 17
----------------------------------
Removal 13: 
Solution 0: 
1 6
10 22
7 11
8 18

Solution 1: 
10 22
4 6
7 11
8 18

Solution 2: 
10 22
7 11
8 18
9 5

Solution 3: 
10 22
13 16
7 11
9 5

Solution 4: 
1 6
10 22
13 16
7 11

Solution 5: 
10 22
13 16
4 6
7 11

Solution 6: 
1 5
10 22
13 16
7 11

Solution 7: 
1 5
10 22
7 11
8 18

Solution 8: 
1 5
17 23
7 11
8 18

Solution 9: 
1 6
17 23
7 11
8 18

Solution 10: 
17 23
7 11
8 18
9 5

Solution 11: 
17 23
4 6
7 11
8 18

Number of solutions found: 12

Changes at vertices: 
New Vertex: 17 23
8 23 -> 8 24
----------------------------------
Removal 14: 
Solution 0: 
1 6
7 11
8 18
8 23

Solution 1: 
4 6
7 11
8 18
8 23

Solution 2: 
7 11
8 18
8 23
9 5

Solution 3: 
13 16
7 11
8 23
9 5

Solution 4: 
1 6
13 16
7 11
8 23

Solution 5: 
13 16
4 6
7 11
8 23

Solution 6: 
1 5
13 16
7 11
8 23

Solution 7: 
1 5
7 11
8 18
8 23

Solution 8: 
1 5
20 23
7 11
8 18

Solution 9: 
1 5
20 22
7 11
8 18

Solution 10: 
1 5
10 22
7 11
8 18

Solution 11: 
1 5
10 22
13 16
7 11

Solution 12: 
1 6
10 22
13 16
7 11

Solution 13: 
10 22
13 16
7 11
9 5

Solution 14: 
10 22
13 16
4 6
7 11

Solution 15: 
10 22
4 6
7 11
8 18

Solution 16: 
20 23
4 6
7 11
8 18

Solution 17: 
20 22
4 6
7 11
8 18

Solution 18: 
1 6
20 22
7 11
8 18

Solution 19: 
20 22
7 11
8 18
9 5

Solution 20: 
20 23
7 11
8 18
9 5

Solution 21: 
10 22
7 11
8 18
9 5

Solution 22: 
1 6
10 22
7 11
8 18

Solution 23: 
1 6
20 23
7 11
8 18

Number of solutions found: 24

Changes at vertices: 
Change visibility: 10 22
8 22 -> 8 23
----------------------------------
Removal 15: 
Solution 0: 
1 6
7 11
8 18

Solution 1: 
4 6
7 11
8 18

Solution 2: 
7 11
8 18
9 5

Solution 3: 
1 5
7 11
8 18

Number of solutions found: 4

Changes at vertices: 
New Vertex: 10 20
8 20 -> 8 22
----------------------------------
Removal 16: 
Solution 0: 
1 6
7 11
8 18

Solution 1: 
4 6
7 11
8 18

Solution 2: 
7 11
8 18
9 5

Solution 3: 
13 16
7 11
9 5

Solution 4: 
13 16
4 6
7 11

Solution 5: 
1 5
13 16
7 11

Solution 6: 
1 6
13 16
7 11

Solution 7: 
1 5
7 11
8 18

Number of solutions found: 8

Changes at vertices: 
13 18 -> 13 20
New Vertex: 8 18
----------------------------------
Removal 17: 
Solution 0: 
1 6
3 18
7 11

Solution 1: 
3 18
4 6
7 11

Solution 2: 
3 18
7 11
9 5

Solution 3: 
7 11
7 16
9 5

Solution 4: 
13 18
7 11
9 5

Solution 5: 
13 16
7 11
9 5

Solution 6: 
1 6
13 16
7 11

Solution 7: 
1 6
7 11
7 16

Solution 8: 
1 6
13 18
7 11

Solution 9: 
1 5
13 18
7 11

Solution 10: 
1 5
7 11
7 16

Solution 11: 
1 5
13 16
7 11

Solution 12: 
13 16
4 6
7 11

Solution 13: 
4 6
7 11
7 16

Solution 14: 
13 18
4 6
7 11

Solution 15: 
1 5
3 18
7 11

Number of solutions found: 16

Changes at vertices: 
Change visibility: 7 16
3 16 -> 3 18
----------------------------------
Removal 18: 
Solution 0: 
1 6
7 11

Solution 1: 
4 6
7 11

Solution 2: 
7 11
9 5

Solution 3: 
1 5
7 11

Number of solutions found: 4

Changes at vertices: 
7 15 -> 7 16
New Vertex: 3 15
----------------------------------
Removal 19: 
Solution 0: 
1 6
7 11

Solution 1: 
4 6
7 11

Solution 2: 
7 11
9 5

Solution 3: 
1 5
7 11

Number of solutions found: 4

Changes at vertices: 
New Vertex: 7 11
2 11 -> 2 15
----------------------------------
Removal 20: 
Solution 0: 
2 11
4 6

Solution 1: 
2 11
9 5

Solution 2: 
9 10
9 5

Solution 3: 
1 6
9 10

Solution 4: 
4 6
9 10

Solution 5: 
1 5
9 10

Number of solutions found: 6

Changes at vertices: 
Change visibility: 9 10
2 10 -> 2 11
----------------------------------
Removal 21: 
Solution 0: 
2 7
4 6

Solution 1: 
2 7
9 5

Solution 2: 
2 10
9 5

Solution 3: 
9 10
9 5

Solution 4: 
4 7
9 5

Solution 5: 
4 6
4 7

Solution 6: 
1 6
4 7

Solution 7: 
2 10
4 6

Solution 8: 
4 6
9 10

Solution 9: 
1 6
9 10

Solution 10: 
1 5
9 10

Solution 11: 
1 5
4 7

Number of solutions found: 12

Changes at vertices: 
9 7 -> 9 10
Change visibility: 4 7
----------------------------------
Removal 22: 
Solution 0: 
9 5

Solution 1: 
4 6

Number of solutions found: 2

Changes at vertices: 
9 6 -> 9 7
New Vertex: 4 6
----------------------------------
Removal 23: 
Solution 0: 
1 6

Solution 1: 
9 5

Solution 2: 
9 6

Solution 3: 
1 5

Number of solutions found: 4

