114
6 88
6 78
5 78
5 67
1 67
1 89
33 89
33 91
28 91
28 92
14 92
14 93
8 93
8 95
4 95
4 100
11 100
11 106
3 106
3 111
22 111
22 130
21 130
21 159
19 159
19 166
9 166
9 168
23 168
23 119
26 119
26 170
25 170
25 175
20 175
20 176
24 176
24 180
29 180
29 202
27 202
27 205
98 205
98 211
104 211
104 206
109 206
109 210
112 210
112 209
117 209
117 191
114 191
114 181
79 181
79 162
118 162
118 160
94 160
94 158
144 158
144 157
99 157
99 153
163 153
163 146
174 146
174 140
177 140
177 137
214 137
214 142
240 142
240 150
241 150
241 139
227 139
227 136
162 136
162 149
87 149
87 152
73 152
73 154
67 154
67 183
84 183
84 190
92 190
92 193
108 193
108 198
115 198
115 203
101 203
101 204
59 204
59 201
30 201
30 109
41 109
41 108
31 108
31 107
15 107
15 104
17 104
17 98
7 98
7 96
38 96
38 94
34 94
34 88
