228
6 88
6 78
5 78
5 67
1 67
1 89
33 89
33 91
28 91
28 92
14 92
14 93
8 93
8 95
4 95
4 100
11 100
11 106
3 106
3 111
22 111
22 130
21 130
21 159
19 159
19 166
9 166
9 168
23 168
23 119
26 119
26 170
25 170
25 175
20 175
20 176
24 176
24 180
29 180
29 202
27 202
27 205
98 205
98 211
104 211
104 206
109 206
109 210
112 210
112 209
117 209
117 191
114 191
114 181
79 181
79 162
118 162
118 160
94 160
94 158
144 158
144 157
99 157
99 153
163 153
163 146
174 146
174 140
177 140
177 137
214 137
214 142
240 142
240 150
232 150
232 182
231 182
231 173
230 173
230 167
215 167
215 169
202 169
202 177
204 177
204 178
221 178
221 171
224 171
224 174
225 174
225 187
229 187
229 184
235 184
235 155
236 155
236 192
209 192
209 194
199 194
199 200
234 200
234 195
238 195
238 207
216 207
216 208
198 208
198 213
207 213
207 212
208 212
208 214
213 214
213 218
218 218
218 232
217 232
217 240
205 240
205 234
178 234
178 230
153 230
153 227
165 227
165 224
158 224
158 220
146 220
146 221
147 221
147 223
82 223
82 219
81 219
81 226
83 226
83 233
86 233
86 244
107 244
107 245
110 245
110 241
111 241
111 238
96 238
96 236
106 236
106 229
103 229
103 228
133 228
133 237
182 237
182 243
186 243
186 248
210 248
210 249
196 249
196 250
211 250
211 247
212 247
212 246
187 246
187 235
203 235
203 242
226 242
226 239
228 239
228 222
222 222
222 231
220 231
220 225
219 225
219 215
233 215
233 216
244 216
244 188
237 188
237 151
241 151
241 139
227 139
227 136
162 136
162 149
87 149
87 152
73 152
73 154
67 154
67 183
84 183
84 190
92 190
92 193
108 193
108 198
115 198
115 203
101 203
101 204
59 204
59 201
30 201
30 109
41 109
41 108
31 108
31 107
15 107
15 104
17 104
17 98
7 98
7 96
38 96
38 94
34 94
34 88
