96
18 1
18 4
17 4
17 10
16 10
16 7
10 7
10 11
12 11
12 8
13 8
13 18
19 18
19 20
7 20
7 21
5 21
5 38
4 38
4 37
1 37
1 42
2 42
2 50
3 50
3 44
6 44
6 28
8 28
8 26
11 26
11 25
14 25
14 22
23 22
23 24
24 24
24 14
20 14
20 12
22 12
22 6
21 6
21 2
26 2
26 3
30 3
30 46
29 46
29 23
27 23
27 35
28 35
28 41
25 41
25 43
9 43
9 49
15 49
15 47
39 47
39 27
43 27
43 19
42 19
42 17
41 17
41 15
45 15
45 32
44 32
44 48
50 48
50 39
46 39
46 31
49 31
49 30
47 30
47 29
48 29
48 13
40 13
40 16
37 16
37 36
36 36
36 45
34 45
34 40
33 40
33 34
32 34
32 33
31 33
31 1
