632
248 111
248 51
247 51
247 36
47 36
47 69
44 69
44 92
2 92
2 97
4 97
4 133
5 133
5 116
7 116
7 128
14 128
14 321
8 321
8 320
6 320
6 276
1 276
1 293
3 293
3 327
9 327
9 328
11 328
11 325
17 325
17 267
23 267
23 283
19 283
19 301
28 301
28 317
50 317
50 300
31 300
31 253
63 253
63 256
65 256
65 252
123 252
123 248
129 248
129 340
127 340
127 342
87 342
87 330
69 330
69 338
66 338
66 339
85 339
85 344
41 344
41 361
12 361
12 363
35 363
35 370
38 370
38 375
55 375
55 374
52 374
52 365
62 365
62 346
120 346
120 349
138 349
138 459
136 459
136 472
130 472
130 471
125 471
125 480
134 480
134 498
112 498
112 497
102 497
102 488
104 488
104 485
105 485
105 470
110 470
110 383
90 383
90 411
95 411
95 387
91 387
91 385
106 385
106 399
99 399
99 403
96 403
96 424
92 424
92 431
101 431
101 426
108 426
108 464
103 464
103 474
100 474
100 486
83 486
83 441
82 441
82 499
144 499
144 496
139 496
139 478
147 478
147 477
141 477
141 475
148 475
148 381
146 381
146 432
143 432
143 335
145 335
145 299
142 299
142 430
140 430
140 323
132 323
132 246
124 246
124 234
118 234
118 250
30 250
30 264
20 264
20 244
21 244
21 240
33 240
33 228
39 228
39 227
32 227
32 197
34 197
34 216
49 216
49 211
43 211
43 196
53 196
53 203
58 203
58 200
64 200
64 213
79 213
79 231
89 231
89 222
107 222
107 215
94 215
94 214
81 214
81 158
84 158
84 188
97 188
97 205
114 205
114 195
98 195
98 189
117 189
117 177
133 177
133 184
155 184
155 225
157 225
157 295
156 295
156 305
153 305
153 384
152 384
152 404
154 404
154 392
162 392
162 483
161 483
161 492
151 492
151 494
166 494
166 482
165 482
165 379
167 379
167 500
202 500
202 479
203 479
203 476
209 476
209 443
212 443
212 270
208 270
208 237
215 237
215 316
214 316
214 469
218 469
218 380
217 380
217 371
216 371
216 235
213 235
213 209
207 209
207 318
206 318
206 369
211 369
211 429
210 429
210 436
205 436
205 442
186 442
186 405
182 405
182 353
185 353
185 324
194 324
194 401
204 401
204 304
197 304
197 303
198 303
198 298
201 298
201 271
199 271
199 241
193 241
193 226
200 226
200 207
195 207
195 217
192 217
192 199
189 199
189 229
190 229
190 261
196 261
196 294
191 294
191 269
188 269
188 238
179 238
179 243
180 243
180 421
177 421
177 487
178 487
178 434
183 434
183 451
187 451
187 452
181 452
181 495
168 495
168 438
169 438
169 446
175 446
175 425
172 425
172 408
171 408
171 378
163 378
163 390
159 390
159 224
158 224
158 183
137 183
137 176
86 176
86 164
88 164
88 157
111 157
111 152
93 152
93 156
80 156
80 208
70 208
70 206
75 206
75 178
72 178
72 181
68 181
68 186
73 186
73 191
29 191
29 192
24 192
24 210
27 210
27 230
22 230
22 236
15 236
15 122
10 122
10 98
16 98
16 123
25 123
25 127
26 127
26 144
37 144
37 142
45 142
45 141
71 141
71 137
77 137
77 138
78 138
78 119
74 119
74 134
40 134
40 129
54 129
54 115
46 115
46 121
36 121
36 109
18 109
18 107
48 107
48 108
60 108
60 99
56 99
56 96
61 96
61 73
59 73
59 86
57 86
57 41
219 41
219 53
225 53
225 54
226 54
226 50
223 50
223 39
113 39
113 40
51 40
51 38
174 38
174 37
234 37
234 80
184 80
184 75
176 75
176 76
121 76
121 70
170 70
170 67
224 67
224 66
160 66
160 64
126 64
126 65
109 65
109 88
76 88
76 55
67 55
67 89
115 89
115 83
149 83
149 90
173 90
173 87
227 87
227 82
229 82
229 85
235 85
235 68
238 68
238 44
246 44
246 79
242 79
242 113
239 113
239 120
256 120
256 126
245 126
245 148
371 148
371 145
375 145
375 150
369 150
369 149
272 149
272 151
373 151
373 161
351 161
351 168
346 168
346 167
332 167
332 160
284 160
284 159
255 159
255 169
236 169
236 173
237 173
237 175
249 175
249 179
241 179
241 190
244 190
244 185
264 185
264 223
266 223
266 187
267 187
267 182
259 182
259 163
271 163
271 166
305 166
305 165
328 165
328 170
377 170
377 162
386 162
386 218
380 218
380 233
391 233
391 221
390 221
390 220
398 220
398 219
389 219
389 155
376 155
376 153
383 153
383 125
367 125
367 117
348 117
348 114
402 114
402 174
405 174
405 247
406 247
406 268
397 268
397 249
387 249
387 259
396 259
396 279
368 279
368 272
322 272
322 285
370 285
370 284
378 284
378 312
379 312
379 313
382 313
382 287
392 287
392 314
436 314
436 310
400 310
400 309
418 309
418 308
441 308
441 350
440 350
440 322
439 322
439 410
455 410
455 413
337 413
337 420
327 420
327 427
318 427
318 407
314 407
314 402
344 402
344 397
325 397
325 400
292 400
292 435
288 435
288 386
287 386
287 389
276 389
276 398
274 398
274 454
270 454
270 455
275 455
275 414
279 414
279 406
281 406
281 447
294 447
294 428
329 428
329 422
372 422
372 419
359 419
359 418
360 418
360 415
475 415
475 409
446 409
446 366
445 366
445 326
442 326
442 306
452 306
452 302
424 302
424 291
429 291
429 289
435 289
435 288
453 288
453 286
385 286
385 281
451 281
451 275
425 275
425 260
408 260
408 136
407 136
407 112
295 112
295 118
365 118
365 147
250 147
250 130
269 130
269 111
