186
14 236
14 321
8 321
8 320
6 320
6 276
1 276
1 293
3 293
3 327
9 327
9 328
11 328
11 325
17 325
17 267
23 267
23 283
19 283
19 301
28 301
28 317
50 317
50 300
31 300
31 253
63 253
63 256
65 256
65 252
123 252
123 248
129 248
129 340
127 340
127 342
87 342
87 330
69 330
69 338
66 338
66 339
85 339
85 344
41 344
41 361
12 361
12 363
35 363
35 370
38 370
38 375
55 375
55 374
52 374
52 365
62 365
62 346
120 346
120 349
138 349
138 459
136 459
136 472
130 472
130 471
125 471
125 480
134 480
134 498
112 498
112 497
102 497
102 488
104 488
104 485
105 485
105 470
110 470
110 383
90 383
90 411
95 411
95 387
91 387
91 385
106 385
106 399
99 399
99 403
96 403
96 424
92 424
92 431
101 431
101 426
108 426
108 464
103 464
103 474
100 474
100 486
83 486
83 441
82 441
82 499
144 499
144 496
139 496
139 478
147 478
147 477
141 477
141 475
148 475
148 381
146 381
146 432
143 432
143 335
145 335
145 299
142 299
142 430
140 430
140 323
132 323
132 246
124 246
124 234
118 234
118 250
30 250
30 264
20 264
20 244
21 244
21 240
33 240
33 228
39 228
39 227
32 227
32 197
34 197
34 216
49 216
49 211
43 211
43 196
53 196
53 203
58 203
58 200
64 200
64 213
79 213
79 231
89 231
89 222
107 222
107 215
94 215
94 214
81 214
81 158
84 158
84 177
137 177
137 176
86 176
86 164
88 164
88 157
80 157
80 208
70 208
70 206
75 206
75 192
24 192
24 210
27 210
27 230
22 230
22 236
