84
77 168
77 129
21 129
21 139
20 139
20 116
9 116
9 107
5 107
5 97
14 97
14 95
1 95
1 112
3 112
3 149
2 149
2 153
6 153
6 138
4 138
4 118
10 118
10 124
18 124
18 148
23 148
23 146
22 146
22 135
33 135
33 131
44 131
44 134
60 134
60 140
52 140
52 151
48 151
48 165
58 165
58 154
63 154
63 133
76 133
76 186
45 186
45 182
42 182
42 193
31 193
31 169
34 169
34 176
71 176
71 172
36 172
36 166
35 166
35 157
15 157
15 155
8 155
8 158
29 158
29 170
30 170
30 197
82 197
82 195
79 195
79 188
84 188
84 210
13 210
13 215
17 215
17 226
43 226
43 221
51 221
51 211
87 211
87 168
