198
81 1
81 3
82 3
82 5
83 5
83 12
42 12
42 8
30 8
30 10
35 10
35 11
40 11
40 13
29 13
29 18
31 18
31 19
39 19
39 14
66 14
66 31
64 31
64 27
63 27
63 25
61 25
61 26
57 26
57 29
54 29
54 47
58 47
58 55
72 55
72 58
50 58
50 32
46 32
46 37
48 37
48 39
49 39
49 74
78 74
78 75
95 75
95 81
47 81
47 79
45 79
45 77
43 77
43 68
41 68
41 69
37 69
37 49
21 49
21 34
32 34
32 36
38 36
38 38
44 38
44 33
11 33
11 44
6 44
6 52
5 52
5 63
7 63
7 57
9 57
9 53
8 53
8 48
13 48
13 43
20 43
20 46
14 46
14 65
15 65
15 89
16 89
16 92
1 92
1 95
2 95
2 97
3 97
3 100
10 100
10 99
12 99
12 98
4 98
4 93
23 93
23 96
24 96
24 94
25 94
25 91
17 91
17 88
22 88
22 78
18 78
18 56
19 56
19 50
27 50
27 64
28 64
28 54
33 54
33 73
34 73
34 76
36 76
36 82
71 82
71 83
91 83
91 85
89 85
89 84
74 84
74 90
75 90
75 87
85 87
85 86
97 86
97 80
100 80
100 67
98 67
98 72
94 72
94 45
92 45
92 71
62 71
62 70
53 70
53 66
51 66
51 59
60 59
60 60
52 60
52 61
70 61
70 62
80 62
80 24
76 24
76 28
79 28
79 51
65 51
65 42
56 42
56 41
55 41
55 35
59 35
59 40
67 40
67 21
68 21
68 16
69 16
69 22
73 22
73 23
88 23
88 17
84 17
84 20
77 20
77 15
87 15
87 7
96 7
96 9
99 9
99 6
93 6
93 2
90 2
90 4
86 4
86 1
