96
1 1
1 6
2 6
2 2
26 2
26 4
24 4
24 5
19 5
19 10
25 10
25 12
34 12
34 14
35 14
35 15
39 15
39 16
29 16
29 17
32 17
32 18
41 18
41 19
36 19
36 20
42 20
42 13
45 13
45 25
44 25
44 28
23 28
23 27
28 27
28 22
11 22
11 23
10 23
10 36
13 36
13 37
18 37
18 40
22 40
22 38
40 38
40 48
37 48
37 46
31 46
31 49
30 49
30 41
14 41
14 44
12 44
12 42
9 42
9 24
7 24
7 7
6 7
6 31
3 31
3 34
4 34
4 47
5 47
5 43
8 43
8 45
21 45
21 50
49 50
49 21
48 21
48 39
43 39
43 35
17 35
17 33
15 33
15 32
16 32
16 30
20 30
20 29
46 29
46 26
47 26
47 9
27 9
27 3
33 3
33 1
