98
104 133
104 235
107 235
107 260
33 260
33 237
40 237
40 205
4 205
4 244
3 244
3 292
6 292
6 232
14 232
14 253
20 253
20 342
5 342
5 347
1 347
1 496
7 496
7 463
8 463
8 483
10 483
10 432
9 432
9 431
13 431
13 457
11 457
11 480
24 480
24 456
29 456
29 428
19 428
19 429
2 429
2 351
16 351
16 417
22 417
22 370
21 370
21 328
27 328
27 259
30 259
30 250
17 250
17 233
25 233
25 223
26 223
26 242
28 242
28 215
32 215
32 266
63 266
63 261
101 261
101 273
97 273
97 274
105 274
105 276
113 276
113 275
140 275
140 278
144 278
144 300
96 300
96 303
149 303
149 301
150 301
150 270
147 270
147 268
133 268
133 255
136 255
136 246
108 246
108 138
111 138
111 203
115 203
115 153
117 153
117 144
129 144
129 133
