262
104 133
104 235
107 235
107 260
33 260
33 237
40 237
40 205
4 205
4 244
3 244
3 292
6 292
6 232
14 232
14 253
20 253
20 342
5 342
5 347
1 347
1 496
7 496
7 463
8 463
8 483
10 483
10 432
9 432
9 431
13 431
13 457
11 457
11 480
24 480
24 456
29 456
29 428
19 428
19 429
2 429
2 351
16 351
16 417
22 417
22 370
21 370
21 328
27 328
27 259
30 259
30 250
17 250
17 233
25 233
25 223
26 223
26 242
28 242
28 215
32 215
32 266
63 266
63 261
101 261
101 273
97 273
97 274
105 274
105 276
113 276
113 275
140 275
140 278
144 278
144 300
96 300
96 303
149 303
149 301
150 301
150 270
147 270
147 268
133 268
133 255
136 255
136 246
108 246
108 138
111 138
111 238
127 238
127 224
201 224
201 258
169 258
169 289
164 289
164 271
156 271
156 247
154 247
154 286
159 286
159 312
142 312
142 311
146 311
146 308
93 308
93 307
91 307
91 315
114 315
114 316
152 316
152 324
153 324
153 314
173 314
173 337
166 337
166 341
82 341
82 352
79 352
79 361
78 361
78 424
47 424
47 434
38 434
38 469
39 469
39 474
49 474
49 485
62 485
62 488
70 488
70 493
64 493
64 494
59 494
59 500
218 500
218 499
155 499
155 498
178 498
178 490
182 490
182 492
219 492
219 478
221 478
221 481
227 481
227 461
217 461
217 489
109 489
109 495
83 495
83 487
72 487
72 486
193 486
193 484
54 484
54 476
55 476
55 447
48 447
48 459
46 459
46 441
69 441
69 442
103 442
103 454
132 454
132 440
56 440
56 439
102 439
102 427
128 427
128 425
94 425
94 438
76 438
76 433
51 433
51 426
86 426
86 420
80 420
80 408
85 408
85 407
81 407
81 363
88 363
88 348
95 348
95 391
157 391
157 385
158 385
158 382
209 382
209 390
199 390
199 393
211 393
211 375
223 375
223 374
161 374
161 376
145 376
145 380
177 380
177 381
126 381
126 388
98 388
98 344
174 344
174 310
179 310
179 279
202 279
202 272
208 272
208 263
206 263
206 218
185 218
185 219
148 219
148 200
168 200
168 199
180 199
180 204
162 204
162 206
195 206
195 196
143 196
143 202
125 202
125 203
115 203
115 153
117 153
117 144
129 144
129 133
