140
570 1169
570 1174
516 1174
516 1198
528 1198
528 1204
535 1204
535 1223
58 1223
58 1220
79 1220
79 1211
1 1211
1 1216
52 1216
52 1225
401 1225
401 1226
536 1226
536 1214
544 1214
544 1197
518 1197
518 1175
521 1175
521 1176
579 1176
579 1172
801 1172
801 1167
813 1167
813 1155
823 1155
823 1161
862 1161
862 1181
966 1181
966 1185
824 1185
824 1199
846 1199
846 1187
982 1187
982 1191
878 1191
878 1190
863 1190
863 1196
876 1196
876 1192
999 1192
999 1203
1018 1203
1018 1210
974 1210
974 1213
912 1213
912 1218
898 1218
898 1230
879 1230
879 1234
870 1234
870 1233
829 1233
829 1235
769 1235
769 1229
721 1229
721 1228
648 1228
648 1231
655 1231
655 1236
722 1236
722 1248
763 1248
763 1245
807 1245
807 1244
744 1244
744 1243
868 1243
868 1249
1096 1249
1096 1247
1134 1247
1134 1250
1145 1250
1145 1246
1017 1246
1017 1242
935 1242
935 1241
725 1241
725 1238
731 1238
731 1239
752 1239
752 1240
820 1240
820 1237
906 1237
906 1232
917 1232
917 1219
1011 1219
1011 1222
1032 1222
1032 1195
1014 1195
1014 1179
872 1179
872 1177
900 1177
900 1170
871 1170
871 1158
845 1158
845 1156
1028 1156
1028 1151
1064 1151
1064 1148
1077 1148
1077 1154
1081 1154
1081 1137
1094 1137
1094 1139
1140 1139
1140 1135
1046 1135
1046 1142
1005 1142
1005 1150
904 1150
904 1153
793 1153
793 1169
