362
512 1004
512 1008
594 1008
594 1009
556 1009
556 1011
670 1011
670 1015
705 1015
705 1023
711 1023
711 1025
686 1025
686 1029
368 1029
368 1100
366 1100
366 1112
352 1112
352 1117
365 1117
365 1160
382 1160
382 1163
439 1163
439 1164
519 1164
519 1168
570 1168
570 1174
516 1174
516 1198
528 1198
528 1204
535 1204
535 1223
58 1223
58 1220
79 1220
79 1211
1 1211
1 1216
52 1216
52 1225
401 1225
401 1226
536 1226
536 1214
544 1214
544 1197
518 1197
518 1175
521 1175
521 1176
579 1176
579 1172
801 1172
801 1167
813 1167
813 1155
823 1155
823 1161
862 1161
862 1181
966 1181
966 1185
824 1185
824 1199
846 1199
846 1187
982 1187
982 1191
878 1191
878 1190
863 1190
863 1196
876 1196
876 1192
999 1192
999 1203
1018 1203
1018 1210
974 1210
974 1213
912 1213
912 1218
898 1218
898 1230
879 1230
879 1234
870 1234
870 1233
829 1233
829 1235
769 1235
769 1229
721 1229
721 1228
648 1228
648 1231
655 1231
655 1236
722 1236
722 1248
763 1248
763 1245
807 1245
807 1244
744 1244
744 1243
868 1243
868 1249
1096 1249
1096 1247
1134 1247
1134 1250
1145 1250
1145 1246
1017 1246
1017 1242
935 1242
935 1241
725 1241
725 1238
731 1238
731 1239
752 1239
752 1240
820 1240
820 1237
906 1237
906 1232
917 1232
917 1219
1011 1219
1011 1222
1032 1222
1032 1195
1014 1195
1014 1179
872 1179
872 1177
900 1177
900 1170
871 1170
871 1158
845 1158
845 1156
1028 1156
1028 1151
1064 1151
1064 1148
1077 1148
1077 1154
1081 1154
1081 1137
1094 1137
1094 1178
1144 1178
1144 1173
1108 1173
1108 1171
1095 1171
1095 1141
1154 1141
1154 1227
1175 1227
1175 1224
1170 1224
1170 1208
1159 1208
1159 1143
1162 1143
1162 1139
1140 1139
1140 1135
1046 1135
1046 1142
1005 1142
1005 1150
972 1150
972 1144
904 1144
904 1153
854 1153
854 1138
809 1138
809 1128
981 1128
981 1127
808 1127
808 1147
796 1147
796 1124
772 1124
772 1123
747 1123
747 1126
616 1126
616 1129
766 1129
766 1125
785 1125
785 1132
761 1132
761 1130
617 1130
617 1131
750 1131
750 1134
793 1134
793 1169
697 1169
697 1166
539 1166
539 1146
487 1146
487 1152
513 1152
513 1149
537 1149
537 1162
529 1162
529 1159
373 1159
373 1140
387 1140
387 1145
397 1145
397 1157
403 1157
403 1136
396 1136
396 1133
369 1133
369 1101
371 1101
371 1081
372 1081
372 1057
370 1057
370 1055
374 1055
374 1039
494 1039
494 1050
501 1050
501 1038
391 1038
391 1034
551 1034
551 1033
581 1033
581 1037
546 1037
546 1043
580 1043
580 1051
586 1051
586 1030
640 1030
640 1046
652 1046
652 1036
668 1036
668 1052
716 1052
716 1013
732 1013
732 1012
704 1012
704 1006
596 1006
596 1005
559 1005
559 974
597 974
597 977
573 977
573 989
584 989
584 980
591 980
591 983
924 983
924 988
910 988
910 1017
894 1017
894 1035
886 1035
886 1024
848 1024
848 1041
847 1041
847 1028
844 1028
844 1042
861 1042
861 1044
882 1044
882 1047
903 1047
903 1031
916 1031
916 1045
918 1045
918 1064
798 1064
798 1067
784 1067
784 1093
794 1093
794 1096
885 1096
885 1092
1055 1092
1055 1090
1038 1090
1038 1089
1009 1089
1009 1088
996 1088
996 1086
853 1086
853 1073
787 1073
787 1072
819 1072
819 1070
799 1070
799 1069
993 1069
993 1068
930 1068
930 1010
928 1010
928 1007
978 1007
978 1000
922 1000
922 999
914 999
914 997
1075 997
1075 995
913 995
913 991
926 991
926 982
633 982
633 978
728 978
728 976
770 976
770 975
727 975
727 972
558 972
558 1002
540 1002
540 1004
