1572
239 124
239 300
232 300
232 304
238 304
238 327
240 327
240 373
241 373
241 435
233 435
233 565
228 565
228 605
226 605
226 360
225 360
225 567
224 567
224 583
222 583
222 548
221 548
221 59
152 59
152 61
213 61
213 62
110 62
110 69
29 69
29 2
21 2
21 557
14 557
14 449
10 449
10 242
9 242
9 260
8 260
8 22
5 22
5 382
4 382
4 507
6 507
6 521
11 521
11 498
12 498
12 596
2 596
2 611
18 611
18 630
15 630
15 664
13 664
13 678
3 678
3 727
7 727
7 687
17 687
17 823
19 823
19 716
20 716
20 593
16 593
16 587
23 587
23 501
24 501
24 289
31 289
31 252
27 252
27 208
32 208
32 301
45 301
45 317
48 317
48 456
37 456
37 394
30 394
30 397
34 397
34 458
35 458
35 515
40 515
40 535
53 535
53 532
54 532
54 527
41 527
41 471
46 471
46 474
50 474
50 365
51 365
51 290
39 290
39 269
42 269
42 167
38 167
38 120
36 120
36 103
43 103
43 84
33 84
33 189
28 189
28 165
26 165
26 133
22 133
22 107
25 107
25 83
55 83
55 546
56 546
56 75
125 75
125 64
180 64
180 74
190 74
190 63
193 63
193 71
220 71
220 178
205 178
205 130
192 130
192 152
196 152
196 279
200 279
200 547
197 547
197 560
188 560
188 528
178 528
178 441
183 441
183 455
189 455
189 447
191 447
191 123
160 123
160 125
148 125
148 137
111 137
111 219
76 219
76 191
100 191
100 187
88 187
88 88
74 88
74 227
103 227
103 240
80 240
80 247
106 247
106 250
98 250
98 255
113 255
113 258
70 258
70 285
69 285
69 325
72 325
72 389
73 389
73 399
84 399
84 380
89 380
89 413
65 413
65 432
101 432
101 426
102 426
102 406
99 406
99 428
96 428
96 431
91 431
91 387
94 387
94 368
75 368
75 265
115 265
115 246
116 246
116 229
118 229
118 224
104 224
104 223
114 223
114 211
120 211
120 195
122 195
122 174
117 174
117 141
154 141
154 143
156 143
156 233
161 233
161 264
164 264
164 166
169 166
169 256
172 256
172 162
163 162
163 139
181 139
181 138
187 138
187 268
182 268
182 273
186 273
186 436
171 436
171 489
176 489
176 554
144 554
144 526
142 526
142 461
137 461
137 398
141 398
141 291
143 291
143 313
149 313
149 259
129 259
129 263
130 263
130 310
132 310
132 348
133 348
133 316
135 316
135 479
140 479
140 564
158 564
158 595
184 595
184 588
199 588
199 584
202 584
202 278
203 278
203 212
204 212
204 234
214 234
214 192
218 192
218 607
219 607
219 608
282 608
282 619
138 619
138 621
77 621
77 626
68 626
68 637
81 637
81 768
61 768
61 784
168 784
168 764
173 764
173 839
159 839
159 841
105 841
105 845
95 845
95 964
107 964
107 966
109 966
109 970
316 970
316 967
318 967
318 965
150 965
150 962
227 962
227 943
326 943
326 1020
336 1020
336 986
356 986
356 993
509 993
509 998
492 998
492 1003
512 1003
512 1008
594 1008
594 1009
556 1009
556 1011
670 1011
670 1015
705 1015
705 1023
711 1023
711 1025
686 1025
686 1029
368 1029
368 1100
366 1100
366 1112
352 1112
352 1117
365 1117
365 1160
382 1160
382 1163
439 1163
439 1164
519 1164
519 1168
570 1168
570 1174
516 1174
516 1198
528 1198
528 1204
535 1204
535 1223
58 1223
58 1220
79 1220
79 1211
1 1211
1 1216
52 1216
52 1225
401 1225
401 1226
536 1226
536 1214
544 1214
544 1197
518 1197
518 1175
521 1175
521 1176
579 1176
579 1172
801 1172
801 1167
813 1167
813 1155
823 1155
823 1161
862 1161
862 1181
966 1181
966 1185
824 1185
824 1199
846 1199
846 1187
982 1187
982 1191
878 1191
878 1190
863 1190
863 1196
876 1196
876 1192
999 1192
999 1203
1018 1203
1018 1210
974 1210
974 1213
912 1213
912 1218
898 1218
898 1230
879 1230
879 1234
870 1234
870 1233
829 1233
829 1235
769 1235
769 1229
721 1229
721 1228
648 1228
648 1231
655 1231
655 1236
722 1236
722 1248
763 1248
763 1245
807 1245
807 1244
744 1244
744 1243
868 1243
868 1249
1096 1249
1096 1247
1134 1247
1134 1250
1145 1250
1145 1246
1017 1246
1017 1242
935 1242
935 1241
725 1241
725 1238
731 1238
731 1239
752 1239
752 1240
820 1240
820 1237
906 1237
906 1232
917 1232
917 1219
1011 1219
1011 1222
1032 1222
1032 1195
1014 1195
1014 1179
872 1179
872 1177
900 1177
900 1170
871 1170
871 1158
845 1158
845 1156
1028 1156
1028 1151
1064 1151
1064 1148
1077 1148
1077 1154
1081 1154
1081 1137
1094 1137
1094 1178
1144 1178
1144 1173
1108 1173
1108 1171
1095 1171
1095 1141
1154 1141
1154 1227
1175 1227
1175 1224
1170 1224
1170 1208
1159 1208
1159 1143
1162 1143
1162 1139
1140 1139
1140 1135
1046 1135
1046 1142
1005 1142
1005 1150
972 1150
972 1144
904 1144
904 1153
854 1153
854 1138
809 1138
809 1128
981 1128
981 1127
808 1127
808 1147
796 1147
796 1124
772 1124
772 1123
747 1123
747 1126
616 1126
616 1129
766 1129
766 1125
785 1125
785 1132
761 1132
761 1130
617 1130
617 1131
750 1131
750 1134
793 1134
793 1169
697 1169
697 1166
539 1166
539 1146
487 1146
487 1152
513 1152
513 1149
537 1149
537 1162
529 1162
529 1159
373 1159
373 1140
387 1140
387 1145
397 1145
397 1157
403 1157
403 1136
396 1136
396 1133
369 1133
369 1101
371 1101
371 1081
372 1081
372 1057
370 1057
370 1055
374 1055
374 1039
494 1039
494 1050
501 1050
501 1038
391 1038
391 1034
551 1034
551 1033
581 1033
581 1037
546 1037
546 1043
580 1043
580 1051
586 1051
586 1030
640 1030
640 1046
652 1046
652 1036
668 1036
668 1052
716 1052
716 1013
732 1013
732 1012
704 1012
704 1006
596 1006
596 1005
559 1005
559 974
597 974
597 977
573 977
573 989
584 989
584 980
591 980
591 983
924 983
924 988
910 988
910 1017
894 1017
894 1035
886 1035
886 1024
848 1024
848 1041
847 1041
847 1028
844 1028
844 1042
861 1042
861 1044
882 1044
882 1047
903 1047
903 1031
916 1031
916 1045
918 1045
918 1064
798 1064
798 1067
784 1067
784 1093
794 1093
794 1098
797 1098
797 1102
714 1102
714 1104
708 1104
708 1097
653 1097
653 1106
644 1106
644 1108
895 1108
895 1110
682 1110
682 1109
643 1109
643 1059
566 1059
566 1062
532 1062
532 1060
490 1060
490 1061
405 1061
405 1077
392 1077
392 1076
386 1076
386 1085
381 1085
381 1094
383 1094
383 1095
412 1095
412 1091
434 1091
434 1078
410 1078
410 1074
460 1074
460 1082
442 1082
442 1087
448 1087
448 1083
470 1083
470 1063
621 1063
621 1065
618 1065
618 1066
564 1066
564 1071
572 1071
572 1075
622 1075
622 1080
625 1080
625 1116
860 1116
860 1114
706 1114
706 1111
865 1111
865 1122
1001 1122
1001 1120
997 1120
997 1118
1027 1118
1027 1113
979 1113
979 1121
873 1121
873 1115
899 1115
899 1119
927 1119
927 1107
776 1107
776 1105
746 1105
746 1103
816 1103
816 1099
948 1099
948 1096
885 1096
885 1092
1055 1092
1055 1090
1038 1090
1038 1089
1009 1089
1009 1088
996 1088
996 1086
853 1086
853 1073
787 1073
787 1072
819 1072
819 1070
799 1070
799 1069
936 1069
936 1079
952 1079
952 1084
993 1084
993 1048
1000 1048
1000 1056
1066 1056
1066 1040
1034 1040
1034 1032
1115 1032
1115 1049
1117 1049
1117 1053
1132 1053
1132 1018
1126 1018
1126 1027
1037 1027
1037 1022
991 1022
991 1054
983 1054
983 1058
958 1058
958 1019
941 1019
941 1068
930 1068
930 1010
928 1010
928 1007
978 1007
978 1000
922 1000
922 999
914 999
914 997
1075 997
1075 992
1041 992
1041 995
913 995
913 991
926 991
926 979
702 979
702 981
777 981
777 982
633 982
633 978
728 978
728 976
770 976
770 975
727 975
727 972
614 972
614 969
562 969
562 971
558 971
558 1002
540 1002
540 1004
517 1004
517 1001
511 1001
511 990
398 990
398 987
394 987
394 985
333 985
333 1016
329 1016
329 942
254 942
254 928
212 928
212 894
230 894
230 911
272 911
272 914
323 914
323 910
244 910
244 873
287 873
287 900
255 900
255 901
267 901
267 907
335 907
335 904
296 904
296 867
364 867
364 868
320 868
320 870
327 870
327 871
402 871
402 866
480 866
480 876
505 876
505 856
461 856
461 854
438 854
438 863
349 863
349 864
307 864
307 858
330 858
330 821
345 821
345 828
332 828
332 837
493 837
493 834
560 834
560 832
642 832
642 848
608 848
608 850
911 850
911 830
955 830
955 852
1020 852
1020 877
1008 877
1008 883
943 883
943 882
961 882
961 862
951 862
951 872
896 872
896 880
849 880
849 861
802 861
802 875
683 875
683 859
656 859
656 891
669 891
669 893
650 893
650 896
781 896
781 890
803 890
803 892
841 892
841 888
866 888
866 886
710 886
710 889
688 889
688 884
673 884
673 878
751 878
751 879
817 879
817 881
909 881
909 874
939 874
939 885
1022 885
1022 887
1029 887
1029 902
994 902
994 897
758 897
758 898
867 898
867 899
908 899
908 903
1042 903
1042 927
1039 927
1039 905
1035 905
1035 930
792 930
792 924
609 924
609 921
687 921
687 923
827 923
827 909
795 909
795 915
740 915
740 917
663 917
663 919
600 919
600 925
630 925
630 935
859 935
859 936
607 936
607 934
557 934
557 939
774 939
774 938
891 938
891 932
1043 932
1043 950
1131 950
1131 951
1002 951
1002 952
737 952
737 946
613 946
613 955
689 955
689 948
698 948
698 954
1138 954
1138 944
1156 944
1156 957
1157 957
1157 963
1176 963
1176 945
1215 945
1215 812
1212 812
1212 769
1216 769
1216 720
1208 720
1208 739
1204 739
1204 803
1200 803
1200 766
1203 766
1203 694
1202 694
1202 635
1211 635
1211 634
1224 634
1224 633
1199 633
1199 658
1196 658
1196 698
1191 698
1191 705
1188 705
1188 724
1186 724
1186 629
1221 629
1221 625
1206 625
1206 618
1182 618
1182 628
1177 628
1177 632
1185 632
1185 726
1198 726
1198 816
1209 816
1209 855
1214 855
1214 906
1163 906
1163 813
1160 813
1160 857
1161 857
1161 913
1189 913
1189 916
1167 916
1167 918
1195 918
1195 908
1201 908
1201 933
1187 933
1187 922
1174 922
1174 953
1169 953
1169 961
1158 961
1158 929
1120 929
1120 940
1111 940
1111 949
1047 949
1047 947
1053 947
1053 937
1068 937
1068 931
1052 931
1052 912
1062 912
1062 895
1031 895
1031 851
1023 851
1023 847
960 847
960 836
977 836
977 842
1019 842
1019 825
773 825
773 835
789 835
789 843
884 843
884 844
707 844
707 840
745 840
745 838
677 838
677 831
639 831
639 826
457 826
457 829
500 829
500 833
393 833
393 824
346 824
346 819
322 819
322 778
342 778
342 762
354 762
354 737
355 737
355 773
358 773
358 755
360 755
360 795
407 795
407 802
506 802
506 808
587 808
587 809
631 809
631 810
780 810
780 807
1153 807
1153 796
1147 796
1147 792
1148 792
1148 742
1152 742
1152 728
1150 728
1150 725
1045 725
1045 718
1098 718
1098 719
1139 719
1139 685
1146 685
1146 662
1118 662
1118 677
1116 677
1116 649
990 649
990 648
932 648
932 650
1099 650
1099 661
1089 661
1089 668
1097 668
1097 670
1084 670
1084 651
923 651
923 652
775 652
775 657
806 657
806 689
826 689
826 695
842 695
842 691
857 691
857 706
783 706
783 681
589 681
589 669
582 669
582 654
577 654
577 660
575 660
575 680
567 680
567 646
620 646
620 645
626 645
626 644
561 644
561 641
1073 641
1073 643
1183 643
1183 642
1166 642
1166 638
1013 638
1013 636
888 636
888 639
925 639
925 640
542 640
542 647
538 647
538 671
545 671
545 693
768 693
768 692
654 692
654 688
771 688
771 696
779 696
779 699
465 699
465 702
471 702
471 721
479 721
479 733
489 733
489 701
497 701
497 744
441 744
441 751
478 751
478 753
453 753
453 781
443 781
443 787
495 787
495 782
496 782
496 776
499 776
499 749
498 749
498 710
549 710
549 708
543 708
543 703
726 703
726 707
881 707
881 704
869 704
869 672
836 672
836 666
825 666
825 665
834 665
834 656
919 656
919 675
890 675
890 686
915 686
915 679
921 679
921 697
934 697
934 653
1003 653
1003 655
1025 655
1025 659
1076 659
1076 673
1112 673
1112 676
1070 676
1070 683
1067 683
1067 684
1110 684
1110 700
1113 700
1113 690
1127 690
1127 709
1137 709
1137 711
1129 711
1129 717
1125 717
1125 712
1086 712
1086 714
1106 714
1106 715
1040 715
1040 732
973 732
973 741
937 741
937 738
852 738
852 743
837 743
837 750
832 750
832 759
661 759
661 770
659 770
659 779
645 779
645 754
632 754
632 772
610 772
610 757
605 757
605 756
595 756
595 765
604 765
604 780
635 780
635 786
588 786
588 788
552 788
552 791
649 791
649 783
664 783
664 800
696 800
696 799
712 799
712 794
676 794
676 761
720 761
720 760
984 760
984 752
875 752
875 748
931 748
931 746
988 746
988 740
975 740
975 734
1122 734
1122 735
1123 735
1123 729
1143 729
1143 797
1114 797
1114 798
1149 798
1149 804
804 804
804 806
514 806
514 801
408 801
408 789
378 789
378 790
362 790
362 745
379 745
379 731
331 731
331 777
315 777
315 822
313 822
313 815
309 815
309 758
279 758
279 785
305 785
305 865
292 865
292 860
277 860
277 869
211 869
211 817
229 817
229 818
275 818
275 811
209 811
209 956
217 956
217 960
134 960
134 941
145 941
145 959
153 959
153 920
131 920
131 968
124 968
124 958
97 958
97 853
147 853
147 849
166 849
166 846
185 846
185 827
198 827
198 820
195 820
195 814
177 814
177 805
175 805
175 793
179 793
179 775
174 775
174 763
157 763
157 771
123 771
123 774
87 774
87 747
93 747
93 722
85 722
85 730
86 730
86 767
82 767
82 723
83 723
83 682
90 682
90 674
162 674
162 663
151 663
151 667
92 667
92 624
155 624
155 623
263 623
263 622
146 622
146 620
294 620
294 601
293 601
293 598
258 598
258 592
290 592
290 589
236 589
236 519
249 519
249 511
259 511
259 493
257 493
257 444
253 444
253 453
247 453
247 492
237 492
237 485
235 485
235 486
234 486
234 439
242 439
242 171
245 171
245 419
268 419
268 506
286 506
286 510
295 510
295 502
269 502
269 423
276 423
276 465
270 465
270 478
299 478
299 437
280 437
280 410
281 410
281 404
306 404
306 529
310 529
310 363
300 363
300 305
312 305
312 253
308 253
308 262
301 262
301 231
252 231
252 237
260 237
260 232
283 232
283 236
285 236
285 245
264 245
264 248
262 248
262 297
265 297
265 274
284 274
284 249
298 249
298 321
289 321
289 375
273 375
273 407
256 407
256 371
248 371
248 266
246 266
246 124
