2304
986 1
986 191
987 191
987 429
974 429
974 470
973 470
973 512
972 512
972 472
971 472
971 558
961 558
961 528
959 528
959 521
956 521
956 572
936 572
936 527
927 527
927 549
933 549
933 561
931 561
931 573
981 573
981 728
946 728
946 772
942 772
942 714
948 714
948 695
962 695
962 692
967 692
967 656
968 656
968 651
964 651
964 633
955 633
955 634
954 634
954 629
943 629
943 694
909 694
909 814
912 814
912 823
913 823
913 849
908 849
908 846
902 846
902 817
879 817
879 802
881 802
881 543
880 543
880 742
876 742
876 518
870 518
870 513
855 513
855 490
859 490
859 402
864 402
864 359
861 359
861 350
893 350
893 326
894 326
894 329
899 329
899 303
885 303
885 270
878 270
878 226
866 226
866 209
875 209
875 203
889 203
889 222
901 222
901 252
905 252
905 183
900 183
900 126
904 126
904 17
837 17
837 6
659 6
659 4
374 4
374 3
290 3
290 13
277 13
277 23
231 23
231 38
216 38
216 30
213 30
213 104
220 104
220 145
225 145
225 151
238 151
238 153
243 153
243 241
241 241
241 255
240 255
240 259
301 259
301 258
320 258
320 410
317 410
317 313
314 313
314 352
311 352
311 296
295 296
295 335
302 335
302 387
297 387
297 354
294 354
294 369
289 369
289 360
288 360
288 275
281 275
281 266
279 266
279 393
283 393
283 318
285 318
285 431
278 431
278 413
273 413
273 278
272 278
272 395
269 395
269 435
275 435
275 491
274 491
274 626
270 626
270 602
267 602
267 570
265 570
265 591
262 591
262 637
260 637
260 622
252 622
252 609
234 609
234 508
181 508
181 500
174 500
174 485
201 485
201 492
207 492
207 483
166 483
166 447
173 447
173 430
200 430
200 474
194 474
194 475
186 475
186 482
203 482
203 448
221 448
221 466
237 466
237 434
242 434
242 401
245 401
245 342
239 342
239 385
236 385
236 394
215 394
215 336
219 336
219 312
228 312
228 288
214 288
214 370
212 370
212 271
205 271
205 391
171 391
171 377
184 377
184 380
204 380
204 349
176 349
176 306
170 306
170 304
185 304
185 273
180 273
180 237
196 237
196 127
191 127
191 89
202 89
202 65
208 65
208 59
199 59
199 2
156 2
156 21
163 21
163 29
172 29
172 48
192 48
192 54
182 54
182 70
183 70
183 55
188 55
188 141
189 141
189 225
164 225
164 219
158 219
158 210
116 210
116 205
114 205
114 264
124 264
124 282
139 282
139 257
115 257
115 236
144 236
144 228
135 228
135 215
152 215
152 411
151 411
151 455
121 455
121 524
122 524
122 611
117 611
117 753
109 753
109 780
111 780
111 768
128 768
128 678
132 678
132 704
133 704
133 647
140 647
140 613
136 613
136 632
131 632
131 673
129 673
129 652
127 652
127 604
138 604
138 571
130 571
130 548
148 548
148 532
142 532
142 505
153 505
153 230
165 230
165 400
168 400
168 272
169 272
169 416
206 416
206 397
235 397
235 426
195 426
195 419
187 419
187 418
162 418
162 531
179 531
179 514
193 514
193 522
209 522
209 525
217 525
217 517
222 517
222 547
232 547
232 630
259 630
259 665
276 665
276 686
284 686
284 567
291 567
291 456
282 456
282 441
292 441
292 489
293 489
293 621
300 621
300 687
306 687
306 608
321 608
321 509
309 509
309 584
308 584
308 578
296 578
296 529
303 529
303 324
307 324
307 374
305 374
305 438
319 438
319 473
322 473
322 307
323 307
323 244
286 244
286 245
280 245
280 247
264 247
264 199
255 199
255 218
250 218
250 147
251 147
251 139
224 139
224 115
227 115
227 41
229 41
229 42
244 42
244 52
246 52
246 77
248 77
248 51
256 51
256 28
304 28
304 8
326 8
326 25
369 25
369 24
387 24
387 5
518 5
518 12
418 12
418 18
559 18
559 20
548 20
548 19
508 19
508 22
569 22
569 16
616 16
616 15
674 15
674 7
680 7
680 9
753 9
753 10
836 10
836 11
762 11
762 14
820 14
820 27
884 27
884 26
886 26
886 31
903 31
903 62
898 62
898 32
810 32
810 33
808 33
808 44
801 44
801 40
783 40
783 45
776 45
776 43
630 43
630 46
672 46
672 49
692 49
692 50
827 50
827 39
823 39
823 37
821 37
821 35
829 35
829 47
853 47
853 53
863 53
863 36
830 36
830 34
895 34
895 112
897 112
897 121
869 121
869 125
887 125
887 152
890 152
890 195
892 195
892 200
877 200
877 142
862 142
862 212
856 212
856 276
865 276
865 298
868 298
868 341
854 341
854 516
857 516
857 534
860 534
860 575
871 575
871 603
872 603
872 706
873 706
873 765
874 765
874 826
882 826
882 838
867 838
867 848
843 848
843 870
842 870
842 833
844 833
844 761
849 761
849 615
840 615
840 672
841 672
841 732
838 732
838 912
832 912
832 919
845 919
845 934
834 934
834 936
846 936
846 915
839 915
839 901
848 901
848 877
850 877
850 863
888 863
888 878
906 878
906 851
910 851
910 966
787 966
787 968
911 968
911 852
914 852
914 730
916 730
916 983
809 983
809 986
738 986
738 997
698 997
698 982
696 982
696 910
697 910
697 889
691 889
691 962
689 962
689 864
685 864
685 858
684 858
684 815
677 815
677 725
699 725
699 948
742 948
742 956
703 956
703 961
765 961
765 964
819 964
819 940
814 940
814 959
734 959
734 958
761 958
761 867
772 867
772 920
825 920
825 927
795 927
795 929
828 929
828 916
792 916
792 871
813 871
813 835
817 835
817 828
812 828
812 850
803 850
803 711
807 711
807 661
806 661
806 635
811 635
811 552
804 552
804 563
802 563
802 822
790 822
790 880
789 880
789 913
773 913
773 866
770 866
770 859
755 859
755 932
713 932
713 935
701 935
701 881
707 881
707 873
704 873
704 781
702 781
702 709
728 709
728 741
715 741
715 721
708 721
708 752
710 752
710 747
751 747
751 754
768 754
768 738
794 738
794 739
788 739
788 743
796 743
796 688
759 688
759 681
740 681
740 736
764 736
764 720
782 720
782 737
767 737
767 746
739 746
739 707
735 707
735 654
752 654
752 645
797 645
797 627
760 627
760 596
791 596
791 589
799 589
799 580
798 580
798 557
777 557
777 477
781 477
781 134
779 134
779 129
667 129
667 128
784 128
784 105
726 105
726 118
714 118
714 99
705 99
705 119
700 119
700 101
695 101
695 110
606 110
606 109
622 109
622 94
617 94
617 107
611 107
611 75
635 75
635 61
625 61
625 66
583 66
583 82
581 82
581 72
536 72
536 96
576 96
576 91
591 91
591 67
593 67
593 98
578 98
578 100
601 100
601 116
612 116
612 124
580 124
580 120
492 120
492 138
494 138
494 233
485 233
485 155
481 155
481 111
450 111
450 113
476 113
476 150
434 150
434 158
423 158
423 192
413 192
413 231
404 231
404 381
406 381
406 327
412 327
412 461
411 461
411 551
409 551
409 798
403 798
403 804
398 804
398 766
397 766
397 733
395 733
395 636
401 636
401 216
385 216
385 214
366 214
366 177
362 177
362 143
365 143
365 102
343 102
343 81
337 81
337 122
348 122
348 123
347 123
347 148
350 148
350 106
361 106
361 198
357 198
357 249
356 249
356 294
368 294
368 235
375 235
375 254
371 254
371 372
360 372
360 323
352 323
352 371
341 371
341 220
336 220
336 328
338 328
338 302
339 302
339 375
382 375
382 333
373 333
373 305
386 305
386 223
359 223
359 217
400 217
400 595
394 595
394 594
392 594
392 546
391 546
391 481
384 481
384 386
358 386
358 444
376 444
376 710
377 710
377 388
383 388
383 511
388 511
388 735
364 735
364 716
345 716
345 718
333 718
333 744
380 744
380 791
370 791
370 811
381 811
381 769
389 769
389 820
367 820
367 827
372 827
372 872
390 872
390 830
405 830
405 824
408 824
408 892
402 892
402 893
379 893
379 894
335 894
335 902
146 902
146 900
105 900
105 899
96 899
96 888
104 888
104 887
89 887
89 885
88 885
88 837
94 837
94 860
99 860
99 853
100 853
100 840
137 840
137 842
141 842
141 843
167 843
167 845
331 845
331 803
312 803
312 786
98 786
98 792
190 792
190 793
91 793
91 795
87 795
87 808
92 808
92 799
118 799
118 797
261 797
261 807
324 807
324 829
315 829
315 839
299 839
299 844
287 844
287 841
198 841
198 836
85 836
85 897
86 897
86 904
355 904
355 898
416 898
416 684
427 684
427 631
428 631
428 550
414 550
414 277
419 277
419 202
426 202
426 186
442 186
442 160
448 160
448 156
480 156
480 169
482 169
482 188
468 188
468 182
461 182
461 197
459 197
459 239
460 239
460 207
466 207
466 211
474 211
474 227
473 227
473 238
495 238
495 204
504 204
504 144
661 144
661 140
523 140
523 137
503 137
503 136
573 136
573 135
586 135
586 132
754 132
754 131
774 131
774 162
766 162
766 163
763 163
763 176
758 176
758 172
721 172
721 261
722 261
722 280
531 280
531 293
544 293
544 299
562 299
562 314
526 314
526 301
514 301
514 232
513 232
513 376
511 376
511 424
524 424
524 446
528 446
528 423
543 423
543 439
567 439
567 468
529 468
529 484
517 484
517 506
522 506
522 540
577 540
577 541
550 541
550 663
505 663
505 674
527 674
527 683
537 683
537 703
510 703
510 771
515 771
515 810
509 810
509 818
516 818
516 740
538 740
538 774
542 774
542 722
552 722
552 801
561 801
561 790
572 790
572 767
555 767
555 712
557 712
557 670
553 670
553 668
585 668
585 680
571 680
571 689
597 689
597 650
608 650
608 696
607 696
607 701
613 701
613 649
605 649
605 628
595 628
595 657
596 657
596 667
560 667
560 544
565 544
565 610
564 610
564 623
618 623
618 614
568 614
568 592
584 592
584 590
631 590
631 577
566 577
566 574
604 574
604 562
592 562
592 566
589 566
589 555
599 555
599 536
642 536
642 515
603 515
603 467
609 467
609 510
647 510
647 503
650 503
650 812
640 812
640 776
638 776
638 855
646 855
646 821
658 821
658 789
665 789
665 669
668 669
668 886
670 886
670 658
669 658
669 666
666 666
666 644
664 644
664 624
663 624
663 773
653 773
653 748
651 748
651 501
620 501
620 428
615 428
615 497
614 497
614 417
602 417
602 420
590 420
590 422
598 422
598 533
530 533
530 498
533 498
533 476
588 476
588 408
532 408
532 362
525 362
525 356
521 356
521 317
535 317
535 319
534 319
534 373
629 373
629 366
626 366
626 367
541 367
541 364
554 364
554 353
570 353
570 343
575 343
575 331
556 331
556 340
547 340
547 325
579 325
579 283
594 283
594 300
621 300
621 286
619 286
619 285
627 285
627 284
732 284
732 309
733 309
733 262
727 262
727 189
730 189
730 194
771 194
771 185
775 185
775 170
780 170
780 421
741 421
741 479
746 479
746 480
736 480
736 535
731 535
731 493
724 493
724 487
720 487
720 560
749 560
749 553
729 553
729 538
750 538
750 465
756 465
756 643
723 643
723 705
676 705
676 787
673 787
673 955
678 955
678 960
675 960
675 1048
709 1048
709 1050
682 1050
682 1063
744 1063
744 1070
643 1070
643 1061
655 1061
655 1055
662 1055
662 1025
657 1025
657 1012
652 1012
652 977
506 977
506 980
447 980
447 985
452 985
452 990
396 990
396 999
399 999
399 1007
340 1007
340 1019
74 1019
74 1035
68 1035
68 1037
63 1037
63 1075
37 1075
37 1054
36 1054
36 1040
34 1040
34 1024
30 1024
30 1087
2 1087
2 1101
8 1101
8 1139
23 1139
23 1208
21 1208
21 1213
19 1213
19 1215
22 1215
22 1242
18 1242
18 1238
1 1238
1 1248
43 1248
43 1249
35 1249
35 1250
61 1250
61 1247
76 1247
76 1245
81 1245
81 1246
83 1246
83 1240
79 1240
79 1239
53 1239
53 1241
77 1241
77 1243
41 1243
41 1237
64 1237
64 1236
40 1236
40 1244
26 1244
26 1124
17 1124
17 1109
15 1109
15 1090
31 1090
31 1080
32 1080
32 1033
33 1033
33 1076
62 1076
62 1081
47 1081
47 1079
44 1079
44 1118
45 1118
45 1200
59 1200
59 1195
51 1195
51 1192
69 1192
69 1210
154 1210
154 1212
84 1212
84 1222
107 1222
107 1224
125 1224
125 1214
147 1214
147 1228
120 1228
120 1229
93 1229
93 1235
110 1235
110 1234
258 1234
258 1231
520 1231
520 1226
415 1226
415 1223
349 1223
349 1225
263 1225
263 1227
257 1227
257 1233
150 1233
150 1220
159 1220
159 1219
211 1219
211 1217
178 1217
178 1205
113 1205
113 1207
73 1207
73 1190
134 1190
134 1191
155 1191
155 1189
458 1189
458 1197
313 1197
313 1196
157 1196
157 1198
266 1198
266 1201
453 1201
453 1199
507 1199
507 1187
519 1187
519 1186
928 1186
928 1216
932 1216
932 1232
947 1232
947 1230
957 1230
957 1181
960 1181
960 1209
958 1209
958 1221
991 1221
991 1203
992 1203
992 1146
994 1146
994 1104
985 1104
985 1089
1118 1089
1118 1084
1105 1084
1105 1088
984 1088
984 1100
979 1100
979 1106
925 1106
925 1105
831 1105
831 1110
891 1110
891 1114
989 1114
989 1204
990 1204
990 1218
965 1218
965 1169
915 1169
915 1182
940 1182
940 1172
950 1172
950 1194
951 1194
951 1211
944 1211
944 1206
929 1206
929 1184
785 1184
785 1173
793 1173
793 1174
805 1174
805 1171
694 1171
694 1177
725 1177
725 1179
587 1179
587 1180
449 1180
449 1183
424 1183
424 1178
334 1178
334 1188
58 1188
58 1185
56 1185
56 1176
298 1176
298 1175
95 1175
95 1152
177 1152
177 1156
268 1156
268 1161
226 1161
226 1159
161 1159
161 1157
102 1157
102 1168
126 1168
126 1165
175 1165
175 1167
488 1167
488 1151
499 1151
499 1141
539 1141
539 1142
671 1142
671 1136
633 1136
633 1138
558 1138
558 1137
574 1137
574 1130
563 1130
563 1120
551 1120
551 1122
546 1122
546 1127
545 1127
545 1140
465 1140
465 1115
464 1115
464 1163
346 1163
346 1162
444 1162
444 1108
446 1108
446 1111
451 1111
451 1160
455 1160
455 1145
456 1145
456 1103
363 1103
363 1098
210 1098
210 1099
328 1099
328 1102
325 1102
325 1107
249 1107
249 1112
443 1112
443 1158
354 1158
354 1155
310 1155
310 1164
271 1164
271 1153
247 1153
247 1150
218 1150
218 1147
197 1147
197 1132
253 1132
253 1135
332 1135
332 1134
351 1134
351 1144
353 1144
353 1128
327 1128
327 1126
233 1126
233 1123
230 1123
230 1131
149 1131
149 1125
143 1125
143 1121
254 1121
254 1119
112 1119
112 1117
123 1117
123 1116
57 1116
57 1129
97 1129
97 1133
145 1133
145 1149
54 1149
54 1148
49 1148
49 1166
46 1166
46 1113
48 1113
48 1095
80 1095
80 1096
55 1096
55 1097
103 1097
103 1093
82 1093
82 1091
67 1091
67 1094
60 1094
60 1092
52 1092
52 1083
66 1083
66 1082
65 1082
65 1078
70 1078
70 1077
71 1077
71 1064
72 1064
72 1038
75 1038
75 1057
78 1057
78 1021
342 1021
342 1014
378 1014
378 1010
475 1010
475 1011
417 1011
417 1016
407 1016
407 1017
500 1017
500 1009
410 1009
410 1005
439 1005
439 991
470 991
470 1002
478 1002
478 996
486 996
486 992
490 992
490 981
549 981
549 978
632 978
632 988
645 988
645 1022
648 1022
648 1034
660 1034
660 1051
639 1051
639 1047
641 1047
641 1043
634 1043
634 1071
693 1071
693 1072
748 1072
748 1068
977 1068
977 1067
993 1067
993 1059
1000 1059
1000 1020
1005 1020
1005 1015
1007 1015
1007 1073
835 1073
835 1074
1008 1074
1008 976
1006 976
1006 963
1004 963
1004 987
1003 987
1003 938
998 938
998 924
1022 924
1022 923
1107 923
1107 909
1092 909
1092 883
1083 883
1083 911
1093 911
1093 918
1064 918
1064 906
1073 906
1073 879
1052 879
1052 875
1090 875
1090 784
1086 784
1086 779
1088 779
1088 648
1102 648
1102 617
1104 617
1104 173
1115 173
1115 174
1119 174
1119 180
1120 180
1120 178
1136 178
1136 659
1134 659
1134 234
1122 234
1122 267
1121 267
1121 414
1125 414
1125 398
1123 398
1123 347
1124 347
1124 344
1127 344
1127 250
1128 250
1128 409
1131 409
1131 459
1130 459
1130 620
1132 620
1132 646
1129 646
1129 719
1133 719
1133 764
1148 764
1148 545
1147 545
1147 537
1144 537
1144 453
1143 453
1143 248
1141 248
1141 399
1142 399
1142 582
1145 582
1145 655
1146 655
1146 755
1135 755
1135 664
1137 664
1137 201
1138 201
1138 308
1139 308
1139 165
1106 165
1106 171
1100 171
1100 190
1094 190
1094 268
1096 268
1096 229
1101 229
1101 269
1103 269
1103 585
1099 585
1099 390
1098 390
1098 295
1097 295
1097 464
1095 464
1095 639
1084 639
1084 796
1077 796
1077 246
1078 246
1078 677
1079 677
1079 405
1080 405
1080 383
1081 383
1081 542
1087 542
1087 526
1082 526
1082 206
1069 206
1069 92
1091 92
1091 87
1058 87
1058 108
1056 108
1056 86
1072 86
1072 84
1108 84
1108 114
1110 114
1110 95
1111 95
1111 154
1117 154
1117 78
1126 78
1126 76
1113 76
1113 90
1112 90
1112 73
1166 73
1166 79
1175 79
1175 166
1169 166
1169 221
1171 221
1171 240
1170 240
1170 310
1168 310
1168 382
1174 382
1174 436
1176 436
1176 146
1179 146
1179 443
1177 443
1177 486
1183 486
1183 519
1178 519
1178 554
1186 554
1186 504
1192 504
1192 451
1193 451
1193 460
1196 460
1196 607
1190 607
1190 587
1185 587
1185 597
1173 597
1173 682
1163 682
1163 568
1162 568
1162 616
1161 616
1161 660
1160 660
1160 751
1159 751
1159 724
1156 724
1156 530
1155 530
1155 640
1154 640
1154 103
1157 103
1157 74
1153 74
1153 618
1151 618
1151 565
1152 565
1152 330
1150 330
1150 756
1158 756
1158 763
1250 763
1250 760
1249 760
1249 750
1233 750
1233 717
1210 717
1210 723
1212 723
1212 726
1188 726
1188 757
1187 757
1187 759
1165 759
1165 699
1164 699
1164 697
1221 697
1221 612
1240 612
1240 556
1229 556
1229 471
1243 471
1243 213
1246 213
1246 599
1245 599
1245 606
1247 606
1247 499
1248 499
1248 184
1244 184
1244 208
1242 208
1242 279
1241 279
1241 378
1239 378
1239 57
1225 57
1225 71
1236 71
1236 88
1237 88
1237 196
1230 196
1230 263
1232 263
1232 315
1226 315
1226 339
1231 339
1231 357
1234 357
1234 427
1238 427
1238 449
1228 449
1228 442
1224 442
1224 432
1220 432
1220 407
1222 407
1222 242
1218 242
1218 320
1217 320
1217 358
1215 358
1215 404
1213 404
1213 425
1216 425
1216 458
1227 458
1227 496
1223 496
1223 579
1235 579
1235 601
1209 601
1209 292
1208 292
1208 187
1207 187
1207 97
1205 97
1205 181
1206 181
1206 676
1211 676
1211 685
1214 685
1214 641
1219 641
1219 693
1172 693
1172 691
1180 691
1180 690
1198 690
1198 462
1204 462
1204 355
1197 355
1197 117
1199 117
1199 274
1203 274
1203 251
1202 251
1202 93
1201 93
1201 80
1200 80
1200 85
1194 85
1194 58
1189 58
1189 256
1195 256
1195 368
1191 368
1191 488
1184 488
1184 454
1182 454
1182 297
1181 297
1181 60
1116 60
1116 56
1114 56
1114 63
1140 63
1140 64
1167 64
1167 68
1149 68
1149 69
1109 69
1109 83
1044 83
1044 130
1042 130
1042 437
1040 437
1040 625
1045 625
1045 642
1039 642
1039 713
1031 713
1031 586
1038 586
1038 583
1037 583
1037 463
1034 463
1034 507
1033 507
1033 281
1032 281
1032 167
1029 167
1029 168
1026 168
1026 290
1030 290
1030 332
1023 332
1023 593
1027 593
1027 598
1025 598
1025 600
1028 600
1028 605
1020 605
1020 715
1035 715
1035 727
1055 727
1055 671
1062 671
1062 588
1068 588
1068 539
1067 539
1067 450
1066 450
1066 440
1065 440
1065 348
1063 348
1063 478
1060 478
1060 322
1057 322
1057 351
1059 351
1059 523
1051 523
1051 653
1049 653
1049 495
1050 495
1050 445
1047 445
1047 365
1053 365
1053 321
1046 321
1046 161
1048 161
1048 159
1061 159
1061 260
1076 260
1076 819
1075 819
1075 794
1043 794
1043 800
1017 800
1017 775
1036 775
1036 788
1070 788
1070 770
1013 770
1013 745
1016 745
1016 734
1010 734
1010 809
1011 809
1011 806
1012 806
1012 805
1071 805
1071 847
1089 847
1089 869
1085 869
1085 868
1074 868
1074 861
1054 861
1054 865
1041 865
1041 890
1021 890
1021 856
1019 856
1019 832
1018 832
1018 884
1015 884
1015 874
1009 874
1009 876
1014 876
1014 907
1001 907
1001 914
1024 914
1024 922
995 922
995 943
996 943
996 946
1002 946
1002 1003
997 1003
997 1013
999 1013
999 1045
983 1045
983 1036
938 1036
938 1039
980 1039
980 1066
747 1066
747 1065
833 1065
833 1060
737 1060
737 1052
800 1052
800 1053
918 1053
918 1041
852 1041
852 1046
815 1046
815 1042
681 1042
681 1028
822 1028
822 1031
858 1031
858 1032
966 1032
966 1030
826 1030
826 1029
970 1029
970 1027
687 1027
687 1026
690 1026
690 1023
679 1023
679 903
683 903
683 895
686 895
686 1004
745 1004
745 1008
786 1008
786 994
816 994
816 1006
851 1006
851 1001
907 1001
907 1000
824 1000
824 995
818 995
818 993
847 993
847 998
883 998
883 984
896 984
896 989
917 989
917 777
919 777
919 698
923 698
923 708
924 708
924 816
922 816
922 882
920 882
920 937
921 937
921 930
926 930
926 762
930 762
930 700
934 700
934 945
937 945
937 891
935 891
935 702
941 702
941 896
945 896
945 908
939 908
939 931
952 931
952 857
949 857
949 854
953 854
953 749
969 749
969 731
976 731
976 729
982 729
982 569
963 569
963 564
978 564
978 469
975 469
975 433
988 433
988 1
