1236
909 698
909 814
912 814
912 823
913 823
913 849
908 849
908 846
902 846
902 817
879 817
879 802
881 802
881 543
880 543
880 742
876 742
876 518
870 518
870 513
855 513
855 490
859 490
859 402
864 402
864 359
861 359
861 350
893 350
893 326
894 326
894 329
899 329
899 303
885 303
885 270
878 270
878 226
866 226
866 209
875 209
875 203
889 203
889 222
901 222
901 252
905 252
905 183
900 183
900 126
904 126
904 17
837 17
837 6
659 6
659 4
374 4
374 3
290 3
290 13
277 13
277 23
231 23
231 38
216 38
216 30
213 30
213 104
220 104
220 145
225 145
225 151
238 151
238 153
243 153
243 241
241 241
241 255
240 255
240 259
301 259
301 258
320 258
320 410
317 410
317 313
314 313
314 352
311 352
311 296
295 296
295 335
302 335
302 387
297 387
297 354
294 354
294 369
289 369
289 360
288 360
288 275
281 275
281 266
279 266
279 393
283 393
283 318
285 318
285 431
278 431
278 413
273 413
273 278
272 278
272 395
269 395
269 435
275 435
275 491
291 491
291 456
282 456
282 441
303 441
303 324
307 324
307 374
305 374
305 438
322 438
322 307
323 307
323 247
264 247
264 218
250 218
250 147
251 147
251 139
224 139
224 115
227 115
227 41
256 41
256 28
304 28
304 8
387 8
387 5
518 5
518 7
680 7
680 9
753 9
753 10
836 10
836 11
762 11
762 14
820 14
820 26
886 26
886 31
903 31
903 62
895 62
895 112
897 112
897 121
869 121
869 125
887 125
887 152
890 152
890 195
892 195
892 200
862 200
862 212
856 212
856 276
865 276
865 298
868 298
868 341
854 341
854 516
857 516
857 534
860 534
860 575
871 575
871 603
872 603
872 706
873 706
873 765
874 765
874 826
882 826
882 838
867 838
867 848
843 848
843 851
914 851
914 730
916 730
916 983
809 983
809 986
738 986
738 997
698 997
698 982
696 982
696 962
689 962
689 864
673 864
673 955
678 955
678 960
675 960
675 1048
709 1048
709 1050
682 1050
682 1063
744 1063
744 1070
643 1070
643 1061
655 1061
655 1055
662 1055
662 1025
657 1025
657 1012
652 1012
652 977
506 977
506 980
447 980
447 985
452 985
452 990
396 990
396 999
399 999
399 1007
340 1007
340 1019
74 1019
74 1035
68 1035
68 1037
63 1037
63 1075
37 1075
37 1054
36 1054
36 1040
34 1040
34 1024
30 1024
30 1087
2 1087
2 1101
8 1101
8 1139
23 1139
23 1208
21 1208
21 1213
19 1213
19 1215
22 1215
22 1242
18 1242
18 1238
1 1238
1 1248
43 1248
43 1249
35 1249
35 1250
61 1250
61 1247
76 1247
76 1245
81 1245
81 1246
83 1246
83 1240
79 1240
79 1239
53 1239
53 1241
77 1241
77 1243
41 1243
41 1237
64 1237
64 1236
40 1236
40 1244
26 1244
26 1124
17 1124
17 1109
15 1109
15 1090
31 1090
31 1080
32 1080
32 1033
33 1033
33 1076
62 1076
62 1081
47 1081
47 1079
44 1079
44 1118
45 1118
45 1200
59 1200
59 1195
51 1195
51 1192
69 1192
69 1210
154 1210
154 1212
84 1212
84 1222
107 1222
107 1224
125 1224
125 1214
147 1214
147 1228
120 1228
120 1229
93 1229
93 1235
110 1235
110 1234
258 1234
258 1231
520 1231
520 1226
415 1226
415 1223
349 1223
349 1225
263 1225
263 1227
257 1227
257 1233
150 1233
150 1220
159 1220
159 1219
211 1219
211 1217
178 1217
178 1205
113 1205
113 1207
73 1207
73 1190
134 1190
134 1191
155 1191
155 1189
458 1189
458 1197
313 1197
313 1196
157 1196
157 1198
266 1198
266 1201
453 1201
453 1199
507 1199
507 1187
519 1187
519 1186
928 1186
928 1216
932 1216
932 1232
947 1232
947 1230
957 1230
957 1181
960 1181
960 1209
958 1209
958 1221
991 1221
991 1203
992 1203
992 1146
994 1146
994 1104
985 1104
985 1089
1118 1089
1118 1084
1105 1084
1105 1088
984 1088
984 1100
979 1100
979 1106
925 1106
925 1105
831 1105
831 1110
891 1110
891 1114
989 1114
989 1204
990 1204
990 1218
965 1218
965 1169
915 1169
915 1182
940 1182
940 1172
950 1172
950 1194
951 1194
951 1211
944 1211
944 1206
929 1206
929 1184
785 1184
785 1173
793 1173
793 1174
805 1174
805 1171
694 1171
694 1177
725 1177
725 1179
587 1179
587 1180
449 1180
449 1183
424 1183
424 1178
334 1178
334 1188
58 1188
58 1185
56 1185
56 1176
298 1176
298 1175
95 1175
95 1152
177 1152
177 1156
268 1156
268 1161
226 1161
226 1159
161 1159
161 1157
102 1157
102 1168
126 1168
126 1165
175 1165
175 1167
488 1167
488 1151
499 1151
499 1141
539 1141
539 1142
671 1142
671 1136
633 1136
633 1138
558 1138
558 1137
574 1137
574 1130
563 1130
563 1120
551 1120
551 1122
546 1122
546 1127
545 1127
545 1140
465 1140
465 1115
464 1115
464 1163
346 1163
346 1162
444 1162
444 1108
446 1108
446 1111
451 1111
451 1160
455 1160
455 1145
456 1145
456 1103
363 1103
363 1098
210 1098
210 1099
328 1099
328 1102
325 1102
325 1107
249 1107
249 1112
443 1112
443 1158
354 1158
354 1155
310 1155
310 1164
271 1164
271 1153
247 1153
247 1150
218 1150
218 1147
197 1147
197 1132
253 1132
253 1135
332 1135
332 1134
351 1134
351 1144
353 1144
353 1128
327 1128
327 1126
233 1126
233 1123
230 1123
230 1131
149 1131
149 1125
143 1125
143 1121
254 1121
254 1119
112 1119
112 1117
123 1117
123 1116
57 1116
57 1129
97 1129
97 1133
145 1133
145 1149
54 1149
54 1148
49 1148
49 1166
46 1166
46 1113
48 1113
48 1095
80 1095
80 1096
55 1096
55 1097
103 1097
103 1093
82 1093
82 1091
67 1091
67 1094
60 1094
60 1092
52 1092
52 1083
66 1083
66 1082
65 1082
65 1078
70 1078
70 1077
71 1077
71 1064
72 1064
72 1038
75 1038
75 1057
78 1057
78 1021
342 1021
342 1014
378 1014
378 1010
475 1010
475 1011
417 1011
417 1016
407 1016
407 1017
500 1017
500 1009
410 1009
410 1005
439 1005
439 991
470 991
470 1002
478 1002
478 996
486 996
486 992
490 992
490 981
549 981
549 978
632 978
632 988
645 988
645 1022
648 1022
648 1034
660 1034
660 1051
639 1051
639 1047
641 1047
641 1043
634 1043
634 1071
693 1071
693 1072
748 1072
748 1068
977 1068
977 1067
993 1067
993 1059
1000 1059
1000 1020
1005 1020
1005 1015
1007 1015
1007 1073
835 1073
835 1074
1008 1074
1008 976
1006 976
1006 963
1004 963
1004 987
1003 987
1003 938
998 938
998 924
1022 924
1022 923
1107 923
1107 909
1092 909
1092 883
1083 883
1083 911
1093 911
1093 918
1064 918
1064 906
1073 906
1073 879
1052 879
1052 875
1090 875
1090 784
1086 784
1086 779
1088 779
1088 648
1102 648
1102 617
1104 617
1104 173
1115 173
1115 174
1119 174
1119 180
1120 180
1120 178
1136 178
1136 659
1134 659
1134 234
1122 234
1122 267
1121 267
1121 414
1125 414
1125 398
1123 398
1123 347
1124 347
1124 344
1127 344
1127 250
1128 250
1128 409
1131 409
1131 459
1130 459
1130 620
1132 620
1132 646
1129 646
1129 719
1133 719
1133 764
1148 764
1148 545
1147 545
1147 537
1144 537
1144 453
1143 453
1143 248
1141 248
1141 399
1142 399
1142 582
1145 582
1145 655
1146 655
1146 755
1135 755
1135 664
1137 664
1137 201
1138 201
1138 308
1139 308
1139 165
1106 165
1106 171
1100 171
1100 190
1094 190
1094 268
1096 268
1096 229
1101 229
1101 269
1103 269
1103 585
1099 585
1099 390
1098 390
1098 295
1097 295
1097 464
1095 464
1095 639
1084 639
1084 796
1077 796
1077 246
1078 246
1078 677
1079 677
1079 405
1080 405
1080 383
1081 383
1081 542
1087 542
1087 526
1082 526
1082 206
1069 206
1069 92
1091 92
1091 87
1058 87
1058 108
1056 108
1056 86
1072 86
1072 84
1108 84
1108 114
1110 114
1110 95
1111 95
1111 154
1117 154
1117 78
1126 78
1126 76
1113 76
1113 90
1112 90
1112 73
1166 73
1166 79
1175 79
1175 166
1169 166
1169 221
1171 221
1171 240
1170 240
1170 310
1168 310
1168 382
1174 382
1174 436
1176 436
1176 146
1179 146
1179 443
1177 443
1177 486
1183 486
1183 519
1178 519
1178 554
1186 554
1186 504
1192 504
1192 451
1193 451
1193 460
1196 460
1196 607
1190 607
1190 587
1185 587
1185 597
1173 597
1173 682
1163 682
1163 568
1162 568
1162 616
1161 616
1161 660
1160 660
1160 751
1159 751
1159 724
1156 724
1156 530
1155 530
1155 640
1154 640
1154 103
1157 103
1157 74
1153 74
1153 618
1151 618
1151 565
1152 565
1152 330
1150 330
1150 756
1158 756
1158 763
1250 763
1250 760
1249 760
1249 750
1233 750
1233 717
1210 717
1210 723
1212 723
1212 726
1188 726
1188 757
1187 757
1187 759
1165 759
1165 699
1164 699
1164 697
1221 697
1221 612
1240 612
1240 556
1229 556
1229 471
1243 471
1243 213
1246 213
1246 599
1245 599
1245 606
1247 606
1247 499
1248 499
1248 184
1244 184
1244 208
1242 208
1242 279
1241 279
1241 378
1239 378
1239 57
1225 57
1225 71
1236 71
1236 88
1237 88
1237 196
1230 196
1230 263
1232 263
1232 315
1226 315
1226 339
1231 339
1231 357
1234 357
1234 427
1238 427
1238 449
1228 449
1228 442
1224 442
1224 432
1220 432
1220 407
1222 407
1222 242
1218 242
1218 320
1217 320
1217 358
1215 358
1215 404
1213 404
1213 425
1216 425
1216 458
1227 458
1227 496
1223 496
1223 579
1235 579
1235 601
1209 601
1209 292
1208 292
1208 187
1207 187
1207 97
1205 97
1205 181
1206 181
1206 676
1211 676
1211 685
1214 685
1214 641
1219 641
1219 693
1172 693
1172 691
1180 691
1180 690
1198 690
1198 462
1204 462
1204 355
1197 355
1197 117
1199 117
1199 274
1203 274
1203 251
1202 251
1202 93
1201 93
1201 80
1200 80
1200 85
1194 85
1194 58
1189 58
1189 256
1195 256
1195 368
1191 368
1191 488
1184 488
1184 454
1182 454
1182 297
1181 297
1181 60
1116 60
1116 56
1114 56
1114 63
1140 63
1140 64
1167 64
1167 68
1149 68
1149 69
1109 69
1109 83
1044 83
1044 130
1042 130
1042 437
1040 437
1040 625
1045 625
1045 642
1039 642
1039 713
1031 713
1031 586
1038 586
1038 583
1037 583
1037 463
1034 463
1034 507
1033 507
1033 281
1032 281
1032 167
1029 167
1029 168
1026 168
1026 290
1030 290
1030 332
1023 332
1023 593
1027 593
1027 598
1025 598
1025 600
1028 600
1028 605
1020 605
1020 715
1035 715
1035 727
1055 727
1055 671
1062 671
1062 588
1068 588
1068 539
1067 539
1067 450
1066 450
1066 440
1065 440
1065 348
1063 348
1063 478
1060 478
1060 322
1057 322
1057 351
1059 351
1059 523
1051 523
1051 653
1049 653
1049 495
1050 495
1050 445
1047 445
1047 365
1053 365
1053 321
1046 321
1046 161
1048 161
1048 159
1061 159
1061 260
1076 260
1076 819
1075 819
1075 794
1043 794
1043 800
1017 800
1017 775
1036 775
1036 788
1070 788
1070 770
1013 770
1013 745
1016 745
1016 734
1010 734
1010 809
1011 809
1011 806
1012 806
1012 805
1071 805
1071 847
1089 847
1089 869
1085 869
1085 868
1074 868
1074 861
1054 861
1054 865
1041 865
1041 890
1021 890
1021 856
1019 856
1019 832
1018 832
1018 884
1015 884
1015 874
1009 874
1009 876
1014 876
1014 907
1001 907
1001 914
1024 914
1024 922
995 922
995 943
996 943
996 946
1002 946
1002 1003
997 1003
997 1013
999 1013
999 1045
983 1045
983 1036
938 1036
938 1039
980 1039
980 1066
747 1066
747 1065
833 1065
833 1060
737 1060
737 1052
800 1052
800 1053
918 1053
918 1041
852 1041
852 1046
815 1046
815 1042
681 1042
681 1028
822 1028
822 1031
858 1031
858 1032
966 1032
966 1030
826 1030
826 1029
970 1029
970 1027
687 1027
687 1026
690 1026
690 1023
679 1023
679 903
683 903
683 895
686 895
686 1004
745 1004
745 1008
786 1008
786 994
816 994
816 1006
851 1006
851 1001
907 1001
907 1000
824 1000
824 995
818 995
818 993
847 993
847 998
883 998
883 984
896 984
896 989
917 989
917 777
919 777
919 698
