198
10 2
10 10
13 10
13 38
12 38
12 81
9 81
9 110
6 110
6 111
4 111
4 82
5 82
5 75
7 75
7 14
8 14
8 13
1 13
1 92
3 92
3 112
11 112
11 98
14 98
14 4
22 4
22 7
16 7
16 53
17 53
17 96
26 96
26 105
25 105
25 107
19 107
19 127
23 127
23 150
62 150
62 147
64 147
64 148
105 148
105 153
107 153
107 152
149 152
149 160
142 160
142 159
125 159
125 158
94 158
94 157
103 157
103 155
59 155
59 161
96 161
96 162
86 162
86 165
116 165
116 167
136 167
136 166
163 166
163 164
108 164
108 163
176 163
176 186
166 186
166 191
162 191
162 169
154 169
154 175
146 175
146 170
145 170
145 168
92 168
92 171
81 171
81 174
85 174
85 172
128 172
128 173
118 173
118 176
91 176
91 177
39 177
39 178
160 178
160 187
156 187
156 189
135 189
135 179
90 179
90 182
99 182
99 181
114 181
114 183
51 183
51 180
43 180
43 184
87 184
87 197
102 197
102 190
113 190
113 198
115 198
115 185
121 185
121 199
143 199
143 200
152 200
152 196
194 196
194 195
126 195
126 188
130 188
130 193
155 193
155 194
170 194
170 192
181 192
181 154
182 154
182 156
190 156
190 138
186 138
186 132
189 132
189 129
184 129
184 88
198 88
198 113
199 113
199 84
193 84
193 66
192 66
192 83
191 83
191 59
171 59
171 76
167 76
167 85
157 85
157 87
169 87
169 86
175 86
175 70
179 70
179 117
180 117
180 119
177 119
177 139
178 139
178 122
183 122
183 151
109 151
109 146
49 146
49 149
38 149
38 145
28 145
28 120
31 120
31 103
37 103
37 97
34 97
34 91
18 91
18 9
24 9
24 2
