122
48 15
48 20
46 20
46 61
43 61
43 73
31 73
31 63
23 63
23 62
1 62
1 75
2 75
2 91
8 91
8 88
4 88
4 83
9 83
9 95
14 95
14 96
18 96
18 94
21 94
21 93
20 93
20 87
17 87
17 81
3 81
3 72
7 72
7 71
5 71
5 64
26 64
26 65
29 65
29 92
34 92
34 85
36 85
36 84
37 84
37 90
38 90
38 80
41 80
41 79
61 79
61 78
32 78
32 74
59 74
59 66
53 66
53 69
49 69
49 57
56 57
56 53
62 53
62 76
64 76
64 52
66 52
66 70
67 70
67 47
51 47
51 44
57 44
57 39
50 39
50 36
47 36
47 27
52 27
52 19
55 19
55 23
69 23
69 25
78 25
78 29
83 29
83 30
72 30
72 33
60 33
60 34
63 34
63 38
74 38
74 49
73 49
73 77
75 77
75 31
82 31
82 86
80 86
80 98
86 98
86 97
94 97
94 89
90 89
90 82
88 82
88 51
92 51
92 43
89 43
89 37
87 37
87 26
99 26
99 21
65 21
65 15
