188
70 1
70 8
54 8
54 2
48 2
48 20
46 20
46 61
45 61
45 41
44 41
44 46
43 46
43 73
31 73
31 58
12 58
12 56
42 56
42 18
22 18
22 16
11 16
11 22
16 22
16 24
13 24
13 32
15 32
15 28
33 28
33 35
39 35
39 40
40 40
40 50
35 50
35 55
10 55
10 59
30 59
30 63
23 63
23 62
1 62
1 75
2 75
2 91
8 91
8 88
4 88
4 83
9 83
9 95
14 95
14 96
18 96
18 94
21 94
21 93
20 93
20 87
17 87
17 81
3 81
3 72
7 72
7 71
5 71
5 64
26 64
26 65
29 65
29 92
34 92
34 85
36 85
36 84
37 84
37 90
38 90
38 80
41 80
41 79
61 79
61 78
32 78
32 74
59 74
59 66
53 66
53 69
49 69
49 57
56 57
56 53
62 53
62 76
64 76
64 52
66 52
66 70
67 70
67 47
51 47
51 44
57 44
57 39
50 39
50 36
47 36
47 27
52 27
52 19
55 19
55 23
69 23
69 25
78 25
78 29
83 29
83 30
72 30
72 33
60 33
60 34
63 34
63 38
74 38
74 49
73 49
73 77
75 77
75 31
82 31
82 86
80 86
80 98
76 98
76 100
84 100
84 99
86 99
86 97
94 97
94 89
90 89
90 82
88 82
88 51
91 51
91 68
92 68
92 43
89 43
89 37
87 37
87 26
95 26
95 67
96 67
96 54
99 54
99 11
98 11
98 10
85 10
85 12
77 12
77 14
68 14
68 21
65 21
65 15
58 15
58 9
71 9
71 5
81 5
81 6
93 6
93 7
100 7
100 4
79 4
79 3
97 3
97 1
