548
64 31
64 48
61 48
61 58
60 58
60 76
39 76
39 86
38 86
38 84
35 84
35 75
2 75
2 95
1 95
1 128
8 128
8 133
14 133
14 205
7 205
7 154
5 154
5 142
4 142
4 206
9 206
9 232
11 232
11 230
12 230
12 228
13 228
13 229
15 229
15 448
16 448
16 331
18 331
18 499
19 499
19 328
21 328
21 295
20 295
20 325
17 325
17 150
22 150
22 177
24 177
24 294
27 294
27 139
26 139
26 201
25 201
25 137
23 137
23 120
6 120
6 101
10 101
10 94
3 94
3 89
29 89
29 78
32 78
32 88
94 88
94 79
89 79
89 85
62 85
62 72
65 72
65 32
107 32
107 34
208 34
208 37
275 37
275 40
279 40
279 42
235 42
235 68
255 68
255 67
272 67
272 64
244 64
244 60
254 60
254 59
295 59
295 55
298 55
298 61
297 61
297 92
300 92
300 111
317 111
317 119
312 119
312 123
387 123
387 131
354 131
354 127
288 127
288 124
267 124
267 116
239 116
239 112
231 112
231 90
226 90
226 104
230 104
230 117
261 117
261 130
285 130
285 134
325 134
325 132
361 132
361 135
409 135
409 144
394 144
394 156
188 156
188 157
227 157
227 162
140 162
140 155
113 155
113 148
122 148
122 143
111 143
111 145
104 145
104 152
100 152
100 146
95 146
95 174
92 174
92 136
71 136
71 181
69 181
69 208
75 208
75 209
57 209
57 211
43 211
43 219
87 219
87 222
47 222
47 261
42 261
42 233
37 233
37 312
40 312
40 314
36 314
36 354
45 354
45 378
51 378
51 381
52 381
52 458
44 458
44 463
41 463
41 466
30 466
30 497
48 497
48 500
59 500
59 449
55 449
55 351
46 351
46 324
50 324
50 234
53 234
53 320
72 320
72 338
63 338
63 355
66 355
66 366
80 366
80 350
82 350
82 305
77 305
77 289
81 289
81 288
155 288
155 281
158 281
158 306
169 306
169 302
242 302
242 299
237 299
237 298
180 298
180 292
193 292
193 291
218 291
218 290
190 290
190 285
292 285
292 293
278 293
278 296
257 296
257 309
187 309
187 308
167 308
167 307
147 307
147 317
170 317
170 327
182 327
182 310
247 310
247 323
219 323
219 333
282 333
282 336
265 336
265 341
205 341
205 339
211 339
211 337
196 337
196 344
198 344
198 342
420 342
420 346
350 346
350 348
337 348
337 347
191 347
191 345
127 345
127 353
110 353
110 357
115 357
115 359
118 359
118 374
131 374
131 379
148 379
148 382
124 382
124 383
189 383
189 384
165 384
165 386
144 386
144 428
164 428
164 423
177 423
177 425
217 425
217 422
210 422
210 418
202 418
202 417
228 417
228 410
229 410
229 433
283 433
283 432
412 432
412 434
447 434
447 438
450 438
450 439
476 439
476 436
480 436
480 426
456 426
456 430
444 430
444 424
462 424
462 421
488 421
488 435
489 435
489 437
491 437
491 442
417 442
417 446
308 446
308 441
281 441
281 444
185 444
185 445
139 445
139 454
109 454
109 479
120 479
120 496
362 496
362 498
367 498
367 486
299 486
299 484
345 484
345 480
402 480
402 481
445 481
445 488
451 488
451 483
478 483
478 490
500 490
500 478
304 478
304 474
259 474
259 476
233 476
233 491
324 491
324 493
328 493
328 495
156 495
156 492
199 492
199 473
192 473
192 456
201 456
201 457
343 457
343 453
179 453
179 477
183 477
183 482
176 482
176 485
186 485
186 487
157 487
157 489
153 489
153 494
137 494
137 475
141 475
141 464
145 464
145 447
458 447
458 443
494 443
494 440
499 440
499 420
404 420
404 429
433 429
433 431
241 431
241 407
175 407
175 415
160 415
160 427
151 427
151 395
168 395
168 394
441 394
441 393
223 393
223 391
207 391
207 375
136 375
136 367
135 367
135 365
132 365
132 363
386 363
386 362
174 362
174 361
134 361
134 360
143 360
143 358
150 358
150 356
138 356
138 352
159 352
159 349
426 349
426 340
414 340
414 335
293 335
293 332
440 332
440 330
477 330
477 329
269 329
269 322
271 322
271 311
270 311
270 297
316 297
316 287
348 287
348 284
262 284
262 283
236 283
236 280
130 280
130 282
84 282
84 286
58 286
58 275
54 275
54 241
74 241
74 231
73 231
73 225
79 225
79 224
97 224
97 214
93 214
93 213
67 213
67 212
88 212
88 204
70 204
70 199
78 199
78 140
83 140
83 147
90 147
90 184
98 184
98 166
102 166
102 159
126 159
126 160
128 160
128 163
240 163
240 161
406 161
406 149
413 149
413 125
400 125
400 122
318 122
318 107
311 107
311 83
303 83
303 62
302 62
302 54
289 54
289 56
276 56
276 57
253 57
253 44
435 44
435 43
330 43
330 41
365 41
365 39
334 39
334 38
301 38
301 36
212 36
212 35
216 35
216 33
172 33
172 31
