196
64 31
64 48
61 48
61 58
60 58
60 76
39 76
39 86
38 86
38 84
35 84
35 75
2 75
2 95
1 95
1 128
8 128
8 133
14 133
14 205
7 205
7 154
5 154
5 142
4 142
4 206
9 206
9 232
11 232
11 230
12 230
12 228
13 228
13 229
15 229
15 448
16 448
16 331
18 331
18 499
19 499
19 328
21 328
21 295
20 295
20 325
17 325
17 150
22 150
22 177
24 177
24 294
27 294
27 139
26 139
26 201
25 201
25 137
23 137
23 120
6 120
6 101
10 101
10 94
3 94
3 89
29 89
29 78
32 78
32 88
94 88
94 79
89 79
89 85
62 85
62 72
65 72
65 32
107 32
107 34
208 34
208 37
275 37
275 40
279 40
279 42
235 42
235 68
255 68
255 67
272 67
272 64
244 64
244 60
254 60
254 59
295 59
295 55
298 55
298 61
297 61
297 92
300 92
300 111
317 111
317 119
312 119
312 123
387 123
387 131
354 131
354 127
288 127
288 124
267 124
267 116
239 116
239 112
231 112
231 90
226 90
226 104
230 104
230 117
261 117
261 130
285 130
285 134
325 134
325 132
361 132
361 135
409 135
409 144
394 144
394 156
188 156
188 157
227 157
227 162
140 162
140 155
113 155
113 148
122 148
122 143
111 143
111 145
104 145
104 152
100 152
100 146
95 146
95 159
126 159
126 160
128 160
128 163
240 163
240 161
406 161
406 149
413 149
413 125
400 125
400 122
318 122
318 107
311 107
311 83
303 83
303 62
302 62
302 54
289 54
289 56
276 56
276 57
253 57
253 44
435 44
435 43
330 43
330 41
365 41
365 39
334 39
334 38
301 38
301 36
212 36
212 35
216 35
216 33
172 33
172 31
