78
64 32
64 48
61 48
61 58
60 58
60 76
39 76
39 86
38 86
38 84
35 84
35 75
2 75
2 95
1 95
1 128
8 128
8 133
14 133
14 205
7 205
7 154
5 154
5 142
4 142
4 206
9 206
9 232
11 232
11 230
12 230
12 228
13 228
13 229
15 229
15 448
16 448
16 331
18 331
18 499
19 499
19 328
21 328
21 295
20 295
20 325
17 325
17 150
22 150
22 177
24 177
24 294
27 294
27 139
26 139
26 201
25 201
25 137
23 137
23 120
6 120
6 101
10 101
10 94
3 94
3 89
29 89
29 78
32 78
32 88
94 88
94 79
89 79
89 85
62 85
62 72
65 72
65 32
