1716
322 180
322 87
298 87
298 69
324 69
324 50
218 50
218 77
223 77
223 141
206 141
206 160
188 160
188 200
186 200
186 235
190 235
190 215
193 215
193 250
199 250
199 269
195 269
195 287
184 287
184 313
192 313
192 343
198 343
198 276
203 276
203 261
200 261
200 244
211 244
211 386
210 386
210 484
270 484
270 492
259 492
259 530
249 530
249 545
256 545
256 605
247 605
247 614
237 614
237 700
272 700
272 671
281 671
281 713
280 713
280 751
216 751
216 857
242 857
242 818
301 818
301 949
297 949
297 983
296 983
296 990
302 990
302 1009
277 1009
277 1005
292 1005
292 880
291 880
291 1004
288 1004
288 955
266 955
266 909
260 909
260 891
187 891
187 854
175 854
175 870
185 870
185 886
123 886
123 893
127 893
127 897
149 897
149 899
250 899
250 915
244 915
244 916
197 916
197 921
161 921
161 923
162 923
162 941
235 941
235 942
236 942
236 917
258 917
258 954
255 954
255 953
248 953
248 945
196 945
196 967
204 967
204 947
227 947
227 956
246 956
246 986
241 986
241 994
252 994
252 991
274 991
274 1007
194 1007
194 1003
159 1003
159 996
23 996
23 958
20 958
20 860
18 860
18 534
22 534
22 650
38 650
38 657
19 657
19 664
39 664
39 680
29 680
29 920
64 920
64 903
75 903
75 887
83 887
83 879
112 879
112 877
101 877
101 874
90 874
90 850
98 850
98 748
97 748
97 685
95 685
95 641
87 641
87 781
84 781
84 821
80 821
80 785
73 785
73 673
77 673
77 661
67 661
67 762
65 762
65 771
69 771
69 824
63 824
63 889
33 889
33 803
54 803
54 843
61 843
61 798
43 798
43 705
42 705
42 720
40 720
40 587
45 587
45 481
44 481
44 446
48 446
48 447
51 447
51 480
62 480
62 555
47 555
47 573
49 573
49 602
55 602
55 588
96 588
96 520
82 520
82 512
89 512
89 487
99 487
99 339
108 339
108 350
109 350
109 384
115 384
115 630
114 630
114 682
122 682
122 667
155 667
155 656
156 656
156 635
179 635
179 627
183 627
183 624
154 624
154 648
120 648
120 611
117 611
117 382
111 382
111 333
104 333
104 271
148 271
148 336
136 336
136 379
133 379
133 409
151 409
151 262
152 262
152 266
166 266
166 242
144 242
144 230
172 230
172 424
169 424
169 445
176 445
176 241
173 241
173 228
171 228
171 171
178 171
178 166
174 166
174 145
157 145
157 134
143 134
143 114
150 114
150 105
139 105
139 106
140 106
140 115
135 115
135 157
132 157
132 172
137 172
137 165
167 165
167 186
170 186
170 189
160 189
160 208
92 208
92 193
100 193
100 185
85 185
85 204
3 204
3 132
2 132
2 219
158 219
158 222
129 222
129 232
138 232
138 252
134 252
134 264
35 264
35 265
94 265
94 297
91 297
91 312
103 312
103 335
4 335
4 340
27 340
27 338
78 338
78 341
76 341
76 372
66 372
66 351
36 351
36 368
5 368
5 385
81 385
81 434
79 434
79 393
60 393
60 388
8 388
8 410
53 410
53 399
74 399
74 440
86 440
86 365
88 365
88 479
71 479
71 502
68 502
68 473
58 473
58 452
59 452
59 430
56 430
56 422
57 422
57 411
52 411
52 418
26 418
26 457
25 457
25 470
31 470
31 438
37 438
37 647
34 647
34 645
32 645
32 638
30 638
30 562
28 562
28 491
21 491
21 519
11 519
11 659
10 659
10 681
12 681
12 596
14 596
14 922
17 922
17 944
9 944
9 957
7 957
7 978
6 978
6 1031
46 1031
46 1032
125 1032
125 1029
41 1029
41 1022
15 1022
15 1010
315 1010
315 1057
308 1057
308 1080
254 1080
254 1055
208 1055
208 1083
207 1083
207 1085
205 1085
205 1072
191 1072
191 1067
180 1067
180 1074
182 1074
182 1091
217 1091
217 1059
245 1059
245 1062
222 1062
222 1094
226 1094
226 1063
228 1063
228 1082
289 1082
289 1111
331 1111
331 1113
340 1113
340 1172
342 1172
342 1176
336 1176
336 1198
332 1198
332 1188
202 1188
202 1180
146 1180
146 1179
201 1179
201 1178
1 1178
1 1181
126 1181
126 1182
50 1182
50 1196
24 1196
24 1194
13 1194
13 1197
93 1197
93 1193
102 1193
102 1191
124 1191
124 1208
107 1208
107 1245
119 1245
119 1241
130 1241
130 1216
131 1216
131 1183
181 1183
181 1189
330 1189
330 1192
314 1192
314 1190
290 1190
290 1195
293 1195
293 1199
328 1199
328 1205
350 1205
350 1207
368 1207
368 1204
443 1204
443 1210
367 1210
367 1211
461 1211
461 1213
664 1213
664 1212
667 1212
667 1215
597 1215
597 1217
609 1217
609 1220
638 1220
638 1226
660 1226
660 1223
672 1223
672 1229
616 1229
616 1233
472 1233
472 1231
506 1231
506 1222
512 1222
512 1221
432 1221
432 1227
406 1227
406 1228
381 1228
381 1224
349 1224
349 1225
339 1225
339 1230
378 1230
378 1234
584 1234
584 1237
475 1237
475 1236
333 1236
333 1239
617 1239
617 1238
629 1238
629 1242
370 1242
370 1243
602 1243
602 1244
604 1244
604 1247
388 1247
388 1248
348 1248
348 1249
395 1249
395 1250
647 1250
647 1240
649 1240
649 1246
671 1246
671 1235
625 1235
625 1232
737 1232
737 1214
699 1214
699 1219
673 1219
673 1218
674 1218
674 1209
517 1209
517 1206
469 1206
469 1203
442 1203
442 1187
446 1187
446 1186
592 1186
592 1185
636 1185
636 1184
391 1184
391 1200
386 1200
386 1201
382 1201
382 1202
344 1202
344 1165
343 1165
343 1102
317 1102
317 997
310 997
310 960
306 960
306 927
313 927
313 784
318 784
318 778
267 778
267 787
261 787
261 796
311 796
311 912
307 912
307 830
303 830
303 804
240 804
240 786
233 786
233 822
224 822
224 754
264 754
264 755
282 755
282 662
268 662
268 677
265 677
265 575
284 575
284 507
283 507
283 504
305 504
305 485
287 485
287 482
215 482
215 462
257 462
257 429
279 429
279 412
295 412
295 404
300 404
300 396
269 396
269 390
320 390
320 362
316 362
316 332
299 332
299 373
312 373
312 383
319 383
319 387
276 387
276 381
234 381
234 397
262 397
262 400
271 400
271 406
253 406
253 443
220 443
220 389
213 389
213 238
231 238
231 236
209 236
209 170
212 170
212 142
230 142
230 68
263 68
263 85
273 85
273 139
278 139
278 75
285 75
285 51
294 51
294 128
321 128
321 184
323 184
323 223
347 223
347 164
358 164
358 197
423 197
423 199
384 199
384 203
379 203
379 201
360 201
360 221
372 221
372 210
419 210
419 213
408 213
408 251
409 251
409 260
405 260
405 254
385 254
385 658
389 658
389 691
380 691
380 722
394 722
394 653
392 653
392 652
393 652
393 631
387 631
387 255
404 255
404 349
474 349
474 359
508 359
508 366
534 366
534 354
538 354
538 346
558 346
558 347
560 347
560 377
680 377
680 378
732 378
732 371
750 371
750 370
626 370
626 360
777 360
777 363
778 363
778 537
785 537
785 544
788 544
788 595
774 595
774 442
755 442
755 403
753 403
753 613
751 613
751 601
752 601
752 566
734 566
734 463
684 463
684 432
666 432
666 416
599 416
599 437
633 437
633 449
652 449
652 435
663 435
663 483
676 483
676 557
669 557
669 551
662 551
662 511
562 511
562 506
588 506
588 501
637 501
637 497
581 497
581 498
459 498
459 817
454 817
454 825
453 825
453 831
425 831
425 884
422 884
422 1008
421 1008
421 936
418 936
418 1050
417 1050
417 776
424 776
424 741
416 741
416 696
412 696
412 731
399 731
399 472
397 472
397 686
398 686
398 1013
400 1013
400 1030
401 1030
401 793
402 793
402 769
414 769
414 1112
415 1112
415 1129
439 1129
439 1119
450 1119
450 1137
451 1137
451 1023
438 1023
438 1000
452 1000
452 999
447 999
447 885
444 885
444 938
440 938
440 951
435 951
435 985
437 985
437 1001
436 1001
436 1036
431 1036
431 1124
426 1124
426 1093
430 1093
430 937
429 937
429 848
445 848
445 832
456 832
456 852
462 852
462 805
460 805
460 510
464 510
464 522
608 522
608 516
656 516
656 550
610 550
610 553
595 553
595 548
510 548
510 549
480 549
480 556
478 556
478 628
476 628
476 715
471 715
471 767
477 767
477 744
481 744
481 583
486 583
486 774
482 774
482 811
490 811
490 725
491 725
491 995
495 995
495 1058
485 1058
485 1158
505 1158
505 1171
507 1171
507 1156
525 1156
525 1066
527 1066
527 908
532 908
532 992
539 992
539 829
540 829
540 973
543 973
543 1046
544 1046
544 1136
571 1136
571 1138
567 1138
567 1174
582 1174
582 1166
572 1166
572 1127
573 1127
573 1140
576 1140
576 1110
580 1110
580 1070
579 1070
579 1060
574 1060
574 1106
570 1106
570 1128
561 1128
561 1132
552 1132
552 901
554 901
554 878
556 878
556 703
555 703
555 717
553 717
553 871
551 871
551 914
549 914
549 1024
550 1024
550 1068
548 1068
548 1051
546 1051
546 984
547 984
547 738
531 738
531 764
542 764
542 789
541 789
541 826
528 826
528 869
524 869
524 888
520 888
520 963
519 963
519 1020
523 1020
523 1025
516 1025
516 842
514 842
514 1053
521 1053
521 1146
488 1146
488 1145
489 1145
489 1123
496 1123
496 1097
498 1097
498 998
502 998
502 1052
503 1052
503 993
494 993
494 883
501 883
501 882
499 882
499 835
492 835
492 736
497 736
497 733
500 733
500 809
511 809
511 799
504 799
504 718
493 718
493 559
557 559
557 563
658 563
658 560
677 560
677 488
679 488
679 578
657 578
657 579
675 579
675 584
689 584
689 469
730 469
730 499
728 499
728 574
724 574
724 582
716 582
716 589
701 589
701 597
733 597
733 570
739 570
739 580
741 580
741 644
742 644
742 585
746 585
746 675
711 675
711 674
727 674
727 649
729 649
729 609
717 609
717 636
723 636
723 666
646 666
646 672
668 672
668 678
704 678
704 690
725 690
725 688
738 688
738 708
748 708
748 739
743 739
743 730
740 730
740 758
761 758
761 779
747 779
747 766
720 766
720 742
661 742
661 734
634 734
634 775
624 775
624 790
605 790
605 812
621 812
621 816
607 816
607 971
601 971
601 1012
600 1012
600 1014
603 1014
603 1018
611 1018
611 862
613 862
613 1047
628 1047
628 1054
632 1054
632 1028
619 1028
619 1026
618 1026
618 1040
615 1040
615 839
635 839
635 808
612 808
612 800
639 800
639 979
640 979
640 752
641 752
641 837
642 837
642 1041
654 1041
654 972
655 972
655 959
650 959
650 896
653 896
653 770
651 770
651 783
645 783
645 1021
648 1021
648 1027
644 1027
644 873
643 873
643 735
659 735
659 746
670 746
670 743
718 743
718 765
714 765
714 749
713 749
713 763
702 763
702 828
703 828
703 890
700 890
700 795
694 795
694 836
697 836
697 911
695 911
695 864
681 864
681 867
687 867
687 977
688 977
688 881
691 881
691 961
690 961
690 1019
693 1019
693 1039
685 1039
685 1017
682 1017
682 1035
683 1035
683 1043
665 1043
665 1044
696 1044
696 1006
698 1006
698 1015
707 1015
707 946
705 946
705 820
708 820
708 780
709 780
709 788
801 788
801 760
814 760
814 849
813 849
813 964
812 964
812 965
803 965
803 976
798 976
798 1002
802 1002
802 1034
796 1034
796 1048
810 1048
810 1042
806 1042
806 1037
808 1037
808 969
820 969
820 966
821 966
821 907
819 907
819 806
818 806
818 698
817 698
817 606
816 606
816 935
815 935
815 598
805 598
805 622
804 622
804 660
807 660
807 676
811 676
811 697
800 697
800 768
799 768
799 777
762 777
762 773
765 773
765 745
757 745
757 706
744 706
744 694
759 694
759 655
758 655
758 687
754 687
754 448
773 448
773 495
769 495
769 503
771 503
771 500
772 500
772 586
768 586
768 620
767 620
767 567
763 567
763 693
790 693
790 689
770 689
770 646
786 646
786 629
783 629
783 632
775 632
775 600
791 600
791 594
797 594
797 542
794 542
794 375
793 375
793 540
792 540
792 331
787 331
787 407
789 407
789 533
784 533
784 466
779 466
779 307
764 307
764 337
756 337
756 301
780 301
780 398
782 398
782 394
781 394
781 289
710 289
710 294
721 294
721 306
731 306
731 314
749 314
749 318
736 318
736 322
726 322
726 345
760 345
760 358
712 358
712 355
631 355
631 353
585 353
585 369
563 369
563 356
583 356
583 329
473 329
473 321
479 321
479 316
530 316
530 315
484 315
484 303
565 303
565 309
578 309
578 298
587 298
587 302
596 302
596 267
594 267
594 247
590 247
590 243
586 243
586 296
537 296
537 292
575 292
575 291
535 291
535 295
483 295
483 299
467 299
467 182
468 182
468 156
466 156
466 130
465 130
465 92
591 92
591 97
522 97
522 101
745 101
745 100
914 100
914 153
922 153
922 146
923 146
923 246
908 246
908 194
909 194
909 225
912 225
912 152
905 152
905 190
904 190
904 268
902 268
902 270
899 270
899 413
898 413
898 367
886 367
886 278
896 278
896 258
881 258
881 253
888 253
888 118
873 118
873 116
822 116
822 120
829 120
829 119
863 119
863 123
882 123
882 237
876 237
876 273
883 273
883 405
889 405
889 420
897 420
897 450
874 450
874 441
861 441
861 239
852 239
852 205
856 205
856 178
859 178
859 234
864 234
864 209
860 209
860 196
875 196
875 177
872 177
872 176
866 176
866 137
853 137
853 155
865 155
865 163
847 163
847 263
848 263
848 187
849 187
849 168
851 168
851 288
858 288
858 392
857 392
857 461
870 461
870 459
867 459
867 455
877 455
877 476
890 476
890 451
900 451
900 505
894 505
894 494
885 494
885 525
871 525
871 523
855 523
855 535
837 535
837 518
844 518
844 531
846 531
846 471
842 471
842 490
827 490
827 710
823 710
823 834
825 834
825 723
826 723
826 819
828 819
828 939
832 939
832 1038
839 1038
839 1033
843 1033
843 974
845 974
845 918
841 918
841 894
834 894
834 810
831 810
831 709
830 709
830 607
835 607
835 757
836 757
836 577
943 577
943 593
949 593
949 576
838 576
838 561
840 561
840 547
862 547
862 529
933 529
933 528
955 528
955 712
945 712
945 642
948 642
948 610
942 610
942 714
895 714
895 634
892 634
892 732
887 732
887 695
880 695
880 684
879 684
879 702
850 702
850 711
868 711
868 716
884 716
884 740
869 740
869 759
878 759
878 761
891 761
891 750
893 750
893 728
956 728
956 538
958 538
958 833
957 833
957 844
960 844
960 704
959 704
959 509
951 509
951 515
953 515
953 526
936 526
936 460
937 460
937 334
941 334
941 285
947 285
947 214
954 214
954 212
938 212
938 257
934 257
934 319
932 319
932 327
928 327
928 352
935 352
935 391
931 391
931 524
906 524
906 521
929 521
929 465
919 465
919 417
916 417
916 468
915 468
915 467
913 467
913 415
911 415
911 474
910 474
910 395
907 395
907 517
901 517
901 376
903 376
903 279
921 279
921 286
927 286
927 140
917 140
917 136
950 136
950 133
946 133
946 125
924 125
924 127
920 127
920 113
984 113
984 112
995 112
995 121
952 121
952 122
944 122
944 124
999 124
999 158
1001 158
1001 256
1006 256
1006 179
1009 179
1009 175
1005 175
1005 111
939 111
939 108
963 108
963 107
918 107
918 98
926 98
926 96
627 96
627 95
623 95
623 91
361 91
361 126
362 126
362 138
363 138
363 109
373 109
373 99
411 99
411 103
433 103
433 104
463 104
463 330
536 330
536 344
513 344
513 364
509 364
509 357
487 357
487 348
407 348
407 304
413 304
413 283
458 283
458 281
420 281
420 227
427 227
427 192
359 192
359 154
345 154
345 198
346 198
346 220
337 220
337 202
326 202
326 180
