264
277 1009
277 1005
292 1005
292 880
291 880
291 1004
288 1004
288 955
266 955
266 909
260 909
260 891
187 891
187 854
175 854
175 870
185 870
185 886
123 886
123 893
127 893
127 897
149 897
149 899
250 899
250 915
244 915
244 916
197 916
197 921
161 921
161 923
162 923
162 941
235 941
235 942
236 942
236 917
258 917
258 954
255 954
255 953
248 953
248 945
196 945
196 967
204 967
204 947
227 947
227 956
246 956
246 986
241 986
241 994
252 994
252 991
274 991
274 1007
194 1007
194 1003
159 1003
159 996
23 996
23 958
20 958
20 860
14 860
14 922
17 922
17 944
9 944
9 957
7 957
7 978
6 978
6 1010
315 1010
315 1057
308 1057
308 1080
254 1080
254 1055
208 1055
208 1083
207 1083
207 1085
205 1085
205 1072
191 1072
191 1067
180 1067
180 1074
182 1074
182 1091
217 1091
217 1059
245 1059
245 1062
222 1062
222 1094
226 1094
226 1063
228 1063
228 1082
289 1082
289 1111
331 1111
331 1113
340 1113
340 1172
342 1172
342 1176
336 1176
336 1198
332 1198
332 1188
202 1188
202 1180
146 1180
146 1179
201 1179
201 1178
1 1178
1 1181
126 1181
126 1182
50 1182
50 1196
24 1196
24 1194
13 1194
13 1197
93 1197
93 1193
102 1193
102 1191
124 1191
124 1208
107 1208
107 1245
119 1245
119 1241
130 1241
130 1216
131 1216
131 1183
181 1183
181 1189
330 1189
330 1192
314 1192
314 1190
290 1190
290 1195
293 1195
293 1199
328 1199
328 1205
350 1205
350 1207
368 1207
368 1204
443 1204
443 1210
367 1210
367 1211
461 1211
461 1213
664 1213
664 1212
667 1212
667 1215
597 1215
597 1217
609 1217
609 1220
638 1220
638 1226
660 1226
660 1223
672 1223
672 1229
616 1229
616 1233
472 1233
472 1231
506 1231
506 1222
512 1222
512 1221
432 1221
432 1227
406 1227
406 1228
381 1228
381 1224
349 1224
349 1225
339 1225
339 1230
378 1230
378 1234
584 1234
584 1237
475 1237
475 1236
333 1236
333 1239
617 1239
617 1238
629 1238
629 1242
370 1242
370 1243
602 1243
602 1244
604 1244
604 1247
388 1247
388 1248
348 1248
348 1249
395 1249
395 1250
647 1250
647 1240
649 1240
649 1246
671 1246
671 1235
625 1235
625 1232
737 1232
737 1214
699 1214
699 1219
673 1219
673 1218
674 1218
674 1209
517 1209
517 1206
469 1206
469 1203
442 1203
442 1187
446 1187
446 1186
592 1186
592 1185
636 1185
636 1184
391 1184
391 1200
386 1200
386 1201
382 1201
382 1202
344 1202
344 1165
343 1165
343 1102
317 1102
317 1009
