104
332 1198
332 1188
202 1188
202 1180
146 1180
146 1179
201 1179
201 1178
1 1178
1 1181
126 1181
126 1182
50 1182
50 1196
24 1196
24 1194
13 1194
13 1197
93 1197
93 1193
102 1193
102 1191
124 1191
124 1208
107 1208
107 1245
119 1245
119 1241
130 1241
130 1216
131 1216
131 1183
181 1183
181 1189
330 1189
330 1192
314 1192
314 1190
290 1190
290 1195
293 1195
293 1199
328 1199
328 1205
350 1205
350 1207
368 1207
368 1204
443 1204
443 1210
367 1210
367 1211
461 1211
461 1213
664 1213
664 1212
667 1212
667 1215
597 1215
597 1217
609 1217
609 1220
638 1220
638 1226
660 1226
660 1223
672 1223
672 1229
616 1229
616 1233
472 1233
472 1231
506 1231
506 1222
512 1222
512 1221
432 1221
432 1227
406 1227
406 1228
381 1228
381 1224
349 1224
349 1225
339 1225
339 1230
378 1230
378 1234
625 1234
625 1232
737 1232
737 1219
673 1219
673 1218
674 1218
674 1209
517 1209
517 1206
469 1206
469 1203
442 1203
442 1202
344 1202
344 1198
