308
3 22
3 2
1 2
1 23
9 23
9 67
2 67
2 87
5 87
5 116
6 116
6 175
51 175
51 188
50 188
50 179
48 179
48 184
49 184
49 189
34 189
34 194
60 194
60 180
59 180
59 178
57 178
57 176
72 176
72 186
81 186
81 187
89 187
89 191
94 191
94 196
100 196
100 195
112 195
112 197
115 197
115 199
75 199
75 200
171 200
171 198
118 198
118 182
120 182
120 192
137 192
137 183
145 183
145 193
146 193
146 190
157 190
157 163
175 163
175 152
168 152
168 146
163 146
163 150
162 150
162 151
161 151
161 121
147 121
147 130
143 130
143 102
111 102
111 73
114 73
114 55
96 55
96 50
98 50
98 52
101 52
101 17
139 17
139 16
152 16
152 32
113 32
113 33
132 33
132 34
160 34
160 35
144 35
144 37
159 37
159 40
126 40
126 51
128 51
128 60
138 60
138 63
135 63
135 69
142 69
142 58
131 58
131 54
133 54
133 41
164 41
164 42
165 42
165 46
166 46
166 74
169 74
169 62
172 62
172 31
167 31
167 28
194 28
194 68
187 68
187 53
186 53
186 66
181 66
181 71
184 71
184 72
195 72
195 75
185 75
185 96
176 96
176 113
191 113
191 118
188 118
188 122
196 122
196 127
199 127
199 115
192 115
192 111
193 111
193 107
183 107
183 109
180 109
180 101
177 101
177 100
198 100
198 79
200 79
200 39
197 39
197 24
190 24
190 11
189 11
189 14
182 14
182 21
179 21
179 9
178 9
178 10
174 10
174 25
170 25
170 12
155 12
155 15
95 15
95 13
116 13
116 7
87 7
87 38
99 38
99 48
74 48
74 45
78 45
78 29
79 29
79 3
73 3
73 59
83 59
83 64
108 64
108 65
107 65
107 81
103 81
103 91
97 91
97 86
90 86
90 92
110 92
110 93
105 93
105 97
80 97
80 104
123 104
123 105
125 105
125 103
141 103
141 117
140 117
140 132
127 132
127 131
124 131
124 112
117 112
117 128
77 128
77 129
122 129
122 134
148 134
148 133
150 133
150 125
158 125
158 142
151 142
151 144
153 144
153 154
121 154
121 148
85 148
85 145
86 145
86 141
91 141
91 139
149 139
149 138
119 138
119 136
109 136
109 135
84 135
84 140
82 140
82 149
104 149
104 156
102 156
102 159
88 159
88 160
92 160
92 164
106 164
106 168
129 168
129 155
173 155
173 161
134 161
134 162
130 162
130 171
136 171
136 177
154 177
154 173
156 173
156 181
93 181
93 185
76 185
76 172
71 172
71 114
69 114
69 137
70 137
70 174
33 174
33 170
35 170
35 167
11 167
11 169
10 169
10 119
19 119
19 110
7 110
7 77
17 77
17 30
18 30
18 22
