92
3 22
3 2
1 2
1 23
9 23
9 67
2 67
2 87
5 87
5 116
6 116
6 175
51 175
51 188
50 188
50 179
48 179
48 184
49 184
49 189
34 189
34 194
60 194
60 180
59 180
59 178
57 178
57 176
72 176
72 186
81 186
81 187
89 187
89 191
94 191
94 196
100 196
100 195
112 195
112 197
115 197
115 199
75 199
75 200
171 200
171 198
118 198
118 182
120 182
120 192
137 192
137 183
145 183
145 193
146 193
146 190
157 190
157 163
175 163
175 154
104 154
104 155
173 155
173 161
134 161
134 162
130 162
130 171
136 171
136 177
154 177
154 173
156 173
156 181
93 181
93 185
76 185
76 174
33 174
33 170
35 170
35 169
10 169
10 119
19 119
19 110
7 110
7 77
17 77
17 30
18 30
18 22
