192
82 1
82 12
81 12
81 32
83 32
83 41
78 41
78 59
77 59
77 68
75 68
75 15
60 15
60 25
62 25
62 36
61 36
61 35
50 35
50 31
56 31
56 30
54 30
54 9
66 9
66 7
49 7
49 6
35 6
35 11
45 11
45 8
47 8
47 13
46 13
46 18
51 18
51 29
42 29
42 19
40 19
40 45
36 45
36 56
25 56
25 51
22 51
22 46
21 46
21 47
19 47
19 57
27 57
27 67
23 67
23 70
20 70
20 76
17 76
17 24
13 24
13 20
11 20
11 48
7 48
7 40
6 40
6 61
1 61
1 62
8 62
8 55
10 55
10 53
12 53
12 49
14 49
14 50
15 50
15 26
16 26
16 87
24 87
24 96
57 96
57 97
55 97
55 98
38 98
38 99
9 99
9 100
73 100
73 95
44 95
44 94
53 94
53 84
58 84
58 93
64 93
64 91
70 91
70 85
67 85
67 81
72 81
72 82
76 82
76 80
63 80
63 83
59 83
59 78
39 78
39 88
48 88
48 90
32 90
32 89
33 89
33 79
29 79
29 92
28 92
28 86
18 86
18 77
69 77
69 73
85 73
85 72
68 72
68 75
26 75
26 71
30 71
30 74
31 74
31 58
34 58
34 63
43 63
43 54
37 54
37 52
41 52
41 37
52 37
52 42
65 42
65 27
71 27
71 33
74 33
74 69
94 69
94 66
93 66
93 65
90 65
90 64
79 64
79 60
80 60
80 44
87 44
87 43
97 43
97 16
99 16
99 14
100 14
100 4
98 4
98 10
95 10
95 17
92 17
92 22
96 22
96 39
88 39
88 38
84 38
84 5
86 5
86 3
91 3
91 2
89 2
89 1
