132
78 43
78 59
77 59
77 68
75 68
75 25
62 25
62 36
40 36
40 45
36 45
36 56
25 56
25 51
22 51
22 46
21 46
21 47
19 47
19 57
27 57
27 67
23 67
23 70
20 70
20 76
17 76
17 24
11 24
11 48
6 48
6 61
1 61
1 62
8 62
8 55
10 55
10 53
12 53
12 49
14 49
14 50
15 50
15 26
16 26
16 87
24 87
24 96
57 96
57 97
55 97
55 98
38 98
38 99
9 99
9 100
73 100
73 95
44 95
44 94
53 94
53 84
58 84
58 93
64 93
64 91
70 91
70 85
67 85
67 81
72 81
72 82
76 82
76 80
63 80
63 83
59 83
59 78
39 78
39 88
48 88
48 90
32 90
32 89
33 89
33 79
29 79
29 92
28 92
28 86
18 86
18 77
69 77
69 73
85 73
85 72
68 72
68 75
26 75
26 71
30 71
30 74
31 74
31 58
34 58
34 63
43 63
43 54
37 54
37 52
41 52
41 37
52 37
52 42
65 42
65 27
71 27
71 33
74 33
74 69
94 69
94 66
93 66
93 65
90 65
90 64
79 64
79 60
80 60
80 44
87 44
87 43
