154
70 7
70 19
69 19
69 39
68 39
68 58
79 58
79 77
78 77
78 110
80 110
80 127
94 127
94 130
97 130
97 141
137 141
137 146
101 146
101 148
90 148
90 143
91 143
91 129
48 129
48 134
62 134
62 145
27 145
27 103
38 103
38 93
42 93
42 107
56 107
56 62
54 62
54 16
8 16
8 15
13 15
13 6
1 6
1 13
2 13
2 20
32 20
32 24
28 24
28 28
34 28
34 33
43 33
43 30
41 30
41 17
53 17
53 95
51 95
51 90
26 90
26 150
64 150
64 147
65 147
65 131
66 131
66 135
87 135
87 142
81 142
81 138
86 138
86 136
74 136
74 140
73 140
73 149
141 149
141 123
147 123
147 121
150 121
150 117
146 117
146 92
148 92
148 116
149 116
149 68
145 68
145 120
144 120
144 87
143 87
143 81
142 81
142 64
140 64
140 144
139 144
139 139
99 139
99 133
109 133
109 119
110 119
110 102
117 102
117 99
119 99
119 118
120 118
120 137
121 137
121 89
138 89
138 72
136 72
136 76
128 76
128 73
127 73
127 70
126 70
126 83
112 83
112 94
102 94
102 111
106 111
106 125
107 125
107 132
103 132
103 128
95 128
95 122
83 122
83 106
84 106
84 54
71 54
71 21
75 21
75 8
122 8
122 12
123 12
123 11
135 11
135 10
125 10
125 7
