886
405 1
405 8
392 8
392 6
377 6
377 9
407 9
407 7
409 7
409 10
182 10
182 14
214 14
214 17
226 17
226 20
241 20
241 18
261 18
261 16
216 16
216 11
302 11
302 12
346 12
346 23
336 23
336 22
300 22
300 24
134 24
134 31
65 31
65 28
60 28
60 21
49 21
49 26
42 26
42 36
154 36
154 42
161 42
161 41
199 41
199 34
158 34
158 27
210 27
210 29
237 29
237 32
262 32
262 35
235 35
235 30
232 30
232 38
266 38
266 43
203 43
203 45
138 45
138 49
221 49
221 48
228 48
228 51
366 51
366 58
368 58
368 60
66 60
66 61
312 61
312 64
48 64
48 54
31 54
31 63
40 63
40 57
44 57
44 68
64 68
64 65
204 65
204 66
373 66
373 62
370 62
370 55
376 55
376 52
369 52
369 50
240 50
240 46
357 46
357 40
319 40
319 37
333 37
333 33
271 33
271 25
355 25
355 15
416 15
416 19
429 19
429 13
436 13
436 39
434 39
434 44
426 44
426 47
421 47
421 59
417 59
417 53
415 53
415 67
424 67
424 70
431 70
431 56
432 56
432 91
413 91
413 92
393 92
393 90
363 90
363 75
236 75
236 72
73 72
73 73
62 73
62 74
39 74
39 71
24 71
24 76
351 76
351 77
354 77
354 82
299 82
299 81
186 81
186 80
147 80
147 78
33 78
33 85
34 85
34 79
47 79
47 83
128 83
128 84
352 84
352 94
404 94
404 93
461 93
461 97
460 97
460 287
462 287
462 362
452 362
452 358
450 358
450 359
387 359
387 323
391 323
391 312
401 312
401 308
425 308
425 285
419 285
419 281
428 281
428 310
430 310
430 275
433 275
433 276
440 276
440 238
437 238
437 230
422 230
422 209
441 209
441 226
443 226
443 220
449 220
449 201
448 201
448 197
438 197
438 207
420 207
420 242
411 242
411 171
410 171
410 222
408 222
408 241
400 241
400 154
402 154
402 160
403 160
403 147
397 147
397 184
390 184
390 173
386 173
386 219
398 219
398 290
389 290
389 294
396 294
396 297
399 297
399 265
435 265
435 273
406 273
406 277
412 277
412 274
418 274
418 300
394 300
394 301
388 301
388 303
384 303
384 306
383 306
383 225
374 225
374 199
364 199
364 210
371 210
371 217
365 217
365 338
367 338
367 304
372 304
372 263
375 263
375 341
378 341
378 316
379 316
379 291
382 291
382 354
385 354
385 361
380 361
380 363
395 363
395 367
423 367
423 365
453 365
453 373
454 373
454 379
455 379
455 491
427 491
427 490
381 490
381 484
347 484
347 485
314 485
314 482
222 482
222 487
196 487
196 488
184 488
184 489
198 489
198 493
170 493
170 486
174 486
174 480
179 480
179 479
88 479
88 478
202 478
202 476
83 476
83 477
45 477
45 474
38 474
38 419
103 419
103 435
91 435
91 465
58 465
58 468
59 468
59 472
242 472
242 467
246 467
246 463
306 463
306 454
340 454
340 386
341 386
341 360
337 360
337 351
328 351
328 378
327 378
327 329
324 329
324 320
326 320
326 298
320 298
320 345
325 345
325 398
304 398
304 393
309 393
309 388
311 388
311 352
315 352
315 350
298 350
298 420
293 420
293 412
289 412
289 410
288 410
288 299
287 299
287 318
285 318
285 309
252 309
252 317
243 317
243 315
188 315
188 321
177 321
177 322
178 322
178 333
135 333
135 335
185 335
185 324
201 324
201 339
86 339
86 340
197 340
197 342
74 342
74 336
84 336
84 296
72 296
72 214
79 214
79 245
97 245
97 259
85 259
85 295
122 295
122 286
143 286
143 293
149 293
149 288
207 288
207 289
229 289
229 279
234 279
234 278
173 278
173 284
101 284
101 283
99 283
99 280
114 280
114 271
156 271
156 264
95 264
95 261
141 261
141 253
159 253
159 252
208 252
208 251
168 251
168 249
282 249
282 254
301 254
301 258
292 258
292 260
334 260
334 268
339 268
339 255
342 255
342 266
345 266
345 257
360 257
360 256
362 256
362 128
358 128
358 121
348 121
348 112
356 112
356 110
317 110
317 101
136 101
136 99
129 99
129 102
69 102
69 103
68 103
68 104
61 104
61 96
54 96
54 100
23 100
23 106
29 106
29 107
75 107
75 105
183 105
183 109
55 109
55 115
43 115
43 119
77 119
77 118
146 118
146 117
145 117
145 111
244 111
244 116
258 116
258 120
67 120
67 122
265 122
265 123
277 123
277 125
267 125
267 127
251 127
251 129
132 129
132 131
76 131
76 126
56 126
56 124
11 124
11 132
144 132
144 130
303 130
303 133
217 133
217 136
295 136
295 135
343 135
343 153
321 153
321 163
316 163
316 183
318 183
318 186
313 186
313 140
257 140
257 141
308 141
308 187
322 187
322 200
290 200
290 172
286 172
286 169
296 169
296 166
294 166
294 150
260 150
260 176
272 176
272 185
276 185
276 170
274 170
274 152
280 152
280 178
281 178
281 202
283 202
283 212
310 212
310 203
323 203
323 195
335 195
335 158
344 158
344 177
349 177
349 213
350 213
350 149
353 149
353 134
361 134
361 247
359 247
359 246
297 246
297 248
98 248
98 243
87 243
87 234
80 234
80 218
106 218
106 224
108 224
108 194
116 194
116 232
127 232
127 236
112 236
112 237
126 237
126 240
162 240
162 233
155 233
155 231
211 231
211 229
176 229
176 227
142 227
142 228
137 228
137 223
119 223
119 221
189 221
189 211
175 211
175 188
190 188
190 145
192 145
192 159
209 159
209 175
219 175
219 165
253 165
253 164
255 164
255 155
193 155
193 151
213 151
213 139
169 139
169 142
165 142
165 146
163 146
163 156
180 156
180 168
152 168
152 161
150 161
150 179
171 179
171 174
172 174
172 216
164 216
164 208
151 208
151 206
125 206
125 192
107 192
107 190
100 190
100 205
105 205
105 215
90 215
90 204
96 204
96 198
70 198
70 319
63 319
63 343
225 343
225 330
249 330
249 328
233 328
233 326
256 326
256 311
278 311
278 355
279 355
279 407
284 407
284 423
331 423
331 380
329 380
329 377
338 377
338 430
332 430
332 450
270 450
270 451
250 451
250 453
227 453
227 457
247 457
247 456
273 456
273 459
223 459
223 439
166 439
166 431
148 431
148 434
153 434
153 441
218 441
218 458
194 458
194 460
305 460
305 461
291 461
291 462
215 462
215 471
200 471
200 469
82 469
82 466
94 466
94 448
115 448
115 447
104 447
104 436
110 436
110 417
27 417
27 429
26 429
26 433
21 433
21 302
12 302
12 235
7 235
7 292
2 292
2 313
1 313
1 331
8 331
8 244
10 244
10 337
14 337
14 408
15 408
15 411
16 411
16 327
17 327
17 334
18 334
18 376
19 376
19 314
20 314
20 449
22 449
22 438
36 438
36 455
35 455
35 443
25 443
25 473
32 473
32 475
41 475
41 499
37 499
37 500
51 500
51 496
46 496
46 481
160 481
160 497
191 497
191 494
254 494
254 492
459 492
459 432
457 432
457 416
456 416
456 364
458 364
458 382
463 382
463 143
467 143
467 162
466 162
466 267
468 267
468 305
469 305
469 114
465 114
465 113
464 113
464 88
476 88
476 98
482 98
482 108
490 108
490 239
485 239
485 148
483 148
483 193
475 193
475 250
489 250
489 272
481 272
481 270
488 270
488 269
472 269
472 262
470 262
470 282
471 282
471 307
473 307
473 325
474 325
474 445
484 445
484 437
486 437
486 427
495 427
495 470
494 470
494 464
493 464
493 495
496 495
496 498
498 498
498 483
499 483
499 440
500 440
500 381
497 381
497 426
480 426
480 422
478 422
478 389
487 389
487 357
491 357
491 348
479 348
479 332
492 332
492 95
477 95
477 87
451 87
451 89
446 89
446 86
439 86
439 69
444 69
444 5
442 5
442 4
414 4
414 2
445 2
445 3
447 3
447 1
