476
242 1
242 6
247 6
247 22
239 22
239 78
245 78
245 86
244 86
244 125
213 125
213 109
219 109
219 88
211 88
211 85
228 85
228 74
235 74
235 71
214 71
214 70
230 70
230 61
225 61
225 46
220 46
220 44
217 44
217 14
196 14
196 84
198 84
198 90
184 90
184 99
176 99
176 118
172 118
172 87
173 87
173 83
179 83
179 79
154 79
154 81
177 81
177 82
163 82
163 110
164 110
164 115
149 115
149 100
139 100
139 98
136 98
136 89
132 89
132 97
103 97
103 91
101 91
101 75
100 75
100 93
92 93
92 96
79 96
79 72
81 72
81 68
85 68
85 66
93 66
93 69
122 69
122 62
133 62
133 57
134 57
134 53
165 53
165 39
123 39
123 45
140 45
140 52
120 52
120 64
114 64
114 50
115 50
115 19
113 19
113 7
126 7
126 21
127 21
127 12
137 12
137 23
135 23
135 38
175 38
175 37
145 37
145 16
143 16
143 10
160 10
160 5
111 5
111 9
91 9
91 24
96 24
96 26
106 26
106 31
109 31
109 65
99 65
99 55
94 55
94 63
87 63
87 59
76 59
76 49
65 49
65 47
83 47
83 42
84 42
84 41
78 41
78 28
71 28
71 3
69 3
69 33
72 33
72 36
61 36
61 35
66 35
66 17
60 17
60 25
59 25
59 18
58 18
58 11
46 11
46 13
35 13
35 43
36 43
36 15
52 15
52 20
57 20
57 51
73 51
73 60
74 60
74 67
68 67
68 73
64 73
64 102
95 102
95 103
97 103
97 111
98 111
98 114
105 114
105 113
112 113
112 117
130 117
130 116
121 116
121 101
147 101
147 108
144 108
144 119
186 119
186 122
117 122
117 120
70 120
70 121
108 121
108 123
152 123
152 127
38 127
38 138
37 138
37 144
29 144
29 149
22 149
22 159
15 159
15 163
12 163
12 171
26 171
26 179
20 179
20 180
3 180
3 173
1 173
1 213
5 213
5 202
6 202
6 228
11 228
11 229
7 229
7 230
8 230
8 231
25 231
25 233
27 233
27 234
21 234
21 237
44 237
44 224
34 224
34 215
42 215
42 212
45 212
45 238
4 238
4 244
10 244
10 246
75 246
75 248
18 248
18 249
43 249
43 250
88 250
88 247
89 247
89 243
67 243
67 245
13 245
13 241
49 241
49 242
82 242
82 239
62 239
62 193
63 193
63 175
90 175
90 178
110 178
110 187
124 187
124 183
131 183
131 195
80 195
80 192
77 192
77 196
167 196
167 200
153 200
153 203
107 203
107 206
118 206
118 205
180 205
180 204
188 204
188 209
171 209
171 217
182 217
182 223
166 223
166 236
183 236
183 225
192 225
192 226
193 226
193 219
194 219
194 207
212 207
212 232
207 232
207 240
218 240
218 235
221 235
221 210
224 210
224 197
208 197
208 198
189 198
189 199
185 199
185 201
169 201
169 194
174 194
174 191
148 191
148 182
181 182
181 181
151 181
151 177
102 177
102 176
146 176
146 172
141 172
141 174
56 174
56 220
54 220
54 218
48 218
48 216
53 216
53 208
50 208
50 211
24 211
24 214
31 214
31 221
17 221
17 227
14 227
14 222
9 222
9 190
2 190
2 188
28 188
28 186
32 186
32 189
41 189
41 185
33 185
33 184
40 184
40 141
39 141
39 135
51 135
51 133
47 133
47 130
55 130
55 128
138 128
138 129
159 129
159 124
187 124
187 104
190 104
190 107
197 107
197 131
199 131
199 139
155 139
155 145
119 145
119 146
128 146
128 147
150 147
150 150
158 150
158 151
157 151
157 154
116 154
116 155
86 155
86 156
104 156
104 166
125 166
125 160
129 160
129 161
156 161
156 165
231 165
231 167
232 167
232 168
237 168
237 170
238 170
238 169
250 169
250 164
204 164
204 162
168 162
168 158
142 158
142 157
170 157
170 153
162 153
162 152
161 152
161 143
178 143
178 140
191 140
191 142
205 142
205 148
206 148
206 136
202 136
202 134
200 134
200 95
201 95
201 27
203 27
203 40
216 40
216 48
209 48
209 80
210 80
210 137
227 137
227 132
233 132
233 126
248 126
248 77
240 77
240 34
243 34
243 30
241 30
241 29
249 29
249 2
246 2
246 1
