120
3 180
3 173
1 173
1 213
5 213
5 202
6 202
6 228
11 228
11 229
7 229
7 230
8 230
8 231
25 231
25 233
27 233
27 234
21 234
21 237
44 237
44 224
34 224
34 215
42 215
42 212
45 212
45 238
4 238
4 244
10 244
10 246
75 246
75 248
18 248
18 249
43 249
43 250
88 250
88 247
89 247
89 243
67 243
67 245
13 245
13 241
49 241
49 242
82 242
82 239
62 239
62 193
63 193
63 175
90 175
90 178
110 178
110 187
124 187
124 183
131 183
131 195
80 195
80 192
77 192
77 196
167 196
167 200
153 200
153 203
107 203
107 206
118 206
118 205
180 205
180 204
224 204
224 201
169 201
169 194
174 194
174 191
148 191
148 182
181 182
181 181
151 181
151 177
102 177
102 176
146 176
146 174
56 174
56 220
54 220
54 218
48 218
48 216
53 216
53 211
24 211
24 214
31 214
31 221
17 221
17 227
14 227
14 222
9 222
9 190
2 190
2 188
28 188
28 186
41 186
41 185
33 185
33 184
40 184
40 180
