88
1 1
1 6
21 6
21 42
32 42
32 58
30 58
30 69
35 69
35 75
27 75
27 73
16 73
16 52
2 52
2 99
7 99
7 107
5 107
5 149
8 149
8 162
4 162
4 164
37 164
37 168
50 168
50 169
41 169
41 171
54 171
54 167
132 167
132 160
100 160
100 153
105 153
105 150
99 150
99 132
98 132
98 98
95 98
95 133
97 133
97 141
89 141
89 166
51 166
51 163
13 163
13 159
36 159
36 156
70 156
70 155
9 155
9 64
6 64
6 60
12 60
12 76
39 76
39 61
45 61
45 55
57 55
57 49
38 49
38 41
23 41
23 39
72 39
72 38
31 38
31 35
40 35
40 31
33 31
33 27
24 27
24 4
20 4
20 3
49 3
49 2
42 2
42 1
