166
1 1
1 6
21 6
21 42
32 42
32 58
30 58
30 69
35 69
35 75
27 75
27 73
16 73
16 52
2 52
2 99
7 99
7 107
5 107
5 149
8 149
8 162
4 162
4 164
37 164
37 168
50 168
50 169
41 169
41 171
54 171
54 167
132 167
132 160
100 160
100 153
105 153
105 150
99 150
99 132
98 132
98 95
96 95
96 94
102 94
102 143
107 143
107 115
108 115
108 65
125 65
125 85
120 85
120 91
119 91
119 90
113 90
113 96
114 96
114 100
109 100
109 101
122 101
122 112
126 112
126 92
127 92
127 138
128 138
128 139
153 139
153 136
155 136
155 145
140 145
140 158
147 158
147 154
163 154
163 157
168 157
168 151
171 151
171 88
173 88
173 37
178 37
178 53
177 53
177 56
175 56
175 81
179 81
179 48
182 48
182 30
170 30
170 63
172 63
172 87
167 87
167 152
142 152
142 146
157 146
157 135
141 135
141 130
135 130
135 89
131 89
131 82
129 82
129 57
103 57
103 67
84 67
84 93
81 93
81 98
95 98
95 133
97 133
97 141
89 141
89 166
51 166
51 163
13 163
13 159
36 159
36 156
70 156
70 155
9 155
9 64
6 64
6 60
12 60
12 76
39 76
39 61
45 61
45 55
57 55
57 49
38 49
38 41
23 41
23 39
72 39
72 38
31 38
31 35
40 35
40 31
33 31
33 27
24 27
24 4
20 4
20 3
49 3
49 2
42 2
42 1
