492
619 1070
619 1213
611 1213
611 1225
572 1225
572 1228
509 1228
509 1230
507 1230
507 1239
440 1239
440 1227
406 1227
406 1218
321 1218
321 1221
274 1221
274 1215
288 1215
288 1212
295 1212
295 1153
294 1153
294 1114
293 1114
293 1026
292 1026
292 972
282 972
282 1027
281 1027
281 946
280 946
280 1074
284 1074
284 1082
272 1082
272 991
273 991
273 786
279 786
279 769
276 769
276 748
205 748
205 759
204 759
204 781
212 781
212 761
228 761
228 779
216 779
216 789
227 789
227 794
156 794
156 796
141 796
141 802
137 802
137 764
135 764
135 776
136 776
136 807
145 807
145 820
60 820
60 835
34 835
34 841
32 841
32 827
31 827
31 757
133 757
133 752
103 752
103 703
89 703
89 436
117 436
117 418
94 418
94 372
116 372
116 370
115 370
115 367
107 367
107 366
91 366
91 277
109 277
109 263
47 263
47 288
46 288
46 302
43 302
43 295
1 295
1 300
6 300
6 361
7 361
7 466
5 466
5 503
26 503
26 498
37 498
37 506
35 506
35 508
8 508
8 514
48 514
48 539
55 539
55 554
68 554
68 388
64 388
64 422
65 422
65 493
61 493
61 531
52 531
52 522
58 522
58 491
51 491
51 497
11 497
11 447
13 447
13 298
33 298
33 313
50 313
50 268
82 268
82 274
84 274
84 266
87 266
87 588
80 588
80 556
79 556
79 649
76 649
76 618
75 618
75 662
72 662
72 750
73 750
73 673
88 673
88 710
81 710
81 751
70 751
70 745
20 745
20 765
15 765
15 850
14 850
14 808
12 808
12 753
2 753
2 805
10 805
10 849
3 849
3 872
17 872
17 869
44 869
44 873
21 873
21 879
27 879
27 876
59 876
59 860
4 860
4 853
18 853
18 848
77 848
77 875
106 875
106 882
189 882
189 881
163 881
163 867
119 867
119 861
211 861
211 859
225 859
225 856
86 856
86 846
206 846
206 845
194 845
194 837
102 837
102 825
123 825
123 828
158 828
158 804
160 804
160 803
154 803
154 801
152 801
152 798
232 798
232 790
247 790
247 758
235 758
235 755
253 755
253 772
263 772
263 922
265 922
265 821
266 821
266 774
271 774
271 1025
260 1025
260 975
250 975
250 964
270 964
270 950
249 950
249 1006
258 1006
258 1069
257 1069
257 1075
248 1075
248 1089
244 1089
244 1119
254 1119
254 1104
255 1104
255 1105
256 1105
256 1137
259 1137
259 1030
267 1030
267 1032
269 1032
269 1088
285 1088
285 997
290 997
290 980
291 980
291 1145
289 1145
289 1208
277 1208
277 1210
261 1210
261 1216
217 1216
217 1220
218 1220
218 1238
196 1238
196 1236
39 1236
39 1234
125 1234
125 1233
74 1233
74 1231
9 1231
9 1240
126 1240
126 1242
150 1242
150 1247
168 1247
168 1248
182 1248
182 1249
207 1249
207 1246
190 1246
190 1244
224 1244
224 1226
323 1226
323 1219
336 1219
336 1222
397 1222
397 1232
399 1232
399 1250
409 1250
409 1245
412 1245
412 1229
427 1229
427 1235
417 1235
417 1241
415 1241
415 1243
559 1243
559 1237
622 1237
622 1209
621 1209
621 1072
663 1072
663 1118
666 1118
666 1098
664 1098
664 1071
670 1071
670 1090
676 1090
676 1017
690 1017
690 1081
677 1081
677 1087
684 1087
684 1099
691 1099
691 1004
709 1004
709 1048
693 1048
693 1134
704 1134
704 1133
695 1133
695 1065
698 1065
698 1078
706 1078
706 1136
711 1136
711 1149
736 1149
736 1150
792 1150
792 1146
885 1146
885 1117
866 1117
866 1000
871 1000
871 1002
867 1002
867 1022
890 1022
890 1096
917 1096
917 1097
881 1097
881 1116
905 1116
905 1102
915 1102
915 1103
932 1103
932 1092
892 1092
892 1057
904 1057
904 1050
911 1050
911 1041
895 1041
895 1012
872 1012
872 1005
882 1005
882 993
886 993
886 988
899 988
899 982
1007 982
1007 989
1020 989
1020 1009
1065 1009
1065 984
1073 984
1073 995
1209 995
1209 996
1218 996
1218 998
1139 998
1139 1010
1142 1010
1142 1013
1138 1013
1138 1018
985 1018
985 1020
940 1020
940 1053
962 1053
962 1064
975 1064
975 1068
933 1068
933 1079
973 1079
973 1100
955 1100
955 1094
943 1094
943 1107
994 1107
994 1108
995 1108
995 1101
978 1101
978 1023
1052 1023
1052 1021
1111 1021
1111 1019
1230 1019
1230 1016
1202 1016
1202 1015
1249 1015
1249 1008
1243 1008
1243 999
1232 999
1232 990
1105 990
1105 985
1091 985
1091 983
1013 983
1013 981
862 981
862 1123
856 1123
856 1143
785 1143
785 1139
771 1139
771 1132
752 1132
752 1131
734 1131
734 1120
723 1120
723 1115
715 1115
715 1059
700 1059
700 1058
761 1058
761 1056
713 1056
713 1001
673 1001
673 1070
