190
60 562
60 783
25 783
25 919
24 919
24 935
119 935
119 927
134 927
134 859
202 859
202 986
140 986
140 1114
141 1114
141 1117
97 1117
97 1119
120 1119
120 1135
87 1135
87 1151
85 1151
85 1141
68 1141
68 1136
55 1136
55 1105
109 1105
109 1047
19 1047
19 1011
18 1011
18 770
21 770
21 763
20 763
20 730
16 730
16 682
15 682
15 657
6 657
6 635
1 635
1 719
8 719
8 788
4 788
4 847
9 847
9 728
13 728
13 1044
12 1044
12 946
11 946
11 1022
10 1022
10 1048
100 1048
100 1050
48 1050
48 1051
106 1051
106 1098
107 1098
107 1101
72 1101
72 1104
71 1104
71 1100
103 1100
103 1094
101 1094
101 1097
56 1097
56 1092
22 1092
22 1099
51 1099
51 1159
43 1159
43 1108
37 1108
37 1112
33 1112
33 1147
31 1147
31 1163
112 1163
112 1185
114 1185
114 1189
118 1189
118 1162
42 1162
42 1161
138 1161
138 1247
52 1247
52 1245
105 1245
105 1227
125 1227
125 1173
123 1173
123 1225
92 1225
92 1234
38 1234
38 1248
196 1248
196 1246
155 1246
155 1229
180 1229
180 1228
209 1228
209 1226
143 1226
143 1049
142 1049
142 1008
187 1008
187 1012
208 1012
208 1033
211 1033
211 1007
204 1007
204 994
195 994
195 988
212 988
212 1039
214 1039
214 931
213 931
213 958
207 958
207 921
206 921
206 969
203 969
203 870
205 870
205 857
189 857
189 852
137 852
137 851
132 851
132 861
129 861
129 900
133 900
133 926
117 926
117 932
30 932
30 907
58 907
58 916
62 916
62 903
69 903
69 865
34 865
34 858
32 858
32 856
108 856
108 854
29 854
29 878
40 878
40 875
45 875
45 902
28 902
28 792
57 792
57 784
61 784
61 567
67 567
67 582
76 582
76 562
