750
217 125
217 207
216 207
216 210
223 210
223 161
228 161
228 272
220 272
220 311
224 311
224 323
226 323
226 327
225 327
225 339
222 339
222 351
210 351
210 372
218 372
218 385
219 385
219 407
96 407
96 420
127 420
127 423
156 423
156 434
135 434
135 449
157 449
157 457
75 457
75 460
66 460
66 461
197 461
197 489
111 489
111 496
70 496
70 562
60 562
60 783
25 783
25 919
24 919
24 935
119 935
119 927
134 927
134 859
202 859
202 986
140 986
140 1114
141 1114
141 1117
97 1117
97 1119
120 1119
120 1135
87 1135
87 1151
85 1151
85 1141
68 1141
68 1136
55 1136
55 1105
109 1105
109 1047
19 1047
19 1011
18 1011
18 770
21 770
21 763
20 763
20 730
16 730
16 682
15 682
15 657
6 657
6 635
1 635
1 719
8 719
8 788
4 788
4 847
9 847
9 728
13 728
13 1044
12 1044
12 946
11 946
11 1022
10 1022
10 1048
100 1048
100 1050
48 1050
48 1051
106 1051
106 1098
107 1098
107 1101
72 1101
72 1104
71 1104
71 1100
103 1100
103 1094
101 1094
101 1097
56 1097
56 1092
22 1092
22 1099
51 1099
51 1159
43 1159
43 1108
37 1108
37 1112
33 1112
33 1147
31 1147
31 1163
112 1163
112 1185
114 1185
114 1189
118 1189
118 1162
42 1162
42 1161
138 1161
138 1247
52 1247
52 1245
105 1245
105 1227
125 1227
125 1173
123 1173
123 1225
92 1225
92 1234
38 1234
38 1248
196 1248
196 1246
155 1246
155 1229
180 1229
180 1228
209 1228
209 1226
143 1226
143 1049
142 1049
142 1008
187 1008
187 1012
208 1012
208 1033
211 1033
211 1007
204 1007
204 994
195 994
195 988
212 988
212 1039
214 1039
214 931
213 931
213 958
207 958
207 921
206 921
206 969
203 969
203 870
205 870
205 857
189 857
189 852
137 852
137 851
132 851
132 861
129 861
129 900
133 900
133 926
117 926
117 932
30 932
30 907
58 907
58 916
62 916
62 903
69 903
69 865
34 865
34 858
32 858
32 856
108 856
108 854
29 854
29 878
40 878
40 875
45 875
45 902
28 902
28 792
57 792
57 784
61 784
61 567
67 567
67 629
80 629
80 655
84 655
84 707
88 707
88 634
90 634
90 677
89 677
89 778
104 778
104 733
93 733
93 732
95 732
95 721
99 721
99 646
94 646
94 633
116 633
116 627
102 627
102 621
121 621
121 612
144 612
144 681
154 681
154 726
168 726
168 611
163 611
163 649
162 649
162 652
152 652
152 620
153 620
153 586
167 586
167 555
175 555
175 724
177 724
177 711
178 711
178 797
179 797
179 833
172 833
172 748
174 748
174 736
164 736
164 768
166 768
166 781
165 781
165 773
147 773
147 776
150 776
150 795
151 795
151 812
169 812
169 749
170 749
170 840
171 840
171 837
182 837
182 827
181 827
181 722
186 722
186 723
188 723
188 777
192 777
192 785
200 785
200 766
191 766
191 700
194 700
194 676
193 676
193 605
190 605
190 694
176 694
176 556
185 556
185 552
149 552
149 604
148 604
148 549
183 549
183 536
184 536
184 535
145 535
145 544
136 544
136 572
139 572
139 609
73 609
73 582
76 582
76 502
86 502
86 506
113 506
113 505
201 505
201 466
198 466
198 458
158 458
158 440
159 440
159 422
146 422
146 415
126 415
126 411
160 411
160 412
215 412
215 427
221 427
221 478
232 478
232 462
234 462
234 455
235 455
235 441
227 441
227 354
229 354
229 180
230 180
230 149
231 149
231 126
243 126
243 160
293 160
293 151
459 151
459 153
584 153
584 162
631 162
631 145
698 145
698 136
725 136
725 139
726 139
726 152
749 152
749 165
758 165
758 132
733 132
733 122
683 122
683 138
667 138
667 118
823 118
823 117
879 117
879 134
765 134
765 137
770 137
770 172
757 172
757 175
769 175
769 176
367 176
367 177
712 177
712 193
729 193
729 197
706 197
706 204
655 204
655 212
730 212
730 217
694 217
694 218
614 218
614 237
589 237
589 268
586 268
586 297
595 297
595 324
597 324
597 275
594 275
594 238
611 238
611 246
619 246
619 256
616 256
616 313
621 313
621 332
566 332
566 330
585 330
585 325
405 325
405 305
369 305
369 345
401 345
401 355
392 355
392 365
372 365
372 463
374 463
374 525
373 525
373 601
378 601
378 619
379 619
379 408
376 408
376 379
380 379
380 672
383 672
383 666
388 666
388 765
385 765
385 775
365 775
365 743
366 743
366 737
364 737
364 442
344 442
344 453
356 453
356 483
345 483
345 486
351 486
351 557
349 557
349 590
333 590
333 662
334 662
334 744
277 744
277 689
296 689
296 675
324 675
324 623
303 623
303 481
304 481
304 573
314 573
314 541
325 541
325 529
307 529
307 498
312 498
312 470
323 470
323 364
319 364
319 444
316 444
316 371
309 371
309 367
295 367
295 359
326 359
326 352
299 352
299 347
297 347
297 348
291 348
291 370
280 370
280 341
279 341
279 374
315 374
315 430
313 430
313 406
302 406
302 409
300 409
300 632
294 632
294 510
292 510
292 479
286 479
286 593
285 593
285 439
284 439
284 432
261 432
261 433
281 433
281 543
282 543
282 537
283 537
283 645
318 645
318 663
274 663
274 588
258 588
258 580
269 580
269 577
255 577
255 534
263 534
263 518
268 518
268 515
257 515
257 443
254 443
254 617
273 617
273 714
271 714
271 715
259 715
259 720
276 720
276 747
278 747
278 750
330 750
330 746
306 746
306 745
335 745
335 739
343 739
343 738
336 738
336 667
342 667
342 608
346 608
346 753
347 753
347 761
352 761
352 522
357 522
357 596
359 596
359 569
362 569
362 729
358 729
358 631
354 631
354 779
355 779
355 782
390 782
390 769
394 769
394 767
391 767
391 742
400 742
400 495
399 495
399 472
408 472
408 716
425 716
425 703
414 703
414 702
426 702
426 717
429 717
429 683
424 683
424 647
419 647
419 665
413 665
413 664
417 664
417 600
431 600
431 587
435 587
435 560
412 560
412 670
411 670
411 595
409 595
409 469
427 469
427 477
428 477
428 485
511 485
511 487
467 487
467 497
544 497
544 493
547 493
547 492
590 492
590 490
514 490
514 484
473 484
473 468
398 468
398 589
393 589
393 576
395 576
395 539
384 539
384 452
472 452
472 450
381 450
381 428
386 428
386 397
396 397
396 384
407 384
407 373
402 373
402 343
370 343
370 308
403 308
403 326
481 326
481 331
565 331
565 337
629 337
629 292
634 292
634 261
636 261
636 248
626 248
626 224
732 224
732 192
724 192
724 179
787 179
787 171
1129 171
1129 170
772 170
772 150
777 150
777 146
827 146
827 144
876 144
876 142
899 142
899 128
893 128
893 115
665 115
665 135
591 135
591 141
588 141
588 147
490 147
490 125
