284
242 70
242 82
239 82
239 84
236 84
236 102
240 102
240 167
212 167
212 170
149 170
149 169
103 169
103 149
101 149
101 147
119 147
119 133
184 133
184 134
188 134
188 136
227 136
227 137
235 137
235 71
234 71
234 106
232 106
232 118
231 118
231 128
217 128
217 117
206 117
206 121
216 121
216 130
198 130
198 116
196 116
196 124
193 124
193 125
194 125
194 127
192 127
192 129
118 129
118 132
87 132
87 120
70 120
70 123
49 123
49 115
53 115
53 101
48 101
48 97
52 97
52 90
62 90
62 94
78 94
78 96
109 96
109 110
141 110
141 111
107 111
107 113
151 113
151 105
152 105
152 109
161 109
161 112
171 112
171 103
139 103
139 104
135 104
135 107
113 107
113 95
114 95
114 92
111 92
111 93
104 93
104 86
126 86
126 89
146 89
146 75
121 75
121 76
85 76
85 72
77 72
77 73
64 73
64 77
58 77
58 79
60 79
60 81
80 81
80 80
142 80
142 88
130 88
130 87
131 87
131 83
122 83
122 85
51 85
51 74
41 74
41 91
11 91
11 98
10 98
10 100
18 100
18 108
16 108
16 114
12 114
12 126
17 126
17 140
29 140
29 142
8 142
8 158
19 158
19 156
27 156
27 145
30 145
30 122
23 122
23 119
40 119
40 131
56 131
56 135
115 135
115 141
100 141
100 154
102 154
102 175
4 175
4 166
94 166
94 164
99 164
99 160
92 160
92 139
65 139
65 143
84 143
84 148
79 148
79 157
88 157
88 161
90 161
90 162
83 162
83 165
3 165
3 176
140 176
140 173
200 173
200 171
237 171
237 168
241 168
241 99
243 99
243 78
244 78
244 194
158 194
158 198
229 198
229 210
228 210
228 214
214 214
214 215
173 215
173 230
174 230
174 240
129 240
129 242
106 242
106 234
39 234
39 232
32 232
32 231
1 231
1 248
47 248
47 244
14 244
14 247
2 247
2 235
42 235
42 236
45 236
45 237
22 237
22 239
36 239
36 238
69 238
69 245
156 245
156 241
190 241
190 246
197 246
197 250
224 250
224 228
215 228
215 249
205 249
205 243
199 243
199 229
191 229
191 227
187 227
187 226
181 226
181 223
195 223
195 220
176 220
176 216
213 216
213 217
223 217
223 218
210 218
210 219
202 219
202 225
220 225
220 224
222 224
222 221
226 221
226 222
230 222
230 197
219 197
219 195
238 195
238 196
245 196
245 187
247 187
247 207
250 207
250 206
248 206
248 185
249 185
249 159
246 159
246 70
