86
244 187
244 194
158 194
158 198
229 198
229 210
228 210
228 214
214 214
214 215
173 215
173 230
174 230
174 240
129 240
129 242
106 242
106 234
39 234
39 232
32 232
32 231
1 231
1 248
47 248
47 244
14 244
14 247
2 247
2 235
42 235
42 236
45 236
45 237
22 237
22 239
36 239
36 238
69 238
69 245
156 245
156 241
190 241
190 246
197 246
197 250
224 250
224 228
215 228
215 249
205 249
205 243
199 243
199 229
191 229
191 227
187 227
187 226
181 226
181 223
195 223
195 220
176 220
176 216
213 216
213 217
223 217
223 218
210 218
210 219
202 219
202 225
220 225
220 224
222 224
222 221
226 221
226 222
230 222
230 197
219 197
219 195
238 195
238 196
245 196
245 187
