132
242 70
242 82
239 82
239 84
236 84
236 102
240 102
240 167
212 167
212 170
149 170
149 169
103 169
103 149
101 149
101 147
119 147
119 133
235 133
235 132
87 132
87 131
56 131
56 135
115 135
115 141
100 141
100 154
102 154
102 171
237 171
237 168
241 168
241 99
243 99
243 78
244 78
244 194
158 194
158 198
229 198
229 210
228 210
228 214
214 214
214 215
173 215
173 230
174 230
174 240
129 240
129 242
106 242
106 234
39 234
39 232
32 232
32 231
1 231
1 248
47 248
47 244
14 244
14 247
2 247
2 235
42 235
42 236
45 236
45 237
22 237
22 239
36 239
36 238
69 238
69 245
156 245
156 241
190 241
190 246
197 246
197 250
224 250
224 228
215 228
215 249
205 249
205 243
199 243
199 229
191 229
191 227
187 227
187 226
181 226
181 223
195 223
195 220
176 220
176 216
213 216
213 217
223 217
223 218
210 218
210 219
202 219
202 225
220 225
220 224
222 224
222 221
226 221
226 222
230 222
230 197
219 197
219 195
238 195
238 196
245 196
245 187
247 187
247 207
250 207
250 206
248 206
248 185
249 185
249 159
246 159
246 70
