766
80 3
80 16
87 16
87 20
82 20
82 53
85 53
85 47
88 47
88 38
90 38
90 45
94 45
94 48
115 48
115 46
145 46
145 43
153 43
153 42
209 42
209 37
218 37
218 50
254 50
254 51
295 51
295 49
247 49
247 28
264 28
264 31
283 31
283 29
299 29
299 26
266 26
266 27
240 27
240 23
286 23
286 25
294 25
294 21
228 21
228 32
231 32
231 22
232 22
232 35
196 35
196 36
208 36
208 39
205 39
205 40
137 40
137 41
91 41
91 9
93 9
93 4
219 4
219 5
211 5
211 6
313 6
313 44
314 44
314 52
323 52
323 62
303 62
303 67
296 67
296 70
246 70
246 77
243 77
243 83
249 83
249 115
251 115
251 153
238 153
238 171
245 171
245 201
242 201
242 210
253 210
253 108
258 108
258 147
255 147
255 233
256 233
256 208
259 208
259 258
257 258
257 270
260 270
260 300
235 300
235 304
192 304
192 305
148 305
148 307
132 307
132 289
139 289
139 272
134 272
134 271
120 271
120 267
121 267
121 191
117 191
117 204
116 204
116 214
103 214
103 227
102 227
102 279
106 279
106 278
110 278
110 243
111 243
111 352
108 352
108 410
104 410
104 407
101 407
101 403
58 403
58 399
79 399
79 398
44 398
44 142
74 142
74 135
34 135
34 202
36 202
36 261
31 261
31 252
3 252
3 163
2 163
2 150
4 150
4 128
13 128
13 124
1 124
1 277
8 277
8 274
9 274
9 273
15 273
15 266
25 266
25 280
22 280
22 284
16 284
16 285
18 285
18 377
26 377
26 358
35 358
35 345
28 345
28 286
37 286
37 149
40 149
40 237
39 237
39 315
41 315
41 137
43 137
43 288
42 288
42 404
64 404
64 427
68 427
68 420
84 420
84 416
66 416
66 405
100 405
100 409
99 409
99 414
96 414
96 415
105 415
105 412
107 412
107 417
112 417
112 373
113 373
113 253
114 253
114 244
118 244
118 198
119 198
119 355
123 355
123 408
125 408
125 395
127 395
127 301
129 301
129 349
128 349
128 369
131 369
131 342
130 342
130 313
156 313
156 343
138 343
138 346
143 346
143 359
166 359
166 328
190 328
190 333
195 333
195 337
197 337
197 350
202 350
202 316
188 316
188 311
252 311
252 318
217 318
217 321
250 321
250 325
262 325
262 281
271 281
271 268
272 268
272 212
269 212
269 247
268 247
268 187
267 187
267 224
261 224
261 110
265 110
265 96
263 96
263 95
273 95
273 93
291 93
291 91
392 91
392 123
394 123
394 99
402 99
402 90
422 90
422 97
428 97
428 94
432 94
432 89
440 89
440 102
483 102
483 104
444 104
444 103
404 103
404 129
429 129
429 131
405 131
405 136
398 136
398 145
409 145
409 146
410 146
410 154
425 154
425 174
408 174
408 182
411 182
411 192
407 192
407 193
399 193
399 190
380 190
380 178
374 178
374 185
361 185
361 196
377 196
377 216
357 216
357 241
359 241
359 218
381 218
381 299
383 299
383 303
351 303
351 306
349 306
349 330
354 330
354 332
356 332
356 336
360 336
360 319
367 319
367 308
371 308
371 344
375 344
375 312
379 312
379 353
385 353
385 356
372 356
372 363
366 363
366 374
348 374
348 372
345 372
345 317
341 317
341 347
344 347
344 384
346 384
346 421
337 421
337 406
333 406
333 418
329 418
329 423
320 423
320 422
318 422
318 419
316 419
316 443
220 443
220 444
201 444
201 434
215 434
215 437
310 437
310 340
306 340
306 379
307 379
307 391
304 391
304 429
301 429
301 428
278 428
278 431
290 431
290 432
308 432
308 436
233 436
233 435
216 435
216 430
207 430
207 433
193 433
193 453
204 453
204 450
206 450
206 485
21 485
21 484
97 484
97 483
86 483
86 481
76 481
76 477
78 477
78 440
81 440
81 446
83 446
83 465
92 465
92 439
45 439
45 445
29 445
29 454
14 454
14 469
32 469
32 474
59 474
59 467
30 467
30 451
56 451
56 461
73 461
73 475
61 475
61 476
23 476
23 479
50 479
50 480
19 480
19 482
20 482
20 491
17 491
17 496
62 496
62 497
75 497
75 500
77 500
77 499
122 499
122 498
135 498
135 495
151 495
151 494
89 494
89 493
27 493
27 490
24 490
24 487
98 487
98 486
210 486
210 488
140 488
140 492
167 492
167 489
214 489
214 455
221 455
221 458
279 458
279 460
282 460
282 478
288 478
288 468
300 468
300 473
305 473
305 472
327 472
327 470
315 470
315 466
302 466
302 456
292 456
292 459
289 459
289 457
236 457
236 449
287 449
287 447
326 447
326 438
335 438
335 448
334 448
334 464
339 464
339 463
342 463
342 462
343 462
343 426
325 426
325 424
347 424
347 386
352 386
352 413
358 413
358 411
362 411
362 425
355 425
355 441
353 441
353 442
364 442
364 452
365 452
365 380
368 380
368 364
386 364
386 362
387 362
387 361
389 361
389 471
391 471
391 326
388 326
388 206
382 206
382 194
400 194
400 199
413 199
413 207
416 207
416 176
427 176
427 205
430 205
430 251
426 251
426 298
423 298
423 291
417 291
417 331
419 331
419 335
412 335
412 389
486 389
486 392
480 392
480 394
481 394
481 393
488 393
488 396
485 396
485 401
497 401
497 387
482 387
482 383
450 383
450 385
451 385
451 388
424 388
424 381
441 381
441 375
414 375
414 357
421 357
421 351
442 351
442 376
492 376
492 370
461 370
461 366
460 366
460 365
462 365
462 339
473 339
473 329
475 329
475 314
478 314
478 327
479 327
479 186
477 186
477 245
468 245
468 238
476 238
476 211
474 211
474 164
472 164
472 181
469 181
469 225
467 225
467 228
466 228
466 255
470 255
470 293
465 293
465 222
459 222
459 209
452 209
452 239
456 239
456 256
463 256
463 310
471 310
471 334
453 334
453 338
455 338
455 354
458 354
458 367
449 367
449 371
443 371
443 320
439 320
439 348
420 348
420 324
431 324
431 341
434 341
434 254
436 254
436 269
438 269
438 246
435 246
435 141
418 141
418 138
433 138
433 130
484 130
484 126
406 126
406 111
415 111
415 106
437 106
437 114
447 114
447 116
445 116
445 117
457 117
457 118
464 118
464 113
448 113
448 107
494 107
494 105
496 105
496 122
493 122
493 112
487 112
487 127
498 127
498 139
489 139
489 140
495 140
495 151
500 151
500 101
499 101
499 100
491 100
491 92
490 92
490 98
454 98
454 85
446 85
446 82
403 82
403 86
378 86
378 87
376 87
376 88
322 88
322 84
270 84
270 81
274 81
274 71
275 71
275 72
298 72
298 69
331 69
331 55
330 55
330 59
324 59
324 33
338 33
338 30
319 30
319 18
321 18
321 24
340 24
340 14
393 14
393 13
328 13
328 11
332 11
332 8
317 8
317 3
