214
249 89
249 115
251 115
251 153
238 153
238 171
245 171
245 201
242 201
242 210
253 210
253 108
258 108
258 147
255 147
255 233
256 233
256 208
259 208
259 258
257 258
257 270
260 270
260 300
235 300
235 304
192 304
192 305
148 305
148 307
132 307
132 289
139 289
139 272
134 272
134 271
120 271
120 267
121 267
121 191
117 191
117 204
116 204
116 214
103 214
103 227
102 227
102 279
106 279
106 278
110 278
110 243
111 243
111 352
108 352
108 410
104 410
104 407
101 407
101 403
58 403
58 399
79 399
79 398
44 398
44 142
74 142
74 135
34 135
34 202
36 202
36 261
31 261
31 252
3 252
3 163
2 163
2 150
4 150
4 128
13 128
13 124
1 124
1 277
8 277
8 274
9 274
9 273
15 273
15 266
25 266
25 280
22 280
22 284
16 284
16 285
18 285
18 377
26 377
26 358
35 358
35 345
28 345
28 286
37 286
37 149
40 149
40 237
39 237
39 315
41 315
41 137
43 137
43 288
42 288
42 404
64 404
64 427
68 427
68 420
84 420
84 416
66 416
66 405
100 405
100 409
99 409
99 414
96 414
96 415
105 415
105 412
107 412
107 417
112 417
112 373
113 373
113 253
114 253
114 244
118 244
118 198
119 198
119 355
123 355
123 408
125 408
125 395
127 395
127 301
129 301
129 349
128 349
128 369
131 369
131 342
130 342
130 313
156 313
156 343
138 343
138 346
143 346
143 359
166 359
166 328
190 328
190 333
195 333
195 337
197 337
197 350
202 350
202 316
188 316
188 311
252 311
252 318
217 318
217 321
250 321
250 325
262 325
262 281
271 281
271 268
272 268
272 212
269 212
269 247
268 247
268 187
267 187
267 224
261 224
261 110
265 110
265 96
263 96
263 95
273 95
273 93
291 93
291 91
392 91
392 123
394 123
394 99
402 99
402 90
422 90
422 94
432 94
432 89
