72
104 410
104 407
101 407
101 403
58 403
58 399
79 399
79 398
44 398
44 142
74 142
74 135
34 135
34 202
36 202
36 261
31 261
31 252
3 252
3 163
2 163
2 150
4 150
4 128
13 128
13 124
1 124
1 277
8 277
8 274
9 274
9 273
15 273
15 266
25 266
25 280
22 280
22 284
16 284
16 285
18 285
18 377
26 377
26 358
35 358
35 345
28 345
28 286
37 286
37 149
40 149
40 237
39 237
39 315
41 315
41 137
43 137
43 288
42 288
42 404
64 404
64 427
68 427
68 420
84 420
84 416
66 416
66 405
100 405
100 409
99 409
99 410
