184
21 36
21 40
16 40
16 50
15 50
15 49
1 49
1 101
2 101
2 63
3 63
3 52
17 52
17 43
19 43
19 48
27 48
27 55
34 55
34 46
36 46
36 60
37 60
37 51
41 51
41 44
30 44
30 42
22 42
22 38
45 38
45 54
42 54
42 62
50 62
50 58
59 58
59 70
58 70
58 64
54 64
54 66
56 66
56 73
52 73
52 78
46 78
46 77
28 77
28 67
31 67
31 59
20 59
20 61
18 61
18 65
26 65
26 68
10 68
10 74
5 74
5 90
6 90
6 102
4 102
4 118
7 118
7 108
8 108
8 111
9 111
9 82
11 82
11 104
13 104
13 124
14 124
14 96
12 96
12 71
25 71
25 80
29 80
29 94
33 94
33 87
40 87
40 81
47 81
47 86
63 86
63 91
67 91
67 121
71 121
71 117
70 117
70 116
89 116
89 109
88 109
88 92
90 92
90 125
60 125
60 128
57 128
57 139
48 139
48 142
39 142
39 123
32 123
32 149
23 149
23 150
55 150
55 148
74 148
74 147
53 147
53 145
75 145
75 143
62 143
62 126
73 126
73 127
66 127
66 135
83 135
83 136
86 136
86 133
100 133
100 146
106 146
106 141
134 141
134 138
137 138
137 105
114 105
114 106
130 106
130 114
122 114
122 110
107 110
107 112
116 112
116 115
124 115
124 120
127 120
127 129
125 129
125 130
105 130
105 134
112 134
112 137
103 137
103 140
104 140
104 144
101 144
101 132
91 132
91 79
84 79
84 100
78 100
78 113
68 113
68 93
72 93
72 89
64 89
64 84
61 84
61 47
51 47
51 36
