110
58 73
58 88
52 88
52 93
10 93
10 96
1 96
1 141
3 141
3 147
51 147
51 148
89 148
89 145
71 145
71 144
53 144
53 146
16 146
16 142
8 142
8 140
2 140
2 138
7 138
7 137
6 137
6 130
5 130
5 126
9 126
9 118
4 118
4 111
17 111
17 124
65 124
65 125
70 125
70 122
63 122
63 120
79 120
79 119
101 119
101 117
29 117
29 116
34 116
34 114
103 114
103 128
105 128
105 132
107 132
107 131
110 131
110 115
112 115
112 139
111 139
111 143
109 143
109 150
150 150
150 149
118 149
118 136
130 136
130 135
120 135
120 134
121 134
121 133
127 133
127 129
132 129
132 127
116 127
116 113
48 113
48 112
22 112
22 121
40 121
40 123
20 123
20 109
12 109
12 94
60 94
60 97
41 97
41 102
57 102
57 100
67 100
67 105
66 105
66 110
73 110
73 95
76 95
76 91
59 91
59 80
68 80
68 75
99 75
99 73
