228
78 30
78 24
88 24
88 16
64 16
64 5
26 5
26 12
21 12
21 26
24 26
24 28
25 28
25 27
28 27
28 48
54 48
54 57
32 57
32 59
38 59
38 63
35 63
35 78
50 78
50 73
58 73
58 88
52 88
52 93
10 93
10 96
1 96
1 141
3 141
3 147
51 147
51 148
89 148
89 145
71 145
71 144
53 144
53 146
16 146
16 142
8 142
8 140
2 140
2 138
7 138
7 137
6 137
6 130
5 130
5 126
9 126
9 118
4 118
4 111
17 111
17 124
65 124
65 125
70 125
70 122
63 122
63 120
79 120
79 119
101 119
101 117
29 117
29 116
34 116
34 114
103 114
103 128
105 128
105 132
107 132
107 131
110 131
110 115
112 115
112 139
111 139
111 143
109 143
109 150
150 150
150 149
118 149
118 136
130 136
130 135
120 135
120 134
121 134
121 133
127 133
127 129
132 129
132 127
116 127
116 113
48 113
48 112
22 112
22 121
40 121
40 123
20 123
20 109
12 109
12 94
60 94
60 97
41 97
41 102
57 102
57 100
67 100
67 105
66 105
66 110
73 110
73 95
76 95
76 91
59 91
59 80
68 80
68 75
85 75
85 99
81 99
81 101
77 101
77 108
82 108
82 107
91 107
91 106
86 106
86 77
96 77
96 85
98 85
98 98
97 98
97 103
95 103
95 104
100 104
100 90
106 90
106 84
119 84
119 82
122 82
122 87
141 87
141 74
143 74
143 69
145 69
145 62
139 62
139 51
138 51
138 86
125 86
125 81
117 81
117 72
136 72
136 50
113 50
113 55
131 55
131 61
129 61
129 64
114 64
114 65
115 65
115 79
99 79
99 71
37 71
37 76
36 76
36 67
44 67
44 60
47 60
47 66
56 66
56 49
74 49
74 47
33 47
33 46
43 46
43 45
69 45
69 44
42 44
42 43
31 43
31 29
30 29
30 10
27 10
27 8
39 8
39 7
46 7
46 20
49 20
49 25
55 25
55 23
62 23
62 18
75 18
75 30
