Removal 0: 
Solution 0: 
10 2
12 5
13 18
16 11
19 15
21 22
22 24
3 9

Solution 1: 
10 2
12 5
16 11
19 15
21 22
22 24
3 9
9 17

Solution 2: 
10 2
12 5
16 11
19 15
21 22
22 24
3 9
9 18

Solution 3: 
10 2
12 17
12 5
16 11
19 15
21 22
22 24
3 9

Solution 4: 
11 1
12 17
12 5
16 11
19 15
21 22
22 24
3 9

Solution 5: 
11 1
12 5
16 11
19 15
21 22
22 24
3 9
9 17

Solution 6: 
11 1
12 5
16 11
19 15
21 22
22 24
3 9
9 18

Solution 7: 
11 1
12 5
13 18
16 11
19 15
21 22
22 24
3 9

Solution 8: 
11 1
12 5
13 18
16 11
19 15
21 22
24 25
3 9

Solution 9: 
11 1
12 5
16 11
19 15
21 22
24 25
3 9
9 18

Solution 10: 
11 1
12 5
16 11
19 15
21 22
24 25
3 9
9 17

Solution 11: 
11 1
12 17
12 5
16 11
19 15
21 22
24 25
3 9

Solution 12: 
10 2
12 17
12 5
16 11
19 15
21 22
24 25
3 9

Solution 13: 
10 2
12 5
16 11
19 15
21 22
24 25
3 9
9 18

Solution 14: 
10 2
12 5
13 18
16 11
19 15
21 22
24 25
3 9

Solution 15: 
10 2
12 5
16 11
19 15
21 22
24 25
3 9
9 17

Number of solutions found: 16

Changes at vertices: 
Change visibility: 10 2
11 2 -> 11 1
----------------------------------
Removal 1: 
Solution 0: 
10 4
13 15
15 7
19 15
21 22
22 24
3 9
9 17

Solution 1: 
10 4
13 15
15 7
19 15
21 22
22 24
3 9
9 18

Solution 2: 
10 4
13 15
13 18
15 7
19 15
21 22
22 24
3 9

Solution 3: 
10 4
12 17
13 15
15 7
19 15
21 22
22 24
3 9

Solution 4: 
10 4
12 17
13 15
15 6
19 15
21 22
22 24
3 9

Solution 5: 
10 4
12 17
13 15
16 6
19 15
21 22
22 24
3 9

Solution 6: 
10 4
12 17
13 15
16 11
19 15
21 22
22 24
3 9

Solution 7: 
10 4
13 15
16 11
19 15
21 22
22 24
3 9
9 17

Solution 8: 
10 4
13 15
16 11
19 15
21 22
22 24
3 9
9 18

Solution 9: 
10 4
13 15
13 18
16 11
19 15
21 22
22 24
3 9

Solution 10: 
10 4
13 15
13 18
15 6
19 15
21 22
22 24
3 9

Solution 11: 
10 4
13 15
13 18
16 6
19 15
21 22
22 24
3 9

Solution 12: 
10 4
13 15
16 6
19 15
21 22
22 24
3 9
9 17

Solution 13: 
10 4
13 15
16 6
19 15
21 22
22 24
3 9
9 18

Solution 14: 
10 4
13 15
15 6
19 15
21 22
22 24
3 9
9 18

Solution 15: 
10 4
13 15
15 6
19 15
21 22
22 24
3 9
9 17

Solution 16: 
10 4
12 5
16 11
19 15
21 22
22 24
3 9
9 17

Solution 17: 
10 4
12 5
16 11
19 15
21 22
22 24
3 9
9 18

Solution 18: 
10 4
12 5
13 18
16 11
19 15
21 22
22 24
3 9

Solution 19: 
10 4
12 17
12 5
16 11
19 15
21 22
22 24
3 9

Solution 20: 
10 4
12 17
14 3
16 11
19 15
21 22
22 24
3 9

Solution 21: 
10 4
12 17
14 7
16 11
19 15
21 22
22 24
3 9

Solution 22: 
10 4
13 18
14 7
16 11
19 15
21 22
22 24
3 9

Solution 23: 
10 4
13 18
14 3
16 11
19 15
21 22
22 24
3 9

Solution 24: 
10 4
13 18
14 3
16 11
19 15
21 22
24 25
3 9

Solution 25: 
10 4
12 5
13 18
16 11
19 15
21 22
24 25
3 9

Solution 26: 
10 4
13 15
13 18
16 11
19 15
21 22
24 25
3 9

Solution 27: 
10 4
13 18
14 7
16 11
19 15
21 22
24 25
3 9

Solution 28: 
10 4
13 15
13 18
15 6
19 15
21 22
24 25
3 9

Solution 29: 
10 4
13 15
13 18
16 6
19 15
21 22
24 25
3 9

Solution 30: 
10 4
13 15
13 18
15 7
19 15
21 22
24 25
3 9

Solution 31: 
10 4
13 15
15 7
19 15
21 22
24 25
3 9
9 18

Solution 32: 
10 4
13 15
15 7
19 15
21 22
24 25
3 9
9 17

Solution 33: 
10 4
12 17
13 15
15 7
19 15
21 22
24 25
3 9

Solution 34: 
10 4
12 17
13 15
16 6
19 15
21 22
24 25
3 9

Solution 35: 
10 4
12 17
13 15
15 6
19 15
21 22
24 25
3 9

Solution 36: 
10 4
12 17
13 15
16 11
19 15
21 22
24 25
3 9

Solution 37: 
10 4
13 15
16 11
19 15
21 22
24 25
3 9
9 17

Solution 38: 
10 4
13 15
16 11
19 15
21 22
24 25
3 9
9 18

Solution 39: 
10 4
13 15
16 6
19 15
21 22
24 25
3 9
9 18

Solution 40: 
10 4
13 15
15 6
19 15
21 22
24 25
3 9
9 18

Solution 41: 
10 4
13 15
15 6
19 15
21 22
24 25
3 9
9 17

Solution 42: 
10 4
13 15
16 6
19 15
21 22
24 25
3 9
9 17

Solution 43: 
10 4
12 17
14 3
16 11
19 15
21 22
24 25
3 9

Solution 44: 
10 4
12 17
14 7
16 11
19 15
21 22
24 25
3 9

Solution 45: 
10 4
12 17
12 5
16 11
19 15
21 22
24 25
3 9

Solution 46: 
10 4
12 5
16 11
19 15
21 22
24 25
3 9
9 17

Solution 47: 
10 4
12 5
16 11
19 15
21 22
24 25
3 9
9 18

Solution 48: 
10 4
13 15
16 11
21 22
23 13
24 25
3 9
9 18

Solution 49: 
10 4
13 15
16 11
21 22
23 13
24 25
3 9
9 17

Solution 50: 
10 4
12 17
13 15
16 11
21 22
23 13
24 25
3 9

Solution 51: 
10 4
13 15
13 18
16 11
21 22
23 13
24 25
3 9

Solution 52: 
10 4
13 15
13 18
16 6
21 22
23 13
24 25
3 9

Solution 53: 
10 4
13 15
13 18
15 6
21 22
23 13
24 25
3 9

Solution 54: 
10 4
13 15
13 18
15 7
21 22
23 13
24 25
3 9

Solution 55: 
10 4
12 17
13 15
15 7
21 22
23 13
24 25
3 9

Solution 56: 
10 4
13 15
15 7
21 22
23 13
24 25
3 9
9 18

Solution 57: 
10 4
13 15
15 6
21 22
23 13
24 25
3 9
9 18

Solution 58: 
10 4
12 17
13 15
15 6
21 22
23 13
24 25
3 9

Solution 59: 
10 4
12 17
13 15
16 6
21 22
23 13
24 25
3 9

Solution 60: 
10 4
13 15
16 6
21 22
23 13
24 25
3 9
9 18

Solution 61: 
10 4
13 15
16 6
21 22
23 13
24 25
3 9
9 17

Solution 62: 
10 4
13 15
15 6
21 22
23 13
24 25
3 9
9 17

Solution 63: 
10 4
13 15
15 7
21 22
23 13
24 25
3 9
9 17

Solution 64: 
10 4
13 15
15 7
21 22
22 24
23 13
3 9
9 17

Solution 65: 
10 4
13 15
16 11
21 22
22 24
23 13
3 9
9 17

Solution 66: 
10 4
13 15
16 6
21 22
22 24
23 13
3 9
9 17

Solution 67: 
10 4
13 15
15 6
21 22
22 24
23 13
3 9
9 17

Solution 68: 
10 4
13 15
15 6
21 22
22 24
23 13
3 9
9 18

Solution 69: 
10 4
13 15
13 18
15 6
21 22
22 24
23 13
3 9

Solution 70: 
10 4
12 17
13 15
15 6
21 22
22 24
23 13
3 9

Solution 71: 
10 4
12 17
13 15
16 11
21 22
22 24
23 13
3 9

Solution 72: 
10 4
12 17
13 15
16 6
21 22
22 24
23 13
3 9

Solution 73: 
10 4
12 17
13 15
15 7
21 22
22 24
23 13
3 9

Solution 74: 
10 4
13 15
13 18
15 7
21 22
22 24
23 13
3 9

Solution 75: 
10 4
13 15
15 7
21 22
22 24
23 13
3 9
9 18

Solution 76: 
10 4
13 15
16 6
21 22
22 24
23 13
3 9
9 18

Solution 77: 
10 4
13 15
16 11
21 22
22 24
23 13
3 9
9 18

Solution 78: 
10 4
13 15
13 18
16 11
21 22
22 24
23 13
3 9

Solution 79: 
10 4
13 15
13 18
16 6
21 22
22 24
23 13
3 9

Solution 80: 
11 2
12 5
13 18
16 11
19 15
21 22
22 24
3 9

Solution 81: 
11 3
12 5
13 18
16 11
19 15
21 22
22 24
3 9

Solution 82: 
10 2
12 5
13 18
16 11
19 15
21 22
22 24
3 9

Solution 83: 
10 2
12 5
13 18
16 11
19 15
21 22
24 25
3 9

Solution 84: 
11 2
12 5
13 18
16 11
19 15
21 22
24 25
3 9

Solution 85: 
11 3
12 5
13 18
16 11
19 15
21 22
24 25
3 9

Solution 86: 
11 3
12 5
16 11
19 15
21 22
24 25
3 9
9 18

Solution 87: 
11 3
12 5
16 11
19 15
21 22
24 25
3 9
9 17

Solution 88: 
11 3
12 17
12 5
16 11
19 15
21 22
24 25
3 9

Solution 89: 
11 3
12 17
12 5
16 11
19 15
21 22
22 24
3 9

Solution 90: 
11 3
12 5
16 11
19 15
21 22
22 24
3 9
9 18

Solution 91: 
11 3
12 5
16 11
19 15
21 22
22 24
3 9
9 17

Solution 92: 
11 2
12 5
16 11
19 15
21 22
22 24
3 9
9 17

Solution 93: 
10 2
12 5
16 11
19 15
21 22
22 24
3 9
9 17

Solution 94: 
10 2
12 5
16 11
19 15
21 22
22 24
3 9
9 18

Solution 95: 
11 2
12 5
16 11
19 15
21 22
22 24
3 9
9 18

Solution 96: 
11 2
12 17
12 5
16 11
19 15
21 22
22 24
3 9

Solution 97: 
10 2
12 17
12 5
16 11
19 15
21 22
22 24
3 9

Solution 98: 
10 2
12 17
12 5
16 11
19 15
21 22
24 25
3 9

Solution 99: 
11 2
12 17
12 5
16 11
19 15
21 22
24 25
3 9

Solution 100: 
11 2
12 5
16 11
19 15
21 22
24 25
3 9
9 17

Solution 101: 
11 2
12 5
16 11
19 15
21 22
24 25
3 9
9 18

Solution 102: 
10 2
12 5
16 11
19 15
21 22
24 25
3 9
9 18

Solution 103: 
10 2
12 5
16 11
19 15
21 22
24 25
3 9
9 17

Number of solutions found: 104

Changes at vertices: 
10 3 -> 10 2
New Vertex: 11 3
----------------------------------
Removal 2: 
Solution 0: 
12 5
13 18
16 11
19 15
21 22
22 24
3 9

Solution 1: 
12 5
16 11
19 15
21 22
22 24
3 9
9 17

Solution 2: 
12 5
16 11
19 15
21 22
22 24
3 9
9 18

Solution 3: 
12 17
12 5
16 11
19 15
21 22
22 24
3 9

Solution 4: 
12 17
12 5
16 11
19 15
21 22
24 25
3 9

Solution 5: 
12 5
16 11
19 15
21 22
24 25
3 9
9 18

Solution 6: 
12 5
16 11
19 15
21 22
24 25
3 9
9 17

Solution 7: 
12 5
13 18
16 11
19 15
21 22
24 25
3 9

Number of solutions found: 8

Changes at vertices: 
New Vertex: 10 4
14 4 -> 14 3
----------------------------------
Removal 3: 
Solution 0: 
12 17
14 4
16 11
19 15
21 22
22 24
3 9

Solution 1: 
13 18
14 4
16 11
19 15
21 22
22 24
3 9

Solution 2: 
12 5
13 18
16 11
19 15
21 22
22 24
3 9

Solution 3: 
12 5
16 11
19 15
21 22
22 24
3 9
9 18

Solution 4: 
12 17
12 5
16 11
19 15
21 22
22 24
3 9

Solution 5: 
12 5
16 11
19 15
21 22
22 24
3 9
9 17

Solution 6: 
12 5
16 11
19 15
21 22
24 25
3 9
9 17

Solution 7: 
12 5
16 11
19 15
21 22
24 25
3 9
9 18

Solution 8: 
12 17
12 5
16 11
19 15
21 22
24 25
3 9

Solution 9: 
12 5
13 18
16 11
19 15
21 22
24 25
3 9

Solution 10: 
13 18
14 4
16 11
19 15
21 22
24 25
3 9

Solution 11: 
12 17
14 4
16 11
19 15
21 22
24 25
3 9

Number of solutions found: 12

Changes at vertices: 
New Vertex: 15 7
16 7 -> 16 6
----------------------------------
Removal 4: 
Solution 0: 
13 15
19 15
21 22
22 24
3 4
3 9
9 17

Solution 1: 
13 15
19 15
21 22
22 24
3 9
6 5
9 17

Solution 2: 
13 15
14 4
19 15
21 22
22 24
3 9
9 17

Solution 3: 
12 5
13 15
19 15
21 22
22 24
3 9
9 17

Solution 4: 
12 5
13 15
21 22
22 24
23 13
3 9
9 17

Solution 5: 
13 15
21 22
22 24
23 13
3 9
6 5
9 17

Solution 6: 
13 15
21 22
22 24
23 13
3 4
3 9
9 17

Solution 7: 
13 15
14 4
21 22
22 24
23 13
3 9
9 17

Solution 8: 
12 5
16 11
19 15
21 22
22 24
3 9
9 17

Solution 9: 
12 5
16 11
19 15
21 22
24 25
3 9
9 17

Solution 10: 
12 5
16 11
19 15
21 22
24 25
3 9
9 18

Solution 11: 
12 5
16 11
19 15
21 22
22 24
3 9
9 18

Solution 12: 
12 17
12 5
16 11
19 15
21 22
22 24
3 9

Solution 13: 
12 5
13 18
16 11
19 15
21 22
22 24
3 9

Solution 14: 
12 5
13 18
16 11
19 15
21 22
24 25
3 9

Solution 15: 
12 17
12 5
16 11
19 15
21 22
24 25
3 9

Solution 16: 
12 17
12 5
13 15
19 15
21 22
24 25
3 9

Solution 17: 
12 17
12 5
13 15
21 22
23 13
24 25
3 9

Solution 18: 
12 17
12 5
13 15
21 22
22 24
23 13
3 9

Solution 19: 
12 17
12 5
13 15
19 15
21 22
22 24
3 9

Solution 20: 
12 5
13 15
19 15
21 22
22 24
3 9
9 18

Solution 21: 
12 5
13 15
13 18
19 15
21 22
22 24
3 9

Solution 22: 
12 5
13 15
13 18
19 15
21 22
24 25
3 9

Solution 23: 
12 5
13 15
19 15
21 22
24 25
3 9
9 17

Solution 24: 
12 5
13 15
19 15
21 22
24 25
3 9
9 18

Solution 25: 
12 5
13 15
21 22
23 13
24 25
3 9
9 18

Solution 26: 
12 5
13 15
21 22
23 13
24 25
3 9
9 17

Solution 27: 
12 5
13 15
13 18
21 22
23 13
24 25
3 9

Solution 28: 
12 5
13 15
13 18
21 22
22 24
23 13
3 9

Solution 29: 
12 5
13 15
21 22
22 24
23 13
3 9
9 18

Solution 30: 
13 15
14 4
21 22
22 24
23 13
3 9
9 18

Solution 31: 
13 15
21 22
22 24
23 13
3 9
6 5
9 18

Solution 32: 
13 15
21 22
22 24
23 13
3 4
3 9
9 18

Solution 33: 
13 15
21 22
23 13
24 25
3 4
3 9
9 18

Solution 34: 
13 15
21 22
23 13
24 25
3 9
6 5
9 18

Solution 35: 
13 15
14 4
21 22
23 13
24 25
3 9
9 18

Solution 36: 
13 15
14 4
19 15
21 22
24 25
3 9
9 18

Solution 37: 
13 15
19 15
21 22
24 25
3 9
6 5
9 18

Solution 38: 
13 15
19 15
21 22
24 25
3 4
3 9
9 18

Solution 39: 
13 15
19 15
21 22
22 24
3 4
3 9
9 18

Solution 40: 
13 15
19 15
21 22
22 24
3 9
6 5
9 18

Solution 41: 
13 15
14 4
19 15
21 22
22 24
3 9
9 18

Solution 42: 
12 17
13 15
14 4
19 15
21 22
22 24
3 9

Solution 43: 
12 17
13 15
14 4
21 22
22 24
23 13
3 9

Solution 44: 
13 15
13 18
14 4
21 22
22 24
23 13
3 9

Solution 45: 
13 15
13 18
14 4
19 15
21 22
22 24
3 9

Solution 46: 
13 15
13 18
14 4
19 15
21 22
24 25
3 9

Solution 47: 
13 15
13 18
14 4
21 22
23 13
24 25
3 9

Solution 48: 
13 15
14 4
21 22
23 13
24 25
3 9
9 17

Solution 49: 
12 17
13 15
14 4
21 22
23 13
24 25
3 9

Solution 50: 
12 17
13 15
14 4
19 15
21 22
24 25
3 9

Solution 51: 
13 15
14 4
19 15
21 22
24 25
3 9
9 17

Solution 52: 
13 15
19 15
21 22
24 25
3 4
3 9
9 17

Solution 53: 
13 15
19 15
21 22
24 25
3 9
6 5
9 17

Solution 54: 
13 15
13 18
19 15
21 22
24 25
3 9
6 5

Solution 55: 
13 15
13 18
19 15
21 22
24 25
3 4
3 9

Solution 56: 
12 17
13 15
19 15
21 22
24 25
3 4
3 9

Solution 57: 
12 17
13 15
19 15
21 22
24 25
3 9
6 5

Solution 58: 
12 17
13 15
21 22
23 13
24 25
3 9
6 5

Solution 59: 
12 17
13 15
21 22
23 13
24 25
3 4
3 9

Solution 60: 
13 15
13 18
21 22
23 13
24 25
3 4
3 9

Solution 61: 
13 15
21 22
23 13
24 25
3 4
3 9
9 17

Solution 62: 
13 15
21 22
23 13
24 25
3 9
6 5
9 17

Solution 63: 
13 15
13 18
21 22
23 13
24 25
3 9
6 5

Solution 64: 
13 15
13 18
21 22
22 24
23 13
3 9
6 5

Solution 65: 
13 15
13 18
19 15
21 22
22 24
3 9
6 5

Solution 66: 
12 17
13 15
19 15
21 22
22 24
3 9
6 5

Solution 67: 
12 17
13 15
21 22
22 24
23 13
3 9
6 5

Solution 68: 
12 17
13 15
21 22
22 24
23 13
3 4
3 9

Solution 69: 
13 15
13 18
21 22
22 24
23 13
3 4
3 9

Solution 70: 
13 15
13 18
19 15
21 22
22 24
3 4
3 9

Solution 71: 
12 17
13 15
19 15
21 22
22 24
3 4
3 9

Solution 72: 
12 17
14 4
16 11
19 15
21 22
22 24
3 9

Solution 73: 
12 17
14 4
16 11
19 15
21 22
24 25
3 9

Solution 74: 
13 18
14 4
16 11
19 15
21 22
24 25
3 9

Solution 75: 
13 18
14 4
16 11
19 15
21 22
22 24
3 9

Number of solutions found: 76

Changes at vertices: 
New Vertex: 18 14
23 14 -> 23 13
----------------------------------
Removal 5: 
Solution 0: 
13 15
19 15
21 22
22 24
3 4
3 9
9 17

Solution 1: 
13 15
19 15
21 22
22 24
3 9
6 5
9 17

Solution 2: 
13 15
14 4
19 15
21 22
22 24
3 9
9 17

Solution 3: 
12 5
13 15
19 15
21 22
22 24
3 9
9 17

Solution 4: 
12 5
13 15
19 19
21 22
22 24
3 9
9 17

Solution 5: 
12 5
13 15
21 22
22 24
23 14
3 9
9 17

Solution 6: 
13 15
14 4
21 22
22 24
23 14
3 9
9 17

Solution 7: 
13 15
21 22
22 24
23 14
3 9
6 5
9 17

Solution 8: 
13 15
19 19
21 22
22 24
3 9
6 5
9 17

Solution 9: 
13 15
14 4
19 19
21 22
22 24
3 9
9 17

Solution 10: 
13 15
14 4
20 19
21 22
22 24
3 9
9 17

Solution 11: 
12 5
13 15
20 19
21 22
22 24
3 9
9 17

Solution 12: 
13 15
20 19
21 22
22 24
3 9
6 5
9 17

Solution 13: 
13 15
20 19
22 24
25 20
3 9
6 5
9 17

Solution 14: 
13 15
20 19
22 24
25 22
3 9
6 5
9 17

Solution 15: 
13 15
14 4
20 19
22 24
25 22
3 9
9 17

Solution 16: 
12 5
13 15
20 19
22 24
25 22
3 9
9 17

Solution 17: 
12 5
13 15
20 19
22 24
25 20
3 9
9 17

Solution 18: 
13 15
14 4
20 19
22 24
25 20
3 9
9 17

Solution 19: 
13 15
20 19
22 24
25 20
3 4
3 9
9 17

Solution 20: 
13 15
20 19
21 22
22 24
3 4
3 9
9 17

Solution 21: 
13 15
20 19
22 24
25 22
3 4
3 9
9 17

Solution 22: 
13 15
20 19
22 24
23 20
3 4
3 9
9 17

Solution 23: 
12 5
13 15
20 19
22 24
23 20
3 9
9 17

Solution 24: 
13 15
20 19
22 24
23 20
3 9
6 5
9 17

Solution 25: 
13 15
14 4
20 19
22 24
23 20
3 9
9 17

Solution 26: 
13 15
19 19
21 22
22 24
3 4
3 9
9 17

Solution 27: 
13 15
21 22
22 24
23 14
3 4
3 9
9 17

Solution 28: 
12 5
16 11
21 22
22 24
23 14
3 9
9 17

Solution 29: 
12 5
16 11
19 15
21 22
22 24
3 9
9 17

Solution 30: 
12 5
16 11
19 15
21 22
24 25
3 9
9 17

Solution 31: 
12 5
16 11
21 22
23 14
24 25
3 9
9 17

Solution 32: 
12 5
13 15
21 22
23 14
24 25
3 9
9 17

Solution 33: 
12 5
13 15
19 15
21 22
24 25
3 9
9 17

Solution 34: 
12 5
13 15
20 19
21 22
24 25
3 9
9 17

Solution 35: 
12 5
13 15
19 19
21 22
24 25
3 9
9 17

Solution 36: 
12 5
13 15
20 19
24 25
25 22
3 9
9 17

Solution 37: 
12 5
13 15
20 19
24 25
25 20
3 9
9 17

Solution 38: 
12 5
13 15
20 19
23 20
24 25
3 9
9 17

Solution 39: 
13 15
20 19
23 20
24 25
3 4
3 9
9 17

Solution 40: 
13 15
20 19
23 20
24 25
3 9
6 5
9 17

Solution 41: 
13 15
14 4
20 19
23 20
24 25
3 9
9 17

Solution 42: 
13 15
14 4
20 19
24 25
25 20
3 9
9 17

Solution 43: 
13 15
14 4
20 19
24 25
25 22
3 9
9 17

Solution 44: 
13 15
14 4
20 19
21 22
24 25
3 9
9 17

Solution 45: 
13 15
20 19
21 22
24 25
3 4
3 9
9 17

Solution 46: 
13 15
20 19
21 22
24 25
3 9
6 5
9 17

Solution 47: 
13 15
20 19
24 25
25 22
3 9
6 5
9 17

Solution 48: 
13 15
20 19
24 25
25 22
3 4
3 9
9 17

Solution 49: 
13 15
20 19
24 25
25 20
3 4
3 9
9 17

Solution 50: 
13 15
20 19
24 25
25 20
3 9
6 5
9 17

Solution 51: 
13 15
19 15
21 22
24 25
3 9
6 5
9 17

Solution 52: 
13 15
19 19
21 22
24 25
3 9
6 5
9 17

Solution 53: 
13 15
21 22
23 14
24 25
3 9
6 5
9 17

Solution 54: 
13 15
21 22
23 14
24 25
3 4
3 9
9 17

Solution 55: 
13 15
14 4
21 22
23 14
24 25
3 9
9 17

Solution 56: 
13 15
14 4
19 19
21 22
24 25
3 9
9 17

Solution 57: 
13 15
14 4
19 15
21 22
24 25
3 9
9 17

Solution 58: 
13 15
19 15
21 22
24 25
3 4
3 9
9 17

Solution 59: 
13 15
19 19
21 22
24 25
3 4
3 9
9 17

Solution 60: 
13 15
19 19
21 22
24 25
3 4
3 9
9 18

Solution 61: 
13 15
13 18
19 19
21 22
24 25
3 4
3 9

Solution 62: 
12 17
13 15
19 19
21 22
24 25
3 4
3 9

Solution 63: 
12 17
13 15
19 15
21 22
24 25
3 4
3 9

Solution 64: 
13 15
13 18
19 15
21 22
24 25
3 4
3 9

Solution 65: 
13 15
13 18
21 22
23 14
24 25
3 4
3 9

Solution 66: 
12 17
13 15
21 22
23 14
24 25
3 4
3 9

Solution 67: 
12 17
13 15
20 19
21 22
24 25
3 4
3 9

Solution 68: 
13 15
13 18
20 19
21 22
24 25
3 4
3 9

Solution 69: 
13 15
20 19
21 22
24 25
3 4
3 9
9 18

Solution 70: 
13 15
19 15
21 22
24 25
3 4
3 9
9 18

Solution 71: 
13 15
21 22
23 14
24 25
3 4
3 9
9 18

Solution 72: 
13 15
20 19
24 25
25 20
3 4
3 9
9 18

Solution 73: 
13 15
20 19
24 25
25 22
3 4
3 9
9 18

Solution 74: 
13 15
20 19
23 20
24 25
3 4
3 9
9 18

Solution 75: 
12 17
13 15
20 19
23 20
24 25
3 4
3 9

Solution 76: 
13 15
13 18
20 19
23 20
24 25
3 4
3 9

Solution 77: 
13 15
13 18
20 19
24 25
25 20
3 4
3 9

Solution 78: 
13 15
13 18
20 19
24 25
25 22
3 4
3 9

Solution 79: 
12 17
13 15
20 19
24 25
25 22
3 4
3 9

Solution 80: 
12 17
13 15
20 19
24 25
25 20
3 4
3 9

Solution 81: 
12 17
13 15
20 19
22 24
25 20
3 4
3 9

Solution 82: 
13 15
20 19
22 24
25 20
3 4
3 9
9 18

Solution 83: 
13 15
13 18
20 19
22 24
25 20
3 4
3 9

Solution 84: 
13 15
13 18
20 19
21 22
22 24
3 4
3 9

Solution 85: 
13 15
13 18
20 19
22 24
25 22
3 4
3 9

Solution 86: 
13 15
13 18
20 19
22 24
23 20
3 4
3 9

Solution 87: 
12 17
13 15
20 19
22 24
23 20
3 4
3 9

Solution 88: 
13 15
20 19
22 24
23 20
3 4
3 9
9 18

Solution 89: 
13 15
20 19
22 24
25 22
3 4
3 9
9 18

Solution 90: 
13 15
20 19
21 22
22 24
3 4
3 9
9 18

Solution 91: 
12 17
13 15
20 19
21 22
22 24
3 4
3 9

Solution 92: 
12 17
13 15
20 19
22 24
25 22
3 4
3 9

Solution 93: 
12 17
13 15
19 19
21 22
22 24
3 4
3 9

Solution 94: 
12 17
13 15
19 15
21 22
22 24
3 4
3 9

Solution 95: 
12 17
13 15
21 22
22 24
23 14
3 4
3 9

Solution 96: 
13 15
21 22
22 24
23 14
3 4
3 9
9 18

Solution 97: 
13 15
13 18
21 22
22 24
23 14
3 4
3 9

Solution 98: 
13 15
13 18
19 19
21 22
22 24
3 4
3 9

Solution 99: 
13 15
13 18
19 15
21 22
22 24
3 4
3 9

Solution 100: 
13 15
19 15
21 22
22 24
3 4
3 9
9 18

Solution 101: 
13 15
19 19
21 22
22 24
3 4
3 9
9 18

Solution 102: 
12 5
13 15
19 19
21 22
22 24
3 9
9 18

Solution 103: 
13 15
14 4
19 19
21 22
22 24
3 9
9 18

Solution 104: 
13 15
19 19
21 22
22 24
3 9
6 5
9 18

Solution 105: 
13 15
13 18
19 19
21 22
22 24
3 9
6 5

Solution 106: 
12 5
13 15
13 18
19 19
21 22
22 24
3 9

Solution 107: 
13 15
13 18
14 4
19 19
21 22
22 24
3 9

Solution 108: 
13 15
13 18
14 4
19 15
21 22
22 24
3 9

Solution 109: 
13 15
13 18
19 15
21 22
22 24
3 9
6 5

Solution 110: 
12 5
13 15
13 18
19 15
21 22
22 24
3 9

Solution 111: 
12 5
13 15
19 15
21 22
22 24
3 9
9 18

Solution 112: 
13 15
14 4
19 15
21 22
22 24
3 9
9 18

Solution 113: 
13 15
19 15
21 22
22 24
3 9
6 5
9 18

Solution 114: 
13 15
21 22
22 24
23 14
3 9
6 5
9 18

Solution 115: 
13 15
13 18
21 22
22 24
23 14
3 9
6 5

Solution 116: 
13 15
13 18
20 19
21 22
22 24
3 9
6 5

Solution 117: 
13 15
20 19
21 22
22 24
3 9
6 5
9 18

Solution 118: 
12 17
13 15
20 19
21 22
22 24
3 9
6 5

Solution 119: 
12 17
13 15
19 19
21 22
22 24
3 9
6 5

Solution 120: 
12 17
13 15
19 15
21 22
22 24
3 9
6 5

Solution 121: 
12 17
13 15
21 22
22 24
23 14
3 9
6 5

Solution 122: 
12 17
13 15
14 4
21 22
22 24
23 14
3 9

Solution 123: 
12 17
12 5
13 15
21 22
22 24
23 14
3 9

Solution 124: 
12 17
12 5
13 15
19 19
21 22
22 24
3 9

Solution 125: 
12 17
12 5
13 15
19 15
21 22
22 24
3 9

Solution 126: 
12 17
13 15
14 4
19 15
21 22
22 24
3 9

Solution 127: 
12 17
13 15
14 4
19 19
21 22
22 24
3 9

Solution 128: 
12 17
13 15
14 4
20 19
21 22
22 24
3 9

Solution 129: 
12 17
12 5
13 15
20 19
21 22
22 24
3 9

Solution 130: 
12 5
13 15
13 18
20 19
21 22
22 24
3 9

Solution 131: 
12 5
13 15
20 19
21 22
22 24
3 9
9 18

Solution 132: 
12 5
13 15
21 22
22 24
23 14
3 9
9 18

Solution 133: 
12 5
13 15
13 18
21 22
22 24
23 14
3 9

Solution 134: 
13 15
13 18
14 4
21 22
22 24
23 14
3 9

Solution 135: 
13 15
14 4
21 22
22 24
23 14
3 9
9 18

Solution 136: 
13 15
14 4
20 19
21 22
22 24
3 9
9 18

Solution 137: 
13 15
13 18
14 4
20 19
21 22
22 24
3 9

Solution 138: 
13 15
13 18
14 4
20 19
21 22
24 25
3 9

Solution 139: 
13 15
14 4
20 19
21 22
24 25
3 9
9 18

Solution 140: 
12 17
13 15
14 4
20 19
21 22
24 25
3 9

Solution 141: 
12 17
13 15
20 19
21 22
24 25
3 9
6 5

Solution 142: 
12 17
12 5
13 15
20 19
21 22
24 25
3 9

Solution 143: 
12 5
13 15
20 19
21 22
24 25
3 9
9 18

Solution 144: 
12 5
13 15
13 18
20 19
21 22
24 25
3 9

Solution 145: 
13 15
13 18
20 19
21 22
24 25
3 9
6 5

Solution 146: 
13 15
20 19
21 22
24 25
3 9
6 5
9 18

Solution 147: 
13 15
19 15
21 22
24 25
3 9
6 5
9 18

Solution 148: 
13 15
19 19
21 22
24 25
3 9
6 5
9 18

Solution 149: 
13 15
21 22
23 14
24 25
3 9
6 5
9 18

Solution 150: 
12 17
13 15
21 22
23 14
24 25
3 9
6 5

Solution 151: 
12 17
13 15
19 15
21 22
24 25
3 9
6 5

Solution 152: 
12 17
13 15
19 19
21 22
24 25
3 9
6 5

Solution 153: 
13 15
13 18
19 19
21 22
24 25
3 9
6 5

Solution 154: 
13 15
13 18
19 15
21 22
24 25
3 9
6 5

Solution 155: 
13 15
13 18
21 22
23 14
24 25
3 9
6 5

Solution 156: 
13 15
13 18
14 4
21 22
23 14
24 25
3 9

Solution 157: 
12 5
13 15
13 18
21 22
23 14
24 25
3 9

Solution 158: 
12 5
13 15
21 22
23 14
24 25
3 9
9 18

Solution 159: 
13 15
14 4
21 22
23 14
24 25
3 9
9 18

Solution 160: 
12 17
13 15
14 4
21 22
23 14
24 25
3 9

Solution 161: 
12 17
12 5
13 15
21 22
23 14
24 25
3 9

Solution 162: 
12 17
12 5
13 15
19 19
21 22
24 25
3 9

Solution 163: 
12 17
12 5
13 15
19 15
21 22
24 25
3 9

Solution 164: 
12 5
13 15
19 15
21 22
24 25
3 9
9 18

Solution 165: 
12 5
13 15
19 19
21 22
24 25
3 9
9 18

Solution 166: 
12 5
13 15
13 18
19 19
21 22
24 25
3 9

Solution 167: 
12 5
13 15
13 18
19 15
21 22
24 25
3 9

Solution 168: 
13 15
13 18
14 4
19 15
21 22
24 25
3 9

Solution 169: 
13 15
13 18
14 4
19 19
21 22
24 25
3 9

Solution 170: 
12 17
13 15
14 4
19 19
21 22
24 25
3 9

Solution 171: 
13 15
14 4
19 19
21 22
24 25
3 9
9 18

Solution 172: 
13 15
14 4
19 15
21 22
24 25
3 9
9 18

Solution 173: 
12 17
13 15
14 4
19 15
21 22
24 25
3 9

Solution 174: 
12 17
13 15
14 4
20 19
24 25
25 20
3 9

Solution 175: 
12 17
13 15
14 4
20 19
24 25
25 22
3 9

Solution 176: 
12 17
13 15
14 4
20 19
23 20
24 25
3 9

Solution 177: 
13 15
13 18
14 4
20 19
23 20
24 25
3 9

Solution 178: 
13 15
14 4
20 19
23 20
24 25
3 9
9 18

Solution 179: 
13 15
14 4
20 19
24 25
25 20
3 9
9 18

Solution 180: 
13 15
14 4
20 19
24 25
25 22
3 9
9 18

Solution 181: 
13 15
13 18
14 4
20 19
24 25
25 22
3 9

Solution 182: 
13 15
13 18
14 4
20 19
24 25
25 20
3 9

Solution 183: 
13 15
13 18
20 19
24 25
25 20
3 9
6 5

Solution 184: 
12 5
13 15
13 18
20 19
24 25
25 20
3 9

Solution 185: 
12 5
13 15
13 18
20 19
24 25
25 22
3 9

Solution 186: 
13 15
13 18
20 19
24 25
25 22
3 9
6 5

Solution 187: 
13 15
13 18
20 19
23 20
24 25
3 9
6 5

Solution 188: 
12 5
13 15
13 18
20 19
23 20
24 25
3 9

Solution 189: 
12 17
12 5
13 15
20 19
23 20
24 25
3 9

Solution 190: 
12 5
13 15
20 19
23 20
24 25
3 9
9 18

Solution 191: 
13 15
20 19
23 20
24 25
3 9
6 5
9 18

Solution 192: 
12 17
13 15
20 19
23 20
24 25
3 9
6 5

Solution 193: 
12 17
13 15
20 19
24 25
25 22
3 9
6 5

Solution 194: 
12 17
13 15
20 19
24 25
25 20
3 9
6 5

Solution 195: 
13 15
20 19
24 25
25 20
3 9
6 5
9 18

Solution 196: 
13 15
20 19
24 25
25 22
3 9
6 5
9 18

Solution 197: 
12 5
13 15
20 19
24 25
25 22
3 9
9 18

Solution 198: 
12 5
13 15
20 19
24 25
25 20
3 9
9 18

Solution 199: 
12 17
12 5
13 15
20 19
24 25
25 20
3 9

Solution 200: 
12 17
12 5
13 15
20 19
24 25
25 22
3 9

Solution 201: 
12 17
12 5
13 15
20 19
22 24
25 22
3 9

Solution 202: 
12 5
13 15
13 18
20 19
22 24
25 22
3 9

Solution 203: 
12 5
13 15
13 18
20 19
22 24
25 20
3 9

Solution 204: 
12 17
12 5
13 15
20 19
22 24
25 20
3 9

Solution 205: 
12 5
13 15
20 19
22 24
25 20
3 9
9 18

Solution 206: 
12 5
13 15
20 19
22 24
25 22
3 9
9 18

Solution 207: 
12 5
13 15
20 19
22 24
23 20
3 9
9 18

Solution 208: 
12 5
13 15
13 18
20 19
22 24
23 20
3 9

Solution 209: 
12 17
12 5
13 15
20 19
22 24
23 20
3 9

Solution 210: 
12 17
13 15
20 19
22 24
23 20
3 9
6 5

Solution 211: 
12 17
13 15
14 4
20 19
22 24
23 20
3 9

Solution 212: 
12 17
13 15
14 4
20 19
22 24
25 20
3 9

Solution 213: 
12 17
13 15
20 19
22 24
25 20
3 9
6 5

Solution 214: 
12 17
13 15
20 19
22 24
25 22
3 9
6 5

Solution 215: 
12 17
13 15
14 4
20 19
22 24
25 22
3 9

Solution 216: 
13 15
13 18
14 4
20 19
22 24
25 22
3 9

Solution 217: 
13 15
14 4
20 19
22 24
25 22
3 9
9 18

Solution 218: 
13 15
14 4
20 19
22 24
25 20
3 9
9 18

Solution 219: 
13 15
13 18
14 4
20 19
22 24
25 20
3 9

Solution 220: 
13 15
13 18
14 4
20 19
22 24
23 20
3 9

Solution 221: 
13 15
14 4
20 19
22 24
23 20
3 9
9 18

Solution 222: 
13 15
20 19
22 24
23 20
3 9
6 5
9 18

Solution 223: 
13 15
13 18
20 19
22 24
23 20
3 9
6 5

Solution 224: 
13 15
13 18
20 19
22 24
25 20
3 9
6 5

Solution 225: 
13 15
13 18
20 19
22 24
25 22
3 9
6 5

Solution 226: 
13 15
20 19
22 24
25 22
3 9
6 5
9 18

Solution 227: 
13 15
20 19
22 24
25 20
3 9
6 5
9 18

Solution 228: 
12 5
16 11
19 15
21 22
22 24
3 9
9 18

Solution 229: 
12 5
16 11
19 15
21 22
24 25
3 9
9 18

Solution 230: 
12 5
16 11
21 22
23 14
24 25
3 9
9 18

Solution 231: 
12 5
16 11
21 22
22 24
23 14
3 9
9 18

Solution 232: 
12 17
12 5
16 11
21 22
22 24
23 14
3 9

Solution 233: 
12 5
13 18
16 11
21 22
22 24
23 14
3 9

Solution 234: 
12 5
13 18
16 11
21 22
23 14
24 25
3 9

Solution 235: 
12 17
12 5
16 11
21 22
23 14
24 25
3 9

Solution 236: 
12 17
14 4
16 11
21 22
23 14
24 25
3 9

Solution 237: 
13 18
14 4
16 11
21 22
23 14
24 25
3 9

Solution 238: 
13 18
14 4
16 11
21 22
22 24
23 14
3 9

Solution 239: 
12 17
14 4
16 11
21 22
22 24
23 14
3 9

Solution 240: 
12 17
14 4
16 11
19 15
21 22
22 24
3 9

Solution 241: 
12 17
14 4
16 11
19 15
21 22
24 25
3 9

Solution 242: 
13 18
14 4
16 11
19 15
21 22
24 25
3 9

Solution 243: 
13 18
14 4
16 11
19 15
21 22
22 24
3 9

Solution 244: 
12 5
13 18
16 11
19 15
21 22
22 24
3 9

Solution 245: 
12 17
12 5
16 11
19 15
21 22
22 24
3 9

Solution 246: 
12 17
12 5
16 11
19 15
21 22
24 25
3 9

Solution 247: 
12 5
13 18
16 11
19 15
21 22
24 25
3 9

Number of solutions found: 248

Changes at vertices: 
New Vertex: 22 24
24 24 -> 24 23
----------------------------------
Removal 6: 
Solution 0: 
13 15
19 15
20 25
21 22
3 4
3 9
9 17

Solution 1: 
13 15
19 15
20 25
21 22
3 9
6 5
9 17

Solution 2: 
13 15
14 4
19 15
20 25
21 22
3 9
9 17

Solution 3: 
12 5
13 15
19 15
20 25
21 22
3 9
9 17

Solution 4: 
12 5
13 15
19 15
20 25
23 20
3 9
9 17

Solution 5: 
13 15
19 15
20 25
23 20
3 4
3 9
9 17

Solution 6: 
13 15
19 15
20 25
23 20
3 9
6 5
9 17

Solution 7: 
13 15
14 4
19 15
20 25
23 20
3 9
9 17

Solution 8: 
13 15
14 4
19 15
21 24
23 20
3 9
9 17

Solution 9: 
13 15
19 15
21 24
23 20
3 4
3 9
9 17

Solution 10: 
13 15
19 15
21 24
23 20
3 9
6 5
9 17

Solution 11: 
12 5
13 15
19 15
21 24
23 20
3 9
9 17

Solution 12: 
12 5
13 15
19 15
21 22
21 24
3 9
9 17

Solution 13: 
13 15
19 15
21 22
21 24
3 4
3 9
9 17

Solution 14: 
13 15
19 15
21 22
21 24
3 9
6 5
9 17

Solution 15: 
13 15
14 4
19 15
21 22
21 24
3 9
9 17

Solution 16: 
13 15
14 4
19 15
21 22
24 24
3 9
9 17

Solution 17: 
13 15
14 4
19 15
21 22
24 25
3 9
9 17

Solution 18: 
13 15
19 15
21 22
24 25
3 9
6 5
9 17

Solution 19: 
12 5
13 15
19 15
21 22
24 25
3 9
9 17

Solution 20: 
12 5
13 15
19 15
21 22
24 24
3 9
9 17

Solution 21: 
13 15
19 15
21 22
24 24
3 9
6 5
9 17

Solution 22: 
13 15
19 15
21 22
24 24
3 4
3 9
9 17

Solution 23: 
13 15
19 15
21 22
24 25
3 4
3 9
9 17

Solution 24: 
13 15
19 19
21 22
24 25
3 4
3 9
9 17

Solution 25: 
13 15
21 22
23 14
24 25
3 4
3 9
9 17

Solution 26: 
12 5
13 15
21 22
23 14
24 25
3 9
9 17

Solution 27: 
13 15
21 22
23 14
24 25
3 9
6 5
9 17

Solution 28: 
13 15
19 19
21 22
24 25
3 9
6 5
9 17

Solution 29: 
12 5
13 15
19 19
21 22
24 25
3 9
9 17

Solution 30: 
12 5
13 15
20 19
21 22
24 25
3 9
9 17

Solution 31: 
13 15
20 19
21 22
24 25
3 9
6 5
9 17

Solution 32: 
13 15
14 4
20 19
21 22
24 25
3 9
9 17

Solution 33: 
13 15
14 4
19 19
21 22
24 25
3 9
9 17

Solution 34: 
13 15
14 4
21 22
23 14
24 25
3 9
9 17

Solution 35: 
13 15
20 19
21 22
24 25
3 4
3 9
9 17

Solution 36: 
13 15
20 19
24 25
25 22
3 4
3 9
9 17

Solution 37: 
13 15
20 19
24 25
25 20
3 4
3 9
9 17

Solution 38: 
13 15
20 19
23 20
24 25
3 4
3 9
9 17

Solution 39: 
13 15
20 19
23 20
24 25
3 9
6 5
9 17

Solution 40: 
12 5
13 15
20 19
23 20
24 25
3 9
9 17

Solution 41: 
13 15
14 4
20 19
23 20
24 25
3 9
9 17

Solution 42: 
13 15
14 4
20 19
24 25
25 22
3 9
9 17

Solution 43: 
13 15
14 4
20 19
24 25
25 20
3 9
9 17

Solution 44: 
13 15
20 19
24 25
25 20
3 9
6 5
9 17

Solution 45: 
13 15
20 19
24 25
25 22
3 9
6 5
9 17

Solution 46: 
12 5
13 15
20 19
24 25
25 22
3 9
9 17

Solution 47: 
12 5
13 15
20 19
24 25
25 20
3 9
9 17

Solution 48: 
12 5
13 15
20 19
24 24
25 20
3 9
9 17

Solution 49: 
12 5
13 15
20 19
20 25
25 20
3 9
9 17

Solution 50: 
12 5
13 15
20 19
21 24
25 20
3 9
9 17

Solution 51: 
12 5
13 15
20 19
21 24
23 20
3 9
9 17

Solution 52: 
12 5
13 15
20 19
21 24
25 22
3 9
9 17

Solution 53: 
12 5
13 15
20 19
24 24
25 22
3 9
9 17

Solution 54: 
12 5
13 15
20 19
23 20
24 24
3 9
9 17

Solution 55: 
12 5
13 15
20 19
20 25
23 20
3 9
9 17

Solution 56: 
12 5
13 15
20 19
20 25
25 22
3 9
9 17

Solution 57: 
13 15
20 19
20 25
25 22
3 4
3 9
9 17

Solution 58: 
13 15
14 4
20 19
20 25
25 22
3 9
9 17

Solution 59: 
13 15
20 19
20 25
25 22
3 9
6 5
9 17

Solution 60: 
13 15
20 19
20 25
23 20
3 9
6 5
9 17

Solution 61: 
13 15
20 19
20 25
23 20
3 4
3 9
9 17

Solution 62: 
13 15
14 4
20 19
20 25
23 20
3 9
9 17

Solution 63: 
13 15
14 4
20 19
20 25
25 20
3 9
9 17

Solution 64: 
13 15
14 4
20 19
20 25
21 22
3 9
9 17

Solution 65: 
13 15
20 19
20 25
21 22
3 4
3 9
9 17

Solution 66: 
13 15
20 19
20 25
25 20
3 4
3 9
9 17

Solution 67: 
13 15
20 19
20 25
25 20
3 9
6 5
9 17

Solution 68: 
13 15
20 19
20 25
21 22
3 9
6 5
9 17

Solution 69: 
13 15
20 19
21 22
24 24
3 9
6 5
9 17

Solution 70: 
13 15
20 19
21 22
21 24
3 9
6 5
9 17

Solution 71: 
13 15
20 19
21 24
25 22
3 9
6 5
9 17

Solution 72: 
13 15
20 19
24 24
25 22
3 9
6 5
9 17

Solution 73: 
13 15
20 19
23 20
24 24
3 9
6 5
9 17

Solution 74: 
13 15
20 19
24 24
25 20
3 9
6 5
9 17

Solution 75: 
13 15
20 19
21 24
25 20
3 9
6 5
9 17

Solution 76: 
13 15
20 19
21 24
23 20
3 9
6 5
9 17

Solution 77: 
13 15
20 19
21 24
23 20
3 4
3 9
9 17

Solution 78: 
13 15
14 4
20 19
21 24
23 20
3 9
9 17

Solution 79: 
13 15
14 4
20 19
21 24
25 20
3 9
9 17

Solution 80: 
13 15
20 19
21 24
25 20
3 4
3 9
9 17

Solution 81: 
13 15
20 19
21 22
21 24
3 4
3 9
9 17

Solution 82: 
13 15
20 19
21 24
25 22
3 4
3 9
9 17

Solution 83: 
13 15
14 4
20 19
21 24
25 22
3 9
9 17

Solution 84: 
13 15
14 4
20 19
21 22
21 24
3 9
9 17

Solution 85: 
13 15
14 4
20 19
21 22
24 24
3 9
9 17

Solution 86: 
13 15
20 19
21 22
24 24
3 4
3 9
9 17

Solution 87: 
13 15
20 19
23 20
24 24
3 4
3 9
9 17

Solution 88: 
13 15
14 4
20 19
23 20
24 24
3 9
9 17

Solution 89: 
13 15
14 4
20 19
24 24
25 22
3 9
9 17

Solution 90: 
13 15
20 19
24 24
25 22
3 4
3 9
9 17

Solution 91: 
12 5
13 15
20 19
21 22
24 24
3 9
9 17

Solution 92: 
12 5
13 15
20 19
20 25
21 22
3 9
9 17

Solution 93: 
13 15
20 19
24 24
25 20
3 4
3 9
9 17

Solution 94: 
13 15
14 4
20 19
24 24
25 20
3 9
9 17

Solution 95: 
12 5
13 15
20 19
21 22
21 24
3 9
9 17

Solution 96: 
12 5
13 15
19 19
21 22
21 24
3 9
9 17

Solution 97: 
12 5
13 15
21 22
21 24
23 14
3 9
9 17

Solution 98: 
12 5
13 15
20 25
21 22
23 14
3 9
9 17

Solution 99: 
12 5
13 15
19 19
20 25
21 22
3 9
9 17

Solution 100: 
12 5
13 15
19 19
21 22
24 24
3 9
9 17

Solution 101: 
12 5
13 15
21 22
23 14
24 24
3 9
9 17

Solution 102: 
12 5
13 15
20 25
23 14
25 22
3 9
9 17

Solution 103: 
12 5
13 15
20 25
23 14
23 20
3 9
9 17

Solution 104: 
12 5
13 15
21 24
23 14
23 20
3 9
9 17

Solution 105: 
12 5
13 15
21 24
23 14
25 22
3 9
9 17

Solution 106: 
12 5
13 15
19 19
21 24
23 20
3 9
9 17

Solution 107: 
12 5
13 15
19 19
20 25
23 20
3 9
9 17

Solution 108: 
12 5
13 15
20 25
23 14
25 20
3 9
9 17

Solution 109: 
12 5
13 15
21 24
23 14
25 20
3 9
9 17

Solution 110: 
13 15
21 24
23 14
25 20
3 4
3 9
9 17

Solution 111: 
13 15
21 24
23 14
25 20
3 9
6 5
9 17

Solution 112: 
13 15
14 4
21 24
23 14
25 20
3 9
9 17

Solution 113: 
13 15
14 4
20 25
23 14
25 20
3 9
9 17

Solution 114: 
13 15
20 25
23 14
25 20
3 4
3 9
9 17

Solution 115: 
13 15
20 25
23 14
25 20
3 9
6 5
9 17

Solution 116: 
13 15
20 25
23 14
25 22
3 9
6 5
9 17

Solution 117: 
13 15
20 25
23 14
23 20
3 9
6 5
9 17

Solution 118: 
13 15
14 4
20 25
23 14
23 20
3 9
9 17

Solution 119: 
13 15
14 4
20 25
23 14
25 22
3 9
9 17

Solution 120: 
13 15
20 25
23 14
25 22
3 4
3 9
9 17

Solution 121: 
13 15
20 25
23 14
23 20
3 4
3 9
9 17

Solution 122: 
13 15
19 19
20 25
23 20
3 4
3 9
9 17

Solution 123: 
13 15
14 4
19 19
20 25
23 20
3 9
9 17

Solution 124: 
13 15
19 19
20 25
23 20
3 9
6 5
9 17

Solution 125: 
13 15
19 19
20 25
21 22
3 9
6 5
9 17

Solution 126: 
13 15
14 4
19 19
20 25
21 22
3 9
9 17

Solution 127: 
13 15
19 19
20 25
21 22
3 4
3 9
9 17

Solution 128: 
13 15
20 25
21 22
23 14
3 4
3 9
9 17

Solution 129: 
13 15
14 4
20 25
21 22
23 14
3 9
9 17

Solution 130: 
13 15
20 25
21 22
23 14
3 9
6 5
9 17

Solution 131: 
13 15
21 22
21 24
23 14
3 9
6 5
9 17

Solution 132: 
13 15
21 22
23 14
24 24
3 9
6 5
9 17

Solution 133: 
13 15
21 22
23 14
24 24
3 4
3 9
9 17

Solution 134: 
13 15
14 4
21 22
23 14
24 24
3 9
9 17

Solution 135: 
13 15
14 4
21 22
21 24
23 14
3 9
9 17

Solution 136: 
13 15
21 22
21 24
23 14
3 4
3 9
9 17

Solution 137: 
13 15
19 19
21 22
21 24
3 4
3 9
9 17

Solution 138: 
13 15
14 4
19 19
21 22
21 24
3 9
9 17

Solution 139: 
13 15
14 4
19 19
21 22
24 24
3 9
9 17

Solution 140: 
13 15
19 19
21 22
24 24
3 4
3 9
9 17

Solution 141: 
13 15
19 19
21 22
24 24
3 9
6 5
9 17

Solution 142: 
13 15
19 19
21 22
21 24
3 9
6 5
9 17

Solution 143: 
13 15
19 19
21 24
23 20
3 9
6 5
9 17

Solution 144: 
13 15
19 19
21 24
23 20
3 4
3 9
9 17

Solution 145: 
13 15
14 4
19 19
21 24
23 20
3 9
9 17

Solution 146: 
13 15
14 4
21 24
23 14
23 20
3 9
9 17

Solution 147: 
13 15
14 4
21 24
23 14
25 22
3 9
9 17

Solution 148: 
13 15
21 24
23 14
25 22
3 4
3 9
9 17

Solution 149: 
13 15
21 24
23 14
23 20
3 4
3 9
9 17

Solution 150: 
13 15
21 24
23 14
23 20
3 9
6 5
9 17

Solution 151: 
13 15
21 24
23 14
25 22
3 9
6 5
9 17

Solution 152: 
13 15
21 24
23 14
25 22
3 9
6 5
9 18

Solution 153: 
13 15
13 18
21 24
23 14
25 22
3 9
6 5

Solution 154: 
12 17
13 15
21 24
23 14
25 22
3 9
6 5

Solution 155: 
12 17
13 15
21 24
23 14
25 20
3 9
6 5

Solution 156: 
12 17
13 15
21 22
21 24
23 14
3 9
6 5

Solution 157: 
12 17
13 15
21 24
23 14
23 20
3 9
6 5

Solution 158: 
13 15
21 24
23 14
23 20
3 9
6 5
9 18

Solution 159: 
13 15
13 18
21 24
23 14
23 20
3 9
6 5

Solution 160: 
13 15
13 18
21 24
23 14
25 20
3 9
6 5

Solution 161: 
13 15
13 18
21 22
21 24
23 14
3 9
6 5

Solution 162: 
13 15
21 22
21 24
23 14
3 9
6 5
9 18

Solution 163: 
13 15
21 24
23 14
25 20
3 9
6 5
9 18

Solution 164: 
13 15
20 25
23 14
25 20
3 9
6 5
9 18

Solution 165: 
13 15
20 25
21 22
23 14
3 9
6 5
9 18

Solution 166: 
13 15
21 22
23 14
24 25
3 9
6 5
9 18

Solution 167: 
13 15
21 22
23 14
24 24
3 9
6 5
9 18

Solution 168: 
13 15
20 25
23 14
23 20
3 9
6 5
9 18

Solution 169: 
13 15
20 25
23 14
25 22
3 9
6 5
9 18

Solution 170: 
13 15
13 18
20 25
23 14
25 22
3 9
6 5

Solution 171: 
12 17
13 15
20 25
23 14
25 22
3 9
6 5

Solution 172: 
12 17
13 15
20 25
23 14
23 20
3 9
6 5

Solution 173: 
12 17
13 15
20 25
23 14
25 20
3 9
6 5

Solution 174: 
12 17
13 15
20 25
21 22
23 14
3 9
6 5

Solution 175: 
13 15
13 18
20 25
21 22
23 14
3 9
6 5

Solution 176: 
13 15
13 18
20 25
23 14
23 20
3 9
6 5

Solution 177: 
13 15
13 18
20 25
23 14
25 20
3 9
6 5

Solution 178: 
13 15
13 18
21 22
23 14
24 24
3 9
6 5

Solution 179: 
13 15
13 18
21 22
23 14
24 25
3 9
6 5

Solution 180: 
12 17
13 15
21 22
23 14
24 25
3 9
6 5

Solution 181: 
12 17
13 15
21 22
23 14
24 24
3 9
6 5

Solution 182: 
12 17
12 5
13 15
21 22
23 14
24 24
3 9

Solution 183: 
12 17
13 15
21 22
23 14
24 24
3 4
3 9

Solution 184: 
12 17
13 15
14 4
21 22
23 14
24 24
3 9

Solution 185: 
12 17
13 15
14 4
21 22
21 24
23 14
3 9

Solution 186: 
12 17
13 15
14 4
21 22
23 14
24 25
3 9

Solution 187: 
12 17
13 15
14 4
20 25
21 22
23 14
3 9

Solution 188: 
12 17
12 5
13 15
20 25
21 22
23 14
3 9

Solution 189: 
12 17
13 15
20 25
21 22
23 14
3 4
3 9

Solution 190: 
12 17
13 15
21 22
23 14
24 25
3 4
3 9

Solution 191: 
12 17
12 5
13 15
21 22
23 14
24 25
3 9

Solution 192: 
12 17
12 5
13 15
21 22
21 24
23 14
3 9

Solution 193: 
12 17
13 15
21 22
21 24
23 14
3 4
3 9

Solution 194: 
13 15
21 22
21 24
23 14
3 4
3 9
9 18

Solution 195: 
13 15
13 18
21 22
21 24
23 14
3 4
3 9

Solution 196: 
12 5
13 15
13 18
21 22
21 24
23 14
3 9

Solution 197: 
12 5
13 15
21 22
21 24
23 14
3 9
9 18

Solution 198: 
13 15
14 4
21 22
21 24
23 14
3 9
9 18

Solution 199: 
13 15
13 18
14 4
21 22
21 24
23 14
3 9

Solution 200: 
13 15
13 18
14 4
21 22
23 14
24 25
3 9

Solution 201: 
13 15
13 18
14 4
20 25
21 22
23 14
3 9

Solution 202: 
13 15
13 18
14 4
21 22
23 14
24 24
3 9

Solution 203: 
13 15
14 4
21 22
23 14
24 24
3 9
9 18

Solution 204: 
13 15
14 4
21 22
23 14
24 25
3 9
9 18

Solution 205: 
13 15
14 4
20 25
21 22
23 14
3 9
9 18

Solution 206: 
12 5
13 15
20 25
21 22
23 14
3 9
9 18

Solution 207: 
12 5
13 15
21 22
23 14
24 25
3 9
9 18

Solution 208: 
13 15
21 22
23 14
24 25
3 4
3 9
9 18

Solution 209: 
13 15
20 25
21 22
23 14
3 4
3 9
9 18

Solution 210: 
13 15
21 22
23 14
24 24
3 4
3 9
9 18

Solution 211: 
12 5
13 15
21 22
23 14
24 24
3 9
9 18

Solution 212: 
12 5
13 15
13 18
21 22
23 14
24 24
3 9

Solution 213: 
13 15
13 18
21 22
23 14
24 24
3 4
3 9

Solution 214: 
13 15
13 18
21 22
23 14
24 25
3 4
3 9

Solution 215: 
13 15
13 18
20 25
21 22
23 14
3 4
3 9

Solution 216: 
12 5
13 15
13 18
20 25
21 22
23 14
3 9

Solution 217: 
12 5
13 15
13 18
21 22
23 14
24 25
3 9

Solution 218: 
12 5
13 15
13 18
20 25
23 14
25 20
3 9

Solution 219: 
12 5
13 15
13 18
20 25
23 14
23 20
3 9

Solution 220: 
12 5
13 15
13 18
20 25
23 14
25 22
3 9

Solution 221: 
13 15
13 18
20 25
23 14
25 22
3 4
3 9

Solution 222: 
13 15
13 18
14 4
20 25
23 14
25 22
3 9

Solution 223: 
13 15
13 18
14 4
20 25
23 14
25 20
3 9

Solution 224: 
13 15
13 18
14 4
20 25
23 14
23 20
3 9

Solution 225: 
13 15
13 18
20 25
23 14
23 20
3 4
3 9

Solution 226: 
13 15
13 18
20 25
23 14
25 20
3 4
3 9

Solution 227: 
13 15
13 18
21 24
23 14
25 20
3 4
3 9

Solution 228: 
13 15
13 18
14 4
21 24
23 14
25 20
3 9

Solution 229: 
12 5
13 15
13 18
21 24
23 14
25 20
3 9

Solution 230: 
12 5
13 15
13 18
21 24
23 14
25 22
3 9

Solution 231: 
12 5
13 15
13 18
21 24
23 14
23 20
3 9

Solution 232: 
13 15
13 18
14 4
21 24
23 14
23 20
3 9

Solution 233: 
13 15
13 18
21 24
23 14
23 20
3 4
3 9

Solution 234: 
13 15
13 18
21 24
23 14
25 22
3 4
3 9

Solution 235: 
13 15
13 18
14 4
21 24
23 14
25 22
3 9

Solution 236: 
12 17
13 15
14 4
21 24
23 14
25 22
3 9

Solution 237: 
13 15
14 4
21 24
23 14
25 22
3 9
9 18

Solution 238: 
13 15
14 4
21 24
23 14
23 20
3 9
9 18

Solution 239: 
12 17
13 15
14 4
21 24
23 14
23 20
3 9

Solution 240: 
12 17
13 15
14 4
21 24
23 14
25 20
3 9

Solution 241: 
13 15
14 4
21 24
23 14
25 20
3 9
9 18

Solution 242: 
13 15
21 24
23 14
25 20
3 4
3 9
9 18

Solution 243: 
12 5
13 15
21 24
23 14
25 20
3 9
9 18

Solution 244: 
12 5
13 15
21 24
23 14
23 20
3 9
9 18

Solution 245: 
13 15
21 24
23 14
23 20
3 4
3 9
9 18

Solution 246: 
13 15
21 24
23 14
25 22
3 4
3 9
9 18

Solution 247: 
12 5
13 15
21 24
23 14
25 22
3 9
9 18

Solution 248: 
12 17
12 5
13 15
21 24
23 14
25 22
3 9

Solution 249: 
12 17
12 5
13 15
21 24
23 14
23 20
3 9

Solution 250: 
12 17
12 5
13 15
21 24
23 14
25 20
3 9

Solution 251: 
12 17
13 15
21 24
23 14
25 20
3 4
3 9

Solution 252: 
12 17
13 15
21 24
23 14
23 20
3 4
3 9

Solution 253: 
12 17
13 15
21 24
23 14
25 22
3 4
3 9

Solution 254: 
12 17
13 15
20 25
23 14
25 22
3 4
3 9

Solution 255: 
12 17
13 15
14 4
20 25
23 14
25 22
3 9

Solution 256: 
12 17
12 5
13 15
20 25
23 14
25 22
3 9

Solution 257: 
12 5
13 15
20 25
23 14
25 22
3 9
9 18

Solution 258: 
13 15
14 4
20 25
23 14
25 22
3 9
9 18

Solution 259: 
13 15
20 25
23 14
25 22
3 4
3 9
9 18

Solution 260: 
13 15
20 25
23 14
23 20
3 4
3 9
9 18

Solution 261: 
13 15
20 25
23 14
25 20
3 4
3 9
9 18

Solution 262: 
12 17
13 15
20 25
23 14
25 20
3 4
3 9

Solution 263: 
12 17
13 15
20 25
23 14
23 20
3 4
3 9

Solution 264: 
12 17
13 15
14 4
20 25
23 14
23 20
3 9

Solution 265: 
12 17
12 5
13 15
20 25
23 14
23 20
3 9

Solution 266: 
12 5
13 15
20 25
23 14
23 20
3 9
9 18

Solution 267: 
13 15
14 4
20 25
23 14
23 20
3 9
9 18

Solution 268: 
13 15
14 4
20 25
23 14
25 20
3 9
9 18

Solution 269: 
12 5
13 15
20 25
23 14
25 20
3 9
9 18

Solution 270: 
12 17
12 5
13 15
20 25
23 14
25 20
3 9

Solution 271: 
12 17
13 15
14 4
20 25
23 14
25 20
3 9

Solution 272: 
12 17
13 15
14 4
19 15
20 25
23 20
3 9

Solution 273: 
13 15
13 18
14 4
19 15
20 25
23 20
3 9

Solution 274: 
13 15
13 18
14 4
19 19
20 25
23 20
3 9

Solution 275: 
12 17
13 15
14 4
19 19
20 25
23 20
3 9

Solution 276: 
13 15
14 4
19 19
20 25
23 20
3 9
9 18

Solution 277: 
13 15
14 4
19 15
20 25
23 20
3 9
9 18

Solution 278: 
13 15
14 4
19 15
20 25
21 22
3 9
9 18

Solution 279: 
13 15
14 4
19 19
20 25
21 22
3 9
9 18

Solution 280: 
13 15
13 18
14 4
19 19
20 25
21 22
3 9

Solution 281: 
12 17
13 15
14 4
19 19
20 25
21 22
3 9

Solution 282: 
12 17
13 15
14 4
19 15
20 25
21 22
3 9

Solution 283: 
13 15
13 18
14 4
19 15
20 25
21 22
3 9

Solution 284: 
13 15
13 18
14 4
20 19
20 25
21 22
3 9

Solution 285: 
12 17
13 15
14 4
20 19
20 25
21 22
3 9

Solution 286: 
13 15
14 4
20 19
20 25
21 22
3 9
9 18

Solution 287: 
13 15
14 4
20 19
20 25
25 22
3 9
9 18

Solution 288: 
13 15
14 4
20 19
20 25
25 20
3 9
9 18

Solution 289: 
13 15
14 4
20 19
20 25
23 20
3 9
9 18

Solution 290: 
13 15
13 18
14 4
20 19
20 25
23 20
3 9

Solution 291: 
12 17
13 15
14 4
20 19
20 25
23 20
3 9

Solution 292: 
12 17
13 15
14 4
20 19
20 25
25 22
3 9

Solution 293: 
12 17
13 15
14 4
20 19
20 25
25 20
3 9

Solution 294: 
13 15
13 18
14 4
20 19
20 25
25 20
3 9

Solution 295: 
13 15
13 18
14 4
20 19
20 25
25 22
3 9

Solution 296: 
13 15
13 18
14 4
20 19
21 24
25 22
3 9

Solution 297: 
13 15
13 18
14 4
20 19
24 24
25 22
3 9

Solution 298: 
13 15
13 18
14 4
20 19
24 25
25 22
3 9

Solution 299: 
13 15
13 18
14 4
20 19
24 25
25 20
3 9

Solution 300: 
13 15
13 18
14 4
20 19
21 24
25 20
3 9

Solution 301: 
13 15
13 18
14 4
20 19
24 24
25 20
3 9

Solution 302: 
13 15
13 18
14 4
20 19
21 22
24 24
3 9

Solution 303: 
13 15
13 18
14 4
20 19
21 22
24 25
3 9

Solution 304: 
13 15
13 18
14 4
20 19
21 22
21 24
3 9

Solution 305: 
13 15
13 18
14 4
20 19
21 24
23 20
3 9

Solution 306: 
13 15
13 18
14 4
20 19
23 20
24 24
3 9

Solution 307: 
13 15
13 18
14 4
20 19
23 20
24 25
3 9

Solution 308: 
13 15
14 4
20 19
23 20
24 25
3 9
9 18

Solution 309: 
13 15
14 4
20 19
23 20
24 24
3 9
9 18

Solution 310: 
13 15
14 4
20 19
24 24
25 22
3 9
9 18

Solution 311: 
13 15
14 4
20 19
24 25
25 22
3 9
9 18

Solution 312: 
13 15
14 4
20 19
21 22
24 25
3 9
9 18

Solution 313: 
13 15
14 4
20 19
21 22
24 24
3 9
9 18

Solution 314: 
12 17
13 15
14 4
20 19
21 22
24 24
3 9

Solution 315: 
12 17
13 15
14 4
20 19
21 22
24 25
3 9

Solution 316: 
12 17
13 15
14 4
20 19
24 25
25 22
3 9

Solution 317: 
12 17
13 15
14 4
20 19
24 24
25 22
3 9

Solution 318: 
12 17
13 15
14 4
20 19
24 24
25 20
3 9

Solution 319: 
12 17
13 15
14 4
20 19
24 25
25 20
3 9

Solution 320: 
13 15
14 4
20 19
24 25
25 20
3 9
9 18

Solution 321: 
13 15
14 4
20 19
24 24
25 20
3 9
9 18

Solution 322: 
12 17
13 15
14 4
20 19
23 20
24 24
3 9

Solution 323: 
12 17
13 15
14 4
20 19
23 20
24 25
3 9

Solution 324: 
12 17
13 15
14 4
20 19
21 24
23 20
3 9

Solution 325: 
13 15
14 4
20 19
21 24
23 20
3 9
9 18

Solution 326: 
13 15
14 4
20 19
21 24
25 22
3 9
9 18

Solution 327: 
13 15
14 4
20 19
21 22
21 24
3 9
9 18

Solution 328: 
13 15
14 4
20 19
21 24
25 20
3 9
9 18

Solution 329: 
12 17
13 15
14 4
20 19
21 24
25 20
3 9

Solution 330: 
12 17
13 15
14 4
20 19
21 24
25 22
3 9

Solution 331: 
12 17
13 15
14 4
20 19
21 22
21 24
3 9

Solution 332: 
12 17
13 15
14 4
19 19
21 22
21 24
3 9

Solution 333: 
12 17
13 15
14 4
19 15
21 22
21 24
3 9

Solution 334: 
12 17
13 15
14 4
19 15
21 24
23 20
3 9

Solution 335: 
12 17
13 15
14 4
19 19
21 24
23 20
3 9

Solution 336: 
13 15
14 4
19 19
21 24
23 20
3 9
9 18

Solution 337: 
13 15
13 18
14 4
19 19
21 24
23 20
3 9

Solution 338: 
13 15
13 18
14 4
19 15
21 24
23 20
3 9

Solution 339: 
13 15
14 4
19 15
21 24
23 20
3 9
9 18

Solution 340: 
13 15
14 4
19 15
21 22
21 24
3 9
9 18

Solution 341: 
13 15
14 4
19 19
21 22
21 24
3 9
9 18

Solution 342: 
13 15
13 18
14 4
19 19
21 22
21 24
3 9

Solution 343: 
13 15
13 18
14 4
19 15
21 22
21 24
3 9

Solution 344: 
13 15
13 18
14 4
19 15
21 22
24 24
3 9

Solution 345: 
13 15
13 18
14 4
19 15
21 22
24 25
3 9

Solution 346: 
13 15
13 18
14 4
19 19
21 22
24 25
3 9

Solution 347: 
13 15
13 18
14 4
19 19
21 22
24 24
3 9

Solution 348: 
12 17
13 15
14 4
19 19
21 22
24 24
3 9

Solution 349: 
12 17
13 15
14 4
19 15
21 22
24 24
3 9

Solution 350: 
13 15
14 4
19 15
21 22
24 24
3 9
9 18

Solution 351: 
13 15
14 4
19 19
21 22
24 24
3 9
9 18

Solution 352: 
13 15
14 4
19 19
21 22
24 25
3 9
9 18

Solution 353: 
13 15
14 4
19 15
21 22
24 25
3 9
9 18

Solution 354: 
12 17
13 15
14 4
19 15
21 22
24 25
3 9

Solution 355: 
12 17
13 15
14 4
19 19
21 22
24 25
3 9

Solution 356: 
12 17
13 15
19 19
21 22
24 25
3 9
6 5

Solution 357: 
12 17
13 15
19 19
21 22
24 25
3 4
3 9

Solution 358: 
12 17
12 5
13 15
19 19
21 22
24 25
3 9

Solution 359: 
12 17
12 5
13 15
20 19
21 22
24 25
3 9

Solution 360: 
12 17
12 5
13 15
19 15
21 22
24 25
3 9

Solution 361: 
12 17
13 15
19 15
21 22
24 25
3 9
6 5

Solution 362: 
12 17
13 15
19 15
21 22
24 25
3 4
3 9

Solution 363: 
12 17
13 15
20 19
21 22
24 25
3 4
3 9

Solution 364: 
12 17
13 15
20 19
21 22
24 25
3 9
6 5

Solution 365: 
13 15
13 18
20 19
21 22
24 25
3 9
6 5

Solution 366: 
13 15
20 19
21 22
24 25
3 9
6 5
9 18

Solution 367: 
12 5
13 15
20 19
21 22
24 25
3 9
9 18

Solution 368: 
12 5
13 15
13 18
20 19
21 22
24 25
3 9

Solution 369: 
13 15
13 18
20 19
21 22
24 25
3 4
3 9

Solution 370: 
13 15
20 19
21 22
24 25
3 4
3 9
9 18

Solution 371: 
13 15
19 15
21 22
24 25
3 4
3 9
9 18

Solution 372: 
13 15
13 18
19 15
21 22
24 25
3 4
3 9

Solution 373: 
13 15
13 18
19 19
21 22
24 25
3 4
3 9

Solution 374: 
13 15
19 19
21 22
24 25
3 4
3 9
9 18

Solution 375: 
13 15
19 19
21 22
24 25
3 9
6 5
9 18

Solution 376: 
12 5
13 15
19 19
21 22
24 25
3 9
9 18

Solution 377: 
12 5
13 15
13 18
19 19
21 22
24 25
3 9

Solution 378: 
13 15
13 18
19 19
21 22
24 25
3 9
6 5

Solution 379: 
13 15
13 18
19 15
21 22
24 25
3 9
6 5

Solution 380: 
12 5
13 15
13 18
19 15
21 22
24 25
3 9

Solution 381: 
12 5
13 15
19 15
21 22
24 25
3 9
9 18

Solution 382: 
13 15
19 15
21 22
24 25
3 9
6 5
9 18

Solution 383: 
13 15
19 15
20 25
21 22
3 9
6 5
9 18

Solution 384: 
13 15
19 15
21 22
24 24
3 9
6 5
9 18

Solution 385: 
13 15
19 15
21 22
21 24
3 9
6 5
9 18

Solution 386: 
13 15
19 15
21 22
21 24
3 4
3 9
9 18

Solution 387: 
13 15
19 15
21 22
24 24
3 4
3 9
9 18

Solution 388: 
13 15
19 15
20 25
21 22
3 4
3 9
9 18

Solution 389: 
12 5
13 15
19 15
20 25
21 22
3 9
9 18

Solution 390: 
12 5
13 15
19 15
21 22
24 24
3 9
9 18

Solution 391: 
12 5
13 15
19 15
21 22
21 24
3 9
9 18

Solution 392: 
12 5
13 15
20 19
21 22
21 24
3 9
9 18

Solution 393: 
12 5
13 15
19 19
21 22
21 24
3 9
9 18

Solution 394: 
12 5
13 15
19 19
20 25
21 22
3 9
9 18

Solution 395: 
12 5
13 15
20 19
20 25
21 22
3 9
9 18

Solution 396: 
12 5
13 15
20 19
21 22
24 24
3 9
9 18

Solution 397: 
12 5
13 15
19 19
21 22
24 24
3 9
9 18

Solution 398: 
13 15
19 19
21 22
24 24
3 4
3 9
9 18

Solution 399: 
13 15
19 19
20 25
21 22
3 4
3 9
9 18

Solution 400: 
13 15
19 19
21 22
21 24
3 4
3 9
9 18

Solution 401: 
13 15
20 19
21 22
21 24
3 4
3 9
9 18

Solution 402: 
13 15
20 19
20 25
21 22
3 4
3 9
9 18

Solution 403: 
13 15
20 19
21 22
24 24
3 4
3 9
9 18

Solution 404: 
13 15
20 19
21 22
24 24
3 9
6 5
9 18

Solution 405: 
13 15
20 19
20 25
21 22
3 9
6 5
9 18

Solution 406: 
13 15
20 19
21 22
21 24
3 9
6 5
9 18

Solution 407: 
13 15
19 19
21 22
21 24
3 9
6 5
9 18

Solution 408: 
13 15
19 19
20 25
21 22
3 9
6 5
9 18

Solution 409: 
13 15
19 19
21 22
24 24
3 9
6 5
9 18

Solution 410: 
12 17
13 15
19 19
21 22
24 24
3 9
6 5

Solution 411: 
13 15
13 18
19 19
21 22
24 24
3 9
6 5

Solution 412: 
13 15
13 18
19 19
20 25
21 22
3 9
6 5

Solution 413: 
12 17
13 15
19 19
20 25
21 22
3 9
6 5

Solution 414: 
12 17
13 15
19 19
21 22
21 24
3 9
6 5

Solution 415: 
13 15
13 18
19 19
21 22
21 24
3 9
6 5

Solution 416: 
13 15
13 18
20 19
21 22
21 24
3 9
6 5

Solution 417: 
13 15
13 18
19 15
21 22
21 24
3 9
6 5

Solution 418: 
12 17
13 15
19 15
21 22
21 24
3 9
6 5

Solution 419: 
12 17
13 15
20 19
21 22
21 24
3 9
6 5

Solution 420: 
12 17
13 15
20 19
20 25
21 22
3 9
6 5

Solution 421: 
12 17
13 15
19 15
20 25
21 22
3 9
6 5

Solution 422: 
12 17
13 15
19 15
21 22
24 24
3 9
6 5

Solution 423: 
12 17
13 15
20 19
21 22
24 24
3 9
6 5

Solution 424: 
13 15
13 18
20 19
21 22
24 24
3 9
6 5

Solution 425: 
13 15
13 18
19 15
21 22
24 24
3 9
6 5

Solution 426: 
13 15
13 18
19 15
20 25
21 22
3 9
6 5

Solution 427: 
13 15
13 18
20 19
20 25
21 22
3 9
6 5

Solution 428: 
12 5
13 15
13 18
20 19
20 25
21 22
3 9

Solution 429: 
13 15
13 18
20 19
20 25
21 22
3 4
3 9

Solution 430: 
13 15
13 18
20 19
21 22
21 24
3 4
3 9

Solution 431: 
12 5
13 15
13 18
20 19
21 22
21 24
3 9

Solution 432: 
12 5
13 15
13 18
20 19
21 22
24 24
3 9

Solution 433: 
13 15
13 18
20 19
21 22
24 24
3 4
3 9

Solution 434: 
13 15
13 18
19 19
21 22
24 24
3 4
3 9

Solution 435: 
12 5
13 15
13 18
19 19
21 22
24 24
3 9

Solution 436: 
12 5
13 15
13 18
19 15
21 22
24 24
3 9

Solution 437: 
13 15
13 18
19 15
21 22
24 24
3 4
3 9

Solution 438: 
13 15
13 18
19 15
20 25
21 22
3 4
3 9

Solution 439: 
13 15
13 18
19 15
21 22
21 24
3 4
3 9

Solution 440: 
12 5
13 15
13 18
19 15
21 22
21 24
3 9

Solution 441: 
12 5
13 15
13 18
19 15
20 25
21 22
3 9

Solution 442: 
12 5
13 15
13 18
19 19
20 25
21 22
3 9

Solution 443: 
12 5
13 15
13 18
19 19
21 22
21 24
3 9

Solution 444: 
13 15
13 18
19 19
21 22
21 24
3 4
3 9

Solution 445: 
13 15
13 18
19 19
20 25
21 22
3 4
3 9

Solution 446: 
12 17
13 15
19 19
20 25
21 22
3 4
3 9

Solution 447: 
12 17
13 15
20 19
20 25
21 22
3 4
3 9

Solution 448: 
12 17
13 15
19 15
20 25
21 22
3 4
3 9

Solution 449: 
12 17
13 15
19 15
21 22
21 24
3 4
3 9

Solution 450: 
12 17
13 15
19 19
21 22
21 24
3 4
3 9

Solution 451: 
12 17
13 15
20 19
21 22
21 24
3 4
3 9

Solution 452: 
12 17
12 5
13 15
20 19
21 22
21 24
3 9

Solution 453: 
12 17
12 5
13 15
19 19
21 22
21 24
3 9

Solution 454: 
12 17
12 5
13 15
19 15
21 22
21 24
3 9

Solution 455: 
12 17
12 5
13 15
19 15
20 25
21 22
3 9

Solution 456: 
12 17
12 5
13 15
19 15
21 22
24 24
3 9

Solution 457: 
12 17
12 5
13 15
19 19
21 22
24 24
3 9

Solution 458: 
12 17
12 5
13 15
20 19
21 22
24 24
3 9

Solution 459: 
12 17
12 5
13 15
20 19
20 25
21 22
3 9

Solution 460: 
12 17
12 5
13 15
19 19
20 25
21 22
3 9

Solution 461: 
12 17
13 15
19 19
21 22
24 24
3 4
3 9

Solution 462: 
12 17
13 15
20 19
21 22
24 24
3 4
3 9

Solution 463: 
12 17
13 15
19 15
21 22
24 24
3 4
3 9

Solution 464: 
12 17
13 15
19 15
21 24
23 20
3 4
3 9

Solution 465: 
12 17
13 15
19 15
20 25
23 20
3 4
3 9

Solution 466: 
13 15
13 18
19 15
20 25
23 20
3 4
3 9

Solution 467: 
13 15
19 15
20 25
23 20
3 4
3 9
9 18

Solution 468: 
13 15
19 15
21 24
23 20
3 4
3 9
9 18

Solution 469: 
13 15
13 18
19 15
21 24
23 20
3 4
3 9

Solution 470: 
13 15
13 18
19 19
21 24
23 20
3 4
3 9

Solution 471: 
13 15
19 19
21 24
23 20
3 4
3 9
9 18

Solution 472: 
13 15
19 19
20 25
23 20
3 4
3 9
9 18

Solution 473: 
13 15
13 18
19 19
20 25
23 20
3 4
3 9

Solution 474: 
13 15
13 18
20 19
20 25
23 20
3 4
3 9

Solution 475: 
13 15
13 18
20 19
23 20
24 25
3 4
3 9

Solution 476: 
13 15
20 19
23 20
24 25
3 4
3 9
9 18

Solution 477: 
13 15
20 19
20 25
23 20
3 4
3 9
9 18

Solution 478: 
13 15
20 19
23 20
24 24
3 4
3 9
9 18

Solution 479: 
13 15
13 18
20 19
23 20
24 24
3 4
3 9

Solution 480: 
13 15
13 18
20 19
21 24
23 20
3 4
3 9

Solution 481: 
13 15
20 19
21 24
23 20
3 4
3 9
9 18

Solution 482: 
13 15
20 19
21 24
25 22
3 4
3 9
9 18

Solution 483: 
13 15
20 19
21 24
25 20
3 4
3 9
9 18

Solution 484: 
13 15
13 18
20 19
21 24
25 20
3 4
3 9

Solution 485: 
13 15
13 18
20 19
21 24
25 22
3 4
3 9

Solution 486: 
12 17
13 15
20 19
21 24
25 22
3 4
3 9

Solution 487: 
12 17
13 15
20 19
21 24
25 20
3 4
3 9

Solution 488: 
12 17
13 15
20 19
21 24
23 20
3 4
3 9

Solution 489: 
12 17
13 15
19 19
21 24
23 20
3 4
3 9

Solution 490: 
12 17
13 15
19 19
20 25
23 20
3 4
3 9

Solution 491: 
12 17
13 15
20 19
20 25
23 20
3 4
3 9

Solution 492: 
12 17
13 15
20 19
23 20
24 25
3 4
3 9

Solution 493: 
12 17
13 15
20 19
23 20
24 24
3 4
3 9

Solution 494: 
12 17
13 15
20 19
24 24
25 20
3 4
3 9

Solution 495: 
12 17
13 15
20 19
24 24
25 22
3 4
3 9

Solution 496: 
12 17
13 15
20 19
20 25
25 22
3 4
3 9

Solution 497: 
12 17
13 15
20 19
24 25
25 22
3 4
3 9

Solution 498: 
12 17
13 15
20 19
24 25
25 20
3 4
3 9

Solution 499: 
12 17
13 15
20 19
20 25
25 20
3 4
3 9

Solution 500: 
13 15
13 18
20 19
20 25
25 20
3 4
3 9

Solution 501: 
13 15
20 19
20 25
25 20
3 4
3 9
9 18

Solution 502: 
13 15
20 19
24 25
25 20
3 4
3 9
9 18

Solution 503: 
13 15
13 18
20 19
24 25
25 20
3 4
3 9

Solution 504: 
13 15
13 18
20 19
24 24
25 20
3 4
3 9

Solution 505: 
13 15
20 19
24 24
25 20
3 4
3 9
9 18

Solution 506: 
13 15
20 19
24 24
25 22
3 4
3 9
9 18

Solution 507: 
13 15
20 19
20 25
25 22
3 4
3 9
9 18

Solution 508: 
13 15
13 18
20 19
20 25
25 22
3 4
3 9

Solution 509: 
13 15
13 18
20 19
24 24
25 22
3 4
3 9

Solution 510: 
13 15
13 18
20 19
24 25
25 22
3 4
3 9

Solution 511: 
13 15
20 19
24 25
25 22
3 4
3 9
9 18

Solution 512: 
13 15
20 19
24 25
25 22
3 9
6 5
9 18

Solution 513: 
13 15
20 19
24 25
25 20
3 9
6 5
9 18

Solution 514: 
12 5
13 15
20 19
24 25
25 20
3 9
9 18

Solution 515: 
12 5
13 15
20 19
24 25
25 22
3 9
9 18

Solution 516: 
12 5
13 15
13 18
20 19
24 25
25 22
3 9

Solution 517: 
12 17
12 5
13 15
20 19
24 25
25 22
3 9

Solution 518: 
12 17
12 5
13 15
20 19
24 25
25 20
3 9

Solution 519: 
12 5
13 15
13 18
20 19
24 25
25 20
3 9

Solution 520: 
12 5
13 15
13 18
20 19
23 20
24 25
3 9

Solution 521: 
12 5
13 15
20 19
23 20
24 25
3 9
9 18

Solution 522: 
12 17
12 5
13 15
20 19
23 20
24 25
3 9

Solution 523: 
12 17
13 15
20 19
23 20
24 25
3 9
6 5

Solution 524: 
13 15
13 18
20 19
23 20
24 25
3 9
6 5

Solution 525: 
13 15
20 19
23 20
24 25
3 9
6 5
9 18

Solution 526: 
13 15
13 18
20 19
24 25
25 22
3 9
6 5

Solution 527: 
13 15
13 18
20 19
24 25
25 20
3 9
6 5

Solution 528: 
12 17
13 15
20 19
24 25
25 20
3 9
6 5

Solution 529: 
12 17
13 15
20 19
24 25
25 22
3 9
6 5

Solution 530: 
12 17
13 15
20 19
24 24
25 22
3 9
6 5

Solution 531: 
12 17
13 15
20 19
21 24
25 22
3 9
6 5

Solution 532: 
13 15
13 18
20 19
21 24
25 22
3 9
6 5

Solution 533: 
13 15
13 18
20 19
24 24
25 22
3 9
6 5

Solution 534: 
13 15
20 19
24 24
25 22
3 9
6 5
9 18

Solution 535: 
13 15
20 19
24 24
25 20
3 9
6 5
9 18

Solution 536: 
13 15
13 18
20 19
24 24
25 20
3 9
6 5

Solution 537: 
13 15
13 18
20 19
21 24
25 20
3 9
6 5

Solution 538: 
13 15
20 19
21 24
25 20
3 9
6 5
9 18

Solution 539: 
13 15
20 19
20 25
25 20
3 9
6 5
9 18

Solution 540: 
13 15
13 18
20 19
20 25
25 20
3 9
6 5

Solution 541: 
13 15
13 18
20 19
20 25
23 20
3 9
6 5

Solution 542: 
13 15
20 19
20 25
23 20
3 9
6 5
9 18

Solution 543: 
13 15
20 19
20 25
25 22
3 9
6 5
9 18

Solution 544: 
13 15
13 18
20 19
20 25
25 22
3 9
6 5

Solution 545: 
13 15
20 19
21 24
25 22
3 9
6 5
9 18

Solution 546: 
13 15
20 19
21 24
23 20
3 9
6 5
9 18

Solution 547: 
13 15
20 19
23 20
24 24
3 9
6 5
9 18

Solution 548: 
13 15
13 18
20 19
23 20
24 24
3 9
6 5

Solution 549: 
13 15
13 18
20 19
21 24
23 20
3 9
6 5

Solution 550: 
12 5
13 15
13 18
20 19
21 24
23 20
3 9

Solution 551: 
12 5
13 15
13 18
20 19
23 20
24 24
3 9

Solution 552: 
12 5
13 15
13 18
20 19
24 24
25 20
3 9

Solution 553: 
12 5
13 15
13 18
20 19
21 24
25 20
3 9

Solution 554: 
12 5
13 15
20 19
21 24
25 20
3 9
9 18

Solution 555: 
12 5
13 15
20 19
24 24
25 20
3 9
9 18

Solution 556: 
12 5
13 15
20 19
23 20
24 24
3 9
9 18

Solution 557: 
12 5
13 15
20 19
21 24
23 20
3 9
9 18

Solution 558: 
12 5
13 15
20 19
21 24
25 22
3 9
9 18

Solution 559: 
12 5
13 15
20 19
24 24
25 22
3 9
9 18

Solution 560: 
12 5
13 15
13 18
20 19
24 24
25 22
3 9

Solution 561: 
12 5
13 15
13 18
20 19
21 24
25 22
3 9

Solution 562: 
12 17
12 5
13 15
20 19
21 24
25 22
3 9

Solution 563: 
12 17
12 5
13 15
20 19
24 24
25 22
3 9

Solution 564: 
12 17
12 5
13 15
20 19
24 24
25 20
3 9

Solution 565: 
12 17
12 5
13 15
20 19
21 24
25 20
3 9

Solution 566: 
12 17
12 5
13 15
20 19
21 24
23 20
3 9

Solution 567: 
12 17
12 5
13 15
20 19
23 20
24 24
3 9

Solution 568: 
12 17
13 15
20 19
23 20
24 24
3 9
6 5

Solution 569: 
12 17
13 15
20 19
21 24
23 20
3 9
6 5

Solution 570: 
12 17
13 15
20 19
21 24
25 20
3 9
6 5

Solution 571: 
12 17
13 15
20 19
24 24
25 20
3 9
6 5

Solution 572: 
12 17
13 15
20 19
20 25
25 20
3 9
6 5

Solution 573: 
12 17
13 15
20 19
20 25
25 22
3 9
6 5

Solution 574: 
12 17
13 15
20 19
20 25
23 20
3 9
6 5

Solution 575: 
12 17
12 5
13 15
20 19
20 25
23 20
3 9

Solution 576: 
12 17
12 5
13 15
20 19
20 25
25 20
3 9

Solution 577: 
12 17
12 5
13 15
20 19
20 25
25 22
3 9

Solution 578: 
12 5
13 15
13 18
20 19
20 25
25 22
3 9

Solution 579: 
12 5
13 15
20 19
20 25
25 22
3 9
9 18

Solution 580: 
12 5
13 15
20 19
20 25
25 20
3 9
9 18

Solution 581: 
12 5
13 15
13 18
20 19
20 25
25 20
3 9

Solution 582: 
12 5
13 15
13 18
20 19
20 25
23 20
3 9

Solution 583: 
12 5
13 15
20 19
20 25
23 20
3 9
9 18

Solution 584: 
12 5
13 15
19 19
20 25
23 20
3 9
9 18

Solution 585: 
12 5
13 15
19 15
20 25
23 20
3 9
9 18

Solution 586: 
12 5
13 15
13 18
19 15
20 25
23 20
3 9

Solution 587: 
12 5
13 15
13 18
19 19
20 25
23 20
3 9

Solution 588: 
12 17
12 5
13 15
19 19
20 25
23 20
3 9

Solution 589: 
12 17
12 5
13 15
19 15
20 25
23 20
3 9

Solution 590: 
12 17
12 5
13 15
19 15
21 24
23 20
3 9

Solution 591: 
12 17
12 5
13 15
19 19
21 24
23 20
3 9

Solution 592: 
12 5
13 15
13 18
19 19
21 24
23 20
3 9

Solution 593: 
12 5
13 15
19 19
21 24
23 20
3 9
9 18

Solution 594: 
12 5
13 15
19 15
21 24
23 20
3 9
9 18

Solution 595: 
12 5
13 15
13 18
19 15
21 24
23 20
3 9

Solution 596: 
13 15
13 18
19 15
21 24
23 20
3 9
6 5

Solution 597: 
13 15
13 18
19 15
20 25
23 20
3 9
6 5

Solution 598: 
13 15
19 15
20 25
23 20
3 9
6 5
9 18

Solution 599: 
13 15
19 15
21 24
23 20
3 9
6 5
9 18

Solution 600: 
13 15
19 19
21 24
23 20
3 9
6 5
9 18

Solution 601: 
13 15
19 19
20 25
23 20
3 9
6 5
9 18

Solution 602: 
13 15
13 18
19 19
20 25
23 20
3 9
6 5

Solution 603: 
12 17
13 15
19 19
20 25
23 20
3 9
6 5

Solution 604: 
12 17
13 15
19 15
20 25
23 20
3 9
6 5

Solution 605: 
12 17
13 15
19 15
21 24
23 20
3 9
6 5

Solution 606: 
12 17
13 15
19 19
21 24
23 20
3 9
6 5

Solution 607: 
13 15
13 18
19 19
21 24
23 20
3 9
6 5

Solution 608: 
13 18
14 4
16 11
21 24
23 14
23 20
3 9

Solution 609: 
13 18
14 4
16 11
20 25
23 14
23 20
3 9

Solution 610: 
12 5
13 18
16 11
20 25
23 14
23 20
3 9

Solution 611: 
12 5
13 18
16 11
21 24
23 14
23 20
3 9

Solution 612: 
12 5
16 11
21 24
23 14
23 20
3 9
9 17

Solution 613: 
12 17
12 5
16 11
21 24
23 14
23 20
3 9

Solution 614: 
12 5
16 11
21 24
23 14
23 20
3 9
9 18

Solution 615: 
12 5
16 11
20 25
23 14
23 20
3 9
9 18

Solution 616: 
12 5
16 11
20 25
23 14
23 20
3 9
9 17

Solution 617: 
12 17
12 5
16 11
20 25
23 14
23 20
3 9

Solution 618: 
12 17
14 4
16 11
20 25
23 14
23 20
3 9

Solution 619: 
12 17
14 4
16 11
21 24
23 14
23 20
3 9

Solution 620: 
12 17
14 4
16 11
19 15
21 24
23 20
3 9

Solution 621: 
12 17
14 4
16 11
19 15
20 25
23 20
3 9

Solution 622: 
12 17
12 5
16 11
19 15
20 25
23 20
3 9

Solution 623: 
12 17
12 5
16 11
19 15
21 24
23 20
3 9

Solution 624: 
12 5
16 11
19 15
21 24
23 20
3 9
9 17

Solution 625: 
12 5
16 11
19 15
21 24
23 20
3 9
9 18

Solution 626: 
12 5
13 18
16 11
19 15
21 24
23 20
3 9

Solution 627: 
13 18
14 4
16 11
19 15
21 24
23 20
3 9

Solution 628: 
13 18
14 4
16 11
19 15
20 25
23 20
3 9

Solution 629: 
12 5
13 18
16 11
19 15
20 25
23 20
3 9

Solution 630: 
12 5
16 11
19 15
20 25
23 20
3 9
9 18

Solution 631: 
12 5
16 11
19 15
20 25
23 20
3 9
9 17

Solution 632: 
12 5
16 11
19 15
20 25
21 22
3 9
9 17

Solution 633: 
12 5
16 11
20 25
21 22
23 14
3 9
9 17

Solution 634: 
12 5
16 11
20 25
23 14
25 22
3 9
9 17

Solution 635: 
12 5
16 11
20 25
23 14
25 20
3 9
9 17

Solution 636: 
12 5
13 18
16 11
20 25
23 14
25 20
3 9

Solution 637: 
12 5
13 18
16 11
20 25
23 14
25 22
3 9

Solution 638: 
12 5
13 18
16 11
20 25
21 22
23 14
3 9

Solution 639: 
12 17
12 5
16 11
20 25
21 22
23 14
3 9

Solution 640: 
12 5
16 11
20 25
21 22
23 14
3 9
9 18

Solution 641: 
12 5
16 11
20 25
23 14
25 22
3 9
9 18

Solution 642: 
12 5
16 11
20 25
23 14
25 20
3 9
9 18

Solution 643: 
12 17
12 5
16 11
20 25
23 14
25 20
3 9

Solution 644: 
12 17
12 5
16 11
20 25
23 14
25 22
3 9

Solution 645: 
12 17
12 5
16 11
19 15
20 25
21 22
3 9

Solution 646: 
12 5
13 18
16 11
19 15
20 25
21 22
3 9

Solution 647: 
12 5
16 11
19 15
20 25
21 22
3 9
9 18

Solution 648: 
12 5
16 11
19 15
21 22
21 24
3 9
9 18

Solution 649: 
12 5
16 11
19 15
21 22
24 25
3 9
9 18

Solution 650: 
12 5
16 11
19 15
21 22
24 24
3 9
9 18

Solution 651: 
12 5
16 11
21 22
23 14
24 24
3 9
9 18

Solution 652: 
12 5
16 11
21 22
21 24
23 14
3 9
9 18

Solution 653: 
12 5
16 11
21 22
23 14
24 25
3 9
9 18

Solution 654: 
12 5
13 18
16 11
21 22
23 14
24 25
3 9

Solution 655: 
12 5
16 11
21 22
23 14
24 25
3 9
9 17

Solution 656: 
12 17
12 5
16 11
21 22
23 14
24 25
3 9

Solution 657: 
12 17
12 5
16 11
21 22
23 14
24 24
3 9

Solution 658: 
12 17
12 5
16 11
21 22
21 24
23 14
3 9

Solution 659: 
12 5
13 18
16 11
21 22
21 24
23 14
3 9

Solution 660: 
12 5
16 11
21 22
21 24
23 14
3 9
9 17

Solution 661: 
12 5
16 11
21 22
23 14
24 24
3 9
9 17

Solution 662: 
12 5
13 18
16 11
21 22
23 14
24 24
3 9

Solution 663: 
12 5
13 18
16 11
19 15
21 22
24 24
3 9

Solution 664: 
12 5
13 18
16 11
19 15
21 22
24 25
3 9

Solution 665: 
12 5
13 18
16 11
19 15
21 22
21 24
3 9

Solution 666: 
12 17
12 5
16 11
19 15
21 22
21 24
3 9

Solution 667: 
12 5
16 11
19 15
21 22
21 24
3 9
9 17

Solution 668: 
12 5
16 11
19 15
21 22
24 24
3 9
9 17

Solution 669: 
12 5
16 11
19 15
21 22
24 25
3 9
9 17

Solution 670: 
12 17
12 5
16 11
19 15
21 22
24 25
3 9

Solution 671: 
12 17
12 5
16 11
19 15
21 22
24 24
3 9

Solution 672: 
12 17
12 5
16 11
21 24
23 14
25 20
3 9

Solution 673: 
12 17
12 5
16 11
21 24
23 14
25 22
3 9

Solution 674: 
12 5
13 18
16 11
21 24
23 14
25 22
3 9

Solution 675: 
12 5
16 11
21 24
23 14
25 22
3 9
9 17

Solution 676: 
12 5
16 11
21 24
23 14
25 22
3 9
9 18

Solution 677: 
12 5
16 11
21 24
23 14
25 20
3 9
9 18

Solution 678: 
12 5
13 18
16 11
21 24
23 14
25 20
3 9

Solution 679: 
12 5
16 11
21 24
23 14
25 20
3 9
9 17

Solution 680: 
12 17
14 4
16 11
21 24
23 14
25 20
3 9

Solution 681: 
13 18
14 4
16 11
21 24
23 14
25 20
3 9

Solution 682: 
13 18
14 4
16 11
20 25
23 14
25 20
3 9

Solution 683: 
12 17
14 4
16 11
20 25
23 14
25 20
3 9

Solution 684: 
12 17
14 4
16 11
20 25
23 14
25 22
3 9

Solution 685: 
12 17
14 4
16 11
20 25
21 22
23 14
3 9

Solution 686: 
12 17
14 4
16 11
21 22
23 14
24 25
3 9

Solution 687: 
12 17
14 4
16 11
21 22
23 14
24 24
3 9

Solution 688: 
13 18
14 4
16 11
21 22
23 14
24 24
3 9

Solution 689: 
13 18
14 4
16 11
21 22
23 14
24 25
3 9

Solution 690: 
13 18
14 4
16 11
20 25
21 22
23 14
3 9

Solution 691: 
13 18
14 4
16 11
20 25
23 14
25 22
3 9

Solution 692: 
13 18
14 4
16 11
21 24
23 14
25 22
3 9

Solution 693: 
13 18
14 4
16 11
21 22
21 24
23 14
3 9

Solution 694: 
12 17
14 4
16 11
21 22
21 24
23 14
3 9

Solution 695: 
12 17
14 4
16 11
21 24
23 14
25 22
3 9

Solution 696: 
12 17
14 4
16 11
19 15
21 22
21 24
3 9

Solution 697: 
13 18
14 4
16 11
19 15
21 22
21 24
3 9

Solution 698: 
13 18
14 4
16 11
19 15
21 22
24 25
3 9

Solution 699: 
13 18
14 4
16 11
19 15
21 22
24 24
3 9

Solution 700: 
13 18
14 4
16 11
19 15
20 25
21 22
3 9

Solution 701: 
12 17
14 4
16 11
19 15
20 25
21 22
3 9

Solution 702: 
12 17
14 4
16 11
19 15
21 22
24 25
3 9

Solution 703: 
12 17
14 4
16 11
19 15
21 22
24 24
3 9

Number of solutions found: 704

Changes at vertices: 
Change visibility: 21 24
20 24 -> 20 25
----------------------------------
Removal 7: 
Solution 0: 
13 15
19 15
21 22
3 4
3 9
9 17

Solution 1: 
13 15
19 15
21 22
3 9
6 5
9 17

Solution 2: 
13 15
14 4
19 15
21 22
3 9
9 17

Solution 3: 
12 5
13 15
19 15
21 22
3 9
9 17

Solution 4: 
12 5
13 15
19 19
21 22
3 9
9 17

Solution 5: 
12 5
13 15
21 22
23 14
3 9
9 17

Solution 6: 
13 15
14 4
21 22
23 14
3 9
9 17

Solution 7: 
13 15
21 22
23 14
3 4
3 9
9 17

Solution 8: 
13 15
19 19
21 22
3 4
3 9
9 17

Solution 9: 
13 15
20 19
21 22
3 4
3 9
9 17

Solution 10: 
13 15
14 4
20 19
21 22
3 9
9 17

Solution 11: 
13 15
14 4
19 19
21 22
3 9
9 17

Solution 12: 
13 15
19 19
21 22
3 9
6 5
9 17

Solution 13: 
13 15
20 19
21 22
3 9
6 5
9 17

Solution 14: 
13 15
21 22
23 14
3 9
6 5
9 17

Solution 15: 
12 5
13 15
20 19
21 22
3 9
9 17

Solution 16: 
12 5
13 15
20 19
25 22
3 9
9 17

Solution 17: 
12 5
13 15
20 19
25 20
3 9
9 17

Solution 18: 
12 5
13 15
20 19
23 20
3 9
9 17

Solution 19: 
13 15
14 4
20 19
23 20
3 9
9 17

Solution 20: 
13 15
20 19
23 20
3 4
3 9
9 17

Solution 21: 
13 15
20 19
23 20
3 9
6 5
9 17

Solution 22: 
13 15
20 19
25 20
3 9
6 5
9 17

Solution 23: 
13 15
20 19
25 20
3 4
3 9
9 17

Solution 24: 
13 15
14 4
20 19
25 20
3 9
9 17

Solution 25: 
13 15
14 4
20 19
25 22
3 9
9 17

Solution 26: 
13 15
20 19
25 22
3 4
3 9
9 17

Solution 27: 
13 15
20 19
25 22
3 9
6 5
9 17

Solution 28: 
13 15
20 19
25 22
3 9
6 5
9 18

Solution 29: 
13 15
13 18
20 19
25 22
3 9
6 5

Solution 30: 
12 17
13 15
20 19
25 22
3 9
6 5

Solution 31: 
12 17
13 15
20 19
25 20
3 9
6 5

Solution 32: 
12 17
13 15
20 19
21 22
3 9
6 5

Solution 33: 
13 15
20 19
21 22
3 9
6 5
9 18

Solution 34: 
13 15
13 18
20 19
21 22
3 9
6 5

Solution 35: 
13 15
13 18
20 19
25 20
3 9
6 5

Solution 36: 
13 15
20 19
25 20
3 9
6 5
9 18

Solution 37: 
13 15
20 19
23 20
3 9
6 5
9 18

Solution 38: 
13 15
13 18
20 19
23 20
3 9
6 5

Solution 39: 
12 17
13 15
20 19
23 20
3 9
6 5

Solution 40: 
12 17
13 15
19 15
21 22
3 9
6 5

Solution 41: 
12 17
13 15
19 19
21 22
3 9
6 5

Solution 42: 
12 17
13 15
21 22
23 14
3 9
6 5

Solution 43: 
13 15
21 22
23 14
3 9
6 5
9 18

Solution 44: 
13 15
19 15
21 22
3 9
6 5
9 18

Solution 45: 
13 15
19 19
21 22
3 9
6 5
9 18

Solution 46: 
13 15
13 18
19 19
21 22
3 9
6 5

Solution 47: 
13 15
13 18
19 15
21 22
3 9
6 5

Solution 48: 
13 15
13 18
21 22
23 14
3 9
6 5

Solution 49: 
13 15
13 18
14 4
21 22
23 14
3 9

Solution 50: 
12 5
13 15
13 18
21 22
23 14
3 9

Solution 51: 
13 15
13 18
21 22
23 14
3 4
3 9

Solution 52: 
12 17
13 15
21 22
23 14
3 4
3 9

Solution 53: 
13 15
21 22
23 14
3 4
3 9
9 18

Solution 54: 
13 15
14 4
21 22
23 14
3 9
9 18

Solution 55: 
12 5
13 15
21 22
23 14
3 9
9 18

Solution 56: 
12 17
12 5
13 15
21 22
23 14
3 9

Solution 57: 
12 17
13 15
14 4
21 22
23 14
3 9

Solution 58: 
12 17
13 15
14 4
19 19
21 22
3 9

Solution 59: 
12 17
13 15
14 4
19 15
21 22
3 9

Solution 60: 
12 17
13 15
14 4
20 19
21 22
3 9

Solution 61: 
13 15
13 18
14 4
20 19
21 22
3 9

Solution 62: 
13 15
14 4
20 19
21 22
3 9
9 18

Solution 63: 
13 15
14 4
19 19
21 22
3 9
9 18

Solution 64: 
13 15
14 4
19 15
21 22
3 9
9 18

Solution 65: 
13 15
13 18
14 4
19 15
21 22
3 9

Solution 66: 
13 15
13 18
14 4
19 19
21 22
3 9

Solution 67: 
12 5
13 15
13 18
19 19
21 22
3 9

Solution 68: 
12 5
13 15
13 18
19 15
21 22
3 9

Solution 69: 
12 17
12 5
13 15
19 15
21 22
3 9

Solution 70: 
12 5
13 15
19 15
21 22
3 9
9 18

Solution 71: 
12 5
13 15
19 19
21 22
3 9
9 18

Solution 72: 
12 17
12 5
13 15
19 19
21 22
3 9

Solution 73: 
12 17
13 15
19 19
21 22
3 4
3 9

Solution 74: 
12 17
13 15
19 15
21 22
3 4
3 9

Solution 75: 
13 15
19 15
21 22
3 4
3 9
9 18

Solution 76: 
13 15
19 19
21 22
3 4
3 9
9 18

Solution 77: 
13 15
13 18
19 19
21 22
3 4
3 9

Solution 78: 
13 15
13 18
19 15
21 22
3 4
3 9

Solution 79: 
13 15
13 18
20 19
21 22
3 4
3 9

Solution 80: 
12 17
13 15
20 19
21 22
3 4
3 9

Solution 81: 
13 15
20 19
21 22
3 4
3 9
9 18

Solution 82: 
12 5
13 15
20 19
21 22
3 9
9 18

Solution 83: 
12 17
12 5
13 15
20 19
21 22
3 9

Solution 84: 
12 5
13 15
13 18
20 19
21 22
3 9

Solution 85: 
12 5
13 15
13 18
20 19
25 22
3 9

Solution 86: 
12 5
13 15
13 18
20 19
25 20
3 9

Solution 87: 
12 5
13 15
13 18
20 19
23 20
3 9

Solution 88: 
13 15
13 18
14 4
20 19
23 20
3 9

Solution 89: 
13 15
13 18
20 19
23 20
3 4
3 9

Solution 90: 
13 15
13 18
20 19
25 20
3 4
3 9

Solution 91: 
13 15
13 18
20 19
25 22
3 4
3 9

Solution 92: 
13 15
13 18
14 4
20 19
25 22
3 9

Solution 93: 
13 15
13 18
14 4
20 19
25 20
3 9

Solution 94: 
12 17
13 15
14 4
20 19
25 20
3 9

Solution 95: 
13 15
14 4
20 19
25 20
3 9
9 18

Solution 96: 
13 15
14 4
20 19
25 22
3 9
9 18

Solution 97: 
12 17
13 15
14 4
20 19
25 22
3 9

Solution 98: 
12 17
13 15
14 4
20 19
23 20
3 9

Solution 99: 
13 15
14 4
20 19
23 20
3 9
9 18

Solution 100: 
13 15
20 19
23 20
3 4
3 9
9 18

Solution 101: 
13 15
20 19
25 22
3 4
3 9
9 18

Solution 102: 
12 5
13 15
20 19
25 22
3 9
9 18

Solution 103: 
12 5
13 15
20 19
23 20
3 9
9 18

Solution 104: 
12 5
13 15
20 19
25 20
3 9
9 18

Solution 105: 
13 15
20 19
25 20
3 4
3 9
9 18

Solution 106: 
12 17
13 15
20 19
25 20
3 4
3 9

Solution 107: 
12 17
12 5
13 15
20 19
25 20
3 9

Solution 108: 
12 17
12 5
13 15
20 19
25 22
3 9

Solution 109: 
12 17
12 5
13 15
20 19
23 20
3 9

Solution 110: 
12 17
13 15
20 19
23 20
3 4
3 9

Solution 111: 
12 17
13 15
20 19
25 22
3 4
3 9

Solution 112: 
12 17
12 5
16 11
19 15
21 22
3 9

Solution 113: 
12 17
14 4
16 11
19 15
21 22
3 9

Solution 114: 
12 17
14 4
16 11
21 22
23 14
3 9

Solution 115: 
12 17
12 5
16 11
21 22
23 14
3 9

Solution 116: 
12 5
16 11
21 22
23 14
3 9
9 17

Solution 117: 
12 5
13 18
16 11
21 22
23 14
3 9

Solution 118: 
12 5
16 11
21 22
23 14
3 9
9 18

Solution 119: 
12 5
16 11
19 15
21 22
3 9
9 18

Solution 120: 
12 5
13 18
16 11
19 15
21 22
3 9

Solution 121: 
12 5
16 11
19 15
21 22
3 9
9 17

Solution 122: 
13 18
14 4
16 11
19 15
21 22
3 9

Solution 123: 
13 18
14 4
16 11
21 22
23 14
3 9

Number of solutions found: 124

Changes at vertices: 
New Vertex: 21 22
20 22 -> 20 24
----------------------------------
Removal 8: 
Solution 0: 
13 15
19 15
20 22
3 4
3 9
9 17

Solution 1: 
13 15
19 15
20 22
3 9
6 5
9 17

Solution 2: 
13 15
14 4
19 15
20 22
3 9
9 17

Solution 3: 
12 5
13 15
19 15
20 22
3 9
9 17

Solution 4: 
12 5
13 15
19 15
23 20
3 9
9 17

Solution 5: 
13 15
19 15
23 20
3 4
3 9
9 17

Solution 6: 
13 15
14 4
19 15
23 20
3 9
9 17

Solution 7: 
13 15
19 15
23 20
3 9
6 5
9 17

Solution 8: 
13 15
19 19
23 20
3 9
6 5
9 17

Solution 9: 
13 15
23 14
23 20
3 9
6 5
9 17

Solution 10: 
13 15
20 19
23 20
3 9
6 5
9 17

Solution 11: 
13 15
20 19
25 22
3 9
6 5
9 17

Solution 12: 
13 15
20 19
25 20
3 9
6 5
9 17

Solution 13: 
13 15
20 19
20 22
3 9
6 5
9 17

Solution 14: 
13 15
19 19
20 22
3 9
6 5
9 17

Solution 15: 
13 15
20 22
23 14
3 9
6 5
9 17

Solution 16: 
13 15
23 14
25 22
3 9
6 5
9 17

Solution 17: 
13 15
23 14
25 20
3 9
6 5
9 17

Solution 18: 
13 15
14 4
23 14
25 20
3 9
9 17

Solution 19: 
12 5
13 15
23 14
25 20
3 9
9 17

Solution 20: 
13 15
23 14
25 20
3 4
3 9
9 17

Solution 21: 
13 15
23 14
25 22
3 4
3 9
9 17

Solution 22: 
13 15
14 4
23 14
25 22
3 9
9 17

Solution 23: 
12 5
13 15
23 14
25 22
3 9
9 17

Solution 24: 
12 5
13 15
23 14
23 20
3 9
9 17

Solution 25: 
13 15
14 4
23 14
23 20
3 9
9 17

Solution 26: 
13 15
23 14
23 20
3 4
3 9
9 17

Solution 27: 
13 15
20 22
23 14
3 4
3 9
9 17

Solution 28: 
13 15
14 4
20 22
23 14
3 9
9 17

Solution 29: 
12 5
13 15
20 22
23 14
3 9
9 17

Solution 30: 
12 5
13 15
19 19
20 22
3 9
9 17

Solution 31: 
13 15
14 4
19 19
20 22
3 9
9 17

Solution 32: 
13 15
19 19
20 22
3 4
3 9
9 17

Solution 33: 
13 15
20 19
20 22
3 4
3 9
9 17

Solution 34: 
13 15
14 4
20 19
20 22
3 9
9 17

Solution 35: 
12 5
13 15
20 19
20 22
3 9
9 17

Solution 36: 
12 5
13 15
20 19
25 22
3 9
9 17

Solution 37: 
12 5
13 15
20 19
25 20
3 9
9 17

Solution 38: 
13 15
14 4
20 19
25 20
3 9
9 17

Solution 39: 
13 15
14 4
20 19
25 22
3 9
9 17

Solution 40: 
13 15
20 19
25 22
3 4
3 9
9 17

Solution 41: 
13 15
20 19
25 20
3 4
3 9
9 17

Solution 42: 
13 15
20 19
23 20
3 4
3 9
9 17

Solution 43: 
13 15
19 19
23 20
3 4
3 9
9 17

Solution 44: 
12 5
13 15
19 19
23 20
3 9
9 17

Solution 45: 
13 15
14 4
19 19
23 20
3 9
9 17

Solution 46: 
13 15
14 4
20 19
23 20
3 9
9 17

Solution 47: 
12 5
13 15
20 19
23 20
3 9
9 17

Solution 48: 
12 5
13 15
20 19
23 20
3 9
9 18

Solution 49: 
12 5
13 15
13 18
20 19
23 20
3 9

Solution 50: 
12 17
12 5
13 15
20 19
23 20
3 9

Solution 51: 
12 17
13 15
20 19
23 20
3 9
6 5

Solution 52: 
12 17
13 15
14 4
20 19
23 20
3 9

Solution 53: 
12 17
13 15
20 19
23 20
3 4
3 9

Solution 54: 
13 15
20 19
23 20
3 4
3 9
9 18

Solution 55: 
13 15
13 18
20 19
23 20
3 4
3 9

Solution 56: 
13 15
13 18
14 4
20 19
23 20
3 9

Solution 57: 
13 15
13 18
20 19
23 20
3 9
6 5

Solution 58: 
13 15
20 19
23 20
3 9
6 5
9 18

Solution 59: 
13 15
14 4
20 19
23 20
3 9
9 18

Solution 60: 
13 15
14 4
19 19
23 20
3 9
9 18

Solution 61: 
13 15
14 4
19 15
23 20
3 9
9 18

Solution 62: 
13 15
14 4
23 14
23 20
3 9
9 18

Solution 63: 
13 15
13 18
14 4
23 14
23 20
3 9

Solution 64: 
12 17
13 15
14 4
23 14
23 20
3 9

Solution 65: 
12 17
13 15
14 4
19 19
23 20
3 9

Solution 66: 
12 17
13 15
14 4
19 15
23 20
3 9

Solution 67: 
13 15
13 18
14 4
19 15
23 20
3 9

Solution 68: 
13 15
13 18
14 4
19 19
23 20
3 9

Solution 69: 
13 15
13 18
19 19
23 20
3 9
6 5

Solution 70: 
12 5
13 15
13 18
19 19
23 20
3 9

Solution 71: 
13 15
13 18
19 19
23 20
3 4
3 9

Solution 72: 
13 15
13 18
19 15
23 20
3 4
3 9

Solution 73: 
13 15
19 15
23 20
3 4
3 9
9 18

Solution 74: 
12 17
13 15
19 15
23 20
3 4
3 9

Solution 75: 
12 17
13 15
19 15
23 20
3 9
6 5

Solution 76: 
12 17
12 5
13 15
19 15
23 20
3 9

Solution 77: 
12 5
13 15
13 18
19 15
23 20
3 9

Solution 78: 
13 15
13 18
19 15
23 20
3 9
6 5

Solution 79: 
13 15
13 18
23 14
23 20
3 9
6 5

Solution 80: 
12 5
13 15
13 18
23 14
23 20
3 9

Solution 81: 
12 5
13 15
23 14
23 20
3 9
9 18

Solution 82: 
13 15
23 14
23 20
3 9
6 5
9 18

Solution 83: 
13 15
19 19
23 20
3 9
6 5
9 18

Solution 84: 
12 5
13 15
19 19
23 20
3 9
9 18

Solution 85: 
12 5
13 15
19 15
23 20
3 9
9 18

Solution 86: 
13 15
19 15
23 20
3 9
6 5
9 18

Solution 87: 
12 17
13 15
19 19
23 20
3 9
6 5

Solution 88: 
12 17
13 15
23 14
23 20
3 9
6 5

Solution 89: 
12 17
12 5
13 15
23 14
23 20
3 9

Solution 90: 
12 17
12 5
13 15
19 19
23 20
3 9

Solution 91: 
12 17
13 15
19 19
23 20
3 4
3 9

Solution 92: 
12 17
13 15
23 14
23 20
3 4
3 9

Solution 93: 
13 15
13 18
23 14
23 20
3 4
3 9

Solution 94: 
13 15
23 14
23 20
3 4
3 9
9 18

Solution 95: 
13 15
19 19
23 20
3 4
3 9
9 18

Solution 96: 
13 15
19 19
20 22
3 4
3 9
9 18

Solution 97: 
13 15
19 15
20 22
3 4
3 9
9 18

Solution 98: 
13 15
20 19
20 22
3 4
3 9
9 18

Solution 99: 
13 15
20 19
25 20
3 4
3 9
9 18

Solution 100: 
13 15
20 19
25 22
3 4
3 9
9 18

Solution 101: 
13 15
23 14
25 22
3 4
3 9
9 18

Solution 102: 
13 15
23 14
25 20
3 4
3 9
9 18

Solution 103: 
13 15
20 22
23 14
3 4
3 9
9 18

Solution 104: 
13 15
13 18
20 22
23 14
3 4
3 9

Solution 105: 
12 17
13 15
20 22
23 14
3 4
3 9

Solution 106: 
12 17
13 15
19 15
20 22
3 4
3 9

Solution 107: 
12 17
13 15
19 19
20 22
3 4
3 9

Solution 108: 
13 15
13 18
19 19
20 22
3 4
3 9

Solution 109: 
13 15
13 18
19 15
20 22
3 4
3 9

Solution 110: 
13 15
13 18
20 19
20 22
3 4
3 9

Solution 111: 
12 17
13 15
20 19
20 22
3 4
3 9

Solution 112: 
12 17
13 15
20 19
25 22
3 4
3 9

Solution 113: 
12 17
13 15
20 19
25 20
3 4
3 9

Solution 114: 
13 15
13 18
20 19
25 20
3 4
3 9

Solution 115: 
13 15
13 18
20 19
25 22
3 4
3 9

Solution 116: 
13 15
13 18
23 14
25 22
3 4
3 9

Solution 117: 
13 15
13 18
23 14
25 20
3 4
3 9

Solution 118: 
12 17
13 15
23 14
25 20
3 4
3 9

Solution 119: 
12 17
13 15
23 14
25 22
3 4
3 9

Solution 120: 
12 17
13 15
23 14
25 22
3 9
6 5

Solution 121: 
12 17
13 15
23 14
25 20
3 9
6 5

Solution 122: 
12 17
13 15
20 22
23 14
3 9
6 5

Solution 123: 
12 17
13 15
19 15
20 22
3 9
6 5

Solution 124: 
12 17
13 15
19 19
20 22
3 9
6 5

Solution 125: 
13 15
19 19
20 22
3 9
6 5
9 18

Solution 126: 
13 15
19 15
20 22
3 9
6 5
9 18

Solution 127: 
13 15
13 18
19 15
20 22
3 9
6 5

Solution 128: 
13 15
13 18
19 19
20 22
3 9
6 5

Solution 129: 
13 15
13 18
20 22
23 14
3 9
6 5

Solution 130: 
13 15
20 22
23 14
3 9
6 5
9 18

Solution 131: 
13 15
20 19
20 22
3 9
6 5
9 18

Solution 132: 
13 15
13 18
20 19
20 22
3 9
6 5

Solution 133: 
12 17
13 15
20 19
20 22
3 9
6 5

Solution 134: 
12 17
12 5
13 15
20 19
20 22
3 9

Solution 135: 
12 17
13 15
14 4
20 19
20 22
3 9

Solution 136: 
12 17
13 15
14 4
19 15
20 22
3 9

Solution 137: 
12 17
13 15
14 4
19 19
20 22
3 9

Solution 138: 
12 17
13 15
14 4
20 22
23 14
3 9

Solution 139: 
12 17
12 5
13 15
20 22
23 14
3 9

Solution 140: 
12 17
12 5
13 15
19 15
20 22
3 9

Solution 141: 
12 17
12 5
13 15
19 19
20 22
3 9

Solution 142: 
12 5
13 15
19 19
20 22
3 9
9 18

Solution 143: 
12 5
13 15
13 18
19 19
20 22
3 9

Solution 144: 
12 5
13 15
13 18
19 15
20 22
3 9

Solution 145: 
12 5
13 15
19 15
20 22
3 9
9 18

Solution 146: 
12 5
13 15
20 22
23 14
3 9
9 18

Solution 147: 
12 5
13 15
13 18
20 22
23 14
3 9

Solution 148: 
13 15
13 18
14 4
20 22
23 14
3 9

Solution 149: 
13 15
14 4
20 22
23 14
3 9
9 18

Solution 150: 
13 15
14 4
19 19
20 22
3 9
9 18

Solution 151: 
13 15
14 4
19 15
20 22
3 9
9 18

Solution 152: 
13 15
13 18
14 4
19 15
20 22
3 9

Solution 153: 
13 15
13 18
14 4
19 19
20 22
3 9

Solution 154: 
13 15
13 18
14 4
20 19
20 22
3 9

Solution 155: 
12 5
13 15
13 18
20 19
20 22
3 9

Solution 156: 
12 5
13 15
20 19
20 22
3 9
9 18

Solution 157: 
13 15
14 4
20 19
20 22
3 9
9 18

Solution 158: 
13 15
14 4
20 19
25 22
3 9
9 18

Solution 159: 
13 15
14 4
20 19
25 20
3 9
9 18

Solution 160: 
12 17
13 15
14 4
20 19
25 20
3 9

Solution 161: 
12 17
13 15
14 4
20 19
25 22
3 9

Solution 162: 
13 15
13 18
14 4
20 19
25 22
3 9

Solution 163: 
13 15
13 18
14 4
20 19
25 20
3 9

Solution 164: 
13 15
13 18
20 19
25 20
3 9
6 5

Solution 165: 
12 5
13 15
13 18
20 19
25 20
3 9

Solution 166: 
12 17
12 5
13 15
20 19
25 20
3 9

Solution 167: 
12 17
13 15
20 19
25 20
3 9
6 5

Solution 168: 
12 17
13 15
20 19
25 22
3 9
6 5

Solution 169: 
13 15
13 18
20 19
25 22
3 9
6 5

Solution 170: 
13 15
20 19
25 22
3 9
6 5
9 18

Solution 171: 
12 5
13 15
20 19
25 22
3 9
9 18

Solution 172: 
12 5
13 15
13 18
20 19
25 22
3 9

Solution 173: 
12 17
12 5
13 15
20 19
25 22
3 9

Solution 174: 
12 5
13 15
20 19
25 20
3 9
9 18

Solution 175: 
13 15
20 19
25 20
3 9
6 5
9 18

Solution 176: 
13 15
23 14
25 20
3 9
6 5
9 18

Solution 177: 
13 15
23 14
25 22
3 9
6 5
9 18

Solution 178: 
13 15
14 4
23 14
25 22
3 9
9 18

Solution 179: 
13 15
14 4
23 14
25 20
3 9
9 18

Solution 180: 
13 15
13 18
14 4
23 14
25 20
3 9

Solution 181: 
12 17
13 15
14 4
23 14
25 20
3 9

Solution 182: 
12 17
13 15
14 4
23 14
25 22
3 9

Solution 183: 
13 15
13 18
14 4
23 14
25 22
3 9

Solution 184: 
13 15
13 18
23 14
25 22
3 9
6 5

Solution 185: 
13 15
13 18
23 14
25 20
3 9
6 5

Solution 186: 
12 5
13 15
13 18
23 14
25 20
3 9

Solution 187: 
12 17
12 5
13 15
23 14
25 20
3 9

Solution 188: 
12 17
12 5
13 15
23 14
25 22
3 9

Solution 189: 
12 5
13 15
13 18
23 14
25 22
3 9

Solution 190: 
12 5
13 15
23 14
25 22
3 9
9 18

Solution 191: 
12 5
13 15
23 14
25 20
3 9
9 18

Solution 192: 
12 5
16 11
23 14
25 20
3 9
9 18

Solution 193: 
12 5
16 11
23 14
23 20
3 9
9 18

Solution 194: 
12 5
16 11
20 22
23 14
3 9
9 18

Solution 195: 
12 5
16 11
23 14
25 22
3 9
9 18

Solution 196: 
12 5
16 11
23 14
25 22
3 9
9 17

Solution 197: 
12 17
12 5
16 11
23 14
25 22
3 9

Solution 198: 
12 5
13 18
16 11
23 14
25 22
3 9

Solution 199: 
12 5
13 18
16 11
23 14
23 20
3 9

Solution 200: 
12 5
13 18
16 11
20 22
23 14
3 9

Solution 201: 
12 5
13 18
16 11
23 14
25 20
3 9

Solution 202: 
12 5
16 11
23 14
25 20
3 9
9 17

Solution 203: 
12 17
12 5
16 11
23 14
25 20
3 9

Solution 204: 
12 17
12 5
16 11
23 14
23 20
3 9

Solution 205: 
12 17
12 5
16 11
20 22
23 14
3 9

Solution 206: 
12 5
16 11
20 22
23 14
3 9
9 17

Solution 207: 
12 5
16 11
23 14
23 20
3 9
9 17

Solution 208: 
12 17
14 4
16 11
23 14
23 20
3 9

Solution 209: 
12 17
14 4
16 11
23 14
25 22
3 9

Solution 210: 
12 17
14 4
16 11
20 22
23 14
3 9

Solution 211: 
13 18
14 4
16 11
20 22
23 14
3 9

Solution 212: 
13 18
14 4
16 11
23 14
25 22
3 9

Solution 213: 
13 18
14 4
16 11
23 14
23 20
3 9

Solution 214: 
13 18
14 4
16 11
23 14
25 20
3 9

Solution 215: 
12 17
14 4
16 11
23 14
25 20
3 9

Solution 216: 
12 17
14 4
16 11
19 15
20 22
3 9

Solution 217: 
12 17
12 5
16 11
19 15
20 22
3 9

Solution 218: 
12 17
12 5
16 11
19 15
23 20
3 9

Solution 219: 
12 17
14 4
16 11
19 15
23 20
3 9

Solution 220: 
13 18
14 4
16 11
19 15
23 20
3 9

Solution 221: 
13 18
14 4
16 11
19 15
20 22
3 9

Solution 222: 
12 5
13 18
16 11
19 15
20 22
3 9

Solution 223: 
12 5
13 18
16 11
19 15
23 20
3 9

Solution 224: 
12 5
16 11
19 15
23 20
3 9
9 18

Solution 225: 
12 5
16 11
19 15
23 20
3 9
9 17

Solution 226: 
12 5
16 11
19 15
20 22
3 9
9 17

Solution 227: 
12 5
16 11
19 15
20 22
3 9
9 18

Number of solutions found: 228

Changes at vertices: 
Change visibility: 23 20
20 20 -> 20 22
----------------------------------
Removal 9: 
Solution 0: 
13 15
23 14
3 4
3 9
9 17

Solution 1: 
13 15
23 14
3 9
6 5
9 17

Solution 2: 
13 15
14 4
23 14
3 9
9 17

Solution 3: 
12 5
13 15
23 14
3 9
9 17

Solution 4: 
12 5
13 15
20 19
3 9
9 17

Solution 5: 
13 15
20 19
3 4
3 9
9 17

Solution 6: 
13 15
14 4
20 19
3 9
9 17

Solution 7: 
13 15
20 19
3 9
6 5
9 17

Solution 8: 
13 15
20 19
3 9
6 5
9 18

Solution 9: 
13 15
13 18
20 19
3 9
6 5

Solution 10: 
12 17
13 15
20 19
3 9
6 5

Solution 11: 
12 17
13 15
20 19
3 4
3 9

Solution 12: 
12 17
12 5
13 15
20 19
3 9

Solution 13: 
12 17
13 15
14 4
20 19
3 9

Solution 14: 
13 15
14 4
20 19
3 9
9 18

Solution 15: 
13 15
13 18
14 4
20 19
3 9

Solution 16: 
13 15
13 18
20 19
3 4
3 9

Solution 17: 
13 15
20 19
3 4
3 9
9 18

Solution 18: 
12 5
13 15
20 19
3 9
9 18

Solution 19: 
12 5
13 15
13 18
20 19
3 9

Solution 20: 
12 5
13 15
13 18
23 14
3 9

Solution 21: 
12 5
13 15
23 14
3 9
9 18

Solution 22: 
12 17
12 5
13 15
23 14
3 9

Solution 23: 
12 17
13 15
23 14
3 4
3 9

Solution 24: 
12 17
13 15
14 4
23 14
3 9

Solution 25: 
12 17
13 15
23 14
3 9
6 5

Solution 26: 
13 15
13 18
23 14
3 9
6 5

Solution 27: 
13 15
23 14
3 9
6 5
9 18

Solution 28: 
13 15
23 14
3 4
3 9
9 18

Solution 29: 
13 15
14 4
23 14
3 9
9 18

Solution 30: 
13 15
13 18
14 4
23 14
3 9

Solution 31: 
13 15
13 18
23 14
3 4
3 9

Solution 32: 
13 18
14 4
16 11
23 14
3 9

Solution 33: 
12 5
13 18
16 11
23 14
3 9

Solution 34: 
12 5
16 11
23 14
3 9
9 17

Solution 35: 
12 17
12 5
16 11
23 14
3 9

Solution 36: 
12 5
16 11
23 14
3 9
9 18

Solution 37: 
12 17
14 4
16 11
23 14
3 9

Number of solutions found: 38

Changes at vertices: 
23 19 -> 23 20
New Vertex: 20 19
----------------------------------
Removal 10: 
Solution 0: 
13 15
19 15
3 4
3 9
9 17

Solution 1: 
13 15
19 15
3 9
6 5
9 17

Solution 2: 
13 15
14 4
19 15
3 9
9 17

Solution 3: 
12 5
13 15
19 15
3 9
9 17

Solution 4: 
12 5
13 15
23 14
3 9
9 17

Solution 5: 
12 5
13 15
19 19
3 9
9 17

Solution 6: 
12 5
13 15
23 19
3 9
9 17

Solution 7: 
13 15
23 19
3 9
6 5
9 17

Solution 8: 
13 15
23 19
3 4
3 9
9 17

Solution 9: 
13 15
14 4
23 19
3 9
9 17

Solution 10: 
13 15
14 4
23 14
3 9
9 17

Solution 11: 
13 15
14 4
19 19
3 9
9 17

Solution 12: 
13 15
19 19
3 9
6 5
9 17

Solution 13: 
13 15
23 14
3 9
6 5
9 17

Solution 14: 
13 15
23 14
3 4
3 9
9 17

Solution 15: 
13 15
19 19
3 4
3 9
9 17

Solution 16: 
13 15
19 19
3 4
3 9
9 18

Solution 17: 
12 17
13 15
19 19
3 4
3 9

Solution 18: 
13 15
13 18
19 19
3 4
3 9

Solution 19: 
13 15
13 18
14 4
19 19
3 9

Solution 20: 
12 17
13 15
14 4
19 19
3 9

Solution 21: 
13 15
14 4
19 19
3 9
9 18

Solution 22: 
12 5
13 15
19 19
3 9
9 18

Solution 23: 
13 15
19 19
3 9
6 5
9 18

Solution 24: 
13 15
13 18
19 19
3 9
6 5

Solution 25: 
12 17
13 15
19 19
3 9
6 5

Solution 26: 
12 17
12 5
13 15
19 19
3 9

Solution 27: 
12 5
13 15
13 18
19 19
3 9

Solution 28: 
12 5
13 15
13 18
23 19
3 9

Solution 29: 
12 5
13 15
13 18
19 15
3 9

Solution 30: 
12 5
13 15
13 18
23 14
3 9

Solution 31: 
13 15
13 18
14 4
23 14
3 9

Solution 32: 
13 15
13 18
14 4
19 15
3 9

Solution 33: 
13 15
13 18
14 4
23 19
3 9

Solution 34: 
13 15
13 18
23 19
3 9
6 5

Solution 35: 
13 15
13 18
23 19
3 4
3 9

Solution 36: 
13 15
13 18
19 15
3 4
3 9

Solution 37: 
13 15
13 18
23 14
3 4
3 9

Solution 38: 
13 15
13 18
23 14
3 9
6 5

Solution 39: 
13 15
13 18
19 15
3 9
6 5

Solution 40: 
12 17
13 15
19 15
3 9
6 5

Solution 41: 
13 15
19 15
3 9
6 5
9 18

Solution 42: 
12 5
13 15
19 15
3 9
9 18

Solution 43: 
13 15
14 4
19 15
3 9
9 18

Solution 44: 
12 17
13 15
14 4
19 15
3 9

Solution 45: 
12 17
12 5
13 15
19 15
3 9

Solution 46: 
12 17
13 15
19 15
3 4
3 9

Solution 47: 
13 15
19 15
3 4
3 9
9 18

Solution 48: 
13 15
23 19
3 4
3 9
9 18

Solution 49: 
13 15
23 14
3 4
3 9
9 18

Solution 50: 
12 17
13 15
23 14
3 4
3 9

Solution 51: 
12 17
13 15
23 19
3 4
3 9

Solution 52: 
12 17
12 5
13 15
23 19
3 9

Solution 53: 
12 17
13 15
14 4
23 19
3 9

Solution 54: 
12 17
13 15
23 19
3 9
6 5

Solution 55: 
12 17
13 15
23 14
3 9
6 5

Solution 56: 
12 17
12 5
13 15
23 14
3 9

Solution 57: 
12 17
13 15
14 4
23 14
3 9

Solution 58: 
13 15
14 4
23 14
3 9
9 18

Solution 59: 
12 5
13 15
23 14
3 9
9 18

Solution 60: 
13 15
23 14
3 9
6 5
9 18

Solution 61: 
13 15
23 19
3 9
6 5
9 18

Solution 62: 
12 5
13 15
23 19
3 9
9 18

Solution 63: 
13 15
14 4
23 19
3 9
9 18

Solution 64: 
13 18
14 4
16 11
19 15
3 9

Solution 65: 
13 18
14 4
16 11
23 14
3 9

Solution 66: 
12 5
13 18
16 11
23 14
3 9

Solution 67: 
12 5
13 18
16 11
19 15
3 9

Solution 68: 
12 5
16 11
19 15
3 9
9 17

Solution 69: 
12 5
16 11
19 15
3 9
9 18

Solution 70: 
12 17
12 5
16 11
19 15
3 9

Solution 71: 
12 17
12 5
16 11
23 14
3 9

Solution 72: 
12 5
16 11
23 14
3 9
9 17

Solution 73: 
12 5
16 11
23 14
3 9
9 18

Solution 74: 
12 17
14 4
16 11
23 14
3 9

Solution 75: 
12 17
14 4
16 11
19 15
3 9

Number of solutions found: 76

Changes at vertices: 
23 15 -> 23 19
New Vertex: 19 15
----------------------------------
Removal 11: 
Solution 0: 
13 15
3 4
3 9
9 17

Solution 1: 
13 15
3 9
6 5
9 17

Solution 2: 
13 15
14 4
3 9
9 17

Solution 3: 
12 5
13 15
3 9
9 17

Solution 4: 
12 5
13 15
3 9
9 18

Solution 5: 
12 5
13 15
13 18
3 9

Solution 6: 
12 17
12 5
13 15
3 9

Solution 7: 
12 17
13 15
14 4
3 9

Solution 8: 
12 17
13 15
3 4
3 9

Solution 9: 
12 17
13 15
3 9
6 5

Solution 10: 
13 15
3 9
6 5
9 18

Solution 11: 
13 15
14 4
3 9
9 18

Solution 12: 
13 15
3 4
3 9
9 18

Solution 13: 
13 15
13 18
3 4
3 9

Solution 14: 
13 15
13 18
14 4
3 9

Solution 15: 
13 15
13 18
3 9
6 5

Number of solutions found: 16

Changes at vertices: 
13 17 -> 13 18
Change visibility: 12 17
----------------------------------
Removal 12: 
Solution 0: 
13 15
3 4
3 9

Solution 1: 
13 15
3 9
6 5

Solution 2: 
12 5
13 15
3 9

Solution 3: 
13 15
14 4
3 9

Number of solutions found: 4

Changes at vertices: 
New Vertex: 13 15
12 15 -> 12 17
----------------------------------
Removal 13: 
Solution 0: 
12 15
3 4
3 9

Solution 1: 
12 15
3 9
6 5

Solution 2: 
12 15
12 5
3 9

Solution 3: 
12 15
14 4
3 9

Number of solutions found: 4

Changes at vertices: 
Change visibility: 17 14
12 14 -> 12 15
----------------------------------
Removal 14: 
Solution 0: 
12 14
3 4
3 9

Solution 1: 
12 14
3 9
6 5

Solution 2: 
12 14
14 4
3 9

Solution 3: 
12 14
12 5
3 9

Solution 4: 
12 5
16 11
3 9

Solution 5: 
14 4
16 11
3 9

Number of solutions found: 6

Changes at vertices: 
Change visibility: 16 11
12 11 -> 12 14
----------------------------------
Removal 15: 
Solution 0: 
12 11
3 4
3 9

Solution 1: 
12 11
3 9
6 5

Solution 2: 
12 11
14 4
3 9

Solution 3: 
12 11
12 5
3 9

Solution 4: 
12 5
16 7
3 9

Solution 5: 
12 5
14 7
3 9

Solution 6: 
12 5
16 11
3 9

Solution 7: 
14 4
16 11
3 9

Solution 8: 
14 4
16 7
3 9

Solution 9: 
14 4
14 7
3 9

Solution 10: 
14 7
3 4
3 9

Solution 11: 
14 7
3 9
6 5

Number of solutions found: 12

Changes at vertices: 
Change visibility: 14 7
12 7 -> 12 11
----------------------------------
Removal 16: 
Solution 0: 
12 5
3 9

Solution 1: 
14 4
3 9

Number of solutions found: 2

Changes at vertices: 
14 5 -> 14 7
New Vertex: 12 5
----------------------------------
Removal 17: 
Solution 0: 
3 4
3 9

Solution 1: 
3 9
6 5

Solution 2: 
14 4
3 9

Solution 3: 
14 5
3 9

Number of solutions found: 4

Changes at vertices: 
3 5 -> 3 4
Change visibility: 6 5
----------------------------------
Removal 18: 
Solution 0: 
3 9

Number of solutions found: 1

Changes at vertices: 
3 8 -> 3 5
New Vertex: 6 8
----------------------------------
Removal 19: 
Solution 0: 
3 9

Number of solutions found: 1

Changes at vertices: 
New Vertex: 3 9
8 9 -> 8 8
----------------------------------
Removal 20: 
Solution 0: 
2 10

Number of solutions found: 1

Changes at vertices: 
New Vertex: 4 16
2 16 -> 2 21
----------------------------------
Removal 21: 
Solution 0: 
2 10

Number of solutions found: 1

Changes at vertices: 
New Vertex: 5 12
2 12 -> 2 16
----------------------------------
Removal 22: 
Solution 0: 
8 9

Solution 1: 
2 10

Number of solutions found: 2

Changes at vertices: 
8 10 -> 8 12
New Vertex: 2 10
----------------------------------
Removal 23: 
Solution 0: 
1 10

Solution 1: 
8 9

Solution 2: 
8 10

Solution 3: 
1 9

Number of solutions found: 4

