Removal 0: 
Solution 0: 
11 8
15 16
17 19
18 12
3 4
6 7
8 6

Solution 1: 
11 8
15 16
16 18
18 12
3 4
6 7
8 6

Solution 2: 
11 8
13 11
15 16
16 18
3 4
6 7
8 6

Solution 3: 
11 8
13 11
15 16
17 19
3 4
6 7
8 6

Solution 4: 
10 3
13 11
15 16
17 19
3 4
6 7
8 6

Solution 5: 
10 3
13 11
15 16
16 18
3 4
6 7
8 6

Solution 6: 
10 3
15 16
16 18
18 12
3 4
6 7
8 6

Solution 7: 
10 3
15 16
17 19
18 12
3 4
6 7
8 6

Solution 8: 
10 3
15 16
17 19
18 12
3 4
5 9
8 6

Solution 9: 
10 3
15 16
16 18
18 12
3 4
5 9
8 6

Solution 10: 
10 3
13 11
15 16
16 18
3 4
5 9
8 6

Solution 11: 
10 3
13 11
15 16
17 19
3 4
5 9
8 6

Solution 12: 
11 8
13 11
15 16
17 19
3 4
5 9
8 6

Solution 13: 
11 8
15 16
17 19
18 12
3 4
5 9
8 6

Solution 14: 
11 8
15 16
16 18
18 12
3 4
5 9
8 6

Solution 15: 
11 8
13 11
15 16
16 18
3 4
5 9
8 6

Solution 16: 
11 8
13 11
15 16
16 18
4 3
5 9
8 6

Solution 17: 
11 8
13 11
15 16
17 19
4 3
5 9
8 6

Solution 18: 
11 8
15 16
17 19
18 12
4 3
5 9
8 6

Solution 19: 
11 8
15 16
16 18
18 12
4 3
5 9
8 6

Solution 20: 
11 8
15 16
16 18
18 12
4 3
6 7
8 6

Solution 21: 
11 8
15 16
17 19
18 12
4 3
6 7
8 6

Solution 22: 
11 8
13 11
15 16
17 19
4 3
6 7
8 6

Solution 23: 
11 8
13 11
15 16
16 18
4 3
6 7
8 6

Solution 24: 
10 3
13 11
15 16
16 18
4 3
6 7
8 6

Solution 25: 
10 3
13 11
15 16
17 19
4 3
6 7
8 6

Solution 26: 
10 3
13 11
15 16
17 19
4 3
5 9
8 6

Solution 27: 
10 3
13 11
15 16
16 18
4 3
5 9
8 6

Solution 28: 
10 3
15 16
16 18
18 12
4 3
5 9
8 6

Solution 29: 
10 3
15 16
17 19
18 12
4 3
5 9
8 6

Solution 30: 
10 3
15 16
17 19
18 12
4 3
6 7
8 6

Solution 31: 
10 3
15 16
16 18
18 12
4 3
6 7
8 6

Solution 32: 
10 3
15 16
16 18
18 12
4 1
6 7
8 6

Solution 33: 
10 3
15 16
16 18
18 12
3 1
6 7
8 6

Solution 34: 
10 3
13 11
15 16
16 18
3 1
6 7
8 6

Solution 35: 
10 3
13 11
15 16
16 18
4 1
6 7
8 6

Solution 36: 
10 3
13 11
15 16
16 18
4 1
5 9
8 6

Solution 37: 
10 3
13 11
15 16
16 18
3 1
5 9
8 6

Solution 38: 
10 3
15 16
16 18
18 12
3 1
5 9
8 6

Solution 39: 
10 3
15 16
16 18
18 12
4 1
5 9
8 6

Solution 40: 
10 3
15 16
17 19
18 12
4 1
5 9
8 6

Solution 41: 
10 3
13 11
15 16
17 19
4 1
5 9
8 6

Solution 42: 
10 3
13 11
15 16
17 19
3 1
5 9
8 6

Solution 43: 
10 3
15 16
17 19
18 12
3 1
5 9
8 6

Solution 44: 
10 3
15 16
17 19
18 12
3 1
6 7
8 6

Solution 45: 
10 3
13 11
15 16
17 19
3 1
6 7
8 6

Solution 46: 
10 3
13 11
15 16
17 19
4 1
6 7
8 6

Solution 47: 
10 3
15 16
17 19
18 12
4 1
6 7
8 6

Solution 48: 
10 3
14 17
17 19
18 12
4 1
6 7
8 6

Solution 49: 
10 3
14 17
16 18
18 12
4 1
6 7
8 6

Solution 50: 
10 3
13 11
14 17
16 18
4 1
6 7
8 6

Solution 51: 
10 3
13 11
14 17
17 19
4 1
6 7
8 6

Solution 52: 
10 3
13 11
14 17
17 19
4 1
6 7
9 5

Solution 53: 
10 3
13 11
14 17
16 18
4 1
6 7
9 5

Solution 54: 
10 3
14 17
16 18
18 12
4 1
6 7
9 5

Solution 55: 
10 3
14 17
17 19
18 12
4 1
6 7
9 5

Solution 56: 
10 3
14 17
17 19
18 12
4 1
5 9
9 5

Solution 57: 
10 3
14 17
16 18
18 12
4 1
5 9
9 5

Solution 58: 
10 3
13 11
14 17
16 18
4 1
5 9
9 5

Solution 59: 
10 3
13 11
14 17
17 19
4 1
5 9
9 5

Solution 60: 
10 3
13 11
14 17
17 19
4 1
5 9
8 6

Solution 61: 
10 3
13 11
14 17
16 18
4 1
5 9
8 6

Solution 62: 
10 3
14 17
16 18
18 12
4 1
5 9
8 6

Solution 63: 
10 3
14 17
17 19
18 12
4 1
5 9
8 6

Solution 64: 
10 3
14 17
17 19
18 12
3 1
5 9
8 6

Solution 65: 
10 3
14 17
17 19
18 12
4 3
5 9
8 6

Solution 66: 
10 3
14 17
17 19
18 12
3 4
5 9
8 6

Solution 67: 
10 3
13 11
14 17
17 19
3 4
5 9
8 6

Solution 68: 
10 3
13 11
14 17
17 19
4 3
5 9
8 6

Solution 69: 
10 3
13 11
14 17
17 19
3 1
5 9
8 6

Solution 70: 
10 3
13 11
14 17
16 18
3 1
5 9
8 6

Solution 71: 
10 3
13 11
14 17
16 18
3 4
5 9
8 6

Solution 72: 
10 3
13 11
14 17
16 18
4 3
5 9
8 6

Solution 73: 
10 3
14 17
16 18
18 12
4 3
5 9
8 6

Solution 74: 
10 3
14 17
16 18
18 12
3 4
5 9
8 6

Solution 75: 
10 3
14 17
16 18
18 12
3 1
5 9
8 6

Solution 76: 
10 3
14 17
16 18
18 12
3 1
6 7
8 6

Solution 77: 
10 3
14 17
17 19
18 12
3 1
6 7
8 6

Solution 78: 
10 3
14 17
17 19
18 12
4 3
6 7
8 6

Solution 79: 
10 3
14 17
17 19
18 12
3 4
6 7
8 6

Solution 80: 
10 3
14 17
16 18
18 12
3 4
6 7
8 6

Solution 81: 
10 3
14 17
16 18
18 12
4 3
6 7
8 6

Solution 82: 
10 3
13 11
14 17
16 18
4 3
6 7
8 6

Solution 83: 
10 3
13 11
14 17
16 18
3 1
6 7
8 6

Solution 84: 
10 3
13 11
14 17
16 18
3 4
6 7
8 6

Solution 85: 
10 3
13 11
14 17
17 19
3 4
6 7
8 6

Solution 86: 
10 3
13 11
14 17
17 19
3 1
6 7
8 6

Solution 87: 
10 3
13 11
14 17
17 19
4 3
6 7
8 6

Solution 88: 
11 8
13 11
14 17
17 19
4 3
6 7
8 6

Solution 89: 
11 8
13 11
14 17
17 19
4 3
5 9
8 6

Solution 90: 
11 8
13 11
14 17
16 18
4 3
5 9
8 6

Solution 91: 
11 8
13 11
14 17
16 18
4 3
6 7
8 6

Solution 92: 
11 8
13 11
14 17
16 18
3 4
6 7
8 6

Solution 93: 
11 8
13 11
14 17
17 19
3 4
6 7
8 6

Solution 94: 
11 8
13 11
14 17
17 19
3 4
5 9
8 6

Solution 95: 
11 8
13 11
14 17
16 18
3 4
5 9
8 6

Solution 96: 
11 8
14 17
16 18
18 12
3 4
5 9
8 6

Solution 97: 
11 8
14 17
17 19
18 12
3 4
5 9
8 6

Solution 98: 
11 8
14 17
17 19
18 12
4 3
5 9
8 6

Solution 99: 
11 8
14 17
16 18
18 12
4 3
5 9
8 6

Solution 100: 
11 8
14 17
16 18
18 12
4 3
6 7
8 6

Solution 101: 
11 8
14 17
17 19
18 12
4 3
6 7
8 6

Solution 102: 
11 8
14 17
17 19
18 12
3 4
6 7
8 6

Solution 103: 
11 8
14 17
16 18
18 12
3 4
6 7
8 6

Solution 104: 
11 8
14 17
16 18
18 12
3 4
6 7
9 5

Solution 105: 
11 8
14 17
17 19
18 12
3 4
6 7
9 5

Solution 106: 
1 5
11 8
14 17
17 19
18 12
3 4
6 7

Solution 107: 
11 8
14 17
17 19
18 12
3 4
6 6
6 7

Solution 108: 
11 8
14 17
16 18
18 12
3 4
6 6
6 7

Solution 109: 
1 5
11 8
14 17
16 18
18 12
3 4
6 7

Solution 110: 
1 5
11 8
14 17
16 18
18 12
3 4
7 7

Solution 111: 
1 5
11 8
14 17
16 18
18 12
3 4
5 14

Solution 112: 
1 5
11 8
14 17
16 18
18 12
3 4
7 11

Solution 113: 
1 5
11 8
14 17
16 18
18 12
3 4
5 9

Solution 114: 
1 5
11 8
14 17
17 19
18 12
3 4
5 9

Solution 115: 
1 5
11 8
14 17
17 19
18 12
3 4
5 14

Solution 116: 
1 5
11 8
14 17
17 19
18 12
3 4
7 7

Solution 117: 
1 5
11 8
14 17
17 19
18 12
3 4
7 11

Solution 118: 
11 8
14 17
17 19
18 12
3 4
6 6
7 11

Solution 119: 
11 8
14 17
16 18
18 12
3 4
6 6
7 11

Solution 120: 
11 8
14 17
16 18
18 12
3 4
5 14
6 6

Solution 121: 
11 8
14 17
16 18
18 12
3 4
6 6
7 7

Solution 122: 
11 8
14 17
16 18
18 12
3 4
5 9
6 6

Solution 123: 
11 8
14 17
17 19
18 12
3 4
5 9
6 6

Solution 124: 
11 8
14 17
17 19
18 12
3 4
6 6
7 7

Solution 125: 
11 8
14 17
17 19
18 12
3 4
5 14
6 6

Solution 126: 
11 8
14 17
17 19
18 12
3 4
5 9
9 5

Solution 127: 
11 8
14 17
16 18
18 12
3 4
5 9
9 5

Solution 128: 
11 8
14 17
16 18
18 12
4 3
5 9
9 5

Solution 129: 
11 8
14 17
17 19
18 12
4 3
5 9
9 5

Solution 130: 
1 5
11 8
14 17
17 19
18 12
4 3
5 9

Solution 131: 
11 8
14 17
17 19
18 12
4 3
5 9
6 6

Solution 132: 
11 8
14 17
16 18
18 12
4 3
5 9
6 6

Solution 133: 
1 5
11 8
14 17
16 18
18 12
4 3
5 9

Solution 134: 
1 5
11 8
14 17
16 18
18 12
4 3
6 7

Solution 135: 
1 5
11 8
14 17
16 18
18 12
4 3
5 14

Solution 136: 
1 5
11 8
14 17
16 18
18 12
4 3
7 7

Solution 137: 
1 5
11 8
14 17
16 18
18 12
4 3
7 11

Solution 138: 
1 5
11 8
14 17
17 19
18 12
4 3
7 11

Solution 139: 
1 5
11 8
14 17
17 19
18 12
4 3
7 7

Solution 140: 
1 5
11 8
14 17
17 19
18 12
4 3
5 14

Solution 141: 
1 5
11 8
14 17
17 19
18 12
4 3
6 7

Solution 142: 
11 8
14 17
17 19
18 12
4 3
6 7
9 5

Solution 143: 
11 8
14 17
17 19
18 12
4 3
6 6
6 7

Solution 144: 
11 8
14 17
17 19
18 12
4 3
6 6
7 11

Solution 145: 
11 8
14 17
17 19
18 12
4 3
5 14
6 6

Solution 146: 
11 8
14 17
17 19
18 12
4 3
6 6
7 7

Solution 147: 
11 8
14 17
16 18
18 12
4 3
6 6
7 7

Solution 148: 
11 8
14 17
16 18
18 12
4 3
6 6
7 11

Solution 149: 
11 8
14 17
16 18
18 12
4 3
5 14
6 6

Solution 150: 
11 8
14 17
16 18
18 12
4 3
6 6
6 7

Solution 151: 
11 8
14 17
16 18
18 12
4 3
6 7
9 5

Solution 152: 
11 8
13 11
14 17
16 18
4 3
6 7
9 5

Solution 153: 
11 8
13 11
14 17
17 19
4 3
6 7
9 5

Solution 154: 
11 8
13 11
14 17
17 19
4 3
6 6
6 7

Solution 155: 
1 5
11 8
13 11
14 17
17 19
4 3
6 7

Solution 156: 
1 5
11 8
13 11
14 17
16 18
4 3
6 7

Solution 157: 
11 8
13 11
14 17
16 18
4 3
6 6
6 7

Solution 158: 
11 8
13 11
14 17
16 18
3 4
6 6
6 7

Solution 159: 
11 8
13 11
14 17
16 18
3 4
6 7
9 5

Solution 160: 
1 5
11 8
13 11
14 17
16 18
3 4
6 7

Solution 161: 
1 5
11 8
13 11
14 17
17 19
3 4
6 7

Solution 162: 
11 8
13 11
14 17
17 19
3 4
6 6
6 7

Solution 163: 
11 8
13 11
14 17
17 19
3 4
6 7
9 5

Solution 164: 
11 8
13 11
14 17
17 19
3 4
5 9
9 5

Solution 165: 
11 8
13 11
14 17
16 18
3 4
5 9
9 5

Solution 166: 
11 8
13 11
14 17
16 18
3 4
5 9
6 6

Solution 167: 
1 5
11 8
13 11
14 17
16 18
3 4
5 9

Solution 168: 
1 5
11 8
13 11
14 17
16 18
3 4
7 7

Solution 169: 
1 5
11 8
13 11
14 17
16 18
3 4
7 11

Solution 170: 
11 8
13 11
14 17
16 18
3 4
6 6
7 11

Solution 171: 
11 8
13 11
14 17
16 18
3 4
6 6
7 7

Solution 172: 
11 8
13 11
14 17
17 19
3 4
6 6
7 7

Solution 173: 
1 5
11 8
13 11
14 17
17 19
3 4
7 7

Solution 174: 
1 5
11 8
13 11
14 17
17 19
3 4
7 11

Solution 175: 
1 5
11 8
13 11
14 17
17 19
3 4
5 9

Solution 176: 
1 5
11 8
13 11
14 17
17 19
3 4
5 14

Solution 177: 
11 8
13 11
14 17
17 19
3 4
5 14
6 6

Solution 178: 
11 8
13 11
14 17
17 19
3 4
5 9
6 6

Solution 179: 
11 8
13 11
14 17
17 19
3 4
6 6
7 11

Solution 180: 
11 8
13 11
14 17
16 18
3 4
5 14
6 6

Solution 181: 
1 5
11 8
13 11
14 17
16 18
3 4
5 14

Solution 182: 
1 5
11 8
13 11
14 17
16 18
4 3
5 14

Solution 183: 
11 8
13 11
14 17
16 18
4 3
5 14
6 6

Solution 184: 
11 8
13 11
14 17
17 19
4 3
5 14
6 6

Solution 185: 
1 5
11 8
13 11
14 17
17 19
4 3
5 14

Solution 186: 
1 5
11 8
13 11
14 17
17 19
4 3
7 7

Solution 187: 
1 5
11 8
13 11
14 17
17 19
4 3
7 11

Solution 188: 
1 5
11 8
13 11
14 17
17 19
4 3
5 9

Solution 189: 
11 8
13 11
14 17
17 19
4 3
5 9
9 5

Solution 190: 
11 8
13 11
14 17
17 19
4 3
5 9
6 6

Solution 191: 
11 8
13 11
14 17
17 19
4 3
6 6
7 11

Solution 192: 
11 8
13 11
14 17
17 19
4 3
6 6
7 7

Solution 193: 
11 8
13 11
14 17
16 18
4 3
6 6
7 7

Solution 194: 
11 8
13 11
14 17
16 18
4 3
5 9
6 6

Solution 195: 
11 8
13 11
14 17
16 18
4 3
6 6
7 11

Solution 196: 
1 5
11 8
13 11
14 17
16 18
4 3
7 11

Solution 197: 
1 5
11 8
13 11
14 17
16 18
4 3
7 7

Solution 198: 
1 5
11 8
13 11
14 17
16 18
4 3
5 9

Solution 199: 
11 8
13 11
14 17
16 18
4 3
5 9
9 5

Solution 200: 
11 8
13 11
15 16
16 18
4 3
5 9
9 5

Solution 201: 
11 8
13 11
15 16
16 18
4 3
6 7
9 5

Solution 202: 
1 5
11 8
13 11
15 16
16 18
4 3
6 7

Solution 203: 
1 5
11 8
13 11
15 16
16 18
4 3
7 7

Solution 204: 
1 5
11 8
13 11
15 16
16 18
4 3
5 14

Solution 205: 
1 5
11 8
13 11
15 16
16 18
4 3
5 9

Solution 206: 
11 8
13 11
15 16
16 18
4 3
5 9
6 6

Solution 207: 
11 8
13 11
15 16
16 18
4 3
6 6
7 7

Solution 208: 
11 8
13 11
15 16
16 18
4 3
6 6
6 7

Solution 209: 
11 8
13 11
15 16
16 18
4 3
5 14
6 6

Solution 210: 
11 8
13 11
15 16
16 18
3 4
5 14
6 6

Solution 211: 
11 8
13 11
15 16
16 18
3 4
6 6
7 7

Solution 212: 
11 8
13 11
15 16
16 18
3 4
6 6
6 7

Solution 213: 
11 8
13 11
15 16
16 18
3 4
5 9
6 6

Solution 214: 
11 8
13 11
15 16
16 18
3 4
6 6
7 11

Solution 215: 
11 8
13 11
15 16
16 18
4 3
6 6
7 11

Solution 216: 
1 5
11 8
13 11
15 16
16 18
4 3
7 11

Solution 217: 
1 5
11 8
13 11
15 16
16 18
3 4
7 11

Solution 218: 
1 5
11 8
13 11
15 16
16 18
3 4
7 7

Solution 219: 
1 5
11 8
13 11
15 16
16 18
3 4
5 14

Solution 220: 
1 5
11 8
13 11
15 16
16 18
3 4
6 7

Solution 221: 
1 5
11 8
13 11
15 16
16 18
3 4
5 9

Solution 222: 
11 8
13 11
15 16
16 18
3 4
5 9
9 5

Solution 223: 
11 8
13 11
15 16
16 18
3 4
6 7
9 5

Solution 224: 
11 8
15 16
16 18
18 12
3 4
6 7
9 5

Solution 225: 
11 8
15 16
16 18
18 12
3 4
5 9
9 5

Solution 226: 
1 5
11 8
15 16
16 18
18 12
3 4
5 9

Solution 227: 
11 8
15 16
16 18
18 12
3 4
5 9
6 6

Solution 228: 
11 8
15 16
16 18
18 12
3 4
6 6
7 7

Solution 229: 
11 8
15 16
16 18
18 12
3 4
6 6
7 11

Solution 230: 
1 5
11 8
15 16
16 18
18 12
3 4
7 11

Solution 231: 
1 5
11 8
15 16
16 18
18 12
3 4
7 7

Solution 232: 
1 5
11 8
15 16
16 18
18 12
3 4
6 7

Solution 233: 
11 8
15 16
16 18
18 12
3 4
6 6
6 7

Solution 234: 
11 8
15 16
16 18
18 12
3 4
5 14
6 6

Solution 235: 
1 5
11 8
15 16
16 18
18 12
3 4
5 14

Solution 236: 
1 5
11 8
15 16
16 18
18 12
4 3
5 14

Solution 237: 
11 8
15 16
16 18
18 12
4 3
5 14
6 6

Solution 238: 
11 8
15 16
16 18
18 12
4 3
6 6
7 7

Solution 239: 
11 8
15 16
16 18
18 12
4 3
6 6
7 11

Solution 240: 
11 8
15 16
16 18
18 12
4 3
6 6
6 7

Solution 241: 
11 8
15 16
16 18
18 12
4 3
5 9
6 6

Solution 242: 
11 8
15 16
16 18
18 12
4 3
5 9
9 5

Solution 243: 
1 5
11 8
15 16
16 18
18 12
4 3
5 9

Solution 244: 
1 5
11 8
15 16
16 18
18 12
4 3
6 7

Solution 245: 
1 5
11 8
15 16
16 18
18 12
4 3
7 11

Solution 246: 
1 5
11 8
15 16
16 18
18 12
4 3
7 7

Solution 247: 
11 8
15 16
16 18
18 12
4 3
6 7
9 5

Solution 248: 
11 2
15 16
16 18
18 12
4 3
6 7
9 5

Solution 249: 
10 2
15 16
16 18
18 12
4 3
6 7
9 5

Solution 250: 
10 2
15 16
16 18
18 12
4 3
5 9
9 5

Solution 251: 
11 2
15 16
16 18
18 12
4 3
5 9
9 5

Solution 252: 
10 3
15 16
16 18
18 12
4 3
5 9
9 5

Solution 253: 
10 3
15 16
16 18
18 12
4 3
6 7
9 5

Solution 254: 
10 3
13 11
15 16
16 18
4 3
6 7
9 5

Solution 255: 
11 2
13 11
15 16
16 18
4 3
6 7
9 5

Solution 256: 
10 2
13 11
15 16
16 18
4 3
6 7
9 5

Solution 257: 
10 2
13 11
15 16
16 18
4 3
5 9
9 5

Solution 258: 
10 3
13 11
15 16
16 18
4 3
5 9
9 5

Solution 259: 
11 2
13 11
15 16
16 18
4 3
5 9
9 5

Solution 260: 
11 2
13 11
15 16
16 18
3 4
5 9
9 5

Solution 261: 
10 2
13 11
15 16
16 18
3 4
5 9
9 5

Solution 262: 
10 2
13 11
15 16
16 18
3 4
6 7
9 5

Solution 263: 
11 2
13 11
15 16
16 18
3 4
6 7
9 5

Solution 264: 
10 3
13 11
15 16
16 18
3 4
6 7
9 5

Solution 265: 
10 3
13 11
15 16
16 18
4 1
6 7
9 5

Solution 266: 
10 3
13 11
15 16
16 18
3 1
6 7
9 5

Solution 267: 
10 3
13 11
15 16
16 18
3 1
5 9
9 5

Solution 268: 
10 3
13 11
15 16
16 18
4 1
5 9
9 5

Solution 269: 
10 3
13 11
15 16
16 18
3 4
5 9
9 5

Solution 270: 
10 3
15 16
16 18
18 12
3 4
5 9
9 5

Solution 271: 
10 2
15 16
16 18
18 12
3 4
5 9
9 5

Solution 272: 
11 2
15 16
16 18
18 12
3 4
5 9
9 5

Solution 273: 
10 3
15 16
16 18
18 12
4 1
5 9
9 5

Solution 274: 
10 3
15 16
16 18
18 12
3 1
5 9
9 5

Solution 275: 
10 3
15 16
16 18
18 12
3 1
6 7
9 5

Solution 276: 
10 3
15 16
16 18
18 12
4 1
6 7
9 5

Solution 277: 
10 3
15 16
16 18
18 12
3 4
6 7
9 5

Solution 278: 
10 2
15 16
16 18
18 12
3 4
6 7
9 5

Solution 279: 
11 2
15 16
16 18
18 12
3 4
6 7
9 5

Solution 280: 
11 2
14 17
16 18
18 12
3 4
6 7
9 5

Solution 281: 
10 2
14 17
16 18
18 12
3 4
6 7
9 5

Solution 282: 
10 3
14 17
16 18
18 12
3 4
6 7
9 5

Solution 283: 
10 3
13 11
14 17
16 18
3 4
6 7
9 5

Solution 284: 
10 2
13 11
14 17
16 18
3 4
6 7
9 5

Solution 285: 
11 2
13 11
14 17
16 18
3 4
6 7
9 5

Solution 286: 
11 2
13 11
14 17
16 18
3 4
5 9
9 5

Solution 287: 
10 3
13 11
14 17
16 18
3 4
5 9
9 5

Solution 288: 
10 2
13 11
14 17
16 18
3 4
5 9
9 5

Solution 289: 
10 2
14 17
16 18
18 12
3 4
5 9
9 5

Solution 290: 
10 3
14 17
16 18
18 12
3 4
5 9
9 5

Solution 291: 
11 2
14 17
16 18
18 12
3 4
5 9
9 5

Solution 292: 
11 2
14 17
16 18
18 12
4 3
5 9
9 5

Solution 293: 
10 2
14 17
16 18
18 12
4 3
5 9
9 5

Solution 294: 
10 2
13 11
14 17
16 18
4 3
5 9
9 5

Solution 295: 
11 2
13 11
14 17
16 18
4 3
5 9
9 5

Solution 296: 
10 3
13 11
14 17
16 18
4 3
5 9
9 5

Solution 297: 
10 3
14 17
16 18
18 12
4 3
5 9
9 5

Solution 298: 
10 3
14 17
16 18
18 12
3 1
5 9
9 5

Solution 299: 
10 3
13 11
14 17
16 18
3 1
5 9
9 5

Solution 300: 
10 3
13 11
14 17
16 18
3 1
6 7
9 5

Solution 301: 
10 3
13 11
14 17
16 18
4 3
6 7
9 5

Solution 302: 
10 3
14 17
16 18
18 12
4 3
6 7
9 5

Solution 303: 
10 3
14 17
16 18
18 12
3 1
6 7
9 5

Solution 304: 
11 2
14 17
16 18
18 12
4 3
6 7
9 5

Solution 305: 
10 2
14 17
16 18
18 12
4 3
6 7
9 5

Solution 306: 
10 2
13 11
14 17
16 18
4 3
6 7
9 5

Solution 307: 
11 2
13 11
14 17
16 18
4 3
6 7
9 5

Solution 308: 
11 2
13 11
14 17
17 19
4 3
6 7
9 5

Solution 309: 
10 2
13 11
14 17
17 19
4 3
6 7
9 5

Solution 310: 
10 3
13 11
14 17
17 19
4 3
6 7
9 5

Solution 311: 
10 3
14 17
17 19
18 12
4 3
6 7
9 5

Solution 312: 
10 2
14 17
17 19
18 12
4 3
6 7
9 5

Solution 313: 
11 2
14 17
17 19
18 12
4 3
6 7
9 5

Solution 314: 
11 2
15 16
17 19
18 12
4 3
6 7
9 5

Solution 315: 
10 2
15 16
17 19
18 12
4 3
6 7
9 5

Solution 316: 
11 8
15 16
17 19
18 12
4 3
6 7
9 5

Solution 317: 
10 3
15 16
17 19
18 12
4 3
6 7
9 5

Solution 318: 
10 3
13 11
15 16
17 19
4 3
6 7
9 5

Solution 319: 
11 2
13 11
15 16
17 19
4 3
6 7
9 5

Solution 320: 
10 2
13 11
15 16
17 19
4 3
6 7
9 5

Solution 321: 
11 8
13 11
15 16
17 19
4 3
6 7
9 5

Solution 322: 
1 5
11 8
13 11
15 16
17 19
4 3
6 7

Solution 323: 
11 8
13 11
15 16
17 19
4 3
6 6
6 7

Solution 324: 
11 8
15 16
17 19
18 12
4 3
6 6
6 7

Solution 325: 
1 5
11 8
15 16
17 19
18 12
4 3
6 7

Solution 326: 
1 5
11 8
15 16
17 19
18 12
3 4
6 7

Solution 327: 
1 5
11 8
13 11
15 16
17 19
3 4
6 7

Solution 328: 
11 8
13 11
15 16
17 19
3 4
6 6
6 7

Solution 329: 
11 8
15 16
17 19
18 12
3 4
6 6
6 7

Solution 330: 
11 8
15 16
17 19
18 12
3 4
6 7
9 5

Solution 331: 
11 8
13 11
15 16
17 19
3 4
6 7
9 5

Solution 332: 
10 2
13 11
15 16
17 19
3 4
6 7
9 5

Solution 333: 
11 2
13 11
15 16
17 19
3 4
6 7
9 5

Solution 334: 
10 3
13 11
15 16
17 19
3 4
6 7
9 5

Solution 335: 
10 3
13 11
15 16
17 19
3 1
6 7
9 5

Solution 336: 
10 3
13 11
15 16
17 19
4 1
6 7
9 5

Solution 337: 
10 3
15 16
17 19
18 12
4 1
6 7
9 5

Solution 338: 
10 3
15 16
17 19
18 12
3 1
6 7
9 5

Solution 339: 
10 3
15 16
17 19
18 12
3 4
6 7
9 5

Solution 340: 
11 2
15 16
17 19
18 12
3 4
6 7
9 5

Solution 341: 
10 2
15 16
17 19
18 12
3 4
6 7
9 5

Solution 342: 
10 2
14 17
17 19
18 12
3 4
6 7
9 5

Solution 343: 
11 2
14 17
17 19
18 12
3 4
6 7
9 5

Solution 344: 
11 2
13 11
14 17
17 19
3 4
6 7
9 5

Solution 345: 
10 3
13 11
14 17
17 19
3 4
6 7
9 5

Solution 346: 
10 2
13 11
14 17
17 19
3 4
6 7
9 5

Solution 347: 
10 3
14 17
17 19
18 12
3 4
6 7
9 5

Solution 348: 
10 3
14 17
17 19
18 12
3 1
6 7
9 5

Solution 349: 
10 3
13 11
14 17
17 19
3 1
6 7
9 5

Solution 350: 
10 3
13 11
14 17
17 19
3 1
5 9
9 5

Solution 351: 
10 3
14 17
17 19
18 12
3 1
5 9
9 5

Solution 352: 
10 3
14 17
17 19
18 12
4 3
5 9
9 5

Solution 353: 
10 3
14 17
17 19
18 12
3 4
5 9
9 5

Solution 354: 
10 3
13 11
14 17
17 19
3 4
5 9
9 5

Solution 355: 
10 3
13 11
14 17
17 19
4 3
5 9
9 5

Solution 356: 
10 3
13 11
15 16
17 19
4 3
5 9
9 5

Solution 357: 
10 3
15 16
17 19
18 12
4 3
5 9
9 5

Solution 358: 
10 3
15 16
17 19
18 12
4 1
5 9
9 5

Solution 359: 
10 3
15 16
17 19
18 12
3 1
5 9
9 5

Solution 360: 
10 3
15 16
17 19
18 12
3 4
5 9
9 5

Solution 361: 
10 3
13 11
15 16
17 19
3 4
5 9
9 5

Solution 362: 
10 3
13 11
15 16
17 19
3 1
5 9
9 5

Solution 363: 
10 3
13 11
15 16
17 19
4 1
5 9
9 5

Solution 364: 
11 8
13 11
15 16
17 19
4 3
5 9
9 5

Solution 365: 
11 2
13 11
15 16
17 19
4 3
5 9
9 5

Solution 366: 
10 2
13 11
15 16
17 19
4 3
5 9
9 5

Solution 367: 
10 2
13 11
15 16
17 19
3 4
5 9
9 5

Solution 368: 
11 8
13 11
15 16
17 19
3 4
5 9
9 5

Solution 369: 
11 2
13 11
15 16
17 19
3 4
5 9
9 5

Solution 370: 
11 2
15 16
17 19
18 12
3 4
5 9
9 5

Solution 371: 
10 2
15 16
17 19
18 12
3 4
5 9
9 5

Solution 372: 
11 8
15 16
17 19
18 12
3 4
5 9
9 5

Solution 373: 
11 8
15 16
17 19
18 12
4 3
5 9
9 5

Solution 374: 
11 2
15 16
17 19
18 12
4 3
5 9
9 5

Solution 375: 
10 2
15 16
17 19
18 12
4 3
5 9
9 5

Solution 376: 
10 2
14 17
17 19
18 12
4 3
5 9
9 5

Solution 377: 
11 2
14 17
17 19
18 12
4 3
5 9
9 5

Solution 378: 
11 2
14 17
17 19
18 12
3 4
5 9
9 5

Solution 379: 
10 2
14 17
17 19
18 12
3 4
5 9
9 5

Solution 380: 
10 2
13 11
14 17
17 19
3 4
5 9
9 5

Solution 381: 
11 2
13 11
14 17
17 19
3 4
5 9
9 5

Solution 382: 
11 2
13 11
14 17
17 19
4 3
5 9
9 5

Solution 383: 
10 2
13 11
14 17
17 19
4 3
5 9
9 5

Solution 384: 
1 5
11 8
13 11
15 16
17 19
4 3
5 9

Solution 385: 
11 8
13 11
15 16
17 19
4 3
5 9
6 6

Solution 386: 
11 8
13 11
15 16
17 19
3 4
5 9
6 6

Solution 387: 
1 5
11 8
13 11
15 16
17 19
3 4
5 9

Solution 388: 
1 5
11 8
15 16
17 19
18 12
3 4
5 9

Solution 389: 
11 8
15 16
17 19
18 12
3 4
5 9
6 6

Solution 390: 
11 8
15 16
17 19
18 12
4 3
5 9
6 6

Solution 391: 
1 5
11 8
15 16
17 19
18 12
4 3
5 9

Solution 392: 
1 5
11 8
15 16
17 19
18 12
4 3
7 7

Solution 393: 
1 5
11 8
15 16
17 19
18 12
3 4
7 7

Solution 394: 
1 5
11 8
15 16
17 19
18 12
3 4
5 14

Solution 395: 
1 5
11 8
15 16
17 19
18 12
4 3
5 14

Solution 396: 
1 5
11 8
15 16
17 19
18 12
4 3
7 11

Solution 397: 
1 5
11 8
15 16
17 19
18 12
3 4
7 11

Solution 398: 
1 5
11 8
13 11
15 16
17 19
3 4
7 11

Solution 399: 
1 5
11 8
13 11
15 16
17 19
4 3
7 11

Solution 400: 
1 5
11 8
13 11
15 16
17 19
4 3
7 7

Solution 401: 
1 5
11 8
13 11
15 16
17 19
4 3
5 14

Solution 402: 
1 5
11 8
13 11
15 16
17 19
3 4
5 14

Solution 403: 
1 5
11 8
13 11
15 16
17 19
3 4
7 7

Solution 404: 
11 8
13 11
15 16
17 19
3 4
6 6
7 7

Solution 405: 
11 8
13 11
15 16
17 19
3 4
6 6
7 11

Solution 406: 
11 8
15 16
17 19
18 12
3 4
6 6
7 11

Solution 407: 
11 8
15 16
17 19
18 12
3 4
6 6
7 7

Solution 408: 
11 8
15 16
17 19
18 12
3 4
5 14
6 6

Solution 409: 
11 8
13 11
15 16
17 19
3 4
5 14
6 6

Solution 410: 
11 8
13 11
15 16
17 19
4 3
5 14
6 6

Solution 411: 
11 8
15 16
17 19
18 12
4 3
5 14
6 6

Solution 412: 
11 8
15 16
17 19
18 12
4 3
6 6
7 11

Solution 413: 
11 8
15 16
17 19
18 12
4 3
6 6
7 7

Solution 414: 
11 8
13 11
15 16
17 19
4 3
6 6
7 7

Solution 415: 
11 8
13 11
15 16
17 19
4 3
6 6
7 11

Number of solutions found: 416

Changes at vertices: 
New Vertex: 10 3
11 3 -> 11 2
----------------------------------
Removal 1: 
Solution 0: 
13 11
14 17
16 18
3 4
6 7
9 5

Solution 1: 
13 11
14 17
17 19
3 4
6 7
9 5

Solution 2: 
14 17
17 19
18 12
3 4
6 7
9 5

Solution 3: 
14 17
16 18
18 12
3 4
6 7
9 5

Solution 4: 
14 17
16 18
18 12
4 3
6 7
9 5

Solution 5: 
14 17
17 19
18 12
4 3
6 7
9 5

Solution 6: 
13 11
14 17
17 19
4 3
6 7
9 5

Solution 7: 
13 11
14 17
16 18
4 3
6 7
9 5

Solution 8: 
13 11
15 16
16 18
4 3
6 7
9 5

Solution 9: 
13 11
15 16
17 19
4 3
6 7
9 5

Solution 10: 
13 11
15 16
17 19
3 4
6 7
9 5

Solution 11: 
13 11
15 16
16 18
3 4
6 7
9 5

Solution 12: 
15 16
16 18
18 12
3 4
6 7
9 5

Solution 13: 
15 16
17 19
18 12
3 4
6 7
9 5

Solution 14: 
15 16
17 19
18 12
4 3
6 7
9 5

Solution 15: 
15 16
16 18
18 12
4 3
6 7
9 5

Solution 16: 
15 16
16 18
18 12
4 3
5 9
9 5

Solution 17: 
15 16
17 19
18 12
4 3
5 9
9 5

Solution 18: 
15 16
17 19
18 12
3 4
5 9
9 5

Solution 19: 
15 16
16 18
18 12
3 4
5 9
9 5

Solution 20: 
14 17
16 18
18 12
3 4
5 9
9 5

Solution 21: 
14 17
17 19
18 12
3 4
5 9
9 5

Solution 22: 
14 17
17 19
18 12
4 3
5 9
9 5

Solution 23: 
14 17
16 18
18 12
4 3
5 9
9 5

Solution 24: 
13 11
14 17
16 18
4 3
5 9
9 5

Solution 25: 
13 11
15 16
16 18
4 3
5 9
9 5

Solution 26: 
13 11
15 16
17 19
4 3
5 9
9 5

Solution 27: 
13 11
14 17
17 19
4 3
5 9
9 5

Solution 28: 
13 11
14 17
17 19
3 4
5 9
9 5

Solution 29: 
13 11
14 17
16 18
3 4
5 9
9 5

Solution 30: 
13 11
15 16
16 18
3 4
5 9
9 5

Solution 31: 
13 11
15 16
17 19
3 4
5 9
9 5

Number of solutions found: 32

Changes at vertices: 
3 3 -> 3 1
New Vertex: 4 3
----------------------------------
Removal 2: 
Solution 0: 
13 11
14 17
17 19
3 4
6 7
9 5

Solution 1: 
13 11
14 17
17 19
3 4
5 9
9 5

Solution 2: 
13 11
15 16
17 19
3 4
5 9
9 5

Solution 3: 
13 11
15 16
17 19
3 4
6 7
9 5

Solution 4: 
15 16
17 19
18 12
3 4
6 7
9 5

Solution 5: 
15 16
17 19
18 12
3 4
5 9
9 5

Solution 6: 
14 17
17 19
18 12
3 4
5 9
9 5

Solution 7: 
14 17
17 19
18 12
3 4
6 7
9 5

Solution 8: 
14 17
16 18
18 12
3 4
6 7
9 5

Solution 9: 
14 17
16 18
18 12
3 4
5 9
9 5

Solution 10: 
13 11
14 17
16 18
3 4
5 9
9 5

Solution 11: 
13 11
14 17
16 18
3 4
6 7
9 5

Solution 12: 
13 11
15 16
16 18
3 4
6 7
9 5

Solution 13: 
13 11
15 16
16 18
3 4
5 9
9 5

Solution 14: 
15 16
16 18
18 12
3 4
5 9
9 5

Solution 15: 
15 16
16 18
18 12
3 4
6 7
9 5

Solution 16: 
15 16
16 18
18 12
3 3
6 7
9 5

Solution 17: 
15 16
17 19
18 12
3 3
6 7
9 5

Solution 18: 
15 16
17 19
18 12
6 7
9 4
9 5

Solution 19: 
11 3
15 16
17 19
18 12
6 7
9 5

Solution 20: 
11 3
15 16
17 19
18 12
6 7
8 6

Solution 21: 
15 16
17 19
18 12
6 7
8 6
9 4

Solution 22: 
15 16
16 18
18 12
6 7
8 6
9 4

Solution 23: 
11 3
15 16
16 18
18 12
6 7
8 6

Solution 24: 
11 3
15 16
16 18
18 12
6 7
9 5

Solution 25: 
15 16
16 18
18 12
6 7
9 4
9 5

Solution 26: 
14 17
16 18
18 12
6 7
9 4
9 5

Solution 27: 
14 17
16 18
18 12
3 3
6 7
9 5

Solution 28: 
11 3
14 17
16 18
18 12
6 7
9 5

Solution 29: 
11 3
14 17
16 18
18 12
6 7
8 6

Solution 30: 
14 17
16 18
18 12
6 7
8 6
9 4

Solution 31: 
14 17
17 19
18 12
6 7
8 6
9 4

Solution 32: 
11 3
14 17
17 19
18 12
6 7
8 6

Solution 33: 
11 3
14 17
17 19
18 12
6 7
9 5

Solution 34: 
14 17
17 19
18 12
3 3
6 7
9 5

Solution 35: 
14 17
17 19
18 12
6 7
9 4
9 5

Solution 36: 
13 11
14 17
17 19
6 7
9 4
9 5

Solution 37: 
13 11
14 17
17 19
3 3
6 7
9 5

Solution 38: 
13 11
15 16
17 19
3 3
6 7
9 5

Solution 39: 
13 11
15 16
17 19
6 7
9 4
9 5

Solution 40: 
11 3
13 11
15 16
17 19
6 7
9 5

Solution 41: 
11 3
13 11
14 17
17 19
6 7
9 5

Solution 42: 
11 3
13 11
14 17
16 18
6 7
9 5

Solution 43: 
11 3
13 11
15 16
16 18
6 7
9 5

Solution 44: 
13 11
15 16
16 18
3 3
6 7
9 5

Solution 45: 
13 11
15 16
16 18
6 7
9 4
9 5

Solution 46: 
13 11
14 17
16 18
6 7
9 4
9 5

Solution 47: 
13 11
14 17
16 18
3 3
6 7
9 5

Solution 48: 
13 11
14 17
16 18
3 3
5 9
9 5

Solution 49: 
11 3
13 11
14 17
16 18
5 9
9 5

Solution 50: 
13 11
14 17
16 18
5 9
9 4
9 5

Solution 51: 
13 11
15 16
16 18
5 9
9 4
9 5

Solution 52: 
13 11
15 16
16 18
3 3
5 9
9 5

Solution 53: 
11 3
13 11
15 16
16 18
5 9
9 5

Solution 54: 
11 3
13 11
15 16
17 19
5 9
9 5

Solution 55: 
13 11
15 16
17 19
5 9
9 4
9 5

Solution 56: 
13 11
15 16
17 19
3 3
5 9
9 5

Solution 57: 
13 11
14 17
17 19
3 3
5 9
9 5

Solution 58: 
11 3
13 11
14 17
17 19
5 9
9 5

Solution 59: 
13 11
14 17
17 19
5 9
9 4
9 5

Solution 60: 
14 17
17 19
18 12
5 9
9 4
9 5

Solution 61: 
14 17
16 18
18 12
5 9
9 4
9 5

Solution 62: 
14 17
16 18
18 12
3 3
5 9
9 5

Solution 63: 
11 3
14 17
16 18
18 12
5 9
9 5

Solution 64: 
11 3
14 17
17 19
18 12
5 9
9 5

Solution 65: 
14 17
17 19
18 12
3 3
5 9
9 5

Solution 66: 
14 17
17 19
18 12
5 9
8 6
9 4

Solution 67: 
14 17
16 18
18 12
5 9
8 6
9 4

Solution 68: 
11 3
14 17
16 18
18 12
5 9
8 6

Solution 69: 
11 3
14 17
17 19
18 12
5 9
8 6

Solution 70: 
11 3
13 11
14 17
17 19
5 9
8 6

Solution 71: 
11 3
13 11
14 17
17 19
6 7
8 6

Solution 72: 
13 11
14 17
17 19
6 7
8 6
9 4

Solution 73: 
13 11
14 17
17 19
5 9
8 6
9 4

Solution 74: 
13 11
14 17
16 18
5 9
8 6
9 4

Solution 75: 
13 11
14 17
16 18
6 7
8 6
9 4

Solution 76: 
11 3
13 11
14 17
16 18
6 7
8 6

Solution 77: 
11 3
13 11
14 17
16 18
5 9
8 6

Solution 78: 
11 3
13 11
15 16
16 18
5 9
8 6

Solution 79: 
11 3
13 11
15 16
17 19
5 9
8 6

Solution 80: 
11 3
13 11
15 16
17 19
6 7
8 6

Solution 81: 
11 3
13 11
15 16
16 18
6 7
8 6

Solution 82: 
13 11
15 16
16 18
6 7
8 6
9 4

Solution 83: 
13 11
15 16
17 19
6 7
8 6
9 4

Solution 84: 
13 11
15 16
17 19
5 9
8 6
9 4

Solution 85: 
13 11
15 16
16 18
5 9
8 6
9 4

Solution 86: 
15 16
16 18
18 12
5 9
8 6
9 4

Solution 87: 
15 16
16 18
18 12
5 9
9 4
9 5

Solution 88: 
15 16
16 18
18 12
3 3
5 9
9 5

Solution 89: 
11 3
15 16
16 18
18 12
5 9
9 5

Solution 90: 
11 3
15 16
16 18
18 12
5 9
8 6

Solution 91: 
11 3
15 16
17 19
18 12
5 9
8 6

Solution 92: 
11 3
15 16
17 19
18 12
5 9
9 5

Solution 93: 
15 16
17 19
18 12
3 3
5 9
9 5

Solution 94: 
15 16
17 19
18 12
5 9
9 4
9 5

Solution 95: 
15 16
17 19
18 12
5 9
8 6
9 4

Number of solutions found: 96

Changes at vertices: 
Change visibility: 9 4
11 4 -> 11 3
----------------------------------
Removal 3: 
Solution 0: 
13 11
14 17
16 18
5 9
9 5

Solution 1: 
13 11
14 17
17 19
5 9
9 5

Solution 2: 
13 11
15 16
17 19
5 9
9 5

Solution 3: 
13 11
15 16
16 18
5 9
9 5

Solution 4: 
15 16
16 18
18 12
5 9
9 5

Solution 5: 
15 16
17 19
18 12
5 9
9 5

Solution 6: 
14 17
17 19
18 12
5 9
9 5

Solution 7: 
14 17
16 18
18 12
5 9
9 5

Solution 8: 
14 17
16 18
18 12
6 7
9 5

Solution 9: 
13 11
14 17
16 18
6 7
9 5

Solution 10: 
13 11
14 17
17 19
6 7
9 5

Solution 11: 
14 17
17 19
18 12
6 7
9 5

Solution 12: 
15 16
17 19
18 12
6 7
9 5

Solution 13: 
15 16
16 18
18 12
6 7
9 5

Solution 14: 
13 11
15 16
16 18
6 7
9 5

Solution 15: 
13 11
15 16
17 19
6 7
9 5

Number of solutions found: 16

Changes at vertices: 
New Vertex: 9 5
11 5 -> 11 4
----------------------------------
Removal 4: 
Solution 0: 
13 11
14 17
16 18
5 9
8 6

Solution 1: 
13 11
14 17
16 18
6 7
8 6

Solution 2: 
13 11
14 17
17 19
6 7
8 6

Solution 3: 
13 11
14 17
17 19
5 9
8 6

Solution 4: 
14 17
17 19
18 12
5 9
8 6

Solution 5: 
14 17
16 18
18 12
5 9
8 6

Solution 6: 
14 17
16 18
18 12
6 7
8 6

Solution 7: 
14 17
17 19
18 12
6 7
8 6

Solution 8: 
15 16
17 19
18 12
6 7
8 6

Solution 9: 
15 16
16 18
18 12
6 7
8 6

Solution 10: 
13 11
15 16
16 18
6 7
8 6

Solution 11: 
13 11
15 16
17 19
6 7
8 6

Solution 12: 
13 11
15 16
17 19
5 9
8 6

Solution 13: 
13 11
15 16
16 18
5 9
8 6

Solution 14: 
15 16
16 18
18 12
5 9
8 6

Solution 15: 
15 16
17 19
18 12
5 9
8 6

Solution 16: 
11 5
15 16
17 19
18 12
5 9

Solution 17: 
11 5
15 16
16 18
18 12
5 9

Solution 18: 
11 5
13 11
15 16
16 18
5 9

Solution 19: 
11 5
13 11
15 16
17 19
5 9

Solution 20: 
11 5
13 11
15 16
17 19
6 7

Solution 21: 
11 5
13 11
15 16
16 18
6 7

Solution 22: 
11 5
15 16
16 18
18 12
6 7

Solution 23: 
11 5
15 16
17 19
18 12
6 7

Solution 24: 
11 5
14 17
17 19
18 12
6 7

Solution 25: 
11 5
14 17
16 18
18 12
6 7

Solution 26: 
11 5
14 17
16 18
18 12
5 9

Solution 27: 
11 5
14 17
17 19
18 12
5 9

Solution 28: 
11 5
13 11
14 17
17 19
5 9

Solution 29: 
11 5
13 11
14 17
16 18
5 9

Solution 30: 
11 5
13 11
14 17
16 18
6 7

Solution 31: 
11 5
13 11
14 17
17 19
6 7

Number of solutions found: 32

Changes at vertices: 
11 6 -> 11 8
New Vertex: 8 6
----------------------------------
Removal 5: 
Solution 0: 
13 11
15 16
16 18
6 6
7 11

Solution 1: 
13 11
15 16
16 18
6 6
6 7

Solution 2: 
13 11
14 17
16 18
6 6
6 7

Solution 3: 
13 11
14 17
16 18
6 6
7 11

Solution 4: 
13 11
14 17
16 18
5 14
6 6

Solution 5: 
13 11
15 16
16 18
5 14
6 6

Solution 6: 
13 11
15 16
16 18
6 6
7 7

Solution 7: 
13 11
15 16
16 18
5 9
6 6

Solution 8: 
13 11
14 17
16 18
5 9
6 6

Solution 9: 
13 11
14 17
16 18
6 6
7 7

Solution 10: 
13 11
14 17
17 19
6 6
7 7

Solution 11: 
13 11
14 17
17 19
6 6
7 11

Solution 12: 
13 11
14 17
17 19
6 6
6 7

Solution 13: 
13 11
14 17
17 19
5 14
6 6

Solution 14: 
13 11
14 17
17 19
5 9
6 6

Solution 15: 
13 11
15 16
17 19
5 9
6 6

Solution 16: 
13 11
15 16
17 19
6 6
7 11

Solution 17: 
13 11
15 16
17 19
6 6
6 7

Solution 18: 
13 11
15 16
17 19
6 6
7 7

Solution 19: 
13 11
15 16
17 19
5 14
6 6

Solution 20: 
15 16
17 19
18 12
5 14
6 6

Solution 21: 
15 16
16 18
18 12
5 14
6 6

Solution 22: 
15 16
16 18
18 12
6 6
7 7

Solution 23: 
15 16
16 18
18 12
5 9
6 6

Solution 24: 
15 16
16 18
18 12
6 6
7 11

Solution 25: 
15 16
17 19
18 12
6 6
7 11

Solution 26: 
15 16
17 19
18 12
6 6
7 7

Solution 27: 
15 16
17 19
18 12
5 9
6 6

Solution 28: 
15 16
17 19
18 12
6 6
6 7

Solution 29: 
15 16
16 18
18 12
6 6
6 7

Solution 30: 
14 17
16 18
18 12
6 6
6 7

Solution 31: 
14 17
17 19
18 12
6 6
6 7

Solution 32: 
14 17
17 19
18 12
5 14
6 6

Solution 33: 
14 17
17 19
18 12
6 6
7 7

Solution 34: 
14 17
17 19
18 12
6 6
7 11

Solution 35: 
14 17
17 19
18 12
5 9
6 6

Solution 36: 
14 17
16 18
18 12
5 9
6 6

Solution 37: 
14 17
16 18
18 12
5 14
6 6

Solution 38: 
14 17
16 18
18 12
6 6
7 7

Solution 39: 
14 17
16 18
18 12
6 6
7 11

Solution 40: 
1 5
14 17
16 18
18 12
7 11

Solution 41: 
1 5
14 17
16 18
18 12
7 7

Solution 42: 
1 5
14 17
16 18
18 12
5 14

Solution 43: 
1 5
14 17
16 18
18 12
5 9

Solution 44: 
1 5
14 17
16 18
18 12
6 7

Solution 45: 
1 5
15 16
16 18
18 12
6 7

Solution 46: 
1 5
15 16
16 18
18 12
7 7

Solution 47: 
1 5
15 16
16 18
18 12
5 9

Solution 48: 
1 5
15 16
16 18
18 12
5 14

Solution 49: 
1 5
15 16
16 18
18 12
7 11

Solution 50: 
11 6
15 16
16 18
18 12
5 9

Solution 51: 
11 5
15 16
16 18
18 12
5 9

Solution 52: 
11 5
15 16
16 18
18 12
6 7

Solution 53: 
11 6
15 16
16 18
18 12
6 7

Solution 54: 
11 6
14 17
16 18
18 12
6 7

Solution 55: 
11 5
14 17
16 18
18 12
6 7

Solution 56: 
11 5
14 17
16 18
18 12
5 9

Solution 57: 
11 6
14 17
16 18
18 12
5 9

Solution 58: 
11 6
14 17
17 19
18 12
5 9

Solution 59: 
1 5
14 17
17 19
18 12
5 9

Solution 60: 
11 5
14 17
17 19
18 12
5 9

Solution 61: 
11 5
15 16
17 19
18 12
5 9

Solution 62: 
11 6
15 16
17 19
18 12
5 9

Solution 63: 
1 5
15 16
17 19
18 12
5 9

Solution 64: 
1 5
15 16
17 19
18 12
5 14

Solution 65: 
1 5
15 16
17 19
18 12
7 7

Solution 66: 
1 5
15 16
17 19
18 12
7 11

Solution 67: 
1 5
15 16
17 19
18 12
6 7

Solution 68: 
1 5
14 17
17 19
18 12
6 7

Solution 69: 
1 5
14 17
17 19
18 12
7 7

Solution 70: 
1 5
14 17
17 19
18 12
7 11

Solution 71: 
1 5
14 17
17 19
18 12
5 14

Solution 72: 
11 5
14 17
17 19
18 12
6 7

Solution 73: 
11 6
14 17
17 19
18 12
6 7

Solution 74: 
11 6
15 16
17 19
18 12
6 7

Solution 75: 
11 5
15 16
17 19
18 12
6 7

Solution 76: 
11 5
13 11
15 16
17 19
6 7

Solution 77: 
11 6
13 11
15 16
17 19
6 7

Solution 78: 
1 5
13 11
15 16
17 19
6 7

Solution 79: 
1 5
13 11
14 17
17 19
6 7

Solution 80: 
11 5
13 11
14 17
17 19
6 7

Solution 81: 
11 6
13 11
14 17
17 19
6 7

Solution 82: 
11 6
13 11
14 17
16 18
6 7

Solution 83: 
11 6
13 11
15 16
16 18
6 7

Solution 84: 
11 5
13 11
15 16
16 18
6 7

Solution 85: 
1 5
13 11
15 16
16 18
6 7

Solution 86: 
1 5
13 11
14 17
16 18
6 7

Solution 87: 
11 5
13 11
14 17
16 18
6 7

Solution 88: 
11 5
13 11
14 17
16 18
5 9

Solution 89: 
11 6
13 11
14 17
16 18
5 9

Solution 90: 
11 6
13 11
14 17
17 19
5 9

Solution 91: 
11 5
13 11
14 17
17 19
5 9

Solution 92: 
1 5
13 11
14 17
17 19
5 9

Solution 93: 
1 5
13 11
14 17
16 18
5 9

Solution 94: 
1 5
13 11
14 17
16 18
7 7

Solution 95: 
1 5
13 11
14 17
16 18
5 14

Solution 96: 
1 5
13 11
14 17
16 18
7 11

Solution 97: 
1 5
13 11
14 17
17 19
7 11

Solution 98: 
1 5
13 11
14 17
17 19
7 7

Solution 99: 
1 5
13 11
14 17
17 19
5 14

Solution 100: 
1 5
13 11
15 16
17 19
5 14

Solution 101: 
1 5
13 11
15 16
16 18
5 14

Solution 102: 
1 5
13 11
15 16
16 18
7 7

Solution 103: 
1 5
13 11
15 16
16 18
7 11

Solution 104: 
1 5
13 11
15 16
17 19
7 11

Solution 105: 
1 5
13 11
15 16
17 19
7 7

Solution 106: 
1 5
13 11
15 16
17 19
5 9

Solution 107: 
1 5
13 11
15 16
16 18
5 9

Solution 108: 
11 6
13 11
15 16
16 18
5 9

Solution 109: 
11 5
13 11
15 16
16 18
5 9

Solution 110: 
11 5
13 11
15 16
17 19
5 9

Solution 111: 
11 6
13 11
15 16
17 19
5 9

Number of solutions found: 112

Changes at vertices: 
New Vertex: 13 11
19 11 -> 19 10
----------------------------------
Removal 6: 
Solution 0: 
14 20
18 13
2 16
6 6
7 11

Solution 1: 
14 20
18 13
2 17
6 6
7 11

Solution 2: 
14 17
14 20
18 13
6 6
7 11

Solution 3: 
14 20
15 16
18 13
6 6
7 11

Solution 4: 
15 16
17 19
18 13
6 6
7 11

Solution 5: 
15 16
15 18
18 13
6 6
7 11

Solution 6: 
15 16
16 18
18 13
6 6
7 11

Solution 7: 
15 16
17 20
18 13
6 6
7 11

Solution 8: 
14 17
17 20
18 13
6 6
7 11

Solution 9: 
14 17
16 18
18 13
6 6
7 11

Solution 10: 
14 17
15 18
18 13
6 6
7 11

Solution 11: 
14 17
17 19
18 13
6 6
7 11

Solution 12: 
15 18
18 13
2 16
6 6
7 11

Solution 13: 
15 18
18 13
2 17
6 6
7 11

Solution 14: 
15 18
2 17
20 13
6 6
7 11

Solution 15: 
15 18
16 15
2 17
6 6
7 11

Solution 16: 
15 18
16 15
2 16
6 6
7 11

Solution 17: 
15 16
15 18
16 15
6 6
7 11

Solution 18: 
15 16
15 18
20 13
6 6
7 11

Solution 19: 
15 18
2 16
20 13
6 6
7 11

Solution 20: 
14 17
15 18
20 13
6 6
7 11

Solution 21: 
14 17
15 18
16 15
6 6
7 11

Solution 22: 
14 17
14 20
16 15
6 6
7 11

Solution 23: 
14 17
16 15
17 20
6 6
7 11

Solution 24: 
14 20
16 15
2 16
6 6
7 11

Solution 25: 
14 20
16 15
2 17
6 6
7 11

Solution 26: 
14 17
16 15
16 18
6 6
7 11

Solution 27: 
14 17
16 15
17 19
6 6
7 11

Solution 28: 
15 16
16 15
17 19
6 6
7 11

Solution 29: 
15 16
16 15
17 20
6 6
7 11

Solution 30: 
15 16
16 15
16 18
6 6
7 11

Solution 31: 
14 20
15 16
16 15
6 6
7 11

Solution 32: 
14 20
15 16
20 13
6 6
7 11

Solution 33: 
15 16
17 20
20 13
6 6
7 11

Solution 34: 
15 16
16 18
20 13
6 6
7 11

Solution 35: 
12 14
15 16
16 18
6 6
7 11

Solution 36: 
12 15
15 16
16 18
6 6
7 11

Solution 37: 
15 16
16 18
18 12
6 6
7 11

Solution 38: 
15 16
17 19
18 12
6 6
7 11

Solution 39: 
12 14
15 16
17 19
6 6
7 11

Solution 40: 
12 15
15 16
17 19
6 6
7 11

Solution 41: 
15 16
17 19
20 13
6 6
7 11

Solution 42: 
14 17
17 19
20 13
6 6
7 11

Solution 43: 
12 14
14 17
17 19
6 6
7 11

Solution 44: 
12 15
14 17
17 19
6 6
7 11

Solution 45: 
14 17
17 19
18 12
6 6
7 11

Solution 46: 
14 17
16 18
18 12
6 6
7 11

Solution 47: 
12 15
14 17
16 18
6 6
7 11

Solution 48: 
12 14
14 17
16 18
6 6
7 11

Solution 49: 
14 17
16 18
20 13
6 6
7 11

Solution 50: 
14 17
17 20
20 13
6 6
7 11

Solution 51: 
14 17
14 20
20 13
6 6
7 11

Solution 52: 
14 20
2 16
20 13
6 6
7 11

Solution 53: 
14 20
2 17
20 13
6 6
7 11

Solution 54: 
14 17
17 19
18 12
6 6
7 7

Solution 55: 
14 17
17 19
18 12
5 9
6 6

Solution 56: 
14 17
16 18
18 12
5 9
6 6

Solution 57: 
14 17
16 18
18 12
6 6
7 7

Solution 58: 
14 17
16 18
18 12
6 6
6 7

Solution 59: 
14 17
16 18
18 12
5 14
6 6

Solution 60: 
14 17
17 19
18 12
5 14
6 6

Solution 61: 
14 17
17 19
18 12
6 6
6 7

Solution 62: 
15 16
17 19
18 12
6 6
6 7

Solution 63: 
15 16
17 19
18 12
6 6
7 7

Solution 64: 
15 16
17 19
18 12
5 9
6 6

Solution 65: 
15 16
17 19
18 12
5 14
6 6

Solution 66: 
15 16
16 18
18 12
5 14
6 6

Solution 67: 
15 16
16 18
18 12
5 9
6 6

Solution 68: 
15 16
16 18
18 12
6 6
7 7

Solution 69: 
15 16
16 18
18 12
6 6
6 7

Solution 70: 
11 6
15 16
16 18
18 12
6 7

Solution 71: 
11 5
15 16
16 18
18 12
6 7

Solution 72: 
1 5
15 16
16 18
18 12
6 7

Solution 73: 
1 5
14 17
16 18
18 12
6 7

Solution 74: 
11 5
14 17
16 18
18 12
6 7

Solution 75: 
11 6
14 17
16 18
18 12
6 7

Solution 76: 
11 6
14 17
17 19
18 12
6 7

Solution 77: 
11 6
15 16
17 19
18 12
6 7

Solution 78: 
11 5
15 16
17 19
18 12
6 7

Solution 79: 
1 5
15 16
17 19
18 12
6 7

Solution 80: 
1 5
14 17
17 19
18 12
6 7

Solution 81: 
11 5
14 17
17 19
18 12
6 7

Solution 82: 
11 5
14 17
17 19
18 12
5 9

Solution 83: 
11 5
14 17
16 18
18 12
5 9

Solution 84: 
11 5
15 16
16 18
18 12
5 9

Solution 85: 
11 5
15 16
17 19
18 12
5 9

Solution 86: 
11 6
15 16
17 19
18 12
5 9

Solution 87: 
11 6
15 16
16 18
18 12
5 9

Solution 88: 
11 6
14 17
16 18
18 12
5 9

Solution 89: 
11 6
14 17
17 19
18 12
5 9

Solution 90: 
1 5
14 17
17 19
18 12
5 9

Solution 91: 
1 5
15 16
17 19
18 12
5 9

Solution 92: 
1 5
15 16
16 18
18 12
5 9

Solution 93: 
1 5
14 17
16 18
18 12
5 9

Solution 94: 
1 5
14 17
16 18
18 12
7 7

Solution 95: 
1 5
14 17
16 18
18 12
5 14

Solution 96: 
1 5
14 17
16 18
18 12
7 11

Solution 97: 
1 5
14 17
17 19
18 12
7 11

Solution 98: 
1 5
14 17
17 19
18 12
5 14

Solution 99: 
1 5
14 17
17 19
18 12
7 7

Solution 100: 
1 5
15 16
17 19
18 12
7 7

Solution 101: 
1 5
15 16
16 18
18 12
7 7

Solution 102: 
1 5
15 16
16 18
18 12
5 14

Solution 103: 
1 5
15 16
16 18
18 12
7 11

Solution 104: 
1 5
15 16
17 19
18 12
7 11

Solution 105: 
1 5
15 16
17 19
18 12
5 14

Solution 106: 
1 5
12 15
15 16
17 19
7 11

Solution 107: 
1 5
15 16
16 15
17 19
7 11

Solution 108: 
1 5
15 16
17 19
20 13
7 11

Solution 109: 
1 5
12 14
15 16
17 19
7 11

Solution 110: 
1 5
15 16
17 19
18 13
7 11

Solution 111: 
1 5
15 16
15 18
18 13
7 11

Solution 112: 
1 5
14 20
15 16
18 13
7 11

Solution 113: 
1 5
15 16
17 20
18 13
7 11

Solution 114: 
1 5
15 16
16 18
18 13
7 11

Solution 115: 
1 5
12 15
15 16
16 18
7 11

Solution 116: 
1 5
15 16
16 18
20 13
7 11

Solution 117: 
1 5
12 14
15 16
16 18
7 11

Solution 118: 
1 5
15 16
16 15
16 18
7 11

Solution 119: 
1 5
14 20
15 16
16 15
7 11

Solution 120: 
1 5
15 16
15 18
16 15
7 11

Solution 121: 
1 5
15 16
16 15
17 20
7 11

Solution 122: 
1 5
15 16
17 20
20 13
7 11

Solution 123: 
1 5
15 16
15 18
20 13
7 11

Solution 124: 
1 5
14 20
15 16
20 13
7 11

Solution 125: 
1 5
14 20
2 16
20 13
7 11

Solution 126: 
1 5
14 20
2 17
20 13
7 11

Solution 127: 
1 5
14 17
14 20
20 13
7 11

Solution 128: 
1 5
14 17
15 18
20 13
7 11

Solution 129: 
1 5
14 17
17 19
20 13
7 11

Solution 130: 
1 5
14 17
16 18
20 13
7 11

Solution 131: 
1 5
14 17
17 20
20 13
7 11

Solution 132: 
1 5
15 18
2 16
20 13
7 11

Solution 133: 
1 5
15 18
2 17
20 13
7 11

Solution 134: 
1 5
15 18
16 15
2 17
7 11

Solution 135: 
1 5
15 18
18 13
2 17
7 11

Solution 136: 
1 5
14 20
18 13
2 17
7 11

Solution 137: 
1 5
14 20
16 15
2 17
7 11

Solution 138: 
1 5
14 20
16 15
2 16
7 11

Solution 139: 
1 5
14 17
14 20
16 15
7 11

Solution 140: 
1 5
14 17
16 15
17 20
7 11

Solution 141: 
1 5
14 17
16 15
16 18
7 11

Solution 142: 
1 5
12 14
14 17
16 18
7 11

Solution 143: 
1 5
12 15
14 17
16 18
7 11

Solution 144: 
1 5
14 17
16 18
18 13
7 11

Solution 145: 
1 5
14 17
17 20
18 13
7 11

Solution 146: 
1 5
14 17
17 19
18 13
7 11

Solution 147: 
1 5
12 14
14 17
17 19
7 11

Solution 148: 
1 5
12 15
14 17
17 19
7 11

Solution 149: 
1 5
14 17
16 15
17 19
7 11

Solution 150: 
1 5
14 17
15 18
16 15
7 11

Solution 151: 
1 5
14 17
15 18
18 13
7 11

Solution 152: 
1 5
14 17
14 20
18 13
7 11

Solution 153: 
1 5
14 20
18 13
2 16
7 11

Solution 154: 
1 5
15 18
18 13
2 16
7 11

Solution 155: 
1 5
15 18
16 15
2 16
7 11

Number of solutions found: 156

Changes at vertices: 
New Vertex: 17 19
14 19 -> 14 20
----------------------------------
Removal 7: 
Solution 0: 
14 19
18 13
2 16
6 6
7 11

Solution 1: 
14 19
18 13
2 17
6 6
7 11

Solution 2: 
14 19
15 16
18 13
6 6
7 11

Solution 3: 
14 17
14 19
18 13
6 6
7 11

Solution 4: 
14 17
15 18
18 13
6 6
7 11

Solution 5: 
14 17
18 13
20 19
6 6
7 11

Solution 6: 
14 17
16 18
18 13
6 6
7 11

Solution 7: 
15 16
16 18
18 13
6 6
7 11

Solution 8: 
15 16
18 13
20 19
6 6
7 11

Solution 9: 
15 16
15 18
18 13
6 6
7 11

Solution 10: 
15 18
18 13
2 16
6 6
7 11

Solution 11: 
15 18
18 13
2 17
6 6
7 11

Solution 12: 
15 18
16 15
2 17
6 6
7 11

Solution 13: 
15 18
2 17
20 13
6 6
7 11

Solution 14: 
15 18
2 16
20 13
6 6
7 11

Solution 15: 
15 18
16 15
2 16
6 6
7 11

Solution 16: 
15 16
15 18
16 15
6 6
7 11

Solution 17: 
14 17
15 18
16 15
6 6
7 11

Solution 18: 
14 17
15 18
20 13
6 6
7 11

Solution 19: 
15 16
15 18
20 13
6 6
7 11

Solution 20: 
14 19
15 16
20 13
6 6
7 11

Solution 21: 
14 19
2 17
20 13
6 6
7 11

Solution 22: 
14 17
14 19
20 13
6 6
7 11

Solution 23: 
14 17
14 19
16 15
6 6
7 11

Solution 24: 
14 17
16 15
20 19
6 6
7 11

Solution 25: 
14 17
16 15
16 18
6 6
7 11

Solution 26: 
14 19
16 15
2 17
6 6
7 11

Solution 27: 
14 19
16 15
2 16
6 6
7 11

Solution 28: 
14 19
15 16
16 15
6 6
7 11

Solution 29: 
15 16
16 15
20 19
6 6
7 11

Solution 30: 
15 16
16 15
16 18
6 6
7 11

Solution 31: 
12 15
15 16
16 18
6 6
7 11

Solution 32: 
15 16
16 18
18 12
6 6
7 11

Solution 33: 
12 14
15 16
16 18
6 6
7 11

Solution 34: 
15 16
16 18
20 13
6 6
7 11

Solution 35: 
14 17
16 18
20 13
6 6
7 11

Solution 36: 
12 14
14 17
16 18
6 6
7 11

Solution 37: 
12 15
14 17
16 18
6 6
7 11

Solution 38: 
14 17
16 18
18 12
6 6
7 11

Solution 39: 
14 17
18 12
20 19
6 6
7 11

Solution 40: 
15 16
18 12
20 19
6 6
7 11

Solution 41: 
12 14
15 16
20 19
6 6
7 11

Solution 42: 
12 15
15 16
20 19
6 6
7 11

Solution 43: 
12 15
14 17
20 19
6 6
7 11

Solution 44: 
12 14
14 17
20 19
6 6
7 11

Solution 45: 
14 17
20 13
20 19
6 6
7 11

Solution 46: 
15 16
20 13
20 19
6 6
7 11

Solution 47: 
14 19
2 16
20 13
6 6
7 11

Solution 48: 
15 16
16 18
18 12
6 6
6 7

Solution 49: 
15 16
16 18
18 12
5 14
6 6

Solution 50: 
15 16
18 12
20 19
5 14
6 6

Solution 51: 
15 16
18 12
20 19
6 6
6 7

Solution 52: 
15 16
18 12
20 19
5 9
6 6

Solution 53: 
15 16
16 18
18 12
5 9
6 6

Solution 54: 
15 16
16 18
18 12
6 6
7 7

Solution 55: 
15 16
18 12
20 19
6 6
7 7

Solution 56: 
14 17
18 12
20 19
6 6
7 7

Solution 57: 
14 17
18 12
20 19
5 9
6 6

Solution 58: 
14 17
18 12
20 19
6 6
6 7

Solution 59: 
14 17
16 18
18 12
6 6
6 7

Solution 60: 
14 17
16 18
18 12
6 6
7 7

Solution 61: 
14 17
16 18
18 12
5 14
6 6

Solution 62: 
14 17
16 18
18 12
5 9
6 6

Solution 63: 
14 17
18 12
20 19
5 14
6 6

Solution 64: 
1 5
14 17
18 12
20 19
5 14

Solution 65: 
1 5
14 17
16 18
18 12
5 14

Solution 66: 
1 5
15 16
16 18
18 12
5 14

Solution 67: 
1 5
15 16
18 12
20 19
5 14

Solution 68: 
1 5
15 16
18 12
20 19
7 7

Solution 69: 
1 5
15 16
16 18
18 12
7 7

Solution 70: 
1 5
15 16
16 18
18 12
5 9

Solution 71: 
1 5
15 16
16 18
18 12
6 7

Solution 72: 
1 5
15 16
18 12
20 19
6 7

Solution 73: 
1 5
15 16
18 12
20 19
5 9

Solution 74: 
1 5
15 16
18 12
20 19
7 11

Solution 75: 
1 5
15 16
16 18
18 12
7 11

Solution 76: 
1 5
12 15
15 16
16 18
7 11

Solution 77: 
1 5
12 14
15 16
16 18
7 11

Solution 78: 
1 5
15 16
16 15
16 18
7 11

Solution 79: 
1 5
15 16
16 18
20 13
7 11

Solution 80: 
1 5
15 16
16 18
18 13
7 11

Solution 81: 
1 5
15 16
18 13
20 19
7 11

Solution 82: 
1 5
14 19
15 16
18 13
7 11

Solution 83: 
1 5
15 16
15 18
18 13
7 11

Solution 84: 
1 5
15 16
15 18
20 13
7 11

Solution 85: 
1 5
15 16
15 18
16 15
7 11

Solution 86: 
1 5
14 19
15 16
16 15
7 11

Solution 87: 
1 5
14 19
15 16
20 13
7 11

Solution 88: 
1 5
15 16
20 13
20 19
7 11

Solution 89: 
1 5
12 15
15 16
20 19
7 11

Solution 90: 
1 5
12 14
15 16
20 19
7 11

Solution 91: 
1 5
15 16
16 15
20 19
7 11

Solution 92: 
11 6
15 16
18 12
20 19
6 7

Solution 93: 
11 6
15 16
18 12
20 19
5 9

Solution 94: 
11 5
15 16
18 12
20 19
5 9

Solution 95: 
11 5
15 16
18 12
20 19
6 7

Solution 96: 
11 5
15 16
16 18
18 12
6 7

Solution 97: 
11 5
15 16
16 18
18 12
5 9

Solution 98: 
11 6
15 16
16 18
18 12
5 9

Solution 99: 
11 6
15 16
16 18
18 12
6 7

Solution 100: 
11 6
14 17
16 18
18 12
6 7

Solution 101: 
11 6
14 17
16 18
18 12
5 9

Solution 102: 
11 6
14 17
18 12
20 19
5 9

Solution 103: 
11 6
14 17
18 12
20 19
6 7

Solution 104: 
11 5
14 17
18 12
20 19
6 7

Solution 105: 
11 5
14 17
16 18
18 12
6 7

Solution 106: 
1 5
14 17
16 18
18 12
6 7

Solution 107: 
1 5
14 17
18 12
20 19
6 7

Solution 108: 
1 5
14 17
18 12
20 19
7 7

Solution 109: 
1 5
14 17
18 12
20 19
5 9

Solution 110: 
11 5
14 17
18 12
20 19
5 9

Solution 111: 
11 5
14 17
16 18
18 12
5 9

Solution 112: 
1 5
14 17
16 18
18 12
5 9

Solution 113: 
1 5
14 17
16 18
18 12
7 7

Solution 114: 
1 5
14 17
16 18
18 12
7 11

Solution 115: 
1 5
12 15
14 17
16 18
7 11

Solution 116: 
1 5
14 17
16 15
16 18
7 11

Solution 117: 
1 5
14 17
16 18
20 13
7 11

Solution 118: 
1 5
12 14
14 17
16 18
7 11

Solution 119: 
1 5
14 17
16 18
18 13
7 11

Solution 120: 
1 5
14 17
15 18
18 13
7 11

Solution 121: 
1 5
14 17
18 13
20 19
7 11

Solution 122: 
1 5
14 17
14 19
18 13
7 11

Solution 123: 
1 5
14 17
14 19
16 15
7 11

Solution 124: 
1 5
14 17
14 19
20 13
7 11

Solution 125: 
1 5
14 17
20 13
20 19
7 11

Solution 126: 
1 5
12 14
14 17
20 19
7 11

Solution 127: 
1 5
12 15
14 17
20 19
7 11

Solution 128: 
1 5
14 17
16 15
20 19
7 11

Solution 129: 
1 5
14 17
15 18
16 15
7 11

Solution 130: 
1 5
14 17
15 18
20 13
7 11

Solution 131: 
1 5
14 17
18 12
20 19
7 11

Solution 132: 
1 5
14 19
16 15
2 17
7 11

Solution 133: 
1 5
14 19
2 17
20 13
7 11

Solution 134: 
1 5
14 19
18 13
2 17
7 11

Solution 135: 
1 5
14 19
18 13
2 16
7 11

Solution 136: 
1 5
14 19
16 15
2 16
7 11

Solution 137: 
1 5
14 19
2 16
20 13
7 11

Solution 138: 
1 5
15 18
2 16
20 13
7 11

Solution 139: 
1 5
15 18
2 17
20 13
7 11

Solution 140: 
1 5
15 18
16 15
2 17
7 11

Solution 141: 
1 5
15 18
16 15
2 16
7 11

Solution 142: 
1 5
15 18
18 13
2 16
7 11

Solution 143: 
1 5
15 18
18 13
2 17
7 11

Number of solutions found: 144

Changes at vertices: 
Change visibility: 14 17
15 17 -> 15 16
----------------------------------
Removal 8: 
Solution 0: 
14 19
18 13
6 6
7 11

Solution 1: 
14 19
20 13
6 6
7 11

Solution 2: 
14 19
16 15
6 6
7 11

Solution 3: 
15 18
16 15
6 6
7 11

Solution 4: 
15 18
18 13
6 6
7 11

Solution 5: 
15 18
20 13
6 6
7 11

Solution 6: 
1 5
15 18
20 13
7 11

Solution 7: 
1 5
15 18
16 15
7 11

Solution 8: 
1 5
15 18
18 13
7 11

Solution 9: 
1 5
14 19
18 13
7 11

Solution 10: 
1 5
14 19
16 15
7 11

Solution 11: 
1 5
14 19
20 13
7 11

Number of solutions found: 12

Changes at vertices: 
14 18 -> 14 17
New Vertex: 15 18
----------------------------------
Removal 9: 
Solution 0: 
14 18
18 13
6 6
7 11

Solution 1: 
14 18
20 13
6 6
7 11

Solution 2: 
14 18
16 15
6 6
7 11

Solution 3: 
1 5
14 18
16 15
7 11

Solution 4: 
1 5
14 18
20 13
7 11

Solution 5: 
1 5
14 18
18 13
7 11

Solution 6: 
1 5
14 19
18 13
7 11

Solution 7: 
1 5
16 18
18 13
7 11

Solution 8: 
1 5
18 13
20 19
7 11

Solution 9: 
1 5
12 15
20 19
7 11

Solution 10: 
1 5
12 14
20 19
7 11

Solution 11: 
1 5
16 15
20 19
7 11

Solution 12: 
1 5
20 13
20 19
7 11

Solution 13: 
1 5
14 19
20 13
7 11

Solution 14: 
1 5
16 18
20 13
7 11

Solution 15: 
1 5
12 15
16 18
7 11

Solution 16: 
1 5
12 14
16 18
7 11

Solution 17: 
1 5
16 15
16 18
7 11

Solution 18: 
1 5
14 19
16 15
7 11

Solution 19: 
1 5
16 18
18 12
7 11

Solution 20: 
1 5
18 12
20 19
7 11

Solution 21: 
1 5
18 12
20 19
5 14

Solution 22: 
1 5
18 12
20 19
7 7

Solution 23: 
1 5
18 12
20 19
6 7

Solution 24: 
1 5
18 12
20 19
5 9

Solution 25: 
1 5
16 18
18 12
5 9

Solution 26: 
1 5
16 18
18 12
5 14

Solution 27: 
1 5
16 18
18 12
7 7

Solution 28: 
1 5
16 18
18 12
6 7

Solution 29: 
16 18
18 12
6 6
6 7

Solution 30: 
11 6
16 18
18 12
6 7

Solution 31: 
11 5
16 18
18 12
6 7

Solution 32: 
11 5
16 18
18 12
5 9

Solution 33: 
11 6
16 18
18 12
5 9

Solution 34: 
16 18
18 12
5 9
6 6

Solution 35: 
16 18
18 12
6 6
7 7

Solution 36: 
16 18
18 12
6 6
7 11

Solution 37: 
16 18
18 12
5 14
6 6

Solution 38: 
18 12
20 19
5 14
6 6

Solution 39: 
18 12
20 19
5 9
6 6

Solution 40: 
18 12
20 19
6 6
7 7

Solution 41: 
18 12
20 19
6 6
7 11

Solution 42: 
18 12
20 19
6 6
6 7

Solution 43: 
11 6
18 12
20 19
6 7

Solution 44: 
11 5
18 12
20 19
6 7

Solution 45: 
11 5
18 12
20 19
5 9

Solution 46: 
11 6
18 12
20 19
5 9

Solution 47: 
12 15
20 19
6 6
7 11

Solution 48: 
12 15
16 18
6 6
7 11

Solution 49: 
16 18
20 13
6 6
7 11

Solution 50: 
20 13
20 19
6 6
7 11

Solution 51: 
16 15
20 19
6 6
7 11

Solution 52: 
16 15
16 18
6 6
7 11

Solution 53: 
12 14
16 18
6 6
7 11

Solution 54: 
12 14
20 19
6 6
7 11

Solution 55: 
18 13
20 19
6 6
7 11

Solution 56: 
16 18
18 13
6 6
7 11

Solution 57: 
14 19
18 13
6 6
7 11

Solution 58: 
14 19
20 13
6 6
7 11

Solution 59: 
14 19
16 15
6 6
7 11

Number of solutions found: 60

Changes at vertices: 
20 18 -> 20 19
Change visibility: 16 18
----------------------------------
Removal 10: 
Solution 0: 
18 13
6 6
7 11

Solution 1: 
20 13
6 6
7 11

Solution 2: 
16 15
6 6
7 11

Solution 3: 
1 5
16 15
7 11

Solution 4: 
1 5
18 13
7 11

Solution 5: 
1 5
20 13
7 11

Number of solutions found: 6

Changes at vertices: 
20 15 -> 20 18
New Vertex: 16 15
----------------------------------
Removal 11: 
Solution 0: 
12 14
6 6
7 11

Solution 1: 
18 13
6 6
7 11

Solution 2: 
20 15
6 6
7 11

Solution 3: 
12 15
6 6
7 11

Solution 4: 
20 13
6 6
7 11

Solution 5: 
1 5
20 13
7 11

Solution 6: 
1 5
20 15
7 11

Solution 7: 
1 5
12 15
7 11

Solution 8: 
1 5
18 13
7 11

Solution 9: 
1 5
12 14
7 11

Number of solutions found: 10

Changes at vertices: 
20 14 -> 20 15
New Vertex: 12 14
----------------------------------
Removal 12: 
Solution 0: 
5 14
6 6
7 11

Solution 1: 
18 12
5 14
6 6

Solution 2: 
19 11
5 14
6 6

Solution 3: 
19 12
5 14
6 6

Solution 4: 
20 14
6 6
7 11

Solution 5: 
20 13
6 6
7 11

Solution 6: 
18 13
6 6
7 11

Solution 7: 
1 5
18 13
7 11

Solution 8: 
1 5
20 14
7 11

Solution 9: 
1 5
20 13
7 11

Solution 10: 
1 5
5 14
7 11

Solution 11: 
1 5
19 12
5 14

Solution 12: 
1 5
19 11
5 14

Solution 13: 
1 5
18 12
5 14

Number of solutions found: 14

Changes at vertices: 
Change visibility: 18 13
5 13 -> 5 14
----------------------------------
Removal 13: 
Solution 0: 
6 6
7 11

Solution 1: 
1 5
7 11

Number of solutions found: 2

Changes at vertices: 
New Vertex: 18 12
5 12 -> 5 13
----------------------------------
Removal 14: 
Solution 0: 
5 12
6 6

Solution 1: 
6 6
7 11

Solution 2: 
1 5
7 11

Solution 3: 
1 5
5 12

Number of solutions found: 4

Changes at vertices: 
Change visibility: 7 11
5 11 -> 5 12
----------------------------------
Removal 15: 
Solution 0: 
5 9
6 6

Solution 1: 
6 6
6 7

Solution 2: 
11 5
6 7

Solution 3: 
11 5
5 9

Solution 4: 
11 6
5 9

Solution 5: 
1 5
5 9

Solution 6: 
1 5
5 11

Solution 7: 
1 5
6 7

Solution 8: 
1 5
7 7

Solution 9: 
1 5
7 11

Solution 10: 
6 6
7 11

Solution 11: 
6 6
7 7

Solution 12: 
5 11
6 6

Solution 13: 
11 6
6 7

Number of solutions found: 14

Changes at vertices: 
7 9 -> 7 11
New Vertex: 5 9
----------------------------------
Removal 16: 
Solution 0: 
1 9
6 6

Solution 1: 
6 6
6 7

Solution 2: 
11 5
6 7

Solution 3: 
1 9
11 5

Solution 4: 
1 9
11 6

Solution 5: 
1 5
1 9

Solution 6: 
1 5
7 9

Solution 7: 
1 5
6 7

Solution 8: 
6 6
7 9

Solution 9: 
6 6
7 7

Solution 10: 
1 5
7 7

Solution 11: 
11 6
6 7

Number of solutions found: 12

Changes at vertices: 
Change visibility: 6 7
1 7 -> 1 9
----------------------------------
Removal 17: 
Solution 0: 
6 6

Solution 1: 
1 5

Number of solutions found: 2

Changes at vertices: 
New Vertex: 6 6
1 6 -> 1 7
----------------------------------
Removal 18: 
Solution 0: 
1 6

Solution 1: 
11 5

Solution 2: 
11 6

Solution 3: 
1 5

Number of solutions found: 4

