104
1 123
1 127
10 127
10 125
20 125
20 131
6 131
6 142
2 142
2 184
9 184
9 175
16 175
16 157
33 157
33 183
54 183
54 186
48 186
48 188
58 188
58 182
40 182
40 171
59 171
59 190
60 190
60 169
51 169
51 170
42 170
42 159
45 159
45 167
47 167
47 158
61 158
61 178
151 178
151 179
159 179
159 177
192 177
192 181
193 181
193 187
184 187
184 193
131 193
131 191
78 191
78 194
94 194
94 195
53 195
53 196
52 196
52 198
55 198
55 200
86 200
86 199
89 199
89 197
194 197
194 192
190 192
190 189
200 189
200 185
199 185
199 174
145 174
145 173
160 173
160 172
100 172
100 176
63 176
63 166
64 166
64 161
62 161
62 160
82 160
82 156
8 156
8 180
3 180
3 153
56 153
56 150
41 150
41 148
21 148
21 135
38 135
38 134
23 134
23 126
35 126
35 124
37 124
37 123
