372
4 4
4 14
5 14
5 20
13 20
13 60
11 60
11 81
7 81
7 112
24 112
24 100
12 100
12 98
26 98
26 86
29 86
29 110
36 110
36 123
1 123
1 127
10 127
10 125
20 125
20 131
6 131
6 142
2 142
2 184
9 184
9 175
16 175
16 157
33 157
33 183
54 183
54 186
48 186
48 188
58 188
58 182
40 182
40 171
59 171
59 190
60 190
60 169
51 169
51 170
42 170
42 159
45 159
45 167
47 167
47 158
61 158
61 178
151 178
151 179
159 179
159 177
192 177
192 181
193 181
193 187
184 187
184 193
131 193
131 191
78 191
78 194
94 194
94 195
53 195
53 196
52 196
52 198
55 198
55 200
86 200
86 199
89 199
89 197
194 197
194 192
190 192
190 189
200 189
200 185
199 185
199 174
145 174
145 173
160 173
160 165
178 165
178 162
120 162
120 163
142 163
142 164
152 164
152 168
135 168
135 172
100 172
100 176
63 176
63 166
64 166
64 161
62 161
62 160
82 160
82 155
104 155
104 147
137 147
137 146
163 146
163 152
191 152
191 141
186 141
186 144
128 144
128 143
149 143
149 140
101 140
101 137
115 137
115 138
119 138
119 115
124 115
124 101
155 101
155 103
138 103
138 120
136 120
136 128
144 128
144 116
156 116
156 132
148 132
148 139
161 139
161 133
165 133
165 114
157 114
157 113
143 113
143 111
153 111
153 107
158 107
158 102
162 102
162 104
175 104
175 105
179 105
179 106
174 106
174 109
187 109
187 96
189 96
189 83
196 83
196 87
197 87
197 66
198 66
198 50
188 50
188 71
185 71
185 90
181 90
181 32
195 32
195 29
180 29
180 5
169 5
169 7
140 7
140 6
112 6
112 8
176 8
176 27
173 27
173 12
123 12
123 18
107 18
107 10
96 10
96 2
81 2
81 9
87 9
87 15
75 15
75 21
122 21
122 24
95 24
95 26
105 26
105 25
125 25
125 17
141 17
141 13
166 13
166 31
127 31
127 30
109 30
109 34
167 34
167 19
172 19
172 40
168 40
168 47
103 47
103 49
102 49
102 45
150 45
150 39
146 39
146 35
134 35
134 38
133 38
133 41
147 41
147 44
106 44
106 37
98 37
98 43
92 43
92 36
90 36
90 48
72 48
72 51
84 51
84 53
91 53
91 62
171 62
171 58
164 58
164 59
139 59
139 55
117 55
117 57
116 57
116 54
170 54
170 42
177 42
177 91
182 91
182 92
129 92
129 88
111 88
111 79
121 79
121 80
132 80
132 77
130 77
130 70
154 70
154 68
126 68
126 75
108 75
108 78
88 78
88 73
74 73
74 85
71 85
71 95
68 95
68 56
57 56
57 61
49 61
49 118
50 118
50 64
67 64
67 67
65 67
65 117
66 117
66 136
69 136
69 121
70 121
70 119
73 119
73 94
77 94
77 74
79 74
79 82
93 82
93 84
97 84
97 93
183 93
183 97
118 97
118 99
113 99
113 122
110 122
110 129
114 129
114 130
99 130
99 154
85 154
85 145
83 145
83 151
80 151
80 149
76 149
76 156
8 156
8 180
3 180
3 153
56 153
56 150
41 150
41 148
21 148
21 135
38 135
38 134
23 134
23 126
35 126
35 124
37 124
37 108
34 108
34 89
30 89
30 76
15 76
15 4
