94
118 141
118 136
30 136
30 138
18 138
18 147
4 147
4 120
1 120
1 125
3 125
3 151
2 151
2 154
5 154
5 155
6 155
6 148
21 148
21 139
48 139
48 144
53 144
53 137
75 137
75 149
36 149
36 150
78 150
78 146
102 146
102 153
92 153
92 159
81 159
81 161
94 161
94 162
67 162
67 163
130 163
130 164
129 164
129 171
116 171
116 170
55 170
55 168
26 168
26 186
23 186
23 188
25 188
25 200
45 200
45 195
97 195
97 194
105 194
105 196
77 196
77 197
62 197
62 199
79 199
79 198
199 198
199 193
170 193
170 192
50 192
50 185
63 185
63 181
61 181
61 178
33 178
33 172
161 172
161 169
179 169
179 167
132 167
132 157
98 157
98 156
110 156
110 152
126 152
126 143
113 143
113 142
138 142
138 141
