272
27 89
27 91
19 91
19 98
16 98
16 100
17 100
17 106
22 106
22 117
11 117
11 123
13 123
13 131
128 131
128 133
134 133
134 141
118 141
118 136
30 136
30 138
18 138
18 147
4 147
4 120
1 120
1 125
3 125
3 151
2 151
2 154
5 154
5 155
6 155
6 148
21 148
21 139
48 139
48 144
53 144
53 137
75 137
75 149
36 149
36 150
78 150
78 146
102 146
102 153
92 153
92 159
81 159
81 161
94 161
94 162
67 162
67 163
130 163
130 164
129 164
129 171
116 171
116 170
55 170
55 168
26 168
26 186
23 186
23 188
25 188
25 200
45 200
45 195
97 195
97 194
105 194
105 196
77 196
77 197
62 197
62 199
79 199
79 198
199 198
199 177
198 177
198 176
162 176
162 179
146 179
146 182
178 182
178 187
180 187
180 180
189 180
189 184
190 184
190 183
195 183
195 193
170 193
170 189
137 189
137 191
71 191
71 190
68 190
68 192
50 192
50 185
63 185
63 181
61 181
61 175
58 175
58 174
51 174
51 178
33 178
33 172
141 172
141 173
161 173
161 169
179 169
179 166
155 166
155 165
152 165
152 160
151 160
151 158
153 158
153 145
154 145
154 140
150 140
150 130
145 130
145 167
132 167
132 157
98 157
98 156
110 156
110 152
126 152
126 143
113 143
113 142
138 142
138 129
15 129
15 127
14 127
14 118
24 118
24 94
31 94
31 96
35 96
35 101
115 101
115 109
108 109
108 108
93 108
93 107
74 107
74 112
52 112
52 113
121 113
121 99
43 99
43 93
64 93
64 92
38 92
38 90
140 90
140 71
143 71
143 77
148 77
148 79
160 79
160 103
144 103
144 105
164 105
164 119
200 119
200 116
191 116
191 114
181 114
181 115
169 115
169 104
177 104
177 97
171 97
171 78
149 78
149 69
139 69
139 76
125 76
125 80
122 80
122 75
114 75
114 70
106 70
106 74
101 74
101 56
100 56
100 62
96 62
96 87
90 87
90 48
87 48
87 32
91 32
91 41
95 41
95 37
103 37
103 36
127 36
127 39
131 39
131 43
119 43
119 47
123 47
123 52
142 52
142 33
158 33
158 64
159 64
159 24
156 24
156 23
120 23
120 31
84 31
84 34
72 34
72 40
70 40
70 59
69 59
69 65
73 65
73 46
76 46
76 49
83 49
83 54
89 54
89 72
86 72
86 88
57 88
57 89
