270
37 716
37 610
47 610
47 614
75 614
75 613
76 613
76 617
290 617
290 611
299 611
299 605
186 605
186 604
53 604
53 603
12 603
12 598
2 598
2 597
1 597
1 607
72 607
72 606
284 606
284 615
80 615
80 609
34 609
34 608
14 608
14 616
35 616
35 631
32 631
32 786
36 786
36 813
28 813
28 928
20 928
20 1158
25 1158
25 1177
23 1177
23 1233
13 1233
13 1240
11 1240
11 1053
5 1053
5 754
10 754
10 667
8 667
8 645
9 645
9 619
3 619
3 780
4 780
4 1070
7 1070
7 1175
6 1175
6 1264
31 1264
31 1131
51 1131
51 1183
56 1183
56 1205
65 1205
65 1224
52 1224
52 1445
54 1445
54 1773
55 1773
55 2018
58 2018
58 1892
66 1892
66 1858
110 1858
110 1863
185 1863
185 1901
188 1901
188 2040
165 2040
165 2027
172 2027
172 2020
160 2020
160 2047
120 2047
120 2050
147 2050
147 2058
170 2058
170 2081
181 2081
181 2087
163 2087
163 2088
171 2088
171 2091
117 2091
117 2094
143 2094
143 2159
135 2159
135 2200
148 2200
148 2173
182 2173
182 2221
191 2221
191 2203
195 2203
195 2226
189 2226
189 2270
116 2270
116 2309
97 2309
97 2332
85 2332
85 2308
94 2308
94 2307
82 2307
82 2227
89 2227
89 2170
88 2170
88 2086
104 2086
104 2053
108 2053
108 2034
102 2034
102 2026
87 2026
87 2054
86 2054
86 2218
77 2218
77 2298
78 2298
78 2334
91 2334
91 2338
81 2338
81 2340
209 2340
209 2335
275 2335
275 2323
281 2323
281 2406
285 2406
285 2467
317 2467
317 2453
288 2453
288 2391
313 2391
313 2244
312 2244
312 2353
311 2353
311 2364
283 2364
283 2354
282 2354
282 2349
308 2349
308 2314
277 2314
277 2083
279 2083
279 1903
276 1903
276 1824
280 1824
280 1775
274 1775
274 2179
272 2179
272 2333
197 2333
197 2328
184 2328
184 2316
177 2316
177 2315
169 2315
169 2321
150 2321
150 2311
187 2311
187 2301
118 2301
118 2271
142 2271
142 2279
196 2279
196 2232
199 2232
199 2167
198 2167
198 2147
229 2147
229 2051
232 2051
232 1890
233 1890
233 1879
228 1879
228 1972
227 1972
227 2117
202 2117
202 2130
193 2130
193 2151
174 2151
174 2160
161 2160
161 2114
183 2114
183 2084
194 2084
194 2039
192 2039
192 1862
176 1862
176 1856
60 1856
60 1843
61 1843
61 1835
125 1835
125 1833
164 1833
164 1829
62 1829
62 1417
57 1417
57 1230
69 1230
69 1201
59 1201
59 1129
24 1129
24 1032
27 1032
27 1006
29 1006
29 975
30 975
30 913
38 913
38 853
41 853
41 738
46 738
46 716
