242
69 1
69 6
66 6
66 7
67 7
67 33
68 33
68 9
73 9
73 10
72 10
72 29
74 29
74 37
70 37
70 40
71 40
71 41
84 41
84 49
81 49
81 53
80 53
80 66
114 66
114 69
130 69
130 63
133 63
133 83
135 83
135 110
140 110
140 142
128 142
128 93
129 93
129 78
127 78
127 70
121 70
121 114
111 114
111 79
107 79
107 92
95 92
95 97
101 97
101 102
102 102
102 105
106 105
106 108
108 108
108 116
120 116
120 132
113 132
113 134
96 134
96 119
65 119
65 118
62 118
62 115
47 115
47 103
51 103
51 107
49 107
49 113
58 113
58 101
54 101
54 96
63 96
63 95
44 95
44 94
39 94
39 87
3 87
3 121
9 121
9 127
1 127
1 149
2 149
2 150
32 150
32 145
19 145
19 143
7 143
7 138
14 138
14 141
20 141
20 130
22 130
22 129
6 129
6 128
11 128
11 120
13 120
13 117
16 117
16 112
23 112
23 111
5 111
5 98
15 98
15 100
30 100
30 104
31 104
31 99
17 99
17 89
37 89
37 123
38 123
38 109
45 109
45 124
33 124
33 133
36 133
36 131
77 131
77 137
86 137
86 126
35 126
35 125
83 125
83 122
87 122
87 135
118 135
118 136
115 136
115 139
123 139
123 140
76 140
76 144
116 144
116 146
97 146
97 147
117 147
117 148
141 148
141 106
138 106
138 76
136 76
136 52
142 52
142 80
147 80
147 51
146 51
146 57
145 57
145 46
144 46
144 54
143 54
143 43
139 43
139 45
132 45
132 47
131 47
131 62
126 62
126 56
119 56
119 64
89 64
89 44
90 44
90 42
103 42
103 35
105 35
105 26
110 26
110 19
124 19
124 23
149 23
149 20
150 20
150 14
125 14
125 18
122 18
122 12
112 12
112 15
109 15
109 22
104 22
104 16
98 16
98 32
100 32
100 38
99 38
99 39
78 39
78 30
92 30
92 28
94 28
94 27
93 27
93 25
79 25
79 24
82 24
82 21
88 21
88 13
75 13
75 8
85 8
85 3
91 3
91 5
137 5
137 4
148 4
148 2
134 2
134 1
