104
102 41
102 39
120 39
120 24
80 24
80 21
43 21
43 34
40 34
40 29
31 29
31 26
12 26
12 19
30 19
30 14
13 14
13 9
1 9
1 16
2 16
2 20
4 20
4 30
7 30
7 32
6 32
6 35
45 35
45 33
86 33
86 31
100 31
100 28
55 28
55 22
68 22
68 25
107 25
107 27
113 27
113 38
104 38
104 36
83 36
83 37
79 37
79 40
51 40
51 71
54 71
54 74
41 74
41 50
36 50
36 54
29 54
29 72
32 72
32 64
39 64
39 79
48 79
48 83
37 83
37 85
20 85
20 102
26 102
26 99
35 99
35 96
34 96
34 87
57 87
57 86
52 86
52 82
56 82
56 63
131 63
131 62
139 62
139 61
96 61
96 60
67 60
67 59
119 59
119 58
88 58
88 57
135 57
135 56
108 56
108 55
81 55
81 49
106 49
106 48
53 48
53 43
62 43
62 41
