106
45 175
45 186
46 186
46 209
42 209
42 213
21 213
21 241
13 241
13 201
15 201
15 197
14 197
14 193
10 193
10 128
5 128
5 200
2 200
2 194
1 194
1 210
3 210
3 250
4 250
4 218
6 218
6 220
7 220
7 168
9 168
9 206
12 206
12 245
31 245
31 246
54 246
54 247
64 247
64 232
41 232
41 243
24 243
24 224
27 224
27 223
48 223
48 222
39 222
39 221
32 221
32 216
114 216
114 217
138 217
138 219
77 219
77 226
97 226
97 238
134 238
134 234
154 234
154 233
123 233
123 228
129 228
129 229
151 229
151 227
163 227
163 230
168 230
168 248
95 248
95 249
170 249
170 242
177 242
177 244
178 244
178 235
197 235
197 240
229 240
229 237
240 237
240 236
223 236
223 231
173 231
173 239
172 239
172 225
157 225
157 215
152 215
152 214
117 214
117 212
44 212
44 211
55 211
55 208
50 208
50 175
