250
139 31
139 42
109 42
109 47
99 47
99 39
61 39
61 63
62 63
62 68
59 68
59 50
58 50
58 70
63 70
63 135
54 135
54 138
50 138
50 147
97 147
97 171
94 171
94 182
114 182
114 189
118 189
118 192
110 192
110 195
89 195
89 197
6 197
6 219
4 219
4 222
1 222
1 247
2 247
2 249
3 249
3 224
5 224
5 250
11 250
11 243
14 243
14 248
19 248
19 244
23 244
23 242
13 242
13 229
12 229
12 207
9 207
9 235
8 235
8 209
7 209
7 200
36 200
36 201
116 201
116 199
55 199
55 198
159 198
159 205
128 205
128 214
157 214
157 216
115 216
115 218
74 218
74 220
122 220
122 221
154 221
154 217
164 217
164 226
39 226
39 246
68 246
68 245
41 245
41 241
60 241
60 240
40 240
40 227
69 227
69 228
52 228
52 237
56 237
56 239
79 239
79 238
127 238
127 234
121 234
121 233
75 233
75 231
142 231
142 232
145 232
145 230
166 230
166 204
161 204
161 196
135 196
135 194
125 194
125 193
126 193
126 181
107 181
107 166
108 166
108 180
174 180
174 179
134 179
134 177
160 177
160 178
173 178
173 160
158 160
158 174
165 174
165 176
123 176
123 173
119 173
119 139
130 139
130 99
131 99
131 93
172 93
172 104
136 104
136 105
132 105
132 167
137 167
137 136
138 136
138 106
169 106
169 118
180 118
180 116
181 116
181 112
190 112
190 163
183 163
183 203
185 203
185 169
192 169
192 137
193 137
193 107
191 107
191 90
203 90
203 124
194 124
194 154
195 154
195 185
196 185
196 191
198 191
198 215
200 215
200 183
199 183
199 142
205 142
205 155
202 155
202 157
208 157
208 125
204 125
204 87
189 87
189 102
187 102
187 92
133 92
133 91
120 91
120 100
129 100
129 109
111 109
111 133
113 133
113 153
112 153
112 159
106 159
106 172
105 172
105 145
85 145
85 141
81 141
81 126
72 126
72 132
64 132
64 77
65 77
65 113
66 113
66 46
67 46
67 44
93 44
93 43
95 43
95 45
71 45
71 57
177 57
177 56
184 56
184 40
168 40
168 53
124 53
124 54
178 54
178 55
117 55
117 51
144 51
144 31
