96
5 4
5 7
1 7
1 19
2 19
2 24
3 24
3 37
14 37
14 25
15 25
15 16
13 16
13 21
10 21
10 36
4 36
4 11
7 11
7 13
11 13
11 15
18 15
18 12
8 12
8 10
12 10
12 9
6 9
6 6
9 6
9 5
29 5
29 8
30 8
30 14
35 14
35 26
41 26
41 46
24 46
24 77
21 77
21 82
23 82
23 83
19 83
19 84
20 84
20 87
32 87
32 65
33 65
33 89
38 89
38 80
39 80
39 74
70 74
70 76
77 76
77 81
84 81
84 88
90 88
90 86
94 86
94 78
91 78
91 75
87 75
87 73
80 73
80 72
74 72
74 71
34 71
34 69
40 69
40 64
31 64
31 79
28 79
28 85
25 85
25 67
26 67
26 52
27 52
27 50
44 50
44 47
47 47
47 41
42 41
42 4
