1064
71 1525
71 1519
114 1519
114 1513
244 1513
244 1493
258 1493
258 1483
250 1483
250 1482
248 1482
248 1444
1 1444
1 1445
111 1445
111 1466
107 1466
107 1490
133 1490
133 1467
156 1467
156 1473
137 1473
137 1476
173 1476
173 1465
149 1465
149 1464
192 1464
192 1454
129 1454
129 1488
127 1488
127 1449
202 1449
202 1451
204 1451
204 1447
223 1447
223 1494
216 1494
216 1503
225 1503
225 1446
242 1446
242 1510
224 1510
224 1509
53 1509
53 1511
103 1511
103 1514
54 1514
54 1517
23 1517
23 1562
15 1562
15 1650
14 1650
14 1653
17 1653
17 1660
70 1660
70 1668
85 1668
85 1777
86 1777
86 1877
84 1877
84 2141
79 2141
79 2210
80 2210
80 2250
78 2250
78 1960
66 1960
66 1961
63 1961
63 1929
61 1929
61 1925
62 1925
62 1814
60 1814
60 1726
59 1726
59 1890
58 1890
58 1971
76 1971
76 2269
74 2269
74 2357
82 2357
82 2373
73 2373
73 2268
72 2268
72 2239
67 2239
67 2142
64 2142
64 2333
65 2333
65 2286
69 2286
69 2374
89 2374
89 2360
97 2360
97 2427
135 2427
135 2440
94 2440
94 2363
93 2363
93 2430
77 2430
77 2445
105 2445
105 2448
101 2448
101 2449
239 2449
239 2451
219 2451
219 2452
243 2452
243 2473
214 2473
214 2479
206 2479
206 2483
181 2483
181 2465
172 2465
172 2468
128 2468
128 2478
112 2478
112 2476
90 2476
90 2475
49 2475
49 2472
48 2472
48 2459
51 2459
51 2308
44 2308
44 2303
40 2303
40 2088
43 2088
43 2072
45 2072
45 2059
41 2059
41 2020
27 2020
27 2031
19 2031
19 2294
25 2294
25 2235
26 2235
26 2258
30 2258
30 2032
31 2032
31 2138
38 2138
38 2295
12 2295
12 2300
8 2300
8 2260
13 2260
13 2165
5 2165
5 2324
11 2324
11 2305
32 2305
32 2336
37 2336
37 2326
39 2326
39 2442
29 2442
29 2423
24 2423
24 2369
22 2369
22 2424
10 2424
10 2354
16 2354
16 2341
6 2341
6 2431
7 2431
7 2447
33 2447
33 2462
20 2462
20 2463
4 2463
4 2460
2 2460
2 2480
28 2480
28 2482
141 2482
141 2477
145 2477
145 2469
167 2469
167 2484
91 2484
91 2490
140 2490
140 2491
21 2491
21 2492
108 2492
108 2494
113 2494
113 2495
9 2495
9 2485
3 2485
3 2497
134 2497
134 2500
150 2500
150 2498
163 2498
163 2496
148 2496
148 2493
147 2493
147 2499
143 2499
143 2489
123 2489
123 2486
170 2486
170 2488
185 2488
185 2487
213 2487
213 2481
287 2481
287 2474
247 2474
247 2458
293 2458
293 2446
153 2446
153 2420
120 2420
120 2406
106 2406
106 2404
146 2404
146 2399
139 2399
139 2400
102 2400
102 2323
88 2323
88 2339
75 2339
75 2314
83 2314
83 2313
99 2313
99 2261
98 2261
98 2173
96 2173
96 2247
92 2247
92 2310
87 2310
87 1659
42 1659
42 1649
116 1649
116 1652
131 1652
131 1667
151 1667
151 1666
169 1666
169 1663
353 1663
353 1664
212 1664
212 1669
236 1669
236 1670
257 1670
257 1665
365 1665
365 1681
333 1681
333 1676
330 1676
330 1747
338 1747
338 1705
399 1705
399 1706
340 1706
340 1729
342 1729
342 1913
339 1913
339 1894
332 1894
332 1876
331 1876
331 1865
322 1865
322 1886
308 1886
308 1947
323 1947
323 1963
316 1963
316 1965
337 1965
337 1973
296 1973
296 2005
297 2005
297 1985
318 1985
318 1980
298 1980
298 1977
319 1977
319 2273
417 2273
417 2199
419 2199
419 2304
304 2304
304 2306
352 2306
352 2309
315 2309
315 2320
320 2320
320 2338
327 2338
327 2334
328 2334
328 2325
401 2325
401 2317
381 2317
381 2311
422 2311
422 2187
386 2187
386 2179
380 2179
380 2132
387 2132
387 2140
400 2140
400 2136
414 2136
414 2122
489 2122
489 2109
493 2109
493 2121
496 2121
496 1990
497 1990
497 2030
505 2030
505 2002
506 2002
506 2006
520 2006
520 2017
517 2017
517 2024
526 2024
526 2055
532 2055
532 2137
530 2137
530 2162
542 2162
542 2203
544 2203
544 2337
541 2337
541 2370
548 2370
548 2398
549 2398
549 2245
553 2245
553 2270
555 2270
555 2315
560 2315
560 2361
561 2361
561 2231
557 2231
557 2168
554 2168
554 2232
546 2232
546 2159
558 2159
558 2102
550 2102
550 2079
545 2079
545 2139
533 2139
533 2096
535 2096
535 2023
536 2023
536 1993
499 1993
499 1895
502 1895
502 1981
510 1981
510 1912
511 1912
511 1866
586 1866
586 1892
579 1892
579 1907
588 1907
588 1860
592 1860
592 1856
597 1856
597 1850
622 1850
622 1918
638 1918
638 1928
625 1928
625 1950
632 1950
632 1955
720 1955
720 1949
717 1949
717 1914
711 1914
711 1885
729 1885
729 1940
736 1940
736 1969
674 1969
674 1970
740 1970
740 1903
742 1903
742 2012
756 2012
756 2021
759 2021
759 1983
764 1983
764 2033
767 2033
767 2003
777 2003
777 1979
770 1979
770 1968
1084 1968
1084 1975
1076 1975
1076 1982
1080 1982
1080 1984
1048 1984
1048 2010
1029 2010
1029 1988
1019 1988
1019 1995
1012 1995
1012 2013
1061 2013
1061 1994
1070 1994
1070 2014
999 2014
999 2143
996 2143
996 2222
1024 2222
1024 2257
886 2257
886 2192
894 2192
894 2190
948 2190
948 2191
973 2191
973 2048
968 2048
968 2054
966 2054
966 2043
934 2043
934 2040
744 2040
744 2099
761 2099
761 2151
766 2151
766 2050
915 2050
915 2063
854 2063
854 2169
834 2169
834 2115
802 2115
802 2114
771 2114
771 2130
778 2130
778 2129
830 2129
830 2182
827 2182
827 2144
809 2144
809 2161
810 2161
810 2146
822 2146
822 2170
788 2170
788 2204
793 2204
793 2219
814 2219
814 2255
816 2255
816 2208
824 2208
824 2211
857 2211
857 2285
860 2285
860 2205
849 2205
849 2178
867 2178
867 2074
875 2074
875 2082
972 2082
972 2174
963 2174
963 2152
910 2152
910 2084
895 2084
895 2089
891 2089
891 2100
896 2100
896 2126
905 2126
905 2181
946 2181
946 2189
900 2189
900 2186
885 2186
885 2272
898 2272
898 2262
1025 2262
1025 2157
1003 2157
1003 2166
1023 2166
1023 2217
1001 2217
1001 2080
1008 2080
1008 2041
1088 2041
1088 2060
1032 2060
1032 2106
1021 2106
1021 2120
1047 2120
1047 2119
1040 2119
1040 2067
1086 2067
1086 2290
974 2290
974 2302
1100 2302
1100 2312
1103 2312
1103 2316
692 2316
692 2328
781 2328
781 2322
1011 2322
1011 2321
1018 2321
1018 2327
1099 2327
1099 2319
1064 2319
1064 2318
1109 2318
1109 2299
1121 2299
1121 2330
976 2330
976 2331
603 2331
603 2335
599 2335
599 2349
605 2349
605 2382
598 2382
598 2342
565 2342
565 2408
564 2408
564 2456
563 2456
563 2457
591 2457
591 2471
594 2471
594 2461
629 2461
629 2467
732 2467
732 2466
746 2466
746 2470
768 2470
768 2464
656 2464
656 2453
726 2453
726 2441
695 2441
695 2372
705 2372
705 2367
797 2367
797 2403
796 2403
796 2381
790 2381
790 2368
774 2368
774 2443
1235 2443
1235 2439
812 2439
812 2429
783 2429
783 2428
843 2428
843 2436
865 2436
865 2437
993 2437
993 2438
995 2438
995 2435
1027 2435
1027 2434
1059 2434
1059 2433
879 2433
879 2432
967 2432
967 2419
808 2419
808 2410
850 2410
850 2418
1158 2418
1158 2422
1111 2422
1111 2426
1432 2426
1432 2421
1319 2421
1319 2425
1178 2425
1178 2416
1219 2416
1219 2414
1372 2414
1372 2413
1458 2413
1458 2402
1459 2402
1459 2401
1493 2401
1493 2049
1494 2049
1494 2280
1497 2280
1497 2279
1495 2279
1495 2035
1509 2035
1509 2047
1607 2047
1607 2039
1634 2039
1634 2042
1626 2042
1626 2167
1658 2167
1658 2153
1673 2153
1673 2246
1651 2246
1651 2236
1657 2236
1657 2230
1645 2230
1645 2200
1642 2200
1642 2256
1638 2256
1638 2264
1629 2264
1629 2253
1572 2253
1572 2265
1769 2265
1769 2267
1749 2267
1749 2281
1615 2281
1615 2296
1622 2296
1622 2283
1800 2283
1800 2276
1872 2276
1872 2275
1775 2275
1775 2240
1761 2240
1761 2237
1779 2237
1779 2225
1808 2225
1808 2216
1805 2216
1805 2213
1862 2213
1862 2227
1898 2227
1898 2241
1899 2241
1899 2266
1889 2266
1889 2278
1905 2278
1905 2287
1916 2287
1916 2282
1918 2282
1918 2292
1922 2292
1922 2271
1914 2271
1914 2214
1903 2214
1903 2207
1770 2207
1770 2215
1696 2215
1696 2221
1754 2221
1754 2224
1723 2224
1723 2234
1677 2234
1677 2223
1695 2223
1695 2177
1690 2177
1690 2171
1678 2171
1678 2150
1635 2150
1635 2038
1511 2038
1511 2028
1478 2028
1478 2071
1421 2071
1421 2058
1401 2058
1401 2108
1354 2108
1354 2076
1361 2076
1361 2075
1279 2075
1279 2081
1352 2081
1352 2095
1349 2095
1349 2123
1318 2123
1318 2117
1344 2117
1344 2112
1271 2112
1271 2124
1217 2124
1217 2127
1221 2127
1221 2133
1268 2133
1268 2134
1275 2134
1275 2128
1387 2128
1387 2111
1360 2111
1360 2110
1388 2110
1388 2118
1443 2118
1443 2131
1467 2131
1467 2244
1460 2244
1460 2274
1475 2274
1475 2259
1461 2259
1461 2251
1464 2251
1464 2252
1476 2252
1476 2183
1473 2183
1473 2135
1474 2135
1474 2125
1444 2125
1444 2105
1427 2105
1427 2085
1469 2085
1469 2098
1480 2098
1480 2249
1482 2249
1482 2093
1485 2093
1485 2289
1489 2289
1489 2156
1491 2156
1491 2371
1200 2371
1200 2378
1098 2378
1098 2379
1414 2379
1414 2387
1433 2387
1433 2411
1188 2411
1188 2415
1041 2415
1041 2417
965 2417
965 2407
799 2407
799 2384
800 2384
800 2377
856 2377
856 2366
672 2366
672 2380
669 2380
669 2388
667 2388
667 2397
679 2397
679 2444
725 2444
725 2450
653 2450
653 2454
581 2454
581 2455
566 2455
566 2346
571 2346
571 2386
620 2386
620 2376
614 2376
614 2375
611 2375
611 2332
1123 2332
1123 2329
1125 2329
1125 2297
1090 2297
1090 2037
1009 2037
1009 2022
1085 2022
1085 1978
1091 1978
1091 1967
757 1967
757 1989
755 1989
755 2011
743 2011
743 1902
737 1902
737 1878
693 1878
693 1942
681 1942
681 1938
678 1938
678 1875
657 1875
657 1848
528 1848
528 1855
498 1855
498 1872
476 1872
476 1937
495 1937
495 2018
468 2018
468 2026
480 2026
480 2046
478 2046
478 2064
472 2064
472 2073
457 2073
457 2077
452 2077
452 2086
424 2086
424 2066
415 2066
415 2068
388 2068
388 2078
405 2078
405 2083
378 2083
378 2065
426 2065
426 2052
432 2052
432 1710
431 1710
431 2051
375 2051
375 2091
428 2091
428 2103
467 2103
467 2107
455 2107
455 2116
377 2116
377 2188
395 2188
395 2226
362 2226
362 2229
391 2229
391 2243
343 2243
343 2254
336 2254
336 2263
325 2263
325 2101
321 2101
321 1976
356 1976
356 1972
341 1972
341 1927
359 1927
359 1871
351 1871
351 1868
345 1868
345 1750
358 1750
358 1730
368 1730
368 1721
383 1721
383 1707
404 1707
404 1700
410 1700
410 1696
398 1696
398 1662
305 1662
305 1661
142 1661
142 1648
56 1648
56 1645
55 1645
55 1641
18 1641
18 1611
34 1611
34 1564
35 1564
35 1525
