100
71 1525
71 1519
114 1519
114 1513
244 1513
244 1493
258 1493
258 1483
250 1483
250 1482
248 1482
248 1444
1 1444
1 1445
111 1445
111 1466
107 1466
107 1490
133 1490
133 1467
156 1467
156 1473
137 1473
137 1476
173 1476
173 1465
149 1465
149 1464
192 1464
192 1454
129 1454
129 1488
127 1488
127 1449
202 1449
202 1451
204 1451
204 1447
223 1447
223 1494
216 1494
216 1503
225 1503
225 1446
242 1446
242 1510
224 1510
224 1509
53 1509
53 1511
103 1511
103 1514
54 1514
54 1517
23 1517
23 1562
15 1562
15 1650
14 1650
14 1653
17 1653
17 1660
70 1660
70 1668
85 1668
85 1777
86 1777
86 1877
84 1877
84 2141
79 2141
79 2210
80 2210
80 2250
78 2250
78 1961
63 1961
63 1929
61 1929
61 1925
58 1925
58 1971
76 1971
76 2269
87 2269
87 1659
42 1659
42 1649
142 1649
142 1648
56 1648
56 1645
55 1645
55 1641
18 1641
18 1611
34 1611
34 1564
35 1564
35 1525
