310
71 1525
71 1519
114 1519
114 1513
244 1513
244 1493
258 1493
258 1483
250 1483
250 1482
248 1482
248 1444
1 1444
1 1445
111 1445
111 1466
107 1466
107 1490
133 1490
133 1467
156 1467
156 1473
137 1473
137 1476
173 1476
173 1465
149 1465
149 1464
192 1464
192 1454
129 1454
129 1488
127 1488
127 1449
202 1449
202 1451
204 1451
204 1447
223 1447
223 1494
216 1494
216 1503
225 1503
225 1446
242 1446
242 1510
224 1510
224 1509
53 1509
53 1511
103 1511
103 1514
54 1514
54 1517
23 1517
23 1562
15 1562
15 1650
14 1650
14 1653
17 1653
17 1660
70 1660
70 1668
85 1668
85 1777
86 1777
86 1877
84 1877
84 2141
79 2141
79 2210
80 2210
80 2250
78 2250
78 1960
66 1960
66 1961
63 1961
63 1929
61 1929
61 1925
62 1925
62 1814
60 1814
60 1726
59 1726
59 1890
58 1890
58 1971
76 1971
76 2269
74 2269
74 2357
82 2357
82 2373
73 2373
73 2268
72 2268
72 2239
67 2239
67 2142
64 2142
64 2333
65 2333
65 2286
69 2286
69 2374
89 2374
89 2360
97 2360
97 2427
135 2427
135 2440
94 2440
94 2363
93 2363
93 2430
77 2430
77 2445
105 2445
105 2448
101 2448
101 2449
239 2449
239 2451
219 2451
219 2452
243 2452
243 2473
214 2473
214 2479
206 2479
206 2483
181 2483
181 2465
172 2465
172 2468
128 2468
128 2478
112 2478
112 2476
90 2476
90 2475
49 2475
49 2472
48 2472
48 2459
51 2459
51 2308
44 2308
44 2303
40 2303
40 2088
43 2088
43 2072
45 2072
45 2059
41 2059
41 2020
27 2020
27 2031
19 2031
19 2294
25 2294
25 2235
26 2235
26 2258
30 2258
30 2032
31 2032
31 2138
38 2138
38 2295
12 2295
12 2300
8 2300
8 2260
13 2260
13 2165
5 2165
5 2324
11 2324
11 2305
32 2305
32 2336
37 2336
37 2326
39 2326
39 2442
29 2442
29 2423
24 2423
24 2369
22 2369
22 2424
10 2424
10 2354
16 2354
16 2341
6 2341
6 2431
7 2431
7 2447
33 2447
33 2462
20 2462
20 2463
4 2463
4 2460
2 2460
2 2480
28 2480
28 2482
141 2482
141 2477
145 2477
145 2469
167 2469
167 2484
91 2484
91 2490
140 2490
140 2491
21 2491
21 2492
108 2492
108 2494
113 2494
113 2495
9 2495
9 2485
3 2485
3 2497
134 2497
134 2500
150 2500
150 2498
163 2498
163 2496
148 2496
148 2493
147 2493
147 2499
143 2499
143 2489
123 2489
123 2486
170 2486
170 2488
185 2488
185 2487
213 2487
213 2481
287 2481
287 2474
247 2474
247 2458
293 2458
293 2446
153 2446
153 2420
120 2420
120 2406
106 2406
106 2404
146 2404
146 2399
139 2399
139 2400
102 2400
102 2323
88 2323
88 2339
75 2339
75 2314
83 2314
83 2313
99 2313
99 2261
98 2261
98 2173
96 2173
96 2247
92 2247
92 2310
87 2310
87 1659
42 1659
42 1649
116 1649
116 1652
131 1652
131 1663
398 1663
398 1662
305 1662
305 1661
142 1661
142 1648
56 1648
56 1645
55 1645
55 1641
18 1641
18 1611
34 1611
34 1564
35 1564
35 1525
