120
93 15
93 29
91 29
91 44
16 44
16 45
8 45
8 51
7 51
7 52
1 52
1 57
56 57
56 56
82 56
82 50
74 50
74 55
24 55
24 54
27 54
27 46
59 46
59 48
96 48
96 49
99 49
99 19
95 19
95 16
121 16
121 21
105 21
105 28
107 28
107 41
109 41
109 38
113 38
113 33
126 33
126 36
129 36
129 30
132 30
132 35
145 35
145 58
115 58
115 59
148 59
148 47
163 47
163 53
158 53
158 61
185 61
185 63
187 63
187 68
139 68
139 67
114 67
114 66
80 66
80 65
77 65
77 69
116 69
116 71
124 71
124 70
142 70
142 77
152 77
152 72
182 72
182 74
181 74
181 78
175 78
175 80
184 80
184 81
135 81
135 85
151 85
151 87
214 87
214 86
199 86
199 84
140 84
140 82
195 82
195 79
192 79
192 75
188 75
188 64
213 64
213 62
212 62
212 60
165 60
165 42
164 42
164 40
156 40
156 34
134 34
134 32
157 32
157 31
159 31
159 26
111 26
111 22
161 22
161 15
