760
79 2
79 21
78 21
78 128
85 128
85 391
80 391
80 393
67 393
67 400
56 400
56 417
64 417
64 428
18 428
18 431
14 431
14 415
7 415
7 389
3 389
3 382
11 382
11 377
19 377
19 354
1 354
1 355
2 355
2 414
4 414
4 420
10 420
10 452
13 452
13 438
15 438
15 500
20 500
20 467
34 467
34 429
57 429
57 432
65 432
65 412
58 412
58 405
98 405
98 370
100 370
100 326
93 326
93 312
92 312
92 259
99 259
99 250
102 250
102 226
101 226
101 244
91 244
91 225
96 225
96 64
94 64
94 56
90 56
90 116
87 116
87 257
88 257
88 387
97 387
97 401
95 401
95 403
86 403
86 101
81 101
81 7
89 7
89 5
108 5
108 209
107 209
107 67
106 67
106 212
109 212
109 20
110 20
110 243
103 243
103 248
105 248
105 263
116 263
116 261
125 261
125 307
121 307
121 290
124 290
124 271
119 271
119 295
120 295
120 361
127 361
127 375
174 375
174 376
211 376
211 352
220 352
220 292
218 292
218 333
209 333
209 258
222 258
222 246
216 246
216 192
199 192
199 214
201 214
201 223
203 223
203 228
213 228
213 230
208 230
208 282
181 282
181 252
186 252
186 255
184 255
184 275
193 275
193 262
194 262
194 152
200 152
200 164
223 164
223 185
225 185
225 221
226 221
226 200
230 200
230 227
247 227
247 229
239 229
239 245
243 245
243 272
237 272
237 294
241 294
241 287
242 287
242 284
246 284
246 285
250 285
250 113
235 113
235 119
233 119
233 133
240 133
240 139
249 139
249 166
245 166
245 193
236 193
236 177
234 177
234 194
248 194
248 222
232 222
232 195
227 195
227 93
221 93
221 111
224 111
224 153
210 153
210 145
196 145
196 151
195 151
195 127
219 127
219 51
217 51
217 114
214 114
214 102
207 102
207 103
204 103
204 90
178 90
178 98
179 98
179 132
182 132
182 135
185 135
185 131
190 131
190 123
183 123
183 110
192 110
192 206
191 206
191 231
189 231
189 210
180 210
180 217
176 217
176 298
205 298
205 336
206 336
206 369
198 369
198 366
156 366
156 342
172 342
172 322
173 322
173 237
175 237
175 41
228 41
228 43
257 43
257 46
275 46
275 169
266 169
266 165
274 165
274 161
270 161
270 146
261 146
261 82
260 82
260 158
255 158
255 183
256 183
256 182
272 182
272 181
277 181
277 136
288 136
288 208
279 208
279 266
282 266
282 276
284 276
284 300
278 300
278 317
283 317
283 309
286 309
286 216
281 216
281 215
291 215
291 308
287 308
287 357
300 357
300 316
299 316
299 353
296 353
296 351
292 351
292 213
293 213
293 188
294 188
294 143
290 143
290 121
331 121
331 124
347 124
347 150
330 150
330 219
327 219
327 358
322 358
322 289
326 289
326 264
323 264
323 141
301 141
301 142
295 142
295 147
320 147
320 170
318 170
318 296
316 296
316 331
315 331
315 242
307 242
307 224
304 224
304 324
305 324
305 396
303 396
303 410
306 410
306 392
312 392
312 406
313 406
313 335
319 335
319 267
321 267
321 423
302 423
302 425
308 425
308 434
309 434
309 437
359 437
359 443
353 443
353 441
262 441
262 435
263 435
263 427
258 427
258 445
317 445
317 442
324 442
324 448
352 448
352 453
329 453
329 450
265 450
265 451
314 451
314 454
358 454
358 455
368 455
368 456
362 456
362 465
351 465
351 470
340 470
340 464
311 464
311 466
268 466
268 487
264 487
264 488
254 488
254 498
280 498
280 494
267 494
267 491
298 491
298 497
325 497
325 496
400 496
400 495
422 495
422 489
434 489
434 476
430 476
430 473
423 473
423 471
424 471
424 469
414 469
414 461
403 461
403 478
428 478
428 480
381 480
381 468
379 468
379 460
378 460
378 485
417 485
417 492
412 492
412 490
376 490
376 493
336 493
336 484
269 484
269 475
285 475
285 474
289 474
289 472
364 472
364 477
297 477
297 483
310 483
310 482
334 482
334 479
365 479
365 462
369 462
369 463
372 463
372 447
328 447
328 446
373 446
373 422
399 422
399 424
406 424
406 426
456 426
456 418
446 418
446 407
460 407
460 416
465 416
465 457
464 457
464 486
467 486
467 499
472 499
472 481
466 481
466 458
471 458
471 439
470 439
470 436
468 436
468 409
463 409
463 404
451 404
451 394
402 394
402 384
438 384
438 273
439 273
439 241
448 241
448 310
453 310
453 340
457 340
457 362
458 362
458 256
455 256
455 167
459 167
459 130
461 130
461 156
462 156
462 70
454 70
454 190
447 190
447 203
449 203
449 191
452 191
452 270
450 270
450 240
441 240
441 175
444 175
444 157
443 157
443 63
440 63
440 58
445 58
445 47
473 47
473 138
476 138
476 211
475 211
475 160
474 160
474 279
483 279
483 254
487 254
487 371
490 371
490 329
496 329
496 388
495 388
495 399
499 399
499 444
480 444
480 459
498 459
498 449
500 449
500 343
497 343
497 299
494 299
494 321
489 321
489 338
488 338
488 201
493 201
493 189
485 189
485 247
481 247
481 176
477 176
477 60
478 60
478 44
435 44
435 54
393 54
393 68
377 68
377 76
374 76
374 78
375 78
375 79
370 79
370 106
361 106
361 100
357 100
357 107
363 107
363 109
367 109
367 112
380 112
380 80
389 80
389 81
391 81
391 88
404 88
404 96
418 96
418 149
420 149
420 85
395 85
395 84
425 84
425 73
405 73
405 59
431 59
431 205
432 205
432 62
437 62
437 104
436 104
436 373
427 373
427 383
401 383
401 397
411 397
411 398
426 398
426 413
442 413
442 421
366 421
366 440
360 440
360 433
354 433
354 430
342 430
342 419
338 419
338 408
356 408
356 402
333 402
333 268
332 268
332 173
345 173
345 171
344 171
344 168
335 168
335 163
348 163
348 120
276 120
276 39
153 39
153 52
150 52
150 29
152 29
152 30
158 30
158 34
163 34
163 27
177 27
177 33
212 33
212 26
215 26
215 14
229 14
229 13
238 13
238 12
251 12
251 11
244 11
244 9
202 9
202 10
197 10
197 15
166 15
166 18
149 18
149 19
146 19
146 48
148 48
148 49
139 49
139 50
135 50
135 45
136 45
136 42
141 42
141 22
137 22
137 6
231 6
231 4
187 4
187 3
130 3
130 17
134 17
134 31
131 31
131 65
132 65
132 77
140 77
140 53
164 53
164 57
167 57
167 66
168 66
168 97
162 97
162 218
161 218
161 238
165 238
165 278
169 278
169 196
170 196
170 288
171 288
171 323
155 323
155 367
160 367
160 372
151 372
151 368
138 368
138 363
133 363
133 325
126 325
126 293
129 293
129 253
112 253
112 92
117 92
117 75
115 75
115 55
111 55
111 36
114 36
114 2
