372
79 2
79 21
78 21
78 128
85 128
85 391
80 391
80 393
67 393
67 400
56 400
56 417
64 417
64 428
18 428
18 431
14 431
14 415
7 415
7 389
3 389
3 382
11 382
11 377
19 377
19 354
1 354
1 355
2 355
2 414
4 414
4 420
10 420
10 452
13 452
13 438
15 438
15 500
20 500
20 467
34 467
34 429
57 429
57 432
65 432
65 412
58 412
58 405
98 405
98 370
100 370
100 326
93 326
93 312
92 312
92 259
99 259
99 250
102 250
102 226
101 226
101 244
91 244
91 225
96 225
96 64
94 64
94 56
90 56
90 116
87 116
87 257
88 257
88 387
97 387
97 401
95 401
95 403
86 403
86 101
81 101
81 7
89 7
89 5
108 5
108 209
107 209
107 67
106 67
106 212
109 212
109 20
110 20
110 243
103 243
103 248
105 248
105 263
116 263
116 261
125 261
125 307
121 307
121 290
124 290
124 271
119 271
119 295
120 295
120 361
127 361
127 375
174 375
174 376
211 376
211 352
220 352
220 292
218 292
218 333
209 333
209 258
222 258
222 246
216 246
216 192
199 192
199 214
201 214
201 223
203 223
203 228
213 228
213 230
208 230
208 282
181 282
181 252
186 252
186 255
184 255
184 275
193 275
193 262
194 262
194 152
200 152
200 164
223 164
223 185
225 185
225 221
226 221
226 200
230 200
230 227
247 227
247 229
239 229
239 245
243 245
243 272
237 272
237 294
241 294
241 287
242 287
242 284
246 284
246 285
250 285
250 113
235 113
235 119
233 119
233 133
240 133
240 139
249 139
249 166
245 166
245 193
236 193
236 177
234 177
234 194
248 194
248 222
232 222
232 195
227 195
227 93
221 93
221 111
224 111
224 153
210 153
210 145
196 145
196 151
195 151
195 127
219 127
219 51
217 51
217 114
214 114
214 102
207 102
207 103
204 103
204 90
178 90
178 98
179 98
179 132
182 132
182 135
185 135
185 131
190 131
190 123
183 123
183 110
192 110
192 206
191 206
191 231
189 231
189 210
180 210
180 217
176 217
176 298
205 298
205 336
206 336
206 369
198 369
198 366
156 366
156 342
172 342
172 322
173 322
173 237
175 237
175 41
228 41
228 43
257 43
257 46
275 46
275 169
266 169
266 165
274 165
274 161
270 161
270 158
255 158
255 181
277 181
277 136
290 136
290 121
348 121
348 120
276 120
276 39
153 39
153 52
150 52
150 29
152 29
152 30
158 30
158 34
163 34
163 27
177 27
177 33
212 33
212 26
215 26
215 14
229 14
229 13
238 13
238 12
251 12
251 11
244 11
244 9
202 9
202 10
197 10
197 15
166 15
166 18
149 18
149 19
146 19
146 48
148 48
148 49
139 49
139 50
135 50
135 45
136 45
136 42
141 42
141 22
137 22
137 6
231 6
231 4
187 4
187 3
130 3
130 17
134 17
134 31
131 31
131 65
132 65
132 77
140 77
140 53
164 53
164 57
167 57
167 66
168 66
168 97
162 97
162 218
161 218
161 238
165 238
165 278
169 278
169 196
170 196
170 288
171 288
171 323
155 323
155 367
160 367
160 372
151 372
151 368
138 368
138 363
133 363
133 325
126 325
126 293
129 293
129 253
112 253
112 92
117 92
117 75
115 75
115 55
111 55
111 36
114 36
114 2
