1252
32 175
32 171
27 171
27 168
10 168
10 79
7 79
7 52
11 52
11 37
5 37
5 17
1 17
1 27
3 27
3 30
2 30
2 46
4 46
4 39
8 39
8 50
6 50
6 184
16 184
16 189
15 189
15 219
18 219
18 192
28 192
28 212
31 212
31 182
36 182
36 224
33 224
33 236
13 236
13 240
26 240
26 244
38 244
38 190
40 190
40 277
73 277
73 271
72 271
72 202
60 202
60 176
98 176
98 151
95 151
95 166
76 166
76 156
74 156
74 162
53 162
53 85
54 85
54 98
55 98
55 135
75 135
75 132
152 132
152 112
157 112
157 105
97 105
97 95
99 95
99 92
102 92
102 87
171 87
171 205
167 205
167 286
170 286
170 288
177 288
177 456
173 456
173 475
178 475
178 575
179 575
179 590
187 590
187 660
160 660
160 680
161 680
161 740
154 740
154 753
150 753
150 723
141 723
141 640
144 640
144 689
149 689
149 611
147 611
147 335
145 335
145 324
115 324
115 326
143 326
143 408
146 408
146 636
148 636
148 637
136 637
136 600
140 600
140 449
139 449
139 501
130 501
130 481
129 481
129 494
120 494
120 541
119 541
119 497
118 497
118 495
106 495
106 530
105 530
105 581
107 581
107 507
114 507
114 555
112 555
112 589
109 589
109 622
101 622
101 628
124 628
124 609
125 609
125 583
128 583
128 504
138 504
138 537
131 537
131 718
126 718
126 677
127 677
127 661
122 661
122 642
111 642
111 647
113 647
113 658
103 658
103 695
110 695
110 686
116 686
116 709
123 709
123 730
133 730
133 569
134 569
134 704
137 704
137 737
142 737
142 776
156 776
156 771
165 771
165 770
168 770
168 777
228 777
228 775
275 775
275 779
159 779
159 780
283 780
283 767
300 767
300 930
292 930
292 993
301 993
301 1010
303 1010
303 1036
295 1036
295 1038
299 1038
299 1104
285 1104
285 1141
281 1141
281 1200
286 1200
286 1228
334 1228
334 1210
470 1210
470 1214
454 1214
454 1218
466 1218
466 1217
533 1217
533 1227
457 1227
457 1229
458 1229
458 1232
511 1232
511 1230
594 1230
594 1224
550 1224
550 1216
495 1216
495 1212
480 1212
480 1209
529 1209
529 1208
322 1208
322 1225
294 1225
294 1174
284 1174
284 1163
293 1163
293 1115
308 1115
308 1191
406 1191
406 1207
416 1207
416 1206
719 1206
719 1197
822 1197
822 1204
847 1204
847 1202
854 1202
854 1192
763 1192
763 1194
686 1194
686 1201
679 1201
679 1199
582 1199
582 1203
513 1203
513 1198
496 1198
496 1190
473 1190
473 1196
463 1196
463 1188
589 1188
589 1187
714 1187
714 1125
755 1125
755 1134
757 1134
757 1135
777 1135
777 1116
792 1116
792 1148
945 1148
945 1147
1013 1147
1013 1149
1093 1149
1093 1152
1088 1152
1088 1155
973 1155
973 1160
845 1160
845 1176
871 1176
871 1177
924 1177
924 1173
896 1173
896 1170
999 1170
999 1172
959 1172
959 1175
993 1175
993 1193
976 1193
976 1220
968 1220
968 1221
984 1221
984 1222
1025 1222
1025 1235
1019 1235
1019 1242
1010 1242
1010 1246
1066 1246
1066 1245
1081 1245
1081 1243
1079 1243
1079 1244
1073 1244
1073 1238
1057 1238
1057 1237
1094 1237
1094 1240
1189 1240
1189 1223
1236 1223
1236 1226
1212 1226
1212 1241
1219 1241
1219 1236
1245 1236
1245 1250
1250 1250
1250 1247
1249 1247
1249 1248
1248 1248
1248 1249
1247 1249
1247 1231
1246 1231
1246 1213
1188 1213
1188 1239
1152 1239
1152 1234
1132 1234
1132 1233
1030 1233
1030 1211
1026 1211
1026 1215
1006 1215
1006 1219
1000 1219
1000 1205
982 1205
982 1195
1002 1195
1002 1169
1015 1169
1015 1168
966 1168
966 1167
864 1167
864 1166
846 1166
846 1162
934 1162
934 1161
1022 1161
1022 1159
1100 1159
1100 1146
796 1146
796 1124
817 1124
817 1140
873 1140
873 1144
891 1144
891 1145
921 1145
921 1110
952 1110
952 1109
987 1109
987 1106
893 1106
893 1118
900 1118
900 1128
912 1128
912 1133
917 1133
917 1143
888 1143
888 1139
867 1139
867 1138
833 1138
833 1094
781 1094
781 1095
472 1095
472 1092
490 1092
490 1089
394 1089
394 1090
389 1090
389 1091
453 1091
453 1093
456 1093
456 1096
468 1096
468 1097
467 1097
467 1099
544 1099
544 1098
791 1098
791 1101
516 1101
516 1100
501 1100
501 1108
548 1108
548 1102
831 1102
831 1105
827 1105
827 1107
828 1107
828 1137
823 1137
823 1112
770 1112
770 1117
738 1117
738 1120
709 1120
709 1184
531 1184
531 1186
520 1186
520 1181
517 1181
517 1178
465 1178
465 1156
539 1156
539 1153
573 1153
573 1131
653 1131
653 1132
648 1132
648 1154
636 1154
636 1164
634 1164
634 1165
646 1165
646 1158
657 1158
657 1157
694 1157
694 1150
683 1150
683 1136
680 1136
680 1126
643 1126
643 1127
629 1127
629 1130
572 1130
572 1122
574 1122
574 1111
536 1111
536 1119
518 1119
518 1129
515 1129
515 1142
474 1142
474 1123
464 1123
464 1151
460 1151
460 1180
449 1180
449 1189
388 1189
388 1183
422 1183
422 1179
417 1179
417 1182
342 1182
342 1171
338 1171
338 1185
311 1185
311 1114
302 1114
302 1113
306 1113
306 978
304 978
304 933
312 933
312 942
313 942
313 828
307 828
307 814
317 814
317 830
319 830
319 1084
325 1084
325 1050
331 1050
331 1121
368 1121
368 1046
367 1046
367 1085
363 1085
363 842
364 842
364 756
356 756
356 696
359 696
359 657
350 657
350 711
355 711
355 747
351 747
351 801
354 801
354 831
357 831
357 917
360 917
360 945
361 945
361 971
358 971
358 1027
343 1027
343 969
349 969
349 741
347 741
347 632
346 632
346 968
341 968
341 1048
362 1048
362 1061
353 1061
353 1103
337 1103
337 1087
339 1087
339 1086
333 1086
333 929
332 929
332 1031
328 1031
328 932
326 932
326 916
324 916
324 1008
321 1008
321 832
320 832
320 790
314 790
314 793
310 793
310 742
298 742
298 735
296 735
296 726
309 726
309 713
289 713
289 714
305 714
305 716
282 716
282 769
277 769
277 707
336 707
336 621
369 621
369 535
344 535
344 570
340 570
340 576
316 576
316 532
297 532
297 522
352 522
352 523
370 523
370 597
380 597
380 595
381 595
381 562
379 562
379 543
377 543
377 525
386 525
386 516
403 516
403 528
426 528
426 542
444 542
444 547
445 547
445 544
446 544
446 561
440 561
440 584
443 584
443 578
448 578
448 526
419 526
419 520
455 520
455 549
462 549
462 563
471 563
471 533
478 533
478 455
481 455
481 361
482 361
482 413
486 413
486 414
488 414
488 478
489 478
489 389
484 389
484 366
485 366
485 359
499 359
499 375
507 375
507 346
476 346
476 345
451 345
451 343
483 343
483 331
437 331
437 314
430 314
430 301
431 301
431 269
418 269
418 142
401 142
401 111
407 111
407 61
502 61
502 63
493 63
493 65
452 65
452 67
805 67
805 70
895 70
895 71
940 71
940 73
935 73
935 76
909 76
909 81
868 81
868 78
862 78
862 104
886 104
886 136
884 136
884 125
853 125
853 138
894 138
894 110
889 110
889 83
963 83
963 96
897 96
897 116
960 116
960 159
967 159
967 157
970 157
970 193
955 193
955 187
904 187
904 194
920 194
920 206
957 206
957 198
969 198
969 223
964 223
964 237
961 237
961 231
939 231
939 297
937 297
937 323
908 323
908 334
903 334
903 139
859 139
859 158
879 158
879 153
860 153
860 150
882 150
882 185
887 185
887 152
902 152
902 353
836 353
836 355
878 355
878 354
931 354
931 397
812 397
812 387
809 387
809 380
760 380
760 376
751 376
751 392
756 392
756 391
766 391
766 395
795 395
795 400
825 400
825 409
880 409
880 401
918 401
918 406
922 406
922 415
861 415
861 422
857 422
857 431
810 431
810 437
698 437
698 472
693 472
693 565
678 565
678 529
682 529
682 500
674 500
674 438
691 438
691 435
593 435
593 419
615 419
615 379
611 379
611 418
606 418
606 311
617 311
617 302
627 302
627 265
655 265
655 263
742 263
742 257
743 257
743 282
734 282
734 275
727 275
727 276
721 276
721 279
708 279
708 284
731 284
731 291
747 291
747 253
771 253
771 239
794 239
794 260
775 260
775 261
800 261
800 283
808 283
808 272
835 272
835 278
837 278
837 267
811 267
811 252
801 252
801 233
754 233
754 249
729 249
729 262
624 262
624 250
619 250
619 268
614 268
614 310
591 310
591 352
595 352
595 390
596 390
596 371
605 371
605 416
568 416
568 411
586 411
586 396
537 396
537 364
552 364
552 363
532 363
532 382
530 382
530 388
525 388
525 407
558 407
558 433
578 433
578 454
597 454
597 457
600 457
600 452
608 452
608 446
610 446
610 445
620 445
620 439
652 439
652 465
654 465
654 476
635 476
635 480
565 480
565 534
583 534
583 588
577 588
577 678
563 678
563 668
540 668
540 666
524 666
524 672
542 672
542 669
562 669
562 694
561 694
561 703
538 703
538 676
523 676
523 693
534 693
534 715
579 715
579 729
581 729
581 725
584 725
584 498
588 498
588 492
587 492
587 491
670 491
670 519
669 519
669 558
677 558
677 594
687 594
687 582
695 582
695 586
703 586
703 673
704 673
704 567
697 567
697 518
700 518
700 521
701 521
701 531
707 531
707 482
705 482
705 477
706 477
706 441
852 441
852 434
872 434
872 440
881 440
881 417
932 417
932 339
951 339
951 360
956 360
956 254
1012 254
1012 255
986 255
986 292
990 292
990 458
885 458
885 463
832 463
832 466
830 466
830 469
764 469
764 487
779 487
779 496
749 496
749 503
745 503
745 502
713 502
713 554
732 554
732 568
748 568
748 564
737 564
737 551
717 551
717 527
728 527
728 536
736 536
736 506
739 506
739 513
784 513
784 488
802 488
802 485
776 485
776 479
768 479
768 474
819 474
819 470
843 470
843 468
870 468
870 467
929 467
929 464
916 464
916 462
1070 462
1070 461
992 461
992 356
995 356
995 264
996 264
996 256
1035 256
1035 242
953 242
953 329
941 329
941 238
980 238
980 235
974 235
974 133
972 133
972 113
989 113
989 69
975 69
975 68
851 68
851 66
947 66
947 64
527 64
527 60
393 60
393 77
376 77
376 55
374 55
374 84
371 84
371 148
372 148
372 217
348 217
348 218
383 218
383 160
382 160
382 140
378 140
378 147
373 147
373 117
384 117
384 94
375 94
375 91
387 91
387 99
397 99
397 210
398 210
398 102
399 102
399 144
411 144
411 232
408 232
408 424
410 424
410 258
409 258
409 246
414 246
414 285
420 285
420 305
424 305
424 341
438 341
438 349
477 349
477 511
329 511
329 512
291 512
291 574
280 574
280 580
345 580
345 539
366 539
366 585
365 585
365 620
327 620
327 630
323 630
323 625
315 625
315 629
318 629
318 643
330 643
330 639
335 639
335 697
239 697
239 698
234 698
234 682
202 682
202 679
198 679
198 684
196 684
196 699
208 699
208 700
210 700
210 688
218 688
218 685
229 685
229 721
227 721
227 728
263 728
263 702
266 702
266 710
276 710
276 766
205 766
205 774
193 774
193 768
162 768
162 731
163 731
163 722
166 722
166 674
189 674
189 608
192 608
192 593
188 593
188 550
186 550
186 490
184 490
184 460
180 460
180 430
181 430
181 280
169 280
169 228
207 228
207 222
172 222
172 141
185 141
185 129
174 129
174 123
195 123
195 89
211 89
211 88
268 88
268 75
93 75
93 107
108 107
108 118
117 118
117 114
121 114
121 128
61 128
61 131
57 131
57 86
56 86
56 53
51 53
51 215
52 215
52 226
71 226
71 273
43 273
43 175
