192
32 175
32 171
27 171
27 168
10 168
10 79
7 79
7 52
11 52
11 37
5 37
5 17
1 17
1 27
3 27
3 30
2 30
2 46
4 46
4 39
8 39
8 50
6 50
6 184
16 184
16 189
15 189
15 219
18 219
18 192
28 192
28 212
31 212
31 182
36 182
36 224
33 224
33 236
13 236
13 240
26 240
26 244
38 244
38 190
40 190
40 277
73 277
73 271
72 271
72 202
60 202
60 176
98 176
98 151
95 151
95 166
76 166
76 156
74 156
74 162
53 162
53 85
54 85
54 98
55 98
55 135
75 135
75 132
152 132
152 112
157 112
157 105
97 105
97 95
99 95
99 92
102 92
102 87
171 87
171 205
167 205
167 286
170 286
170 288
177 288
177 456
173 456
173 475
178 475
178 575
179 575
179 590
187 590
187 660
160 660
160 680
161 680
161 740
154 740
154 753
150 753
150 723
141 723
141 640
149 640
149 637
136 637
136 600
140 600
140 537
131 537
131 718
126 718
126 677
127 677
127 661
122 661
122 658
103 658
103 695
110 695
110 686
116 686
116 709
123 709
123 730
133 730
133 569
134 569
134 704
137 704
137 737
142 737
142 768
162 768
162 731
163 731
163 722
166 722
166 674
189 674
189 608
192 608
192 593
188 593
188 550
186 550
186 490
184 490
184 460
180 460
180 430
181 430
181 280
169 280
169 228
207 228
207 222
172 222
172 141
185 141
185 129
174 129
174 123
195 123
195 89
211 89
211 88
268 88
268 75
93 75
93 107
108 107
108 118
117 118
117 114
121 114
121 128
61 128
61 131
57 131
57 86
56 86
56 53
51 53
51 215
52 215
52 226
71 226
71 273
43 273
43 175
