458
32 175
32 171
27 171
27 168
10 168
10 79
7 79
7 52
11 52
11 37
5 37
5 17
1 17
1 27
3 27
3 30
2 30
2 46
4 46
4 39
8 39
8 50
6 50
6 184
16 184
16 189
15 189
15 219
18 219
18 192
28 192
28 212
31 212
31 182
36 182
36 224
33 224
33 236
13 236
13 240
26 240
26 244
38 244
38 190
40 190
40 277
73 277
73 271
72 271
72 202
60 202
60 176
98 176
98 151
95 151
95 166
76 166
76 156
74 156
74 162
53 162
53 85
54 85
54 98
55 98
55 135
75 135
75 132
152 132
152 112
157 112
157 105
97 105
97 95
99 95
99 92
102 92
102 87
171 87
171 205
167 205
167 286
170 286
170 288
177 288
177 456
173 456
173 475
178 475
178 575
179 575
179 590
187 590
187 660
160 660
160 680
161 680
161 740
154 740
154 753
150 753
150 723
141 723
141 640
144 640
144 689
149 689
149 611
147 611
147 335
145 335
145 324
115 324
115 326
143 326
143 408
146 408
146 636
148 636
148 637
136 637
136 600
140 600
140 449
139 449
139 501
130 501
130 481
129 481
129 494
120 494
120 541
119 541
119 497
118 497
118 495
106 495
106 530
105 530
105 581
107 581
107 507
114 507
114 555
112 555
112 589
109 589
109 622
101 622
101 628
124 628
124 609
125 609
125 583
128 583
128 504
138 504
138 537
131 537
131 718
126 718
126 677
127 677
127 661
122 661
122 642
111 642
111 647
113 647
113 658
103 658
103 695
110 695
110 686
116 686
116 709
123 709
123 730
133 730
133 569
134 569
134 704
137 704
137 737
142 737
142 776
156 776
156 771
165 771
165 770
168 770
168 777
228 777
228 775
275 775
275 779
159 779
159 780
283 780
283 767
300 767
300 930
292 930
292 993
301 993
301 1010
303 1010
303 1036
295 1036
295 1038
299 1038
299 1104
285 1104
285 1141
281 1141
281 1200
286 1200
286 1228
334 1228
334 1210
470 1210
470 1214
454 1214
454 1218
466 1218
466 1217
533 1217
533 1227
457 1227
457 1229
458 1229
458 1232
511 1232
511 1230
594 1230
594 1224
550 1224
550 1216
495 1216
495 1212
480 1212
480 1209
529 1209
529 1208
322 1208
322 1225
294 1225
294 1174
284 1174
284 1163
293 1163
293 1115
308 1115
308 1191
406 1191
406 1207
416 1207
416 1206
719 1206
719 1197
822 1197
822 1204
847 1204
847 1202
854 1202
854 1192
763 1192
763 1194
686 1194
686 1201
679 1201
679 1199
582 1199
582 1203
513 1203
513 1198
496 1198
496 1190
473 1190
473 1196
463 1196
463 1188
589 1188
589 1187
714 1187
714 1125
755 1125
755 1134
757 1134
757 1135
777 1135
777 1116
792 1116
792 1148
945 1148
945 1147
1013 1147
1013 1149
1093 1149
1093 1152
1088 1152
1088 1155
973 1155
973 1160
845 1160
845 1176
871 1176
871 1177
924 1177
924 1173
896 1173
896 1170
999 1170
999 1172
959 1172
959 1175
993 1175
993 1193
976 1193
976 1220
968 1220
968 1221
984 1221
984 1222
1025 1222
1025 1235
1019 1235
1019 1242
1010 1242
1010 1245
1081 1245
1081 1244
1073 1244
1073 1238
1057 1238
1057 1237
1152 1237
1152 1234
1132 1234
1132 1233
1030 1233
1030 1219
1000 1219
1000 1205
982 1205
982 1195
1002 1195
1002 1169
1015 1169
1015 1168
966 1168
966 1167
864 1167
864 1166
846 1166
846 1162
934 1162
934 1161
1022 1161
1022 1159
1100 1159
1100 1146
796 1146
796 1124
823 1124
823 1112
770 1112
770 1117
738 1117
738 1120
709 1120
709 1184
531 1184
531 1186
449 1186
449 1189
388 1189
388 1185
311 1185
311 1114
302 1114
302 1113
306 1113
306 978
304 978
304 933
313 933
313 828
307 828
307 814
320 814
320 793
310 793
310 742
282 742
282 769
205 769
205 774
193 774
193 768
162 768
162 731
163 731
163 722
166 722
166 674
189 674
189 608
192 608
192 593
188 593
188 550
186 550
186 490
184 490
184 460
180 460
180 430
181 430
181 280
169 280
169 228
207 228
207 222
172 222
172 141
185 141
185 129
174 129
174 123
195 123
195 89
211 89
211 88
268 88
268 75
93 75
93 107
108 107
108 118
117 118
117 114
121 114
121 128
61 128
61 131
57 131
57 86
56 86
56 53
51 53
51 215
52 215
52 226
71 226
71 273
43 273
43 175
