386
21 7
21 38
19 38
19 44
14 44
14 41
13 41
13 28
18 28
18 23
3 23
3 2
1 2
1 51
2 51
2 25
9 25
9 52
4 52
4 61
10 61
10 65
5 65
5 67
79 67
79 69
33 69
33 70
84 70
84 57
91 57
91 66
87 66
87 77
93 77
93 94
64 94
64 79
68 79
68 73
24 73
24 74
43 74
43 76
30 76
30 78
29 78
29 80
52 80
52 81
56 81
56 93
32 93
32 88
11 88
11 91
16 91
16 95
70 95
70 97
45 97
45 102
61 102
61 100
71 100
71 99
77 99
77 119
55 119
55 115
54 115
54 123
47 123
47 111
26 111
26 105
17 105
17 112
39 112
39 116
20 116
20 128
22 128
22 139
44 139
44 146
25 146
25 153
38 153
38 147
49 147
49 138
58 138
58 140
51 140
51 177
67 177
67 174
57 174
57 167
59 167
59 168
62 168
62 171
65 171
65 165
60 165
60 157
63 157
63 137
36 137
36 129
23 129
23 125
35 125
35 122
46 122
46 131
90 131
90 151
101 151
101 163
88 163
88 170
99 170
99 173
102 173
102 149
103 149
103 166
104 166
104 134
100 134
100 133
97 133
97 107
95 107
95 127
86 127
86 104
98 104
98 71
94 71
94 53
85 53
85 34
96 34
96 17
83 17
83 26
81 26
81 20
40 20
40 22
78 22
78 27
41 27
41 29
76 29
76 32
82 32
82 42
72 42
72 50
73 50
73 46
75 46
75 60
53 60
53 55
66 55
66 54
37 54
37 56
42 56
42 62
28 62
28 63
12 63
12 48
27 48
27 15
69 15
69 14
89 14
89 12
162 12
162 18
131 18
131 24
128 24
128 30
127 30
127 58
125 58
125 90
146 90
146 87
155 87
155 89
153 89
153 96
164 96
164 106
133 106
133 108
138 108
138 160
130 160
130 152
122 152
122 148
121 148
121 98
124 98
124 64
119 64
119 43
117 43
117 45
106 45
106 47
115 47
115 85
118 85
118 143
107 143
107 158
109 158
109 144
116 144
116 159
114 159
114 162
141 162
141 176
126 176
126 179
172 179
172 178
174 178
174 185
137 185
137 184
139 184
139 181
151 181
151 180
111 180
111 190
120 190
120 189
168 189
168 186
170 186
170 192
123 192
123 193
110 193
110 195
108 195
108 196
112 196
112 200
113 200
113 194
178 194
178 172
175 172
175 175
143 175
143 161
145 161
145 156
148 156
148 155
147 155
147 154
144 154
144 135
149 135
149 145
161 145
161 141
165 141
165 120
163 120
163 118
159 118
159 130
157 130
157 121
152 121
152 124
140 124
140 113
150 113
150 110
173 110
173 126
176 126
176 132
177 132
177 103
167 103
167 109
166 109
166 92
169 92
169 86
160 86
160 72
136 72
136 75
135 75
135 82
142 82
142 83
129 83
129 59
134 59
134 36
132 36
132 35
156 35
156 39
158 39
158 33
179 33
179 40
181 40
181 188
193 188
193 191
185 191
185 197
192 197
192 199
200 199
200 198
199 198
199 187
196 187
196 183
184 183
184 182
183 182
183 169
195 169
195 150
198 150
198 142
197 142
197 117
187 117
187 114
194 114
194 68
189 68
189 49
188 49
188 84
191 84
191 101
186 101
186 136
190 136
190 164
182 164
182 37
180 37
180 31
154 31
154 21
171 21
171 11
74 11
74 13
31 13
31 9
105 9
105 8
92 8
92 3
80 3
80 7
