84
439 1986
439 1997
449 1997
449 2018
441 2018
441 2064
392 2064
392 2080
390 2080
390 2180
227 2180
227 2177
130 2177
130 2181
372 2181
372 2182
70 2182
70 2184
1 2184
1 2212
232 2212
232 2210
105 2210
105 2211
96 2211
96 2207
34 2207
34 2196
19 2196
19 2189
76 2189
76 2185
159 2185
159 2187
399 2187
399 2131
445 2131
445 2127
422 2127
422 2124
396 2124
396 2098
446 2098
446 2096
462 2096
462 2074
423 2074
423 2071
457 2071
457 2025
458 2025
458 1996
488 1996
488 2054
478 2054
478 2055
520 2055
520 2052
547 2052
547 2039
571 2039
571 2108
568 2108
568 2149
566 2149
566 2058
565 2058
565 2190
572 2190
572 2197
564 2197
564 2195
563 2195
563 2213
545 2213
545 2214
506 2214
506 2219
270 2219
270 2220
573 2220
573 2038
502 2038
502 1986
