4762
536 1
536 3
533 3
533 4
402 4
402 58
448 58
448 65
351 65
351 72
322 72
322 74
246 74
246 76
257 76
257 87
339 87
339 93
341 93
341 98
310 98
310 101
316 101
316 104
414 104
414 105
434 105
434 103
436 103
436 110
467 110
467 111
331 111
331 125
240 125
240 164
238 164
238 166
249 166
249 219
251 219
251 208
271 208
271 199
252 199
252 179
259 179
259 135
244 135
244 128
328 128
328 145
311 145
311 154
288 154
288 204
319 204
319 203
313 203
313 189
324 189
324 161
312 161
312 159
330 159
330 153
333 153
333 142
336 142
336 123
471 123
471 120
398 120
398 116
476 116
476 121
487 121
487 97
472 97
472 85
455 85
455 88
437 88
437 96
356 96
356 84
335 84
335 81
357 81
357 79
491 79
491 71
551 71
551 127
557 127
557 178
614 178
614 169
577 169
577 162
608 162
608 138
653 138
653 140
651 140
651 152
628 152
628 165
665 165
665 148
666 148
666 141
674 141
674 157
676 157
676 171
729 171
729 167
737 167
737 191
738 191
738 181
742 181
742 200
725 200
725 220
724 220
724 221
774 221
774 223
621 223
621 230
615 230
615 234
586 234
586 237
619 237
619 260
620 260
620 243
627 243
627 232
624 232
624 231
819 231
819 229
850 229
850 224
928 224
928 214
971 214
971 236
1038 236
1038 307
1051 307
1051 484
1048 484
1048 643
1047 643
1047 998
1043 998
1043 1100
1017 1100
1017 540
1018 540
1018 707
1029 707
1029 592
1036 592
1036 576
1030 576
1030 434
1031 434
1031 548
1033 548
1033 281
1032 281
1032 262
1021 262
1021 393
1025 393
1025 326
1027 326
1027 455
1028 455
1028 584
1020 584
1020 493
1016 493
1016 294
1004 294
1004 400
1006 400
1006 630
997 630
997 699
998 699
998 822
1009 822
1009 687
1005 687
1005 684
1008 684
1008 369
1011 369
1011 962
1015 962
1015 1101
1034 1101
1034 1128
1024 1128
1024 1172
1042 1172
1042 1207
1026 1207
1026 1293
1000 1293
1000 1322
987 1322
987 1269
988 1269
988 1248
989 1248
989 1055
994 1055
994 985
990 985
990 782
986 782
986 518
985 518
985 1348
983 1348
983 1331
972 1331
972 1133
970 1133
970 590
975 590
975 678
976 678
976 1151
981 1151
981 1014
982 1014
982 559
980 559
980 866
979 866
979 676
978 676
978 814
977 814
977 541
973 541
973 478
969 478
969 604
965 604
965 331
961 331
961 525
962 525
962 1096
964 1096
964 1080
967 1080
967 1191
963 1191
963 1107
958 1107
958 1346
957 1346
957 1202
956 1202
956 1244
955 1244
955 1286
953 1286
953 950
952 950
952 1330
948 1330
948 1270
946 1270
946 898
954 898
954 854
959 854
959 495
950 495
950 499
951 499
951 744
945 744
945 317
889 317
889 314
871 314
871 303
823 303
823 312
869 312
869 323
840 323
840 319
690 319
690 327
804 327
804 332
686 332
686 333
670 333
670 335
645 335
645 337
629 337
629 342
633 342
633 345
722 345
722 340
716 340
716 339
726 339
726 336
841 336
841 329
857 329
857 375
709 375
709 387
689 387
689 382
675 382
675 371
661 371
661 359
745 359
745 356
701 356
701 357
683 357
683 348
650 348
650 363
657 363
657 367
648 367
648 368
631 368
631 385
632 385
632 388
741 388
741 376
768 376
768 386
769 386
769 398
758 398
758 403
776 403
776 509
679 509
679 513
658 513
658 515
655 515
655 581
662 581
662 585
646 585
646 587
605 587
605 593
526 593
526 594
510 594
510 595
496 595
496 589
484 589
484 603
383 603
383 577
362 577
362 545
555 545
555 550
556 550
556 560
470 560
470 571
384 571
384 572
474 572
474 565
534 565
534 563
576 563
576 534
570 534
570 528
358 528
358 543
349 543
349 618
343 618
343 936
344 936
344 1242
337 1242
337 1251
318 1251
318 1533
314 1533
314 1658
326 1658
326 1670
276 1670
276 1669
323 1669
323 1660
282 1660
282 1664
260 1664
260 1622
261 1622
261 1607
267 1607
267 1595
268 1595
268 1497
289 1497
289 1203
294 1203
294 1224
290 1224
290 1532
306 1532
306 1391
308 1391
308 688
309 688
309 685
317 685
317 652
307 652
307 647
325 647
325 641
284 641
284 582
285 582
285 524
269 524
269 523
253 523
253 531
236 531
236 538
258 538
258 544
283 544
283 660
287 660
287 667
279 667
279 659
277 659
277 682
281 682
281 690
300 690
300 697
292 697
292 788
302 788
302 939
291 939
291 1113
278 1113
278 1091
275 1091
275 1141
293 1141
293 1143
298 1143
298 1074
303 1074
303 1136
305 1136
305 1479
299 1479
299 1470
301 1470
301 1453
304 1453
304 1176
297 1176
297 1345
296 1345
296 1168
295 1168
295 1144
286 1144
286 1492
262 1492
262 1496
264 1496
264 1573
250 1573
250 1645
242 1645
242 1552
247 1552
247 1490
245 1490
245 1421
243 1421
243 1365
248 1365
248 1395
263 1395
263 1423
265 1423
265 1419
272 1419
272 1360
254 1360
254 1324
237 1324
237 1378
230 1378
230 1356
225 1356
225 1344
224 1344
224 1361
218 1361
218 1381
234 1381
234 1406
241 1406
241 1677
222 1677
222 1667
212 1667
212 1697
186 1697
186 1652
214 1652
214 1596
177 1596
177 1600
181 1600
181 1679
183 1679
183 1682
171 1682
171 1577
174 1577
174 1028
180 1028
180 1047
182 1047
182 1157
184 1157
184 1042
185 1042
185 957
176 957
176 958
179 958
179 970
163 970
163 907
162 907
162 983
154 983
154 919
157 919
157 893
156 893
156 830
197 830
197 831
200 831
200 884
187 884
187 909
199 909
199 1273
201 1273
201 1342
202 1342
202 1420
206 1420
206 1129
203 1129
203 918
208 918
208 805
215 805
215 801
216 801
216 774
213 774
213 762
211 762
211 743
193 743
193 763
189 763
189 600
191 600
191 729
192 729
192 718
194 718
194 614
196 614
196 644
207 644
207 627
204 627
204 519
198 519
198 508
195 508
195 533
190 533
190 586
188 586
188 815
175 815
175 730
145 730
145 732
144 732
144 759
149 759
149 934
141 934
141 1589
147 1589
147 1253
143 1253
143 1526
142 1526
142 1084
148 1084
148 996
151 996
151 766
168 766
168 777
152 777
152 911
153 911
153 1077
164 1077
164 1130
161 1130
161 1167
150 1167
150 1276
160 1276
160 1441
158 1441
158 1442
167 1442
167 1020
172 1020
172 1550
170 1550
170 1319
169 1319
169 1712
146 1712
146 1692
116 1692
116 1687
125 1687
125 1656
114 1656
114 1701
108 1701
108 1657
100 1657
100 1636
94 1636
94 1626
126 1626
126 1615
97 1615
97 1570
129 1570
129 1621
140 1621
140 853
128 853
128 1026
124 1026
124 1112
127 1112
127 1170
131 1170
131 871
136 871
136 984
132 984
132 1039
135 1039
135 1139
137 1139
137 1199
133 1199
133 1255
134 1255
134 1457
138 1457
138 1035
139 1035
139 1568
123 1568
123 1551
83 1551
83 1540
84 1540
84 1454
90 1454
90 850
86 850
86 821
89 821
89 733
91 733
91 704
101 704
101 1121
98 1121
98 1335
95 1335
95 1443
107 1443
107 1451
113 1451
113 1163
106 1163
106 1232
102 1232
102 1062
109 1062
109 947
111 947
111 955
112 955
112 913
119 913
119 928
118 928
118 1051
121 1051
121 938
120 938
120 703
117 703
117 908
104 908
104 811
103 811
103 694
80 694
80 692
69 692
69 803
64 803
64 1082
44 1082
44 1058
45 1058
45 1000
41 1000
41 753
52 753
52 686
60 686
60 467
51 467
51 473
54 473
54 570
59 570
59 640
50 640
50 454
53 454
53 450
231 450
231 441
233 441
233 402
221 402
221 401
229 401
229 395
226 395
226 397
220 397
220 433
173 433
173 437
67 437
67 423
63 423
63 447
49 447
49 569
43 569
43 673
39 673
39 1030
40 1030
40 1149
46 1149
46 1086
47 1086
47 1098
65 1098
65 1215
57 1215
57 1294
48 1294
48 1297
61 1297
61 1418
38 1418
38 1432
42 1432
42 1438
55 1438
55 1547
18 1547
18 1546
6 1546
6 1424
7 1424
7 1529
8 1529
8 1473
11 1473
11 1323
12 1323
12 1468
13 1468
13 1241
22 1241
22 1389
25 1389
25 1440
31 1440
31 1341
35 1341
35 1499
37 1499
37 1298
33 1298
33 1321
26 1321
26 1284
32 1284
32 1216
29 1216
29 1012
28 1012
28 894
24 894
24 1219
9 1219
9 990
10 990
10 1194
21 1194
21 1178
15 1178
15 960
4 960
4 1538
3 1538
3 1022
2 1022
2 1599
14 1599
14 1603
5 1603
5 1614
16 1614
16 1609
23 1609
23 1563
30 1563
30 1696
36 1696
36 1558
56 1558
56 1508
58 1508
58 1541
62 1541
62 1376
73 1376
73 1282
77 1282
77 1218
79 1218
79 1169
75 1169
75 1140
74 1140
74 1220
71 1220
71 1180
68 1180
68 1264
66 1264
66 820
85 820
85 869
72 869
72 888
78 888
78 885
88 885
88 1268
81 1268
81 1548
82 1548
82 1578
93 1578
93 1612
92 1612
92 1641
87 1641
87 1713
115 1713
115 1716
235 1716
235 1715
256 1715
256 1719
255 1719
255 1722
273 1722
273 1709
239 1709
239 1703
266 1703
266 1691
274 1691
274 1686
228 1686
228 1710
223 1710
223 1678
280 1678
280 1673
340 1673
340 1624
334 1624
334 1646
332 1646
332 1632
320 1632
320 1336
329 1336
329 1258
338 1258
338 1426
342 1426
342 1364
348 1364
348 776
347 776
347 804
346 804
346 747
345 747
345 623
350 623
350 578
377 578
377 650
380 650
380 653
367 653
367 651
353 651
353 656
355 656
355 663
381 663
381 622
382 622
382 668
364 668
364 770
363 770
363 670
354 670
354 824
359 824
359 683
360 683
360 835
361 835
361 1280
366 1280
366 1065
368 1065
368 1370
385 1370
385 1373
395 1373
395 1387
379 1387
379 1392
400 1392
400 1287
401 1287
401 1227
419 1227
419 1210
420 1210
420 1222
432 1222
432 1209
480 1209
480 1230
442 1230
442 1245
468 1245
468 1231
489 1231
489 1196
493 1196
493 1188
490 1188
490 1159
521 1159
521 1265
519 1265
519 1181
514 1181
514 1285
525 1285
525 1217
539 1217
539 1162
552 1162
552 1205
553 1205
553 1173
561 1173
561 1155
527 1155
527 1152
531 1152
531 1104
523 1104
523 1111
518 1111
518 1134
466 1134
466 1156
479 1156
479 1160
469 1160
469 1189
444 1189
444 1187
424 1187
424 1061
429 1061
429 1046
430 1046
430 981
427 981
427 945
452 945
452 964
456 964
456 1002
503 1002
503 994
485 994
485 973
498 973
498 971
494 971
494 946
482 946
482 997
463 997
463 988
460 988
460 881
453 881
453 844
516 844
516 843
517 843
517 840
481 840
481 838
546 838
546 832
435 832
435 861
431 861
431 880
425 880
425 941
416 941
416 1006
415 1006
415 877
413 877
413 1010
410 1010
410 1016
426 1016
426 1029
404 1029
404 1079
397 1079
397 1366
369 1366
369 1306
370 1306
370 1052
371 1052
371 917
373 917
373 1145
389 1145
389 1114
388 1114
388 1117
374 1117
374 778
365 778
365 674
378 674
378 671
393 671
393 619
447 619
447 617
486 617
486 631
507 631
507 654
575 654
575 648
509 648
509 645
532 645
532 626
542 626
542 629
596 629
596 628
626 628
626 625
550 625
550 624
594 624
594 613
592 613
592 621
530 621
530 638
522 638
522 609
464 609
464 610
406 610
406 607
500 607
500 601
513 601
513 596
524 596
524 608
616 608
616 606
642 606
642 605
560 605
560 598
663 598
663 521
697 521
697 561
703 561
703 574
705 574
705 520
706 520
706 517
664 517
664 516
681 516
681 510
792 510
792 491
778 491
778 383
793 383
793 381
883 381
883 351
858 351
858 338
888 338
888 322
917 322
917 328
942 328
942 370
932 370
932 428
898 428
898 575
900 575
900 567
901 567
901 562
905 562
905 583
882 583
882 620
877 620
877 635
844 635
844 551
851 551
851 573
892 573
892 566
893 566
893 553
867 553
867 530
876 530
876 511
836 511
836 526
835 526
835 564
842 564
842 599
802 599
802 612
818 612
818 633
831 633
831 634
825 634
825 636
895 636
895 649
896 649
896 616
897 616
897 591
909 591
909 677
875 677
875 882
860 882
860 959
864 959
864 1087
870 1087
870 1008
872 1008
872 1267
874 1267
874 1311
862 1311
862 1386
856 1386
856 1185
848 1185
848 1031
830 1031
830 986
834 986
834 932
810 932
810 931
750 931
750 925
799 925
799 920
843 920
843 897
846 897
846 852
854 852
854 904
849 904
849 912
855 912
855 846
837 846
837 845
827 845
827 736
719 736
719 726
780 726
780 725
753 725
753 720
720 720
720 712
764 712
764 708
756 708
756 710
715 710
715 728
708 728
708 742
723 742
723 748
826 748
826 914
782 914
782 903
805 903
805 890
816 890
816 837
814 837
814 887
775 887
775 889
760 889
760 849
772 849
772 873
809 873
809 872
813 872
813 818
811 818
811 794
800 794
800 799
790 799
790 790
798 790
798 760
687 760
687 767
678 767
678 809
700 809
700 792
698 792
698 780
757 780
757 771
762 771
762 783
773 783
773 789
784 789
784 808
803 808
803 816
791 816
791 833
789 833
789 839
786 839
786 863
777 863
777 812
743 812
743 857
733 857
733 859
736 859
736 896
797 896
797 900
754 900
754 915
739 915
739 933
794 933
794 953
765 953
765 942
752 942
752 956
796 956
796 972
807 972
807 969
820 969
820 940
828 940
828 1115
824 1115
824 1095
788 1095
788 1041
795 1041
795 1003
785 1003
785 1015
755 1015
755 1037
731 1037
731 1150
744 1150
744 1132
770 1132
770 1116
740 1116
740 1067
746 1067
746 1069
781 1069
781 1190
787 1190
787 1183
783 1183
783 1126
847 1126
847 1206
853 1206
853 1434
833 1434
833 1431
699 1431
699 1433
692 1433
692 1411
691 1411
691 1447
728 1447
728 1460
734 1460
734 1466
839 1466
839 1444
863 1444
863 1399
868 1399
868 1334
873 1334
873 1377
891 1377
891 1292
890 1292
890 1226
886 1226
886 1239
885 1239
885 1053
887 1053
887 963
884 963
884 1263
881 1263
881 1333
880 1333
880 705
913 705
913 675
915 675
915 746
920 746
920 775
922 775
922 891
925 891
925 923
921 923
921 1531
919 1531
919 1559
935 1559
935 1455
939 1455
939 588
938 588
938 965
937 965
937 1278
933 1278
933 1359
934 1359
934 1554
930 1554
930 1369
926 1369
926 905
927 905
927 807
924 807
924 672
914 672
914 542
908 542
908 557
906 557
906 477
899 477
899 448
940 448
940 800
941 800
941 379
944 379
944 829
943 829
943 1352
949 1352
949 1371
984 1371
984 1354
992 1354
992 1380
1001 1380
1001 1482
1007 1482
1007 1488
1019 1488
1019 1513
1023 1513
1023 1478
1012 1478
1012 1472
1003 1472
1003 1347
1002 1347
1002 1332
999 1332
999 1337
993 1337
993 1328
1010 1328
1010 1309
1037 1309
1037 1402
1054 1402
1054 1362
1049 1362
1049 1070
1053 1070
1053 580
1055 580
1055 343
1056 343
1056 298
1045 298
1045 263
1052 263
1052 225
1059 225
1059 217
1040 217
1040 205
1060 205
1060 198
936 198
936 201
1022 201
1022 212
912 212
912 206
879 206
879 218
861 218
861 213
763 213
763 215
779 215
779 216
747 216
747 146
714 146
714 168
680 168
680 134
613 134
613 102
609 102
609 83
601 83
601 136
562 136
562 119
559 119
559 69
554 69
554 64
541 64
541 66
512 66
512 63
504 63
504 70
477 70
477 47
508 47
508 36
492 36
492 23
473 23
473 56
450 56
450 39
409 39
409 21
603 21
603 16
611 16
611 19
647 19
647 24
660 24
660 35
612 35
612 40
672 40
672 50
1058 50
1058 51
644 51
644 52
1125 52
1125 54
832 54
832 57
717 57
717 53
659 53
659 60
947 60
947 55
1065 55
1065 61
1173 61
1173 62
1256 62
1256 73
1255 73
1255 133
1265 133
1265 149
1269 149
1269 106
1282 106
1282 94
1324 94
1324 100
1356 100
1356 126
1327 126
1327 180
1300 180
1300 176
1271 176
1271 207
1277 207
1277 286
1245 286
1245 150
1244 150
1244 384
1200 384
1200 355
1167 355
1167 353
1243 353
1243 194
1238 194
1238 278
1242 278
1242 330
1240 330
1240 352
1171 352
1171 341
1150 341
1150 344
1121 344
1121 334
1120 334
1120 310
1223 310
1223 305
1138 305
1138 304
1100 304
1100 320
1119 320
1119 347
1137 347
1137 349
1130 349
1130 358
1162 358
1162 360
1198 360
1198 373
1178 373
1178 389
1092 389
1092 431
1110 431
1110 438
1102 438
1102 443
1237 443
1237 451
1596 451
1596 445
1558 445
1558 444
1410 444
1410 442
1398 442
1398 439
1344 439
1344 436
1334 436
1334 449
1303 449
1303 446
1248 446
1248 435
1131 435
1131 424
1201 424
1201 425
1202 425
1202 426
1199 426
1199 432
1210 432
1210 427
1215 427
1215 429
1233 429
1233 421
1288 421
1288 419
1689 419
1689 417
1365 417
1365 416
1127 416
1127 430
1094 430
1094 409
1144 409
1144 415
1835 415
1835 440
1834 440
1834 418
1822 418
1822 420
1820 420
1820 422
1833 422
1833 475
1815 475
1815 474
1806 474
1806 471
1773 471
1773 465
1711 465
1711 466
1685 466
1685 470
1578 470
1578 483
1632 483
1632 492
1555 492
1555 482
1346 482
1346 468
1335 468
1335 464
1358 464
1358 462
1337 462
1337 457
1317 457
1317 461
1296 461
1296 485
1549 485
1549 490
1537 490
1537 488
1505 488
1505 496
1506 496
1506 501
1565 501
1565 506
1693 506
1693 505
1630 505
1630 503
1658 503
1658 500
1525 500
1525 494
1670 494
1670 480
1641 480
1641 479
1588 479
1588 472
1731 472
1731 476
1838 476
1838 453
1842 453
1842 458
1844 458
1844 497
1817 497
1817 504
1814 504
1814 507
1837 507
1837 555
1897 555
1897 556
1900 556
1900 554
1915 554
1915 558
1974 558
1974 568
1903 568
1903 579
2030 579
2030 549
1994 549
1994 532
2044 532
2044 539
2066 539
2066 547
2064 547
2064 637
2065 637
2065 615
2090 615
2090 642
2093 642
2093 632
2095 632
2095 693
2092 693
2092 810
2068 810
2068 817
2088 817
2088 826
2091 826
2091 855
2059 855
2059 828
2027 828
2027 825
1978 825
1978 827
2009 827
2009 834
2038 834
2038 858
2085 858
2085 870
2087 870
2087 902
2036 902
2036 924
2046 924
2046 929
2010 929
2010 937
2012 937
2012 943
1989 943
1989 951
2013 951
2013 935
2014 935
2014 1092
2029 1092
2029 1252
2035 1252
2035 1228
2048 1228
2048 1318
2049 1318
2049 1283
2055 1283
2055 1221
2070 1221
2070 1208
2083 1208
2083 1125
2103 1125
2103 1147
2115 1147
2115 1135
2121 1135
2121 1093
2111 1093
2111 1089
2107 1089
2107 1083
2100 1083
2100 1097
2102 1097
2102 1119
2082 1119
2082 1177
2078 1177
2078 1165
2043 1165
2043 1078
2040 1078
2040 993
2133 993
2133 1034
2137 1034
2137 1486
2138 1486
2138 1519
2141 1519
2141 1467
2145 1467
2145 1314
2148 1314
2148 1195
2139 1195
2139 1019
2143 1019
2143 1036
2144 1036
2144 1009
2151 1009
2151 978
2130 978
2130 975
2154 975
2154 961
2153 961
2153 781
2156 781
2156 1166
2158 1166
2158 1476
2157 1476
2157 1569
2155 1569
2155 1549
2147 1549
2147 1585
2146 1585
2146 1566
2132 1566
2132 1584
2122 1584
2122 1587
2119 1587
2119 1593
2110 1593
2110 1688
2116 1688
2116 1749
2077 1749
2077 1752
2058 1752
2058 1755
1983 1755
1983 1756
1987 1756
1987 1758
1971 1758
1971 1751
2008 1751
2008 1750
2020 1750
2020 1734
2023 1734
2023 1613
2017 1613
2017 1704
2016 1704
2016 1535
1985 1535
1985 1654
1980 1654
1980 1665
1914 1665
1914 1635
1912 1635
1912 1581
1956 1581
1956 1582
1960 1582
1960 1611
1963 1611
1963 1545
1879 1545
1879 1557
1950 1557
1950 1560
1874 1560
1874 1553
1872 1553
1872 1561
1942 1561
1942 1564
1924 1564
1924 1579
1887 1579
1887 1649
1892 1649
1892 1668
1882 1668
1882 1576
1866 1576
1866 1672
1864 1672
1864 1675
1931 1675
1931 1674
1982 1674
1982 1694
1993 1694
1993 1690
2005 1690
2005 1640
1999 1640
1999 1544
2006 1544
2006 1714
2018 1714
2018 1747
1958 1747
1958 1727
1981 1727
1981 1702
1964 1702
1964 1700
1899 1700
1899 1745
1904 1745
1904 1705
1906 1705
1906 1706
1935 1706
1935 1726
1925 1726
1925 1764
1877 1764
1877 1767
1868 1767
1868 1778
2113 1778
2113 1776
1893 1776
1893 1775
2026 1775
2026 1771
2071 1771
2071 1770
2118 1770
2118 1725
2126 1725
2126 1822
1986 1822
1986 1824
1970 1824
1970 1795
2057 1795
2057 1819
2079 1819
2079 1791
1948 1791
1948 1785
2060 1785
2060 1782
1920 1782
1920 1810
1937 1810
1937 1828
2123 1828
2123 1848
2063 1848
2063 1840
2011 1840
2011 1843
1976 1843
1976 1858
2041 1858
2041 1854
2114 1854
2114 1866
1961 1866
1961 1890
1959 1890
1959 1968
1949 1968
1949 1859
1902 1859
1902 1863
1889 1863
1889 1788
1873 1788
1873 1846
1867 1846
1867 1856
1883 1856
1883 1874
1934 1874
1934 1887
1930 1887
1930 1884
1876 1884
1876 1904
1854 1904
1854 1919
1852 1919
1852 1878
1851 1878
1851 1897
1849 1897
1849 2046
1857 2046
1857 2022
1861 2022
1861 1959
1856 1959
1856 1927
1863 1927
1863 2012
1865 2012
1865 1909
1885 1909
1885 1908
1910 1908
1910 1947
1896 1947
1896 1949
1895 1949
1895 1951
1901 1951
1901 2020
1894 2020
1894 2032
1891 2032
1891 1990
1878 1990
1878 2014
1881 2014
1881 2066
1888 2066
1888 2091
1905 2091
1905 2047
1911 2047
1911 1932
1926 1932
1926 1963
1933 1963
1933 2061
1918 2061
1918 2112
1936 2112
1936 2107
1945 2107
1945 1868
1946 1868
1946 2085
1947 2085
1947 2007
1957 2007
1957 1987
1966 1987
1966 1935
1972 1935
1972 1876
2056 1876
2056 1869
2124 1869
2124 1849
2175 1849
2175 1917
2072 1917
2072 1914
2032 1914
2032 1895
1997 1895
1997 1991
2001 1991
2001 2056
2004 2056
2004 1974
2019 1974
2019 2118
1483 2118
1483 2093
1572 2093
1572 2111
1569 2111
1569 2114
1663 2114
1663 2099
1656 2099
1656 1977
1652 1977
1652 1913
1676 1913
1676 1893
1697 1893
1697 1942
1713 1942
1713 1966
1700 1966
1700 2001
1704 2001
1704 1972
1716 1972
1716 1931
1781 1931
1781 1961
1801 1961
1801 1934
1785 1934
1785 1920
1708 1920
1708 1877
1747 1877
1747 1916
1811 1916
1811 1907
1819 1907
1819 1899
1840 1899
1840 1941
1845 1941
1845 1936
1847 1936
1847 1921
1846 1921
1846 1881
1807 1881
1807 1905
1784 1905
1784 1872
1772 1872
1772 1864
1666 1864
1666 1898
1662 1898
1662 1875
1590 1875
1590 1850
1570 1850
1570 1982
1567 1982
1567 1973
1566 1973
1566 1841
1563 1841
1563 1835
1341 1835
1341 1773
1376 1773
1376 1753
1436 1753
1436 1740
1437 1740
1437 1723
1443 1723
1443 1586
1453 1586
1453 1638
1460 1638
1460 1695
1464 1695
1464 1637
1454 1637
1454 1594
1473 1594
1473 1606
1478 1606
1478 1588
1457 1588
1457 1575
1450 1575
1450 1572
1476 1572
1476 1567
1439 1567
1439 1708
1432 1708
1432 1742
1404 1742
1404 1748
1323 1748
1323 1737
1306 1737
1306 1711
1297 1711
1297 1689
1295 1689
1295 1644
1315 1644
1315 1662
1331 1662
1331 1671
1340 1671
1340 1631
1322 1631
1322 1617
1332 1617
1332 1610
1367 1610
1367 1605
1359 1605
1359 1574
1349 1574
1349 1590
1325 1590
1325 1583
1316 1583
1316 1633
1312 1633
1312 1627
1310 1627
1310 1642
1290 1642
1290 1522
1287 1522
1287 1517
1384 1517
1384 1498
1435 1498
1435 1416
1394 1416
1394 1407
1388 1407
1388 1393
1395 1393
1395 1394
1413 1394
1413 1375
1393 1375
1393 1304
1409 1304
1409 1254
1407 1254
1407 1302
1401 1302
1401 1272
1400 1272
1400 1233
1428 1233
1428 910
1430 910
1430 1288
1414 1288
1414 1291
1431 1291
1431 793
1527 793
1527 785
1531 785
1531 741
1542 741
1542 856
1513 856
1513 878
1521 878
1521 868
1528 868
1528 899
1493 899
1493 977
1494 977
1494 1212
1491 1212
1491 1229
1495 1229
1495 1237
1487 1237
1487 1351
1504 1351
1504 1327
1490 1327
1490 1261
1586 1261
1586 1262
1571 1262
1571 1325
1573 1325
1573 1357
1613 1357
1613 1403
1602 1403
1602 1390
1576 1390
1576 1413
1598 1413
1598 1448
1698 1448
1698 1458
1798 1458
1798 1462
1688 1462
1688 1456
1625 1456
1625 1461
1612 1461
1612 1480
1614 1480
1614 1525
1608 1525
1608 1515
1597 1515
1597 1539
1681 1539
1681 1592
1675 1592
1675 1543
1665 1543
1665 1604
1678 1604
1678 1643
1706 1643
1706 1651
1732 1651
1732 1676
1726 1676
1726 1680
1737 1680
1737 1683
1707 1683
1707 1685
1715 1685
1715 1721
1746 1721
1746 1630
1684 1630
1684 1628
1683 1628
1683 1616
1696 1616
1696 1619
1753 1619
1753 1663
1755 1663
1755 1601
1687 1601
1687 1530
1645 1530
1645 1523
1659 1523
1659 1527
1703 1527
1703 1524
1754 1524
1754 1514
1778 1514
1778 1512
1721 1512
1721 1518
1720 1518
1720 1507
1714 1507
1714 1474
1705 1474
1705 1484
1691 1484
1691 1494
1668 1494
1668 1520
1690 1520
1690 1521
1635 1521
1635 1506
1639 1506
1639 1464
1790 1464
1790 1591
1796 1591
1796 1666
1787 1666
1787 1623
1786 1623
1786 1728
1858 1728
1858 1724
1797 1724
1797 1634
1799 1634
1799 1537
1791 1537
1791 1503
1792 1503
1792 1487
1793 1487
1793 1504
1795 1504
1795 1469
1808 1469
1808 1511
1810 1511
1810 1477
1824 1477
1824 1445
1599 1445
1599 1439
1760 1439
1760 1430
1829 1430
1829 657
1828 657
1828 883
1827 883
1827 1385
1803 1385
1803 1372
1794 1372
1794 1410
1826 1410
1826 1429
1816 1429
1816 1422
1758 1422
1758 1414
1761 1414
1761 1290
1765 1290
1765 1367
1767 1367
1767 1277
1766 1277
1766 1214
1750 1214
1750 1103
1751 1103
1751 1106
1783 1106
1783 1105
1771 1105
1771 1057
1782 1057
1782 1043
1770 1043
1770 1099
1742 1099
1742 1120
1738 1120
1738 1225
1736 1225
1736 1142
1727 1142
1727 1307
1723 1307
1723 1382
1728 1382
1728 1338
1729 1338
1729 1223
1734 1223
1734 1246
1762 1246
1762 1271
1748 1271
1748 1428
1757 1428
1757 1436
1617 1436
1617 1396
1660 1396
1660 1363
1661 1363
1661 1310
1657 1310
1657 1186
1648 1186
1648 1175
1647 1175
1647 1158
1646 1158
1646 1122
1644 1122
1644 1060
1607 1060
1607 1048
1616 1048
1616 1033
1650 1033
1650 1001
1674 1001
1674 927
1679 927
1679 862
1677 862
1677 848
1624 848
1624 874
1628 874
1628 879
1651 879
1651 864
1673 864
1673 949
1672 949
1672 968
1671 968
1671 944
1582 944
1582 952
1589 952
1589 987
1585 987
1585 1005
1551 1005
1551 1013
1591 1013
1591 1027
1577 1027
1577 1040
1593 1040
1593 1017
1595 1017
1595 1007
1606 1007
1606 1076
1618 1076
1618 1064
1640 1064
1640 1247
1643 1247
1643 1289
1655 1289
1655 1383
1642 1383
1642 1384
1620 1384
1620 1353
1592 1353
1592 1340
1580 1340
1580 1266
1594 1266
1594 1240
1587 1240
1587 1243
1536 1243
1536 1260
1518 1260
1518 1198
1520 1198
1520 1127
1517 1127
1517 1137
1509 1137
1509 1234
1514 1234
1514 1256
1507 1256
1507 1184
1499 1184
1499 1088
1498 1088
1498 1085
1496 1085
1496 901
1532 901
1532 860
1546 860
1546 906
1547 906
1547 691
1540 691
1540 727
1535 727
1535 679
1538 679
1538 662
1503 662
1503 665
1486 665
1486 706
1492 706
1492 709
1481 709
1481 646
1475 646
1475 664
1479 664
1479 711
1470 711
1470 700
1467 700
1467 721
1485 721
1485 714
1489 714
1489 734
1449 734
1449 735
1446 735
1446 737
1484 737
1484 745
1497 745
1497 719
1501 719
1501 669
1534 669
1534 740
1523 740
1523 696
1515 696
1515 715
1508 715
1508 717
1522 717
1522 791
1438 791
1438 787
1451 787
1451 786
1465 786
1465 773
1415 773
1415 754
1440 754
1440 751
1357 751
1357 755
1380 755
1380 768
1360 768
1360 841
1366 841
1366 779
1403 779
1403 797
1420 797
1420 836
1416 836
1416 851
1417 851
1417 976
1418 976
1418 1038
1421 1038
1421 1124
1424 1124
1424 992
1427 992
1427 1204
1426 1204
1426 1164
1412 1164
1412 1193
1389 1193
1389 1153
1405 1153
1405 1148
1387 1148
1387 1435
1408 1435
1408 1452
1399 1452
1399 1471
1377 1471
1377 1154
1379 1154
1379 1355
1381 1355
1381 1146
1371 1146
1371 1182
1370 1182
1370 1449
1373 1449
1373 1236
1374 1236
1374 1400
1375 1400
1375 1516
1321 1516
1321 1510
1350 1510
1350 1491
1304 1491
1304 1502
1284 1502
1284 1562
1289 1562
1289 1648
1292 1648
1292 1655
1294 1655
1294 1729
1257 1729
1257 1733
1259 1733
1259 1741
1286 1741
1286 1739
1302 1739
1302 1743
1285 1743
1285 1754
1320 1754
1320 1793
1326 1793
1326 1837
1545 1837
1545 1842
1552 1842
1552 1870
1553 1870
1553 1900
1556 1900
1556 1906
1561 1906
1561 1915
1564 1915
1564 2006
1575 2006
1575 1901
1600 1901
1600 1928
1610 1928
1610 1891
1605 1891
1605 1882
1623 1882
1623 1883
1649 1883
1649 2019
1609 2019
1609 2060
1634 2060
1634 2041
1653 2041
1653 2100
1603 2100
1603 2073
1562 2073
1562 2086
1548 2086
1548 2081
1519 2081
1519 2076
1500 2076
1500 2079
1512 2079
1512 2090
1474 2090
1474 2089
1462 2089
1462 2101
1347 2101
1347 2103
1345 2103
1345 2104
1264 2104
1264 2128
1270 2128
1270 2109
1361 2109
1361 2106
1477 2106
1477 2115
1445 2115
1445 2117
1402 2117
1402 2121
1480 2121
1480 2125
1510 2125
1510 2126
1621 2126
1621 2123
1752 2123
1752 2141
1686 2141
1686 2139
1444 2139
1444 2140
1186 2140
1186 2160
1169 2160
1169 2137
1157 2137
1157 2136
1089 2136
1089 2130
1106 2130
1106 2105
1115 2105
1115 2087
1077 2087
1077 2082
1057 2082
1057 2094
1063 2094
1063 2084
1066 2084
1066 2102
1078 2102
1078 2155
1071 2155
1071 2194
1189 2194
1189 2199
1216 2199
1216 2208
1187 2208
1187 2226
1192 2226
1192 2254
1163 2254
1163 2309
1191 2309
1191 2319
1149 2319
1149 2287
1114 2287
1114 2241
1091 2241
1091 2243
1101 2243
1101 2256
1105 2256
1105 2284
1109 2284
1109 2288
1134 2288
1134 2290
1118 2290
1118 2297
1140 2297
1140 2320
1151 2320
1151 2323
1220 2323
1220 2416
1222 2416
1222 2445
1203 2445
1203 2414
1165 2414
1165 2417
968 2417
968 2419
923 2419
923 2408
812 2408
812 2400
766 2400
766 2397
1161 2397
1161 2386
1013 2386
1013 2384
630 2384
630 2395
637 2395
637 2406
597 2406
597 2224
599 2224
599 2183
589 2183
589 2048
593 2048
593 1903
598 1903
598 1792
407 1792
407 1804
375 1804
375 1806
408 1806
408 1829
387 1829
387 1838
417 1838
417 1873
403 1873
403 1986
439 1986
439 1997
449 1997
449 2018
441 2018
441 2064
392 2064
392 2080
390 2080
390 2180
227 2180
227 2177
130 2177
130 2181
372 2181
372 2182
70 2182
70 2184
1 2184
1 2212
232 2212
232 2210
105 2210
105 2211
96 2211
96 2207
34 2207
34 2196
19 2196
19 2189
76 2189
76 2185
159 2185
159 2187
399 2187
399 2131
445 2131
445 2127
422 2127
422 2124
396 2124
396 2098
446 2098
446 2096
462 2096
462 2074
423 2074
423 2071
457 2071
457 2025
458 2025
458 1996
488 1996
488 2054
478 2054
478 2055
520 2055
520 2052
547 2052
547 2039
571 2039
571 2108
568 2108
568 2149
566 2149
566 2058
565 2058
565 2190
572 2190
572 2197
564 2197
564 2195
563 2195
563 2213
545 2213
545 2214
506 2214
506 2219
461 2219
461 2217
440 2217
440 2215
352 2215
352 2218
270 2218
270 2231
327 2231
327 2232
205 2232
205 2236
165 2236
165 2240
155 2240
155 2223
110 2223
110 2221
20 2221
20 2230
17 2230
17 2311
27 2311
27 2228
99 2228
99 2244
122 2244
122 2248
166 2248
166 2239
209 2239
209 2258
178 2258
178 2262
217 2262
217 2261
219 2261
219 2250
210 2250
210 2233
321 2233
321 2234
376 2234
376 2235
386 2235
386 2229
315 2229
315 2222
394 2222
394 2225
549 2225
549 2220
573 2220
573 2027
529 2027
529 2030
538 2030
538 2038
502 2038
502 1981
433 1981
433 1962
459 1962
459 1965
465 1965
465 1954
475 1954
475 1922
418 1922
418 1857
428 1857
428 1798
411 1798
411 1794
497 1794
497 1802
501 1802
501 1812
528 1812
528 1807
574 1807
574 1801
511 1801
511 1797
582 1797
582 1800
591 1800
591 1976
585 1976
585 2068
583 2068
583 2246
584 2246
584 2422
580 2422
580 2286
578 2286
578 2412
579 2412
579 2440
587 2440
587 1995
590 1995
590 2034
588 2034
588 2188
595 2188
595 2407
704 2407
704 2385
767 2385
767 2389
991 2389
991 2393
929 2393
929 2394
761 2394
761 2402
801 2402
801 2413
829 2413
829 2420
1174 2420
1174 2427
1145 2427
1145 2425
910 2425
910 2426
702 2426
702 2451
623 2451
623 2493
625 2493
625 2453
641 2453
641 2479
643 2479
643 2485
649 2485
649 2491
640 2491
640 2468
638 2468
638 2492
652 2492
652 2499
685 2499
685 2496
727 2496
727 2495
711 2495
711 2481
1182 2481
1182 2486
1236 2486
1236 2480
1155 2480
1155 2478
688 2478
688 2488
684 2488
684 2490
682 2490
682 2483
671 2483
671 2471
668 2471
668 2469
654 2469
654 2466
707 2466
707 2457
712 2457
712 2441
817 2441
817 2443
865 2443
865 2439
974 2439
974 2437
1093 2437
1093 2436
1041 2436
1041 2435
1128 2435
1128 2432
903 2432
903 2433
710 2433
710 2429
1050 2429
1050 2428
1146 2428
1146 2430
1181 2430
1181 2415
1195 2415
1195 2450
1108 2450
1108 2447
1039 2447
1039 2448
759 2448
759 2458
771 2458
771 2456
838 2456
838 2452
1197 2452
1197 2449
1221 2449
1221 2461
1085 2461
1085 2463
815 2463
815 2465
1227 2465
1227 2312
1218 2312
1218 2308
1184 2308
1184 2305
1180 2305
1180 2277
1193 2277
1193 2237
1226 2237
1226 2209
1228 2209
1228 2238
1209 2238
1209 2249
1217 2249
1217 2269
1251 2269
1251 2273
1308 2273
1308 2276
1441 2276
1441 2268
1419 2268
1419 2272
1328 2272
1328 2265
1336 2265
1336 2263
1330 2263
1330 2245
1452 2245
1452 2278
1456 2278
1456 2274
1458 2274
1458 2242
1319 2242
1319 2255
1298 2255
1298 2270
1307 2270
1307 2271
1258 2271
1258 2260
1239 2260
1239 2257
1235 2257
1235 2247
1229 2247
1229 2198
1231 2198
1231 2192
1086 2192
1086 2132
1088 2132
1088 2138
1132 2138
1132 2176
1129 2176
1129 2179
1142 2179
1142 2163
1196 2163
1196 2147
1241 2147
1241 2145
1789 2145
1789 2146
1554 2146
1554 2153
1631 2153
1631 2152
1768 2152
1768 2151
1763 2151
1763 2150
1909 2150
1909 2154
1870 2154
1870 2161
1804 2161
1804 2158
1638 2158
1638 2157
1560 2157
1560 2159
1369 2159
1369 2164
1252 2164
1252 2168
1629 2168
1629 2173
1800 2173
1800 2174
1841 2174
1841 2172
1823 2172
1823 2171
1667 2171
1667 2170
1995 2170
1995 2167
1619 2167
1619 2166
1447 2166
1447 2165
1544 2165
1544 2162
1917 2162
1917 2148
1922 2148
1922 2143
1805 2143
1805 2144
1719 2144
1719 2142
1907 2142
1907 2120
1636 2120
1636 2119
2025 2119
2025 2069
2034 2069
2034 2017
2050 2017
2050 2044
2052 2044
2052 1984
2042 1984
2042 1940
2039 1940
2039 1938
2022 1938
2022 1926
2171 1926
2171 1956
2140 1956
2140 2021
2142 2021
2142 2002
2160 2002
2160 1998
2162 1998
2162 2015
2164 2015
2164 2011
2174 2011
2174 2042
2176 2042
2176 2053
2183 2053
2183 1836
2129 1836
2129 1813
2127 1813
2127 1735
2178 1735
2178 1720
2125 1720
2125 1597
2182 1597
2182 1528
2184 1528
2184 1301
2191 1301
2191 1437
2189 1437
2189 1505
2192 1505
2192 1409
2198 1409
2198 1397
2199 1397
2199 1350
2239 1350
2239 1450
2211 1450
2211 1483
2216 1483
2216 1501
2225 1501
2225 2065
2220 2065
2220 1817
2224 1817
2224 1796
2222 1796
2222 1744
2215 1744
2215 1834
2209 1834
2209 1803
2206 1803
2206 1809
2205 1809
2205 1618
2203 1618
2203 1761
2202 1761
2202 1865
2207 1865
2207 1880
2219 1880
2219 1993
2214 1993
2214 2037
2218 2037
2218 2267
2217 2267
2217 2301
2255 2301
2255 2298
2298 2298
2298 2293
2306 2293
2306 2338
2289 2338
2289 2331
2244 2331
2244 2333
2237 2333
2237 2324
2195 2324
2195 2306
2194 2306
2194 2285
2106 2285
2106 2280
1921 2280
1921 2281
2097 2281
2097 2283
1977 2283
1977 2289
1890 2289
1890 2294
1875 2294
1875 2295
2061 2295
2061 2300
1984 2300
1984 2296
1855 2296
1855 2302
1853 2302
1853 2299
1850 2299
1850 2401
1859 2401
1859 2314
1886 2314
1886 2345
1908 2345
1908 2321
1923 2321
1923 2340
1944 2340
1944 2390
1938 2390
1938 2434
1916 2434
1916 2462
1919 2462
1919 2472
1991 2472
1991 2473
1969 2473
1969 2474
2054 2474
2054 2470
2000 2470
2000 2467
2177 2467
2177 2464
2180 2464
2180 2459
2007 2459
2007 2460
1929 2460
1929 2446
1940 2446
1940 2431
1951 2431
1951 2444
1996 2444
1996 2438
2002 2438
2002 2454
2051 2454
2051 2442
2062 2442
2062 2455
2075 2455
2075 2423
2045 2423
2045 2404
2037 2404
2037 2424
1998 2424
1998 2398
2080 2398
2080 2421
2084 2421
2084 2418
2081 2418
2081 2392
2074 2392
2074 2388
1979 2388
1979 2403
1973 2403
1973 2396
1955 2396
1955 2405
1952 2405
1952 2387
1953 2387
1953 2382
1954 2382
1954 2349
1962 2349
1962 2318
1965 2318
1965 2315
1988 2315
1988 2310
2021 2310
2021 2307
2105 2307
2105 2292
1898 2292
1898 2291
2193 2291
2193 2476
2120 2476
2120 2475
2096 2475
2096 2484
2073 2484
2073 2487
2112 2487
2112 2494
2086 2494
2086 2497
1992 2497
1992 2500
2003 2500
2003 2498
2117 2498
2117 2489
2136 2489
2136 2477
2188 2477
2188 2482
2200 2482
2200 2391
2382 2391
2382 2380
2318 2380
2318 2375
2221 2375
2221 2376
2308 2376
2308 2378
2309 2378
2309 2379
2210 2379
2210 2341
2212 2341
2212 2337
2252 2337
2252 2344
2357 2344
2357 2339
2356 2339
2356 2325
2390 2325
2390 1988
2393 1988
2393 2023
2428 2023
2428 2040
2426 2040
2426 2134
2407 2134
2407 2186
2420 2186
2420 2169
2422 2169
2422 2259
2408 2259
2408 2264
2403 2264
2403 2282
2425 2282
2425 2175
2431 2175
2431 1994
2399 1994
2399 1889
2401 1889
2401 1979
2432 1979
2432 2008
2437 2008
2437 1950
2427 1950
2427 1960
2404 1960
2404 1853
2412 1853
2412 1862
2424 1862
2424 1831
2409 1831
2409 1821
2415 1821
2415 1805
2480 1805
2480 1852
2464 1852
2464 1861
2481 1861
2481 1894
2452 1894
2452 1925
2457 1925
2457 1923
2477 1923
2477 2075
2485 2075
2485 2088
2478 2088
2478 2095
2459 2095
2459 2116
2441 2116
2441 2113
2440 2113
2440 2193
2450 2193
2450 2216
2456 2216
2456 2156
2461 2156
2461 2266
2473 2266
2473 2227
2468 2227
2468 2206
2467 2206
2467 2205
2463 2205
2463 2129
2471 2129
2471 2110
2497 2110
2497 2045
2486 2045
2486 2003
2479 2003
2479 1958
2498 1958
2498 2057
2500 2057
2500 1827
2495 1827
2495 1766
2470 1766
2470 1731
2465 1731
2465 1799
2451 1799
2451 1738
2433 1738
2433 1718
2436 1718
2436 1509
2460 1509
2460 1495
2490 1495
2490 1481
2491 1481
2491 1374
2487 1374
2487 1368
2493 1368
2493 1412
2494 1412
2494 1398
2499 1398
2499 1213
2484 1213
2484 1109
2496 1109
2496 1049
2492 1049
2492 1063
2489 1063
2489 1066
2483 1066
2483 1295
2475 1295
2475 1281
2474 1281
2474 1197
2449 1197
2449 1090
2455 1090
2455 921
2453 921
2453 752
2458 752
2458 680
2443 680
2443 784
2444 784
2444 806
2447 806
2447 847
2439 847
2439 731
2438 731
2438 922
2446 922
2446 1235
2472 1235
2472 1313
2462 1313
2462 1326
2476 1326
2476 1379
2488 1379
2488 1415
2482 1415
2482 1485
2454 1485
2454 1404
2466 1404
2466 1463
2469 1463
2469 1388
2445 1388
2445 1417
2442 1417
2442 1446
2448 1446
2448 1465
2435 1465
2435 1500
2430 1500
2430 1693
2429 1693
2429 1746
2434 1746
2434 1786
2402 1786
2402 1762
2398 1762
2398 1952
2384 1952
2384 2303
2388 2303
2388 2304
2389 2304
2389 2313
2362 2313
2362 1992
2376 1992
2376 1957
2379 1957
2379 1933
2378 1933
2378 1830
2373 1830
2373 1598
2368 1598
2368 1542
2355 1542
2355 1571
2348 1571
2348 1296
2361 1296
2361 1312
2372 1312
2372 1320
2423 1320
2423 1303
2410 1303
2410 1300
2405 1300
2405 1274
2386 1274
2386 1316
2374 1316
2374 1279
2324 1279
2324 1192
2391 1192
2391 1257
2395 1257
2395 1108
2377 1108
2377 1075
2383 1075
2383 1073
2419 1073
2419 865
2421 865
2421 758
2396 758
2396 756
2397 756
2397 716
2406 716
2406 702
2400 702
2400 701
2380 701
2380 739
2375 739
2375 750
2350 750
2350 738
2330 738
2330 757
2335 757
2335 761
2313 761
2313 695
2311 695
2311 689
2310 689
2310 764
2344 764
2344 798
2364 798
2364 796
2381 796
2381 722
2387 722
2387 772
2394 772
2394 769
2414 769
2414 842
2413 842
2413 886
2416 886
2416 823
2417 823
2417 916
2418 916
2418 1059
2385 1059
2385 1054
2411 1054
2411 1024
2363 1024
2363 1110
2353 1110
2353 1071
2347 1071
2347 1023
2328 1023
2328 1171
2392 1171
2392 1174
2331 1174
2331 1179
2323 1179
2323 1425
2316 1425
2316 1308
2314 1308
2314 1555
2317 1555
2317 1565
2332 1565
2332 1475
2327 1475
2327 1305
2341 1305
2341 1401
2343 1401
2343 1684
2339 1684
2339 1647
2336 1647
2336 1639
2321 1639
2321 1620
2319 1620
2319 1730
2320 1730
2320 1732
2329 1732
2329 1681
2333 1681
2333 1698
2346 1698
2346 1839
2326 1839
2326 2078
2322 2078
2322 2133
2338 2133
2338 2122
2342 2122
2342 2083
2345 2083
2345 2026
2334 2026
2334 2010
2340 2010
2340 1969
2349 1969
2349 1602
2369 1602
2369 1629
2366 1629
2366 1736
2371 1736
2371 1757
2370 1757
2370 1772
2367 1772
2367 1867
2365 1867
2365 1945
2358 1945
2358 1999
2352 1999
2352 2201
2354 2201
2354 2178
2359 2178
2359 2097
2360 2097
2360 2251
2337 2251
2337 2135
2325 2135
2325 2252
2351 2252
2351 2316
2315 2316
2315 2322
2312 2322
2312 2275
2226 2275
2226 1763
2234 1763
2234 1978
2227 1978
2227 1980
2235 1980
2235 2063
2231 2063
2231 2077
2233 2077
2233 2203
2236 2203
2236 2092
2246 2092
2246 2067
2265 2067
2265 2004
2261 2004
2261 2016
2242 2016
2242 1989
2272 1989
2272 1924
2282 1924
2282 1930
2290 1930
2290 1910
2291 1910
2291 1787
2288 1787
2288 1315
2292 1315
2292 1851
2293 1851
2293 1661
2295 1661
2295 1405
2299 1405
2299 1653
2300 1653
2300 1250
2301 1250
2301 1717
2305 1717
2305 1650
2307 1650
2307 1625
2304 1625
2304 1489
2303 1489
2303 1339
2302 1339
2302 1249
2294 1249
2294 1018
2296 1018
2296 1056
2297 1056
2297 895
2278 895
2278 982
2277 982
2277 875
2269 875
2269 1044
2284 1044
2284 1118
2281 1118
2281 1131
2274 1131
2274 1094
2268 1094
2268 1102
2258 1102
2258 661
2257 661
2257 723
2256 723
2256 1200
2251 1200
2251 995
2245 995
2245 658
2243 658
2243 681
2232 681
2232 666
2223 666
2223 698
2228 698
2228 795
2230 795
2230 1021
2241 1021
2241 1081
2250 1081
2250 1161
2240 1161
2240 1317
2276 1317
2276 1238
2267 1238
2267 1211
2263 1211
2263 1201
2283 1201
2283 1408
2273 1408
2273 1427
2275 1427
2275 1699
2270 1699
2270 1608
2264 1608
2264 1659
2266 1659
2266 1765
2279 1765
2279 1534
2285 1534
2285 1068
2286 1068
2286 1777
2287 1777
2287 1780
2280 1780
2280 1783
2271 1783
2271 1946
2259 1946
2259 1948
2249 1948
2249 1970
2247 1970
2247 1939
2254 1939
2254 1902
2262 1902
2262 1820
2248 1820
2248 1912
2238 1912
2238 1707
2229 1707
2229 1459
2253 1459
2253 1493
2260 1493
2260 1343
2204 1343
2204 1349
2196 1349
2196 1329
2201 1329
2201 1259
2197 1259
2197 1299
2190 1299
2190 989
2208 989
2208 1050
2213 1050
2213 980
2187 980
2187 999
2186 999
2186 979
2179 979
2179 1032
2185 1032
2185 1275
2181 1275
2181 1580
2172 1580
2172 1536
2173 1536
2173 1358
2170 1358
2170 1556
2163 1556
2163 1138
2169 1138
2169 1123
2167 1123
2167 1072
2168 1072
2168 876
2166 876
2166 713
2165 713
2165 1025
2161 1025
2161 1045
2159 1045
2159 655
2152 655
2152 954
2150 954
2150 813
2149 813
2149 930
2135 930
2135 749
2134 749
2134 867
2128 867
2128 892
2131 892
2131 974
2076 974
2076 967
2047 967
2047 966
2031 966
2031 991
2028 991
2028 1011
2024 1011
2024 1004
2015 1004
2015 948
2053 948
2053 926
2094 926
2094 819
2098 819
2098 765
2108 765
2108 802
2109 802
2109 639
2104 639
2104 724
2099 724
2099 611
2101 611
2101 602
2069 602
2069 597
2067 597
2067 537
2089 537
2089 527
2033 527
2033 529
1990 529
1990 552
1932 552
1932 481
1939 481
1939 489
1941 489
1941 514
1967 514
1967 502
1968 502
1968 498
1975 498
1975 487
1943 487
1943 460
1884 460
1884 459
1871 459
1871 463
1862 463
1862 456
1860 456
1860 469
1927 469
1927 486
1928 486
1928 546
1913 546
1913 536
1880 536
1880 522
1869 522
1869 535
1839 535
1839 512
1848 512
1848 452
1843 452
1843 405
1836 405
1836 406
1832 406
1832 414
1397 414
1397 412
1425 412
1425 413
1461 413
1461 407
1313 407
1313 410
1406 410
1406 411
1205 411
1205 408
1158 408
1158 399
1122 399
1122 404
1099 404
1099 391
1159 391
1159 394
1107 394
1107 396
1190 396
1190 390
1247 390
1247 364
1250 364
1250 325
1249 325
1249 301
1396 301
1396 300
1254 300
1254 299
1516 299
1516 295
1511 295
1511 291
1524 291
1524 309
1502 309
1502 308
1261 308
1261 365
1263 365
1263 366
1260 366
1260 380
1266 380
1266 324
1272 324
1272 316
1273 316
1273 372
1275 372
1275 315
1455 315
1455 311
1529 311
1529 288
1530 288
1530 280
1541 280
1541 274
1526 274
1526 279
1488 279
1488 282
1448 282
1448 296
1293 296
1293 289
1278 289
1278 196
1279 196
1279 247
1280 247
1280 190
1276 190
1276 183
1283 183
1283 184
1301 184
1301 186
1314 186
1314 188
1338 188
1338 160
1354 160
1354 147
1352 147
1352 130
1363 130
1363 129
1378 129
1378 202
1362 202
1362 195
1368 195
1368 193
1353 193
1353 227
1299 227
1299 269
1364 269
1364 273
1442 273
1442 272
1434 272
1434 270
1718 270
1718 350
1702 350
1702 378
1701 378
1701 361
1682 361
1682 377
1699 377
1699 392
1775 392
1775 302
1780 302
1780 321
1809 321
1809 362
1812 362
1812 374
1825 374
1825 346
1813 346
1813 318
1830 318
1830 284
1831 284
1831 271
1821 271
1821 285
1818 285
1818 306
1802 306
1802 313
1788 313
1788 275
1776 275
1776 276
1769 276
1769 211
1764 211
1764 290
1779 290
1779 293
1777 293
1777 297
1774 297
1774 354
1759 354
1759 117
1692 117
1692 109
1712 109
1712 114
1749 114
1749 107
1559 107
1559 108
1533 108
1533 115
1543 115
1543 112
1615 112
1615 113
1637 113
1637 122
1584 122
1584 124
1694 124
1694 131
1709 131
1709 139
1710 139
1710 137
1730 137
1730 143
1695 143
1695 144
1735 144
1735 151
1664 151
1664 155
1722 155
1722 156
1741 156
1741 170
1744 170
1744 172
1633 172
1633 173
1626 173
1626 158
1622 158
1622 175
1611 175
1611 182
1669 182
1669 185
1739 185
1739 192
1745 192
1745 252
1756 252
1756 292
1733 292
1733 287
1740 287
1740 283
1743 283
1743 277
1725 277
1725 255
1680 255
1680 254
1471 254
1471 253
1601 253
1601 249
1579 249
1579 248
1627 248
1627 240
1604 240
1604 246
1581 246
1581 245
1583 245
1583 233
1574 233
1574 238
1568 238
1568 235
1550 235
1550 239
1557 239
1557 251
1472 251
1472 118
1468 118
1468 226
1469 226
1469 250
1466 250
1466 241
1463 241
1463 163
1459 163
1459 258
1654 258
1654 257
1539 257
1539 256
1717 256
1717 259
1724 259
1724 268
1305 268
1305 244
1309 244
1309 267
1372 267
1372 266
1482 266
1482 261
1411 261
1411 264
1343 264
1343 265
1311 265
1311 242
1339 242
1339 228
1390 228
1390 222
1391 222
1391 209
1386 209
1386 210
1383 210
1383 187
1382 187
1382 132
1422 132
1422 177
1429 177
1429 197
1433 197
1433 174
1423 174
1423 99
1342 99
1342 95
1392 95
1392 82
1385 82
1385 78
1355 78
1355 75
1351 75
1351 68
1348 68
1348 67
1318 67
1318 80
1329 80
1329 86
1333 86
1333 89
1291 89
1291 92
1281 92
1281 90
1274 90
1274 91
1262 91
1262 77
1267 77
1267 59
1268 59
1268 43
1224 43
1224 45
878 45
878 44
866 44
866 42
751 42
751 46
748 46
748 48
996 48
996 49
696 49
696 37
718 37
718 30
673 30
673 20
911 20
911 28
966 28
966 32
1044 32
1044 34
894 34
894 38
907 38
907 41
1081 41
1081 31
995 31
995 29
1246 29
1246 33
1253 33
1253 18
1175 18
1175 22
1212 22
1212 25
1133 25
1133 26
1204 26
1204 27
931 27
931 17
916 17
916 15
567 15
567 14
537 14
537 13
1096 13
1096 10
1095 10
1095 9
1014 9
1014 12
617 12
617 11
405 11
405 7
677 7
677 8
821 8
821 2
806 2
806 6
569 6
569 5
600 5
600 1
