130
439 1986
439 1997
449 1997
449 2018
441 2018
441 2064
392 2064
392 2080
390 2080
390 2180
227 2180
227 2177
130 2177
130 2181
372 2181
372 2182
70 2182
70 2184
1 2184
1 2212
232 2212
232 2210
105 2210
105 2211
96 2211
96 2207
34 2207
34 2196
19 2196
19 2189
76 2189
76 2185
159 2185
159 2187
399 2187
399 2131
445 2131
445 2127
422 2127
422 2124
396 2124
396 2098
446 2098
446 2096
462 2096
462 2074
423 2074
423 2071
457 2071
457 2025
458 2025
458 1996
488 1996
488 2054
478 2054
478 2055
520 2055
520 2052
547 2052
547 2039
571 2039
571 2108
568 2108
568 2149
566 2149
566 2058
565 2058
565 2190
572 2190
572 2197
564 2197
564 2195
563 2195
563 2213
545 2213
545 2214
506 2214
506 2219
461 2219
461 2217
440 2217
440 2215
352 2215
352 2218
270 2218
270 2231
327 2231
327 2232
205 2232
205 2236
165 2236
165 2240
155 2240
155 2223
110 2223
110 2221
20 2221
20 2230
17 2230
17 2311
27 2311
27 2228
99 2228
99 2244
122 2244
122 2248
166 2248
166 2239
209 2239
209 2258
178 2258
178 2262
217 2262
217 2261
219 2261
219 2250
210 2250
210 2233
321 2233
321 2234
386 2234
386 2229
315 2229
315 2222
549 2222
549 2220
573 2220
573 2038
502 2038
502 1986
