2678
536 1
536 3
533 3
533 4
402 4
402 58
448 58
448 65
351 65
351 72
322 72
322 74
246 74
246 76
257 76
257 87
339 87
339 93
341 93
341 98
310 98
310 101
316 101
316 104
414 104
414 105
434 105
434 103
436 103
436 110
467 110
467 111
331 111
331 125
240 125
240 164
238 164
238 166
249 166
249 219
251 219
251 208
271 208
271 199
252 199
252 179
259 179
259 135
244 135
244 128
328 128
328 145
311 145
311 154
288 154
288 204
319 204
319 203
313 203
313 189
324 189
324 161
312 161
312 159
330 159
330 153
333 153
333 142
336 142
336 123
471 123
471 120
398 120
398 116
476 116
476 121
487 121
487 97
472 97
472 85
455 85
455 88
437 88
437 96
356 96
356 84
335 84
335 81
357 81
357 79
491 79
491 71
551 71
551 127
557 127
557 178
614 178
614 169
577 169
577 162
608 162
608 138
653 138
653 140
651 140
651 152
628 152
628 165
665 165
665 148
666 148
666 141
674 141
674 157
676 157
676 171
729 171
729 167
737 167
737 191
738 191
738 181
742 181
742 200
725 200
725 220
724 220
724 221
774 221
774 223
621 223
621 230
615 230
615 234
586 234
586 237
619 237
619 260
620 260
620 243
627 243
627 232
624 232
624 231
819 231
819 229
850 229
850 224
928 224
928 214
971 214
971 236
1038 236
1038 307
1051 307
1051 484
1048 484
1048 643
1047 643
1047 998
1043 998
1043 1100
1017 1100
1017 540
1018 540
1018 707
1029 707
1029 592
1036 592
1036 576
1030 576
1030 434
1031 434
1031 548
1033 548
1033 281
1032 281
1032 262
1021 262
1021 393
1025 393
1025 326
1027 326
1027 455
1028 455
1028 584
1020 584
1020 493
1016 493
1016 294
1004 294
1004 400
1006 400
1006 630
997 630
997 699
998 699
998 822
1009 822
1009 687
1005 687
1005 684
1008 684
1008 369
1011 369
1011 962
1015 962
1015 1101
1034 1101
1034 1128
1024 1128
1024 1172
1042 1172
1042 1207
1026 1207
1026 1293
1000 1293
1000 1322
987 1322
987 1269
988 1269
988 1248
989 1248
989 1055
994 1055
994 985
990 985
990 782
986 782
986 518
985 518
985 1348
983 1348
983 1331
972 1331
972 1133
970 1133
970 590
975 590
975 678
976 678
976 1151
981 1151
981 1014
982 1014
982 559
980 559
980 866
979 866
979 676
978 676
978 814
977 814
977 541
973 541
973 478
969 478
969 604
965 604
965 331
961 331
961 525
962 525
962 1096
964 1096
964 1080
967 1080
967 1191
963 1191
963 1107
958 1107
958 1346
957 1346
957 1202
956 1202
956 1244
955 1244
955 1286
953 1286
953 950
952 950
952 1330
948 1330
948 1270
946 1270
946 898
954 898
954 854
959 854
959 495
950 495
950 499
951 499
951 744
945 744
945 370
932 370
932 428
898 428
898 575
900 575
900 567
901 567
901 562
905 562
905 583
882 583
882 620
877 620
877 635
844 635
844 551
851 551
851 573
892 573
892 566
893 566
893 553
867 553
867 530
876 530
876 511
836 511
836 526
835 526
835 564
842 564
842 599
802 599
802 612
818 612
818 633
831 633
831 634
825 634
825 636
895 636
895 649
896 649
896 616
897 616
897 591
909 591
909 677
875 677
875 882
860 882
860 959
864 959
864 1087
870 1087
870 1008
872 1008
872 1267
874 1267
874 1311
862 1311
862 1386
856 1386
856 1185
848 1185
848 1031
830 1031
830 986
834 986
834 932
810 932
810 931
750 931
750 925
799 925
799 920
843 920
843 897
846 897
846 852
854 852
854 904
849 904
849 912
855 912
855 846
837 846
837 845
827 845
827 736
719 736
719 726
780 726
780 725
753 725
753 720
720 720
720 712
764 712
764 708
756 708
756 710
715 710
715 728
708 728
708 742
723 742
723 748
826 748
826 914
782 914
782 903
805 903
805 890
816 890
816 889
760 889
760 849
772 849
772 873
809 873
809 872
813 872
813 818
811 818
811 799
790 799
790 790
798 790
798 789
784 789
784 808
803 808
803 816
791 816
791 833
789 833
789 839
786 839
786 863
777 863
777 812
743 812
743 857
733 857
733 859
736 859
736 896
797 896
797 900
754 900
754 915
739 915
739 933
794 933
794 953
765 953
765 942
752 942
752 956
796 956
796 972
807 972
807 969
820 969
820 940
828 940
828 1115
824 1115
824 1095
788 1095
788 1041
795 1041
795 1003
785 1003
785 1015
755 1015
755 1037
731 1037
731 1150
744 1150
744 1132
770 1132
770 1116
740 1116
740 1067
746 1067
746 1069
781 1069
781 1190
787 1190
787 1183
783 1183
783 1126
847 1126
847 1206
853 1206
853 1399
868 1399
868 1334
891 1334
891 1333
880 1333
880 705
913 705
913 675
924 675
924 672
914 672
914 557
906 557
906 477
899 477
899 448
941 448
941 379
944 379
944 829
943 829
943 1352
1003 1352
1003 1347
1002 1347
1002 1337
993 1337
993 1328
1010 1328
1010 1309
1049 1309
1049 1070
1053 1070
1053 580
1055 580
1055 343
1056 343
1056 298
1045 298
1045 263
1052 263
1052 225
1059 225
1059 217
1040 217
1040 212
879 212
879 218
861 218
861 216
747 216
747 146
714 146
714 168
680 168
680 136
562 136
562 119
559 119
559 70
477 70
477 56
450 56
450 39
409 39
409 21
603 21
603 16
611 16
611 19
647 19
647 24
660 24
660 35
612 35
612 40
672 40
672 50
1058 50
1058 51
644 51
644 52
1125 52
1125 54
832 54
832 57
717 57
717 53
659 53
659 60
947 60
947 55
1065 55
1065 61
1173 61
1173 62
1256 62
1256 73
1255 73
1255 94
1324 94
1324 100
1356 100
1356 126
1327 126
1327 180
1271 180
1271 207
1277 207
1277 286
1244 286
1244 384
1178 384
1178 389
1092 389
1092 431
1110 431
1110 438
1102 438
1102 443
1237 443
1237 451
1596 451
1596 445
1558 445
1558 444
1410 444
1410 442
1398 442
1398 439
1344 439
1344 436
1334 436
1334 449
1303 449
1303 446
1248 446
1248 435
1131 435
1131 424
1201 424
1201 425
1202 425
1202 426
1199 426
1199 432
1210 432
1210 427
1215 427
1215 429
1233 429
1233 421
1288 421
1288 419
1689 419
1689 417
1365 417
1365 416
1127 416
1127 430
1094 430
1094 409
1144 409
1144 415
1835 415
1835 440
1833 440
1833 453
1842 453
1842 458
1844 458
1844 497
1817 497
1817 504
1814 504
1814 507
1837 507
1837 554
2030 554
2030 549
1994 549
1994 532
2044 532
2044 539
2066 539
2066 547
2064 547
2064 637
2065 637
2065 615
2090 615
2090 642
2093 642
2093 632
2095 632
2095 693
2092 693
2092 810
2068 810
2068 817
2088 817
2088 826
2091 826
2091 855
2059 855
2059 828
2027 828
2027 825
1978 825
1978 827
2009 827
2009 834
2038 834
2038 858
2085 858
2085 870
2087 870
2087 902
2036 902
2036 924
2046 924
2046 929
2010 929
2010 937
2012 937
2012 943
1989 943
1989 951
2013 951
2013 935
2014 935
2014 1078
2040 1078
2040 993
2151 993
2151 978
2130 978
2130 975
2154 975
2154 961
2153 961
2153 781
2156 781
2156 1166
2158 1166
2158 1476
2157 1476
2157 1569
2147 1569
2147 1585
2122 1585
2122 1587
2119 1587
2119 1593
2110 1593
2110 1688
2116 1688
2116 1725
2126 1725
2126 1822
1986 1822
1986 1824
1970 1824
1970 1795
2057 1795
2057 1819
2079 1819
2079 1791
1948 1791
1948 1785
2060 1785
2060 1782
1920 1782
1920 1810
1937 1810
1937 1828
2123 1828
2123 1848
2063 1848
2063 1840
2011 1840
2011 1843
1976 1843
1976 1858
2041 1858
2041 1854
2114 1854
2114 1866
1961 1866
1961 1890
1959 1890
1959 1968
1949 1968
1949 1859
1902 1859
1902 1863
1889 1863
1889 1788
1873 1788
1873 1846
1867 1846
1867 1856
1883 1856
1883 1874
1934 1874
1934 1887
1930 1887
1930 1884
1876 1884
1876 1904
1854 1904
1854 1919
1852 1919
1852 1878
1851 1878
1851 1897
1849 1897
1849 2046
1857 2046
1857 2022
1861 2022
1861 1959
1856 1959
1856 1927
1863 1927
1863 2012
1865 2012
1865 1909
1885 1909
1885 1908
1910 1908
1910 1947
1896 1947
1896 1949
1895 1949
1895 1951
1901 1951
1901 2020
1894 2020
1894 2032
1891 2032
1891 1990
1878 1990
1878 2014
1881 2014
1881 2066
1888 2066
1888 2091
1905 2091
1905 2047
1911 2047
1911 1932
1926 1932
1926 1963
1933 1963
1933 2061
1918 2061
1918 2112
1936 2112
1936 2107
1945 2107
1945 1868
1946 1868
1946 2085
1947 2085
1947 2007
1957 2007
1957 1987
1966 1987
1966 1935
1972 1935
1972 1876
2056 1876
2056 1869
2124 1869
2124 1849
2175 1849
2175 1917
1997 1917
1997 1991
2001 1991
2001 2056
2004 2056
2004 1974
2019 1974
2019 2118
1402 2118
1402 2121
1480 2121
1480 2125
1510 2125
1510 2126
1621 2126
1621 2123
1752 2123
1752 2141
1186 2141
1186 2160
1169 2160
1169 2137
1157 2137
1157 2136
1089 2136
1089 2130
1078 2130
1078 2155
1071 2155
1071 2194
1189 2194
1189 2199
1216 2199
1216 2208
1187 2208
1187 2226
1192 2226
1192 2254
1163 2254
1163 2309
1191 2309
1191 2319
1149 2319
1149 2287
1114 2287
1114 2241
1091 2241
1091 2243
1101 2243
1101 2256
1105 2256
1105 2284
1109 2284
1109 2288
1134 2288
1134 2290
1118 2290
1118 2297
1140 2297
1140 2320
1151 2320
1151 2323
1220 2323
1220 2416
1222 2416
1222 2445
1203 2445
1203 2414
1165 2414
1165 2417
968 2417
968 2419
923 2419
923 2408
812 2408
812 2400
766 2400
766 2397
1161 2397
1161 2386
1013 2386
1013 2384
630 2384
630 2395
637 2395
637 2406
597 2406
597 2224
599 2224
599 2183
589 2183
589 2048
593 2048
593 1903
598 1903
598 1792
407 1792
407 1804
375 1804
375 1806
408 1806
408 1829
387 1829
387 1838
417 1838
417 1873
403 1873
403 1986
439 1986
439 1997
449 1997
449 2018
441 2018
441 2064
392 2064
392 2080
390 2080
390 2180
227 2180
227 2177
130 2177
130 2181
372 2181
372 2182
70 2182
70 2184
1 2184
1 2212
232 2212
232 2210
105 2210
105 2211
96 2211
96 2207
34 2207
34 2196
19 2196
19 2189
76 2189
76 2185
159 2185
159 2187
399 2187
399 2131
445 2131
445 2127
422 2127
422 2124
396 2124
396 2098
446 2098
446 2096
462 2096
462 2074
423 2074
423 2071
457 2071
457 2025
458 2025
458 1996
488 1996
488 2054
478 2054
478 2055
520 2055
520 2052
547 2052
547 2039
571 2039
571 2108
568 2108
568 2149
566 2149
566 2058
565 2058
565 2190
572 2190
572 2197
564 2197
564 2195
563 2195
563 2213
545 2213
545 2214
506 2214
506 2219
461 2219
461 2217
440 2217
440 2215
352 2215
352 2218
270 2218
270 2231
327 2231
327 2232
205 2232
205 2236
165 2236
165 2240
155 2240
155 2223
110 2223
110 2221
20 2221
20 2230
17 2230
17 2311
27 2311
27 2228
99 2228
99 2244
122 2244
122 2248
166 2248
166 2239
209 2239
209 2258
178 2258
178 2262
217 2262
217 2261
219 2261
219 2250
210 2250
210 2233
321 2233
321 2234
376 2234
376 2235
386 2235
386 2229
315 2229
315 2222
394 2222
394 2225
549 2225
549 2220
573 2220
573 2027
529 2027
529 2030
538 2030
538 2038
502 2038
502 1981
433 1981
433 1962
459 1962
459 1965
465 1965
465 1954
475 1954
475 1922
418 1922
418 1857
428 1857
428 1798
411 1798
411 1794
497 1794
497 1802
501 1802
501 1812
528 1812
528 1807
574 1807
574 1801
511 1801
511 1797
582 1797
582 1800
591 1800
591 1976
585 1976
585 2068
583 2068
583 2246
584 2246
584 2422
580 2422
580 2286
578 2286
578 2412
579 2412
579 2440
587 2440
587 1995
590 1995
590 2034
588 2034
588 2188
595 2188
595 2407
704 2407
704 2385
767 2385
767 2389
991 2389
991 2393
929 2393
929 2394
761 2394
761 2402
801 2402
801 2413
829 2413
829 2420
1174 2420
1174 2427
1145 2427
1145 2425
910 2425
910 2426
702 2426
702 2451
623 2451
623 2493
625 2493
625 2453
641 2453
641 2479
643 2479
643 2485
649 2485
649 2491
640 2491
640 2468
638 2468
638 2492
652 2492
652 2499
685 2499
685 2496
727 2496
727 2495
711 2495
711 2481
1182 2481
1182 2486
1236 2486
1236 2480
1155 2480
1155 2478
688 2478
688 2488
684 2488
684 2490
682 2490
682 2483
671 2483
671 2471
668 2471
668 2469
654 2469
654 2466
707 2466
707 2457
712 2457
712 2441
817 2441
817 2443
865 2443
865 2439
974 2439
974 2437
1093 2437
1093 2436
1041 2436
1041 2435
1128 2435
1128 2432
903 2432
903 2433
710 2433
710 2429
1050 2429
1050 2428
1146 2428
1146 2430
1181 2430
1181 2415
1195 2415
1195 2450
1108 2450
1108 2447
1039 2447
1039 2448
759 2448
759 2458
771 2458
771 2456
838 2456
838 2452
1197 2452
1197 2449
1221 2449
1221 2461
1085 2461
1085 2463
815 2463
815 2465
1227 2465
1227 2312
1218 2312
1218 2308
1184 2308
1184 2305
1180 2305
1180 2277
1193 2277
1193 2237
1226 2237
1226 2209
1228 2209
1228 2238
1209 2238
1209 2249
1217 2249
1217 2269
1251 2269
1251 2273
1308 2273
1308 2276
1441 2276
1441 2268
1419 2268
1419 2272
1328 2272
1328 2265
1336 2265
1336 2263
1330 2263
1330 2245
1452 2245
1452 2278
1456 2278
1456 2274
1458 2274
1458 2242
1319 2242
1319 2255
1298 2255
1298 2270
1307 2270
1307 2271
1258 2271
1258 2260
1239 2260
1239 2257
1235 2257
1235 2247
1229 2247
1229 2198
1231 2198
1231 2192
1086 2192
1086 2132
1088 2132
1088 2138
1132 2138
1132 2176
1129 2176
1129 2179
1142 2179
1142 2163
1196 2163
1196 2147
1241 2147
1241 2145
1789 2145
1789 2146
1554 2146
1554 2153
1631 2153
1631 2152
1768 2152
1768 2151
1763 2151
1763 2150
1909 2150
1909 2154
1870 2154
1870 2161
1804 2161
1804 2158
1638 2158
1638 2157
1560 2157
1560 2159
1369 2159
1369 2164
1252 2164
1252 2168
1629 2168
1629 2173
1800 2173
1800 2174
1841 2174
1841 2172
1823 2172
1823 2171
1667 2171
1667 2170
1995 2170
1995 2167
1619 2167
1619 2166
1447 2166
1447 2165
1544 2165
1544 2162
1917 2162
1917 2148
1922 2148
1922 2143
1805 2143
1805 2144
1719 2144
1719 2142
1907 2142
1907 2120
1636 2120
1636 2119
2025 2119
2025 2069
2034 2069
2034 2017
2050 2017
2050 2044
2052 2044
2052 1984
2042 1984
2042 1940
2039 1940
2039 1938
2022 1938
2022 1926
2171 1926
2171 1956
2140 1956
2140 2021
2142 2021
2142 2002
2160 2002
2160 1998
2162 1998
2162 2015
2164 2015
2164 2011
2174 2011
2174 2042
2176 2042
2176 2053
2183 2053
2183 1836
2129 1836
2129 1813
2127 1813
2127 1735
2178 1735
2178 1720
2125 1720
2125 1597
2182 1597
2182 1528
2184 1528
2184 1301
2191 1301
2191 1437
2189 1437
2189 1505
2192 1505
2192 1409
2198 1409
2198 1397
2199 1397
2199 1350
2239 1350
2239 1450
2211 1450
2211 1483
2216 1483
2216 1501
2225 1501
2225 2065
2220 2065
2220 1817
2224 1817
2224 1796
2222 1796
2222 1744
2215 1744
2215 1834
2209 1834
2209 1803
2206 1803
2206 1809
2205 1809
2205 1618
2203 1618
2203 1761
2202 1761
2202 1865
2207 1865
2207 1880
2219 1880
2219 1993
2214 1993
2214 2037
2218 2037
2218 2267
2217 2267
2217 2301
2255 2301
2255 2298
2298 2298
2298 2293
2306 2293
2306 2338
2289 2338
2289 2331
2244 2331
2244 2333
2237 2333
2237 2324
2195 2324
2195 2306
2194 2306
2194 2285
2106 2285
2106 2280
1921 2280
1921 2281
2097 2281
2097 2283
1977 2283
1977 2289
1890 2289
1890 2294
1875 2294
1875 2295
2061 2295
2061 2300
1984 2300
1984 2296
1855 2296
1855 2302
1853 2302
1853 2299
1850 2299
1850 2401
1859 2401
1859 2314
1886 2314
1886 2345
1908 2345
1908 2321
1923 2321
1923 2340
1944 2340
1944 2390
1938 2390
1938 2434
1916 2434
1916 2462
1919 2462
1919 2472
1991 2472
1991 2473
1969 2473
1969 2474
2054 2474
2054 2470
2000 2470
2000 2467
2177 2467
2177 2464
2180 2464
2180 2459
2007 2459
2007 2460
1929 2460
1929 2446
1940 2446
1940 2431
1951 2431
1951 2444
1996 2444
1996 2438
2002 2438
2002 2454
2051 2454
2051 2442
2062 2442
2062 2455
2075 2455
2075 2423
2045 2423
2045 2404
2037 2404
2037 2424
1998 2424
1998 2398
2080 2398
2080 2421
2084 2421
2084 2418
2081 2418
2081 2392
2074 2392
2074 2388
1979 2388
1979 2403
1973 2403
1973 2396
1955 2396
1955 2405
1952 2405
1952 2387
1953 2387
1953 2382
1954 2382
1954 2349
1962 2349
1962 2318
1965 2318
1965 2315
1988 2315
1988 2310
2021 2310
2021 2307
2105 2307
2105 2292
1898 2292
1898 2291
2193 2291
2193 2476
2120 2476
2120 2475
2096 2475
2096 2484
2073 2484
2073 2487
2112 2487
2112 2494
2086 2494
2086 2497
1992 2497
1992 2500
2003 2500
2003 2498
2117 2498
2117 2489
2136 2489
2136 2477
2188 2477
2188 2482
2200 2482
2200 2391
2382 2391
2382 2380
2318 2380
2318 2375
2221 2375
2221 2376
2308 2376
2308 2378
2309 2378
2309 2379
2210 2379
2210 2341
2212 2341
2212 2337
2252 2337
2252 2344
2357 2344
2357 2339
2356 2339
2356 2325
2390 2325
2390 1988
2393 1988
2393 2023
2428 2023
2428 2040
2426 2040
2426 2134
2407 2134
2407 2186
2420 2186
2420 2169
2422 2169
2422 2259
2408 2259
2408 2264
2403 2264
2403 2282
2425 2282
2425 2175
2431 2175
2431 1994
2399 1994
2399 1889
2401 1889
2401 1979
2432 1979
2432 2008
2437 2008
2437 1950
2427 1950
2427 1960
2404 1960
2404 1853
2412 1853
2412 1862
2424 1862
2424 1831
2409 1831
2409 1821
2415 1821
2415 1805
2480 1805
2480 1852
2464 1852
2464 1861
2481 1861
2481 1894
2452 1894
2452 1925
2457 1925
2457 1923
2477 1923
2477 2075
2485 2075
2485 2088
2478 2088
2478 2095
2459 2095
2459 2116
2441 2116
2441 2113
2440 2113
2440 2193
2450 2193
2450 2216
2456 2216
2456 2156
2461 2156
2461 2266
2473 2266
2473 2227
2468 2227
2468 2206
2467 2206
2467 2205
2463 2205
2463 2129
2471 2129
2471 2110
2497 2110
2497 2045
2486 2045
2486 2003
2479 2003
2479 1958
2498 1958
2498 2057
2500 2057
2500 1827
2495 1827
2495 1766
2470 1766
2470 1731
2465 1731
2465 1799
2451 1799
2451 1738
2433 1738
2433 1718
2436 1718
2436 1509
2460 1509
2460 1495
2490 1495
2490 1481
2491 1481
2491 1374
2487 1374
2487 1368
2493 1368
2493 1412
2494 1412
2494 1398
2499 1398
2499 1213
2484 1213
2484 1109
2496 1109
2496 1049
2492 1049
2492 1063
2489 1063
2489 1066
2483 1066
2483 1295
2475 1295
2475 1281
2474 1281
2474 1197
2449 1197
2449 1090
2455 1090
2455 921
2453 921
2453 752
2458 752
2458 680
2443 680
2443 784
2444 784
2444 806
2447 806
2447 847
2439 847
2439 731
2438 731
2438 922
2446 922
2446 1235
2472 1235
2472 1313
2462 1313
2462 1326
2476 1326
2476 1379
2488 1379
2488 1415
2482 1415
2482 1485
2454 1485
2454 1404
2466 1404
2466 1463
2469 1463
2469 1388
2445 1388
2445 1417
2442 1417
2442 1446
2448 1446
2448 1465
2435 1465
2435 1500
2430 1500
2430 1693
2429 1693
2429 1746
2434 1746
2434 1786
2402 1786
2402 1762
2398 1762
2398 1952
2384 1952
2384 2303
2388 2303
2388 2304
2389 2304
2389 2313
2362 2313
2362 1992
2376 1992
2376 1957
2379 1957
2379 1933
2378 1933
2378 1830
2373 1830
2373 1598
2368 1598
2368 1542
2355 1542
2355 1571
2348 1571
2348 1296
2361 1296
2361 1312
2372 1312
2372 1320
2423 1320
2423 1303
2410 1303
2410 1300
2405 1300
2405 1274
2386 1274
2386 1316
2374 1316
2374 1279
2324 1279
2324 1192
2391 1192
2391 1257
2395 1257
2395 1108
2377 1108
2377 1075
2383 1075
2383 1073
2419 1073
2419 865
2421 865
2421 758
2396 758
2396 756
2397 756
2397 716
2406 716
2406 702
2400 702
2400 701
2380 701
2380 739
2375 739
2375 750
2350 750
2350 738
2330 738
2330 757
2335 757
2335 761
2313 761
2313 695
2311 695
2311 689
2310 689
2310 764
2344 764
2344 798
2364 798
2364 796
2381 796
2381 722
2387 722
2387 772
2394 772
2394 769
2414 769
2414 842
2413 842
2413 886
2416 886
2416 823
2417 823
2417 916
2418 916
2418 1059
2385 1059
2385 1054
2411 1054
2411 1024
2363 1024
2363 1110
2353 1110
2353 1071
2347 1071
2347 1023
2328 1023
2328 1171
2392 1171
2392 1174
2331 1174
2331 1179
2323 1179
2323 1425
2316 1425
2316 1308
2314 1308
2314 1555
2317 1555
2317 1565
2332 1565
2332 1475
2327 1475
2327 1305
2341 1305
2341 1401
2343 1401
2343 1684
2339 1684
2339 1647
2336 1647
2336 1639
2321 1639
2321 1620
2319 1620
2319 1730
2320 1730
2320 1732
2329 1732
2329 1681
2333 1681
2333 1698
2346 1698
2346 1839
2326 1839
2326 2078
2322 2078
2322 2133
2338 2133
2338 2122
2342 2122
2342 2083
2345 2083
2345 2026
2334 2026
2334 2010
2340 2010
2340 1969
2349 1969
2349 1602
2369 1602
2369 1629
2366 1629
2366 1736
2371 1736
2371 1757
2370 1757
2370 1772
2367 1772
2367 1867
2365 1867
2365 1945
2358 1945
2358 1999
2352 1999
2352 2201
2354 2201
2354 2178
2359 2178
2359 2097
2360 2097
2360 2251
2337 2251
2337 2135
2325 2135
2325 2252
2351 2252
2351 2316
2315 2316
2315 2322
2312 2322
2312 2275
2226 2275
2226 1763
2234 1763
2234 1978
2227 1978
2227 1980
2235 1980
2235 2063
2231 2063
2231 2077
2233 2077
2233 2203
2236 2203
2236 2092
2246 2092
2246 2067
2265 2067
2265 2004
2261 2004
2261 2016
2242 2016
2242 1989
2272 1989
2272 1924
2282 1924
2282 1930
2290 1930
2290 1910
2291 1910
2291 1787
2288 1787
2288 1315
2292 1315
2292 1851
2293 1851
2293 1661
2295 1661
2295 1405
2299 1405
2299 1653
2300 1653
2300 1250
2301 1250
2301 1717
2305 1717
2305 1650
2307 1650
2307 1625
2304 1625
2304 1489
2303 1489
2303 1339
2302 1339
2302 1249
2294 1249
2294 1018
2296 1018
2296 1056
2297 1056
2297 895
2278 895
2278 982
2277 982
2277 875
2269 875
2269 1044
2284 1044
2284 1118
2281 1118
2281 1131
2274 1131
2274 1094
2268 1094
2268 1102
2258 1102
2258 661
2257 661
2257 723
2256 723
2256 1200
2251 1200
2251 995
2245 995
2245 658
2243 658
2243 681
2232 681
2232 666
2223 666
2223 698
2228 698
2228 795
2230 795
2230 1021
2241 1021
2241 1081
2250 1081
2250 1161
2240 1161
2240 1317
2276 1317
2276 1238
2267 1238
2267 1211
2263 1211
2263 1201
2283 1201
2283 1408
2273 1408
2273 1427
2275 1427
2275 1699
2270 1699
2270 1608
2264 1608
2264 1659
2266 1659
2266 1765
2279 1765
2279 1534
2285 1534
2285 1068
2286 1068
2286 1777
2287 1777
2287 1780
2280 1780
2280 1783
2271 1783
2271 1946
2259 1946
2259 1948
2249 1948
2249 1970
2247 1970
2247 1939
2254 1939
2254 1902
2262 1902
2262 1820
2248 1820
2248 1912
2238 1912
2238 1707
2229 1707
2229 1459
2253 1459
2253 1493
2260 1493
2260 1343
2204 1343
2204 1349
2196 1349
2196 1329
2201 1329
2201 1259
2197 1259
2197 1299
2190 1299
2190 989
2208 989
2208 1050
2213 1050
2213 980
2187 980
2187 999
2186 999
2186 979
2179 979
2179 1032
2185 1032
2185 1275
2181 1275
2181 1580
2172 1580
2172 1536
2173 1536
2173 1358
2170 1358
2170 1556
2163 1556
2163 1138
2169 1138
2169 1123
2167 1123
2167 1072
2168 1072
2168 876
2166 876
2166 713
2165 713
2165 1025
2161 1025
2161 1045
2159 1045
2159 655
2152 655
2152 954
2150 954
2150 813
2149 813
2149 930
2135 930
2135 749
2134 749
2134 867
2128 867
2128 892
2131 892
2131 974
2076 974
2076 967
2047 967
2047 966
2031 966
2031 991
2028 991
2028 1011
2024 1011
2024 1004
2015 1004
2015 948
2053 948
2053 926
2094 926
2094 819
2098 819
2098 765
2108 765
2108 802
2109 802
2109 639
2104 639
2104 724
2099 724
2099 611
2101 611
2101 602
2069 602
2069 597
2067 597
2067 537
2089 537
2089 529
1990 529
1990 552
1932 552
1932 481
1939 481
1939 489
1941 489
1941 514
1967 514
1967 502
1968 502
1968 498
1975 498
1975 487
1943 487
1943 460
1884 460
1884 459
1871 459
1871 463
1862 463
1862 456
1860 456
1860 469
1927 469
1927 486
1928 486
1928 546
1913 546
1913 536
1880 536
1880 522
1869 522
1869 535
1839 535
1839 512
1848 512
1848 452
1843 452
1843 414
1397 414
1397 412
1425 412
1425 413
1461 413
1461 407
1313 407
1313 410
1406 410
1406 411
1205 411
1205 408
1158 408
1158 404
1099 404
1099 391
1159 391
1159 394
1107 394
1107 396
1190 396
1190 390
1247 390
1247 364
1250 364
1250 325
1249 325
1249 301
1396 301
1396 300
1254 300
1254 299
1516 299
1516 295
1511 295
1511 291
1524 291
1524 309
1502 309
1502 308
1261 308
1261 365
1263 365
1263 366
1260 366
1260 380
1266 380
1266 324
1272 324
1272 316
1273 316
1273 372
1275 372
1275 315
1455 315
1455 311
1529 311
1529 288
1530 288
1530 280
1541 280
1541 274
1526 274
1526 279
1488 279
1488 282
1448 282
1448 296
1293 296
1293 289
1278 289
1278 196
1280 196
1280 190
1276 190
1276 183
1283 183
1283 184
1301 184
1301 186
1314 186
1314 188
1338 188
1338 160
1354 160
1354 147
1352 147
1352 130
1363 130
1363 129
1378 129
1378 202
1362 202
1362 195
1368 195
1368 193
1353 193
1353 227
1299 227
1299 269
1364 269
1364 273
1442 273
1442 272
1434 272
1434 270
1718 270
1718 350
1702 350
1702 378
1701 378
1701 361
1682 361
1682 377
1699 377
1699 392
1775 392
1775 302
1780 302
1780 321
1809 321
1809 362
1812 362
1812 374
1825 374
1825 346
1813 346
1813 318
1830 318
1830 284
1831 284
1831 271
1821 271
1821 285
1818 285
1818 306
1802 306
1802 313
1788 313
1788 275
1776 275
1776 276
1769 276
1769 211
1764 211
1764 290
1779 290
1779 293
1777 293
1777 297
1774 297
1774 354
1759 354
1759 117
1692 117
1692 109
1712 109
1712 114
1749 114
1749 107
1559 107
1559 108
1533 108
1533 115
1543 115
1543 112
1615 112
1615 113
1637 113
1637 122
1584 122
1584 124
1694 124
1694 131
1709 131
1709 139
1710 139
1710 137
1730 137
1730 143
1695 143
1695 144
1735 144
1735 151
1664 151
1664 155
1722 155
1722 156
1741 156
1741 170
1744 170
1744 172
1633 172
1633 173
1626 173
1626 158
1622 158
1622 175
1611 175
1611 182
1669 182
1669 185
1739 185
1739 192
1745 192
1745 252
1756 252
1756 292
1733 292
1733 287
1740 287
1740 283
1743 283
1743 277
1725 277
1725 255
1680 255
1680 254
1471 254
1471 253
1601 253
1601 249
1579 249
1579 248
1627 248
1627 240
1604 240
1604 246
1581 246
1581 245
1583 245
1583 233
1574 233
1574 238
1568 238
1568 235
1550 235
1550 239
1557 239
1557 251
1472 251
1472 118
1468 118
1468 226
1469 226
1469 250
1466 250
1466 241
1463 241
1463 163
1459 163
1459 258
1654 258
1654 257
1539 257
1539 256
1717 256
1717 259
1724 259
1724 268
1305 268
1305 244
1309 244
1309 267
1372 267
1372 266
1482 266
1482 261
1411 261
1411 264
1343 264
1343 265
1311 265
1311 242
1339 242
1339 228
1390 228
1390 222
1391 222
1391 209
1386 209
1386 210
1383 210
1383 187
1382 187
1382 132
1422 132
1422 177
1429 177
1429 197
1433 197
1433 174
1423 174
1423 99
1342 99
1342 95
1392 95
1392 92
1281 92
1281 90
1274 90
1274 91
1262 91
1262 77
1267 77
1267 59
1268 59
1268 49
696 49
696 37
718 37
718 30
673 30
673 20
911 20
911 28
966 28
966 32
1044 32
1044 34
894 34
894 38
907 38
907 41
1081 41
1081 31
995 31
995 29
1246 29
1246 33
1253 33
1253 18
1175 18
1175 22
1212 22
1212 25
1133 25
1133 26
1204 26
1204 27
931 27
931 17
916 17
916 15
567 15
567 14
537 14
537 13
1096 13
1096 10
1095 10
1095 9
1014 9
1014 12
617 12
617 11
405 11
405 7
677 7
677 8
821 8
821 2
806 2
806 6
569 6
569 5
600 5
600 1
