288
923 2419
923 2408
812 2408
812 2400
766 2400
766 2397
1161 2397
1161 2386
1013 2386
1013 2384
630 2384
630 2395
637 2395
637 2406
597 2406
597 2224
599 2224
599 2183
589 2183
589 2048
593 2048
593 1903
598 1903
598 1792
407 1792
407 1804
375 1804
375 1806
408 1806
408 1829
387 1829
387 1838
417 1838
417 1873
403 1873
403 1986
439 1986
439 1997
449 1997
449 2018
441 2018
441 2064
392 2064
392 2080
390 2080
390 2180
227 2180
227 2177
130 2177
130 2181
372 2181
372 2182
70 2182
70 2184
1 2184
1 2212
232 2212
232 2210
105 2210
105 2211
96 2211
96 2207
34 2207
34 2196
19 2196
19 2189
76 2189
76 2185
159 2185
159 2187
399 2187
399 2131
445 2131
445 2127
422 2127
422 2124
396 2124
396 2098
446 2098
446 2096
462 2096
462 2074
423 2074
423 2071
457 2071
457 2025
458 2025
458 1996
488 1996
488 2054
478 2054
478 2055
520 2055
520 2052
547 2052
547 2039
571 2039
571 2108
568 2108
568 2149
566 2149
566 2058
565 2058
565 2190
572 2190
572 2197
564 2197
564 2195
563 2195
563 2213
545 2213
545 2214
506 2214
506 2219
461 2219
461 2217
440 2217
440 2215
352 2215
352 2218
270 2218
270 2231
327 2231
327 2232
205 2232
205 2236
165 2236
165 2240
155 2240
155 2223
110 2223
110 2221
20 2221
20 2230
17 2230
17 2311
27 2311
27 2228
99 2228
99 2244
122 2244
122 2248
166 2248
166 2239
209 2239
209 2258
178 2258
178 2262
217 2262
217 2261
219 2261
219 2250
210 2250
210 2233
321 2233
321 2234
376 2234
376 2235
386 2235
386 2229
315 2229
315 2222
394 2222
394 2225
549 2225
549 2220
573 2220
573 2027
529 2027
529 2030
538 2030
538 2038
502 2038
502 1981
433 1981
433 1962
459 1962
459 1965
465 1965
465 1954
475 1954
475 1922
418 1922
418 1857
428 1857
428 1798
411 1798
411 1794
497 1794
497 1802
501 1802
501 1812
528 1812
528 1807
574 1807
574 1801
511 1801
511 1797
582 1797
582 1800
591 1800
591 1976
585 1976
585 2068
583 2068
583 2246
584 2246
584 2422
580 2422
580 2286
578 2286
578 2412
579 2412
579 2440
587 2440
587 1995
590 1995
590 2034
588 2034
588 2188
595 2188
595 2407
704 2407
704 2385
767 2385
767 2389
991 2389
991 2393
929 2393
929 2394
761 2394
761 2402
801 2402
801 2413
829 2413
829 2420
1174 2420
1174 2427
1145 2427
1145 2425
910 2425
910 2426
702 2426
702 2451
623 2451
623 2493
625 2493
625 2453
641 2453
641 2479
643 2479
643 2485
649 2485
649 2491
640 2491
640 2468
638 2468
638 2492
711 2492
711 2490
682 2490
682 2483
671 2483
671 2471
668 2471
668 2469
654 2469
654 2466
707 2466
707 2457
712 2457
712 2441
865 2441
865 2439
974 2439
974 2437
1093 2437
1093 2436
1041 2436
1041 2435
1128 2435
1128 2433
710 2433
710 2429
1050 2429
1050 2428
1181 2428
1181 2419
