92
1 23
1 36
2 36
2 32
3 32
3 58
7 58
7 59
18 59
18 60
15 60
15 69
11 69
11 71
34 71
34 72
40 72
40 83
39 83
39 80
38 80
38 87
29 87
29 93
33 93
33 99
14 99
14 98
22 98
22 95
19 95
19 96
13 96
13 100
47 100
47 91
46 91
46 92
41 92
41 70
52 70
52 84
45 84
45 86
50 86
50 88
54 88
54 75
53 75
53 68
17 68
17 67
16 67
16 63
26 63
26 64
32 64
32 62
24 62
24 56
44 56
44 55
59 55
59 48
30 48
30 52
20 52
20 51
4 51
4 46
75 46
75 45
37 45
37 44
21 44
21 42
76 42
76 41
84 41
84 40
96 40
96 39
6 39
6 35
10 35
10 34
25 34
25 30
8 30
8 26
35 26
35 23
