172
9 1
9 26
5 26
5 43
1 43
1 65
2 65
2 45
3 45
3 50
4 50
4 83
8 83
8 80
13 80
13 81
14 81
14 89
16 89
16 68
15 68
15 77
7 77
7 66
6 66
6 27
10 27
10 8
11 8
11 6
12 6
12 2
20 2
20 40
19 40
19 19
17 19
17 25
18 25
18 47
25 47
25 28
27 28
27 15
28 15
28 14
30 14
30 13
31 13
31 16
32 16
32 38
35 38
35 85
37 85
37 52
36 52
36 49
38 49
38 53
40 53
40 39
41 39
41 48
52 48
52 36
90 36
90 41
92 41
92 44
91 44
91 42
82 42
82 51
74 51
74 54
53 54
53 55
63 55
63 59
59 59
59 60
76 60
76 75
75 75
75 71
72 71
72 61
58 61
58 57
44 57
44 63
68 63
68 69
67 69
67 72
51 72
51 74
65 74
65 82
62 82
62 79
60 79
60 87
56 87
56 90
69 90
69 67
70 67
70 86
73 86
73 84
78 84
78 76
79 76
79 70
81 70
81 64
84 64
84 97
48 97
48 96
42 96
42 98
39 98
39 99
96 99
96 100
100 100
100 94
99 94
99 95
98 95
98 93
89 93
89 92
97 92
97 91
88 91
88 88
85 88
85 78
95 78
95 73
86 73
86 62
77 62
77 58
94 58
94 56
93 56
93 31
87 31
87 35
71 35
71 34
66 34
66 32
64 32
64 33
55 33
55 29
43 29
43 30
49 30
49 37
34 37
34 11
23 11
23 46
21 46
21 1
