90
6 5
6 27
12 27
12 28
8 28
8 49
5 49
5 34
1 34
1 35
4 35
4 44
3 44
3 45
2 45
2 50
26 50
26 47
21 47
21 46
28 46
28 43
37 43
37 42
47 42
47 39
38 39
38 37
45 37
45 30
44 30
44 29
33 29
33 40
29 40
29 33
22 33
22 31
20 31
20 21
31 21
31 25
35 25
35 22
49 22
49 32
46 32
46 36
50 36
50 19
48 19
48 20
27 20
27 18
32 18
32 17
17 17
17 23
19 23
19 24
18 24
18 48
11 48
11 41
15 41
15 38
13 38
13 26
10 26
10 16
7 16
7 9
9 9
9 14
16 14
16 11
23 11
23 12
25 12
25 6
34 6
34 13
42 13
42 15
43 15
43 10
36 10
36 7
41 7
41 5
