140
39 28
39 30
33 30
33 42
25 42
25 40
19 40
19 43
13 43
13 37
9 37
9 57
11 57
11 58
16 58
16 47
26 47
26 52
24 52
24 71
27 71
27 73
23 73
23 78
15 78
15 65
2 65
2 64
1 64
1 76
6 76
6 98
5 98
5 100
7 100
7 81
22 81
22 82
20 82
20 89
8 89
8 91
10 91
10 90
12 90
12 92
28 92
28 68
30 68
30 96
59 96
59 99
72 99
72 97
97 97
97 88
85 88
85 69
90 69
90 34
91 34
91 59
98 59
98 66
99 66
99 49
95 49
95 48
100 48
100 36
96 36
96 41
94 41
94 50
93 50
93 33
86 33
86 51
84 51
84 54
88 54
88 44
89 44
89 55
83 55
83 60
82 60
82 61
87 61
87 67
80 67
80 87
81 87
81 93
92 93
92 95
34 95
34 94
44 94
44 83
40 83
40 77
47 77
47 85
51 85
51 86
61 86
61 84
54 84
54 80
48 80
48 56
41 56
41 53
32 53
32 62
29 62
29 46
31 46
31 45
36 45
36 38
37 38
37 31
38 31
38 39
49 39
49 75
70 75
70 79
75 79
75 74
77 74
77 72
79 72
79 70
52 70
52 35
43 35
43 28
