82
52 86
52 64
49 64
49 45
16 45
16 60
11 60
11 58
1 58
1 91
4 91
4 116
8 116
8 125
13 125
13 102
15 102
15 96
14 96
14 93
10 93
10 70
17 70
17 48
20 48
20 47
42 47
42 56
37 56
37 63
48 63
48 97
40 97
40 68
35 68
35 103
44 103
44 100
53 100
53 109
60 109
60 120
33 120
33 132
31 132
31 161
25 161
25 162
19 162
19 169
27 169
27 171
29 171
29 177
28 177
28 183
32 183
32 160
50 160
50 163
51 163
51 205
39 205
39 202
26 202
26 207
87 207
87 204
63 204
63 200
54 200
54 181
62 181
62 159
38 159
38 133
45 133
45 124
47 124
47 123
61 123
61 86
