458
36 18
36 23
12 23
12 28
46 28
46 35
56 35
56 19
57 19
57 59
55 59
55 86
52 86
52 64
49 64
49 45
16 45
16 60
11 60
11 58
1 58
1 91
4 91
4 116
8 116
8 125
13 125
13 102
15 102
15 96
14 96
14 93
10 93
10 70
17 70
17 48
20 48
20 47
42 47
42 56
37 56
37 63
48 63
48 97
40 97
40 68
35 68
35 103
44 103
44 100
53 100
53 109
60 109
60 120
33 120
33 132
31 132
31 161
25 161
25 162
19 162
19 169
27 169
27 171
29 171
29 177
28 177
28 183
32 183
32 160
50 160
50 163
51 163
51 205
39 205
39 202
34 202
34 201
26 201
26 208
9 208
9 174
6 174
6 224
3 224
3 206
2 206
2 235
5 235
5 243
18 243
18 240
7 240
7 232
22 232
22 234
30 234
30 225
23 225
23 214
24 214
24 216
77 216
77 215
43 215
43 213
21 213
21 210
169 210
169 203
187 203
187 197
165 197
165 187
192 187
192 190
196 190
196 218
184 218
184 217
181 217
181 219
167 219
167 222
158 222
158 221
133 221
133 227
125 227
125 223
118 223
118 233
144 233
144 230
191 230
191 229
170 229
170 228
180 228
180 226
195 226
195 244
177 244
177 247
160 247
160 236
78 236
78 241
116 241
116 237
117 237
117 238
122 238
122 239
139 239
139 242
131 242
131 250
243 250
243 211
246 211
246 164
244 164
244 184
242 184
242 220
241 220
241 231
240 231
240 130
233 130
233 167
234 167
234 137
238 137
238 182
226 182
226 153
232 153
232 147
229 147
229 122
247 122
247 121
239 121
239 92
223 92
223 67
237 67
237 66
222 66
222 94
221 94
221 98
228 98
228 140
227 140
227 152
220 152
220 198
218 198
218 212
224 212
224 185
236 185
236 245
216 245
216 249
145 249
145 248
189 248
189 246
199 246
199 196
204 196
204 186
166 186
166 179
153 179
153 189
159 189
159 193
163 193
163 209
121 209
121 207
87 207
87 204
63 204
63 199
119 199
119 195
67 195
67 194
95 194
95 188
93 188
93 176
94 176
94 178
209 178
209 134
211 134
211 114
202 114
202 113
212 113
212 80
213 80
213 78
210 78
210 76
208 76
208 57
200 57
200 65
198 65
198 51
190 51
190 50
176 50
176 44
182 44
182 43
147 43
147 41
138 41
138 42
146 42
146 49
152 49
152 46
175 46
175 53
174 53
174 54
161 54
161 52
148 52
148 55
188 55
188 95
205 95
205 99
201 99
201 105
183 105
183 111
171 111
171 88
164 88
164 106
154 106
154 61
98 61
98 71
70 71
70 77
74 77
74 82
71 82
71 85
73 85
73 90
114 90
114 84
123 84
123 83
130 83
130 81
137 81
137 74
135 74
135 75
129 75
129 79
115 79
115 73
136 73
136 72
109 72
109 89
105 89
105 69
113 69
113 62
143 62
143 87
150 87
150 108
142 108
142 112
149 112
149 119
178 119
178 117
207 117
207 173
197 173
197 170
194 170
194 175
134 175
134 166
132 166
132 172
128 172
128 156
141 156
141 149
156 149
156 148
151 148
151 142
193 142
193 139
168 139
168 138
173 138
173 135
157 135
157 131
110 131
110 150
97 150
97 136
92 136
92 145
90 145
90 115
96 115
96 129
107 129
107 118
108 118
108 101
103 101
103 107
99 107
99 104
91 104
91 110
89 110
89 151
81 151
81 127
79 127
79 128
76 128
76 141
64 141
64 144
65 144
65 143
69 143
69 154
75 154
75 157
100 157
100 155
112 155
112 146
127 146
127 168
120 168
120 165
85 165
85 180
80 180
80 191
66 191
66 192
59 192
59 200
54 200
54 181
62 181
62 158
41 158
41 159
38 159
38 133
45 133
45 124
47 124
47 123
58 123
58 126
61 126
61 25
83 25
83 36
102 36
102 38
106 38
106 33
104 33
104 24
101 24
101 22
111 22
111 20
124 20
124 21
155 21
155 17
162 17
162 26
219 26
219 29
179 29
179 30
225 30
225 27
231 27
231 15
126 15
126 18
