376
180 645
180 622
175 622
175 191
164 191
164 304
162 304
162 287
152 287
152 275
125 275
125 251
102 251
102 250
50 250
50 237
72 237
72 225
14 225
14 179
12 179
12 159
91 159
91 75
85 75
85 42
26 42
26 64
1 64
1 281
5 281
5 373
6 373
6 270
7 270
7 266
4 266
4 187
3 187
3 97
2 97
2 66
27 66
27 57
66 57
66 54
81 54
81 65
76 65
76 90
13 90
13 89
38 89
38 78
21 78
21 70
8 70
8 98
52 98
52 111
58 111
58 107
89 107
89 148
77 148
77 149
73 149
73 123
69 123
69 122
60 122
60 130
71 130
71 147
15 147
15 102
10 102
10 145
9 145
9 320
16 320
16 299
11 299
11 236
17 236
17 274
23 274
23 226
43 226
43 260
31 260
31 261
101 261
101 253
113 253
113 291
114 291
114 278
119 278
119 288
123 288
123 279
134 279
134 293
142 293
142 298
137 298
137 315
138 315
138 442
136 442
136 382
100 382
100 403
106 403
106 416
107 416
107 475
86 475
86 483
70 483
70 484
99 484
99 482
110 482
110 486
24 486
24 489
97 489
97 490
33 490
33 495
45 495
45 508
22 508
22 500
18 500
18 607
20 607
20 558
35 558
35 579
25 579
25 636
42 636
42 648
39 648
39 639
28 639
28 694
29 694
29 696
34 696
34 685
37 685
37 769
49 769
49 935
53 935
53 936
57 936
57 969
54 969
54 978
63 978
63 958
65 958
65 985
83 985
83 983
92 983
92 1010
90 1010
90 995
79 995
79 1024
78 1024
78 1039
67 1039
67 1046
87 1046
87 1027
94 1027
94 996
93 996
93 956
84 956
84 952
61 952
61 907
116 907
116 909
120 909
120 938
126 938
126 912
121 912
121 898
98 898
98 892
104 892
104 895
127 895
127 889
129 889
129 841
128 841
128 884
96 884
96 880
124 880
124 879
68 879
68 903
51 903
51 638
56 638
56 627
59 627
59 599
64 599
64 581
62 581
62 588
48 588
48 695
47 695
47 608
46 608
46 619
44 619
44 635
30 635
30 601
36 601
36 559
40 559
40 533
19 533
19 517
55 517
55 498
80 498
80 496
109 496
109 620
105 620
105 633
95 633
95 626
88 626
88 628
82 628
82 649
111 649
111 446
108 446
108 385
130 385
130 405
122 405
122 417
115 417
115 441
117 441
117 419
133 419
133 421
135 421
135 445
132 445
132 485
140 485
140 398
143 398
143 377
144 377
144 360
146 360
146 375
145 375
145 453
148 453
148 504
151 504
151 474
149 474
149 437
150 437
150 370
153 370
153 336
156 336
156 354
155 354
155 359
157 359
157 499
158 499
158 331
141 331
141 318
154 318
154 310
160 310
160 387
159 387
159 440
161 440
161 378
163 378
163 605
166 605
166 367
167 367
167 322
168 322
168 295
169 295
169 248
165 248
165 194
171 194
171 606
172 606
172 662
173 662
173 690
184 690
184 680
174 680
174 676
195 676
195 672
222 672
222 674
221 674
221 706
225 706
225 667
223 667
223 657
242 657
242 625
255 625
255 668
247 668
247 721
248 721
248 755
249 755
249 760
253 760
253 737
258 737
258 781
262 781
262 747
260 747
260 574
244 574
244 598
233 598
233 600
228 600
228 642
232 642
232 646
241 646
241 653
190 653
190 664
205 664
205 671
187 671
187 645
