108
85 158
85 179
77 179
77 165
2 165
2 212
16 212
16 219
4 219
4 220
1 220
1 221
18 221
18 222
17 222
17 234
7 234
7 243
10 243
10 242
14 242
14 245
6 245
6 248
19 248
19 249
22 249
22 239
36 239
36 237
43 237
43 240
46 240
46 241
58 241
58 244
33 244
33 246
64 246
64 233
47 233
47 231
51 231
51 229
100 229
100 230
84 230
84 236
83 236
83 247
86 247
86 232
103 232
103 228
42 228
42 235
21 235
21 238
20 238
20 208
8 208
8 198
12 198
12 190
5 190
5 197
3 197
3 186
27 186
27 188
48 188
48 181
28 181
28 170
53 170
53 178
59 178
59 166
74 166
74 180
88 180
88 177
98 177
98 159
110 159
110 196
132 196
132 200
148 200
148 203
156 203
156 195
157 195
157 171
149 171
149 174
145 174
145 176
141 176
141 194
127 194
127 182
120 182
120 192
119 192
119 187
118 187
118 158
