474
109 1
109 5
104 5
104 6
111 6
111 9
106 9
106 8
97 8
97 17
116 17
116 12
99 12
99 11
126 11
126 3
143 3
143 7
142 7
142 18
101 18
101 70
91 70
91 69
90 69
90 65
69 65
69 82
66 82
66 62
63 62
63 58
72 58
72 41
70 41
70 35
34 35
34 28
31 28
31 31
23 31
23 121
30 121
30 128
29 128
29 130
52 130
52 129
78 129
78 134
85 134
85 179
77 179
77 164
9 164
9 165
2 165
2 212
16 212
16 219
4 219
4 220
1 220
1 221
18 221
18 222
17 222
17 234
7 234
7 243
10 243
10 242
14 242
14 245
6 245
6 248
19 248
19 249
22 249
22 239
36 239
36 237
43 237
43 240
46 240
46 241
58 241
58 244
33 244
33 246
64 246
64 233
47 233
47 231
51 231
51 229
100 229
100 230
84 230
84 236
83 236
83 247
86 247
86 232
103 232
103 228
42 228
42 235
21 235
21 238
20 238
20 208
8 208
8 198
12 198
12 190
5 190
5 197
3 197
3 186
27 186
27 188
48 188
48 181
28 181
28 170
53 170
53 178
59 178
59 166
74 166
74 180
88 180
88 177
98 177
98 159
110 159
110 196
132 196
132 200
148 200
148 203
156 203
156 195
157 195
157 171
149 171
149 174
145 174
145 176
141 176
141 194
127 194
127 182
120 182
120 192
119 192
119 187
118 187
118 157
115 157
115 144
114 144
114 149
113 149
113 141
107 141
107 158
87 158
87 138
93 138
93 133
96 133
96 123
94 123
94 126
38 126
38 125
32 125
32 122
81 122
81 119
26 119
26 90
25 90
25 60
24 60
24 36
60 36
60 37
61 37
61 43
50 43
50 44
56 44
56 45
68 45
68 50
65 50
65 57
40 57
40 80
49 80
49 78
41 78
41 71
62 71
62 83
71 83
71 68
82 68
82 89
75 89
75 96
76 96
76 102
79 102
79 91
89 91
89 106
80 106
80 109
92 109
92 79
105 79
105 77
124 77
124 59
125 59
125 64
128 64
128 55
130 55
130 61
136 61
136 74
135 74
135 100
134 100
134 84
95 84
95 86
129 86
129 114
131 114
131 104
144 104
144 99
147 99
147 87
151 87
151 85
154 85
154 53
153 53
153 73
150 73
150 22
140 22
140 54
146 54
146 98
139 98
139 88
137 88
137 81
138 81
138 56
133 56
133 52
122 52
122 48
123 48
123 30
117 30
117 40
112 40
112 46
121 46
121 72
102 72
102 21
108 21
108 20
160 20
160 38
159 38
159 67
161 67
161 92
163 92
163 49
162 49
162 19
152 19
152 16
158 16
158 15
167 15
167 25
165 25
165 27
170 27
170 26
172 26
172 32
166 32
166 39
169 39
169 75
168 75
168 132
171 132
171 206
164 206
164 217
176 217
176 225
179 225
179 224
182 224
182 250
183 250
183 223
184 223
184 201
174 201
174 185
181 185
181 184
173 184
173 160
175 160
175 51
177 51
177 112
180 112
180 13
178 13
178 10
155 10
155 4
199 4
199 2
213 2
213 14
196 14
196 29
185 29
185 34
241 34
241 113
240 113
240 115
242 115
242 136
239 136
239 93
238 93
238 135
232 135
232 207
227 207
227 199
212 199
212 191
217 191
217 193
220 193
220 172
207 172
207 183
205 183
205 156
202 156
202 155
208 155
208 137
223 137
223 108
225 108
225 105
221 105
221 120
219 120
219 118
218 118
218 116
216 116
216 66
215 66
215 111
214 111
214 131
211 131
211 107
209 107
209 47
200 47
200 42
198 42
198 76
195 76
195 95
194 95
194 63
186 63
186 103
187 103
187 139
188 139
188 110
192 110
192 168
191 168
191 127
189 127
189 146
190 146
190 173
193 173
193 162
197 162
197 94
206 94
206 101
204 101
204 124
201 124
201 169
203 169
203 213
222 213
222 211
210 211
210 209
229 209
229 226
230 226
230 215
231 215
231 218
245 218
245 227
250 227
250 214
248 214
248 210
249 210
249 117
247 117
247 167
246 167
246 216
233 216
233 205
234 205
234 175
235 175
235 202
236 202
236 163
237 163
237 204
244 204
244 97
243 97
243 33
224 33
224 24
226 24
226 23
228 23
228 1
