236
91 70
91 69
90 69
90 65
69 65
69 82
66 82
66 62
63 62
63 58
72 58
72 41
70 41
70 35
23 35
23 121
30 121
30 128
29 128
29 130
52 130
52 129
78 129
78 134
85 134
85 179
77 179
77 165
2 165
2 212
16 212
16 219
4 219
4 220
1 220
1 221
18 221
18 222
17 222
17 234
7 234
7 243
10 243
10 242
14 242
14 245
6 245
6 248
19 248
19 249
22 249
22 239
36 239
36 237
43 237
43 240
46 240
46 241
58 241
58 244
33 244
33 246
64 246
64 233
47 233
47 231
51 231
51 229
100 229
100 230
84 230
84 236
83 236
83 247
86 247
86 232
103 232
103 228
42 228
42 235
21 235
21 238
20 238
20 208
8 208
8 198
12 198
12 190
5 190
5 197
3 197
3 186
27 186
27 188
48 188
48 181
28 181
28 170
53 170
53 178
59 178
59 166
74 166
74 180
88 180
88 177
98 177
98 159
110 159
110 196
132 196
132 200
148 200
148 203
156 203
156 195
157 195
157 171
149 171
149 174
145 174
145 176
141 176
141 194
127 194
127 182
120 182
120 192
119 192
119 187
118 187
118 157
115 157
115 144
114 144
114 149
113 149
113 141
107 141
107 158
87 158
87 138
93 138
93 133
96 133
96 126
38 126
38 125
32 125
32 122
81 122
81 119
26 119
26 90
25 90
25 60
24 60
24 36
60 36
60 37
61 37
61 43
50 43
50 44
56 44
56 45
68 45
68 50
65 50
65 57
40 57
40 80
49 80
49 78
41 78
41 71
62 71
62 83
71 83
71 68
82 68
82 89
75 89
75 96
76 96
76 102
79 102
79 91
89 91
89 106
80 106
80 109
92 109
92 79
105 79
105 77
124 77
124 59
125 59
125 64
128 64
128 55
130 55
130 61
136 61
136 74
135 74
135 100
134 100
134 84
95 84
95 86
129 86
129 114
131 114
131 104
144 104
144 99
147 99
147 87
151 87
151 85
146 85
146 98
139 98
139 88
137 88
137 81
138 81
138 56
133 56
133 52
121 52
121 72
102 72
102 70
