610
188 109
188 94
95 94
95 177
86 177
86 187
77 187
77 197
74 197
74 195
30 195
30 198
85 198
85 202
76 202
76 209
10 209
10 212
5 212
5 307
9 307
9 291
8 291
8 258
13 258
13 323
12 323
12 373
1 373
1 379
3 379
3 402
2 402
2 472
20 472
20 500
60 500
60 497
48 497
48 346
41 346
41 335
62 335
62 339
54 339
54 356
49 356
49 360
53 360
53 429
51 429
51 486
59 486
59 479
55 479
55 427
58 427
58 387
57 387
57 357
64 357
64 355
66 355
66 343
70 343
70 351
84 351
84 358
90 358
90 342
88 342
88 338
65 338
65 332
36 332
36 336
34 336
34 325
142 325
142 324
153 324
153 322
171 322
171 328
137 328
137 329
242 329
242 330
243 330
243 386
238 386
238 406
234 406
234 371
230 371
230 407
227 407
227 367
222 367
222 353
239 353
239 362
240 362
240 350
221 350
221 352
179 352
179 348
157 348
157 341
150 341
150 354
204 354
204 363
212 363
212 370
207 370
207 377
217 377
217 361
218 361
218 374
220 374
220 389
185 389
185 380
158 380
158 381
181 381
181 388
140 388
140 394
159 394
159 395
183 395
183 391
197 391
197 399
208 399
208 390
223 390
223 376
224 376
224 430
232 430
232 431
236 431
236 440
241 440
241 485
206 485
206 483
156 483
156 492
149 492
149 498
165 498
165 499
170 499
170 484
203 484
203 488
225 488
225 494
266 494
266 495
303 495
303 482
410 482
410 481
301 481
301 475
311 475
311 474
326 474
326 478
364 478
364 461
366 461
366 465
386 465
386 449
407 449
407 437
411 437
411 436
362 436
362 438
349 438
349 435
376 435
376 412
377 412
377 428
392 428
392 424
456 424
456 411
448 411
448 404
474 404
474 463
468 463
468 477
469 477
469 469
478 469
478 480
480 480
480 421
489 421
489 448
493 448
493 400
494 400
494 476
485 476
485 489
490 489
490 490
495 490
495 382
484 382
484 378
488 378
488 369
486 369
486 345
487 345
487 359
500 359
500 269
497 269
497 272
499 272
499 344
498 344
498 292
496 292
496 334
482 334
482 326
479 326
479 320
481 320
481 297
464 297
464 289
461 289
461 305
462 305
462 302
472 302
472 301
475 301
475 300
477 300
477 331
476 331
476 383
492 383
492 384
483 384
483 401
439 401
439 416
435 416
435 392
430 392
430 396
431 396
431 420
388 420
388 409
404 409
404 408
408 408
408 398
398 398
398 385
395 385
395 397
387 397
387 405
384 405
384 393
371 393
371 434
341 434
341 433
367 433
367 372
359 372
359 432
319 432
319 417
320 417
320 422
328 422
328 410
314 410
314 439
399 439
399 447
383 447
383 459
380 459
380 441
369 441
369 454
365 454
365 450
350 450
350 452
322 452
322 458
337 458
337 456
340 456
340 460
330 460
330 466
331 466
331 462
361 462
361 470
309 470
309 453
293 453
293 425
300 425
300 419
278 419
278 442
274 442
274 445
272 445
272 446
275 446
275 467
267 467
267 468
284 468
284 451
290 451
290 455
306 455
306 471
312 471
312 473
292 473
292 487
285 487
285 493
265 493
265 491
245 491
245 340
254 340
254 366
256 366
256 347
262 347
262 333
260 333
260 337
249 337
249 327
173 327
173 319
219 319
219 316
229 316
229 313
184 313
184 309
180 309
180 299
174 299
174 294
164 294
164 303
155 303
155 295
154 295
154 306
178 306
178 314
175 314
175 310
169 310
169 308
71 308
71 318
160 318
160 317
129 317
129 315
92 315
92 312
166 312
166 321
56 321
56 293
61 293
61 290
52 290
52 304
32 304
32 296
29 296
29 282
113 282
113 278
114 278
114 284
127 284
127 281
134 281
134 283
136 283
136 280
162 280
162 288
396 288
396 286
321 286
321 287
195 287
195 279
214 279
214 275
194 275
194 285
168 285
168 274
133 274
133 273
130 273
130 277
31 277
31 276
28 276
28 298
27 298
27 270
25 270
25 311
33 311
33 349
47 349
47 415
44 415
44 414
38 414
38 375
37 375
37 423
45 423
45 426
40 426
40 443
42 443
42 496
23 496
23 444
21 444
21 464
7 464
7 418
11 418
11 413
6 413
6 457
4 457
4 403
15 403
15 365
16 365
16 368
24 368
24 364
18 364
18 271
17 271
17 255
14 255
14 227
19 227
19 234
22 234
22 250
50 250
50 260
35 260
35 263
39 263
39 268
63 268
63 261
67 261
67 246
43 246
43 226
26 226
26 216
46 216
46 218
81 218
81 245
82 245
82 217
117 217
117 200
119 200
119 172
111 172
111 196
108 196
108 168
107 168
107 193
103 193
103 215
72 215
72 214
78 214
78 208
100 208
100 190
99 190
99 170
98 170
98 184
96 184
96 164
97 164
97 99
104 99
104 163
116 163
116 158
106 158
106 157
121 157
121 154
105 154
105 95
128 95
128 100
110 100
110 112
135 112
135 101
176 101
176 116
145 116
145 148
138 148
138 162
141 162
141 169
125 169
125 179
124 179
124 180
126 180
126 175
131 175
131 232
161 232
161 236
186 236
186 233
198 233
198 240
205 240
205 244
233 244
233 241
252 241
252 251
258 251
258 249
259 249
259 242
269 242
269 239
213 239
213 238
216 238
216 235
199 235
199 231
132 231
132 174
147 174
147 160
143 160
143 156
139 156
139 149
151 149
151 137
152 137
152 118
263 118
263 110
304 110
304 109
