174
1 373
1 379
3 379
3 402
2 402
2 472
20 472
20 500
60 500
60 497
48 497
48 346
41 346
41 335
62 335
62 339
54 339
54 356
49 356
49 360
53 360
53 429
51 429
51 486
59 486
59 479
55 479
55 427
58 427
58 387
57 387
57 357
64 357
64 355
66 355
66 343
70 343
70 351
84 351
84 358
90 358
90 342
88 342
88 338
65 338
65 332
36 332
36 336
34 336
34 325
142 325
142 324
153 324
153 322
171 322
171 328
137 328
137 329
242 329
242 330
243 330
243 386
238 386
238 406
234 406
234 371
230 371
230 407
227 407
227 367
222 367
222 353
239 353
239 362
240 362
240 350
221 350
221 352
179 352
179 348
157 348
157 341
150 341
150 354
204 354
204 363
212 363
212 370
207 370
207 377
217 377
217 361
218 361
218 374
220 374
220 389
185 389
185 380
158 380
158 381
181 381
181 388
140 388
140 394
159 394
159 395
183 395
183 391
197 391
197 399
208 399
208 390
223 390
223 376
224 376
224 430
232 430
232 431
236 431
236 440
241 440
241 485
206 485
206 483
156 483
156 492
149 492
149 498
165 498
165 499
170 499
170 484
203 484
203 488
225 488
225 494
266 494
266 495
303 495
303 493
265 493
265 491
245 491
245 340
262 340
262 337
249 337
249 327
173 327
173 321
33 321
33 349
47 349
47 415
44 415
44 414
38 414
38 375
37 375
37 423
45 423
45 426
40 426
40 443
42 443
42 496
23 496
23 464
7 464
7 457
4 457
4 403
15 403
15 373
