Removal 0: 
Solution 0: 
1 1
10 9
11 14
12 9
7 3
8 15

Solution 1: 
1 1
10 9
11 14
12 9
8 15
9 4

Solution 2: 
1 1
11 14
12 9
6 5
8 15
9 4

Solution 3: 
1 1
11 14
12 9
8 10
8 15
9 4

Solution 4: 
1 1
11 14
12 9
8 15
9 4
9 5

Solution 5: 
1 1
11 14
12 9
7 3
8 15
9 5

Solution 6: 
1 1
11 14
12 9
6 13
7 3
9 5

Solution 7: 
1 1
10 9
11 14
12 9
6 13
7 3

Solution 8: 
1 1
10 9
11 14
12 9
6 13
9 4

Solution 9: 
1 1
11 14
12 9
6 13
8 10
9 4

Solution 10: 
1 1
11 14
12 9
6 13
6 5
9 4

Solution 11: 
1 1
11 14
12 9
6 13
9 4
9 5

Solution 12: 
1 1
11 14
12 9
5 13
8 10
9 4

Solution 13: 
1 1
11 14
12 9
5 15
8 10
9 4

Solution 14: 
1 1
11 14
12 9
5 15
6 5
9 4

Solution 15: 
1 1
11 14
12 9
5 13
6 5
9 4

Solution 16: 
1 1
12 9
15 12
5 13
6 5
9 4

Solution 17: 
1 1
12 9
13 12
5 13
6 5
9 4

Solution 18: 
1 1
12 9
15 14
5 13
6 5
9 4

Solution 19: 
1 1
12 9
15 14
5 15
6 5
9 4

Solution 20: 
1 1
12 9
13 12
5 15
6 5
9 4

Solution 21: 
1 1
12 9
15 12
5 15
6 5
9 4

Solution 22: 
1 1
12 9
15 12
6 5
8 15
9 4

Solution 23: 
1 1
12 9
13 12
6 5
8 15
9 4

Solution 24: 
1 1
12 9
13 12
6 13
6 5
9 4

Solution 25: 
1 1
12 9
15 12
6 13
6 5
9 4

Solution 26: 
1 1
12 9
15 14
6 13
6 5
9 4

Solution 27: 
1 1
12 9
15 14
6 5
8 15
9 4

Solution 28: 
1 1
12 9
15 14
8 10
8 15
9 4

Solution 29: 
1 1
12 9
15 14
8 15
9 4
9 5

Solution 30: 
1 1
10 9
12 9
15 14
8 15
9 4

Solution 31: 
1 1
10 9
12 9
15 14
7 3
8 15

Solution 32: 
1 1
12 9
15 14
7 3
8 15
9 5

Solution 33: 
1 1
12 9
15 14
6 13
7 3
9 5

Solution 34: 
1 1
12 9
15 14
6 13
9 4
9 5

Solution 35: 
1 1
10 9
12 9
15 14
6 13
9 4

Solution 36: 
1 1
10 9
12 9
15 14
6 13
7 3

Solution 37: 
1 1
12 9
15 14
6 13
8 10
9 4

Solution 38: 
1 1
12 9
15 14
5 13
8 10
9 4

Solution 39: 
1 1
12 9
15 14
5 15
8 10
9 4

Solution 40: 
1 1
13 11
15 14
5 15
8 10
9 4

Solution 41: 
1 1
13 11
15 14
8 10
8 15
9 4

Solution 42: 
1 1
13 11
15 14
6 13
8 10
9 4

Solution 43: 
1 1
13 11
15 14
5 13
8 10
9 4

Solution 44: 
1 1
13 11
15 12
5 13
8 10
9 4

Solution 45: 
1 1
11 14
13 11
5 13
8 10
9 4

Solution 46: 
1 1
13 11
13 12
5 13
8 10
9 4

Solution 47: 
1 1
13 12
14 8
5 13
8 10
9 4

Solution 48: 
1 1
13 12
14 11
5 13
8 10
9 4

Solution 49: 
1 1
12 8
13 12
5 13
8 10
9 4

Solution 50: 
1 1
12 9
13 12
5 13
8 10
9 4

Solution 51: 
1 1
12 9
15 12
5 13
8 10
9 4

Solution 52: 
1 1
11 14
14 8
5 13
8 10
9 4

Solution 53: 
1 1
11 14
14 11
5 13
8 10
9 4

Solution 54: 
1 1
11 14
12 8
5 13
8 10
9 4

Solution 55: 
1 1
11 14
12 8
6 13
8 10
9 4

Solution 56: 
1 1
11 14
12 8
8 10
8 15
9 4

Solution 57: 
1 1
11 14
14 11
8 10
8 15
9 4

Solution 58: 
1 1
11 14
14 8
8 10
8 15
9 4

Solution 59: 
1 1
11 14
14 8
6 13
8 10
9 4

Solution 60: 
1 1
11 14
14 11
6 13
8 10
9 4

Solution 61: 
1 1
11 14
14 11
5 15
8 10
9 4

Solution 62: 
1 1
11 14
14 8
5 15
8 10
9 4

Solution 63: 
1 1
11 14
12 8
5 15
8 10
9 4

Solution 64: 
1 1
11 14
13 11
5 15
8 10
9 4

Solution 65: 
1 1
11 14
13 11
6 13
8 10
9 4

Solution 66: 
1 1
11 14
13 11
8 10
8 15
9 4

Solution 67: 
1 1
13 11
15 12
8 10
8 15
9 4

Solution 68: 
1 1
13 11
13 12
8 10
8 15
9 4

Solution 69: 
1 1
12 9
13 12
8 10
8 15
9 4

Solution 70: 
1 1
13 12
14 8
8 10
8 15
9 4

Solution 71: 
1 1
13 12
14 11
8 10
8 15
9 4

Solution 72: 
1 1
12 9
15 12
8 10
8 15
9 4

Solution 73: 
1 1
12 8
13 12
8 10
8 15
9 4

Solution 74: 
1 1
12 8
13 12
6 13
8 10
9 4

Solution 75: 
1 1
12 8
13 12
5 15
8 10
9 4

Solution 76: 
1 1
13 12
14 8
5 15
8 10
9 4

Solution 77: 
1 1
12 9
13 12
5 15
8 10
9 4

Solution 78: 
1 1
13 12
14 11
5 15
8 10
9 4

Solution 79: 
1 1
13 12
14 11
6 13
8 10
9 4

Solution 80: 
1 1
13 12
14 8
6 13
8 10
9 4

Solution 81: 
1 1
12 9
13 12
6 13
8 10
9 4

Solution 82: 
1 1
13 11
13 12
6 13
8 10
9 4

Solution 83: 
1 1
13 11
13 12
5 15
8 10
9 4

Solution 84: 
1 1
13 11
15 12
5 15
8 10
9 4

Solution 85: 
1 1
13 11
15 12
6 13
8 10
9 4

Solution 86: 
1 1
12 9
15 12
6 13
8 10
9 4

Solution 87: 
1 1
12 9
15 12
5 15
8 10
9 4

Solution 88: 
1 1
12 9
15 12
8 15
9 4
9 5

Solution 89: 
1 1
10 9
12 9
15 12
8 15
9 4

Solution 90: 
1 1
10 9
12 9
13 12
8 15
9 4

Solution 91: 
1 1
12 9
13 12
8 15
9 4
9 5

Solution 92: 
1 1
10 9
13 12
14 11
8 15
9 4

Solution 93: 
1 1
10 9
12 8
13 12
8 15
9 4

Solution 94: 
1 1
10 9
13 12
14 8
8 15
9 4

Solution 95: 
1 1
10 9
13 11
13 12
8 15
9 4

Solution 96: 
1 1
10 9
13 11
15 14
8 15
9 4

Solution 97: 
1 1
10 9
11 14
13 11
8 15
9 4

Solution 98: 
1 1
10 9
11 14
14 11
8 15
9 4

Solution 99: 
1 1
10 9
11 14
12 8
8 15
9 4

Solution 100: 
1 1
10 9
11 14
14 8
8 15
9 4

Solution 101: 
1 1
10 9
13 11
15 12
8 15
9 4

Solution 102: 
1 1
10 9
13 11
15 12
7 3
8 15

Solution 103: 
1 1
10 9
13 11
13 12
7 3
8 15

Solution 104: 
1 1
10 9
13 11
15 14
7 3
8 15

Solution 105: 
1 1
10 9
11 14
13 11
7 3
8 15

Solution 106: 
1 1
10 9
11 14
12 8
7 3
8 15

Solution 107: 
1 1
10 9
11 14
14 11
7 3
8 15

Solution 108: 
1 1
10 9
11 14
14 8
7 3
8 15

Solution 109: 
1 1
10 9
13 12
14 8
7 3
8 15

Solution 110: 
1 1
10 9
12 8
13 12
7 3
8 15

Solution 111: 
1 1
10 9
13 12
14 11
7 3
8 15

Solution 112: 
1 1
10 9
12 9
13 12
7 3
8 15

Solution 113: 
1 1
10 9
12 9
15 12
7 3
8 15

Solution 114: 
1 1
12 9
15 12
7 3
8 15
9 5

Solution 115: 
1 1
12 9
13 12
7 3
8 15
9 5

Solution 116: 
1 1
12 9
13 12
6 13
7 3
9 5

Solution 117: 
1 1
12 9
15 12
6 13
7 3
9 5

Solution 118: 
1 1
10 9
12 9
15 12
6 13
7 3

Solution 119: 
1 1
10 9
13 11
15 12
6 13
7 3

Solution 120: 
1 1
10 9
13 11
15 14
6 13
7 3

Solution 121: 
1 1
10 9
11 14
13 11
6 13
7 3

Solution 122: 
1 1
10 9
13 11
13 12
6 13
7 3

Solution 123: 
1 1
10 9
13 12
14 8
6 13
7 3

Solution 124: 
1 1
10 9
12 8
13 12
6 13
7 3

Solution 125: 
1 1
10 9
13 12
14 11
6 13
7 3

Solution 126: 
1 1
10 9
11 14
14 11
6 13
7 3

Solution 127: 
1 1
10 9
11 14
14 8
6 13
7 3

Solution 128: 
1 1
10 9
11 14
12 8
6 13
7 3

Solution 129: 
1 1
10 9
12 9
13 12
6 13
7 3

Solution 130: 
1 1
10 9
12 9
13 12
6 13
9 4

Solution 131: 
1 1
10 9
12 9
15 12
6 13
9 4

Solution 132: 
1 1
10 9
13 11
15 12
6 13
9 4

Solution 133: 
1 1
10 9
13 11
15 14
6 13
9 4

Solution 134: 
1 1
10 9
11 14
13 11
6 13
9 4

Solution 135: 
1 1
10 9
11 14
14 8
6 13
9 4

Solution 136: 
1 1
10 9
11 14
12 8
6 13
9 4

Solution 137: 
1 1
10 9
11 14
14 11
6 13
9 4

Solution 138: 
1 1
10 9
13 12
14 11
6 13
9 4

Solution 139: 
1 1
10 9
12 8
13 12
6 13
9 4

Solution 140: 
1 1
10 9
13 12
14 8
6 13
9 4

Solution 141: 
1 1
10 9
13 11
13 12
6 13
9 4

Solution 142: 
1 1
12 9
13 12
6 13
9 4
9 5

Solution 143: 
1 1
12 9
15 12
6 13
9 4
9 5

Number of solutions found: 144

Changes at vertices: 
New Vertex: 7 3
10 3 -> 10 2
----------------------------------
Removal 1: 
Solution 0: 
1 1
11 14
12 9
6 13
8 10
9 4

Solution 1: 
1 1
11 14
12 9
5 15
8 10
9 4

Solution 2: 
1 1
11 14
12 9
6 13
9 4
9 5

Solution 3: 
1 1
10 9
11 14
12 9
6 13
9 4

Solution 4: 
1 1
10 9
11 14
12 9
4 3
6 13

Solution 5: 
1 1
11 14
12 9
4 3
6 13
9 5

Solution 6: 
1 1
10 3
11 14
12 9
6 13
9 5

Solution 7: 
1 1
10 3
10 9
11 14
12 9
6 13

Solution 8: 
1 1
10 3
11 14
12 9
6 13
8 10

Solution 9: 
1 1
10 3
11 14
12 9
5 15
8 10

Solution 10: 
1 1
10 3
11 14
12 9
5 15
6 5

Solution 11: 
1 1
10 3
11 14
12 9
6 13
6 5

Solution 12: 
1 1
10 3
11 14
12 9
5 13
6 5

Solution 13: 
1 1
10 3
11 14
12 9
6 5
8 15

Solution 14: 
1 1
10 3
11 14
12 9
8 15
9 5

Solution 15: 
1 1
10 3
10 9
11 14
12 9
8 15

Solution 16: 
1 1
10 3
11 14
12 9
8 10
8 15

Solution 17: 
1 1
10 3
11 14
12 9
5 13
8 10

Solution 18: 
1 1
11 14
12 9
5 13
8 10
9 4

Solution 19: 
1 1
10 9
11 14
12 9
3 4
6 13

Solution 20: 
1 1
10 9
11 14
12 9
3 4
8 15

Solution 21: 
1 1
10 9
11 14
12 9
4 3
8 15

Solution 22: 
1 1
10 9
11 14
12 9
8 15
9 4

Solution 23: 
1 1
11 14
12 9
8 15
9 4
9 5

Solution 24: 
1 1
11 14
12 9
4 3
8 15
9 5

Solution 25: 
1 1
11 14
12 9
3 4
8 15
9 5

Solution 26: 
1 1
11 14
12 9
8 10
8 15
9 4

Solution 27: 
1 1
11 14
12 9
6 5
8 15
9 4

Solution 28: 
1 1
11 14
12 9
5 15
6 5
9 4

Solution 29: 
1 1
11 14
12 9
5 13
6 5
9 4

Solution 30: 
1 1
11 14
12 9
6 13
6 5
9 4

Solution 31: 
1 1
11 14
12 9
3 4
6 13
9 5

Solution 32: 
1 7
11 14
12 9
3 4
6 13
9 5

Solution 33: 
11 14
12 9
2 7
3 4
6 13
9 5

Solution 34: 
11 14
12 9
2 6
3 4
6 13
9 5

Solution 35: 
10 9
11 14
12 9
2 6
3 4
6 13

Solution 36: 
1 7
10 9
11 14
12 9
3 4
6 13

Solution 37: 
10 9
11 14
12 9
2 7
3 4
6 13

Solution 38: 
10 9
11 14
12 9
2 6
4 3
6 13

Solution 39: 
11 14
12 9
2 6
4 3
6 13
9 5

Solution 40: 
11 14
12 9
2 6
4 3
8 15
9 5

Solution 41: 
11 14
12 9
2 6
3 4
8 15
9 5

Solution 42: 
10 9
11 14
12 9
2 6
3 4
8 15

Solution 43: 
1 7
10 9
11 14
12 9
3 4
8 15

Solution 44: 
10 9
11 14
12 9
2 7
3 4
8 15

Solution 45: 
10 9
11 14
12 9
2 6
4 3
8 15

Solution 46: 
1 7
11 14
12 9
3 4
8 15
9 5

Solution 47: 
11 14
12 9
2 7
3 4
8 15
9 5

Solution 48: 
12 9
13 12
2 7
3 4
8 15
9 5

Solution 49: 
12 9
15 12
2 7
3 4
8 15
9 5

Solution 50: 
12 9
15 14
2 7
3 4
8 15
9 5

Solution 51: 
1 7
12 9
15 14
3 4
8 15
9 5

Solution 52: 
1 7
12 9
15 12
3 4
8 15
9 5

Solution 53: 
1 7
12 9
13 12
3 4
8 15
9 5

Solution 54: 
12 9
13 12
2 6
3 4
8 15
9 5

Solution 55: 
1 1
12 9
13 12
3 4
8 15
9 5

Solution 56: 
1 1
12 9
15 12
3 4
8 15
9 5

Solution 57: 
1 1
12 9
15 14
3 4
8 15
9 5

Solution 58: 
12 9
15 14
2 6
3 4
8 15
9 5

Solution 59: 
12 9
15 12
2 6
3 4
8 15
9 5

Solution 60: 
10 9
12 9
15 12
2 6
3 4
8 15

Solution 61: 
10 9
12 9
13 12
2 6
3 4
8 15

Solution 62: 
10 9
12 9
15 14
2 6
3 4
8 15

Solution 63: 
1 7
10 9
12 9
15 14
3 4
8 15

Solution 64: 
1 1
10 9
12 9
15 14
3 4
8 15

Solution 65: 
10 9
12 9
15 14
2 7
3 4
8 15

Solution 66: 
10 9
12 9
13 12
2 7
3 4
8 15

Solution 67: 
10 9
12 9
15 12
2 7
3 4
8 15

Solution 68: 
1 7
10 9
12 9
15 12
3 4
8 15

Solution 69: 
1 1
10 9
12 9
15 12
3 4
8 15

Solution 70: 
1 1
10 9
12 9
13 12
3 4
8 15

Solution 71: 
1 7
10 9
12 9
13 12
3 4
8 15

Solution 72: 
10 9
12 9
13 12
2 6
4 3
8 15

Solution 73: 
10 9
12 9
15 14
2 6
4 3
8 15

Solution 74: 
10 9
12 9
15 12
2 6
4 3
8 15

Solution 75: 
12 9
15 12
2 6
4 3
8 15
9 5

Solution 76: 
12 9
13 12
2 6
4 3
8 15
9 5

Solution 77: 
12 9
15 14
2 6
4 3
8 15
9 5

Solution 78: 
1 1
12 9
15 14
4 3
8 15
9 5

Solution 79: 
1 1
12 9
13 12
4 3
8 15
9 5

Solution 80: 
1 1
12 9
15 12
4 3
8 15
9 5

Solution 81: 
1 1
10 9
12 9
15 12
4 3
8 15

Solution 82: 
1 1
10 9
12 9
13 12
4 3
8 15

Solution 83: 
1 1
10 9
12 9
15 14
4 3
8 15

Solution 84: 
1 1
10 3
10 9
12 9
15 14
8 15

Solution 85: 
1 1
10 9
12 9
15 14
8 15
9 4

Solution 86: 
1 1
10 9
12 9
13 12
8 15
9 4

Solution 87: 
1 1
10 3
10 9
12 9
13 12
8 15

Solution 88: 
1 1
10 3
10 9
12 9
15 12
8 15

Solution 89: 
1 1
10 9
12 9
15 12
8 15
9 4

Solution 90: 
1 1
12 9
15 12
6 5
8 15
9 4

Solution 91: 
1 1
12 9
15 12
8 10
8 15
9 4

Solution 92: 
1 1
10 3
12 9
15 12
8 10
8 15

Solution 93: 
1 1
10 3
12 9
15 12
6 5
8 15

Solution 94: 
1 1
10 3
12 9
15 12
8 15
9 5

Solution 95: 
1 1
12 9
15 12
8 15
9 4
9 5

Solution 96: 
1 1
12 9
15 14
8 15
9 4
9 5

Solution 97: 
1 1
12 9
13 12
8 15
9 4
9 5

Solution 98: 
1 1
10 3
12 9
13 12
8 15
9 5

Solution 99: 
1 1
10 3
12 9
15 14
8 15
9 5

Solution 100: 
1 1
10 3
12 9
15 14
6 5
8 15

Solution 101: 
1 1
10 3
12 9
15 14
8 10
8 15

Solution 102: 
1 1
10 3
12 9
13 12
8 10
8 15

Solution 103: 
1 1
10 3
12 9
13 12
6 5
8 15

Solution 104: 
1 1
12 9
13 12
6 5
8 15
9 4

Solution 105: 
1 1
12 9
13 12
8 10
8 15
9 4

Solution 106: 
1 1
12 9
15 14
8 10
8 15
9 4

Solution 107: 
1 1
12 9
15 14
6 5
8 15
9 4

Solution 108: 
1 1
13 11
15 14
8 10
8 15
9 4

Solution 109: 
1 1
13 11
15 12
8 10
8 15
9 4

Solution 110: 
1 1
11 14
13 11
8 10
8 15
9 4

Solution 111: 
1 1
13 11
13 12
8 10
8 15
9 4

Solution 112: 
1 1
13 12
14 8
8 10
8 15
9 4

Solution 113: 
1 1
12 8
13 12
8 10
8 15
9 4

Solution 114: 
1 1
13 12
14 11
8 10
8 15
9 4

Solution 115: 
1 1
11 14
14 11
8 10
8 15
9 4

Solution 116: 
1 1
11 14
12 8
8 10
8 15
9 4

Solution 117: 
1 1
11 14
14 8
8 10
8 15
9 4

Solution 118: 
1 1
10 9
11 14
14 8
8 15
9 4

Solution 119: 
1 1
10 9
13 12
14 8
8 15
9 4

Solution 120: 
1 1
10 9
12 8
13 12
8 15
9 4

Solution 121: 
1 1
10 9
13 12
14 11
8 15
9 4

Solution 122: 
1 1
10 9
13 11
13 12
8 15
9 4

Solution 123: 
1 1
10 9
13 11
15 12
8 15
9 4

Solution 124: 
1 1
10 9
11 14
13 11
8 15
9 4

Solution 125: 
1 1
10 9
13 11
15 14
8 15
9 4

Solution 126: 
1 1
10 9
11 14
14 11
8 15
9 4

Solution 127: 
1 1
10 9
11 14
12 8
8 15
9 4

Solution 128: 
1 1
10 9
11 14
12 8
3 4
8 15

Solution 129: 
1 1
10 9
11 14
12 8
4 3
8 15

Solution 130: 
1 1
10 3
10 9
11 14
12 8
8 15

Solution 131: 
1 1
10 3
11 14
12 8
8 10
8 15

Solution 132: 
1 1
10 3
11 14
14 11
8 10
8 15

Solution 133: 
1 1
10 3
11 14
14 8
8 10
8 15

Solution 134: 
1 1
10 3
11 14
13 11
8 10
8 15

Solution 135: 
1 1
10 3
10 9
11 14
13 11
8 15

Solution 136: 
1 1
10 3
10 9
11 14
14 8
8 15

Solution 137: 
1 1
10 3
10 9
11 14
14 11
8 15

Solution 138: 
1 1
10 9
11 14
14 11
3 4
8 15

Solution 139: 
1 1
10 9
11 14
14 11
4 3
8 15

Solution 140: 
1 1
10 9
11 14
14 8
4 3
8 15

Solution 141: 
1 1
10 9
11 14
13 11
4 3
8 15

Solution 142: 
1 1
10 9
11 14
13 11
3 4
8 15

Solution 143: 
1 1
10 9
11 14
14 8
3 4
8 15

Solution 144: 
1 1
10 9
13 12
14 8
3 4
8 15

Solution 145: 
1 1
10 9
12 8
13 12
3 4
8 15

Solution 146: 
1 1
10 9
13 11
13 12
3 4
8 15

Solution 147: 
1 1
10 9
13 11
15 12
3 4
8 15

Solution 148: 
1 1
10 9
13 11
15 14
3 4
8 15

Solution 149: 
1 1
10 9
13 12
14 11
3 4
8 15

Solution 150: 
1 1
10 9
13 12
14 11
4 3
8 15

Solution 151: 
1 1
10 3
10 9
13 12
14 11
8 15

Solution 152: 
1 1
10 3
10 9
12 8
13 12
8 15

Solution 153: 
1 1
10 3
10 9
13 12
14 8
8 15

Solution 154: 
1 1
10 3
10 9
13 11
13 12
8 15

Solution 155: 
1 1
10 9
13 11
13 12
4 3
8 15

Solution 156: 
1 1
10 9
12 8
13 12
4 3
8 15

Solution 157: 
1 1
10 9
13 12
14 8
4 3
8 15

Solution 158: 
1 1
10 9
13 11
15 12
4 3
8 15

Solution 159: 
1 1
10 9
13 11
15 14
4 3
8 15

Solution 160: 
1 1
10 3
10 9
13 11
15 14
8 15

Solution 161: 
1 1
10 3
10 9
13 11
15 12
8 15

Solution 162: 
1 1
10 3
13 11
15 12
8 10
8 15

Solution 163: 
1 1
10 3
13 11
15 14
8 10
8 15

Solution 164: 
1 1
10 3
13 11
13 12
8 10
8 15

Solution 165: 
1 1
10 3
12 8
13 12
8 10
8 15

Solution 166: 
1 1
10 3
13 12
14 11
8 10
8 15

Solution 167: 
1 1
10 3
13 12
14 8
8 10
8 15

Solution 168: 
1 1
10 3
13 12
14 8
5 13
8 10

Solution 169: 
1 1
10 3
13 12
14 8
6 13
8 10

Solution 170: 
1 1
10 3
13 12
14 8
5 15
8 10

Solution 171: 
1 1
10 3
10 9
13 12
14 8
6 13

Solution 172: 
1 1
10 9
13 12
14 8
6 13
9 4

Solution 173: 
1 1
10 9
13 12
14 8
4 3
6 13

Solution 174: 
1 1
10 9
13 12
14 8
3 4
6 13

Solution 175: 
1 1
13 12
14 8
6 13
8 10
9 4

Solution 176: 
1 1
13 12
14 8
5 13
8 10
9 4

Solution 177: 
1 1
13 12
14 8
5 15
8 10
9 4

Solution 178: 
1 1
13 11
13 12
5 15
8 10
9 4

Solution 179: 
1 1
12 8
13 12
5 15
8 10
9 4

Solution 180: 
1 1
13 12
14 11
5 15
8 10
9 4

Solution 181: 
1 1
12 9
13 12
5 15
8 10
9 4

Solution 182: 
1 1
12 9
13 12
5 15
6 5
9 4

Solution 183: 
1 1
12 9
13 12
5 13
6 5
9 4

Solution 184: 
1 1
12 9
13 12
6 13
6 5
9 4

Solution 185: 
1 1
12 9
13 12
6 13
9 4
9 5

Solution 186: 
1 1
12 9
13 12
6 13
8 10
9 4

Solution 187: 
1 1
12 9
13 12
5 13
8 10
9 4

Solution 188: 
1 1
10 9
12 9
13 12
6 13
9 4

Solution 189: 
1 1
10 9
13 12
14 11
6 13
9 4

Solution 190: 
1 1
10 9
13 11
13 12
6 13
9 4

Solution 191: 
1 1
10 9
12 8
13 12
6 13
9 4

Solution 192: 
1 1
12 8
13 12
6 13
8 10
9 4

Solution 193: 
1 1
13 12
14 11
6 13
8 10
9 4

Solution 194: 
1 1
13 11
13 12
6 13
8 10
9 4

Solution 195: 
1 1
13 11
13 12
5 13
8 10
9 4

Solution 196: 
1 1
13 12
14 11
5 13
8 10
9 4

Solution 197: 
1 1
12 8
13 12
5 13
8 10
9 4

Solution 198: 
1 1
10 3
12 8
13 12
5 13
8 10

Solution 199: 
1 1
10 3
12 8
13 12
5 15
8 10

Solution 200: 
1 1
10 3
12 8
13 12
6 13
8 10

Solution 201: 
1 1
10 3
13 11
13 12
6 13
8 10

Solution 202: 
1 1
10 3
13 12
14 11
6 13
8 10

Solution 203: 
1 1
10 3
13 12
14 11
5 15
8 10

Solution 204: 
1 1
10 3
13 11
13 12
5 15
8 10

Solution 205: 
1 1
10 3
13 11
13 12
5 13
8 10

Solution 206: 
1 1
10 3
13 12
14 11
5 13
8 10

Solution 207: 
1 1
10 3
12 9
13 12
5 13
8 10

Solution 208: 
1 1
10 3
12 9
13 12
6 13
8 10

Solution 209: 
1 1
10 3
12 9
13 12
5 15
8 10

Solution 210: 
1 1
10 3
12 9
13 12
5 15
6 5

Solution 211: 
1 1
10 3
12 9
13 12
6 13
6 5

Solution 212: 
1 1
10 3
12 9
13 12
6 13
9 5

Solution 213: 
1 1
12 9
13 12
3 4
6 13
9 5

Solution 214: 
1 1
12 9
13 12
4 3
6 13
9 5

Solution 215: 
1 1
10 9
12 9
13 12
4 3
6 13

Solution 216: 
1 1
10 9
12 9
13 12
3 4
6 13

Solution 217: 
1 1
10 3
10 9
12 9
13 12
6 13

Solution 218: 
1 1
10 3
12 9
13 12
5 13
6 5

Solution 219: 
1 1
10 3
10 9
13 12
14 11
6 13

Solution 220: 
1 1
10 3
10 9
12 8
13 12
6 13

Solution 221: 
1 1
10 3
10 9
13 11
13 12
6 13

Solution 222: 
1 1
10 9
13 11
13 12
3 4
6 13

Solution 223: 
1 1
10 9
13 11
13 12
4 3
6 13

Solution 224: 
1 1
10 9
13 12
14 11
4 3
6 13

Solution 225: 
1 1
10 9
12 8
13 12
4 3
6 13

Solution 226: 
1 1
10 9
12 8
13 12
3 4
6 13

Solution 227: 
1 1
10 9
13 12
14 11
3 4
6 13

Solution 228: 
1 1
10 9
11 14
14 11
3 4
6 13

Solution 229: 
1 1
10 9
11 14
14 8
3 4
6 13

Solution 230: 
1 1
10 9
11 14
12 8
3 4
6 13

Solution 231: 
1 1
10 9
12 9
15 14
3 4
6 13

Solution 232: 
1 1
10 9
12 9
15 12
3 4
6 13

Solution 233: 
1 1
10 9
13 11
15 12
3 4
6 13

Solution 234: 
1 1
10 9
13 11
15 14
3 4
6 13

Solution 235: 
1 1
10 9
11 14
13 11
3 4
6 13

Solution 236: 
1 1
10 3
10 9
11 14
13 11
6 13

Solution 237: 
1 1
10 9
11 14
13 11
4 3
6 13

Solution 238: 
1 1
10 9
11 14
13 11
6 13
9 4

Solution 239: 
1 1
10 9
11 14
14 11
6 13
9 4

Solution 240: 
1 1
10 9
11 14
12 8
6 13
9 4

Solution 241: 
1 1
10 9
11 14
14 8
6 13
9 4

Solution 242: 
1 1
10 9
11 14
14 8
4 3
6 13

Solution 243: 
1 1
10 3
10 9
11 14
14 8
6 13

Solution 244: 
1 1
10 3
10 9
11 14
14 11
6 13

Solution 245: 
1 1
10 3
10 9
11 14
12 8
6 13

Solution 246: 
1 1
10 9
11 14
12 8
4 3
6 13

Solution 247: 
1 1
10 9
11 14
14 11
4 3
6 13

Solution 248: 
1 1
10 9
12 9
15 14
4 3
6 13

Solution 249: 
1 1
10 9
12 9
15 12
4 3
6 13

Solution 250: 
1 1
10 9
12 9
15 12
6 13
9 4

Solution 251: 
1 1
10 3
10 9
12 9
15 12
6 13

Solution 252: 
1 1
10 3
10 9
12 9
15 14
6 13

Solution 253: 
1 1
10 9
12 9
15 14
6 13
9 4

Solution 254: 
1 1
10 9
13 11
15 14
6 13
9 4

Solution 255: 
1 1
10 9
13 11
15 12
6 13
9 4

Solution 256: 
1 1
10 9
13 11
15 12
4 3
6 13

Solution 257: 
1 1
10 3
10 9
13 11
15 12
6 13

Solution 258: 
1 1
10 3
10 9
13 11
15 14
6 13

Solution 259: 
1 1
10 9
13 11
15 14
4 3
6 13

Solution 260: 
1 1
10 3
13 11
15 14
6 13
8 10

Solution 261: 
1 1
13 11
15 14
6 13
8 10
9 4

Solution 262: 
1 1
13 11
15 14
5 15
8 10
9 4

Solution 263: 
1 1
13 11
15 14
5 13
8 10
9 4

Solution 264: 
1 1
12 9
15 14
5 13
8 10
9 4

Solution 265: 
1 1
12 9
15 14
5 13
6 5
9 4

Solution 266: 
1 1
12 9
15 14
6 13
6 5
9 4

Solution 267: 
1 1
12 9
15 14
5 15
6 5
9 4

Solution 268: 
1 1
12 9
15 14
5 15
8 10
9 4

Solution 269: 
1 1
12 9
15 14
6 13
8 10
9 4

Solution 270: 
1 1
12 9
15 14
6 13
9 4
9 5

Solution 271: 
1 1
12 9
15 14
3 4
6 13
9 5

Solution 272: 
1 1
12 9
15 14
4 3
6 13
9 5

Solution 273: 
1 1
10 3
12 9
15 14
6 13
9 5

Solution 274: 
1 1
10 3
12 9
15 14
6 13
8 10

Solution 275: 
1 1
10 3
12 9
15 14
6 13
6 5

Solution 276: 
1 1
10 3
12 9
15 14
5 15
6 5

Solution 277: 
1 1
10 3
12 9
15 14
5 13
6 5

Solution 278: 
1 1
10 3
12 9
15 14
5 13
8 10

Solution 279: 
1 1
10 3
12 9
15 14
5 15
8 10

Solution 280: 
1 1
10 3
13 11
15 14
5 15
8 10

Solution 281: 
1 1
10 3
13 11
15 14
5 13
8 10

Solution 282: 
1 1
10 3
13 11
15 12
5 13
8 10

Solution 283: 
1 1
10 3
11 14
13 11
5 13
8 10

Solution 284: 
1 1
10 3
11 14
14 11
5 13
8 10

Solution 285: 
1 1
10 3
11 14
12 8
5 13
8 10

Solution 286: 
1 1
10 3
11 14
14 8
5 13
8 10

Solution 287: 
1 1
10 3
12 9
15 12
5 13
8 10

Solution 288: 
1 1
10 3
12 9
15 12
5 15
8 10

Solution 289: 
1 1
10 3
12 9
15 12
6 13
8 10

Solution 290: 
1 1
10 3
11 14
14 11
6 13
8 10

Solution 291: 
1 1
10 3
11 14
12 8
6 13
8 10

Solution 292: 
1 1
10 3
11 14
14 8
6 13
8 10

Solution 293: 
1 1
10 3
11 14
14 8
5 15
8 10

Solution 294: 
1 1
10 3
11 14
12 8
5 15
8 10

Solution 295: 
1 1
10 3
11 14
14 11
5 15
8 10

Solution 296: 
1 1
10 3
11 14
13 11
5 15
8 10

Solution 297: 
1 1
10 3
11 14
13 11
6 13
8 10

Solution 298: 
1 1
10 3
13 11
15 12
6 13
8 10

Solution 299: 
1 1
10 3
13 11
15 12
5 15
8 10

Solution 300: 
1 1
10 3
12 9
15 12
5 15
6 5

Solution 301: 
1 1
10 3
12 9
15 12
6 13
6 5

Solution 302: 
1 1
10 3
12 9
15 12
6 13
9 5

Solution 303: 
1 1
10 3
12 9
15 12
5 13
6 5

Solution 304: 
1 1
12 9
15 12
5 13
6 5
9 4

Solution 305: 
1 1
12 9
15 12
5 15
6 5
9 4

Solution 306: 
1 1
12 9
15 12
6 13
6 5
9 4

Solution 307: 
1 1
12 9
15 12
6 13
8 10
9 4

Solution 308: 
1 1
11 14
12 8
6 13
8 10
9 4

Solution 309: 
1 1
11 14
14 11
6 13
8 10
9 4

Solution 310: 
1 1
11 14
14 8
6 13
8 10
9 4

Solution 311: 
1 1
11 14
13 11
6 13
8 10
9 4

Solution 312: 
1 1
13 11
15 12
6 13
8 10
9 4

Solution 313: 
1 1
13 11
15 12
5 13
8 10
9 4

Solution 314: 
1 1
13 11
15 12
5 15
8 10
9 4

Solution 315: 
1 1
11 14
13 11
5 15
8 10
9 4

Solution 316: 
1 1
11 14
13 11
5 13
8 10
9 4

Solution 317: 
1 1
11 14
12 8
5 13
8 10
9 4

Solution 318: 
1 1
11 14
14 11
5 13
8 10
9 4

Solution 319: 
1 1
11 14
14 8
5 13
8 10
9 4

Solution 320: 
1 1
11 14
14 8
5 15
8 10
9 4

Solution 321: 
1 1
11 14
12 8
5 15
8 10
9 4

Solution 322: 
1 1
11 14
14 11
5 15
8 10
9 4

Solution 323: 
1 1
12 9
15 12
5 15
8 10
9 4

Solution 324: 
1 1
12 9
15 12
5 13
8 10
9 4

Solution 325: 
1 1
12 9
15 12
6 13
9 4
9 5

Solution 326: 
1 1
12 9
15 12
4 3
6 13
9 5

Solution 327: 
1 1
12 9
15 12
3 4
6 13
9 5

Solution 328: 
12 9
15 12
2 7
3 4
6 13
9 5

Solution 329: 
12 9
15 12
2 6
3 4
6 13
9 5

Solution 330: 
1 7
12 9
15 12
3 4
6 13
9 5

Solution 331: 
1 7
12 9
13 12
3 4
6 13
9 5

Solution 332: 
1 7
12 9
15 14
3 4
6 13
9 5

Solution 333: 
12 9
15 14
2 7
3 4
6 13
9 5

Solution 334: 
12 9
15 14
2 6
3 4
6 13
9 5

Solution 335: 
12 9
13 12
2 6
3 4
6 13
9 5

Solution 336: 
12 9
13 12
2 7
3 4
6 13
9 5

Solution 337: 
12 9
13 12
2 6
4 3
6 13
9 5

Solution 338: 
12 9
15 14
2 6
4 3
6 13
9 5

Solution 339: 
12 9
15 12
2 6
4 3
6 13
9 5

Solution 340: 
10 9
12 9
15 12
2 6
4 3
6 13

Solution 341: 
10 9
12 9
15 14
2 6
4 3
6 13

Solution 342: 
10 9
12 9
13 12
2 6
4 3
6 13

Solution 343: 
10 9
12 8
13 12
2 6
4 3
6 13

Solution 344: 
10 9
13 12
14 8
2 6
4 3
6 13

Solution 345: 
10 9
13 12
14 11
2 6
4 3
6 13

Solution 346: 
10 9
13 11
13 12
2 6
4 3
6 13

Solution 347: 
10 9
13 11
15 14
2 6
4 3
6 13

Solution 348: 
10 9
11 14
13 11
2 6
4 3
6 13

Solution 349: 
10 9
13 11
15 12
2 6
4 3
6 13

Solution 350: 
10 9
11 14
14 8
2 6
4 3
6 13

Solution 351: 
10 9
11 14
12 8
2 6
4 3
6 13

Solution 352: 
10 9
11 14
14 11
2 6
4 3
6 13

Solution 353: 
10 9
11 14
14 11
2 6
3 4
6 13

Solution 354: 
10 9
11 14
14 8
2 6
3 4
6 13

Solution 355: 
10 9
11 14
12 8
2 6
3 4
6 13

Solution 356: 
10 9
11 14
13 11
2 6
3 4
6 13

Solution 357: 
10 9
13 11
15 14
2 6
3 4
6 13

Solution 358: 
10 9
13 11
13 12
2 6
3 4
6 13

Solution 359: 
10 9
13 11
15 12
2 6
3 4
6 13

Solution 360: 
10 9
12 9
15 12
2 6
3 4
6 13

Solution 361: 
10 9
12 9
15 14
2 6
3 4
6 13

Solution 362: 
10 9
12 9
13 12
2 6
3 4
6 13

Solution 363: 
10 9
13 12
14 8
2 6
3 4
6 13

Solution 364: 
10 9
12 8
13 12
2 6
3 4
6 13

Solution 365: 
10 9
13 12
14 11
2 6
3 4
6 13

Solution 366: 
1 7
10 9
13 12
14 11
3 4
6 13

Solution 367: 
10 9
13 12
14 11
2 7
3 4
6 13

Solution 368: 
10 9
13 12
14 8
2 7
3 4
6 13

Solution 369: 
10 9
12 8
13 12
2 7
3 4
6 13

Solution 370: 
10 9
13 11
13 12
2 7
3 4
6 13

Solution 371: 
1 7
10 9
13 11
13 12
3 4
6 13

Solution 372: 
1 7
10 9
13 12
14 8
3 4
6 13

Solution 373: 
1 7
10 9
12 8
13 12
3 4
6 13

Solution 374: 
1 7
10 9
12 9
13 12
3 4
6 13

Solution 375: 
10 9
12 9
13 12
2 7
3 4
6 13

Solution 376: 
10 9
12 9
15 14
2 7
3 4
6 13

Solution 377: 
10 9
12 9
15 12
2 7
3 4
6 13

Solution 378: 
1 7
10 9
12 9
15 12
3 4
6 13

Solution 379: 
1 7
10 9
12 9
15 14
3 4
6 13

Solution 380: 
1 7
10 9
11 14
14 8
3 4
6 13

Solution 381: 
10 9
11 14
14 8
2 7
3 4
6 13

Solution 382: 
10 9
11 14
12 8
2 7
3 4
6 13

Solution 383: 
1 7
10 9
11 14
12 8
3 4
6 13

Solution 384: 
1 7
10 9
11 14
13 11
3 4
6 13

Solution 385: 
10 9
11 14
13 11
2 7
3 4
6 13

Solution 386: 
10 9
11 14
14 11
2 7
3 4
6 13

Solution 387: 
1 7
10 9
11 14
14 11
3 4
6 13

Solution 388: 
1 7
10 9
11 14
14 11
3 4
8 15

Solution 389: 
1 7
10 9
11 14
14 8
3 4
8 15

Solution 390: 
1 7
10 9
11 14
12 8
3 4
8 15

Solution 391: 
1 7
10 9
11 14
13 11
3 4
8 15

Solution 392: 
10 9
11 14
13 11
2 7
3 4
8 15

Solution 393: 
10 9
11 14
13 11
2 6
3 4
8 15

Solution 394: 
10 9
11 14
14 11
2 6
3 4
8 15

Solution 395: 
10 9
11 14
14 11
2 7
3 4
8 15

Solution 396: 
10 9
11 14
12 8
2 7
3 4
8 15

Solution 397: 
10 9
11 14
12 8
2 6
3 4
8 15

Solution 398: 
10 9
11 14
14 8
2 6
3 4
8 15

Solution 399: 
10 9
11 14
14 8
2 7
3 4
8 15

Solution 400: 
10 9
11 14
14 8
2 6
4 3
8 15

Solution 401: 
10 9
11 14
13 11
2 6
4 3
8 15

Solution 402: 
10 9
11 14
12 8
2 6
4 3
8 15

Solution 403: 
10 9
11 14
14 11
2 6
4 3
8 15

Solution 404: 
10 9
13 12
14 11
2 6
4 3
8 15

Solution 405: 
10 9
13 12
14 8
2 6
4 3
8 15

Solution 406: 
10 9
12 8
13 12
2 6
4 3
8 15

Solution 407: 
10 9
13 11
13 12
2 6
4 3
8 15

Solution 408: 
10 9
13 11
15 14
2 6
4 3
8 15

Solution 409: 
10 9
13 11
15 12
2 6
4 3
8 15

Solution 410: 
10 9
13 11
15 12
2 6
3 4
8 15

Solution 411: 
10 9
13 11
15 14
2 6
3 4
8 15

Solution 412: 
10 9
13 11
13 12
2 6
3 4
8 15

Solution 413: 
10 9
13 11
13 12
2 7
3 4
8 15

Solution 414: 
1 7
10 9
13 11
13 12
3 4
8 15

Solution 415: 
1 7
10 9
13 11
15 12
3 4
8 15

Solution 416: 
1 7
10 9
13 11
15 14
3 4
8 15

Solution 417: 
10 9
13 11
15 14
2 7
3 4
8 15

Solution 418: 
10 9
13 11
15 12
2 7
3 4
8 15

Solution 419: 
10 9
12 8
13 12
2 7
3 4
8 15

Solution 420: 
10 9
13 12
14 11
2 7
3 4
8 15

Solution 421: 
10 9
13 12
14 8
2 7
3 4
8 15

Solution 422: 
1 7
10 9
13 12
14 8
3 4
8 15

Solution 423: 
1 7
10 9
12 8
13 12
3 4
8 15

Solution 424: 
1 7
10 9
13 12
14 11
3 4
8 15

Solution 425: 
10 9
13 12
14 11
2 6
3 4
8 15

Solution 426: 
10 9
12 8
13 12
2 6
3 4
8 15

Solution 427: 
10 9
13 12
14 8
2 6
3 4
8 15

Solution 428: 
10 9
13 11
15 14
2 7
3 4
6 13

Solution 429: 
1 7
10 9
13 11
15 14
3 4
6 13

Solution 430: 
1 7
10 9
13 11
15 12
3 4
6 13

Solution 431: 
10 9
13 11
15 12
2 7
3 4
6 13

Number of solutions found: 432

Changes at vertices: 
New Vertex: 12 9
14 9 -> 14 8
----------------------------------
Removal 2: 
Solution 0: 
1 1
11 10
11 14
6 13
8 10
9 4

Solution 1: 
1 1
11 10
11 14
5 15
8 10
9 4

Solution 2: 
1 1
11 10
11 14
6 13
9 4
9 5

Solution 3: 
1 1
10 9
11 10
11 14
6 13
9 4

Solution 4: 
1 1
10 9
11 10
11 14
4 3
6 13

Solution 5: 
1 1
11 10
11 14
4 3
6 13
9 5

Solution 6: 
1 1
10 3
11 10
11 14
6 13
9 5

Solution 7: 
1 1
10 3
10 9
11 10
11 14
6 13

Solution 8: 
1 1
10 3
11 10
11 14
6 13
8 10

Solution 9: 
1 1
10 3
11 10
11 14
5 15
8 10

Solution 10: 
1 1
10 3
11 10
11 14
5 15
6 5

Solution 11: 
1 1
10 3
11 10
11 14
6 13
6 5

Solution 12: 
1 1
10 3
11 10
11 14
5 13
6 5

Solution 13: 
1 1
10 3
11 10
11 14
6 5
8 15

Solution 14: 
1 1
10 3
11 10
11 14
8 15
9 5

Solution 15: 
1 1
10 3
10 9
11 10
11 14
8 15

Solution 16: 
1 1
10 3
11 10
11 14
8 10
8 15

Solution 17: 
1 1
10 3
11 10
11 14
5 13
8 10

Solution 18: 
1 1
11 10
11 14
5 13
8 10
9 4

Solution 19: 
1 1
10 9
11 10
11 14
3 4
6 13

Solution 20: 
1 1
10 9
11 10
11 14
3 4
8 15

Solution 21: 
1 1
10 9
11 10
11 14
4 3
8 15

Solution 22: 
1 1
10 9
11 10
11 14
8 15
9 4

Solution 23: 
1 1
11 10
11 14
8 15
9 4
9 5

Solution 24: 
1 1
11 10
11 14
4 3
8 15
9 5

Solution 25: 
1 1
11 10
11 14
3 4
8 15
9 5

Solution 26: 
1 1
11 10
11 14
8 10
8 15
9 4

Solution 27: 
1 1
11 10
11 14
6 5
8 15
9 4

Solution 28: 
1 1
11 10
11 14
5 15
6 5
9 4

Solution 29: 
1 1
11 10
11 14
5 13
6 5
9 4

Solution 30: 
1 1
11 10
11 14
6 13
6 5
9 4

Solution 31: 
1 1
11 10
11 14
3 4
6 13
9 5

Solution 32: 
1 7
11 10
11 14
3 4
6 13
9 5

Solution 33: 
11 10
11 14
2 7
3 4
6 13
9 5

Solution 34: 
11 10
11 14
2 6
3 4
6 13
9 5

Solution 35: 
10 9
11 10
11 14
2 6
3 4
6 13

Solution 36: 
1 7
10 9
11 10
11 14
3 4
6 13

Solution 37: 
10 9
11 10
11 14
2 7
3 4
6 13

Solution 38: 
10 9
11 10
11 14
2 6
4 3
6 13

Solution 39: 
11 10
11 14
2 6
4 3
6 13
9 5

Solution 40: 
11 10
11 14
2 6
4 3
8 15
9 5

Solution 41: 
11 10
11 14
2 6
3 4
8 15
9 5

Solution 42: 
10 9
11 10
11 14
2 6
3 4
8 15

Solution 43: 
1 7
10 9
11 10
11 14
3 4
8 15

Solution 44: 
10 9
11 10
11 14
2 7
3 4
8 15

Solution 45: 
10 9
11 10
11 14
2 6
4 3
8 15

Solution 46: 
1 7
11 10
11 14
3 4
8 15
9 5

Solution 47: 
11 10
11 14
2 7
3 4
8 15
9 5

Solution 48: 
11 10
15 14
2 7
3 4
8 15
9 5

Solution 49: 
11 10
15 12
2 7
3 4
8 15
9 5

Solution 50: 
11 10
13 12
2 7
3 4
8 15
9 5

Solution 51: 
1 7
11 10
13 12
3 4
8 15
9 5

Solution 52: 
1 7
11 10
15 14
3 4
8 15
9 5

Solution 53: 
1 7
11 10
15 12
3 4
8 15
9 5

Solution 54: 
1 1
11 10
15 12
3 4
8 15
9 5

Solution 55: 
1 1
11 10
15 14
3 4
8 15
9 5

Solution 56: 
1 1
11 10
13 12
3 4
8 15
9 5

Solution 57: 
1 1
10 9
11 10
13 12
3 4
8 15

Solution 58: 
1 7
10 9
11 10
13 12
3 4
8 15

Solution 59: 
10 9
11 10
13 12
2 6
3 4
8 15

Solution 60: 
10 9
11 10
13 12
2 7
3 4
8 15

Solution 61: 
11 10
13 12
2 6
3 4
8 15
9 5

Solution 62: 
11 10
15 14
2 6
3 4
8 15
9 5

Solution 63: 
11 10
15 12
2 6
3 4
8 15
9 5

Solution 64: 
10 9
11 10
15 12
2 6
3 4
8 15

Solution 65: 
10 9
11 10
15 14
2 6
3 4
8 15

Solution 66: 
1 7
10 9
11 10
15 14
3 4
8 15

Solution 67: 
1 1
10 9
11 10
15 14
3 4
8 15

Solution 68: 
10 9
11 10
15 14
2 7
3 4
8 15

Solution 69: 
10 9
11 10
15 12
2 7
3 4
8 15

Solution 70: 
1 7
10 9
11 10
15 12
3 4
8 15

Solution 71: 
1 1
10 9
11 10
15 12
3 4
8 15

Solution 72: 
1 1
10 9
11 10
15 12
4 3
8 15

Solution 73: 
10 9
11 10
15 12
2 6
4 3
8 15

Solution 74: 
1 1
10 9
11 10
15 12
8 15
9 4

Solution 75: 
1 1
10 3
10 9
11 10
15 12
8 15

Solution 76: 
1 1
10 3
10 9
11 10
15 14
8 15

Solution 77: 
1 1
10 3
10 9
11 10
13 12
8 15

Solution 78: 
1 1
10 9
11 10
13 12
8 15
9 4

Solution 79: 
1 1
10 9
11 10
13 12
4 3
8 15

Solution 80: 
10 9
11 10
13 12
2 6
4 3
8 15

Solution 81: 
10 9
11 10
15 14
2 6
4 3
8 15

Solution 82: 
1 1
10 9
11 10
15 14
4 3
8 15

Solution 83: 
1 1
10 9
11 10
15 14
8 15
9 4

Solution 84: 
1 1
11 10
15 14
8 10
8 15
9 4

Solution 85: 
1 1
11 10
15 14
6 5
8 15
9 4

Solution 86: 
1 1
11 10
15 14
8 15
9 4
9 5

Solution 87: 
1 1
10 3
11 10
15 14
8 15
9 5

Solution 88: 
1 1
11 10
15 14
4 3
8 15
9 5

Solution 89: 
1 1
10 3
11 10
15 14
8 10
8 15

Solution 90: 
1 1
10 3
11 10
15 14
6 5
8 15

Solution 91: 
1 1
10 3
11 10
15 12
6 5
8 15

Solution 92: 
1 1
10 3
11 10
13 12
6 5
8 15

Solution 93: 
1 1
10 3
11 10
13 12
8 10
8 15

Solution 94: 
1 1
10 3
11 10
15 12
8 10
8 15

Solution 95: 
1 1
10 3
11 10
15 12
8 15
9 5

Solution 96: 
1 1
10 3
11 10
13 12
8 15
9 5

Solution 97: 
1 1
11 10
13 12
8 15
9 4
9 5

Solution 98: 
1 1
11 10
13 12
6 5
8 15
9 4

Solution 99: 
1 1
11 10
13 12
4 3
8 15
9 5

Solution 100: 
1 1
11 10
13 12
8 10
8 15
9 4

Solution 101: 
1 1
11 10
15 12
8 10
8 15
9 4

Solution 102: 
1 1
11 10
15 12
6 5
8 15
9 4

Solution 103: 
1 1
11 10
15 12
8 15
9 4
9 5

Solution 104: 
1 1
11 10
15 12
4 3
8 15
9 5

Solution 105: 
11 10
15 12
2 6
4 3
8 15
9 5

Solution 106: 
11 10
15 14
2 6
4 3
8 15
9 5

Solution 107: 
11 10
13 12
2 6
4 3
8 15
9 5

Solution 108: 
11 10
13 12
2 6
4 3
6 13
9 5

Solution 109: 
10 9
11 10
13 12
2 6
4 3
6 13

Solution 110: 
10 9
11 10
13 12
2 6
3 4
6 13

Solution 111: 
11 10
13 12
2 6
3 4
6 13
9 5

Solution 112: 
11 10
15 12
2 6
3 4
6 13
9 5

Solution 113: 
11 10
15 14
2 6
3 4
6 13
9 5

Solution 114: 
10 9
11 10
15 14
2 6
3 4
6 13

Solution 115: 
10 9
11 10
15 12
2 6
3 4
6 13

Solution 116: 
10 9
11 10
15 12
2 6
4 3
6 13

Solution 117: 
10 9
11 10
15 14
2 6
4 3
6 13

Solution 118: 
11 10
15 14
2 6
4 3
6 13
9 5

Solution 119: 
11 10
15 12
2 6
4 3
6 13
9 5

Solution 120: 
1 1
11 10
15 12
4 3
6 13
9 5

Solution 121: 
1 1
10 9
11 10
15 12
4 3
6 13

Solution 122: 
1 1
10 9
11 10
15 12
6 13
9 4

Solution 123: 
1 1
11 10
15 12
6 13
9 4
9 5

Solution 124: 
1 1
10 3
11 10
15 12
6 13
9 5

Solution 125: 
1 1
11 10
15 12
3 4
6 13
9 5

Solution 126: 
1 1
10 9
11 10
15 12
3 4
6 13

Solution 127: 
1 1
10 3
10 9
11 10
15 12
6 13

Solution 128: 
10 9
11 10
15 12
2 7
3 4
6 13

Solution 129: 
1 7
10 9
11 10
15 12
3 4
6 13

Solution 130: 
1 7
11 10
15 12
3 4
6 13
9 5

Solution 131: 
11 10
15 12
2 7
3 4
6 13
9 5

Solution 132: 
1 1
10 3
11 10
15 12
6 13
8 10

Solution 133: 
1 1
11 10
15 12
6 13
8 10
9 4

Solution 134: 
1 1
11 10
15 12
6 13
6 5
9 4

Solution 135: 
1 1
10 3
11 10
15 12
6 13
6 5

Solution 136: 
1 1
10 3
11 10
15 12
5 15
6 5

Solution 137: 
1 1
10 3
11 10
15 12
5 13
6 5

Solution 138: 
1 1
11 10
15 12
5 13
6 5
9 4

Solution 139: 
1 1
11 10
15 12
5 15
6 5
9 4

Solution 140: 
1 1
11 10
15 12
5 15
8 10
9 4

Solution 141: 
1 1
11 10
15 12
5 13
8 10
9 4

Solution 142: 
1 1
10 3
11 10
15 12
5 13
8 10

Solution 143: 
1 1
10 3
11 10
15 12
5 15
8 10

Solution 144: 
1 1
10 3
11 10
15 14
5 15
8 10

Solution 145: 
1 1
10 3
11 10
13 12
5 15
8 10

Solution 146: 
1 1
10 3
11 10
13 12
5 15
6 5

Solution 147: 
1 1
10 3
11 10
15 14
5 15
6 5

Solution 148: 
1 1
11 10
15 14
5 15
6 5
9 4

Solution 149: 
1 1
11 10
13 12
5 15
6 5
9 4

Solution 150: 
1 1
11 10
13 12
5 15
8 10
9 4

Solution 151: 
1 1
11 10
15 14
5 15
8 10
9 4

Solution 152: 
1 1
11 10
15 14
5 13
8 10
9 4

Solution 153: 
1 1
11 10
15 14
6 13
8 10
9 4

Solution 154: 
1 1
10 3
11 10
15 14
6 13
8 10

Solution 155: 
1 1
10 3
11 10
13 12
6 13
8 10

Solution 156: 
1 1
11 10
13 12
6 13
8 10
9 4

Solution 157: 
1 1
11 10
13 12
5 13
8 10
9 4

Solution 158: 
1 1
10 3
11 10
13 12
5 13
8 10

Solution 159: 
1 1
10 3
11 10
15 14
5 13
8 10

Solution 160: 
1 1
10 3
11 10
15 14
5 13
6 5

Solution 161: 
1 1
11 10
15 14
5 13
6 5
9 4

Solution 162: 
1 1
11 10
13 12
5 13
6 5
9 4

Solution 163: 
1 1
10 3
11 10
13 12
5 13
6 5

Solution 164: 
1 1
10 3
11 10
13 12
6 13
6 5

Solution 165: 
1 1
11 10
13 12
6 13
6 5
9 4

Solution 166: 
1 1
11 10
15 14
6 13
6 5
9 4

Solution 167: 
1 1
10 3
11 10
15 14
6 13
6 5

Solution 168: 
1 1
10 3
11 10
15 14
6 13
9 5

Solution 169: 
1 1
10 3
10 9
11 10
15 14
6 13

Solution 170: 
1 1
10 3
10 9
11 10
13 12
6 13

Solution 171: 
1 1
10 3
11 10
13 12
6 13
9 5

Solution 172: 
1 1
11 10
13 12
4 3
6 13
9 5

Solution 173: 
1 1
11 10
13 12
6 13
9 4
9 5

Solution 174: 
1 1
10 9
11 10
13 12
6 13
9 4

Solution 175: 
1 1
10 9
11 10
13 12
4 3
6 13

Solution 176: 
1 1
10 9
11 10
15 14
4 3
6 13

Solution 177: 
1 1
10 9
11 10
15 14
6 13
9 4

Solution 178: 
1 1
11 10
15 14
6 13
9 4
9 5

Solution 179: 
1 1
11 10
15 14
4 3
6 13
9 5

Solution 180: 
1 1
11 10
15 14
3 4
6 13
9 5

Solution 181: 
1 1
11 10
13 12
3 4
6 13
9 5

Solution 182: 
1 1
10 9
11 10
13 12
3 4
6 13

Solution 183: 
1 1
10 9
11 10
15 14
3 4
6 13

Solution 184: 
10 9
11 10
15 14
2 7
3 4
6 13

Solution 185: 
1 7
10 9
11 10
15 14
3 4
6 13

Solution 186: 
1 7
10 9
11 10
13 12
3 4
6 13

Solution 187: 
10 9
11 10
13 12
2 7
3 4
6 13

Solution 188: 
11 10
13 12
2 7
3 4
6 13
9 5

Solution 189: 
11 10
15 14
2 7
3 4
6 13
9 5

Solution 190: 
1 7
11 10
15 14
3 4
6 13
9 5

Solution 191: 
1 7
11 10
13 12
3 4
6 13
9 5

Solution 192: 
1 7
13 12
14 9
3 4
6 13
9 5

Solution 193: 
1 7
11 14
14 9
3 4
6 13
9 5

Solution 194: 
11 14
14 9
2 7
3 4
6 13
9 5

Solution 195: 
11 14
14 9
2 6
3 4
6 13
9 5

Solution 196: 
13 12
14 9
2 6
3 4
6 13
9 5

Solution 197: 
13 12
14 9
2 7
3 4
6 13
9 5

Solution 198: 
13 12
14 9
2 6
4 3
6 13
9 5

Solution 199: 
11 14
14 9
2 6
4 3
6 13
9 5

Solution 200: 
1 1
11 14
14 9
4 3
6 13
9 5

Solution 201: 
1 1
11 14
14 9
6 13
9 4
9 5

Solution 202: 
1 1
10 3
11 14
14 9
6 13
9 5

Solution 203: 
1 1
11 14
14 9
3 4
6 13
9 5

Solution 204: 
1 1
13 12
14 9
3 4
6 13
9 5

Solution 205: 
1 1
13 12
14 9
6 13
9 4
9 5

Solution 206: 
1 1
13 12
14 9
4 3
6 13
9 5

Solution 207: 
1 1
10 3
13 12
14 9
6 13
9 5

Solution 208: 
1 1
10 3
13 12
14 9
8 15
9 5

Solution 209: 
1 1
13 12
14 9
8 15
9 4
9 5

Solution 210: 
1 1
13 12
14 9
4 3
8 15
9 5

Solution 211: 
1 1
11 14
14 9
4 3
8 15
9 5

Solution 212: 
1 1
10 3
11 14
14 9
8 15
9 5

Solution 213: 
1 1
11 14
14 9
8 15
9 4
9 5

Solution 214: 
1 1
11 14
14 9
3 4
8 15
9 5

Solution 215: 
1 1
13 12
14 9
3 4
8 15
9 5

Solution 216: 
1 7
13 12
14 9
3 4
8 15
9 5

Solution 217: 
13 12
14 9
2 7
3 4
8 15
9 5

Solution 218: 
13 12
14 9
2 6
3 4
8 15
9 5

Solution 219: 
13 12
14 9
2 6
4 3
8 15
9 5

Solution 220: 
11 14
14 9
2 6
4 3
8 15
9 5

Solution 221: 
11 14
14 9
2 6
3 4
8 15
9 5

Solution 222: 
1 7
11 14
14 9
3 4
8 15
9 5

Solution 223: 
11 14
14 9
2 7
3 4
8 15
9 5

Solution 224: 
10 9
11 14
14 9
2 7
3 4
8 15

Solution 225: 
1 7
10 9
11 14
14 9
3 4
8 15

Solution 226: 
10 9
11 14
14 9
2 6
3 4
8 15

Solution 227: 
1 1
10 9
11 14
14 9
3 4
8 15

Solution 228: 
1 1
10 9
11 14
14 9
8 15
9 4

Solution 229: 
1 1
10 3
10 9
11 14
14 9
8 15

Solution 230: 
1 1
10 9
11 14
14 9
4 3
8 15

Solution 231: 
10 9
11 14
14 9
2 6
4 3
8 15

Solution 232: 
1 1
10 3
11 14
14 9
6 5
8 15

Solution 233: 
1 1
10 3
11 14
14 9
8 10
8 15

Solution 234: 
1 1
11 14
14 9
8 10
8 15
9 4

Solution 235: 
1 1
11 14
14 9
6 5
8 15
9 4

Solution 236: 
1 1
10 9
11 14
14 11
8 15
9 4

Solution 237: 
1 1
10 9
11 14
13 11
8 15
9 4

Solution 238: 
1 1
11 14
13 11
8 10
8 15
9 4

Solution 239: 
1 1
11 14
14 11
8 10
8 15
9 4

Solution 240: 
1 1
10 3
11 14
14 11
8 10
8 15

Solution 241: 
1 1
10 3
11 14
13 11
8 10
8 15

Solution 242: 
1 1
10 3
10 9
11 14
13 11
8 15

Solution 243: 
1 1
10 9
11 14
13 11
3 4
8 15

Solution 244: 
1 1
10 9
11 14
13 11
4 3
8 15

Solution 245: 
1 1
10 9
11 14
14 11
4 3
8 15

Solution 246: 
1 1
10 9
11 14
14 11
3 4
8 15

Solution 247: 
1 1
10 3
10 9
11 14
14 11
8 15

Solution 248: 
10 9
11 14
14 11
2 7
3 4
8 15

Solution 249: 
1 7
10 9
11 14
14 11
3 4
8 15

Solution 250: 
1 7
10 9
11 14
13 11
3 4
8 15

Solution 251: 
10 9
11 14
13 11
2 7
3 4
8 15

Solution 252: 
10 9
11 14
13 11
2 6
3 4
8 15

Solution 253: 
10 9
11 14
14 11
2 6
3 4
8 15

Solution 254: 
10 9
11 14
14 11
2 6
4 3
8 15

Solution 255: 
10 9
11 14
13 11
2 6
4 3
8 15

Solution 256: 
10 9
11 14
13 11
2 6
4 3
6 13

Solution 257: 
10 9
11 14
13 11
2 6
3 4
6 13

Solution 258: 
10 9
11 14
14 11
2 6
3 4
6 13

Solution 259: 
10 9
11 14
14 9
2 6
3 4
6 13

Solution 260: 
10 9
11 14
14 9
2 6
4 3
6 13

Solution 261: 
10 9
11 14
14 11
2 6
4 3
6 13

Solution 262: 
1 1
10 9
11 14
14 11
4 3
6 13

Solution 263: 
1 1
10 3
10 9
11 14
14 11
6 13

Solution 264: 
1 1
10 9
11 14
14 11
6 13
9 4

Solution 265: 
1 1
10 9
11 14
13 11
6 13
9 4

Solution 266: 
1 1
10 9
11 14
14 9
6 13
9 4

Solution 267: 
1 1
10 9
11 14
14 9
4 3
6 13

Solution 268: 
1 1
10 9
11 14
13 11
4 3
6 13

Solution 269: 
1 1
10 3
10 9
11 14
13 11
6 13

Solution 270: 
1 1
10 3
10 9
11 14
14 9
6 13

Solution 271: 
1 1
10 9
11 14
14 9
3 4
6 13

Solution 272: 
1 1
10 9
11 14
13 11
3 4
6 13

Solution 273: 
1 1
10 9
11 14
14 11
3 4
6 13

Solution 274: 
10 9
11 14
14 11
2 7
3 4
6 13

Solution 275: 
1 7
10 9
11 14
14 11
3 4
6 13

Solution 276: 
1 7
10 9
11 14
13 11
3 4
6 13

Solution 277: 
1 7
10 9
11 14
14 9
3 4
6 13

Solution 278: 
10 9
11 14
14 9
2 7
3 4
6 13

Solution 279: 
10 9
11 14
13 11
2 7
3 4
6 13

Solution 280: 
1 1
11 14
14 9
6 13
6 5
9 4

Solution 281: 
1 1
11 14
14 9
5 15
6 5
9 4

Solution 282: 
1 1
10 3
11 14
14 9
5 15
6 5

Solution 283: 
1 1
10 3
11 14
14 9
6 13
6 5

Solution 284: 
1 1
10 3
11 14
14 9
6 13
8 10

Solution 285: 
1 1
11 14
14 9
6 13
8 10
9 4

Solution 286: 
1 1
11 14
14 9
5 15
8 10
9 4

Solution 287: 
1 1
11 14
14 9
5 13
8 10
9 4

Solution 288: 
1 1
10 3
11 14
14 9
5 13
8 10

Solution 289: 
1 1
10 3
11 14
14 9
5 15
8 10

Solution 290: 
1 1
10 3
11 14
14 11
5 15
8 10

Solution 291: 
1 1
10 3
11 14
13 11
5 15
8 10

Solution 292: 
1 1
10 3
11 14
13 11
6 13
8 10

Solution 293: 
1 1
10 3
11 14
14 11
6 13
8 10

Solution 294: 
1 1
10 3
11 14
14 11
5 13
8 10

Solution 295: 
1 1
10 3
11 14
13 11
5 13
8 10

Solution 296: 
1 1
11 14
13 11
5 13
8 10
9 4

Solution 297: 
1 1
11 14
14 11
5 13
8 10
9 4

Solution 298: 
1 1
11 14
14 11
5 15
8 10
9 4

Solution 299: 
1 1
11 14
14 11
6 13
8 10
9 4

Solution 300: 
1 1
11 14
13 11
6 13
8 10
9 4

Solution 301: 
1 1
11 14
13 11
5 15
8 10
9 4

Solution 302: 
1 1
11 14
14 9
5 13
6 5
9 4

Solution 303: 
1 1
10 3
11 14
14 9
5 13
6 5

Solution 304: 
1 1
10 3
13 12
14 9
5 13
6 5

Solution 305: 
1 1
13 12
14 9
5 13
6 5
9 4

Solution 306: 
1 1
13 12
14 9
5 13
8 10
9 4

Solution 307: 
1 1
13 12
14 11
5 13
8 10
9 4

Solution 308: 
1 1
10 3
13 12
14 11
5 13
8 10

Solution 309: 
1 1
10 3
13 12
14 9
5 13
8 10

Solution 310: 
1 1
10 3
13 11
13 12
5 13
8 10

Solution 311: 
1 1
13 11
13 12
5 13
8 10
9 4

Solution 312: 
1 1
13 11
15 14
5 13
8 10
9 4

Solution 313: 
1 1
13 11
15 12
5 13
8 10
9 4

Solution 314: 
1 1
10 3
13 11
15 12
5 13
8 10

Solution 315: 
1 1
10 3
13 11
15 14
5 13
8 10

Solution 316: 
1 1
10 3
13 11
15 14
5 15
8 10

Solution 317: 
1 1
10 3
13 11
15 12
5 15
8 10

Solution 318: 
1 1
13 11
15 12
5 15
8 10
9 4

Solution 319: 
1 1
13 11
15 14
5 15
8 10
9 4

Solution 320: 
1 1
13 11
15 14
8 10
8 15
9 4

Solution 321: 
1 1
13 11
15 14
6 13
8 10
9 4

Solution 322: 
1 1
13 11
15 12
6 13
8 10
9 4

Solution 323: 
1 1
13 11
15 12
8 10
8 15
9 4

Solution 324: 
1 1
13 11
13 12
8 10
8 15
9 4

Solution 325: 
1 1
13 11
13 12
6 13
8 10
9 4

Solution 326: 
1 1
13 11
13 12
5 15
8 10
9 4

Solution 327: 
1 1
10 3
13 11
13 12
5 15
8 10

Solution 328: 
1 1
10 3
13 11
13 12
6 13
8 10

Solution 329: 
1 1
10 3
13 11
13 12
8 10
8 15

Solution 330: 
1 1
10 3
13 11
15 12
8 10
8 15

Solution 331: 
1 1
10 3
13 11
15 12
6 13
8 10

Solution 332: 
1 1
10 3
13 11
15 14
6 13
8 10

Solution 333: 
1 1
10 3
13 11
15 14
8 10
8 15

Solution 334: 
1 1
10 3
13 12
14 11
8 10
8 15

Solution 335: 
1 1
10 3
13 12
14 9
8 10
8 15

Solution 336: 
1 1
13 12
14 9
8 10
8 15
9 4

Solution 337: 
1 1
13 12
14 11
8 10
8 15
9 4

Solution 338: 
1 1
13 12
14 11
5 15
8 10
9 4

Solution 339: 
1 1
13 12
14 11
6 13
8 10
9 4

Solution 340: 
1 1
13 12
14 9
6 13
8 10
9 4

Solution 341: 
1 1
13 12
14 9
5 15
8 10
9 4

Solution 342: 
1 1
10 3
13 12
14 9
5 15
8 10

Solution 343: 
1 1
10 3
13 12
14 9
6 13
8 10

Solution 344: 
1 1
10 3
13 12
14 11
6 13
8 10

Solution 345: 
1 1
10 3
13 12
14 11
5 15
8 10

Solution 346: 
1 1
10 3
13 12
14 9
5 15
6 5

Solution 347: 
1 1
13 12
14 9
5 15
6 5
9 4

Solution 348: 
1 1
13 12
14 9
6 5
8 15
9 4

Solution 349: 
1 1
10 3
13 12
14 9
6 5
8 15

Solution 350: 
1 1
10 3
13 12
14 9
6 13
6 5

Solution 351: 
1 1
13 12
14 9
6 13
6 5
9 4

Solution 352: 
1 1
10 9
13 12
14 9
6 13
9 4

Solution 353: 
1 1
10 3
10 9
13 12
14 9
6 13

Solution 354: 
1 1
10 9
13 12
14 9
4 3
6 13

Solution 355: 
1 1
10 9
13 12
14 9
4 3
8 15

Solution 356: 
1 1
10 3
10 9
13 12
14 9
8 15

Solution 357: 
1 1
10 9
13 12
14 9
8 15
9 4

Solution 358: 
1 1
10 9
13 12
14 9
3 4
8 15

Solution 359: 
1 1
10 9
13 12
14 9
3 4
6 13

Solution 360: 
1 7
10 9
13 12
14 9
3 4
6 13

Solution 361: 
10 9
13 12
14 9
2 7
3 4
6 13

Solution 362: 
10 9
13 12
14 9
2 6
3 4
6 13

Solution 363: 
10 9
13 12
14 9
2 6
3 4
8 15

Solution 364: 
1 7
10 9
13 12
14 9
3 4
8 15

Solution 365: 
10 9
13 12
14 9
2 7
3 4
8 15

Solution 366: 
10 9
13 12
14 9
2 6
4 3
8 15

Solution 367: 
10 9
13 12
14 9
2 6
4 3
6 13

Solution 368: 
10 9
13 12
14 11
2 6
4 3
6 13

Solution 369: 
10 9
13 11
13 12
2 6
4 3
6 13

Solution 370: 
10 9
13 11
13 12
2 6
4 3
8 15

Solution 371: 
10 9
13 12
14 11
2 6
4 3
8 15

Solution 372: 
10 9
13 12
14 11
2 6
3 4
8 15

Solution 373: 
10 9
13 12
14 11
2 6
3 4
6 13

Solution 374: 
10 9
13 11
13 12
2 6
3 4
6 13

Solution 375: 
10 9
13 11
13 12
2 6
3 4
8 15

Solution 376: 
10 9
13 11
13 12
2 7
3 4
8 15

Solution 377: 
1 7
10 9
13 11
13 12
3 4
8 15

Solution 378: 
1 7
10 9
13 11
13 12
3 4
6 13

Solution 379: 
10 9
13 11
13 12
2 7
3 4
6 13

Solution 380: 
10 9
13 12
14 11
2 7
3 4
6 13

Solution 381: 
1 7
10 9
13 12
14 11
3 4
6 13

Solution 382: 
1 7
10 9
13 12
14 11
3 4
8 15

Solution 383: 
10 9
13 12
14 11
2 7
3 4
8 15

Solution 384: 
1 1
10 9
13 12
14 11
3 4
8 15

Solution 385: 
1 1
10 9
13 11
13 12
3 4
8 15

Solution 386: 
1 1
10 9
13 11
13 12
3 4
6 13

Solution 387: 
1 1
10 9
13 12
14 11
3 4
6 13

Solution 388: 
1 1
10 3
10 9
13 12
14 11
6 13

Solution 389: 
1 1
10 9
13 12
14 11
6 13
9 4

Solution 390: 
1 1
10 9
13 12
14 11
4 3
6 13

Solution 391: 
1 1
10 9
13 12
14 11
4 3
8 15

Solution 392: 
1 1
10 3
10 9
13 12
14 11
8 15

Solution 393: 
1 1
10 9
13 12
14 11
8 15
9 4

Solution 394: 
1 1
10 9
13 11
13 12
8 15
9 4

Solution 395: 
1 1
10 3
10 9
13 11
13 12
8 15

Solution 396: 
1 1
10 9
13 11
13 12
4 3
8 15

Solution 397: 
1 1
10 9
13 11
13 12
4 3
6 13

Solution 398: 
1 1
10 3
10 9
13 11
13 12
6 13

Solution 399: 
1 1
10 9
13 11
13 12
6 13
9 4

Solution 400: 
1 1
10 9
13 11
15 12
6 13
9 4

Solution 401: 
1 1
10 9
13 11
15 14
6 13
9 4

Solution 402: 
1 1
10 3
10 9
13 11
15 14
6 13

Solution 403: 
1 1
10 9
13 11
15 14
4 3
6 13

Solution 404: 
1 1
10 9
13 11
15 14
3 4
6 13

Solution 405: 
1 1
10 9
13 11
15 12
3 4
6 13

Solution 406: 
1 1
10 3
10 9
13 11
15 12
6 13

Solution 407: 
1 1
10 9
13 11
15 12
4 3
6 13

Solution 408: 
1 1
10 9
13 11
15 12
4 3
8 15

Solution 409: 
1 1
10 9
13 11
15 14
4 3
8 15

Solution 410: 
1 1
10 3
10 9
13 11
15 14
8 15

Solution 411: 
1 1
10 9
13 11
15 14
3 4
8 15

Solution 412: 
1 1
10 9
13 11
15 12
3 4
8 15

Solution 413: 
1 1
10 3
10 9
13 11
15 12
8 15

Solution 414: 
1 1
10 9
13 11
15 12
8 15
9 4

Solution 415: 
1 1
10 9
13 11
15 14
8 15
9 4

Solution 416: 
10 9
13 11
15 14
2 6
4 3
8 15

Solution 417: 
10 9
13 11
15 14
2 6
3 4
8 15

Solution 418: 
10 9
13 11
15 14
2 7
3 4
8 15

Solution 419: 
1 7
10 9
13 11
15 14
3 4
8 15

Solution 420: 
1 7
10 9
13 11
15 14
3 4
6 13

Solution 421: 
10 9
13 11
15 14
2 7
3 4
6 13

Solution 422: 
10 9
13 11
15 14
2 6
3 4
6 13

Solution 423: 
10 9
13 11
15 14
2 6
4 3
6 13

Solution 424: 
10 9
13 11
15 12
2 6
4 3
6 13

Solution 425: 
10 9
13 11
15 12
2 6
3 4
6 13

Solution 426: 
10 9
13 11
15 12
2 6
3 4
8 15

Solution 427: 
10 9
13 11
15 12
2 6
4 3
8 15

Solution 428: 
10 9
13 11
15 12
2 7
3 4
8 15

Solution 429: 
1 7
10 9
13 11
15 12
3 4
8 15

Solution 430: 
1 7
10 9
13 11
15 12
3 4
6 13

Solution 431: 
10 9
13 11
15 12
2 7
3 4
6 13

Number of solutions found: 432

Changes at vertices: 
Change visibility: 13 12
11 12 -> 11 14
----------------------------------
Removal 3: 
Solution 0: 
1 1
11 10
6 13
8 10
9 4

Solution 1: 
1 1
11 10
5 15
8 10
9 4

Solution 2: 
1 1
10 3
11 10
5 15
8 10

Solution 3: 
1 1
10 3
11 10
6 13
8 10

Solution 4: 
1 1
10 3
11 10
5 13
8 10

Solution 5: 
1 1
11 10
5 13
8 10
9 4

Solution 6: 
1 1
11 10
8 10
8 15
9 4

Solution 7: 
1 1
10 3
11 10
8 10
8 15

Solution 8: 
1 1
10 3
11 10
6 5
8 15

Solution 9: 
1 1
10 3
11 10
8 15
9 5

Solution 10: 
1 1
10 3
10 9
11 10
8 15

Solution 11: 
1 1
10 9
11 10
3 4
8 15

Solution 12: 
1 1
10 9
11 10
8 15
9 4

Solution 13: 
1 1
10 9
11 10
4 3
8 15

Solution 14: 
1 1
11 10
4 3
8 15
9 5

Solution 15: 
1 1
11 10
3 4
8 15
9 5

Solution 16: 
1 1
11 10
8 15
9 4
9 5

Solution 17: 
1 1
11 10
6 5
8 15
9 4

Solution 18: 
1 1
11 10
5 15
6 5
9 4

Solution 19: 
1 1
11 10
5 13
6 5
9 4

Solution 20: 
1 1
11 10
6 13
6 5
9 4

Solution 21: 
1 1
11 10
6 13
9 4
9 5

Solution 22: 
1 1
10 9
11 10
6 13
9 4

Solution 23: 
1 1
10 9
11 10
3 4
6 13

Solution 24: 
1 1
10 3
10 9
11 10
6 13

Solution 25: 
1 1
10 9
11 10
4 3
6 13

Solution 26: 
1 1
11 10
4 3
6 13
9 5

Solution 27: 
1 1
11 10
3 4
6 13
9 5

Solution 28: 
1 1
10 3
11 10
6 13
9 5

Solution 29: 
1 1
10 3
11 10
6 13
6 5

Solution 30: 
1 1
10 3
11 10
5 13
6 5

Solution 31: 
1 1
10 3
11 10
5 15
6 5

Solution 32: 
10 9
11 10
2 7
3 4
8 15

Solution 33: 
10 9
11 10
2 7
3 4
6 13

Solution 34: 
10 9
11 10
2 6
3 4
6 13

Solution 35: 
1 7
10 9
11 10
3 4
6 13

Solution 36: 
1 7
10 9
11 10
3 4
8 15

Solution 37: 
10 9
11 10
2 6
3 4
8 15

Solution 38: 
11 10
2 6
3 4
8 15
9 5

Solution 39: 
1 7
11 10
3 4
8 15
9 5

Solution 40: 
11 10
2 7
3 4
8 15
9 5

Solution 41: 
11 10
2 7
3 4
6 13
9 5

Solution 42: 
11 10
2 6
3 4
6 13
9 5

Solution 43: 
1 7
11 10
3 4
6 13
9 5

Solution 44: 
11 10
2 6
4 3
6 13
9 5

Solution 45: 
10 9
11 10
2 6
4 3
6 13

Solution 46: 
10 9
11 10
2 6
4 3
8 15

Solution 47: 
11 10
2 6
4 3
8 15
9 5

Solution 48: 
10 9
13 11
2 6
4 3
8 15

Solution 49: 
10 9
13 11
2 6
4 3
6 13

Solution 50: 
10 9
13 11
2 6
3 4
6 13

Solution 51: 
10 9
13 11
2 6
3 4
8 15

Solution 52: 
1 7
10 9
13 11
3 4
8 15

Solution 53: 
10 9
13 11
2 7
3 4
8 15

Solution 54: 
10 9
13 11
2 7
3 4
6 13

Solution 55: 
1 7
10 9
13 11
3 4
6 13

Solution 56: 
1 1
10 9
13 11
3 4
6 13

Solution 57: 
1 1
10 9
13 11
3 4
8 15

Solution 58: 
1 1
10 9
13 11
4 3
8 15

Solution 59: 
1 1
10 3
10 9
13 11
8 15

Solution 60: 
1 1
10 9
13 11
8 15
9 4

Solution 61: 
1 1
13 11
8 10
8 15
9 4

Solution 62: 
1 1
10 3
13 11
8 10
8 15

Solution 63: 
1 1
10 3
13 11
6 13
8 10

Solution 64: 
1 1
10 3
13 11
5 15
8 10

Solution 65: 
1 1
10 3
13 11
5 13
8 10

Solution 66: 
1 1
13 11
5 13
8 10
9 4

Solution 67: 
1 1
13 11
5 15
8 10
9 4

Solution 68: 
1 1
13 11
6 13
8 10
9 4

Solution 69: 
1 1
10 9
13 11
6 13
9 4

Solution 70: 
1 1
10 3
10 9
13 11
6 13

Solution 71: 
1 1
10 9
13 11
4 3
6 13

Number of solutions found: 72

Changes at vertices: 
New Vertex: 13 11
11 11 -> 11 12
----------------------------------
Removal 4: 
Solution 0: 
11 10
2 6
3 4
6 13
9 5

Solution 1: 
11 10
2 7
3 4
6 13
9 5

Solution 2: 
1 7
11 10
3 4
6 13
9 5

Solution 3: 
1 7
10 9
11 10
3 4
6 13

Solution 4: 
10 9
11 10
2 7
3 4
6 13

Solution 5: 
10 9
11 10
2 6
3 4
6 13

Solution 6: 
10 9
11 10
2 6
3 4
8 15

Solution 7: 
10 9
11 10
2 7
3 4
8 15

Solution 8: 
1 7
10 9
11 10
3 4
8 15

Solution 9: 
1 1
10 9
11 10
3 4
8 15

Solution 10: 
1 1
10 9
11 10
3 4
6 13

Solution 11: 
1 1
11 10
3 4
6 13
9 5

Solution 12: 
1 1
11 10
3 4
8 15
9 5

Solution 13: 
1 7
11 10
3 4
8 15
9 5

Solution 14: 
11 10
2 6
3 4
8 15
9 5

Solution 15: 
11 10
2 7
3 4
8 15
9 5

Solution 16: 
11 10
2 6
4 3
8 15
9 5

Solution 17: 
1 1
11 10
4 3
8 15
9 5

Solution 18: 
1 1
10 3
11 10
8 15
9 5

Solution 19: 
1 1
11 10
8 15
9 4
9 5

Solution 20: 
1 1
11 10
6 13
9 4
9 5

Solution 21: 
1 1
10 3
11 10
6 13
9 5

Solution 22: 
1 1
11 10
4 3
6 13
9 5

Solution 23: 
11 10
2 6
4 3
6 13
9 5

Solution 24: 
10 9
11 10
2 6
4 3
6 13

Solution 25: 
10 9
11 10
2 6
4 3
8 15

Solution 26: 
1 1
10 9
11 10
4 3
8 15

Solution 27: 
1 1
10 9
11 10
4 3
6 13

Solution 28: 
1 1
10 3
10 9
11 10
6 13

Solution 29: 
1 1
10 9
11 10
6 13
9 4

Solution 30: 
1 1
11 10
6 13
6 5
9 4

Solution 31: 
1 1
11 10
6 13
8 10
9 4

Solution 32: 
1 1
10 3
11 10
6 13
8 10

Solution 33: 
1 1
10 3
11 10
6 13
6 5

Solution 34: 
1 1
10 3
11 10
5 13
6 5

Solution 35: 
1 1
10 3
11 10
5 13
8 10

Solution 36: 
1 1
10 3
11 10
5 15
8 10

Solution 37: 
1 1
10 3
11 10
5 15
6 5

Solution 38: 
1 1
11 10
5 15
6 5
9 4

Solution 39: 
1 1
11 10
5 15
8 10
9 4

Solution 40: 
1 1
11 10
5 13
8 10
9 4

Solution 41: 
1 1
11 10
5 13
6 5
9 4

Solution 42: 
1 1
11 10
6 5
8 15
9 4

Solution 43: 
1 1
11 10
8 10
8 15
9 4

Solution 44: 
1 1
10 3
11 10
8 10
8 15

Solution 45: 
1 1
10 3
11 10
6 5
8 15

Solution 46: 
1 1
10 3
10 9
11 10
8 15

Solution 47: 
1 1
10 9
11 10
8 15
9 4

Solution 48: 
1 1
10 9
14 9
8 15
9 4

Solution 49: 
1 1
10 9
11 11
8 15
9 4

Solution 50: 
1 1
10 9
14 11
8 15
9 4

Solution 51: 
1 1
10 9
14 11
6 13
9 4

Solution 52: 
1 1
10 9
14 9
6 13
9 4

Solution 53: 
1 1
10 9
11 11
6 13
9 4

Solution 54: 
1 1
10 9
11 11
4 3
6 13

Solution 55: 
1 1
10 9
11 11
3 4
6 13

Solution 56: 
1 1
10 3
10 9
11 11
6 13

Solution 57: 
1 1
10 3
10 9
14 11
6 13

Solution 58: 
1 1
10 3
10 9
14 9
6 13

Solution 59: 
1 1
10 9
14 9
3 4
6 13

Solution 60: 
1 1
10 9
14 9
4 3
6 13

Solution 61: 
1 1
10 9
14 11
4 3
6 13

Solution 62: 
1 1
10 9
14 11
3 4
6 13

Solution 63: 
1 1
10 9
14 11
3 4
8 15

Solution 64: 
1 1
10 3
10 9
14 11
8 15

Solution 65: 
1 1
10 9
14 11
4 3
8 15

Solution 66: 
1 1
10 9
14 9
4 3
8 15

Solution 67: 
1 1
10 9
11 11
4 3
8 15

Solution 68: 
1 1
10 9
11 11
3 4
8 15

Solution 69: 
1 1
10 9
14 9
3 4
8 15

Solution 70: 
1 1
10 3
10 9
14 9
8 15

Solution 71: 
1 1
10 3
10 9
11 11
8 15

Solution 72: 
10 9
11 11
2 6
4 3
8 15

Solution 73: 
10 9
11 11
2 6
3 4
8 15

Solution 74: 
10 9
11 11
2 7
3 4
8 15

Solution 75: 
1 7
10 9
11 11
3 4
8 15

Solution 76: 
1 7
10 9
14 11
3 4
8 15

Solution 77: 
1 7
10 9
14 9
3 4
8 15

Solution 78: 
10 9
14 9
2 7
3 4
8 15

Solution 79: 
10 9
14 11
2 7
3 4
8 15

Solution 80: 
10 9
14 11
2 6
3 4
8 15

Solution 81: 
10 9
14 9
2 6
3 4
8 15

Solution 82: 
10 9
14 9
2 6
4 3
8 15

Solution 83: 
10 9
14 11
2 6
4 3
8 15

Solution 84: 
10 9
14 11
2 6
4 3
6 13

Solution 85: 
10 9
11 11
2 6
4 3
6 13

Solution 86: 
10 9
14 9
2 6
4 3
6 13

Solution 87: 
10 9
14 9
2 6
3 4
6 13

Solution 88: 
10 9
14 11
2 6
3 4
6 13

Solution 89: 
10 9
11 11
2 6
3 4
6 13

Solution 90: 
1 7
10 9
11 11
3 4
6 13

Solution 91: 
1 7
10 9
14 11
3 4
6 13

Solution 92: 
1 7
10 9
14 9
3 4
6 13

Solution 93: 
10 9
14 9
2 7
3 4
6 13

Solution 94: 
10 9
14 11
2 7
3 4
6 13

Solution 95: 
10 9
11 11
2 7
3 4
6 13

Solution 96: 
14 9
2 7
3 4
6 13
9 5

Solution 97: 
1 1
14 9
3 4
6 13
9 5

Solution 98: 
1 1
14 9
3 4
8 15
9 5

Solution 99: 
14 9
2 7
3 4
8 15
9 5

Solution 100: 
14 9
2 6
3 4
8 15
9 5

Solution 101: 
1 7
14 9
3 4
8 15
9 5

Solution 102: 
1 7
14 9
3 4
6 13
9 5

Solution 103: 
14 9
2 6
3 4
6 13
9 5

Solution 104: 
14 9
2 6
4 3
6 13
9 5

Solution 105: 
14 9
2 6
4 3
8 15
9 5

Solution 106: 
1 1
14 9
4 3
8 15
9 5

Solution 107: 
1 1
14 9
4 3
6 13
9 5

Solution 108: 
1 1
14 9
6 13
9 4
9 5

Solution 109: 
1 1
10 3
14 9
6 13
9 5

Solution 110: 
1 1
10 3
14 9
8 15
9 5

Solution 111: 
1 1
14 9
8 15
9 4
9 5

Solution 112: 
1 1
14 9
8 10
8 15
9 4

Solution 113: 
1 1
10 3
14 9
8 10
8 15

Solution 114: 
1 1
10 3
14 9
6 5
8 15

Solution 115: 
1 1
14 9
6 5
8 15
9 4

Solution 116: 
1 1
14 9
5 15
6 5
9 4

Solution 117: 
1 1
14 9
5 13
6 5
9 4

Solution 118: 
1 1
14 9
6 13
6 5
9 4

Solution 119: 
1 1
10 3
14 9
6 13
6 5

Solution 120: 
1 1
10 3
14 9
5 15
6 5

Solution 121: 
1 1
10 3
14 9
5 13
6 5

Solution 122: 
1 1
10 3
14 9
5 13
8 10

Solution 123: 
1 1
14 9
5 13
8 10
9 4

Solution 124: 
1 1
14 9
5 15
8 10
9 4

Solution 125: 
1 1
10 3
14 9
5 15
8 10

Solution 126: 
1 1
10 3
14 9
6 13
8 10

Solution 127: 
1 1
14 9
6 13
8 10
9 4

Solution 128: 
1 1
11 11
6 13
8 10
9 4

Solution 129: 
1 1
14 11
6 13
8 10
9 4

Solution 130: 
1 1
14 11
5 15
8 10
9 4

Solution 131: 
1 1
14 11
8 10
8 15
9 4

Solution 132: 
1 1
14 11
5 13
8 10
9 4

Solution 133: 
1 1
11 11
5 13
8 10
9 4

Solution 134: 
1 1
11 11
5 15
8 10
9 4

Solution 135: 
1 1
11 11
8 10
8 15
9 4

Solution 136: 
1 1
10 3
11 11
8 10
8 15

Solution 137: 
1 1
10 3
14 11
8 10
8 15

Solution 138: 
1 1
10 3
14 11
5 15
8 10

Solution 139: 
1 1
10 3
14 11
5 13
8 10

Solution 140: 
1 1
10 3
14 11
6 13
8 10

Solution 141: 
1 1
10 3
11 11
6 13
8 10

Solution 142: 
1 1
10 3
11 11
5 15
8 10

Solution 143: 
1 1
10 3
11 11
5 13
8 10

Number of solutions found: 144

Changes at vertices: 
14 10 -> 14 11
New Vertex: 11 10
----------------------------------
Removal 5: 
Solution 0: 
10 9
2 6
4 3
6 13

Solution 1: 
10 9
2 6
4 3
8 15

Solution 2: 
1 1
10 9
4 3
8 15

Solution 3: 
1 1
10 9
4 3
6 13

Solution 4: 
1 1
10 9
3 4
6 13

Solution 5: 
1 1
10 9
6 13
9 4

Solution 6: 
1 1
10 3
10 9
6 13

Solution 7: 
1 1
10 3
10 9
8 15

Solution 8: 
1 1
10 9
3 4
8 15

Solution 9: 
1 1
10 9
8 15
9 4

Solution 10: 
1 1
8 10
8 15
9 4

Solution 11: 
1 1
10 3
8 10
8 15

Solution 12: 
1 1
10 3
5 13
8 10

Solution 13: 
1 1
10 3
5 15
8 10

Solution 14: 
1 1
10 3
6 13
8 10

Solution 15: 
1 1
6 13
8 10
9 4

Solution 16: 
1 1
5 15
8 10
9 4

Solution 17: 
1 1
5 13
8 10
9 4

Solution 18: 
10 9
2 7
3 4
8 15

Solution 19: 
10 9
2 6
3 4
8 15

Solution 20: 
10 9
2 6
3 4
6 13

Solution 21: 
10 9
2 7
3 4
6 13

Solution 22: 
1 7
10 9
3 4
6 13

Solution 23: 
1 7
10 9
3 4
8 15

Number of solutions found: 24

Changes at vertices: 
8 13 -> 8 15
Change visibility: 6 13
----------------------------------
Removal 6: 
Solution 0: 
1 1
8 10
9 4

Solution 1: 
1 1
10 3
8 10

Number of solutions found: 2

Changes at vertices: 
New Vertex: 8 10
6 10 -> 6 13
----------------------------------
Removal 7: 
Solution 0: 
10 9
2 6
4 3

Solution 1: 
1 1
10 9
4 3

Solution 2: 
1 1
10 3
10 9

Solution 3: 
1 1
10 9
9 4

Solution 4: 
1 1
10 9
3 4

Solution 5: 
10 9
2 7
3 4

Solution 6: 
1 7
10 9
3 4

Solution 7: 
10 9
2 6
3 4

Solution 8: 
1 1
6 10
9 4

Solution 9: 
1 1
10 3
6 10

Number of solutions found: 10

Changes at vertices: 
Change visibility: 10 9
6 9 -> 6 10
----------------------------------
Removal 8: 
Solution 0: 
1 7
3 4
9 5

Solution 1: 
1 7
10 9
3 4

Solution 2: 
10 9
2 7
3 4

Solution 3: 
2 7
3 4
9 5

Solution 4: 
2 6
3 4
9 5

Solution 5: 
10 9
2 6
3 4

Solution 6: 
10 9
2 6
4 3

Solution 7: 
2 6
4 3
9 5

Solution 8: 
1 1
4 3
9 5

Solution 9: 
1 1
3 4
9 5

Solution 10: 
1 1
9 4
9 5

Solution 11: 
1 1
6 5
9 4

Solution 12: 
1 1
6 9
9 4

Solution 13: 
1 1
10 9
9 4

Solution 14: 
1 1
10 9
3 4

Solution 15: 
1 1
10 9
4 3

Solution 16: 
1 1
10 3
10 9

Solution 17: 
1 1
10 3
6 5

Solution 18: 
1 1
10 3
6 9

Solution 19: 
1 1
10 3
9 5

Number of solutions found: 20

Changes at vertices: 
10 5 -> 10 9
Change visibility: 9 5
----------------------------------
Removal 9: 
Solution 0: 
1 1
9 4

Solution 1: 
1 1
10 3

Number of solutions found: 2

Changes at vertices: 
10 4 -> 10 5
New Vertex: 9 4
----------------------------------
Removal 10: 
Solution 0: 
1 7
3 4

Solution 1: 
2 6
3 4

Solution 2: 
2 7
3 4

Solution 3: 
2 6
4 3

Solution 4: 
1 1
4 3

Solution 5: 
1 1
10 4

Solution 6: 
1 1
10 3

Solution 7: 
1 1
3 4

Number of solutions found: 8

Changes at vertices: 
New Vertex: 2 6
1 6 -> 1 7
----------------------------------
Removal 11: 
Solution 0: 
3 4

Number of solutions found: 1

Changes at vertices: 
New Vertex: 3 4
1 4 -> 1 6
----------------------------------
Removal 12: 
Solution 0: 
4 3

Solution 1: 
1 4

Number of solutions found: 2

Changes at vertices: 
Change visibility: 4 3
1 3 -> 1 4
----------------------------------
Removal 13: 
Solution 0: 
1 3

Solution 1: 
4 1

Solution 2: 
4 3

Solution 3: 
1 1

Number of solutions found: 4

