104
85 150
85 59
47 59
47 54
1 54
1 68
3 68
3 55
21 55
21 60
23 60
23 71
29 71
29 123
24 123
24 122
12 122
12 119
14 119
14 110
9 110
9 129
8 129
8 79
7 79
7 100
2 100
2 133
4 133
4 148
15 148
15 130
65 130
65 96
32 96
32 92
35 92
35 66
26 66
26 63
55 63
55 62
77 62
77 91
79 91
79 109
74 109
74 114
69 114
69 179
72 179
72 237
34 237
34 260
31 260
31 281
16 281
16 297
10 297
10 298
11 298
11 309
18 309
18 419
42 419
42 420
59 420
59 417
66 417
66 413
30 413
30 412
64 412
64 409
88 409
88 408
40 408
40 410
22 410
22 414
20 414
20 325
27 325
27 315
19 315
19 310
39 310
39 303
17 303
17 302
48 302
48 290
41 290
41 286
25 286
25 283
44 283
44 238
76 238
76 234
73 234
73 151
75 151
75 150
