86
79 1090
79 1075
80 1075
80 1046
52 1046
52 794
54 794
54 493
35 493
35 590
16 590
16 722
15 722
15 691
12 691
12 939
14 939
14 812
17 812
17 664
18 664
18 702
19 702
19 1011
13 1011
13 1095
5 1095
5 1125
1 1125
1 1157
4 1157
4 1154
6 1154
6 1114
7 1114
7 1152
11 1152
11 1166
10 1166
10 1171
20 1171
20 775
21 775
21 790
22 790
22 1070
33 1070
33 1129
36 1129
36 1151
37 1151
37 1026
26 1026
26 1025
23 1025
23 905
30 905
30 888
28 888
28 831
24 831
24 592
25 592
25 690
27 690
27 594
29 594
29 618
38 618
38 767
39 767
39 632
42 632
42 883
44 883
44 838
43 838
43 514
50 514
50 730
51 730
51 1056
76 1056
76 1086
78 1086
78 1090
