1454
772 125
772 127
776 127
776 138
767 138
767 148
768 148
768 142
775 142
775 153
732 153
732 232
677 232
677 212
678 212
678 198
682 198
682 200
706 200
706 193
652 193
652 218
653 218
653 257
654 257
654 272
623 272
623 299
630 299
630 341
640 341
640 279
662 279
662 357
663 357
663 274
661 274
661 243
674 243
674 245
709 245
709 242
670 242
670 233
680 233
680 240
731 240
731 247
726 247
726 256
735 256
735 275
729 275
729 295
714 295
714 384
712 384
712 391
688 391
688 445
685 445
685 482
681 482
681 585
679 585
679 597
655 597
655 583
659 583
659 565
645 565
645 587
634 587
634 546
633 546
633 578
616 578
616 602
598 602
598 581
577 581
577 666
568 666
568 771
560 771
560 536
561 536
561 462
563 462
563 633
566 633
566 525
564 525
564 481
576 481
576 468
580 468
580 484
644 484
644 472
602 472
602 457
554 457
554 206
551 206
551 265
549 265
549 163
562 163
562 146
532 146
532 111
521 111
521 86
525 86
525 93
533 93
533 43
506 43
506 42
504 42
504 44
519 44
519 124
523 124
523 126
516 126
516 135
529 135
529 149
541 149
541 174
539 174
539 165
531 165
531 199
526 199
526 235
548 235
548 325
543 325
543 418
544 418
544 392
553 392
553 529
530 529
530 509
528 509
528 381
518 381
518 408
527 408
527 542
538 542
538 577
535 577
535 699
545 699
545 731
547 731
547 652
550 652
550 646
546 646
546 612
536 612
536 599
552 599
552 777
569 777
569 782
515 782
515 614
514 614
514 517
507 517
507 373
501 373
501 239
503 239
503 169
500 169
500 73
487 73
487 82
482 82
482 101
486 101
486 134
488 134
488 95
492 95
492 144
493 144
493 160
491 160
491 173
490 173
490 273
497 273
497 219
495 219
495 211
496 211
496 164
494 164
494 119
498 119
498 417
505 417
505 746
508 746
508 773
509 773
509 700
512 700
512 737
510 737
510 784
692 784
692 776
571 776
571 704
581 704
581 735
590 735
590 675
592 675
592 764
596 764
596 694
594 694
594 660
637 660
637 667
632 667
632 669
612 669
612 756
656 756
656 760
704 760
704 718
708 718
708 650
703 650
703 758
668 758
668 749
694 749
694 741
675 741
675 716
658 716
658 720
643 720
643 658
667 658
667 657
665 657
665 648
642 648
642 711
639 711
639 654
608 654
608 637
578 637
578 608
589 608
589 609
664 609
664 622
799 622
799 642
816 642
816 688
814 688
814 765
815 765
815 847
757 847
757 848
587 848
587 868
601 868
601 1001
617 1001
617 1041
615 1041
615 1044
599 1044
599 1051
600 1051
600 1055
614 1055
614 1064
595 1064
595 1067
755 1067
755 1062
770 1062
770 1118
591 1118
591 1119
534 1119
534 1132
524 1132
524 1117
593 1117
593 1116
669 1116
669 1111
447 1111
447 1102
190 1102
190 1109
198 1109
198 1128
197 1128
197 1133
185 1133
185 1141
188 1141
188 1150
203 1150
203 1163
193 1163
193 1169
115 1169
115 1176
84 1176
84 1149
82 1149
82 1090
79 1090
79 1075
80 1075
80 1046
52 1046
52 794
54 794
54 493
35 493
35 590
16 590
16 722
15 722
15 691
12 691
12 939
14 939
14 812
17 812
17 664
18 664
18 702
19 702
19 1011
13 1011
13 1095
5 1095
5 1125
1 1125
1 1157
4 1157
4 1154
6 1154
6 1114
7 1114
7 1152
11 1152
11 1166
10 1166
10 1171
20 1171
20 775
21 775
21 790
22 790
22 1070
33 1070
33 1129
36 1129
36 1151
37 1151
37 1026
26 1026
26 1025
23 1025
23 905
30 905
30 888
28 888
28 831
24 831
24 592
25 592
25 690
27 690
27 594
29 594
29 618
38 618
38 767
39 767
39 632
42 632
42 883
44 883
44 838
43 838
43 514
50 514
50 730
51 730
51 1056
76 1056
76 1086
78 1086
78 1124
81 1124
81 1211
118 1211
118 1205
131 1205
131 1213
149 1213
149 1229
204 1229
204 1233
400 1233
400 1234
53 1234
53 1237
98 1237
98 1242
425 1242
425 1244
399 1244
399 1246
476 1246
476 1248
481 1248
481 1243
666 1243
666 1238
621 1238
621 1239
570 1239
570 1232
565 1232
565 1241
558 1241
558 1236
542 1236
542 1240
129 1240
129 1235
405 1235
405 1215
398 1215
398 1208
431 1208
431 1212
511 1212
511 1214
583 1214
583 1220
499 1220
499 1218
484 1218
484 1221
458 1221
458 1226
432 1226
432 1228
483 1228
483 1223
702 1223
702 1222
744 1222
744 1245
745 1245
745 1225
752 1225
752 1247
699 1247
699 1249
761 1249
761 1219
609 1219
609 1206
626 1206
626 1203
648 1203
648 1196
651 1196
651 1178
657 1178
657 1168
795 1168
795 1089
794 1089
794 1049
791 1049
791 1050
786 1050
786 1057
780 1057
780 1060
793 1060
793 1162
792 1162
792 1134
787 1134
787 1147
788 1147
788 1161
717 1161
717 1159
559 1159
559 1164
620 1164
620 1172
573 1172
573 1173
555 1173
555 1175
517 1175
517 1189
485 1189
485 1183
478 1183
478 1185
479 1185
479 1191
522 1191
522 1193
611 1193
611 1192
586 1192
586 1184
520 1184
520 1179
641 1179
641 1197
603 1197
603 1210
489 1210
489 1209
579 1209
579 1207
567 1207
567 1199
513 1199
513 1201
397 1201
397 1217
361 1217
361 1227
330 1227
330 1224
280 1224
280 1216
270 1216
270 1204
257 1204
257 1230
353 1230
353 1231
210 1231
210 1202
166 1202
166 1198
125 1198
125 1200
83 1200
83 1180
154 1180
154 1177
201 1177
201 1181
217 1181
217 1187
250 1187
250 1194
317 1194
317 1190
392 1190
392 1188
251 1188
251 1186
411 1186
411 1195
416 1195
416 1182
242 1182
242 1167
332 1167
332 1160
249 1160
249 1153
236 1153
236 1174
180 1174
180 1170
205 1170
205 1142
215 1142
215 1103
435 1103
435 1136
390 1136
390 1140
288 1140
288 1144
448 1144
448 1112
471 1112
471 1148
627 1148
627 1145
629 1145
629 1138
557 1138
557 1143
540 1143
540 1131
604 1131
604 1130
556 1130
556 1126
537 1126
537 1123
572 1123
572 1121
673 1121
673 1120
773 1120
773 1059
707 1059
707 1063
718 1063
718 1065
631 1065
631 1066
622 1066
622 994
610 994
610 976
613 976
613 969
638 969
638 962
671 962
671 959
759 959
759 957
769 957
769 941
750 941
750 904
740 904
740 877
713 877
713 900
716 900
716 902
725 902
725 917
698 917
698 857
649 857
649 866
647 866
647 867
646 867
646 893
672 893
672 873
683 873
683 903
687 903
687 924
748 924
748 934
743 934
743 936
720 936
720 942
741 942
741 955
650 955
650 953
710 953
710 951
636 951
636 966
624 966
624 944
618 944
618 925
606 925
606 863
619 863
619 860
588 860
588 850
819 850
819 755
817 755
817 714
821 714
821 748
824 748
824 676
822 676
822 638
803 638
803 620
684 620
684 605
690 605
690 480
693 480
693 430
695 430
695 518
727 518
727 530
742 530
742 535
762 535
762 500
763 500
763 478
771 478
771 427
774 427
774 409
753 409
753 504
754 504
754 420
756 420
756 435
765 435
765 453
760 453
760 492
758 492
758 526
738 526
738 523
749 523
749 516
700 516
700 398
719 398
719 374
722 374
722 297
733 297
733 323
734 323
734 302
746 302
746 178
739 178
739 266
736 266
736 155
784 155
784 154
781 154
781 151
777 151
777 128
796 128
796 129
829 129
829 139
862 139
862 156
863 156
863 133
867 133
867 131
882 131
882 90
884 90
884 97
897 97
897 103
899 103
899 105
887 105
887 152
889 152
889 197
893 197
893 192
903 192
903 315
901 315
901 459
895 459
895 405
892 405
892 426
891 426
891 450
890 450
890 494
888 494
888 521
900 521
900 556
880 556
880 739
860 739
860 785
858 785
858 687
859 687
859 524
856 524
856 547
857 547
857 549
853 549
853 396
854 396
854 221
855 221
855 157
852 157
852 182
850 182
850 191
849 191
849 213
846 213
846 209
847 209
847 171
841 171
841 158
837 158
837 343
838 343
838 205
842 205
842 226
844 226
844 276
848 276
848 269
851 269
851 796
865 796
865 884
868 884
868 891
872 891
872 876
879 876
879 907
875 907
875 1081
871 1081
871 1108
873 1108
873 1122
870 1122
870 1250
874 1250
874 1107
877 1107
877 993
906 993
906 1012
911 1012
911 985
927 985
927 933
923 933
923 841
929 841
929 894
933 894
933 921
941 921
941 881
930 881
930 591
932 591
932 809
943 809
943 935
944 935
944 849
945 849
945 909
958 909
958 897
971 897
971 930
964 930
964 932
972 932
972 879
948 879
948 738
952 738
952 833
953 833
953 659
951 659
951 683
947 683
947 890
946 890
946 424
954 424
954 448
955 448
955 513
957 513
957 511
961 511
961 713
975 713
975 507
968 507
968 444
978 444
978 686
979 686
979 874
974 874
974 892
986 892
986 956
997 956
997 998
999 998
999 844
1009 844
1009 854
1007 854
1007 1074
1005 1074
1005 1115
1008 1115
1008 1137
1052 1137
1052 1139
1045 1139
1045 1155
1006 1155
1006 1156
1069 1156
1069 1158
1082 1158
1082 1092
1078 1092
1078 1113
1081 1113
1081 1146
1070 1146
1070 1016
1116 1016
1116 1018
1119 1018
1119 1027
1112 1027
1112 1034
1138 1034
1138 1037
1164 1037
1164 1043
1189 1043
1189 1039
1188 1039
1188 1030
1154 1030
1154 1029
1220 1029
1220 997
1214 997
1214 1000
1211 1000
1211 895
1216 895
1216 914
1218 914
1218 919
1238 919
1238 937
1243 937
1243 1033
1237 1033
1237 1040
1235 1040
1235 1047
1213 1047
1213 1052
1197 1052
1197 1053
1245 1053
1245 1009
1246 1009
1246 1061
1250 1061
1250 1045
1249 1045
1249 1019
1248 1019
1248 1008
1247 1008
1247 977
1244 977
1244 898
1229 898
1229 911
1225 911
1225 878
1231 878
1231 757
1242 757
1242 570
1241 570
1241 750
1226 750
1226 631
1221 631
1221 915
1219 915
1219 402
1228 402
1228 399
1224 399
1224 375
1233 375
1233 309
1240 309
1240 268
1239 268
1239 288
1236 288
1236 253
1127 253
1127 227
1113 227
1113 215
1111 215
1111 188
1134 188
1134 202
1129 202
1129 214
1152 214
1152 228
1196 228
1196 222
1178 222
1178 223
1169 223
1169 204
1181 204
1181 189
1172 189
1172 201
1144 201
1144 180
1123 180
1123 167
1108 167
1108 187
1109 187
1109 196
1102 196
1102 210
1101 210
1101 251
1090 251
1090 255
1105 255
1105 290
1115 290
1115 254
1194 254
1194 263
1182 263
1182 281
1186 281
1186 284
1174 284
1174 349
1173 349
1173 389
1175 389
1175 473
1176 473
1176 617
1180 617
1180 506
1183 506
1183 436
1184 436
1184 625
1170 625
1170 598
1166 598
1166 636
1165 636
1165 634
1159 634
1159 477
1161 477
1161 429
1141 429
1141 358
1140 358
1140 344
1148 344
1148 428
1156 428
1156 423
1150 423
1150 364
1162 364
1162 378
1171 378
1171 350
1168 350
1168 346
1155 346
1155 327
1118 327
1118 328
1130 328
1130 342
1089 342
1089 345
1091 345
1091 356
1087 356
1087 347
1088 347
1088 271
1086 271
1086 145
1084 145
1084 249
1085 249
1085 371
1092 371
1092 351
1097 351
1097 385
1083 385
1083 394
1098 394
1098 362
1139 362
1139 431
1122 431
1122 368
1121 368
1121 439
1124 439
1124 443
1096 443
1096 447
1158 447
1158 451
1151 451
1151 495
1149 495
1149 795
1146 795
1146 586
1147 586
1147 476
1103 476
1103 584
1094 584
1094 818
1093 818
1093 834
1120 834
1120 824
1126 824
1126 916
1128 916
1128 837
1133 837
1133 819
1117 819
1117 825
1100 825
1100 742
1099 742
1099 820
1095 820
1095 656
1104 656
1104 759
1114 759
1114 692
1125 692
1125 641
1110 641
1110 665
1107 665
1107 563
1106 563
1106 486
1137 486
1137 502
1135 502
1135 520
1143 520
1143 532
1131 532
1131 627
1132 627
1132 616
1145 616
1145 779
1142 779
1142 797
1153 797
1153 479
1157 479
1157 677
1163 677
1163 680
1167 680
1167 668
1185 668
1185 410
1187 410
1187 395
1179 395
1179 318
1177 318
1177 307
1195 307
1195 306
1190 306
1190 264
1198 264
1198 461
1202 461
1202 361
1203 361
1203 360
1201 360
1201 300
1200 300
1200 261
1234 261
1234 293
1232 293
1232 311
1230 311
1230 314
1227 314
1227 305
1223 305
1223 331
1222 331
1222 308
1217 308
1217 298
1205 298
1205 303
1208 303
1208 412
1204 412
1204 721
1206 721
1206 519
1209 519
1209 388
1215 388
1215 798
1207 798
1207 880
1210 880
1210 1004
1212 1004
1212 1020
1199 1020
1199 1006
1193 1006
1193 996
1192 996
1192 988
1191 988
1191 1028
1136 1028
1136 1024
1160 1024
1160 1015
1077 1015
1077 1014
1067 1014
1067 1003
1060 1003
1060 999
1065 999
1065 972
1057 972
1057 858
1042 858
1042 804
1056 804
1056 807
1048 807
1048 815
1066 815
1066 709
1064 709
1064 277
1063 277
1063 698
1059 698
1059 695
1058 695
1058 766
1047 766
1047 697
1037 697
1037 684
1038 684
1038 671
1062 671
1062 567
1051 567
1051 550
1050 550
1050 419
1049 419
1049 574
1061 574
1061 580
1043 580
1043 554
1046 554
1046 355
1014 355
1014 365
1044 365
1044 487
1040 487
1040 449
1017 449
1017 595
1015 595
1015 835
1021 835
1021 840
1016 840
1016 918
1030 918
1030 901
1025 901
1025 808
1018 808
1018 555
1023 555
1023 465
1034 465
1034 607
1031 607
1031 727
1041 727
1041 846
1035 846
1035 913
1055 913
1055 1017
1054 1017
1054 1023
1068 1023
1068 1127
1053 1127
1053 1135
1012 1135
1012 1105
1010 1105
1010 823
993 823
993 886
982 886
982 725
984 725
984 515
983 515
983 463
980 463
980 380
965 380
965 474
967 474
967 512
973 512
973 644
962 644
962 416
942 416
942 643
935 643
935 706
938 706
938 708
934 708
934 414
928 414
928 768
920 768
920 973
876 973
876 931
907 931
907 929
910 929
910 872
908 872
908 862
885 862
885 859
869 859
869 774
861 774
861 762
881 762
881 559
904 559
904 432
905 432
905 168
894 168
894 107
909 107
909 87
864 87
864 125
