184
84 1176
84 1149
82 1149
82 1090
79 1090
79 1075
80 1075
80 1046
52 1046
52 794
54 794
54 493
35 493
35 590
16 590
16 722
15 722
15 691
12 691
12 939
14 939
14 812
17 812
17 664
18 664
18 702
19 702
19 1011
13 1011
13 1095
5 1095
5 1125
1 1125
1 1157
4 1157
4 1154
6 1154
6 1114
7 1114
7 1152
11 1152
11 1166
10 1166
10 1171
20 1171
20 775
21 775
21 790
22 790
22 1070
33 1070
33 1129
36 1129
36 1151
37 1151
37 1026
26 1026
26 1025
23 1025
23 905
30 905
30 888
28 888
28 831
24 831
24 592
25 592
25 690
27 690
27 594
29 594
29 618
38 618
38 767
39 767
39 632
42 632
42 883
44 883
44 838
43 838
43 514
50 514
50 730
51 730
51 1056
76 1056
76 1086
78 1086
78 1124
81 1124
81 1211
118 1211
118 1205
131 1205
131 1213
149 1213
149 1229
204 1229
204 1233
400 1233
400 1234
53 1234
53 1237
98 1237
98 1242
425 1242
425 1244
399 1244
399 1246
476 1246
476 1248
481 1248
481 1243
666 1243
666 1238
621 1238
621 1239
570 1239
570 1232
565 1232
565 1241
558 1241
558 1236
542 1236
542 1240
129 1240
129 1235
405 1235
405 1215
398 1215
398 1208
431 1208
431 1212
511 1212
511 1214
583 1214
583 1220
499 1220
499 1218
484 1218
484 1221
458 1221
458 1226
432 1226
432 1228
483 1228
483 1223
702 1223
702 1222
744 1222
744 1225
761 1225
761 1219
609 1219
609 1210
489 1210
489 1209
579 1209
579 1207
397 1207
397 1217
361 1217
361 1227
330 1227
330 1224
280 1224
280 1216
270 1216
270 1204
257 1204
257 1230
353 1230
353 1231
210 1231
210 1202
166 1202
166 1200
83 1200
83 1180
154 1180
154 1177
242 1177
242 1176
