Removal 0: 
Solution 0: 
12 15
13 24
15 16
16 9
19 8
23 19
6 3
7 12

Solution 1: 
12 15
13 24
15 16
16 9
20 4
23 19
6 3
7 12

Solution 2: 
10 16
13 24
15 16
16 9
20 4
23 19
6 3
7 12

Solution 3: 
10 14
13 24
15 16
16 9
20 4
23 19
6 3
7 12

Solution 4: 
12 14
13 24
15 16
16 9
20 4
23 19
6 3
7 12

Solution 5: 
12 14
13 24
15 16
16 9
19 8
23 19
6 3
7 12

Solution 6: 
10 14
13 24
15 16
16 9
19 8
23 19
6 3
7 12

Solution 7: 
10 16
13 24
15 16
16 9
19 8
23 19
6 3
7 12

Solution 8: 
10 16
13 24
16 9
17 17
19 8
23 19
6 3
7 12

Solution 9: 
10 16
13 24
16 9
17 17
20 4
23 19
6 3
7 12

Solution 10: 
12 15
13 24
16 9
17 17
20 4
23 19
6 3
7 12

Solution 11: 
12 15
13 24
16 9
17 17
19 8
23 19
6 3
7 12

Solution 12: 
12 15
16 9
17 17
19 8
23 19
6 3
7 12
7 23

Solution 13: 
12 15
15 16
16 9
19 8
23 19
6 3
7 12
7 23

Solution 14: 
1 11
12 15
15 16
16 9
19 8
23 19
6 3
7 23

Solution 15: 
1 11
12 15
16 9
17 17
19 8
23 19
6 3
7 23

Solution 16: 
1 11
10 16
16 9
17 17
19 8
23 19
6 3
7 23

Solution 17: 
1 11
10 16
15 16
16 9
19 8
23 19
6 3
7 23

Solution 18: 
1 11
12 14
15 16
16 9
19 8
23 19
6 3
7 23

Solution 19: 
1 11
10 14
15 16
16 9
19 8
23 19
6 3
7 23

Solution 20: 
10 14
15 16
16 9
19 8
23 19
6 3
7 12
7 23

Solution 21: 
12 14
15 16
16 9
19 8
23 19
6 3
7 12
7 23

Solution 22: 
10 16
15 16
16 9
19 8
23 19
6 3
7 12
7 23

Solution 23: 
10 16
16 9
17 17
19 8
23 19
6 3
7 12
7 23

Solution 24: 
10 16
16 9
17 17
20 4
23 19
6 3
7 12
7 23

Solution 25: 
10 16
15 16
16 9
20 4
23 19
6 3
7 12
7 23

Solution 26: 
12 15
15 16
16 9
20 4
23 19
6 3
7 12
7 23

Solution 27: 
10 14
15 16
16 9
20 4
23 19
6 3
7 12
7 23

Solution 28: 
12 14
15 16
16 9
20 4
23 19
6 3
7 12
7 23

Solution 29: 
12 15
16 9
17 17
20 4
23 19
6 3
7 12
7 23

Solution 30: 
1 11
12 15
16 9
17 17
20 4
23 19
6 3
7 23

Solution 31: 
1 11
12 15
15 16
16 9
20 4
23 19
6 3
7 23

Solution 32: 
1 11
10 14
15 16
16 9
20 4
23 19
6 3
7 23

Solution 33: 
1 11
10 16
15 16
16 9
20 4
23 19
6 3
7 23

Solution 34: 
1 11
12 14
15 16
16 9
20 4
23 19
6 3
7 23

Solution 35: 
1 11
10 16
16 9
17 17
20 4
23 19
6 3
7 23

Number of solutions found: 36

Changes at vertices: 
6 5 -> 6 6
New Vertex: 4 5
----------------------------------
Removal 1: 
Solution 0: 
12 15
13 24
15 16
16 9
19 8
23 19
6 3
7 12

Solution 1: 
10 16
13 24
15 16
16 9
19 8
23 19
6 3
7 12

Solution 2: 
12 14
13 24
15 16
16 9
19 8
23 19
6 3
7 12

Solution 3: 
10 14
13 24
15 16
16 9
19 8
23 19
6 3
7 12

Solution 4: 
10 14
15 16
16 9
19 8
23 19
6 3
7 12
7 23

Solution 5: 
12 15
15 16
16 9
19 8
23 19
6 3
7 12
7 23

Solution 6: 
10 16
15 16
16 9
19 8
23 19
6 3
7 12
7 23

Solution 7: 
12 14
15 16
16 9
19 8
23 19
6 3
7 12
7 23

Solution 8: 
1 11
12 14
15 16
16 9
19 8
23 19
6 3
7 23

Solution 9: 
1 11
10 16
15 16
16 9
19 8
23 19
6 3
7 23

Solution 10: 
1 11
10 14
15 16
16 9
19 8
23 19
6 3
7 23

Solution 11: 
1 11
12 15
15 16
16 9
19 8
23 19
6 3
7 23

Solution 12: 
1 11
12 15
15 16
16 9
20 4
23 19
6 3
7 23

Solution 13: 
1 11
10 14
15 16
16 9
20 4
23 19
6 3
7 23

Solution 14: 
1 11
10 16
15 16
16 9
20 4
23 19
6 3
7 23

Solution 15: 
1 11
12 14
15 16
16 9
20 4
23 19
6 3
7 23

Solution 16: 
12 14
15 16
16 9
20 4
23 19
6 3
7 12
7 23

Solution 17: 
10 16
15 16
16 9
20 4
23 19
6 3
7 12
7 23

Solution 18: 
10 14
15 16
16 9
20 4
23 19
6 3
7 12
7 23

Solution 19: 
12 15
15 16
16 9
20 4
23 19
6 3
7 12
7 23

Solution 20: 
12 15
13 24
15 16
16 9
20 4
23 19
6 3
7 12

Solution 21: 
10 14
13 24
15 16
16 9
20 4
23 19
6 3
7 12

Solution 22: 
10 16
13 24
15 16
16 9
20 4
23 19
6 3
7 12

Solution 23: 
12 14
13 24
15 16
16 9
20 4
23 19
6 3
7 12

Solution 24: 
12 15
13 24
16 9
17 17
20 4
23 19
6 3
7 12

Solution 25: 
10 16
13 24
16 9
17 17
20 4
23 19
6 3
7 12

Solution 26: 
10 16
13 24
16 9
17 17
19 8
23 19
6 3
7 12

Solution 27: 
12 15
13 24
16 9
17 17
19 8
23 19
6 3
7 12

Solution 28: 
12 15
16 9
17 17
19 8
23 19
6 3
7 12
7 23

Solution 29: 
1 11
12 15
16 9
17 17
19 8
23 19
6 3
7 23

Solution 30: 
1 11
12 15
16 9
17 17
20 4
23 19
6 3
7 23

Solution 31: 
12 15
16 9
17 17
20 4
23 19
6 3
7 12
7 23

Solution 32: 
10 16
16 9
17 17
20 4
23 19
6 3
7 12
7 23

Solution 33: 
1 11
10 16
16 9
17 17
20 4
23 19
6 3
7 23

Solution 34: 
1 11
10 16
16 9
17 17
19 8
23 19
6 3
7 23

Solution 35: 
10 16
16 9
17 17
19 8
23 19
6 3
7 12
7 23

Number of solutions found: 36

Changes at vertices: 
New Vertex: 6 3
2 3 -> 2 5
----------------------------------
Removal 2: 
Solution 0: 
1 11
10 16
15 16
16 9
19 8
2 3
23 19
7 23

Solution 1: 
1 11
12 14
15 16
16 9
19 8
2 3
23 19
7 23

Solution 2: 
1 11
12 15
15 16
16 9
19 8
2 3
23 19
7 23

Solution 3: 
1 11
10 14
15 16
16 9
19 8
2 3
23 19
7 23

Solution 4: 
10 14
15 16
16 9
19 8
2 3
23 19
7 12
7 23

Solution 5: 
10 16
15 16
16 9
19 8
2 3
23 19
7 12
7 23

Solution 6: 
12 14
15 16
16 9
19 8
2 3
23 19
7 12
7 23

Solution 7: 
12 15
15 16
16 9
19 8
2 3
23 19
7 12
7 23

Solution 8: 
12 15
13 24
15 16
16 9
19 8
2 3
23 19
7 12

Solution 9: 
10 16
13 24
15 16
16 9
19 8
2 3
23 19
7 12

Solution 10: 
12 14
13 24
15 16
16 9
19 8
2 3
23 19
7 12

Solution 11: 
10 14
13 24
15 16
16 9
19 8
2 3
23 19
7 12

Solution 12: 
12 15
13 24
16 9
17 17
19 8
2 3
23 19
7 12

Solution 13: 
12 15
16 9
17 17
19 8
2 3
23 19
7 12
7 23

Solution 14: 
10 16
16 9
17 17
19 8
2 3
23 19
7 12
7 23

Solution 15: 
10 16
13 24
16 9
17 17
19 8
2 3
23 19
7 12

Solution 16: 
1 11
10 16
16 9
17 17
19 8
2 3
23 19
7 23

Solution 17: 
1 11
12 15
16 9
17 17
19 8
2 3
23 19
7 23

Solution 18: 
1 11
12 15
16 9
17 17
19 8
23 19
7 23
8 2

Solution 19: 
1 11
12 15
15 16
16 9
19 8
23 19
7 23
8 2

Solution 20: 
12 15
15 16
16 9
19 8
23 19
7 12
7 23
8 2

Solution 21: 
12 15
16 9
17 17
19 8
23 19
7 12
7 23
8 2

Solution 22: 
10 16
16 9
17 17
19 8
23 19
7 12
7 23
8 2

Solution 23: 
10 16
15 16
16 9
19 8
23 19
7 12
7 23
8 2

Solution 24: 
12 14
15 16
16 9
19 8
23 19
7 12
7 23
8 2

Solution 25: 
10 14
15 16
16 9
19 8
23 19
7 12
7 23
8 2

Solution 26: 
1 11
10 14
15 16
16 9
19 8
23 19
7 23
8 2

Solution 27: 
1 11
12 14
15 16
16 9
19 8
23 19
7 23
8 2

Solution 28: 
1 11
10 16
15 16
16 9
19 8
23 19
7 23
8 2

Solution 29: 
1 11
10 16
16 9
17 17
19 8
23 19
7 23
8 2

Solution 30: 
10 16
13 24
16 9
17 17
19 8
23 19
7 12
8 2

Solution 31: 
10 16
13 24
15 16
16 9
19 8
23 19
7 12
8 2

Solution 32: 
10 16
13 24
15 16
16 9
20 4
23 19
7 12
8 2

Solution 33: 
10 16
13 24
16 9
17 17
20 4
23 19
7 12
8 2

Solution 34: 
10 16
13 24
16 9
17 17
2 3
20 4
23 19
7 12

Solution 35: 
10 16
13 24
15 16
16 9
2 3
20 4
23 19
7 12

Solution 36: 
10 14
13 24
15 16
16 9
2 3
20 4
23 19
7 12

Solution 37: 
12 15
13 24
15 16
16 9
2 3
20 4
23 19
7 12

Solution 38: 
12 14
13 24
15 16
16 9
2 3
20 4
23 19
7 12

Solution 39: 
12 15
13 24
16 9
17 17
2 3
20 4
23 19
7 12

Solution 40: 
12 15
13 24
16 9
17 17
20 4
23 19
7 12
8 2

Solution 41: 
12 15
13 24
15 16
16 9
20 4
23 19
7 12
8 2

Solution 42: 
10 14
13 24
15 16
16 9
20 4
23 19
7 12
8 2

Solution 43: 
12 14
13 24
15 16
16 9
20 4
23 19
7 12
8 2

Solution 44: 
12 14
13 24
15 16
16 9
19 8
23 19
7 12
8 2

Solution 45: 
10 14
13 24
15 16
16 9
19 8
23 19
7 12
8 2

Solution 46: 
12 15
13 24
15 16
16 9
19 8
23 19
7 12
8 2

Solution 47: 
12 15
13 24
16 9
17 17
19 8
23 19
7 12
8 2

Solution 48: 
12 15
16 9
17 17
20 4
23 19
7 12
7 23
8 2

Solution 49: 
12 15
15 16
16 9
20 4
23 19
7 12
7 23
8 2

Solution 50: 
12 15
15 16
16 9
2 3
20 4
23 19
7 12
7 23

Solution 51: 
12 15
16 9
17 17
2 3
20 4
23 19
7 12
7 23

Solution 52: 
10 16
16 9
17 17
2 3
20 4
23 19
7 12
7 23

Solution 53: 
10 16
15 16
16 9
2 3
20 4
23 19
7 12
7 23

Solution 54: 
10 14
15 16
16 9
2 3
20 4
23 19
7 12
7 23

Solution 55: 
12 14
15 16
16 9
2 3
20 4
23 19
7 12
7 23

Solution 56: 
12 14
15 16
16 9
20 4
23 19
7 12
7 23
8 2

Solution 57: 
10 14
15 16
16 9
20 4
23 19
7 12
7 23
8 2

Solution 58: 
10 16
15 16
16 9
20 4
23 19
7 12
7 23
8 2

Solution 59: 
10 16
16 9
17 17
20 4
23 19
7 12
7 23
8 2

Solution 60: 
1 11
10 16
16 9
17 17
20 4
23 19
7 23
8 2

Solution 61: 
1 11
12 15
16 9
17 17
20 4
23 19
7 23
8 2

Solution 62: 
1 11
12 15
16 9
17 17
2 3
20 4
23 19
7 23

Solution 63: 
1 11
10 16
16 9
17 17
2 3
20 4
23 19
7 23

Solution 64: 
1 11
10 16
15 16
16 9
2 3
20 4
23 19
7 23

Solution 65: 
1 11
12 14
15 16
16 9
2 3
20 4
23 19
7 23

Solution 66: 
1 11
10 14
15 16
16 9
2 3
20 4
23 19
7 23

Solution 67: 
1 11
12 15
15 16
16 9
2 3
20 4
23 19
7 23

Solution 68: 
1 11
12 15
15 16
16 9
20 4
23 19
7 23
8 2

Solution 69: 
1 11
12 14
15 16
16 9
20 4
23 19
7 23
8 2

Solution 70: 
1 11
10 14
15 16
16 9
20 4
23 19
7 23
8 2

Solution 71: 
1 11
10 16
15 16
16 9
20 4
23 19
7 23
8 2

Number of solutions found: 72

Changes at vertices: 
2 2 -> 2 1
New Vertex: 8 2
----------------------------------
Removal 3: 
Solution 0: 
10 14
13 24
15 16
16 9
19 8
23 19
7 12
9 3

Solution 1: 
10 14
15 16
16 9
19 8
23 19
7 12
7 23
9 3

Solution 2: 
10 14
15 16
16 9
19 8
2 3
23 19
7 12
7 23

Solution 3: 
10 14
15 16
16 9
19 8
2 2
23 19
7 12
7 23

Solution 4: 
10 14
15 16
16 9
19 8
20 2
23 19
7 12
7 23

Solution 5: 
10 14
13 24
15 16
16 9
19 8
20 2
23 19
7 12

Solution 6: 
10 14
13 24
15 16
16 9
19 8
2 3
23 19
7 12

Solution 7: 
10 14
13 24
15 16
16 9
19 8
2 2
23 19
7 12

Solution 8: 
1 11
10 14
15 16
16 9
19 8
2 2
23 19
7 23

Solution 9: 
1 11
10 14
15 16
16 9
19 8
20 2
23 19
7 23

Solution 10: 
1 11
10 14
15 16
16 9
19 8
2 3
23 19
7 23

Solution 11: 
1 11
10 14
15 16
16 9
19 8
23 19
7 23
9 3

Solution 12: 
1 11
10 14
15 16
16 9
20 4
23 19
7 23
9 3

Solution 13: 
1 11
10 14
15 16
16 9
2 3
20 4
23 19
7 23

Solution 14: 
1 11
10 14
15 16
16 9
2 2
20 4
23 19
7 23

Solution 15: 
10 14
15 16
16 9
2 2
20 4
23 19
7 12
7 23

Solution 16: 
10 14
15 16
16 9
2 3
20 4
23 19
7 12
7 23

Solution 17: 
10 14
15 16
16 9
20 4
23 19
7 12
7 23
9 3

Solution 18: 
10 14
15 16
16 9
22 17
23 19
7 12
7 23
9 3

Solution 19: 
10 14
15 16
16 9
23 19
23 4
7 12
7 23
9 3

Solution 20: 
10 14
15 16
16 9
19 15
23 19
7 12
7 23
9 3

Solution 21: 
10 14
15 16
16 9
19 15
20 2
23 19
7 12
7 23

Solution 22: 
10 14
15 16
16 9
20 2
22 17
23 19
7 12
7 23

Solution 23: 
10 14
15 16
16 9
20 2
23 19
23 4
7 12
7 23

Solution 24: 
10 14
15 16
16 9
20 2
20 4
23 19
7 12
7 23

Solution 25: 
1 11
10 14
15 16
16 9
20 2
20 4
23 19
7 23

Solution 26: 
1 11
10 14
15 16
16 9
20 2
22 17
23 19
7 23

Solution 27: 
1 11
10 14
15 16
16 9
19 15
20 2
23 19
7 23

Solution 28: 
1 11
10 14
15 16
16 9
20 2
23 19
23 4
7 23

Solution 29: 
1 11
10 14
15 16
16 9
23 19
23 4
7 23
9 3

Solution 30: 
1 11
10 14
15 16
16 9
22 17
23 19
7 23
9 3

Solution 31: 
1 11
10 14
15 16
16 9
19 15
23 19
7 23
9 3

Solution 32: 
1 11
10 14
16 9
17 18
19 15
23 19
7 23
9 3

Solution 33: 
1 11
10 14
15 18
16 9
19 15
23 19
7 23
9 3

Solution 34: 
1 11
10 14
16 9
17 17
19 15
23 19
7 23
9 3

Solution 35: 
1 11
10 14
16 9
17 17
19 15
20 2
23 19
7 23

Solution 36: 
1 11
10 14
15 18
16 9
19 15
20 2
23 19
7 23

Solution 37: 
1 11
10 14
16 9
17 18
19 15
20 2
23 19
7 23

Solution 38: 
10 14
16 9
17 18
19 15
20 2
23 19
7 12
7 23

Solution 39: 
10 14
15 18
16 9
19 15
20 2
23 19
7 12
7 23

Solution 40: 
10 14
16 9
17 17
19 15
20 2
23 19
7 12
7 23

Solution 41: 
10 14
16 9
17 17
19 15
23 19
7 12
7 23
9 3

Solution 42: 
10 14
15 18
16 9
19 15
23 19
7 12
7 23
9 3

Solution 43: 
10 14
16 9
17 18
19 15
23 19
7 12
7 23
9 3

Solution 44: 
10 14
13 24
16 9
17 18
19 15
23 19
7 12
9 3

Solution 45: 
10 14
13 24
16 9
17 18
19 15
20 2
23 19
7 12

Solution 46: 
10 14
13 24
15 18
16 9
19 15
20 2
23 19
7 12

Solution 47: 
10 14
13 24
16 9
17 17
19 15
20 2
23 19
7 12

Solution 48: 
10 14
13 24
15 16
16 9
19 15
20 2
23 19
7 12

Solution 49: 
10 14
13 24
15 16
16 9
19 15
23 19
7 12
9 3

Solution 50: 
10 14
13 24
15 18
16 9
19 15
23 19
7 12
9 3

Solution 51: 
10 14
13 24
16 9
17 17
19 15
23 19
7 12
9 3

Solution 52: 
10 14
13 24
15 16
16 9
20 4
23 19
7 12
9 3

Solution 53: 
10 14
13 24
15 16
16 9
22 17
23 19
7 12
9 3

Solution 54: 
10 14
13 24
15 16
16 9
22 17
24 20
7 12
9 3

Solution 55: 
10 14
13 24
15 16
16 9
23 4
24 20
7 12
9 3

Solution 56: 
10 14
13 24
15 16
16 9
23 19
23 4
7 12
9 3

Solution 57: 
10 14
13 24
15 16
16 9
20 2
23 19
23 4
7 12

Solution 58: 
10 14
13 24
15 16
16 9
20 2
20 4
23 19
7 12

Solution 59: 
10 14
13 24
15 16
16 9
2 3
20 4
23 19
7 12

Solution 60: 
10 14
13 24
15 16
16 9
2 2
20 4
23 19
7 12

Solution 61: 
10 14
13 24
15 16
16 9
20 2
22 17
23 19
7 12

Solution 62: 
10 14
13 24
15 16
16 9
20 2
22 17
24 20
7 12

Solution 63: 
10 14
13 24
15 16
16 9
20 2
23 4
24 20
7 12

Solution 64: 
12 14
13 24
15 16
16 9
20 2
23 4
24 20
7 12

Solution 65: 
12 14
13 24
15 16
16 9
20 2
23 19
23 4
7 12

Solution 66: 
12 14
13 24
15 16
16 9
19 15
20 2
23 19
7 12

Solution 67: 
12 14
13 24
15 16
16 9
20 2
20 4
23 19
7 12

Solution 68: 
12 14
13 24
15 16
16 9
20 2
22 17
23 19
7 12

Solution 69: 
12 14
13 24
15 16
16 9
19 8
20 2
23 19
7 12

Solution 70: 
12 15
13 24
15 16
16 9
19 8
20 2
23 19
7 12

Solution 71: 
10 16
13 24
15 16
16 9
19 8
20 2
23 19
7 12

Solution 72: 
10 16
13 24
15 16
16 9
19 15
20 2
23 19
7 12

Solution 73: 
10 16
13 24
15 16
16 9
20 2
20 4
23 19
7 12

Solution 74: 
10 16
13 24
15 16
16 9
20 2
22 17
23 19
7 12

Solution 75: 
10 16
13 24
15 16
16 9
20 2
23 19
23 4
7 12

Solution 76: 
12 15
13 24
15 16
16 9
20 2
23 19
23 4
7 12

Solution 77: 
12 15
13 24
15 16
16 9
19 15
20 2
23 19
7 12

Solution 78: 
12 15
13 24
15 16
16 9
20 2
20 4
23 19
7 12

Solution 79: 
12 15
13 24
15 16
16 9
20 2
22 17
23 19
7 12

Solution 80: 
12 15
13 24
15 16
16 9
20 2
22 17
24 20
7 12

Solution 81: 
12 14
13 24
15 16
16 9
20 2
22 17
24 20
7 12

Solution 82: 
10 16
13 24
15 16
16 9
20 2
22 17
24 20
7 12

Solution 83: 
10 16
13 24
15 16
16 9
20 2
23 4
24 20
7 12

Solution 84: 
12 15
13 24
15 16
16 9
20 2
23 4
24 20
7 12

Solution 85: 
12 15
13 24
16 9
17 17
20 2
23 4
24 20
7 12

Solution 86: 
12 15
13 24
16 9
17 17
20 2
23 19
23 4
7 12

Solution 87: 
10 16
13 24
16 9
17 17
20 2
23 19
23 4
7 12

Solution 88: 
10 16
13 24
16 9
17 17
20 2
23 4
24 20
7 12

Solution 89: 
10 16
13 24
16 9
17 17
20 2
22 17
24 20
7 12

Solution 90: 
10 16
13 24
16 9
17 18
20 2
22 17
24 20
7 12

Solution 91: 
10 16
13 24
15 18
16 9
20 2
22 17
24 20
7 12

Solution 92: 
10 16
13 24
15 18
16 9
20 2
22 17
23 19
7 12

Solution 93: 
10 16
13 24
16 9
17 18
20 2
22 17
23 19
7 12

Solution 94: 
10 16
13 24
16 9
17 17
20 2
22 17
23 19
7 12

Solution 95: 
10 16
13 24
16 9
17 17
20 2
20 4
23 19
7 12

Solution 96: 
10 16
13 24
16 9
17 17
19 8
20 2
23 19
7 12

Solution 97: 
10 16
13 24
16 9
17 17
19 15
20 2
23 19
7 12

Solution 98: 
10 16
13 24
16 9
17 18
19 15
20 2
23 19
7 12

Solution 99: 
10 16
13 24
15 18
16 9
19 15
20 2
23 19
7 12

Solution 100: 
12 15
13 24
15 18
16 9
19 15
20 2
23 19
7 12

Solution 101: 
12 14
13 24
15 18
16 9
19 15
20 2
23 19
7 12

Solution 102: 
12 14
13 24
16 9
17 18
19 15
20 2
23 19
7 12

Solution 103: 
12 15
13 24
16 9
17 18
19 15
20 2
23 19
7 12

Solution 104: 
12 15
13 24
16 9
17 17
19 15
20 2
23 19
7 12

Solution 105: 
12 14
13 24
16 9
17 17
19 15
20 2
23 19
7 12

Solution 106: 
12 15
13 24
16 9
17 17
20 2
20 4
23 19
7 12

Solution 107: 
12 15
13 24
16 9
17 17
19 8
20 2
23 19
7 12

Solution 108: 
12 15
13 24
16 9
17 17
20 2
22 17
23 19
7 12

Solution 109: 
12 15
13 24
15 18
16 9
20 2
22 17
23 19
7 12

Solution 110: 
12 15
13 24
16 9
17 18
20 2
22 17
23 19
7 12

Solution 111: 
12 15
13 24
16 9
17 18
20 2
22 17
24 20
7 12

Solution 112: 
12 15
13 24
15 18
16 9
20 2
22 17
24 20
7 12

Solution 113: 
12 15
13 24
16 9
17 17
20 2
22 17
24 20
7 12

Solution 114: 
12 15
16 9
17 17
20 2
22 17
24 20
7 12
7 23

Solution 115: 
12 15
16 9
17 17
20 2
22 17
23 19
7 12
7 23

Solution 116: 
12 15
15 18
16 9
20 2
22 17
23 19
7 12
7 23

Solution 117: 
12 15
16 9
17 18
20 2
22 17
23 19
7 12
7 23

Solution 118: 
12 15
15 16
16 9
20 2
22 17
23 19
7 12
7 23

Solution 119: 
12 15
15 16
16 9
20 2
22 17
24 20
7 12
7 23

Solution 120: 
12 15
16 9
17 18
20 2
22 17
24 20
7 12
7 23

Solution 121: 
12 15
15 18
16 9
20 2
22 17
24 20
7 12
7 23

Solution 122: 
12 15
15 18
16 9
19 15
20 2
23 19
7 12
7 23

Solution 123: 
12 15
16 9
17 18
19 15
20 2
23 19
7 12
7 23

Solution 124: 
12 15
15 16
16 9
19 15
20 2
23 19
7 12
7 23

Solution 125: 
12 15
16 9
17 17
19 15
20 2
23 19
7 12
7 23

Solution 126: 
12 15
16 9
17 17
20 2
20 4
23 19
7 12
7 23

Solution 127: 
12 15
16 9
17 17
19 8
20 2
23 19
7 12
7 23

Solution 128: 
12 15
15 16
16 9
19 8
20 2
23 19
7 12
7 23

Solution 129: 
12 15
15 16
16 9
20 2
20 4
23 19
7 12
7 23

Solution 130: 
12 15
15 16
16 9
20 2
23 19
23 4
7 12
7 23

Solution 131: 
12 15
16 9
17 17
20 2
23 19
23 4
7 12
7 23

Solution 132: 
12 15
16 9
17 17
20 2
23 4
24 20
7 12
7 23

Solution 133: 
12 15
15 16
16 9
20 2
23 4
24 20
7 12
7 23

Solution 134: 
10 14
15 16
16 9
20 2
23 4
24 20
7 12
7 23

Solution 135: 
12 14
15 16
16 9
20 2
23 4
24 20
7 12
7 23

Solution 136: 
10 16
15 16
16 9
20 2
23 4
24 20
7 12
7 23

Solution 137: 
10 16
16 9
17 17
20 2
23 4
24 20
7 12
7 23

Solution 138: 
10 16
16 9
17 17
20 2
23 19
23 4
7 12
7 23

Solution 139: 
10 16
15 16
16 9
20 2
23 19
23 4
7 12
7 23

Solution 140: 
12 14
15 16
16 9
20 2
23 19
23 4
7 12
7 23

Solution 141: 
12 14
15 16
16 9
19 8
20 2
23 19
7 12
7 23

Solution 142: 
12 14
15 16
16 9
20 2
20 4
23 19
7 12
7 23

Solution 143: 
12 14
15 16
16 9
20 2
22 17
23 19
7 12
7 23

Solution 144: 
12 14
15 16
16 9
20 2
22 17
24 20
7 12
7 23

Solution 145: 
10 14
15 16
16 9
20 2
22 17
24 20
7 12
7 23

Solution 146: 
10 16
15 16
16 9
20 2
22 17
24 20
7 12
7 23

Solution 147: 
10 16
15 16
16 9
20 2
22 17
23 19
7 12
7 23

Solution 148: 
10 16
15 16
16 9
20 2
20 4
23 19
7 12
7 23

Solution 149: 
10 16
15 16
16 9
19 8
20 2
23 19
7 12
7 23

Solution 150: 
10 16
15 16
16 9
19 15
20 2
23 19
7 12
7 23

Solution 151: 
12 14
15 16
16 9
19 15
20 2
23 19
7 12
7 23

Solution 152: 
12 14
16 9
17 18
19 15
20 2
23 19
7 12
7 23

Solution 153: 
12 14
15 18
16 9
19 15
20 2
23 19
7 12
7 23

Solution 154: 
12 14
16 9
17 17
19 15
20 2
23 19
7 12
7 23

Solution 155: 
10 16
16 9
17 17
19 15
20 2
23 19
7 12
7 23

Solution 156: 
10 16
16 9
17 17
19 8
20 2
23 19
7 12
7 23

Solution 157: 
10 16
16 9
17 17
20 2
20 4
23 19
7 12
7 23

Solution 158: 
10 16
16 9
17 18
19 15
20 2
23 19
7 12
7 23

Solution 159: 
10 16
15 18
16 9
19 15
20 2
23 19
7 12
7 23

Solution 160: 
10 16
15 18
16 9
20 2
22 17
23 19
7 12
7 23

Solution 161: 
10 16
16 9
17 18
20 2
22 17
23 19
7 12
7 23

Solution 162: 
10 16
16 9
17 17
20 2
22 17
23 19
7 12
7 23

Solution 163: 
10 16
16 9
17 17
20 2
22 17
24 20
7 12
7 23

Solution 164: 
10 16
15 18
16 9
20 2
22 17
24 20
7 12
7 23

Solution 165: 
10 16
16 9
17 18
20 2
22 17
24 20
7 12
7 23

Solution 166: 
10 16
16 9
17 18
22 17
24 20
7 12
7 23
9 3

Solution 167: 
10 16
16 9
17 18
22 17
23 19
7 12
7 23
9 3

Solution 168: 
12 15
16 9
17 18
22 17
23 19
7 12
7 23
9 3

Solution 169: 
12 15
16 9
17 18
22 17
24 20
7 12
7 23
9 3

Solution 170: 
12 15
13 24
16 9
17 18
22 17
24 20
7 12
9 3

Solution 171: 
12 15
13 24
16 9
17 18
22 17
23 19
7 12
9 3

Solution 172: 
10 16
13 24
16 9
17 18
22 17
23 19
7 12
9 3

Solution 173: 
10 16
13 24
16 9
17 18
22 17
24 20
7 12
9 3

Solution 174: 
10 16
13 24
16 9
17 18
19 15
23 19
7 12
9 3

Solution 175: 
10 16
16 9
17 18
19 15
23 19
7 12
7 23
9 3

Solution 176: 
12 15
16 9
17 18
19 15
23 19
7 12
7 23
9 3

Solution 177: 
12 14
16 9
17 18
19 15
23 19
7 12
7 23
9 3

Solution 178: 
12 14
13 24
16 9
17 18
19 15
23 19
7 12
9 3

Solution 179: 
12 15
13 24
16 9
17 18
19 15
23 19
7 12
9 3

Solution 180: 
1 11
12 15
16 9
17 18
19 15
23 19
7 23
9 3

Solution 181: 
1 11
10 16
16 9
17 18
19 15
23 19
7 23
9 3

Solution 182: 
1 11
12 14
16 9
17 18
19 15
23 19
7 23
9 3

Solution 183: 
1 11
12 15
16 9
17 18
22 17
23 19
7 23
9 3

Solution 184: 
1 11
12 15
16 9
17 18
22 17
24 20
7 23
9 3

Solution 185: 
1 11
10 16
16 9
17 18
22 17
24 20
7 23
9 3

Solution 186: 
1 11
10 16
16 9
17 18
22 17
23 19
7 23
9 3

Solution 187: 
1 11
10 16
16 9
17 18
20 2
22 17
23 19
7 23

Solution 188: 
1 11
10 16
16 9
17 18
20 2
22 17
24 20
7 23

Solution 189: 
1 11
12 15
16 9
17 18
20 2
22 17
24 20
7 23

Solution 190: 
1 11
12 15
16 9
17 18
20 2
22 17
23 19
7 23

Solution 191: 
1 11
12 15
16 9
17 18
19 15
20 2
23 19
7 23

Solution 192: 
1 11
12 14
16 9
17 18
19 15
20 2
23 19
7 23

Solution 193: 
1 11
10 16
16 9
17 18
19 15
20 2
23 19
7 23

Solution 194: 
1 11
10 16
15 18
16 9
19 15
20 2
23 19
7 23

Solution 195: 
1 11
10 16
15 16
16 9
19 15
20 2
23 19
7 23

Solution 196: 
1 11
10 16
15 16
16 9
19 8
20 2
23 19
7 23

Solution 197: 
1 11
10 16
15 16
16 9
20 2
23 19
23 4
7 23

Solution 198: 
1 11
10 16
15 16
16 9
20 2
20 4
23 19
7 23

Solution 199: 
1 11
10 16
16 9
17 17
20 2
20 4
23 19
7 23

Solution 200: 
1 11
10 16
16 9
17 17
19 8
20 2
23 19
7 23

Solution 201: 
1 11
10 16
16 9
17 17
20 2
23 19
23 4
7 23

Solution 202: 
1 11
10 16
16 9
17 17
19 15
20 2
23 19
7 23

Solution 203: 
1 11
10 16
16 9
17 17
2 3
20 4
23 19
7 23

Solution 204: 
1 11
10 16
16 9
17 17
2 2
20 4
23 19
7 23

Solution 205: 
1 11
10 16
16 9
17 17
20 4
23 19
7 23
9 3

Solution 206: 
1 11
10 16
15 16
16 9
20 4
23 19
7 23
9 3

Solution 207: 
1 11
10 16
15 16
16 9
2 3
20 4
23 19
7 23

Solution 208: 
1 11
10 16
15 16
16 9
2 2
20 4
23 19
7 23

Solution 209: 
1 11
10 16
15 16
16 9
19 8
2 2
23 19
7 23

Solution 210: 
1 11
10 16
15 16
16 9
19 8
2 3
23 19
7 23

Solution 211: 
1 11
10 16
15 16
16 9
20 2
22 17
23 19
7 23

Solution 212: 
1 11
10 16
15 16
16 9
22 17
23 19
7 23
9 3

Solution 213: 
1 11
10 16
15 16
16 9
23 19
23 4
7 23
9 3

Solution 214: 
1 11
10 16
15 16
16 9
19 15
23 19
7 23
9 3

Solution 215: 
1 11
10 16
15 16
16 9
19 8
23 19
7 23
9 3

Solution 216: 
1 11
10 16
16 9
17 17
19 8
23 19
7 23
9 3

Solution 217: 
1 11
10 16
16 9
17 17
23 19
23 4
7 23
9 3

Solution 218: 
1 11
10 16
16 9
17 17
19 15
23 19
7 23
9 3

Solution 219: 
1 11
10 16
15 18
16 9
19 15
23 19
7 23
9 3

Solution 220: 
1 11
10 16
15 18
16 9
22 17
23 19
7 23
9 3

Solution 221: 
1 11
10 16
16 9
17 17
22 17
23 19
7 23
9 3

Solution 222: 
1 11
10 16
16 9
17 17
20 2
22 17
23 19
7 23

Solution 223: 
1 11
10 16
15 18
16 9
20 2
22 17
23 19
7 23

Solution 224: 
1 11
10 16
16 9
17 17
19 8
2 2
23 19
7 23

Solution 225: 
1 11
10 16
16 9
17 17
19 8
2 3
23 19
7 23

Solution 226: 
10 16
16 9
17 17
19 8
2 3
23 19
7 12
7 23

Solution 227: 
10 16
16 9
17 17
2 3
20 4
23 19
7 12
7 23

Solution 228: 
10 16
16 9
17 17
2 2
20 4
23 19
7 12
7 23

Solution 229: 
10 16
16 9
17 17
19 8
2 2
23 19
7 12
7 23

Solution 230: 
10 16
16 9
17 17
19 8
23 19
7 12
7 23
9 3

Solution 231: 
10 16
16 9
17 17
23 19
23 4
7 12
7 23
9 3

Solution 232: 
10 16
16 9
17 17
19 15
23 19
7 12
7 23
9 3

Solution 233: 
10 16
16 9
17 17
22 17
23 19
7 12
7 23
9 3

Solution 234: 
10 16
16 9
17 17
20 4
23 19
7 12
7 23
9 3

Solution 235: 
10 16
15 16
16 9
20 4
23 19
7 12
7 23
9 3

Solution 236: 
10 16
15 16
16 9
23 19
23 4
7 12
7 23
9 3

Solution 237: 
10 16
15 16
16 9
19 8
23 19
7 12
7 23
9 3

Solution 238: 
10 16
15 16
16 9
19 15
23 19
7 12
7 23
9 3

Solution 239: 
10 16
15 16
16 9
22 17
23 19
7 12
7 23
9 3

Solution 240: 
10 16
15 18
16 9
22 17
23 19
7 12
7 23
9 3

Solution 241: 
10 16
15 18
16 9
19 15
23 19
7 12
7 23
9 3

Solution 242: 
10 16
15 16
16 9
19 8
2 3
23 19
7 12
7 23

Solution 243: 
10 16
15 16
16 9
2 3
20 4
23 19
7 12
7 23

Solution 244: 
10 16
15 16
16 9
2 2
20 4
23 19
7 12
7 23

Solution 245: 
10 16
15 16
16 9
19 8
2 2
23 19
7 12
7 23

Solution 246: 
10 16
13 24
15 16
16 9
19 8
2 2
23 19
7 12

Solution 247: 
10 16
13 24
15 16
16 9
2 2
20 4
23 19
7 12

Solution 248: 
10 16
13 24
16 9
17 17
2 2
20 4
23 19
7 12

Solution 249: 
10 16
13 24
16 9
17 17
19 8
2 2
23 19
7 12

Solution 250: 
10 16
13 24
16 9
17 17
19 8
2 3
23 19
7 12

Solution 251: 
10 16
13 24
15 16
16 9
19 8
2 3
23 19
7 12

Solution 252: 
10 16
13 24
15 16
16 9
19 8
23 19
7 12
9 3

Solution 253: 
10 16
13 24
16 9
17 17
19 8
23 19
7 12
9 3

Solution 254: 
10 16
13 24
16 9
17 17
23 19
23 4
7 12
9 3

Solution 255: 
10 16
13 24
16 9
17 17
20 4
23 19
7 12
9 3

Solution 256: 
10 16
13 24
16 9
17 17
22 17
23 19
7 12
9 3

Solution 257: 
10 16
13 24
15 18
16 9
22 17
23 19
7 12
9 3

Solution 258: 
10 16
13 24
15 16
16 9
22 17
23 19
7 12
9 3

Solution 259: 
10 16
13 24
15 16
16 9
20 4
23 19
7 12
9 3

Solution 260: 
10 16
13 24
15 16
16 9
23 19
23 4
7 12
9 3

Solution 261: 
10 16
13 24
15 16
16 9
19 15
23 19
7 12
9 3

Solution 262: 
10 16
13 24
15 18
16 9
19 15
23 19
7 12
9 3

Solution 263: 
10 16
13 24
16 9
17 17
19 15
23 19
7 12
9 3

Solution 264: 
10 16
13 24
16 9
17 17
2 3
20 4
23 19
7 12

Solution 265: 
10 16
13 24
15 16
16 9
2 3
20 4
23 19
7 12

Solution 266: 
12 15
13 24
15 16
16 9
2 3
20 4
23 19
7 12

Solution 267: 
12 14
13 24
15 16
16 9
2 3
20 4
23 19
7 12

Solution 268: 
12 15
13 24
16 9
17 17
2 3
20 4
23 19
7 12

Solution 269: 
12 15
13 24
16 9
17 17
2 2
20 4
23 19
7 12

Solution 270: 
12 15
13 24
16 9
17 17
20 4
23 19
7 12
9 3

Solution 271: 
12 15
13 24
15 16
16 9
20 4
23 19
7 12
9 3

Solution 272: 
12 14
13 24
15 16
16 9
20 4
23 19
7 12
9 3

Solution 273: 
12 14
13 24
15 16
16 9
2 2
20 4
23 19
7 12

Solution 274: 
12 15
13 24
15 16
16 9
2 2
20 4
23 19
7 12

Solution 275: 
12 15
13 24
15 16
16 9
19 8
2 2
23 19
7 12

Solution 276: 
12 15
13 24
15 16
16 9
19 8
2 3
23 19
7 12

Solution 277: 
12 15
13 24
15 16
16 9
19 8
23 19
7 12
9 3

Solution 278: 
12 15
13 24
15 16
16 9
23 19
23 4
7 12
9 3

Solution 279: 
12 15
13 24
15 16
16 9
19 15
23 19
7 12
9 3

Solution 280: 
12 15
13 24
15 16
16 9
22 17
23 19
7 12
9 3

Solution 281: 
12 14
13 24
15 16
16 9
22 17
23 19
7 12
9 3

Solution 282: 
12 14
13 24
15 16
16 9
23 19
23 4
7 12
9 3

Solution 283: 
12 14
13 24
15 16
16 9
19 8
23 19
7 12
9 3

Solution 284: 
12 14
13 24
15 16
16 9
19 15
23 19
7 12
9 3

Solution 285: 
12 14
13 24
15 16
16 9
19 8
2 3
23 19
7 12

Solution 286: 
12 14
13 24
15 16
16 9
19 8
2 2
23 19
7 12

Solution 287: 
12 15
13 24
16 9
17 17
19 8
2 2
23 19
7 12

Solution 288: 
12 15
13 24
16 9
17 17
19 8
23 19
7 12
9 3

Solution 289: 
12 15
13 24
16 9
17 17
19 8
2 3
23 19
7 12

Solution 290: 
12 15
13 24
16 9
17 17
19 15
23 19
7 12
9 3

Solution 291: 
12 15
13 24
16 9
17 17
22 17
23 19
7 12
9 3

Solution 292: 
12 15
13 24
16 9
17 17
23 19
23 4
7 12
9 3

Solution 293: 
12 15
13 24
15 18
16 9
19 15
23 19
7 12
9 3

Solution 294: 
12 15
13 24
15 18
16 9
22 17
23 19
7 12
9 3

Solution 295: 
12 14
13 24
15 18
16 9
19 15
23 19
7 12
9 3

Solution 296: 
12 14
13 24
16 9
17 17
19 15
23 19
7 12
9 3

Solution 297: 
12 14
16 9
17 17
19 15
23 19
7 12
7 23
9 3

Solution 298: 
12 14
15 18
16 9
19 15
23 19
7 12
7 23
9 3

Solution 299: 
12 14
15 16
16 9
19 15
23 19
7 12
7 23
9 3

Solution 300: 
12 15
15 16
16 9
19 15
23 19
7 12
7 23
9 3

Solution 301: 
12 15
15 18
16 9
19 15
23 19
7 12
7 23
9 3

Solution 302: 
12 15
16 9
17 17
19 15
23 19
7 12
7 23
9 3

Solution 303: 
1 11
12 15
16 9
17 17
19 15
23 19
7 23
9 3

Solution 304: 
1 11
12 15
15 16
16 9
19 15
23 19
7 23
9 3

Solution 305: 
1 11
12 15
15 18
16 9
19 15
23 19
7 23
9 3

Solution 306: 
1 11
12 15
15 18
16 9
19 15
20 2
23 19
7 23

Solution 307: 
1 11
12 15
15 16
16 9
19 15
20 2
23 19
7 23

Solution 308: 
1 11
12 15
16 9
17 17
19 15
20 2
23 19
7 23

Solution 309: 
1 11
12 15
16 9
17 17
20 2
23 19
23 4
7 23

Solution 310: 
1 11
12 15
16 9
17 17
20 2
22 17
23 19
7 23

Solution 311: 
1 11
12 15
16 9
17 17
19 8
20 2
23 19
7 23

Solution 312: 
1 11
12 15
16 9
17 17
20 2
20 4
23 19
7 23

Solution 313: 
1 11
12 15
16 9
17 17
2 2
20 4
23 19
7 23

Solution 314: 
1 11
12 15
16 9
17 17
2 3
20 4
23 19
7 23

Solution 315: 
1 11
12 15
16 9
17 17
19 8
2 3
23 19
7 23

Solution 316: 
1 11
12 15
16 9
17 17
19 8
2 2
23 19
7 23

Solution 317: 
1 11
12 15
16 9
17 17
19 8
23 19
7 23
9 3

Solution 318: 
1 11
12 15
16 9
17 17
23 19
23 4
7 23
9 3

Solution 319: 
1 11
12 15
16 9
17 17
20 4
23 19
7 23
9 3

Solution 320: 
1 11
12 15
16 9
17 17
22 17
23 19
7 23
9 3

Solution 321: 
12 15
16 9
17 17
22 17
23 19
7 12
7 23
9 3

Solution 322: 
12 15
16 9
17 17
23 19
23 4
7 12
7 23
9 3

Solution 323: 
12 15
16 9
17 17
20 4
23 19
7 12
7 23
9 3

Solution 324: 
12 15
16 9
17 17
19 8
23 19
7 12
7 23
9 3

Solution 325: 
12 15
16 9
17 17
19 8
2 3
23 19
7 12
7 23

Solution 326: 
12 15
16 9
17 17
19 8
2 2
23 19
7 12
7 23

Solution 327: 
12 15
16 9
17 17
2 2
20 4
23 19
7 12
7 23

Solution 328: 
12 15
16 9
17 17
2 3
20 4
23 19
7 12
7 23

Solution 329: 
1 11
12 14
16 9
17 17
19 15
20 2
23 19
7 23

Solution 330: 
1 11
12 14
16 9
17 17
19 15
23 19
7 23
9 3

Solution 331: 
1 11
12 15
16 9
17 17
23 4
24 20
7 23
9 3

Solution 332: 
1 11
12 15
16 9
17 17
22 17
24 20
7 23
9 3

Solution 333: 
1 11
10 16
16 9
17 17
22 17
24 20
7 23
9 3

Solution 334: 
1 11
10 16
16 9
17 17
23 4
24 20
7 23
9 3

Solution 335: 
10 16
16 9
17 17
23 4
24 20
7 12
7 23
9 3

Solution 336: 
10 16
16 9
17 17
22 17
24 20
7 12
7 23
9 3

Solution 337: 
12 15
16 9
17 17
22 17
24 20
7 12
7 23
9 3

Solution 338: 
12 15
16 9
17 17
23 4
24 20
7 12
7 23
9 3

Solution 339: 
12 15
15 16
16 9
23 4
24 20
7 12
7 23
9 3

Solution 340: 
12 15
15 16
16 9
23 19
23 4
7 12
7 23
9 3

Solution 341: 
12 15
15 16
16 9
20 4
23 19
7 12
7 23
9 3

Solution 342: 
12 15
15 16
16 9
19 8
23 19
7 12
7 23
9 3

Solution 343: 
12 14
15 16
16 9
19 8
23 19
7 12
7 23
9 3

Solution 344: 
12 14
15 16
16 9
20 4
23 19
7 12
7 23
9 3

Solution 345: 
12 14
15 16
16 9
23 19
23 4
7 12
7 23
9 3

Solution 346: 
12 14
15 16
16 9
22 17
23 19
7 12
7 23
9 3

Solution 347: 
12 15
15 16
16 9
22 17
23 19
7 12
7 23
9 3

Solution 348: 
12 15
15 18
16 9
22 17
23 19
7 12
7 23
9 3

Solution 349: 
12 15
15 18
16 9
22 17
24 20
7 12
7 23
9 3

Solution 350: 
12 15
15 16
16 9
22 17
24 20
7 12
7 23
9 3

Solution 351: 
10 14
15 16
16 9
22 17
24 20
7 12
7 23
9 3

Solution 352: 
12 14
15 16
16 9
22 17
24 20
7 12
7 23
9 3

Solution 353: 
10 16
15 16
16 9
22 17
24 20
7 12
7 23
9 3

Solution 354: 
10 16
15 18
16 9
22 17
24 20
7 12
7 23
9 3

Solution 355: 
10 16
15 16
16 9
23 4
24 20
7 12
7 23
9 3

Solution 356: 
10 14
15 16
16 9
23 4
24 20
7 12
7 23
9 3

Solution 357: 
12 14
15 16
16 9
23 4
24 20
7 12
7 23
9 3

Solution 358: 
12 14
15 16
16 9
19 8
2 3
23 19
7 12
7 23

Solution 359: 
12 14
15 16
16 9
19 8
2 2
23 19
7 12
7 23

Solution 360: 
12 14
15 16
16 9
2 2
20 4
23 19
7 12
7 23

Solution 361: 
12 14
15 16
16 9
2 3
20 4
23 19
7 12
7 23

Solution 362: 
12 15
15 16
16 9
2 3
20 4
23 19
7 12
7 23

Solution 363: 
12 15
15 16
16 9
19 8
2 3
23 19
7 12
7 23

Solution 364: 
12 15
15 16
16 9
19 8
2 2
23 19
7 12
7 23

Solution 365: 
12 15
15 16
16 9
2 2
20 4
23 19
7 12
7 23

Solution 366: 
1 11
12 15
15 16
16 9
2 2
20 4
23 19
7 23

Solution 367: 
1 11
12 14
15 16
16 9
2 2
20 4
23 19
7 23

Solution 368: 
1 11
12 14
15 16
16 9
19 8
2 2
23 19
7 23

Solution 369: 
1 11
12 15
15 16
16 9
19 8
2 2
23 19
7 23

Solution 370: 
1 11
12 15
15 16
16 9
19 8
2 3
23 19
7 23

Solution 371: 
1 11
12 15
15 16
16 9
19 8
20 2
23 19
7 23

Solution 372: 
1 11
12 15
15 16
16 9
19 8
23 19
7 23
9 3

Solution 373: 
1 11
12 15
15 16
16 9
20 4
23 19
7 23
9 3

Solution 374: 
1 11
12 15
15 16
16 9
22 17
23 19
7 23
9 3

Solution 375: 
1 11
12 15
15 16
16 9
20 2
22 17
23 19
7 23

Solution 376: 
1 11
12 15
15 16
16 9
20 2
20 4
23 19
7 23

Solution 377: 
1 11
12 15
15 16
16 9
2 3
20 4
23 19
7 23

Solution 378: 
1 11
12 15
15 16
16 9
23 19
23 4
7 23
9 3

Solution 379: 
1 11
12 15
15 16
16 9
20 2
23 19
23 4
7 23

Solution 380: 
1 11
12 15
15 16
16 9
20 2
23 4
24 20
7 23

Solution 381: 
1 11
12 15
15 16
16 9
20 2
22 17
24 20
7 23

Solution 382: 
1 11
12 15
15 16
16 9
22 17
24 20
7 23
9 3

Solution 383: 
1 11
12 15
15 16
16 9
23 4
24 20
7 23
9 3

Solution 384: 
12 15
13 24
15 16
16 9
23 4
24 20
7 12
9 3

Solution 385: 
12 15
13 24
15 16
16 9
22 17
24 20
7 12
9 3

Solution 386: 
10 16
13 24
15 16
16 9
22 17
24 20
7 12
9 3

Solution 387: 
12 14
13 24
15 16
16 9
22 17
24 20
7 12
9 3

Solution 388: 
1 11
12 14
15 16
16 9
22 17
24 20
7 23
9 3

Solution 389: 
1 11
12 14
15 16
16 9
22 17
23 19
7 23
9 3

Solution 390: 
1 11
12 14
15 16
16 9
20 2
22 17
23 19
7 23

Solution 391: 
1 11
12 14
15 16
16 9
20 2
22 17
24 20
7 23

Solution 392: 
1 11
10 14
15 16
16 9
20 2
22 17
24 20
7 23

Solution 393: 
1 11
10 14
15 16
16 9
22 17
24 20
7 23
9 3

Solution 394: 
1 11
10 16
15 16
16 9
22 17
24 20
7 23
9 3

Solution 395: 
1 11
10 16
15 16
16 9
20 2
22 17
24 20
7 23

Solution 396: 
1 11
10 16
16 9
17 17
20 2
22 17
24 20
7 23

Solution 397: 
1 11
10 16
15 18
16 9
20 2
22 17
24 20
7 23

Solution 398: 
1 11
10 16
15 18
16 9
22 17
24 20
7 23
9 3

Solution 399: 
10 16
13 24
15 18
16 9
22 17
24 20
7 12
9 3

Solution 400: 
10 16
13 24
16 9
17 17
22 17
24 20
7 12
9 3

Solution 401: 
12 15
13 24
16 9
17 17
22 17
24 20
7 12
9 3

Solution 402: 
12 15
13 24
15 18
16 9
22 17
24 20
7 12
9 3

Solution 403: 
1 11
12 15
15 18
16 9
22 17
24 20
7 23
9 3

Solution 404: 
1 11
12 15
15 18
16 9
22 17
23 19
7 23
9 3

Solution 405: 
1 11
12 15
15 18
16 9
20 2
22 17
23 19
7 23

Solution 406: 
1 11
12 15
15 18
16 9
20 2
22 17
24 20
7 23

Solution 407: 
1 11
12 15
16 9
17 17
20 2
22 17
24 20
7 23

Solution 408: 
1 11
12 15
16 9
17 17
20 2
23 4
24 20
7 23

Solution 409: 
1 11
10 16
16 9
17 17
20 2
23 4
24 20
7 23

Solution 410: 
1 11
10 16
15 16
16 9
20 2
23 4
24 20
7 23

Solution 411: 
1 11
10 14
15 16
16 9
20 2
23 4
24 20
7 23

Solution 412: 
1 11
12 14
15 16
16 9
20 2
23 4
24 20
7 23

Solution 413: 
1 11
12 14
15 16
16 9
20 2
23 19
23 4
7 23

Solution 414: 
1 11
12 14
15 16
16 9
20 2
20 4
23 19
7 23

Solution 415: 
1 11
12 14
15 16
16 9
19 8
20 2
23 19
7 23

Solution 416: 
1 11
12 14
15 16
16 9
19 15
20 2
23 19
7 23

Solution 417: 
1 11
12 14
15 18
16 9
19 15
20 2
23 19
7 23

Solution 418: 
1 11
12 14
15 18
16 9
19 15
23 19
7 23
9 3

Solution 419: 
1 11
12 14
15 16
16 9
19 15
23 19
7 23
9 3

Solution 420: 
1 11
12 14
15 16
16 9
19 8
23 19
7 23
9 3

Solution 421: 
1 11
12 14
15 16
16 9
20 4
23 19
7 23
9 3

Solution 422: 
1 11
12 14
15 16
16 9
23 19
23 4
7 23
9 3

Solution 423: 
1 11
12 14
15 16
16 9
19 8
2 3
23 19
7 23

Solution 424: 
1 11
12 14
15 16
16 9
2 3
20 4
23 19
7 23

Solution 425: 
1 11
12 14
15 16
16 9
23 4
24 20
7 23
9 3

Solution 426: 
1 11
10 14
15 16
16 9
23 4
24 20
7 23
9 3

Solution 427: 
1 11
10 16
15 16
16 9
23 4
24 20
7 23
9 3

Solution 428: 
10 16
13 24
15 16
16 9
23 4
24 20
7 12
9 3

Solution 429: 
12 14
13 24
15 16
16 9
23 4
24 20
7 12
9 3

Solution 430: 
10 16
13 24
16 9
17 17
23 4
24 20
7 12
9 3

Solution 431: 
12 15
13 24
16 9
17 17
23 4
24 20
7 12
9 3

Number of solutions found: 432

Changes at vertices: 
Change visibility: 9 3
20 3 -> 20 2
----------------------------------
Removal 4: 
Solution 0: 
10 14
15 16
16 9
19 8
23 19
7 12
7 23

Solution 1: 
10 14
13 24
15 16
16 9
19 8
23 19
7 12

Solution 2: 
1 11
10 14
15 16
16 9
19 8
23 19
7 23

Solution 3: 
1 11
10 14
15 16
16 9
20 4
23 19
7 23

Solution 4: 
10 14
15 16
16 9
20 4
23 19
7 12
7 23

Solution 5: 
10 14
13 24
15 16
16 9
20 4
23 19
7 12

Solution 6: 
12 14
13 24
15 16
16 9
20 4
23 19
7 12

Solution 7: 
10 16
13 24
15 16
16 9
20 4
23 19
7 12

Solution 8: 
12 15
13 24
15 16
16 9
20 4
23 19
7 12

Solution 9: 
12 15
15 16
16 9
20 4
23 19
7 12
7 23

Solution 10: 
12 14
15 16
16 9
20 4
23 19
7 12
7 23

Solution 11: 
10 16
15 16
16 9
20 4
23 19
7 12
7 23

Solution 12: 
1 11
10 16
15 16
16 9
20 4
23 19
7 23

Solution 13: 
1 11
12 14
15 16
16 9
20 4
23 19
7 23

Solution 14: 
1 11
12 15
15 16
16 9
20 4
23 19
7 23

Solution 15: 
1 11
12 15
15 16
16 9
19 8
23 19
7 23

Solution 16: 
1 11
12 14
15 16
16 9
19 8
23 19
7 23

Solution 17: 
1 11
10 16
15 16
16 9
19 8
23 19
7 23

Solution 18: 
10 16
15 16
16 9
19 8
23 19
7 12
7 23

Solution 19: 
10 16
13 24
15 16
16 9
19 8
23 19
7 12

Solution 20: 
12 15
13 24
15 16
16 9
19 8
23 19
7 12

Solution 21: 
12 14
13 24
15 16
16 9
19 8
23 19
7 12

Solution 22: 
12 14
15 16
16 9
19 8
23 19
7 12
7 23

Solution 23: 
12 15
15 16
16 9
19 8
23 19
7 12
7 23

Solution 24: 
12 15
16 9
17 17
19 8
23 19
7 12
7 23

Solution 25: 
1 11
12 15
16 9
17 17
19 8
23 19
7 23

Solution 26: 
1 11
10 16
16 9
17 17
19 8
23 19
7 23

Solution 27: 
10 16
16 9
17 17
19 8
23 19
7 12
7 23

Solution 28: 
10 16
16 9
17 17
20 4
23 19
7 12
7 23

Solution 29: 
12 15
16 9
17 17
20 4
23 19
7 12
7 23

Solution 30: 
12 15
13 24
16 9
17 17
20 4
23 19
7 12

Solution 31: 
12 15
13 24
16 9
17 17
19 8
23 19
7 12

Solution 32: 
10 16
13 24
16 9
17 17
19 8
23 19
7 12

Solution 33: 
10 16
13 24
16 9
17 17
20 4
23 19
7 12

Solution 34: 
1 11
10 16
16 9
17 17
20 4
23 19
7 23

Solution 35: 
1 11
12 15
16 9
17 17
20 4
23 19
7 23

Number of solutions found: 36

Changes at vertices: 
9 4 -> 9 3
New Vertex: 20 4
----------------------------------
Removal 5: 
Solution 0: 
10 14
15 16
16 9
19 8
23 19
7 12
7 23

Solution 1: 
10 14
13 24
15 16
16 9
19 8
23 19
7 12

Solution 2: 
1 11
10 14
15 16
16 9
19 8
23 19
7 23

Solution 3: 
1 11
10 14
15 16
16 9
23 19
23 4
7 23

Solution 4: 
10 14
15 16
16 9
23 19
23 4
7 12
7 23

Solution 5: 
10 14
13 24
15 16
16 9
23 19
23 4
7 12

Solution 6: 
12 14
13 24
15 16
16 9
23 19
23 4
7 12

Solution 7: 
12 15
13 24
15 16
16 9
23 19
23 4
7 12

Solution 8: 
10 16
13 24
15 16
16 9
23 19
23 4
7 12

Solution 9: 
10 16
13 24
16 9
17 17
23 19
23 4
7 12

Solution 10: 
12 15
13 24
16 9
17 17
23 19
23 4
7 12

Solution 11: 
12 15
13 24
16 9
17 17
19 8
23 19
7 12

Solution 12: 
10 16
13 24
16 9
17 17
19 8
23 19
7 12

Solution 13: 
10 16
13 24
15 16
16 9
19 8
23 19
7 12

Solution 14: 
12 14
13 24
15 16
16 9
19 8
23 19
7 12

Solution 15: 
12 15
13 24
15 16
16 9
19 8
23 19
7 12

Solution 16: 
12 15
13 24
15 16
16 9
23 4
24 20
7 12

Solution 17: 
12 15
13 24
16 9
17 17
23 4
24 20
7 12

Solution 18: 
10 16
13 24
16 9
17 17
23 4
24 20
7 12

Solution 19: 
10 16
16 9
17 17
23 4
24 20
7 12
7 23

Solution 20: 
1 11
10 16
16 9
17 17
23 4
24 20
7 23

Solution 21: 
1 11
10 16
16 9
17 17
23 19
23 4
7 23

Solution 22: 
10 16
16 9
17 17
23 19
23 4
7 12
7 23

Solution 23: 
12 15
16 9
17 17
23 19
23 4
7 12
7 23

Solution 24: 
12 15
16 9
17 17
23 4
24 20
7 12
7 23

Solution 25: 
1 11
12 15
16 9
17 17
23 4
24 20
7 23

Solution 26: 
1 11
12 15
16 9
17 17
23 19
23 4
7 23

Solution 27: 
1 11
12 15
15 16
16 9
23 19
23 4
7 23

Solution 28: 
1 11
12 15
15 16
16 9
23 4
24 20
7 23

Solution 29: 
12 15
15 16
16 9
23 4
24 20
7 12
7 23

Solution 30: 
12 15
15 16
16 9
23 19
23 4
7 12
7 23

Solution 31: 
10 16
15 16
16 9
23 19
23 4
7 12
7 23

Solution 32: 
12 14
15 16
16 9
23 19
23 4
7 12
7 23

Solution 33: 
12 14
15 16
16 9
23 4
24 20
7 12
7 23

Solution 34: 
10 14
15 16
16 9
23 4
24 20
7 12
7 23

Solution 35: 
10 16
15 16
16 9
23 4
24 20
7 12
7 23

Solution 36: 
1 11
10 16
15 16
16 9
23 4
24 20
7 23

Solution 37: 
1 11
10 14
15 16
16 9
23 4
24 20
7 23

Solution 38: 
1 11
12 14
15 16
16 9
23 4
24 20
7 23

Solution 39: 
1 11
12 14
15 16
16 9
23 19
23 4
7 23

Solution 40: 
1 11
10 16
15 16
16 9
23 19
23 4
7 23

Solution 41: 
10 16
13 24
15 16
16 9
23 4
24 20
7 12

Solution 42: 
12 14
13 24
15 16
16 9
23 4
24 20
7 12

Solution 43: 
10 14
13 24
15 16
16 9
23 4
24 20
7 12

Solution 44: 
12 15
15 16
16 9
19 8
23 19
7 12
7 23

Solution 45: 
12 14
15 16
16 9
19 8
23 19
7 12
7 23

Solution 46: 
10 16
15 16
16 9
19 8
23 19
7 12
7 23

Solution 47: 
1 11
10 16
15 16
16 9
19 8
23 19
7 23

Solution 48: 
1 11
12 14
15 16
16 9
19 8
23 19
7 23

Solution 49: 
1 11
12 15
15 16
16 9
19 8
23 19
7 23

Solution 50: 
1 11
12 15
16 9
17 17
19 8
23 19
7 23

Solution 51: 
1 11
10 16
16 9
17 17
19 8
23 19
7 23

Solution 52: 
10 16
16 9
17 17
19 8
23 19
7 12
7 23

Solution 53: 
12 15
16 9
17 17
19 8
23 19
7 12
7 23

Number of solutions found: 54

Changes at vertices: 
New Vertex: 9 7
23 7 -> 23 4
----------------------------------
Removal 6: 
Solution 0: 
10 14
13 24
15 16
16 9
19 8
23 19
7 12

Solution 1: 
10 14
15 16
16 9
19 8
23 19
7 12
7 23

Solution 2: 
1 11
10 14
15 16
16 9
19 8
23 19
7 23

Solution 3: 
1 11
10 14
15 16
16 9
23 19
23 7
7 23

Solution 4: 
1 11
10 14
15 16
16 9
23 7
24 20
7 23

Solution 5: 
10 14
15 16
16 9
23 7
24 20
7 12
7 23

Solution 6: 
10 14
15 16
16 9
23 19
23 7
7 12
7 23

Solution 7: 
10 14
13 24
15 16
16 9
23 19
23 7
7 12

Solution 8: 
10 14
13 24
15 16
16 9
23 7
24 20
7 12

Solution 9: 
12 14
13 24
15 16
16 9
23 7
24 20
7 12

Solution 10: 
12 14
13 24
15 16
16 9
23 19
23 7
7 12

Solution 11: 
12 14
15 16
16 9
23 19
23 7
7 12
7 23

Solution 12: 
12 14
15 16
16 9
23 7
24 20
7 12
7 23

Solution 13: 
12 15
15 16
16 9
23 7
24 20
7 12
7 23

Solution 14: 
10 16
15 16
16 9
23 7
24 20
7 12
7 23

Solution 15: 
10 16
13 24
15 16
16 9
23 7
24 20
7 12

Solution 16: 
12 15
13 24
15 16
16 9
23 7
24 20
7 12

Solution 17: 
12 15
13 24
15 16
16 9
23 19
23 7
7 12

Solution 18: 
10 16
13 24
15 16
16 9
23 19
23 7
7 12

Solution 19: 
10 16
15 16
16 9
23 19
23 7
7 12
7 23

Solution 20: 
12 15
15 16
16 9
23 19
23 7
7 12
7 23

Solution 21: 
12 15
15 16
16 9
19 8
23 19
7 12
7 23

Solution 22: 
12 14
15 16
16 9
19 8
23 19
7 12
7 23

Solution 23: 
10 16
15 16
16 9
19 8
23 19
7 12
7 23

Solution 24: 
10 16
13 24
15 16
16 9
19 8
23 19
7 12

Solution 25: 
12 15
13 24
15 16
16 9
19 8
23 19
7 12

Solution 26: 
12 14
13 24
15 16
16 9
19 8
23 19
7 12

Solution 27: 
1 11
12 14
15 16
16 9
19 8
23 19
7 23

Solution 28: 
1 11
12 15
15 16
16 9
19 8
23 19
7 23

Solution 29: 
1 11
10 16
15 16
16 9
19 8
23 19
7 23

Solution 30: 
1 11
10 16
15 16
16 9
23 19
23 7
7 23

Solution 31: 
1 11
10 16
15 16
16 9
23 7
24 20
7 23

Solution 32: 
1 11
12 14
15 16
16 9
23 7
24 20
7 23

Solution 33: 
1 11
12 15
15 16
16 9
23 7
24 20
7 23

Solution 34: 
1 11
12 15
15 16
16 9
23 19
23 7
7 23

Solution 35: 
1 11
12 14
15 16
16 9
23 19
23 7
7 23

Solution 36: 
1 11
10 16
16 9
17 17
23 19
23 7
7 23

Solution 37: 
10 16
16 9
17 17
23 19
23 7
7 12
7 23

Solution 38: 
12 15
16 9
17 17
23 19
23 7
7 12
7 23

Solution 39: 
1 11
12 15
16 9
17 17
23 19
23 7
7 23

Solution 40: 
12 15
13 24
16 9
17 17
23 19
23 7
7 12

Solution 41: 
10 16
13 24
16 9
17 17
23 19
23 7
7 12

Solution 42: 
10 16
13 24
16 9
17 17
19 8
23 19
7 12

Solution 43: 
10 16
16 9
17 17
19 8
23 19
7 12
7 23

Solution 44: 
12 15
16 9
17 17
19 8
23 19
7 12
7 23

Solution 45: 
12 15
13 24
16 9
17 17
19 8
23 19
7 12

Solution 46: 
12 15
13 24
16 9
17 17
23 7
24 20
7 12

Solution 47: 
10 16
13 24
16 9
17 17
23 7
24 20
7 12

Solution 48: 
10 16
16 9
17 17
23 7
24 20
7 12
7 23

Solution 49: 
1 11
10 16
16 9
17 17
23 7
24 20
7 23

Solution 50: 
1 11
10 16
16 9
17 17
19 8
23 19
7 23

Solution 51: 
1 11
12 15
16 9
17 17
19 8
23 19
7 23

Solution 52: 
1 11
12 15
16 9
17 17
23 7
24 20
7 23

Solution 53: 
12 15
16 9
17 17
23 7
24 20
7 12
7 23

Number of solutions found: 54

Changes at vertices: 
New Vertex: 24 20
22 20 -> 22 22
----------------------------------
Removal 7: 
Solution 0: 
10 14
13 24
15 16
16 9
19 8
22 20
7 12

Solution 1: 
10 14
15 16
16 9
19 8
22 20
7 12
7 23

Solution 2: 
1 11
10 14
15 16
16 9
19 8
22 20
7 23

Solution 3: 
1 11
10 14
15 16
16 9
19 8
23 19
7 23

Solution 4: 
10 14
15 16
16 9
19 8
23 19
7 12
7 23

Solution 5: 
10 14
13 24
15 16
16 9
19 8
23 19
7 12

Solution 6: 
10 14
13 24
15 16
16 9
23 19
23 7
7 12

Solution 7: 
10 14
13 24
15 16
16 9
23 7
25 19
7 12

Solution 8: 
10 14
13 24
15 16
16 9
23 7
25 20
7 12

Solution 9: 
10 14
13 24
15 16
16 9
22 20
23 7
7 12

Solution 10: 
10 14
15 16
16 9
22 20
23 7
7 12
7 23

Solution 11: 
10 14
15 16
16 9
23 7
25 19
7 12
7 23

Solution 12: 
10 14
15 16
16 9
23 7
25 20
7 12
7 23

Solution 13: 
10 14
15 16
16 9
23 19
23 7
7 12
7 23

Solution 14: 
1 11
10 14
15 16
16 9
23 19
23 7
7 23

Solution 15: 
1 11
10 14
15 16
16 9
23 7
25 19
7 23

Solution 16: 
1 11
10 14
15 16
16 9
23 7
25 20
7 23

Solution 17: 
1 11
10 14
15 16
16 9
22 20
23 7
7 23

Solution 18: 
1 11
12 14
15 16
16 9
22 20
23 7
7 23

Solution 19: 
1 11
10 16
15 16
16 9
22 20
23 7
7 23

Solution 20: 
1 11
12 15
15 16
16 9
22 20
23 7
7 23

Solution 21: 
1 11
12 15
15 16
16 9
23 7
25 19
7 23

Solution 22: 
1 11
12 15
15 16
16 9
23 7
25 20
7 23

Solution 23: 
1 11
12 15
15 16
16 9
23 19
23 7
7 23

Solution 24: 
1 11
10 16
15 16
16 9
23 19
23 7
7 23

Solution 25: 
1 11
12 14
15 16
16 9
23 19
23 7
7 23

Solution 26: 
1 11
12 14
15 16
16 9
23 7
25 20
7 23

Solution 27: 
1 11
12 14
15 16
16 9
23 7
25 19
7 23

Solution 28: 
1 11
10 16
15 16
16 9
23 7
25 19
7 23

Solution 29: 
1 11
10 16
15 16
16 9
23 7
25 20
7 23

Solution 30: 
10 16
15 16
16 9
23 7
25 20
7 12
7 23

Solution 31: 
12 14
15 16
16 9
23 7
25 20
7 12
7 23

Solution 32: 
12 14
15 16
16 9
23 7
25 19
7 12
7 23

Solution 33: 
10 16
15 16
16 9
23 7
25 19
7 12
7 23

Solution 34: 
10 16
15 16
16 9
23 19
23 7
7 12
7 23

Solution 35: 
10 16
15 16
16 9
22 20
23 7
7 12
7 23

Solution 36: 
12 14
15 16
16 9
22 20
23 7
7 12
7 23

Solution 37: 
12 14
15 16
16 9
23 19
23 7
7 12
7 23

Solution 38: 
12 15
15 16
16 9
23 19
23 7
7 12
7 23

Solution 39: 
12 15
15 16
16 9
23 7
25 20
7 12
7 23

Solution 40: 
12 15
15 16
16 9
22 20
23 7
7 12
7 23

Solution 41: 
12 15
15 16
16 9
23 7
25 19
7 12
7 23

Solution 42: 
12 15
13 24
15 16
16 9
23 7
25 19
7 12

Solution 43: 
12 15
13 24
15 16
16 9
23 7
25 20
7 12

Solution 44: 
12 15
13 24
15 16
16 9
23 19
23 7
7 12

Solution 45: 
12 15
13 24
15 16
16 9
22 20
23 7
7 12

Solution 46: 
12 14
13 24
15 16
16 9
22 20
23 7
7 12

Solution 47: 
10 16
13 24
15 16
16 9
22 20
23 7
7 12

Solution 48: 
10 16
13 24
15 16
16 9
23 7
25 20
7 12

Solution 49: 
10 16
13 24
15 16
16 9
23 19
23 7
7 12

Solution 50: 
10 16
13 24
15 16
16 9
23 7
25 19
7 12

Solution 51: 
12 14
13 24
15 16
16 9
23 7
25 19
7 12

Solution 52: 
12 14
13 24
15 16
16 9
23 7
25 20
7 12

Solution 53: 
12 14
13 24
15 16
16 9
23 19
23 7
7 12

Solution 54: 
12 14
13 24
15 16
16 9
19 8
23 19
7 12

Solution 55: 
12 14
15 16
16 9
19 8
23 19
7 12
7 23

Solution 56: 
12 15
15 16
16 9
19 8
23 19
7 12
7 23

Solution 57: 
10 16
15 16
16 9
19 8
23 19
7 12
7 23

Solution 58: 
10 16
13 24
15 16
16 9
19 8
23 19
7 12

Solution 59: 
12 15
13 24
15 16
16 9
19 8
23 19
7 12

Solution 60: 
1 11
12 15
15 16
16 9
19 8
23 19
7 23

Solution 61: 
1 11
12 14
15 16
16 9
19 8
23 19
7 23

Solution 62: 
1 11
10 16
15 16
16 9
19 8
23 19
7 23

Solution 63: 
1 11
10 16
15 16
16 9
19 8
22 20
7 23

Solution 64: 
10 16
15 16
16 9
19 8
22 20
7 12
7 23

Solution 65: 
12 15
15 16
16 9
19 8
22 20
7 12
7 23

Solution 66: 
12 14
15 16
16 9
19 8
22 20
7 12
7 23

Solution 67: 
1 11
12 14
15 16
16 9
19 8
22 20
7 23

Solution 68: 
1 11
12 15
15 16
16 9
19 8
22 20
7 23

Solution 69: 
12 15
13 24
15 16
16 9
19 8
22 20
7 12

Solution 70: 
10 16
13 24
15 16
16 9
19 8
22 20
7 12

Solution 71: 
12 14
13 24
15 16
16 9
19 8
22 20
7 12

Solution 72: 
10 16
13 24
16 9
17 17
19 8
22 20
7 12

Solution 73: 
12 15
13 24
16 9
17 17
19 8
22 20
7 12

Solution 74: 
12 15
13 24
16 9
17 17
22 20
23 7
7 12

Solution 75: 
10 16
13 24
16 9
17 17
22 20
23 7
7 12

Solution 76: 
10 16
16 9
17 17
22 20
23 7
7 12
7 23

Solution 77: 
10 16
16 9
17 17
19 8
22 20
7 12
7 23

Solution 78: 
12 15
16 9
17 17
19 8
22 20
7 12
7 23

Solution 79: 
12 15
16 9
17 17
22 20
23 7
7 12
7 23

Solution 80: 
1 11
12 15
16 9
17 17
22 20
23 7
7 23

Solution 81: 
1 11
12 15
16 9
17 17
19 8
22 20
7 23

Solution 82: 
1 11
10 16
16 9
17 17
19 8
22 20
7 23

Solution 83: 
1 11
10 16
16 9
17 17
22 20
23 7
7 23

Solution 84: 
1 11
10 16
16 9
17 17
23 7
25 19
7 23

Solution 85: 
1 11
10 16
16 9
17 17
23 7
25 20
7 23

Solution 86: 
1 11
10 16
16 9
17 17
23 19
23 7
7 23

Solution 87: 
1 11
10 16
16 9
17 17
19 8
23 19
7 23

Solution 88: 
10 16
16 9
17 17
19 8
23 19
7 12
7 23

Solution 89: 
10 16
16 9
17 17
23 19
23 7
7 12
7 23

Solution 90: 
10 16
16 9
17 17
23 7
25 19
7 12
7 23

Solution 91: 
10 16
16 9
17 17
23 7
25 20
7 12
7 23

Solution 92: 
12 15
16 9
17 17
23 7
25 20
7 12
7 23

Solution 93: 
12 15
16 9
17 17
23 7
25 19
7 12
7 23

Solution 94: 
12 15
16 9
17 17
23 19
23 7
7 12
7 23

Solution 95: 
1 11
12 15
16 9
17 17
23 19
23 7
7 23

Solution 96: 
1 11
12 15
16 9
17 17
23 7
25 20
7 23

Solution 97: 
1 11
12 15
16 9
17 17
23 7
25 19
7 23

Solution 98: 
1 11
12 15
16 9
17 17
19 8
23 19
7 23

Solution 99: 
12 15
16 9
17 17
19 8
23 19
7 12
7 23

Solution 100: 
12 15
13 24
16 9
17 17
19 8
23 19
7 12

Solution 101: 
12 15
13 24
16 9
17 17
23 19
23 7
7 12

Solution 102: 
12 15
13 24
16 9
17 17
23 7
25 19
7 12

Solution 103: 
12 15
13 24
16 9
17 17
23 7
25 20
7 12

Solution 104: 
10 16
13 24
16 9
17 17
23 7
25 20
7 12

Solution 105: 
10 16
13 24
16 9
17 17
23 7
25 19
7 12

Solution 106: 
10 16
13 24
16 9
17 17
23 19
23 7
7 12

Solution 107: 
10 16
13 24
16 9
17 17
19 8
23 19
7 12

Number of solutions found: 108

Changes at vertices: 
Change visibility: 23 19
22 19 -> 22 20
----------------------------------
Removal 8: 
Solution 0: 
10 14
13 24
15 16
16 9
23 7
7 12

Solution 1: 
10 14
15 16
16 9
23 7
7 12
7 23

Solution 2: 
1 11
10 14
15 16
16 9
23 7
7 23

Solution 3: 
1 11
10 16
15 16
16 9
23 7
7 23

Solution 4: 
1 11
12 14
15 16
16 9
23 7
7 23

Solution 5: 
1 11
12 15
15 16
16 9
23 7
7 23

Solution 6: 
12 15
15 16
16 9
23 7
7 12
7 23

Solution 7: 
10 16
15 16
16 9
23 7
7 12
7 23

Solution 8: 
12 14
15 16
16 9
23 7
7 12
7 23

Solution 9: 
12 14
13 24
15 16
16 9
23 7
7 12

Solution 10: 
12 15
13 24
15 16
16 9
23 7
7 12

Solution 11: 
10 16
13 24
15 16
16 9
23 7
7 12

Solution 12: 
10 16
13 24
16 9
17 17
23 7
7 12

Solution 13: 
12 15
13 24
16 9
17 17
23 7
7 12

Solution 14: 
12 15
16 9
17 17
23 7
7 12
7 23

Solution 15: 
1 11
12 15
16 9
17 17
23 7
7 23

Solution 16: 
1 11
10 16
16 9
17 17
23 7
7 23

Solution 17: 
10 16
16 9
17 17
23 7
7 12
7 23

Number of solutions found: 18

Changes at vertices: 
23 17 -> 23 19
New Vertex: 22 17
----------------------------------
Removal 9: 
Solution 0: 
10 14
13 24
15 16
16 9
19 8
7 12

Solution 1: 
10 14
15 16
16 9
19 8
7 12
7 23

Solution 2: 
1 11
10 14
15 16
16 9
19 8
7 23

Solution 3: 
1 11
12 14
15 16
16 9
19 8
7 23

Solution 4: 
1 11
12 15
15 16
16 9
19 8
7 23

Solution 5: 
1 11
10 16
15 16
16 9
19 8
7 23

Solution 6: 
10 16
15 16
16 9
19 8
7 12
7 23

Solution 7: 
12 15
15 16
16 9
19 8
7 12
7 23

Solution 8: 
12 14
15 16
16 9
19 8
7 12
7 23

Solution 9: 
12 14
13 24
15 16
16 9
19 8
7 12

Solution 10: 
10 16
13 24
15 16
16 9
19 8
7 12

Solution 11: 
12 15
13 24
15 16
16 9
19 8
7 12

Solution 12: 
12 15
13 24
16 9
17 17
19 8
7 12

Solution 13: 
10 16
13 24
16 9
17 17
19 8
7 12

Solution 14: 
10 16
16 9
17 17
19 8
7 12
7 23

Solution 15: 
12 15
16 9
17 17
19 8
7 12
7 23

Solution 16: 
1 11
12 15
16 9
17 17
19 8
7 23

Solution 17: 
1 11
10 16
16 9
17 17
19 8
7 23

Solution 18: 
1 11
10 16
16 9
17 17
23 7
7 23

Solution 19: 
1 11
10 16
15 16
16 9
23 7
7 23

Solution 20: 
10 16
15 16
16 9
23 7
7 12
7 23

Solution 21: 
10 16
16 9
17 17
23 7
7 12
7 23

Solution 22: 
10 16
13 24
16 9
17 17
23 7
7 12

Solution 23: 
10 16
13 24
15 16
16 9
23 7
7 12

Solution 24: 
12 14
13 24
15 16
16 9
23 7
7 12

Solution 25: 
12 14
15 16
16 9
23 7
7 12
7 23

Solution 26: 
10 14
15 16
16 9
23 7
7 12
7 23

Solution 27: 
12 15
15 16
16 9
23 7
7 12
7 23

Solution 28: 
12 15
13 24
15 16
16 9
23 7
7 12

Solution 29: 
10 14
13 24
15 16
16 9
23 7
7 12

Solution 30: 
12 15
13 24
16 9
17 17
23 7
7 12

Solution 31: 
12 15
16 9
17 17
23 7
7 12
7 23

Solution 32: 
1 11
12 15
16 9
17 17
23 7
7 23

Solution 33: 
1 11
12 15
15 16
16 9
23 7
7 23

Solution 34: 
1 11
10 14
15 16
16 9
23 7
7 23

Solution 35: 
1 11
12 14
15 16
16 9
23 7
7 23

Number of solutions found: 36

Changes at vertices: 
New Vertex: 17 17
15 17 -> 15 18
----------------------------------
Removal 10: 
Solution 0: 
10 14
13 24
15 16
16 9
19 8
7 12

Solution 1: 
10 14
15 16
16 9
19 8
7 12
7 23

Solution 2: 
1 11
10 14
15 16
16 9
19 8
7 23

Solution 3: 
1 11
12 14
15 16
16 9
19 8
7 23

Solution 4: 
1 11
10 16
15 16
16 9
19 8
7 23

Solution 5: 
1 11
12 15
15 16
16 9
19 8
7 23

Solution 6: 
12 15
15 16
16 9
19 8
7 12
7 23

Solution 7: 
10 16
15 16
16 9
19 8
7 12
7 23

Solution 8: 
12 14
15 16
16 9
19 8
7 12
7 23

Solution 9: 
12 14
13 24
15 16
16 9
19 8
7 12

Solution 10: 
12 15
13 24
15 16
16 9
19 8
7 12

Solution 11: 
10 16
13 24
15 16
16 9
19 8
7 12

Solution 12: 
10 16
13 24
15 17
16 9
19 8
7 12

Solution 13: 
10 16
13 24
16 9
19 8
23 17
7 12

Solution 14: 
10 16
13 24
16 9
19 15
19 8
7 12

Solution 15: 
12 14
13 24
16 9
19 15
19 8
7 12

Solution 16: 
12 15
13 24
16 9
19 15
19 8
7 12

Solution 17: 
10 14
13 24
16 9
19 15
19 8
7 12

Solution 18: 
12 15
13 24
15 17
16 9
19 8
7 12

Solution 19: 
12 15
13 24
16 9
19 8
23 17
7 12

Solution 20: 
12 15
16 9
19 8
23 17
7 12
7 23

Solution 21: 
10 16
16 9
19 8
23 17
7 12
7 23

Solution 22: 
1 11
10 16
16 9
19 8
23 17
7 23

Solution 23: 
1 11
12 15
16 9
19 8
23 17
7 23

Solution 24: 
1 11
12 15
15 17
16 9
19 8
7 23

Solution 25: 
1 11
12 15
16 9
19 15
19 8
7 23

Solution 26: 
1 11
10 14
16 9
19 15
19 8
7 23

Solution 27: 
1 11
12 14
16 9
19 15
19 8
7 23

Solution 28: 
1 11
10 16
16 9
19 15
19 8
7 23

Solution 29: 
1 11
10 16
15 17
16 9
19 8
7 23

Solution 30: 
10 16
15 17
16 9
19 8
7 12
7 23

Solution 31: 
10 16
16 9
19 15
19 8
7 12
7 23

Solution 32: 
10 14
16 9
19 15
19 8
7 12
7 23

Solution 33: 
12 14
16 9
19 15
19 8
7 12
7 23

Solution 34: 
12 15
16 9
19 15
19 8
7 12
7 23

Solution 35: 
12 15
15 17
16 9
19 8
7 12
7 23

Solution 36: 
12 15
15 17
16 9
23 7
7 12
7 23

Solution 37: 
10 16
15 17
16 9
23 7
7 12
7 23

Solution 38: 
10 16
16 9
23 17
23 7
7 12
7 23

Solution 39: 
12 15
16 9
23 17
23 7
7 12
7 23

Solution 40: 
12 15
15 16
16 9
23 7
7 12
7 23

Solution 41: 
12 14
15 16
16 9
23 7
7 12
7 23

Solution 42: 
10 14
15 16
16 9
23 7
7 12
7 23

Solution 43: 
10 16
15 16
16 9
23 7
7 12
7 23

Solution 44: 
10 16
16 9
19 15
23 7
7 12
7 23

Solution 45: 
12 15
16 9
19 15
23 7
7 12
7 23

Solution 46: 
10 14
16 9
19 15
23 7
7 12
7 23

Solution 47: 
12 14
16 9
19 15
23 7
7 12
7 23

Solution 48: 
12 14
16 9
18 8
19 15
7 12
7 23

Solution 49: 
10 16
16 9
18 8
19 15
7 12
7 23

Solution 50: 
10 14
16 9
18 8
19 15
7 12
7 23

Solution 51: 
12 15
16 9
18 8
19 15
7 12
7 23

Solution 52: 
12 15
16 9
18 8
23 17
7 12
7 23

Solution 53: 
10 16
16 9
18 8
23 17
7 12
7 23

Solution 54: 
10 16
16 9
23 17
5 7
7 12
7 23

Solution 55: 
12 15
16 9
23 17
5 7
7 12
7 23

Solution 56: 
12 15
16 9
19 15
5 7
7 12
7 23

Solution 57: 
10 14
16 9
19 15
5 7
7 12
7 23

Solution 58: 
12 14
16 9
19 15
5 7
7 12
7 23

Solution 59: 
10 16
16 9
19 15
5 7
7 12
7 23

Solution 60: 
10 16
13 24
16 9
19 15
5 7
7 12

Solution 61: 
10 16
13 24
16 9
19 15
23 7
7 12

Solution 62: 
10 16
13 24
16 9
18 8
19 15
7 12

Solution 63: 
10 14
13 24
16 9
18 8
19 15
7 12

Solution 64: 
12 14
13 24
16 9
18 8
19 15
7 12

Solution 65: 
12 15
13 24
16 9
18 8
19 15
7 12

Solution 66: 
12 15
13 24
16 9
19 15
23 7
7 12

Solution 67: 
12 15
13 24
16 9
19 15
5 7
7 12

Solution 68: 
10 14
13 24
16 9
19 15
5 7
7 12

Solution 69: 
12 14
13 24
16 9
19 15
5 7
7 12

Solution 70: 
12 14
13 24
16 9
19 15
23 7
7 12

Solution 71: 
10 14
13 24
16 9
19 15
23 7
7 12

Solution 72: 
10 14
13 24
15 16
16 9
23 7
7 12

Solution 73: 
12 14
13 24
15 16
16 9
23 7
7 12

Solution 74: 
12 15
13 24
15 16
16 9
23 7
7 12

Solution 75: 
12 15
13 24
15 17
16 9
23 7
7 12

Solution 76: 
12 15
13 24
16 9
23 17
23 7
7 12

Solution 77: 
12 15
13 24
16 9
23 17
5 7
7 12

Solution 78: 
12 15
13 24
16 9
18 8
23 17
7 12

Solution 79: 
10 16
13 24
16 9
18 8
23 17
7 12

Solution 80: 
10 16
13 24
16 9
23 17
5 7
7 12

Solution 81: 
10 16
13 24
16 9
23 17
23 7
7 12

Solution 82: 
10 16
13 24
15 17
16 9
23 7
7 12

Solution 83: 
10 16
13 24
15 16
16 9
23 7
7 12

Solution 84: 
10 16
13 24
14 12
19 15
5 7
7 12

Solution 85: 
10 16
13 24
14 12
23 17
5 7
7 12

Solution 86: 
12 15
13 24
14 12
23 17
5 7
7 12

Solution 87: 
12 15
13 24
14 12
19 15
5 7
7 12

Solution 88: 
12 14
13 24
14 12
19 15
5 7
7 12

Solution 89: 
10 14
13 24
14 12
19 15
5 7
7 12

Solution 90: 
10 14
14 12
19 15
5 7
7 12
7 23

Solution 91: 
12 14
14 12
19 15
5 7
7 12
7 23

Solution 92: 
12 15
14 12
19 15
5 7
7 12
7 23

Solution 93: 
10 16
14 12
19 15
5 7
7 12
7 23

Solution 94: 
10 16
14 12
23 17
5 7
7 12
7 23

Solution 95: 
12 15
14 12
23 17
5 7
7 12
7 23

Solution 96: 
1 21
12 15
14 12
23 17
5 7
7 23

Solution 97: 
12 15
14 12
23 17
3 21
5 7
7 23

Solution 98: 
1 11
12 15
14 12
23 17
5 7
7 23

Solution 99: 
1 11
12 15
16 9
23 17
5 7
7 23

Solution 100: 
1 11
12 15
16 9
18 8
23 17
7 23

Solution 101: 
1 11
12 15
16 9
23 17
23 7
7 23

Solution 102: 
1 11
10 16
16 9
23 17
23 7
7 23

Solution 103: 
1 11
10 16
16 9
18 8
23 17
7 23

Solution 104: 
1 11
10 16
16 9
23 17
5 7
7 23

Solution 105: 
1 11
10 16
14 12
23 17
5 7
7 23

Solution 106: 
1 21
10 16
14 12
23 17
5 7
7 23

Solution 107: 
10 16
14 12
23 17
3 21
5 7
7 23

Solution 108: 
10 16
14 12
19 15
3 21
5 7
7 23

Solution 109: 
1 21
10 16
14 12
19 15
5 7
7 23

Solution 110: 
1 11
10 16
14 12
19 15
5 7
7 23

Solution 111: 
1 11
10 16
16 9
19 15
5 7
7 23

Solution 112: 
1 11
10 16
16 9
18 8
19 15
7 23

Solution 113: 
1 11
10 16
16 9
19 15
23 7
7 23

Solution 114: 
1 11
10 16
15 17
16 9
23 7
7 23

Solution 115: 
1 11
10 16
15 16
16 9
23 7
7 23

Solution 116: 
1 11
12 14
15 16
16 9
23 7
7 23

Solution 117: 
1 11
12 15
15 16
16 9
23 7
7 23

Solution 118: 
1 11
10 14
15 16
16 9
23 7
7 23

Solution 119: 
1 11
10 14
16 9
19 15
23 7
7 23

Solution 120: 
1 11
12 14
16 9
19 15
23 7
7 23

Solution 121: 
1 11
12 15
16 9
19 15
23 7
7 23

Solution 122: 
1 11
12 15
15 17
16 9
23 7
7 23

Solution 123: 
1 11
12 15
16 9
18 8
19 15
7 23

Solution 124: 
1 11
10 14
16 9
18 8
19 15
7 23

Solution 125: 
1 11
12 14
16 9
18 8
19 15
7 23

Solution 126: 
1 11
12 14
16 9
19 15
5 7
7 23

Solution 127: 
1 11
12 14
14 12
19 15
5 7
7 23

Solution 128: 
1 11
10 14
14 12
19 15
5 7
7 23

Solution 129: 
1 11
12 15
14 12
19 15
5 7
7 23

Solution 130: 
1 11
12 15
16 9
19 15
5 7
7 23

Solution 131: 
1 11
10 14
16 9
19 15
5 7
7 23

Solution 132: 
1 21
10 14
14 12
19 15
5 7
7 23

Solution 133: 
10 14
14 12
19 15
3 21
5 7
7 23

Solution 134: 
12 15
14 12
19 15
3 21
5 7
7 23

Solution 135: 
12 14
14 12
19 15
3 21
5 7
7 23

Solution 136: 
1 21
12 14
14 12
19 15
5 7
7 23

Solution 137: 
1 21
12 15
14 12
19 15
5 7
7 23

Solution 138: 
12 15
13 24
14 12
19 15
3 21
5 7

Solution 139: 
10 16
13 24
14 12
19 15
3 21
5 7

Solution 140: 
12 14
13 24
14 12
19 15
3 21
5 7

Solution 141: 
10 14
13 24
14 12
19 15
3 21
5 7

Solution 142: 
10 16
13 24
14 12
23 17
3 21
5 7

Solution 143: 
12 15
13 24
14 12
23 17
3 21
5 7

Number of solutions found: 144

Changes at vertices: 
23 16 -> 23 17
New Vertex: 15 16
----------------------------------
Removal 11: 
Solution 0: 
10 16
13 24
16 9
19 8
7 12

Solution 1: 
10 16
16 9
19 8
7 12
7 23

Solution 2: 
1 11
10 16
16 9
19 8
7 23

Solution 3: 
1 11
10 16
16 9
23 7
7 23

Solution 4: 
10 16
16 9
23 7
7 12
7 23

Solution 5: 
10 16
13 24
16 9
23 7
7 12

Solution 6: 
12 15
13 24
16 9
23 7
7 12

Solution 7: 
12 15
16 9
23 7
7 12
7 23

Solution 8: 
1 11
12 15
16 9
23 7
7 23

Solution 9: 
1 11
12 15
16 9
19 8
7 23

Solution 10: 
12 15
16 9
19 8
7 12
7 23

Solution 11: 
12 15
13 24
16 9
19 8
7 12

Number of solutions found: 12

Changes at vertices: 
10 15 -> 10 14
New Vertex: 12 15
----------------------------------
Removal 12: 
Solution 0: 
10 15
13 24
16 9
19 8
7 12

Solution 1: 
10 15
16 9
19 8
7 12
7 23

Solution 2: 
1 11
10 15
16 9
19 8
7 23

Solution 3: 
1 11
10 16
16 9
19 8
7 23

Solution 4: 
1 11
16 9
19 8
23 16
7 23

Solution 5: 
1 11
16 9
19 15
19 8
7 23

Solution 6: 
16 9
19 15
19 8
7 12
7 23

Solution 7: 
16 9
19 8
23 16
7 12
7 23

Solution 8: 
10 16
16 9
19 8
7 12
7 23

Solution 9: 
10 16
13 24
16 9
19 8
7 12

Solution 10: 
13 24
16 9
19 8
23 16
7 12

Solution 11: 
13 24
16 9
19 15
19 8
7 12

Solution 12: 
13 24
16 9
19 15
23 7
7 12

Solution 13: 
10 15
13 24
16 9
23 7
7 12

Solution 14: 
10 16
13 24
16 9
23 7
7 12

Solution 15: 
13 24
16 9
23 16
23 7
7 12

Solution 16: 
13 24
16 9
18 8
23 16
7 12

Solution 17: 
13 24
16 9
18 8
19 15
7 12

Solution 18: 
13 24
16 9
19 15
5 7
7 12

Solution 19: 
13 24
14 12
19 15
5 7
7 12

Solution 20: 
13 24
14 12
23 16
5 7
7 12

Solution 21: 
13 24
16 9
23 16
5 7
7 12

Solution 22: 
13 24
14 12
23 16
3 21
5 7

Solution 23: 
13 24
14 12
19 15
3 21
5 7

Solution 24: 
14 12
19 15
3 21
5 7
7 23

Solution 25: 
14 12
23 16
3 21
5 7
7 23

Solution 26: 
14 12
23 16
5 7
7 12
7 23

Solution 27: 
1 21
14 12
23 16
5 7
7 23

Solution 28: 
1 11
14 12
23 16
5 7
7 23

Solution 29: 
1 11
14 12
19 15
5 7
7 23

Solution 30: 
14 12
19 15
5 7
7 12
7 23

Solution 31: 
1 21
14 12
19 15
5 7
7 23

Solution 32: 
1 11
16 9
19 15
5 7
7 23

Solution 33: 
16 9
19 15
5 7
7 12
7 23

Solution 34: 
16 9
23 16
5 7
7 12
7 23

Solution 35: 
1 11
16 9
23 16
5 7
7 23

Solution 36: 
1 11
16 9
18 8
23 16
7 23

Solution 37: 
1 11
16 9
23 16
23 7
7 23

Solution 38: 
1 11
10 16
16 9
23 7
7 23

Solution 39: 
1 11
10 15
16 9
23 7
7 23

Solution 40: 
1 11
16 9
19 15
23 7
7 23

Solution 41: 
1 11
16 9
18 8
19 15
7 23

Solution 42: 
16 9
18 8
19 15
7 12
7 23

Solution 43: 
16 9
19 15
23 7
7 12
7 23

Solution 44: 
10 15
16 9
23 7
7 12
7 23

Solution 45: 
10 16
16 9
23 7
7 12
7 23

Solution 46: 
16 9
23 16
23 7
7 12
7 23

Solution 47: 
16 9
18 8
23 16
7 12
7 23

Number of solutions found: 48

Changes at vertices: 
23 15 -> 23 16
Change visibility: 19 15
----------------------------------
Removal 13: 
Solution 0: 
13 24
16 9
19 8
7 12

Solution 1: 
16 9
19 8
7 12
7 23

Solution 2: 
1 11
16 9
19 8
7 23

Solution 3: 
1 11
16 9
23 7
7 23

Solution 4: 
16 9
23 7
7 12
7 23

Solution 5: 
13 24
16 9
23 7
7 12

Number of solutions found: 6

Changes at vertices: 
23 8 -> 23 15
New Vertex: 19 8
----------------------------------
Removal 14: 
Solution 0: 
1 21
14 12
5 7
7 23

Solution 1: 
14 12
3 21
5 7
7 23

Solution 2: 
14 12
5 7
7 12
7 23

Solution 3: 
13 24
14 12
5 7
7 12

Solution 4: 
13 24
16 9
5 7
7 12

Solution 5: 
13 24
16 9
23 8
7 12

Solution 6: 
13 24
16 9
23 7
7 12

Solution 7: 
13 24
16 9
18 8
7 12

Solution 8: 
16 9
18 8
7 12
7 23

Solution 9: 
16 9
23 7
7 12
7 23

Solution 10: 
16 9
23 8
7 12
7 23

Solution 11: 
16 9
5 7
7 12
7 23

Solution 12: 
1 11
16 9
5 7
7 23

Solution 13: 
1 11
14 12
5 7
7 23

Solution 14: 
13 24
14 12
3 21
5 7

Solution 15: 
1 11
16 9
23 8
7 23

Solution 16: 
1 11
16 9
23 7
7 23

Solution 17: 
1 11
16 9
18 8
7 23

Number of solutions found: 18

Changes at vertices: 
5 8 -> 5 7
Change visibility: 18 8
----------------------------------
Removal 15: 
Solution 0: 
13 24
16 9
7 12

Solution 1: 
16 9
7 12
7 23

Solution 2: 
1 11
16 9
7 23

Number of solutions found: 3

Changes at vertices: 
5 9 -> 5 8
Change visibility: 16 9
----------------------------------
Removal 16: 
Solution 0: 
13 24
16 9
7 12

Solution 1: 
16 9
7 12
7 23

Solution 2: 
1 11
16 9
7 23

Number of solutions found: 3

Changes at vertices: 
Change visibility: 11 10
16 10 -> 16 9
----------------------------------
Removal 17: 
Solution 0: 
1 21
14 12
7 23

Solution 1: 
14 12
3 21
7 23

Solution 2: 
14 12
7 12
7 23

Solution 3: 
13 24
14 12
7 12

Solution 4: 
13 24
16 10
7 12

Solution 5: 
16 10
7 12
7 23

Solution 6: 
13 24
14 12
3 21

Solution 7: 
1 11
14 12
7 23

Solution 8: 
1 11
16 10
7 23

Number of solutions found: 9

Changes at vertices: 
New Vertex: 11 11
16 11 -> 16 10
----------------------------------
Removal 18: 
Solution 0: 
1 21
14 12
7 23

Solution 1: 
14 12
3 21
7 23

Solution 2: 
14 12
7 12
7 23

Solution 3: 
16 11
7 12
7 23

Solution 4: 
13 24
16 11
7 12

Solution 5: 
13 24
16 13
7 12

Solution 6: 
13 24
14 13
7 12

Solution 7: 
13 24
14 12
7 12

Solution 8: 
14 13
7 12
7 23

Solution 9: 
16 13
7 12
7 23

Solution 10: 
1 11
16 13
7 23

Solution 11: 
1 11
14 13
7 23

Solution 12: 
1 11
14 12
7 23

Solution 13: 
13 24
14 12
3 21

Solution 14: 
13 24
16 11
3 21

Solution 15: 
16 11
3 21
7 23

Solution 16: 
1 21
16 11
7 23

Solution 17: 
1 11
16 11
7 23

Number of solutions found: 18

Changes at vertices: 
16 12 -> 16 13
New Vertex: 14 12
----------------------------------
Removal 19: 
Solution 0: 
7 12
7 23

Solution 1: 
13 24
7 12

Solution 2: 
1 11
7 23

Number of solutions found: 3

Changes at vertices: 
New Vertex: 13 24
3 24 -> 3 25
----------------------------------
Removal 20: 
Solution 0: 
3 24
7 12

Solution 1: 
7 12
7 23

Solution 2: 
21 24
7 12

Solution 3: 
21 23
7 12

Solution 4: 
1 11
3 24

Solution 5: 
1 11
7 23

Number of solutions found: 6

Changes at vertices: 
Change visibility: 7 23
3 23 -> 3 24
----------------------------------
Removal 21: 
Solution 0: 
7 12

Number of solutions found: 1

Changes at vertices: 
7 21 -> 7 23
New Vertex: 3 21
----------------------------------
Removal 22: 
Solution 0: 
7 12

Solution 1: 
1 11

Number of solutions found: 2

Changes at vertices: 
New Vertex: 7 12
1 12 -> 1 21
----------------------------------
Removal 23: 
Solution 0: 
1 12

Solution 1: 
16 11

Solution 2: 
16 12

Solution 3: 
1 11

Number of solutions found: 4

