252
280 1907
280 1872
278 1872
278 1857
590 1857
590 1854
634 1854
634 1853
274 1853
274 1842
404 1842
404 1840
271 1840
271 1789
262 1789
262 1779
239 1779
239 1750
245 1750
245 1727
68 1727
68 1817
71 1817
71 1912
57 1912
57 2032
56 2032
56 1627
54 1627
54 1585
52 1585
52 1524
43 1524
43 1577
50 1577
50 1653
45 1653
45 1632
44 1632
44 1676
38 1676
38 1709
41 1709
41 1712
47 1712
47 1694
53 1694
53 2025
48 2025
48 2071
49 2071
49 2189
39 2189
39 2222
51 2222
51 2119
58 2119
58 2275
67 2275
67 2199
66 2199
66 2051
73 2051
73 2168
69 2168
69 2229
74 2229
74 2350
46 2350
46 2364
40 2364
40 2377
81 2377
81 2409
33 2409
33 2375
32 2375
32 2122
30 2122
30 1699
27 1699
27 1353
31 1353
31 1304
35 1304
35 1447
34 1447
34 2042
37 2042
37 1826
36 1826
36 1283
63 1283
63 1284
64 1284
64 1297
118 1297
118 1272
62 1272
62 1267
111 1267
111 1255
130 1255
130 1186
123 1186
123 1057
121 1057
121 1169
115 1169
115 1176
122 1176
122 1188
125 1188
125 1236
128 1236
128 1251
55 1251
55 1245
114 1245
114 1241
127 1241
127 1237
42 1237
42 1280
26 1280
26 1865
25 1865
25 2211
29 2211
29 2416
80 2416
80 2481
4 2481
4 2417
19 2417
19 2392
12 2392
12 2386
1 2386
1 2486
28 2486
28 2484
112 2484
112 2487
126 2487
126 2469
129 2469
129 2482
135 2482
135 2468
120 2468
120 2430
117 2430
117 2453
116 2453
116 2420
113 2420
113 2467
109 2467
109 2474
110 2474
110 2480
93 2480
93 2363
91 2363
91 2337
77 2337
77 2055
78 2055
78 2001
70 2001
70 1973
65 1973
65 2102
61 2102
61 2236
60 2236
60 2195
59 2195
59 1948
75 1948
75 1915
88 1915
88 1818
96 1818
96 1815
86 1815
86 1809
83 1809
83 1761
90 1761
90 1746
89 1746
89 1734
107 1734
107 1745
119 1745
119 1757
124 1757
124 1739
152 1739
152 1735
203 1735
203 1731
234 1731
234 1785
261 1785
261 1813
269 1813
269 1884
205 1884
205 1883
231 1883
231 1871
194 1871
194 1863
142 1863
142 1954
138 1954
138 1960
147 1960
147 1941
148 1941
148 1998
154 1998
154 2365
153 2365
153 2394
151 2394
151 2435
157 2435
157 2476
141 2476
141 2483
158 2483
158 2334
156 2334
156 2255
160 2255
160 2192
155 2192
155 1925
149 1925
149 1869
190 1869
190 1873
209 1873
209 1880
227 1880
227 1881
193 1881
193 1907
