1140
938 661
938 644
899 644
899 560
921 560
921 554
887 554
887 571
842 571
842 602
836 602
836 605
847 605
847 657
822 657
822 888
820 888
820 1095
819 1095
819 1124
824 1124
824 1212
844 1212
844 1367
878 1367
878 1420
872 1420
872 1498
880 1498
880 1553
883 1553
883 1799
874 1799
874 1711
869 1711
869 1706
881 1706
881 1595
858 1595
858 1630
856 1630
856 1505
857 1505
857 1499
851 1499
851 1514
848 1514
848 1530
854 1530
854 1681
859 1681
859 1613
866 1613
866 1719
870 1719
870 1878
877 1878
877 1909
875 1909
875 1933
876 1933
876 1946
821 1946
821 1947
816 1947
816 2017
758 2017
758 1969
782 1969
782 1913
360 1913
360 1910
725 1910
725 1908
592 1908
592 1907
280 1907
280 1872
278 1872
278 1857
590 1857
590 1854
634 1854
634 1853
274 1853
274 1842
404 1842
404 1840
271 1840
271 1789
262 1789
262 1779
239 1779
239 1750
245 1750
245 1727
68 1727
68 1817
71 1817
71 1912
57 1912
57 2032
56 2032
56 1627
54 1627
54 1585
52 1585
52 1524
43 1524
43 1577
50 1577
50 1653
45 1653
45 1632
44 1632
44 1676
38 1676
38 1709
41 1709
41 1712
47 1712
47 1694
53 1694
53 2025
48 2025
48 2071
49 2071
49 2189
39 2189
39 2222
51 2222
51 2119
58 2119
58 2275
67 2275
67 2199
66 2199
66 2051
73 2051
73 2168
69 2168
69 2229
74 2229
74 2350
46 2350
46 2364
40 2364
40 2377
81 2377
81 2409
33 2409
33 2375
32 2375
32 2122
30 2122
30 1699
27 1699
27 1353
31 1353
31 1304
35 1304
35 1447
34 1447
34 2042
37 2042
37 1826
36 1826
36 1283
63 1283
63 1284
64 1284
64 1297
118 1297
118 1272
62 1272
62 1267
111 1267
111 1255
130 1255
130 1186
123 1186
123 1057
121 1057
121 1169
115 1169
115 1176
122 1176
122 1188
125 1188
125 1236
128 1236
128 1251
55 1251
55 1245
114 1245
114 1241
127 1241
127 1237
42 1237
42 1280
26 1280
26 1865
25 1865
25 2211
29 2211
29 2416
80 2416
80 2481
4 2481
4 2417
19 2417
19 2392
12 2392
12 2386
1 2386
1 2486
28 2486
28 2484
112 2484
112 2487
126 2487
126 2469
129 2469
129 2482
135 2482
135 2468
120 2468
120 2430
117 2430
117 2453
116 2453
116 2420
113 2420
113 2467
109 2467
109 2474
110 2474
110 2480
93 2480
93 2363
91 2363
91 2337
77 2337
77 2055
78 2055
78 2001
70 2001
70 1973
65 1973
65 2102
61 2102
61 2236
60 2236
60 2195
59 2195
59 1948
75 1948
75 1915
88 1915
88 1818
96 1818
96 1815
86 1815
86 1809
83 1809
83 1761
90 1761
90 1746
89 1746
89 1734
107 1734
107 1745
119 1745
119 1757
124 1757
124 1739
152 1739
152 1735
203 1735
203 1731
234 1731
234 1785
261 1785
261 1813
269 1813
269 1884
205 1884
205 1883
231 1883
231 1871
194 1871
194 1863
142 1863
142 1954
138 1954
138 1960
147 1960
147 1941
148 1941
148 1998
154 1998
154 2365
153 2365
153 2394
151 2394
151 2435
157 2435
157 2476
145 2476
145 2451
144 2451
144 2455
137 2455
137 2490
139 2490
139 2492
133 2492
133 2491
131 2491
131 2495
132 2495
132 2497
140 2497
140 2471
141 2471
141 2485
146 2485
146 2494
162 2494
162 2483
158 2483
158 2334
156 2334
156 2255
159 2255
159 2276
160 2276
160 2192
155 2192
155 1925
149 1925
149 1869
190 1869
190 1873
209 1873
209 1880
227 1880
227 1881
193 1881
193 1914
587 1914
587 1916
666 1916
666 1918
644 1918
644 1917
639 1917
639 1923
504 1923
504 1920
174 1920
174 1922
434 1922
434 1924
746 1924
746 1931
776 1931
776 1942
766 1942
766 1944
775 1944
775 1961
780 1961
780 1964
674 1964
674 1965
626 1965
626 1966
401 1966
401 1986
358 1986
358 2006
332 2006
332 2005
286 2005
286 2045
369 2045
369 2062
333 2062
333 2066
296 2066
296 2074
442 2074
442 1993
700 1993
700 2002
708 2002
708 1990
665 1990
665 1992
513 1992
513 1991
515 1991
515 1988
627 1988
627 1977
609 1977
609 1983
586 1983
586 1982
441 1982
441 2043
417 2043
417 2041
330 2041
330 2033
290 2033
290 2027
396 2027
396 2000
411 2000
411 1971
747 1971
747 2008
739 2008
739 2021
882 2021
882 2020
853 2020
853 1952
884 1952
884 1546
885 1546
885 1392
879 1392
879 1360
860 1360
860 1322
863 1322
863 1340
890 1340
890 1299
891 1299
891 1256
873 1256
873 1240
871 1240
871 1259
849 1259
849 1315
845 1315
845 1228
861 1228
861 1223
867 1223
867 1227
900 1227
900 1588
898 1588
898 1655
901 1655
901 1489
902 1489
902 1335
903 1335
903 2123
926 2123
926 2128
933 2128
933 2150
937 2150
937 2259
932 2259
932 2258
756 2258
756 2197
667 2197
667 2203
671 2203
671 2226
660 2226
660 2092
449 2092
449 2094
374 2094
374 2097
409 2097
409 2098
578 2098
578 2105
458 2105
458 2100
277 2100
277 2103
287 2103
287 2111
316 2111
316 2133
288 2133
288 2146
328 2146
328 2153
342 2153
342 2165
335 2165
335 2170
425 2170
425 2174
579 2174
579 2173
491 2173
491 2161
415 2161
415 2152
329 2152
329 2141
354 2141
354 2118
362 2118
362 2138
382 2138
382 2109
437 2109
437 2110
455 2110
455 2106
610 2106
610 2121
562 2121
562 2126
630 2126
630 2108
659 2108
659 2243
710 2243
710 2237
703 2237
703 2219
692 2219
692 2201
712 2201
712 2206
732 2206
732 2266
799 2266
799 2270
805 2270
805 2269
831 2269
831 2273
818 2273
818 2274
838 2274
838 2260
839 2260
839 2261
928 2261
928 2264
940 2264
940 2238
942 2238
942 2081
923 2081
923 2053
910 2053
910 2116
904 2116
904 1468
905 1468
905 1824
906 1824
906 1989
907 1989
907 2039
934 2039
934 2024
908 2024
908 1249
911 1249
911 1400
915 1400
915 1583
912 1583
912 1691
913 1691
913 1730
918 1730
918 1823
914 1823
914 1832
920 1832
920 1671
922 1671
922 1725
929 1725
929 1827
931 1827
931 1482
930 1482
930 1574
924 1574
924 1265
925 1265
925 1230
919 1230
919 1640
917 1640
917 1196
909 1196
909 1198
893 1198
893 1122
889 1122
889 1226
888 1226
888 1199
825 1199
825 1114
823 1114
823 671
843 671
843 678
886 678
886 675
852 675
852 636
850 636
850 612
864 612
864 599
865 599
865 620
894 620
894 555
896 555
896 625
892 625
892 652
916 652
916 647
936 647
936 654
935 654
935 771
939 771
939 715
941 715
941 697
969 697
969 747
965 747
965 777
953 777
953 791
972 791
972 714
987 714
987 728
983 728
983 830
981 830
981 894
1004 894
1004 893
1013 893
1013 912
979 912
979 911
977 911
977 909
974 909
974 944
992 944
992 938
975 938
975 932
988 932
988 930
1006 930
1006 1008
1007 1008
1007 965
1009 965
1009 960
1025 960
1025 968
1023 968
1023 1050
1030 1050
1030 1028
1041 1028
1041 1035
1055 1035
1055 1042
1059 1042
1059 1055
1024 1055
1024 1064
1078 1064
1078 916
1100 916
1100 901
1104 901
1104 908
1103 908
1103 964
1108 964
1108 1004
1107 1004
1107 1076
1105 1076
1105 1173
1113 1173
1113 988
1116 988
1116 1059
1118 1059
1118 1193
1126 1193
1126 1231
1124 1231
1124 1216
1121 1216
1121 1570
1131 1570
1131 1726
1140 1726
1140 1657
1144 1657
1144 1412
1129 1412
1129 1316
1127 1316
1127 1270
1133 1270
1133 1310
1134 1310
1134 1348
1137 1348
1137 1243
1148 1243
1148 1683
1146 1683
1146 1656
1145 1656
1145 1777
1161 1777
1161 1611
1195 1611
1195 1612
1170 1612
1170 1647
1165 1647
1165 1662
1219 1662
1219 1822
1232 1822
1232 1512
1238 1512
1238 1680
1242 1680
1242 1861
1239 1861
1239 1889
1246 1889
1246 1882
1265 1882
1265 1975
1266 1975
1266 2030
1244 2030
1244 2009
1240 2009
1240 2019
1231 2019
1231 2018
1221 2018
1221 2028
1197 2028
1197 2038
1237 2038
1237 2080
1252 2080
1252 2036
1270 2036
1270 2087
1268 2087
1268 2131
1254 2131
1254 2136
1256 2136
1256 2145
1213 2145
1213 2323
1193 2323
1193 2268
1188 2268
1188 2250
1192 2250
1192 2090
1190 2090
1190 2224
1178 2224
1178 2230
1180 2230
1180 2298
1183 2298
1183 2367
1167 2367
1167 2333
1162 2333
1162 2381
1181 2381
1181 2382
1204 2382
1204 2389
1234 2389
1234 2411
1255 2411
1255 2410
1307 2410
1307 2443
1306 2443
1306 2426
1303 2426
1303 2445
1360 2445
1360 2452
1262 2452
1262 2466
1371 2466
1371 2464
1350 2464
1350 2462
1284 2462
1284 2460
1294 2460
1294 2459
1263 2459
1263 2458
1365 2458
1365 2449
1373 2449
1373 2457
1525 2457
1525 2456
1607 2456
1607 2454
1571 2454
1571 2446
1513 2446
1513 2440
1644 2440
1644 2438
1717 2438
1717 2447
1705 2447
1705 2463
1702 2463
1702 2475
1641 2475
1641 2499
1674 2499
1674 2498
1673 2498
1673 2489
1649 2489
1649 2479
1706 2479
1706 2465
1712 2465
1712 2478
1711 2478
1711 2493
1714 2493
1714 2500
1722 2500
1722 2496
1762 2496
1762 2461
1758 2461
1758 2473
1755 2473
1755 2488
1719 2488
1719 2422
1692 2422
1692 2419
1680 2419
1680 2423
1670 2423
1670 2399
1869 2399
1869 2400
2106 2400
2106 2402
2000 2402
2000 2403
1783 2403
1783 2404
1894 2404
1894 2432
1901 2432
1901 2439
1888 2439
1888 2421
1863 2421
1863 2448
1865 2448
1865 2477
1873 2477
1873 2429
1885 2429
1885 2472
1898 2472
1898 2470
1906 2470
1906 2405
2081 2405
2081 2407
2390 2407
2390 2401
2344 2401
2344 2406
2206 2406
2206 2396
2236 2396
2236 2391
2146 2391
2146 2284
2141 2284
2141 2244
2157 2244
2157 2216
2155 2216
2155 2143
2148 2143
2148 2154
2142 2154
2142 2130
2160 2130
2160 2257
2162 2257
2162 2347
2226 2347
2226 2352
2240 2352
2240 2349
2362 2349
2362 2331
2360 2331
2360 2282
2339 2282
2339 2338
2320 2338
2320 2339
2244 2339
2244 2342
2336 2342
2336 2346
2295 2346
2295 2344
2165 2344
2165 2175
2166 2175
2166 2137
2161 2137
2161 2134
2179 2134
2179 2112
2144 2112
2144 2095
2181 2095
2181 2160
2188 2160
2188 2204
2373 2204
2373 2210
2284 2210
2284 2213
2355 2213
2355 2220
2357 2220
2357 2256
2403 2256
2403 2057
2414 2057
2414 1956
2417 1956
2417 1943
2412 1943
2412 1821
2411 1821
2411 1551
2410 1551
2410 1622
2408 1622
2408 1994
2413 1994
2413 2007
2407 2007
2407 2022
2409 2022
2409 2029
2396 2029
2396 2034
2402 2034
2402 2107
2385 2107
2385 2182
2389 2182
2389 2190
2384 2190
2384 2200
2192 2200
2192 2169
2189 2169
2189 2139
2185 2139
2185 2078
2118 2078
2118 2115
2143 2115
2143 2125
2117 2125
2117 2151
2125 2151
2125 2144
2136 2144
2136 2209
2116 2209
2116 2245
2140 2245
2140 2388
2122 2388
2122 2393
2172 2393
2172 2395
2068 2395
2068 2398
1667 2398
1667 2408
1636 2408
1636 2436
1488 2436
1488 2442
1417 2442
1417 2450
1374 2450
1374 2444
1363 2444
1363 2441
1333 2441
1333 2437
1316 2437
1316 2397
1320 2397
1320 2378
1281 2378
1281 2374
1169 2374
1169 2370
1203 2370
1203 2354
1207 2354
1207 2340
1214 2340
1214 2191
1272 2191
1272 2166
1243 2166
1243 2164
1274 2164
1274 1866
1289 1866
1289 1852
1247 1852
1247 1644
1241 1644
1241 1443
1230 1443
1230 1631
1223 1631
1223 1760
1220 1760
1220 1659
1196 1659
1196 1594
1160 1594
1160 1773
1158 1773
1158 1764
1153 1764
1153 1673
1150 1673
1150 1120
1147 1120
1147 1069
1120 1069
1120 987
1111 987
1111 1088
1109 1088
1109 899
1079 899
1079 914
1076 914
1076 1056
1072 1056
1072 1041
1057 1041
1057 1034
1043 1034
1043 1020
1049 1020
1049 1013
1044 1013
1044 1001
1027 1001
1027 957
1016 957
1016 891
1012 891
1012 890
991 890
991 808
985 808
985 807
1003 807
1003 768
989 768
989 754
995 754
995 693
970 693
970 681
959 681
959 677
960 677
960 661
