544
844 1212
844 1367
878 1367
878 1420
872 1420
872 1498
880 1498
880 1553
883 1553
883 1799
874 1799
874 1711
869 1711
869 1706
881 1706
881 1595
858 1595
858 1630
856 1630
856 1505
857 1505
857 1499
851 1499
851 1514
848 1514
848 1530
854 1530
854 1681
859 1681
859 1613
866 1613
866 1719
870 1719
870 1878
877 1878
877 1909
875 1909
875 1933
876 1933
876 1946
821 1946
821 1947
816 1947
816 2017
758 2017
758 1969
782 1969
782 1913
360 1913
360 1910
725 1910
725 1908
592 1908
592 1907
280 1907
280 1872
278 1872
278 1857
590 1857
590 1854
634 1854
634 1853
274 1853
274 1842
404 1842
404 1840
271 1840
271 1789
262 1789
262 1779
239 1779
239 1750
245 1750
245 1727
68 1727
68 1817
71 1817
71 1912
57 1912
57 2032
56 2032
56 1627
54 1627
54 1585
52 1585
52 1524
43 1524
43 1577
50 1577
50 1653
45 1653
45 1632
44 1632
44 1676
38 1676
38 1709
41 1709
41 1712
47 1712
47 1694
53 1694
53 2025
48 2025
48 2071
49 2071
49 2189
39 2189
39 2222
51 2222
51 2119
58 2119
58 2275
67 2275
67 2199
66 2199
66 2051
73 2051
73 2168
69 2168
69 2229
74 2229
74 2350
46 2350
46 2364
40 2364
40 2377
81 2377
81 2409
33 2409
33 2375
32 2375
32 2122
30 2122
30 1699
27 1699
27 1353
31 1353
31 1304
35 1304
35 1447
34 1447
34 2042
37 2042
37 1826
36 1826
36 1283
63 1283
63 1284
64 1284
64 1297
118 1297
118 1272
62 1272
62 1267
111 1267
111 1255
130 1255
130 1186
123 1186
123 1057
121 1057
121 1169
115 1169
115 1176
122 1176
122 1188
125 1188
125 1236
128 1236
128 1251
55 1251
55 1245
114 1245
114 1241
127 1241
127 1237
42 1237
42 1280
26 1280
26 1865
25 1865
25 2211
29 2211
29 2416
80 2416
80 2481
4 2481
4 2417
19 2417
19 2392
12 2392
12 2386
1 2386
1 2486
28 2486
28 2484
112 2484
112 2487
126 2487
126 2469
129 2469
129 2482
135 2482
135 2468
120 2468
120 2430
117 2430
117 2453
116 2453
116 2420
113 2420
113 2467
109 2467
109 2474
110 2474
110 2480
93 2480
93 2363
91 2363
91 2337
77 2337
77 2055
78 2055
78 2001
70 2001
70 1973
65 1973
65 2102
61 2102
61 2236
60 2236
60 2195
59 2195
59 1948
75 1948
75 1915
88 1915
88 1818
96 1818
96 1815
86 1815
86 1809
83 1809
83 1761
90 1761
90 1746
89 1746
89 1734
107 1734
107 1745
119 1745
119 1757
124 1757
124 1739
152 1739
152 1735
203 1735
203 1731
234 1731
234 1785
261 1785
261 1813
269 1813
269 1884
205 1884
205 1883
231 1883
231 1871
194 1871
194 1863
142 1863
142 1954
138 1954
138 1960
147 1960
147 1941
148 1941
148 1998
154 1998
154 2365
153 2365
153 2394
151 2394
151 2435
157 2435
157 2476
145 2476
145 2451
144 2451
144 2455
137 2455
137 2490
139 2490
139 2492
133 2492
133 2491
131 2491
131 2495
132 2495
132 2497
140 2497
140 2471
141 2471
141 2485
146 2485
146 2494
162 2494
162 2483
158 2483
158 2334
156 2334
156 2255
159 2255
159 2276
160 2276
160 2192
155 2192
155 1925
149 1925
149 1869
190 1869
190 1873
209 1873
209 1880
227 1880
227 1881
193 1881
193 1914
587 1914
587 1916
666 1916
666 1918
644 1918
644 1917
639 1917
639 1923
504 1923
504 1920
174 1920
174 1922
434 1922
434 1924
746 1924
746 1931
776 1931
776 1942
766 1942
766 1944
775 1944
775 1961
780 1961
780 1964
674 1964
674 1965
626 1965
626 1966
401 1966
401 1986
358 1986
358 2006
332 2006
332 2005
286 2005
286 2045
369 2045
369 2062
333 2062
333 2066
296 2066
296 2074
442 2074
442 1993
700 1993
700 2002
708 2002
708 1990
665 1990
665 1992
513 1992
513 1991
515 1991
515 1988
627 1988
627 1977
609 1977
609 1983
586 1983
586 1982
441 1982
441 2043
417 2043
417 2041
330 2041
330 2033
290 2033
290 2027
396 2027
396 2000
411 2000
411 1971
747 1971
747 2008
739 2008
739 2021
882 2021
882 2020
853 2020
853 1952
884 1952
884 1546
885 1546
885 1392
879 1392
879 1360
860 1360
860 1322
863 1322
863 1340
890 1340
890 1299
891 1299
891 1256
873 1256
873 1240
871 1240
871 1259
849 1259
849 1315
845 1315
845 1228
861 1228
861 1223
867 1223
867 1227
900 1227
900 1588
898 1588
898 1655
901 1655
901 1489
902 1489
902 1335
903 1335
903 2123
926 2123
926 2128
933 2128
933 2150
937 2150
937 2259
932 2259
932 2258
756 2258
756 2197
667 2197
667 2203
671 2203
671 2226
660 2226
660 2092
449 2092
449 2094
374 2094
374 2097
409 2097
409 2098
578 2098
578 2105
458 2105
458 2100
277 2100
277 2103
287 2103
287 2111
316 2111
316 2133
288 2133
288 2146
328 2146
328 2153
342 2153
342 2165
335 2165
335 2170
425 2170
425 2174
579 2174
579 2173
491 2173
491 2161
415 2161
415 2152
329 2152
329 2141
354 2141
354 2118
362 2118
362 2138
382 2138
382 2109
437 2109
437 2110
455 2110
455 2106
610 2106
610 2121
562 2121
562 2126
630 2126
630 2108
659 2108
659 2243
710 2243
710 2237
703 2237
703 2219
692 2219
692 2201
712 2201
712 2206
732 2206
732 2266
799 2266
799 2270
805 2270
805 2269
831 2269
831 2273
818 2273
818 2274
838 2274
838 2260
940 2260
940 2238
942 2238
942 2116
904 2116
904 1468
908 1468
908 1249
917 1249
917 1226
888 1226
888 1212
