1356
780 262
780 239
770 239
770 232
830 232
830 217
840 217
840 108
859 108
859 89
854 89
854 67
846 67
846 45
751 45
751 48
750 48
750 66
747 66
747 51
749 51
749 24
746 24
746 16
744 16
744 69
748 69
748 85
743 85
743 80
737 80
737 78
716 78
716 68
695 68
695 59
669 59
669 76
667 76
667 77
670 77
670 83
585 83
585 86
552 86
552 94
556 94
556 90
595 90
595 95
600 95
600 93
616 93
616 97
536 97
536 102
539 102
539 153
534 153
534 221
530 221
530 223
515 223
515 250
502 250
502 323
499 323
499 487
481 487
481 527
463 527
463 560
487 560
487 587
462 587
462 524
460 524
460 595
467 595
467 598
470 598
470 615
453 615
453 509
451 509
451 479
455 479
455 388
458 388
458 381
446 381
446 258
433 258
433 215
429 215
429 136
407 136
407 165
388 165
388 166
386 166
386 175
364 175
364 184
314 184
314 186
235 186
235 438
224 438
224 325
210 325
210 322
198 322
198 300
197 300
197 312
194 312
194 371
215 371
215 427
207 427
207 444
211 444
211 594
203 594
203 651
208 651
208 688
204 688
204 701
175 701
175 742
180 742
180 747
129 747
129 748
146 748
146 769
136 769
136 770
144 770
144 787
137 787
137 789
157 789
157 749
162 749
162 757
183 757
183 715
186 715
186 892
184 892
184 966
132 966
132 973
251 973
251 978
218 978
218 1035
219 1035
219 1016
227 1016
227 1067
228 1067
228 1079
11 1079
11 1083
107 1083
107 1088
16 1088
16 1091
225 1091
225 1097
126 1097
126 1098
99 1098
99 1101
127 1101
127 1099
252 1099
252 1106
253 1106
253 1137
265 1137
265 1149
238 1149
238 1150
256 1150
256 1165
268 1165
268 1151
269 1151
269 1159
270 1159
270 1174
245 1174
245 1183
21 1183
21 1184
50 1184
50 1196
7 1196
7 1145
4 1145
4 991
6 991
6 968
5 968
5 967
1 967
1 970
2 970
2 1048
3 1048
3 1222
8 1222
8 1208
112 1208
112 1199
121 1199
121 1209
471 1209
471 1214
276 1214
276 1212
273 1212
273 1215
249 1215
249 1216
14 1216
14 1217
387 1217
387 1218
293 1218
293 1220
108 1220
108 1221
544 1221
544 1219
527 1219
527 1211
524 1211
524 1198
551 1198
551 1210
568 1210
568 1192
501 1192
501 1191
522 1191
522 1189
483 1189
483 1182
450 1182
450 1181
447 1181
447 1195
473 1195
473 1202
479 1202
479 1205
494 1205
494 1207
360 1207
360 1204
363 1204
363 1201
335 1201
335 1188
322 1188
322 1179
543 1179
543 1171
589 1171
589 1172
668 1172
668 1157
657 1157
657 1155
643 1155
643 1146
599 1146
599 1140
684 1140
684 1143
685 1143
685 1135
665 1135
665 1133
604 1133
604 1062
609 1062
609 1046
612 1046
612 1124
640 1124
640 1130
675 1130
675 1125
694 1125
694 1120
613 1120
613 1112
679 1112
679 1115
705 1115
705 1109
702 1109
702 1095
697 1095
697 1066
712 1066
712 1082
721 1082
721 1122
720 1122
720 1154
725 1154
725 1190
726 1190
726 1213
729 1213
729 1229
849 1229
849 1226
787 1226
787 1225
829 1225
829 1224
866 1224
866 1231
921 1231
921 1237
869 1237
869 1248
745 1248
745 1232
689 1232
689 1230
682 1230
682 1236
683 1236
683 1235
690 1235
690 1233
707 1233
707 1234
713 1234
713 1239
715 1239
715 1238
742 1238
742 1241
577 1241
577 1240
563 1240
563 1244
601 1244
601 1243
672 1243
672 1247
732 1247
732 1246
701 1246
701 1242
734 1242
734 1250
837 1250
837 1249
896 1249
896 1245
928 1245
928 1228
923 1228
923 1227
891 1227
891 1223
731 1223
731 1108
730 1108
730 1070
723 1070
723 1147
722 1147
722 1073
718 1073
718 1063
710 1063
710 998
727 998
727 999
755 999
755 1004
806 1004
806 1009
763 1009
763 1006
758 1006
758 1008
740 1008
740 1018
738 1018
738 1022
761 1022
761 1013
768 1013
768 1021
808 1021
808 1015
848 1015
848 1010
864 1010
864 1002
868 1002
868 1019
874 1019
874 1056
880 1056
880 1047
879 1047
879 1044
875 1044
875 1003
876 1003
876 994
865 994
865 992
836 992
836 997
778 997
778 1001
757 1001
757 995
728 995
728 996
709 996
709 1037
706 1037
706 1061
704 1061
704 1011
700 1011
700 1025
698 1025
698 1053
696 1053
696 1071
688 1071
688 1110
628 1110
628 1103
622 1103
622 1096
617 1096
617 1086
661 1086
661 1058
663 1058
663 1045
674 1045
674 1050
677 1050
677 1043
662 1043
662 1041
659 1041
659 1051
660 1051
660 1076
647 1076
647 1072
650 1072
650 1026
639 1026
639 1007
624 1007
624 1032
621 1032
621 1039
607 1039
607 1060
603 1060
603 1092
581 1092
581 1042
592 1042
592 1014
587 1014
587 1030
573 1030
573 1059
575 1059
575 1105
565 1105
565 1119
571 1119
571 1127
561 1127
561 1111
538 1111
538 1123
560 1123
560 1131
510 1131
510 1107
495 1107
495 1138
486 1138
486 1129
485 1129
485 1132
454 1132
454 1141
528 1141
528 1134
572 1134
572 1139
578 1139
578 1128
579 1128
579 1118
576 1118
576 1100
594 1100
594 1158
666 1158
666 1160
664 1160
664 1170
537 1170
537 1163
535 1163
535 1168
529 1168
529 1164
469 1164
469 1167
465 1167
465 1166
445 1166
445 1161
368 1161
368 1162
423 1162
423 1169
526 1169
526 1178
456 1178
456 1173
291 1173
291 1175
359 1175
359 1177
358 1177
358 1176
308 1176
308 1200
242 1200
242 1206
169 1206
169 1197
106 1197
106 1193
104 1193
104 1203
54 1203
54 1194
84 1194
84 1185
155 1185
155 1186
285 1186
285 1187
290 1187
290 1152
296 1152
296 1156
309 1156
309 1087
307 1087
307 1153
306 1153
306 1031
315 1031
315 1144
317 1144
317 1081
318 1081
318 1077
323 1077
323 1069
321 1069
321 1040
316 1040
316 1020
319 1020
319 993
312 993
312 1028
305 1028
305 1068
304 1068
304 1102
301 1102
301 1038
303 1038
303 1000
295 1000
295 1017
297 1017
297 1024
298 1024
298 1005
299 1005
299 1027
300 1027
300 1113
302 1113
302 1126
292 1126
292 1148
286 1148
286 1180
274 1180
274 1116
260 1116
260 1093
243 1093
243 1090
130 1090
130 1089
181 1089
181 1085
231 1085
231 1023
232 1023
232 990
230 990
230 986
250 986
250 981
289 981
289 972
156 972
156 969
190 969
190 739
191 739
191 734
206 734
206 741
199 741
199 776
200 776
200 781
201 781
201 913
202 913
202 828
205 828
205 766
212 766
212 603
214 603
214 601
216 601
216 483
217 483
217 345
223 345
223 352
222 352
222 375
221 375
221 351
220 351
220 476
226 476
226 448
229 448
229 459
255 459
255 555
262 555
262 657
294 657
294 631
279 631
279 652
272 652
272 645
266 645
266 585
264 585
264 378
263 378
263 369
267 369
267 382
271 382
271 362
282 362
282 364
275 364
275 624
277 624
277 625
278 625
278 505
280 505
280 630
281 630
281 494
283 494
283 344
287 344
287 342
284 342
284 283
261 283
261 455
259 455
259 361
257 361
257 453
248 453
248 267
246 267
246 393
247 393
247 416
241 416
241 395
240 395
240 441
239 441
239 445
237 445
237 255
236 255
236 187
371 187
371 176
418 176
418 167
410 167
410 146
425 146
425 142
428 142
428 222
431 222
431 401
432 401
432 727
404 727
404 708
417 708
417 695
402 695
402 639
408 639
408 656
420 656
420 633
406 633
406 629
398 629
398 383
409 383
409 397
413 397
413 468
419 468
419 400
424 400
424 347
416 347
416 380
403 380
403 346
394 346
394 392
390 392
390 337
421 337
421 319
400 319
400 329
383 329
383 209
411 209
411 203
414 203
414 193
397 193
397 205
339 205
339 218
336 218
336 225
362 225
362 290
365 290
365 274
366 274
366 261
370 261
370 220
369 220
369 219
352 219
352 207
356 207
356 206
382 206
382 372
381 372
381 358
380 358
380 316
378 316
378 313
377 313
377 399
375 399
375 377
374 377
374 417
395 417
395 732
392 732
392 710
393 710
393 567
391 567
391 490
389 490
389 655
385 655
385 738
426 738
426 866
396 866
396 858
422 858
422 839
412 839
412 840
415 840
415 850
401 850
401 846
326 846
326 755
329 755
329 785
330 785
330 812
333 812
333 827
338 827
338 826
372 826
372 824
346 824
346 804
341 804
341 792
354 792
354 780
373 780
373 777
367 777
367 772
357 772
357 761
361 761
361 744
349 744
349 768
343 768
343 745
325 745
325 872
328 872
328 848
350 848
350 854
345 854
345 917
344 917
344 930
342 930
342 878
332 878
332 931
340 931
340 940
348 940
348 879
351 879
351 877
376 877
376 868
427 868
427 783
430 783
430 823
434 823
434 774
437 774
437 762
441 762
441 562
439 562
439 721
438 721
438 678
435 678
435 588
436 588
436 415
442 415
442 403
440 403
440 394
443 394
443 398
448 398
448 707
452 707
452 703
459 703
459 702
497 702
497 714
508 714
508 692
523 692
523 682
500 682
500 693
449 693
449 635
478 635
478 675
490 675
490 673
493 673
493 646
504 646
504 574
505 574
505 650
513 650
513 565
512 565
512 557
491 557
491 553
496 553
496 551
472 551
472 531
503 531
503 530
525 530
525 529
498 529
498 492
506 492
506 456
509 456
509 402
507 402
507 256
516 256
516 519
520 519
520 484
533 484
533 426
545 426
545 465
553 465
553 658
555 658
555 576
558 576
558 758
559 758
559 819
582 819
582 851
586 851
586 915
580 915
580 919
583 919
583 928
631 928
631 933
634 933
634 926
591 926
591 832
597 832
597 921
596 921
596 925
598 925
598 870
602 870
602 831
590 831
590 889
588 889
588 808
608 808
608 800
652 800
652 811
655 811
655 778
658 778
658 754
654 754
654 736
632 736
632 713
619 713
619 642
642 642
642 592
641 592
641 547
637 547
637 543
635 543
635 618
627 618
627 510
630 510
630 526
633 526
633 517
636 517
636 516
656 516
656 502
648 502
648 485
618 485
618 514
626 514
626 597
625 597
625 599
623 599
623 608
615 608
615 573
611 573
611 554
605 554
605 580
610 580
610 638
614 638
614 722
620 722
620 760
649 760
649 764
653 764
653 799
646 799
646 775
638 775
638 786
644 786
644 798
606 798
606 803
593 803
593 791
584 791
584 818
569 818
569 763
567 763
567 729
566 729
566 782
562 782
562 493
557 493
557 552
554 552
554 451
549 451
549 460
547 460
547 409
548 409
548 389
532 389
532 480
521 480
521 297
518 297
518 244
541 244
541 199
540 199
540 191
542 191
542 114
546 114
546 151
550 151
550 118
564 118
564 105
570 105
570 116
673 116
673 122
676 122
676 125
678 125
678 115
651 115
651 112
574 112
574 107
645 107
645 101
629 101
629 87
671 87
671 61
681 61
681 100
686 100
686 75
699 75
699 70
708 70
708 74
714 74
714 91
735 91
735 92
736 92
736 98
739 98
739 104
753 104
753 46
813 46
813 49
831 49
831 56
832 56
832 63
828 63
828 109
833 109
833 96
839 96
839 211
786 211
786 208
767 208
767 216
756 216
756 224
754 224
754 230
764 230
764 308
762 308
762 421
765 421
765 379
774 379
774 367
773 367
773 353
776 353
776 348
802 348
802 334
803 334
803 411
805 411
805 431
788 431
788 436
809 436
809 470
781 470
781 602
792 602
792 611
793 611
793 591
784 591
784 556
789 556
789 535
799 535
799 513
790 513
790 478
798 478
798 498
814 498
814 419
815 419
815 512
816 512
816 648
782 648
782 636
759 636
759 659
766 659
766 653
807 653
807 660
775 660
775 677
801 677
801 679
772 679
772 711
791 711
791 767
794 767
794 883
804 883
804 886
861 886
861 876
903 876
903 895
904 895
904 899
906 899
906 900
901 900
901 902
1000 902
1000 904
986 904
986 903
862 903
862 906
853 906
853 893
838 893
838 891
835 891
835 897
827 897
827 932
847 932
847 929
852 929
852 912
860 912
860 920
857 920
857 922
863 922
863 916
877 916
877 908
851 908
851 907
882 907
882 911
938 911
938 909
922 909
922 905
969 905
969 910
1031 910
1031 901
1086 901
1086 927
1102 927
1102 934
1097 934
1097 987
1114 987
1114 989
1249 989
1249 975
1166 975
1166 976
1197 976
1197 979
1213 979
1213 982
1230 982
1230 980
1245 980
1245 983
1225 983
1225 985
1159 985
1159 988
1134 988
1134 984
1099 984
1099 936
1107 936
1107 924
1116 924
1116 923
1104 923
1104 918
1105 918
1105 914
1094 914
1094 898
1085 898
1085 896
907 896
907 875
850 875
850 873
881 873
881 871
834 871
834 867
800 867
800 863
796 863
796 790
795 790
795 720
817 720
817 408
812 408
812 328
771 328
771 357
769 357
769 262
