72
7 1196
7 1145
4 1145
4 991
6 991
6 968
5 968
5 967
1 967
1 970
2 970
2 1048
3 1048
3 1222
8 1222
8 1208
112 1208
112 1199
121 1199
121 1209
471 1209
471 1214
276 1214
276 1212
273 1212
273 1215
249 1215
249 1216
14 1216
14 1217
387 1217
387 1218
293 1218
293 1220
108 1220
108 1221
544 1221
544 1219
527 1219
527 1211
524 1211
524 1198
551 1198
551 1210
568 1210
568 1192
501 1192
501 1191
522 1191
522 1189
483 1189
483 1182
450 1182
450 1181
447 1181
447 1195
473 1195
473 1202
479 1202
479 1205
494 1205
494 1207
360 1207
360 1204
242 1204
242 1206
169 1206
169 1197
104 1197
104 1203
54 1203
54 1196
