234
1 13
1 18
56 18
56 21
60 21
60 20
58 20
58 19
62 19
62 16
64 16
64 57
55 57
55 55
35 55
35 46
42 46
42 34
40 34
40 26
33 26
33 24
5 24
5 35
12 35
12 31
16 31
16 47
14 47
14 50
15 50
15 49
17 49
17 27
28 27
28 44
19 44
19 53
20 53
20 68
71 68
71 90
47 90
47 72
27 72
27 76
18 76
18 95
54 95
54 97
87 97
87 96
101 96
101 89
104 89
104 104
126 104
126 91
135 91
135 105
138 105
138 85
136 85
136 83
139 83
139 81
154 81
154 77
166 77
166 99
171 99
171 78
176 78
176 88
179 88
179 107
170 107
170 108
85 108
85 113
94 113
94 114
82 114
82 116
100 116
100 112
120 112
120 119
144 119
144 120
189 120
189 121
128 121
128 130
146 130
146 135
155 135
155 144
140 144
140 158
143 158
143 163
149 163
149 150
151 150
151 145
156 145
156 165
132 165
132 167
131 167
131 172
188 172
188 175
168 175
168 177
130 177
130 178
99 178
99 174
93 174
93 161
95 161
95 155
96 155
96 166
108 166
108 156
114 156
114 159
116 159
116 162
117 162
117 154
89 154
89 173
91 173
91 179
197 179
197 169
174 169
174 168
165 168
165 147
158 147
158 127
129 127
129 125
133 125
133 122
190 122
190 118
141 118
141 111
118 111
118 110
148 110
148 109
194 109
194 102
193 102
193 100
183 100
183 79
178 79
178 75
169 75
169 84
167 84
167 73
122 73
122 45
145 45
145 48
162 48
162 39
184 39
184 41
192 41
192 38
163 38
163 36
175 36
175 33
198 33
198 30
196 30
196 29
172 29
172 32
160 32
160 43
119 43
119 101
121 101
121 86
124 86
124 103
110 103
110 98
115 98
115 71
97 71
97 93
79 93
79 94
46 94
46 92
77 92
77 67
78 67
78 66
24 66
24 63
37 63
37 62
21 62
21 60
80 60
80 59
81 59
81 56
84 56
84 54
72 54
72 51
66 51
66 23
69 23
69 15
32 15
32 14
4 14
4 13
