290
43 1
43 51
37 51
37 33
33 33
33 23
26 23
26 28
25 28
25 83
27 83
27 90
28 90
28 81
38 81
38 88
39 88
39 66
40 66
40 60
41 60
41 64
42 64
42 96
50 96
50 71
49 71
49 82
45 82
45 58
34 58
34 80
29 80
29 62
31 62
31 39
35 39
35 56
44 56
44 57
46 57
46 7
91 7
91 8
105 8
105 9
52 9
52 25
54 25
54 47
55 47
55 65
53 65
53 99
36 99
36 108
48 108
48 109
86 109
86 106
89 106
89 111
16 111
16 110
8 110
8 87
11 87
11 78
13 78
13 77
19 77
19 89
22 89
22 26
24 26
24 21
23 21
23 18
21 18
21 24
20 24
20 43
18 43
18 72
14 72
14 67
10 67
10 76
9 76
9 85
7 85
7 95
1 95
1 103
3 103
3 114
17 114
17 126
127 126
127 129
101 129
101 128
85 128
85 131
92 131
92 134
130 134
130 135
119 135
119 138
32 138
32 139
62 139
62 145
15 145
15 146
77 146
77 143
83 143
83 142
68 142
68 141
87 141
87 140
109 140
109 144
113 144
113 149
148 149
148 150
150 150
150 137
149 137
149 148
132 148
132 147
126 147
126 136
131 136
131 133
125 133
125 130
133 130
133 132
140 132
140 127
129 127
129 125
59 125
59 124
30 124
30 123
51 123
51 118
82 118
82 120
79 120
79 122
103 122
103 121
115 121
115 107
124 107
124 115
136 115
136 113
134 113
134 104
110 104
110 119
107 119
107 117
74 117
74 116
60 116
60 112
102 112
102 105
64 105
64 102
96 102
96 101
63 101
63 79
56 79
56 75
58 75
58 74
61 74
61 16
57 16
57 10
66 10
66 12
65 12
65 15
69 15
69 11
70 11
70 73
73 73
73 94
81 94
81 86
75 86
75 63
71 63
71 50
80 50
80 30
97 30
97 31
84 31
84 37
90 37
90 32
111 32
111 49
100 49
100 48
95 48
95 45
93 45
93 53
98 53
98 68
88 68
88 69
104 69
104 59
106 59
106 55
114 55
114 41
123 41
123 46
120 46
120 54
117 54
117 52
116 52
116 70
121 70
121 98
135 98
135 100
146 100
146 97
122 97
122 61
128 61
128 34
118 34
118 29
78 29
78 36
72 36
72 17
99 17
99 13
108 13
108 14
112 14
112 6
76 6
76 5
67 5
67 4
94 4
94 3
143 3
143 22
138 22
138 35
137 35
137 91
139 91
139 93
147 93
147 92
144 92
144 84
141 84
141 27
142 27
142 40
145 40
145 2
47 2
47 1
