88
574 592
574 612
577 612
577 628
605 628
605 656
617 656
617 633
618 633
618 618
659 618
659 681
632 681
632 686
485 686
485 689
443 689
443 706
462 706
462 731
406 731
406 724
394 724
394 738
481 738
481 733
503 733
503 741
247 741
247 740
113 740
113 723
63 723
63 735
33 735
33 734
14 734
14 718
1 718
1 728
11 728
11 737
67 737
67 729
74 729
74 739
58 739
58 745
78 745
78 725
81 725
81 730
110 730
110 744
140 744
140 743
318 743
318 742
507 742
507 727
470 727
470 716
479 716
479 695
446 695
446 690
623 690
623 691
517 691
517 736
520 736
520 715
530 715
530 692
562 692
562 710
666 710
666 697
661 697
661 653
663 653
663 609
615 609
615 636
608 636
608 594
604 594
604 592
