222
125 171
125 154
149 154
149 153
161 153
161 148
181 148
181 138
134 138
134 137
139 137
139 125
154 125
154 122
136 122
136 115
72 115
72 89
36 89
36 87
24 87
24 84
23 84
23 75
133 75
133 74
55 74
55 67
61 67
61 63
69 63
69 71
90 71
90 65
176 65
176 64
188 64
188 62
177 62
177 60
120 60
120 59
111 59
111 42
146 42
146 41
103 41
103 35
99 35
99 34
85 34
85 28
59 28
59 36
60 36
60 38
10 38
10 49
9 49
9 31
1 31
1 32
5 32
5 55
3 55
3 69
4 69
4 81
6 81
6 77
11 77
11 83
12 83
12 113
14 113
14 92
15 92
15 247
8 247
8 250
17 250
17 197
18 197
18 57
13 57
13 44
16 44
16 39
29 39
29 40
25 40
25 45
66 45
66 29
77 29
77 43
104 43
104 46
92 46
92 47
89 47
89 66
86 66
86 70
83 70
83 61
47 61
47 73
22 73
22 85
19 85
19 90
21 90
21 93
26 93
26 94
20 94
20 96
27 96
27 98
28 98
28 95
49 95
49 97
64 97
64 101
63 101
63 102
42 102
42 121
30 121
30 129
31 129
31 123
35 123
35 156
41 156
41 164
34 164
34 209
33 209
33 211
38 211
38 175
65 175
65 161
57 161
57 172
56 172
56 146
54 146
54 134
53 134
53 151
39 151
39 131
51 131
51 119
48 119
48 120
43 120
43 106
50 106
50 107
58 107
58 105
62 105
62 104
70 104
70 195
67 195
67 215
68 215
68 230
71 230
71 205
75 205
75 190
84 190
84 183
80 183
80 186
76 186
76 174
73 174
73 173
79 173
79 160
74 160
74 117
119 117
119 126
113 126
113 135
130 135
130 136
109 136
109 143
128 143
128 144
145 144
145 139
179 139
179 141
162 141
162 142
174 142
174 147
131 147
131 145
94 145
94 152
96 152
96 198
97 198
97 176
98 176
98 157
117 157
117 163
107 163
107 171
