442
208 1
208 3
213 3
213 4
164 4
164 5
202 5
202 6
193 6
193 9
199 9
199 11
227 11
227 88
220 88
220 82
214 82
214 86
217 86
217 103
221 103
221 149
222 149
222 181
210 181
210 168
216 168
216 158
219 158
219 130
212 130
212 132
207 132
207 133
211 133
211 140
203 140
203 165
200 165
200 162
195 162
195 166
205 166
205 200
204 200
204 202
224 202
224 204
236 204
236 196
237 196
237 189
238 189
238 201
239 201
239 212
241 212
241 213
184 213
184 214
201 214
201 216
171 216
171 208
169 208
169 217
185 217
185 218
232 218
232 219
183 219
183 226
175 226
175 222
138 222
138 238
127 238
127 221
122 221
122 210
132 210
132 206
123 206
123 203
118 203
118 199
116 199
116 225
115 225
115 227
108 227
108 180
121 180
121 185
135 185
135 178
125 178
125 154
137 154
137 182
144 182
144 177
141 177
141 169
147 169
147 167
143 167
143 155
149 155
149 153
161 153
161 148
180 148
180 150
181 150
181 127
178 127
178 128
170 128
170 118
168 118
168 124
166 124
166 138
134 138
134 137
139 137
139 125
154 125
154 116
157 116
157 110
152 110
152 111
148 111
148 122
136 122
136 108
112 108
112 109
93 109
93 112
101 112
101 114
91 114
91 115
72 115
72 89
36 89
36 87
24 87
24 84
23 84
23 75
37 75
37 80
40 80
40 76
52 76
52 79
87 79
87 78
133 78
133 74
55 74
55 67
61 67
61 63
69 63
69 71
90 71
90 65
176 65
176 64
188 64
188 62
177 62
177 60
120 60
120 59
111 59
111 42
146 42
146 41
103 41
103 35
99 35
99 34
85 34
85 28
59 28
59 36
60 36
60 38
10 38
10 49
9 49
9 31
1 31
1 32
5 32
5 55
3 55
3 69
4 69
4 81
6 81
6 77
11 77
11 83
12 83
12 113
14 113
14 92
15 92
15 247
8 247
8 250
17 250
17 197
18 197
18 57
13 57
13 44
16 44
16 39
29 39
29 40
25 40
25 45
66 45
66 29
77 29
77 43
104 43
104 46
92 46
92 47
89 47
89 66
86 66
86 70
83 70
83 61
47 61
47 73
22 73
22 85
19 85
19 90
21 90
21 93
26 93
26 94
20 94
20 96
27 96
27 98
28 98
28 95
49 95
49 97
64 97
64 101
63 101
63 102
42 102
42 121
30 121
30 129
31 129
31 123
35 123
35 156
41 156
41 164
34 164
34 209
33 209
33 211
38 211
38 175
65 175
65 161
57 161
57 172
56 172
56 146
54 146
54 134
53 134
53 151
39 151
39 131
51 131
51 119
48 119
48 120
43 120
43 106
50 106
50 107
58 107
58 105
62 105
62 104
70 104
70 195
67 195
67 215
68 215
68 230
71 230
71 205
75 205
75 190
84 190
84 183
80 183
80 186
76 186
76 174
73 174
73 173
79 173
79 160
74 160
74 117
119 117
119 126
113 126
113 135
130 135
130 136
109 136
109 143
128 143
128 144
145 144
145 139
179 139
179 141
162 141
162 142
174 142
174 147
131 147
131 145
94 145
94 152
96 152
96 198
97 198
97 176
98 176
98 157
117 157
117 163
107 163
107 171
105 171
105 159
100 159
100 233
126 233
126 239
150 239
150 237
167 237
167 235
159 235
159 236
142 236
142 224
153 224
153 223
163 223
163 228
173 228
173 234
182 234
182 232
206 232
206 229
189 229
189 231
187 231
187 220
248 220
248 245
247 245
247 241
160 241
160 240
158 240
158 242
151 242
151 243
102 243
102 244
245 244
245 246
231 246
231 248
246 248
246 249
249 249
249 191
244 191
244 207
242 207
242 193
240 193
240 187
235 187
235 192
234 192
234 188
233 188
233 194
215 194
215 184
223 184
223 99
218 99
218 91
229 91
229 100
225 100
225 179
228 179
228 170
230 170
230 10
209 10
209 7
226 7
226 8
250 8
250 2
243 2
243 1
