98
7 2
7 5
1 5
1 6
23 6
23 3
33 3
33 7
8 7
8 10
3 10
3 12
4 12
4 11
11 11
11 9
14 9
14 19
5 19
5 36
6 36
6 46
9 46
9 45
10 45
10 30
12 30
12 31
15 31
15 47
16 47
16 29
17 29
17 25
13 25
13 24
22 24
22 22
19 22
19 18
20 18
20 16
28 16
28 21
25 21
25 26
21 26
21 48
18 48
18 50
24 50
24 42
27 42
27 39
30 39
30 49
34 49
34 41
31 41
31 38
39 38
39 44
44 44
44 43
48 43
48 40
46 40
46 37
40 37
40 35
47 35
47 27
50 27
50 14
49 14
49 17
41 17
41 15
38 15
38 23
43 23
43 20
45 20
45 28
42 28
42 32
35 32
35 34
32 34
32 33
29 33
29 13
26 13
26 8
37 8
37 4
36 4
36 2
