78
289 295
289 277
214 277
214 304
249 304
249 305
171 305
171 321
93 321
93 345
96 345
96 348
54 348
54 354
38 354
38 359
15 359
15 358
1 358
1 368
47 368
47 360
94 360
94 370
88 370
88 371
101 371
101 372
53 372
53 374
78 374
78 376
114 376
114 369
116 369
116 383
117 383
117 365
120 365
120 349
127 349
127 337
112 337
112 335
145 335
145 333
175 333
175 340
146 340
146 341
191 341
191 336
202 336
202 318
176 318
176 309
225 309
225 343
234 343
234 353
236 353
236 320
246 320
246 319
235 319
235 307
247 307
247 315
250 315
250 303
263 303
263 298
251 298
251 294
260 294
260 285
288 285
288 295
