2218
157 104
157 105
169 105
169 108
212 108
212 113
604 113
604 117
585 117
585 120
649 120
649 129
560 129
560 127
378 127
378 165
421 165
421 175
408 175
408 380
406 380
406 420
434 420
434 452
444 452
444 421
521 421
521 430
580 430
580 447
577 447
577 450
498 450
498 438
466 438
466 427
514 427
514 425
469 425
469 422
461 422
461 441
495 441
495 456
485 456
485 473
490 473
490 464
497 464
497 462
510 462
510 461
518 461
518 474
453 474
453 481
666 481
666 482
672 482
672 490
673 490
673 498
656 498
656 513
645 513
645 516
638 516
638 522
554 522
554 520
502 520
502 512
515 512
515 509
505 509
505 507
437 507
437 504
323 504
323 495
334 495
334 446
336 446
336 402
318 402
318 396
309 396
309 389
339 389
339 377
347 377
347 334
342 334
342 312
338 312
338 287
360 287
360 273
304 273
304 295
289 295
289 277
214 277
214 304
249 304
249 305
171 305
171 321
93 321
93 345
96 345
96 348
54 348
54 354
38 354
38 359
15 359
15 358
1 358
1 368
47 368
47 360
94 360
94 370
88 370
88 371
101 371
101 372
53 372
53 374
78 374
78 376
114 376
114 369
116 369
116 383
117 383
117 365
120 365
120 349
127 349
127 337
112 337
112 335
145 335
145 333
175 333
175 340
146 340
146 341
191 341
191 336
202 336
202 318
176 318
176 309
225 309
225 343
234 343
234 353
236 353
236 320
246 320
246 319
235 319
235 307
247 307
247 315
250 315
250 303
263 303
263 298
251 298
251 294
260 294
260 285
288 285
288 296
279 296
279 302
285 302
285 316
294 316
294 311
292 311
292 310
311 310
311 286
329 286
329 278
324 278
324 275
337 275
337 329
340 329
340 373
301 373
301 375
302 375
302 386
286 386
286 403
283 403
283 415
290 415
290 416
333 416
333 424
326 424
326 426
280 426
280 458
282 458
282 453
295 453
295 499
297 499
297 454
305 454
305 478
319 478
319 451
298 451
298 437
293 437
293 435
322 435
322 511
343 511
343 514
387 514
387 508
399 508
399 506
423 506
423 510
462 510
462 515
499 515
499 532
475 532
475 518
473 518
473 517
463 517
463 524
396 524
396 535
383 535
383 523
332 523
332 529
277 529
277 537
316 537
316 540
375 540
375 539
380 539
380 544
264 544
264 557
199 557
199 560
243 560
243 577
165 577
165 586
190 586
190 583
221 583
221 589
271 589
271 588
275 588
275 584
259 584
259 576
257 576
257 572
330 572
330 574
571 574
571 580
599 580
599 587
652 587
652 581
654 581
654 585
686 585
686 590
664 590
664 596
547 596
547 591
536 591
536 594
494 594
494 597
476 597
476 618
570 618
570 623
557 623
557 627
627 627
627 704
525 704
525 707
435 707
435 708
197 708
197 635
208 635
208 639
227 639
227 631
262 631
262 637
341 637
341 636
308 636
308 633
281 633
281 632
348 632
348 630
182 630
182 634
181 634
181 626
180 626
180 638
160 638
160 642
138 642
138 646
147 646
147 666
172 666
172 667
183 667
183 668
79 668
79 677
60 677
60 682
29 682
29 685
22 685
22 683
14 683
14 689
42 689
42 684
73 684
73 693
67 693
67 700
55 700
55 699
21 699
21 701
37 701
37 705
111 705
111 694
137 694
137 698
141 698
141 718
142 718
142 728
238 728
238 725
194 725
194 722
422 722
422 721
640 721
640 723
471 723
471 729
517 729
517 731
531 731
531 732
393 732
393 744
418 744
418 752
440 752
440 753
427 753
427 756
439 756
439 762
448 762
448 784
465 784
465 844
468 844
468 742
470 742
470 855
472 855
472 751
478 751
478 754
487 754
487 736
489 736
489 818
480 818
480 815
474 815
474 833
477 833
477 842
493 842
493 862
491 862
491 875
486 875
486 905
482 905
482 913
451 913
451 903
414 903
414 906
389 906
389 904
377 904
377 845
362 845
362 839
368 839
368 824
367 824
367 816
361 816
361 837
354 837
354 823
317 823
317 828
315 828
315 850
312 850
312 867
313 867
313 896
278 896
278 901
287 901
287 907
291 907
291 936
273 936
273 827
269 827
269 834
265 834
265 895
270 895
270 930
272 930
272 940
284 940
284 943
244 943
244 947
233 947
233 942
220 942
220 945
219 945
219 918
211 918
211 898
215 898
215 872
216 872
216 871
226 871
226 830
206 830
206 882
196 882
196 884
198 884
198 888
192 888
192 910
178 910
178 926
200 926
200 935
218 935
218 941
163 941
163 869
149 869
149 841
144 841
144 889
126 889
126 890
150 890
150 900
123 900
123 923
162 923
162 933
131 933
131 984
179 984
179 991
167 991
167 1035
195 1035
195 987
204 987
204 977
205 977
205 967
207 967
207 973
217 973
217 986
232 986
232 1022
237 1022
237 1036
239 1036
239 988
254 988
254 983
248 983
248 980
231 980
231 974
222 974
222 965
203 965
203 982
143 982
143 972
139 972
139 966
133 966
133 953
152 953
152 949
140 949
140 948
266 948
266 955
296 955
296 928
307 928
307 938
310 938
310 931
350 931
350 917
328 917
328 902
331 902
331 894
327 894
327 920
320 920
320 832
353 832
353 843
358 843
358 851
355 851
355 1018
364 1018
364 1026
385 1026
385 1000
394 1000
394 1028
851 1028
851 1020
926 1020
926 1017
727 1017
727 1016
997 1016
997 1034
1037 1034
1037 1031
1133 1031
1133 1033
1187 1033
1187 1032
1201 1032
1201 1030
1084 1030
1084 1025
1065 1025
1065 1006
1120 1006
1120 1024
1102 1024
1102 1029
1128 1029
1128 1003
1111 1003
1111 993
1088 993
1088 994
1083 994
1083 999
962 999
962 1002
1019 1002
1019 1010
881 1010
881 1005
805 1005
805 1012
667 1012
667 1009
569 1009
569 998
568 998
568 992
558 992
558 995
454 995
454 1008
524 1008
524 997
553 997
553 1011
642 1011
642 1021
663 1021
663 1027
565 1027
565 1023
552 1023
552 1015
456 1015
456 1014
401 1014
401 1007
405 1007
405 1001
419 1001
419 990
407 990
407 996
376 996
376 1013
357 1013
357 969
359 969
359 921
356 921
356 911
416 911
416 922
450 922
450 925
455 925
455 915
479 915
479 937
492 937
492 877
500 877
500 880
501 880
501 826
506 826
506 820
496 820
496 796
528 796
528 798
533 798
533 807
785 807
785 808
840 808
840 790
1099 790
1099 804
1096 804
1096 802
1091 802
1091 809
1085 809
1085 812
1072 812
1072 831
1075 831
1075 840
1081 840
1081 856
1124 856
1124 863
1062 863
1062 868
1125 868
1125 870
1076 870
1076 885
1010 885
1010 849
1002 849
1002 881
922 881
922 860
891 860
891 861
847 861
847 866
918 866
918 876
807 876
807 865
767 865
767 859
853 859
853 852
827 852
827 835
820 835
820 822
821 822
821 811
818 811
818 810
813 810
813 817
817 817
817 858
756 858
756 892
744 892
744 854
740 854
740 883
739 883
739 929
734 929
734 909
737 909
737 899
729 899
729 897
719 897
719 891
707 891
707 916
694 916
694 912
668 912
668 914
681 914
681 927
709 927
709 908
718 908
718 919
732 919
732 934
755 934
755 946
777 946
777 952
720 952
720 954
679 954
679 950
572 950
572 951
513 951
513 978
516 978
516 956
535 956
535 979
542 979
542 961
545 961
545 962
587 962
587 957
611 957
611 970
617 970
617 964
639 964
639 976
684 976
684 968
665 968
665 960
628 960
628 959
710 959
710 975
748 975
748 958
754 958
754 963
795 963
795 971
797 971
797 939
778 939
778 944
774 944
774 932
742 932
742 924
760 924
760 886
933 886
933 887
1089 887
1089 893
1114 893
1114 878
1092 878
1092 874
1132 874
1132 879
1158 879
1158 873
1191 873
1191 853
1198 853
1198 857
1212 857
1212 848
1206 848
1206 846
1190 846
1190 772
1194 772
1194 746
1222 746
1222 847
1236 847
1236 782
1245 782
1245 801
1243 801
1243 981
1232 981
1232 1041
1226 1041
1226 1004
1220 1004
1220 989
1217 989
1217 1019
1215 1019
1215 985
1213 985
1213 1040
1221 1040
1221 1139
1241 1139
1241 1172
1237 1172
1237 1196
1219 1196
1219 1215
921 1215
921 1165
917 1165
917 1198
904 1198
904 1169
869 1169
869 1158
832 1158
832 1154
750 1154
750 1127
763 1127
763 1115
876 1115
876 1116
1017 1116
1017 1128
886 1128
886 1125
799 1125
799 1133
802 1133
802 1140
874 1140
874 1131
920 1131
920 1132
1009 1132
1009 1141
952 1141
952 1150
1018 1150
1018 1142
1034 1142
1034 1138
1039 1138
1039 1160
1043 1160
1043 1175
1020 1175
1020 1192
1016 1192
1016 1201
1100 1201
1100 1174
1068 1174
1068 1126
1066 1126
1066 1168
1064 1168
1064 1188
1071 1188
1071 1200
1028 1200
1028 1177
1042 1177
1042 1182
1052 1182
1052 1088
1048 1088
1048 1107
1032 1107
1032 1064
1046 1064
1046 1061
1031 1061
1031 1085
1013 1085
1013 1093
937 1093
937 1091
949 1091
949 1090
858 1090
858 1089
908 1089
908 1083
849 1083
849 1092
905 1092
905 1101
806 1101
806 1106
838 1106
838 1110
912 1110
912 1113
928 1113
928 1098
985 1098
985 1104
1022 1104
1022 1114
764 1114
764 1087
770 1087
770 1095
782 1095
782 1105
791 1105
791 1082
779 1082
779 1079
788 1079
788 1078
803 1078
803 1076
758 1076
758 1084
612 1084
612 1060
633 1060
633 1057
771 1057
771 1056
621 1056
621 1059
615 1059
615 1047
761 1047
761 1042
695 1042
695 1043
730 1043
730 1044
743 1044
743 1045
593 1045
593 1051
595 1051
595 1062
606 1062
606 1075
566 1075
566 1081
555 1081
555 1052
579 1052
579 1058
589 1058
589 1054
588 1054
588 1046
551 1046
551 1055
539 1055
539 1086
699 1086
699 1096
741 1096
741 1171
736 1171
736 1195
749 1195
749 1194
772 1194
772 1202
655 1202
655 1183
630 1183
630 1190
629 1190
629 1184
584 1184
584 1197
616 1197
616 1209
675 1209
675 1208
623 1208
623 1205
783 1205
783 1155
810 1155
810 1180
819 1180
819 1223
790 1223
790 1234
548 1234
548 1226
537 1226
537 1230
544 1230
544 1237
432 1237
432 1238
519 1238
519 1242
365 1242
365 1241
223 1241
223 1187
158 1187
158 1179
210 1179
210 1108
229 1108
229 1109
372 1109
372 1111
261 1111
261 1112
344 1112
344 1147
404 1147
404 1149
395 1149
395 1157
467 1157
467 1153
412 1153
412 1152
441 1152
441 1124
420 1124
420 1136
417 1136
417 1143
403 1143
403 1117
392 1117
392 1135
391 1135
391 1146
379 1146
379 1145
386 1145
386 1129
382 1129
382 1134
349 1134
349 1123
370 1123
370 1120
381 1120
381 1102
351 1102
351 1100
241 1100
241 1103
209 1103
209 1178
105 1178
105 1167
65 1167
65 1185
151 1185
151 1193
99 1193
99 1191
68 1191
68 1189
62 1189
62 1203
77 1203
77 1206
95 1206
95 1204
97 1204
97 1207
136 1207
136 1211
52 1211
52 1212
28 1212
28 1159
33 1159
33 1186
46 1186
46 1166
48 1166
48 1156
58 1156
58 1144
51 1144
51 1118
45 1118
45 1137
35 1137
35 1164
34 1164
34 1097
36 1097
36 1099
44 1099
44 1094
40 1094
40 1070
98 1070
98 1073
109 1073
109 1071
187 1071
187 1068
177 1068
177 1065
113 1065
113 1066
170 1066
170 1067
104 1067
104 1063
31 1063
31 1072
24 1072
24 1074
23 1074
23 1069
4 1069
4 1037
2 1037
2 1119
3 1119
3 1077
39 1077
39 1080
27 1080
27 1122
30 1122
30 1121
32 1121
32 1151
26 1151
26 1148
5 1148
5 1250
6 1250
6 1214
213 1214
213 1246
228 1246
228 1248
384 1248
384 1247
436 1247
436 1245
366 1245
366 1244
240 1244
240 1243
522 1243
522 1249
562 1249
562 1235
658 1235
658 1239
724 1239
724 1240
864 1240
864 1236
1082 1236
1082 1231
915 1231
915 1229
973 1229
973 1227
998 1227
998 1225
1105 1225
1105 1224
943 1224
943 1222
1162 1222
1162 1221
1073 1221
1073 1220
855 1220
855 1228
837 1228
837 1232
893 1232
893 1233
830 1233
830 1163
833 1163
833 1161
859 1161
859 1162
856 1162
856 1173
842 1173
842 1176
861 1176
861 1170
887 1170
887 1181
845 1181
845 1199
875 1199
875 1210
914 1210
914 1213
913 1213
913 1216
991 1216
991 1219
1090 1219
1090 1218
1210 1218
1210 1217
1250 1217
1250 1130
1231 1130
1231 1053
1227 1053
1227 1050
1230 1050
1230 1049
1239 1049
1239 1048
1238 1048
1238 1039
1248 1039
1248 1038
1246 1038
1246 719
1235 719
1235 648
1228 648
1228 644
1202 644
1202 643
909 643
909 641
1173 641
1173 640
880 640
880 674
872 674
872 655
870 655
870 671
865 671
865 675
804 675
804 662
798 662
798 624
703 624
703 629
780 629
780 628
759 628
759 625
796 625
796 657
793 657
793 678
895 678
895 680
866 680
866 681
934 681
934 679
989 679
989 665
981 665
981 658
978 658
978 663
929 663
929 645
965 645
965 649
1025 649
1025 697
1023 697
1023 703
1026 703
1026 673
1038 673
1038 715
1012 715
1012 713
884 713
884 714
841 714
841 688
831 688
831 692
829 692
829 690
811 690
811 711
836 711
836 716
1047 716
1047 696
1060 696
1060 669
1027 669
1027 654
1041 654
1041 653
1069 653
1069 702
1070 702
1070 652
1033 652
1033 647
1094 647
1094 651
1109 651
1109 656
1074 656
1074 659
1087 659
1087 676
1126 676
1126 650
1145 650
1145 661
1175 661
1175 660
1234 660
1234 757
1240 757
1240 780
1223 780
1223 743
1177 743
1177 750
1181 750
1181 813
1180 813
1180 779
1179 779
1179 864
1167 864
1167 836
1170 836
1170 829
1164 829
1164 825
1154 825
1154 814
1159 814
1159 785
1156 785
1156 770
1147 770
1147 741
1113 741
1113 764
1140 764
1140 769
1029 769
1029 748
993 748
993 759
980 759
980 749
852 749
852 761
883 761
883 766
946 766
946 767
808 767
808 763
846 763
846 745
794 745
794 758
619 758
619 760
650 760
650 765
581 765
581 768
1001 768
1001 771
888 771
888 773
1135 773
1135 774
948 774
948 775
1035 775
1035 776
738 776
738 777
1118 777
1118 781
1136 781
1136 783
1095 783
1095 787
1055 787
1055 788
1134 788
1134 786
1142 786
1142 778
1143 778
1143 747
1146 747
1146 838
1079 838
1079 821
1080 821
1080 819
1104 819
1104 793
1121 793
1121 791
1103 791
1103 789
815 789
815 800
787 800
787 799
702 799
702 806
598 806
598 805
601 805
601 803
573 803
573 794
592 794
592 797
692 797
692 795
607 795
607 792
504 792
504 755
508 755
508 738
559 738
559 740
680 740
680 739
725 739
725 730
708 730
708 737
605 737
605 735
424 735
424 734
484 734
484 733
564 733
564 726
691 726
691 727
693 727
693 720
245 720
245 717
173 717
173 724
153 724
153 691
84 691
84 687
83 687
83 686
82 686
82 670
156 670
156 672
161 672
161 695
188 695
188 709
252 709
252 710
438 710
438 712
625 712
625 706
637 706
637 664
634 664
634 622
594 622
594 616
541 616
541 606
526 606
526 598
550 598
550 601
704 601
704 578
670 578
670 573
483 573
483 571
722 571
722 579
712 579
712 595
757 595
757 593
762 593
762 575
765 575
765 592
781 592
781 582
800 582
800 603
773 603
773 611
801 611
801 561
784 561
784 559
812 559
812 553
814 553
814 552
776 552
776 567
538 567
538 565
509 565
509 566
346 566
346 564
335 564
335 568
300 568
300 569
325 569
325 570
268 570
268 562
274 562
274 556
433 556
433 554
413 554
413 550
400 550
400 551
321 551
321 547
303 547
303 546
314 546
314 545
402 545
402 543
426 543
426 533
511 533
511 527
657 527
657 521
659 521
659 501
676 501
676 500
677 500
677 485
682 485
682 491
690 491
690 484
723 484
723 486
746 486
746 480
507 480
507 475
529 475
529 463
602 463
602 412
409 412
409 384
411 384
411 265
415 265
415 189
446 189
446 192
459 192
459 220
458 220
458 231
464 231
464 191
534 191
534 217
590 217
590 219
527 219
527 230
503 230
503 235
520 235
520 242
575 242
575 247
576 247
576 267
578 267
578 279
582 279
582 280
583 280
583 245
596 245
596 283
591 283
591 293
603 293
603 291
600 291
600 244
608 244
608 239
567 239
567 234
540 234
540 225
624 225
624 205
635 205
635 196
648 196
648 200
678 200
678 211
683 211
683 233
685 233
685 224
713 224
713 240
700 240
700 243
688 243
688 270
671 270
671 269
644 269
644 297
660 297
660 299
669 299
669 292
706 292
706 257
711 257
711 260
715 260
715 274
721 274
721 253
717 253
717 251
701 251
701 263
698 263
698 250
714 250
714 197
661 197
661 193
610 193
610 204
586 204
586 210
597 210
597 216
549 216
549 186
636 186
636 184
546 184
546 183
530 183
530 190
449 190
449 182
429 182
429 141
398 141
398 128
443 128
443 130
460 130
460 132
457 132
457 133
512 133
512 136
689 136
689 135
651 135
651 118
609 118
609 112
373 112
373 107
193 107
193 106
697 106
697 92
728 92
728 96
766 96
766 110
735 110
735 121
745 121
745 122
747 122
747 152
752 152
752 146
753 146
753 158
940 158
940 161
792 161
792 162
835 162
835 168
862 168
862 185
809 185
809 180
769 180
769 181
789 181
789 187
863 187
863 203
879 203
879 223
860 223
860 237
889 237
889 229
894 229
894 226
899 226
899 236
902 236
902 218
923 218
923 241
941 241
941 215
947 215
947 212
951 212
951 255
936 255
936 266
938 266
938 258
953 258
953 238
983 238
983 300
972 300
972 268
966 268
966 281
968 281
968 301
996 301
996 290
1004 290
1004 322
969 322
969 323
854 323
854 339
857 339
857 338
911 338
911 344
916 344
916 326
956 326
956 327
957 327
957 331
975 331
975 350
828 350
828 347
826 347
826 324
844 324
844 308
816 308
816 317
823 317
823 351
822 351
822 367
848 367
848 392
850 392
850 356
868 356
868 399
867 399
867 466
885 466
885 493
871 493
871 617
873 617
873 600
877 600
877 542
901 542
901 526
931 526
931 531
939 531
939 525
950 525
950 549
907 549
907 602
1050 602
1050 605
930 605
930 608
892 608
892 615
910 615
910 614
992 614
992 609
1054 609
1054 613
1056 613
1056 610
1057 610
1057 607
1106 607
1106 620
906 620
906 621
1168 621
1168 619
1155 619
1155 612
1108 612
1108 604
1067 604
1067 599
955 599
955 563
1003 563
1003 558
1011 558
1011 534
999 534
999 489
986 489
986 431
1051 431
1051 439
1086 439
1086 440
1101 440
1101 449
1127 449
1127 413
1112 413
1112 408
1116 408
1116 400
1186 400
1186 397
1189 397
1189 404
1183 404
1183 401
1138 401
1138 409
1130 409
1130 442
1137 442
1137 502
1139 502
1139 410
1165 410
1165 418
1157 418
1157 428
1160 428
1160 492
1207 492
1207 488
1218 488
1218 470
1244 470
1244 419
1242 419
1242 444
1216 444
1216 407
1224 407
1224 414
1249 414
1249 406
1211 406
1211 434
1214 434
1214 445
1233 445
1233 460
1185 460
1185 457
1204 457
1204 455
1184 455
1184 467
1161 467
1161 423
1169 423
1169 405
1225 405
1225 398
1229 398
1229 390
1148 390
1148 391
1144 391
1144 393
1197 393
1197 395
1151 395
1151 394
1122 394
1122 366
1178 366
1178 382
1196 382
1196 381
1247 381
1247 379
1192 379
1192 364
1117 364
1117 361
1115 361
1115 362
1097 362
1097 363
1093 363
1093 417
1110 417
1110 436
1077 436
1077 429
967 429
967 443
976 443
976 505
970 505
970 476
963 476
963 471
964 471
964 459
961 459
961 528
971 528
971 530
994 530
994 538
1000 538
1000 555
988 555
988 541
974 541
974 548
958 548
958 536
954 536
954 487
944 487
944 479
942 479
942 519
890 519
890 468
919 468
919 388
927 388
927 378
882 378
882 387
898 387
898 432
896 432
896 465
878 465
878 355
900 355
900 357
979 357
979 352
995 352
995 330
1008 330
1008 249
1015 249
1015 221
1007 221
1007 306
1006 306
1006 174
1005 174
1005 289
984 289
984 228
960 228
960 199
945 199
945 188
925 188
925 222
924 222
924 201
903 201
903 194
897 194
897 163
1176 163
1176 148
1182 148
1182 101
1208 101
1208 59
1209 59
1209 32
1078 32
1078 39
1058 39
1058 34
1045 34
1045 28
1014 28
1014 30
990 30
990 29
932 29
932 33
751 33
751 22
731 22
731 37
982 37
982 40
574 40
574 38
556 38
556 43
430 43
430 26
397 26
397 31
374 31
374 50
647 50
647 48
674 48
674 51
452 51
452 55
563 55
563 56
620 56
620 57
646 57
646 58
687 58
687 47
561 47
561 42
825 42
825 41
1131 41
1131 36
1193 36
1193 35
1199 35
1199 44
1098 44
1098 49
1063 49
1063 54
1129 54
1129 52
1195 52
1195 53
1200 53
1200 85
1149 85
1149 102
1166 102
1166 143
1172 143
1172 147
1123 147
1123 145
1107 145
1107 150
1150 150
1150 151
1141 151
1141 160
977 160
977 157
1030 157
1030 156
839 156
839 154
786 154
786 93
768 93
768 91
696 91
696 97
632 97
632 103
363 103
363 104
