276
554 522
554 520
502 520
502 512
515 512
515 509
505 509
505 507
437 507
437 504
323 504
323 495
334 495
334 446
336 446
336 402
318 402
318 396
309 396
309 389
339 389
339 377
347 377
347 334
342 334
342 312
338 312
338 287
360 287
360 273
304 273
304 295
289 295
289 277
214 277
214 304
249 304
249 305
171 305
171 321
93 321
93 345
96 345
96 348
54 348
54 354
38 354
38 359
15 359
15 358
1 358
1 368
47 368
47 360
94 360
94 370
88 370
88 371
101 371
101 372
53 372
53 374
78 374
78 376
114 376
114 369
116 369
116 383
117 383
117 365
120 365
120 349
127 349
127 337
112 337
112 335
145 335
145 333
175 333
175 340
146 340
146 341
191 341
191 336
202 336
202 318
176 318
176 309
225 309
225 343
234 343
234 353
236 353
236 320
246 320
246 319
235 319
235 307
247 307
247 315
250 315
250 303
263 303
263 298
251 298
251 294
260 294
260 285
288 285
288 296
279 296
279 302
285 302
285 316
294 316
294 311
292 311
292 310
311 310
311 286
329 286
329 278
324 278
324 275
337 275
337 329
340 329
340 373
301 373
301 375
302 375
302 386
286 386
286 403
283 403
283 415
290 415
290 416
333 416
333 424
326 424
326 426
280 426
280 458
282 458
282 453
295 453
295 499
297 499
297 454
305 454
305 478
319 478
319 451
298 451
298 437
293 437
293 435
322 435
322 511
343 511
343 514
387 514
387 508
399 508
399 506
423 506
423 510
462 510
462 515
499 515
499 532
475 532
475 518
473 518
473 517
463 517
463 524
396 524
396 535
383 535
383 523
332 523
332 529
277 529
277 537
316 537
316 540
375 540
375 539
380 539
380 544
264 544
264 557
199 557
199 560
243 560
243 577
165 577
165 586
190 586
190 583
221 583
221 589
271 589
271 588
275 588
275 584
259 584
259 576
257 576
257 572
330 572
330 574
571 574
571 580
599 580
599 587
652 587
652 581
654 581
654 585
686 585
686 590
664 590
664 596
547 596
547 591
536 591
536 594
494 594
494 597
476 597
476 618
570 618
570 623
557 623
557 627
634 627
634 622
594 622
594 616
541 616
541 606
526 606
526 598
704 598
704 578
670 578
670 573
483 573
483 571
801 571
801 570
268 570
268 562
274 562
274 556
433 556
433 554
413 554
413 551
321 551
321 547
303 547
303 546
314 546
314 545
402 545
402 543
426 543
426 533
511 533
511 527
657 527
657 522
