100
107 40
107 39
117 39
117 38
109 38
109 36
87 36
87 28
3 28
3 30
21 30
21 33
5 33
5 37
1 37
1 47
2 47
2 100
10 100
10 96
8 96
8 82
4 82
4 72
7 72
7 64
9 64
9 34
51 34
51 32
61 32
61 29
76 29
76 42
94 42
94 66
92 66
92 68
72 68
72 50
66 50
66 75
57 75
57 53
52 53
52 46
49 46
49 43
14 43
14 44
12 44
12 48
38 48
38 51
17 51
17 54
39 54
39 52
47 52
47 62
40 62
40 67
30 67
30 69
53 69
53 79
26 79
26 80
18 80
18 83
46 83
46 84
48 84
48 94
50 94
50 98
31 98
31 109
44 109
44 99
63 99
63 95
82 95
82 92
71 92
71 90
56 90
56 85
64 85
64 81
65 81
65 78
84 78
84 73
69 73
69 71
97 71
97 58
95 58
95 40
