356
1 1
1 2
2 2
2 54
5 54
5 55
7 55
7 83
11 83
11 93
13 93
13 67
16 67
16 64
18 64
18 123
17 123
17 134
14 134
14 177
12 177
12 187
15 187
15 192
26 192
26 172
21 172
21 113
22 113
22 170
33 170
33 162
35 162
35 171
55 171
55 159
59 159
59 163
64 163
64 186
72 186
72 175
78 175
78 182
79 182
79 195
153 195
153 194
107 194
107 183
136 183
136 176
138 176
138 128
141 128
141 119
133 119
133 157
134 157
134 169
127 169
127 146
132 146
132 126
130 126
130 110
154 110
154 124
162 124
162 184
164 184
164 141
165 141
165 167
181 167
181 145
168 145
168 133
183 133
183 132
191 132
191 138
193 138
193 140
186 140
186 173
179 173
179 185
182 185
182 196
170 196
170 197
166 197
166 199
146 199
146 200
184 200
184 193
187 193
187 189
188 189
188 166
189 166
189 156
190 156
190 150
194 150
194 152
192 152
192 198
195 198
195 179
196 179
196 160
197 160
197 174
199 174
199 191
200 191
200 131
198 131
198 125
185 125
185 129
180 129
180 42
175 42
175 41
173 41
173 49
171 49
171 53
174 53
174 56
177 56
177 58
155 58
155 61
167 61
167 59
178 59
178 87
176 87
176 80
169 80
169 89
172 89
172 130
163 130
163 121
157 121
157 108
129 108
129 102
137 102
137 107
161 107
161 62
160 62
160 69
152 69
152 75
151 75
151 74
149 74
149 65
148 65
148 77
158 77
158 78
159 78
159 96
156 96
156 84
150 84
150 99
144 99
144 98
135 98
135 85
120 85
120 91
121 91
121 105
128 105
128 120
124 120
124 122
125 122
125 168
126 168
126 181
114 181
114 180
117 180
117 161
112 161
112 178
104 178
104 190
96 190
96 188
81 188
81 155
83 155
83 154
103 154
103 158
109 158
109 147
106 147
106 135
105 135
105 151
71 151
71 164
67 164
67 149
62 149
62 139
89 139
89 144
92 144
92 137
91 137
91 127
58 127
58 153
47 153
47 148
56 148
56 143
52 143
52 142
53 142
53 136
36 136
36 118
68 118
68 117
46 117
46 116
32 116
32 165
24 165
24 111
25 111
25 90
27 90
27 88
29 88
29 115
51 115
51 112
70 112
70 104
66 104
66 103
54 103
54 100
57 100
57 95
74 95
74 81
82 81
82 82
100 82
100 68
95 68
95 66
85 66
85 73
98 73
98 79
73 79
73 94
65 94
65 92
61 92
61 71
69 71
69 70
43 70
43 72
44 72
44 97
48 97
48 109
39 109
39 106
40 106
40 101
38 101
38 114
30 114
30 86
19 86
19 76
20 76
20 57
49 57
49 60
50 60
50 47
131 47
131 46
139 46
139 48
147 48
147 40
145 40
145 33
118 33
118 34
119 34
119 37
116 37
116 39
123 39
123 36
142 36
142 43
140 43
140 44
143 44
143 45
45 45
45 52
41 52
41 51
10 51
10 63
8 63
8 50
6 50
6 32
37 32
37 35
75 35
75 31
93 31
93 30
9 30
9 14
42 14
42 18
84 18
84 15
87 15
87 16
90 16
90 13
4 13
4 38
3 38
3 1
