324
135 36
135 22
122 22
122 18
47 18
47 23
48 23
48 48
24 48
24 55
5 55
5 42
1 42
1 61
11 61
11 71
9 71
9 78
6 78
6 91
8 91
8 97
15 97
15 64
16 64
16 106
22 106
22 107
28 107
28 109
30 109
30 103
18 103
18 98
21 98
21 95
39 95
39 93
40 93
40 92
42 92
42 69
44 69
44 114
34 114
34 119
41 119
41 115
45 115
45 134
93 134
93 135
80 135
80 172
82 172
82 170
86 170
86 174
43 174
43 163
63 163
63 160
76 160
76 155
23 155
23 150
71 150
71 148
78 148
78 146
35 146
35 147
4 147
4 156
3 156
3 159
12 159
12 154
19 154
19 167
7 167
7 173
10 173
10 169
31 169
31 157
32 157
32 175
83 175
83 177
110 177
110 158
111 158
111 162
131 162
131 165
116 165
116 166
145 166
145 164
152 164
152 161
127 161
127 143
172 143
172 145
175 145
175 149
182 149
182 178
186 178
186 180
109 180
109 181
117 181
117 192
125 192
125 193
139 193
139 194
142 194
142 189
153 189
153 200
197 200
197 198
183 198
183 199
180 199
180 197
170 197
170 196
169 196
169 195
162 195
162 191
161 191
161 188
199 188
199 185
192 185
192 187
167 187
167 186
137 186
137 190
123 190
123 182
177 182
177 183
187 183
187 184
194 184
194 179
193 179
193 168
185 168
185 140
179 140
179 142
107 142
107 144
98 144
98 151
101 151
101 152
97 152
97 176
96 176
96 153
89 153
89 171
88 171
88 141
87 141
87 139
92 139
92 138
191 138
191 137
118 137
118 136
151 136
151 129
160 129
160 128
149 128
149 126
106 126
106 123
138 123
138 122
158 122
158 113
154 113
154 112
136 112
136 105
128 105
128 108
124 108
124 110
126 110
126 118
81 118
81 117
94 117
94 116
91 116
91 111
74 111
74 120
70 120
70 121
102 121
102 127
95 127
95 131
121 131
121 130
144 130
144 133
59 133
59 132
51 132
51 125
53 125
53 124
49 124
49 101
56 101
56 99
62 99
62 80
60 80
60 74
57 74
57 83
52 83
52 79
55 79
55 65
37 65
37 87
33 87
33 63
14 63
14 58
25 58
25 52
29 52
29 51
46 51
46 49
50 49
50 47
54 47
54 19
64 19
64 28
68 28
68 20
75 20
75 21
84 21
84 30
67 30
67 31
90 31
90 32
103 32
103 54
99 54
99 45
69 45
69 46
85 46
85 53
79 53
79 60
100 60
100 96
108 96
108 56
104 56
104 50
112 50
112 57
114 57
114 102
65 102
65 104
115 104
115 25
129 25
129 81
133 81
133 72
130 72
130 37
141 37
141 66
140 66
140 94
159 94
159 89
148 89
148 88
198 88
198 100
200 100
200 82
181 82
181 84
190 84
190 85
164 85
164 86
147 86
147 90
143 90
143 39
178 39
178 36
