120
5 55
5 42
1 42
1 61
11 61
11 71
9 71
9 78
6 78
6 91
8 91
8 97
15 97
15 64
16 64
16 106
22 106
22 107
28 107
28 109
30 109
30 103
18 103
18 98
21 98
21 95
39 95
39 93
40 93
40 92
42 92
42 69
44 69
44 114
34 114
34 119
41 119
41 115
45 115
45 134
93 134
93 135
80 135
80 172
82 172
82 170
86 170
86 174
43 174
43 163
63 163
63 160
76 160
76 155
23 155
23 150
71 150
71 148
78 148
78 146
35 146
35 147
4 147
4 156
3 156
3 159
12 159
12 154
19 154
19 167
7 167
7 173
10 173
10 169
31 169
31 157
32 157
32 175
83 175
83 177
110 177
110 176
96 176
96 171
88 171
88 141
87 141
87 139
92 139
92 138
191 138
191 137
118 137
118 136
151 136
151 133
59 133
59 132
51 132
51 125
53 125
53 124
49 124
49 101
56 101
56 99
62 99
62 83
52 83
52 79
55 79
55 65
37 65
37 87
33 87
33 63
14 63
14 58
25 58
25 55
