382
203 23
203 106
202 106
202 140
201 140
201 137
195 137
195 82
196 82
196 75
192 75
192 42
186 42
186 34
84 34
84 41
37 41
37 46
89 46
89 47
98 47
98 90
90 90
90 97
8 97
8 117
5 117
5 121
10 121
10 100
13 100
13 142
1 142
1 143
25 143
25 114
36 114
36 120
43 120
43 168
51 168
51 123
53 123
53 171
55 171
55 101
65 101
65 102
73 102
73 108
101 108
101 60
102 60
102 93
105 93
105 88
125 88
125 77
155 77
155 105
154 105
154 84
151 84
151 141
152 141
152 135
159 135
159 146
161 146
161 157
162 157
162 125
172 125
172 131
169 131
169 183
173 183
173 325
171 325
171 291
147 291
147 304
170 304
170 315
134 315
134 332
167 332
167 333
133 333
133 273
129 273
129 268
120 268
120 338
116 338
116 341
112 341
112 311
110 311
110 362
114 362
114 364
117 364
117 392
96 392
96 390
94 390
94 297
92 297
92 234
106 234
106 210
150 210
150 199
144 199
144 207
97 207
97 223
61 223
61 212
60 212
60 235
6 235
6 249
7 249
7 293
9 293
9 380
11 380
11 404
2 404
2 412
3 412
3 422
4 422
4 447
31 447
31 425
29 425
29 421
24 421
24 415
18 415
18 442
30 442
30 444
16 444
16 358
12 358
12 281
17 281
17 322
19 322
19 259
15 259
15 253
14 253
14 239
22 239
22 240
70 240
70 241
20 241
20 389
21 389
21 403
23 403
23 309
26 309
26 335
27 335
27 300
32 300
32 396
33 396
33 408
45 408
45 347
48 347
48 339
49 339
49 334
44 334
44 369
42 369
42 350
41 350
41 287
46 287
46 286
57 286
57 282
54 282
54 272
69 272
69 264
67 264
67 255
66 255
66 251
58 251
58 265
47 265
47 274
50 274
50 276
40 276
40 288
39 288
39 378
38 378
38 308
34 308
34 262
35 262
35 261
28 261
28 245
72 245
72 244
76 244
76 271
74 271
74 317
77 317
77 307
78 307
78 236
91 236
91 371
88 371
88 329
86 329
86 284
79 284
79 343
80 343
80 344
85 344
85 384
83 384
83 399
138 399
138 376
184 376
184 368
163 368
163 366
185 366
185 363
160 363
160 365
143 365
143 356
139 356
139 354
124 354
124 374
136 374
136 398
122 398
122 321
127 321
127 292
132 292
132 342
175 342
175 112
178 112
178 226
176 226
176 290
179 290
179 217
181 217
181 104
177 104
177 79
164 79
164 65
157 65
157 70
149 70
149 71
104 71
104 43
93 43
93 35
131 35
131 38
123 38
123 39
145 39
145 44
113 44
113 49
115 49
115 48
156 48
156 62
158 62
158 50
168 50
168 54
187 54
187 211
191 211
191 277
194 277
194 205
197 205
197 193
188 193
188 69
190 69
190 81
189 81
189 175
207 175
207 237
208 237
208 242
210 242
210 233
213 233
213 246
211 246
211 298
200 298
200 318
212 318
212 289
214 289
214 230
222 230
222 320
215 320
215 400
220 400
220 337
223 337
223 218
218 218
218 220
216 220
216 224
209 224
209 167
206 167
206 172
198 172
198 150
204 150
204 55
205 55
205 26
217 26
217 27
221 27
221 25
231 25
231 24
270 24
270 40
265 40
265 58
266 58
266 92
269 92
269 98
295 98
295 103
315 103
315 96
277 96
277 73
275 73
275 61
272 61
272 57
271 57
271 23
