302
4 257
4 261
28 261
28 262
20 262
20 272
33 272
33 281
30 281
30 369
31 369
31 292
32 292
32 409
25 409
25 371
12 371
12 349
17 349
17 344
8 344
8 324
9 324
9 306
14 306
14 290
18 290
18 276
3 276
3 288
1 288
1 351
2 351
2 325
5 325
5 280
7 280
7 316
6 316
6 402
21 402
21 410
26 410
26 423
35 423
35 421
39 421
39 356
42 356
42 294
44 294
44 293
49 293
49 301
47 301
47 313
52 313
52 340
72 340
72 347
77 347
77 374
66 374
66 364
62 364
62 382
55 382
55 380
54 380
54 390
45 390
45 403
48 403
48 436
87 436
87 437
90 437
90 438
112 438
112 434
94 434
94 432
99 432
99 431
91 431
91 435
57 435
57 385
79 385
79 413
88 413
88 372
89 372
89 350
82 350
82 312
73 312
73 327
60 327
60 336
64 336
64 337
53 337
53 302
67 302
67 291
58 291
58 278
40 278
40 326
36 326
36 415
34 415
34 274
37 274
37 260
29 260
29 258
142 258
142 259
190 259
190 266
191 266
191 268
211 268
211 287
213 287
213 354
209 354
209 329
192 329
192 309
189 309
189 357
188 357
188 300
184 300
184 341
186 341
186 363
230 363
230 320
227 320
227 243
233 243
233 264
242 264
242 270
245 270
245 296
243 296
243 305
308 305
308 297
293 297
293 289
375 289
375 295
389 295
389 321
362 321
362 331
341 331
341 332
368 332
368 334
247 334
247 339
276 339
276 352
283 352
283 368
296 368
296 386
301 386
301 391
292 391
292 388
252 388
252 355
239 355
239 394
398 394
398 401
372 401
372 397
323 397
323 396
291 396
291 405
286 405
286 395
260 395
260 417
315 417
315 424
356 424
356 419
321 419
321 416
311 416
311 399
324 399
324 411
345 411
345 407
444 407
444 400
441 400
441 353
442 353
442 366
445 366
445 408
413 408
413 412
419 412
419 420
402 420
402 414
374 414
374 428
376 428
376 430
379 430
379 427
383 427
383 425
450 425
450 367
448 367
448 376
447 376
447 345
440 345
440 398
436 398
436 379
433 379
433 378
384 378
384 377
381 377
381 362
411 362
411 361
378 361
378 381
417 381
417 383
407 383
407 389
410 389
410 392
390 392
390 393
336 393
336 387
320 387
320 384
304 384
304 373
305 373
305 370
298 370
298 338
394 338
394 335
391 335
391 314
431 314
431 303
414 303
414 285
386 285
386 284
322 284
322 283
268 283
268 282
249 282
249 267
244 267
244 265
267 265
267 263
273 263
273 255
269 255
269 245
259 245
259 240
226 240
226 299
224 299
224 359
220 359
220 342
219 342
219 333
215 333
215 257
