526
123 252
123 253
126 253
126 257
4 257
4 261
28 261
28 262
20 262
20 272
33 272
33 281
30 281
30 369
31 369
31 292
32 292
32 409
25 409
25 371
12 371
12 349
17 349
17 344
8 344
8 324
9 324
9 306
14 306
14 290
18 290
18 276
3 276
3 288
1 288
1 351
2 351
2 325
5 325
5 280
7 280
7 316
6 316
6 402
21 402
21 410
26 410
26 423
35 423
35 421
39 421
39 356
42 356
42 294
44 294
44 293
49 293
49 301
47 301
47 313
52 313
52 340
72 340
72 347
77 347
77 374
66 374
66 364
62 364
62 382
55 382
55 380
54 380
54 390
45 390
45 403
48 403
48 436
87 436
87 437
90 437
90 438
112 438
112 434
94 434
94 432
99 432
99 431
91 431
91 435
57 435
57 385
79 385
79 413
88 413
88 372
89 372
89 350
82 350
82 312
73 312
73 327
60 327
60 336
64 336
64 337
53 337
53 302
67 302
67 291
58 291
58 278
40 278
40 326
36 326
36 415
34 415
34 274
37 274
37 260
29 260
29 258
142 258
142 259
190 259
190 266
191 266
191 268
211 268
211 287
213 287
213 354
209 354
209 329
192 329
192 309
189 309
189 357
188 357
188 300
184 300
184 341
186 341
186 363
230 363
230 320
227 320
227 243
233 243
233 264
242 264
242 270
245 270
245 296
243 296
243 305
308 305
308 297
293 297
293 289
375 289
375 295
389 295
389 321
362 321
362 331
341 331
341 332
368 332
368 334
247 334
247 339
276 339
276 352
283 352
283 368
296 368
296 386
301 386
301 391
292 391
292 388
252 388
252 355
239 355
239 394
398 394
398 401
372 401
372 397
323 397
323 396
291 396
291 405
286 405
286 395
260 395
260 417
315 417
315 424
356 424
356 419
321 419
321 416
311 416
311 399
324 399
324 411
345 411
345 407
444 407
444 400
441 400
441 353
442 353
442 366
445 366
445 408
413 408
413 412
419 412
419 420
402 420
402 414
374 414
374 428
376 428
376 430
379 430
379 427
383 427
383 425
450 425
450 367
448 367
448 376
447 376
447 345
440 345
440 398
436 398
436 379
433 379
433 378
384 378
384 377
381 377
381 362
388 362
388 365
411 365
411 361
378 361
378 381
417 381
417 383
407 383
407 389
410 389
410 392
390 392
390 393
336 393
336 387
320 387
320 384
304 384
304 373
305 373
305 370
298 370
298 338
355 338
355 348
365 348
365 346
382 346
382 360
394 360
394 335
391 335
391 314
424 314
424 319
425 319
425 328
426 328
426 330
432 330
432 323
431 323
431 238
435 238
435 239
457 239
457 307
458 307
458 472
456 472
456 484
408 484
408 483
396 483
396 482
367 482
367 487
393 487
393 488
359 488
359 477
360 477
360 469
228 469
228 464
303 464
303 462
371 462
371 466
423 466
423 458
353 458
353 457
285 457
285 453
294 453
294 455
302 455
302 451
319 451
319 450
438 450
438 449
300 449
300 448
329 448
329 446
377 446
377 445
333 445
333 443
401 443
401 442
278 442
278 460
275 460
275 461
162 461
162 463
143 463
143 459
161 459
161 444
156 444
156 452
122 452
122 456
137 456
137 480
141 480
141 468
175 468
175 467
207 467
207 470
221 470
221 475
271 475
271 476
178 476
178 478
318 478
318 479
346 479
346 474
351 474
351 485
340 485
340 489
295 489
295 481
270 481
270 490
289 490
289 495
332 495
332 500
434 500
434 499
439 499
439 497
443 497
443 498
477 498
477 496
473 496
473 494
364 494
364 493
430 493
430 492
449 492
449 491
482 491
482 473
483 473
483 471
480 471
480 465
478 465
478 439
467 439
467 433
484 433
484 447
485 447
485 426
474 426
474 422
489 422
489 440
492 440
492 375
498 375
498 298
500 298
500 271
499 271
499 286
497 286
497 358
496 358
496 308
494 308
494 273
495 273
495 246
493 246
493 317
481 317
481 310
472 310
472 311
471 311
471 318
475 318
475 322
491 322
491 404
488 404
488 406
468 406
468 418
469 418
469 429
466 429
466 441
476 441
476 486
465 486
465 454
461 454
461 343
459 343
459 304
462 304
462 230
451 230
451 237
415 237
415 235
412 235
412 244
422 244
422 269
427 269
427 303
414 303
414 285
386 285
386 277
337 277
337 284
322 284
322 283
268 283
268 279
263 279
263 282
249 282
249 267
244 267
244 265
267 265
267 263
273 263
273 255
269 255
269 245
259 245
259 240
246 240
246 232
256 232
256 228
237 228
237 229
226 229
226 299
224 299
224 359
220 359
220 342
219 342
219 333
215 333
215 248
206 248
206 247
201 247
201 250
169 250
169 256
129 256
129 254
164 254
164 252
