922
263 357
263 298
228 298
228 293
300 293
300 280
139 280
139 363
138 363
138 369
148 369
148 393
153 393
153 493
165 493
165 558
197 558
197 628
170 628
170 646
151 646
151 616
147 616
147 517
88 517
88 540
70 540
70 492
71 492
71 461
72 461
72 433
74 433
74 206
77 206
77 204
73 204
73 339
69 339
69 459
66 459
66 471
58 471
58 294
64 294
64 278
63 278
63 289
61 289
61 150
42 150
42 70
33 70
33 88
34 88
34 105
32 105
32 129
36 129
36 159
39 159
39 124
35 124
35 93
40 93
40 154
46 154
46 245
49 245
49 415
50 415
50 157
51 157
51 205
52 205
52 318
55 318
55 330
56 330
56 466
57 466
57 472
68 472
68 505
65 505
65 532
62 532
62 528
59 528
59 547
41 547
41 541
38 541
38 504
48 504
48 494
47 494
47 496
29 496
29 510
31 510
31 513
37 513
37 548
84 548
84 557
75 557
75 569
53 569
53 576
54 576
54 577
27 577
27 545
26 545
26 209
15 209
15 203
9 203
9 200
10 200
10 136
8 136
8 28
7 28
7 7
1 7
1 71
2 71
2 45
3 45
3 30
6 30
6 215
13 215
13 211
22 211
22 250
24 250
24 395
21 395
21 480
20 480
20 244
17 244
17 386
16 386
16 405
18 405
18 522
14 522
14 535
5 535
5 451
4 451
4 645
25 645
25 643
30 643
30 648
44 648
44 650
45 650
45 656
67 656
67 618
60 618
60 631
43 631
43 620
23 620
23 640
12 640
12 600
11 600
11 556
19 556
19 580
76 580
76 563
82 563
82 573
93 573
93 519
135 519
135 523
140 523
140 570
137 570
137 578
146 578
146 657
167 657
167 684
169 684
169 784
166 784
166 730
162 730
162 881
172 881
172 880
198 880
198 994
184 994
184 985
178 985
178 1035
188 1035
188 1050
161 1050
161 1071
164 1071
164 1117
109 1117
109 1092
114 1092
114 1073
115 1073
115 1103
143 1103
143 1053
142 1053
142 1088
141 1088
141 1076
136 1076
136 1095
126 1095
126 1097
122 1097
122 1069
105 1069
105 955
116 955
116 869
117 869
117 878
118 878
118 1054
121 1054
121 930
124 930
124 872
130 872
130 768
132 768
132 938
133 938
133 745
134 745
134 696
80 696
80 665
79 665
79 716
28 716
28 717
127 717
127 806
120 806
120 833
119 833
119 813
107 813
107 842
111 842
111 860
83 860
83 807
99 807
99 729
98 729
98 737
87 737
87 734
81 734
81 863
113 863
113 916
112 916
112 952
108 952
108 945
104 945
104 884
102 884
102 912
94 912
94 931
92 931
92 969
100 969
100 995
97 995
97 998
95 998
95 1008
101 1008
101 934
103 934
103 1108
78 1108
78 1110
91 1110
91 1113
96 1113
96 1124
179 1124
179 1142
185 1142
185 1165
203 1165
203 1130
212 1130
212 1119
202 1119
202 1064
196 1064
196 1044
190 1044
190 1022
223 1022
223 1032
226 1032
226 1189
205 1189
205 1201
207 1201
207 1220
204 1220
204 1172
156 1172
156 1219
168 1219
168 1206
175 1206
175 1233
106 1233
106 1237
163 1237
163 1243
321 1243
321 1244
85 1244
85 1245
90 1245
90 1246
387 1246
387 1242
183 1242
183 1241
458 1241
458 1249
566 1249
566 1247
569 1247
569 1214
557 1214
557 1177
556 1177
556 1191
546 1191
546 1197
544 1197
544 1212
549 1212
549 1248
509 1248
509 1230
476 1230
476 999
482 999
482 1020
480 1020
480 1093
481 1093
481 1085
529 1085
529 1065
493 1065
493 1030
573 1030
573 1021
507 1021
507 1026
486 1026
486 1059
483 1059
483 1018
499 1018
499 1006
495 1006
495 935
500 935
500 895
514 895
514 829
516 829
516 675
519 675
519 746
523 746
523 901
526 901
526 846
532 846
532 936
576 936
576 965
582 965
582 887
585 887
585 815
586 815
586 778
592 778
592 756
587 756
587 685
580 685
580 642
560 642
560 692
562 692
562 721
561 721
561 757
548 757
548 605
545 605
545 739
547 739
547 770
552 770
552 827
555 827
555 769
563 769
563 748
568 748
568 738
571 738
571 735
579 735
579 727
565 727
565 712
581 712
581 883
578 883
578 851
575 851
575 867
577 867
577 926
535 926
535 828
527 828
527 710
541 710
541 694
542 694
542 693
534 693
534 658
429 658
429 626
409 626
409 611
419 611
419 623
457 623
457 624
531 624
531 622
517 622
517 607
456 607
456 609
400 609
400 688
398 688
398 732
395 732
395 708
371 708
371 707
369 707
369 698
380 698
380 670
364 670
364 663
355 663
355 695
365 695
365 758
389 758
389 761
360 761
360 772
402 772
402 776
385 776
385 805
331 805
331 615
328 615
328 701
310 701
310 785
309 785
309 744
306 744
306 680
308 680
308 638
299 638
299 659
304 659
304 669
296 669
296 691
252 691
252 660
266 660
266 676
267 676
267 647
272 647
272 606
269 606
269 534
270 534
270 515
275 515
275 673
289 673
289 546
297 546
297 500
288 500
288 595
286 595
286 621
278 621
278 489
292 489
292 479
279 479
279 455
338 455
338 453
433 453
433 454
485 454
485 462
444 462
444 463
453 463
453 477
484 477
484 474
501 474
501 465
543 465
543 478
553 478
553 445
554 445
554 449
584 449
584 443
550 443
550 456
538 456
538 448
525 448
525 447
520 447
520 446
422 446
422 452
271 452
271 467
274 467
274 484
259 484
259 536
258 536
258 518
257 518
257 627
261 627
261 619
265 619
265 637
245 637
245 683
244 683
244 779
247 779
247 854
352 854
352 866
301 866
301 875
359 875
359 877
361 877
361 849
256 849
256 850
249 850
249 755
254 755
254 783
262 783
262 848
285 848
285 743
260 743
260 700
283 700
283 703
303 703
303 789
313 789
313 798
316 798
316 803
317 803
317 711
327 711
327 812
340 812
340 817
354 817
354 822
390 822
390 830
343 830
343 834
378 834
378 835
399 835
399 870
397 870
397 876
412 876
412 1055
416 1055
416 839
403 839
403 641
425 641
425 654
427 654
427 671
441 671
441 672
454 672
454 681
462 681
462 662
510 662
510 882
492 882
492 959
491 959
491 864
478 864
478 838
467 838
467 853
464 853
464 904
473 904
473 913
474 913
474 914
490 914
490 966
489 966
489 1003
487 1003
487 932
471 932
471 1162
470 1162
470 1104
469 1104
469 1200
468 1200
468 1181
439 1181
439 1147
463 1147
463 1139
420 1139
420 1174
417 1174
417 1128
377 1128
377 1089
326 1089
326 1091
324 1091
324 1158
320 1158
320 1170
311 1170
311 1086
302 1086
302 1183
356 1183
356 1180
372 1180
372 1161
348 1161
348 1168
353 1168
353 1169
335 1169
335 1157
330 1157
330 1148
329 1148
329 1090
376 1090
376 1149
393 1149
393 1185
447 1185
447 1186
414 1186
414 1222
446 1222
446 1227
450 1227
450 1232
504 1232
504 1239
253 1239
253 1238
227 1238
227 1234
214 1234
214 1190
215 1190
215 1223
216 1223
216 1196
231 1196
231 1060
229 1060
229 1011
236 1011
236 1029
240 1029
240 954
230 954
230 976
225 976
225 997
200 997
200 922
210 922
210 898
217 898
217 886
209 886
209 862
187 862
187 841
171 841
171 705
176 705
176 792
173 792
173 800
174 800
174 826
186 826
186 741
182 741
182 649
194 649
194 652
189 652
189 718
206 718
206 715
195 715
195 706
199 706
199 668
201 668
201 674
213 674
213 617
208 617
208 587
211 587
211 543
177 543
177 475
191 475
191 468
159 468
159 358
149 358
149 281
284 281
284 288
294 288
294 292
219 292
219 314
234 314
234 299
246 299
246 334
239 334
239 371
461 371
461 372
268 372
268 373
287 373
287 396
408 396
408 397
435 397
435 394
373 394
373 383
424 383
424 385
455 385
455 390
830 390
830 391
656 391
656 392
833 392
833 412
790 412
790 401
604 401
604 403
583 403
583 400
551 400
551 402
423 402
423 411
367 411
367 410
248 410
248 417
314 417
314 423
391 423
391 420
411 420
411 416
344 416
344 414
521 414
521 404
686 404
686 406
595 406
595 409
769 409
769 421
776 421
776 437
777 437
777 425
779 425
779 419
780 419
780 418
788 418
788 438
861 438
861 424
852 424
852 422
881 422
881 408
848 408
848 389
659 389
659 387
518 387
518 382
479 382
479 376
696 376
696 375
368 375
368 384
350 384
350 374
466 374
466 370
693 370
693 368
315 368
315 367
282 367
282 366
276 366
276 362
388 362
388 360
280 360
280 357
