1596
2424 697
2424 734
2419 734
2419 754
2414 754
2414 892
2411 892
2411 475
2418 475
2418 226
2412 226
2412 176
2410 176
2410 942
2415 942
2415 987
2357 987
2357 874
2366 874
2366 791
2363 791
2363 813
2361 813
2361 770
2358 770
2358 776
2355 776
2355 779
2356 779
2356 972
2354 972
2354 989
2391 989
2391 999
2340 999
2340 491
2293 491
2293 489
2229 489
2229 499
2220 499
2220 483
2197 483
2197 497
2145 497
2145 487
2016 487
2016 494
1984 494
1984 481
1963 481
1963 482
1863 482
1863 490
1927 490
1927 503
1988 503
1988 500
2244 500
2244 498
2286 498
2286 511
2213 511
2213 506
1695 506
1695 504
1540 504
1540 485
1542 485
1542 470
1548 470
1548 463
1654 463
1654 460
1544 460
1544 457
1337 457
1337 454
1397 454
1397 450
1625 450
1625 449
1299 449
1299 459
1456 459
1456 462
1529 462
1529 471
1538 471
1538 505
1573 505
1573 507
1770 507
1770 512
1840 512
1840 508
1847 508
1847 509
2169 509
2169 513
2325 513
2325 510
2327 510
2327 493
2339 493
2339 879
2338 879
2338 1010
2417 1010
2417 763
2426 763
2426 715
2444 715
2444 832
2448 832
2448 858
2445 858
2445 880
2440 880
2440 961
2437 961
2437 1013
2438 1013
2438 1039
2436 1039
2436 1048
2413 1048
2413 1071
2408 1071
2408 1077
2416 1077
2416 1112
2398 1112
2398 1224
2400 1224
2400 1226
2399 1226
2399 1234
2273 1234
2273 1238
2397 1238
2397 1290
2370 1290
2370 1283
2321 1283
2321 1276
2217 1276
2217 1274
1812 1274
1812 1272
1551 1272
1551 1262
1403 1262
1403 1282
1429 1282
1429 1299
1447 1299
1447 1286
1455 1286
1455 1300
1467 1300
1467 1302
1423 1302
1423 1306
1468 1306
1468 1316
1479 1316
1479 1346
1239 1346
1239 1331
1323 1331
1323 1328
1310 1328
1310 1324
1417 1324
1417 1322
1346 1322
1346 1311
1308 1311
1308 1310
1278 1310
1278 1320
1152 1320
1152 1247
1610 1247
1610 1246
1605 1246
1605 1241
1631 1241
1631 1244
1701 1244
1701 1242
1750 1242
1750 1237
1724 1237
1724 1236
1427 1236
1427 1245
1194 1245
1194 1240
1052 1240
1052 1239
1245 1239
1245 1235
1003 1235
1003 1252
1019 1252
1019 1243
1055 1243
1055 1248
1057 1248
1057 1251
1062 1251
1062 1255
1013 1255
1013 1254
976 1254
976 1263
900 1263
900 1321
895 1321
895 1301
782 1301
782 1352
768 1352
768 1309
756 1309
756 1319
737 1319
737 1366
751 1366
751 1373
672 1373
672 1391
676 1391
676 1458
671 1458
671 1459
675 1459
675 1465
720 1465
720 1455
707 1455
707 1443
716 1443
716 1394
754 1394
754 1438
766 1438
766 1412
814 1412
814 1411
797 1411
797 1398
830 1398
830 1374
848 1374
848 1370
820 1370
820 1386
681 1386
681 1379
774 1379
774 1363
784 1363
784 1357
792 1357
792 1349
789 1349
789 1341
827 1341
827 1340
788 1340
788 1333
838 1333
838 1336
884 1336
884 1361
927 1361
927 1362
981 1362
981 1359
917 1359
917 1353
956 1353
956 1351
910 1351
910 1314
1001 1314
1001 1257
1088 1257
1088 1253
1146 1253
1146 1325
1203 1325
1203 1334
1174 1334
1174 1345
1188 1345
1188 1348
1349 1348
1349 1350
1449 1350
1449 1354
1481 1354
1481 1380
1362 1380
1362 1433
1370 1433
1370 1463
1438 1463
1438 1464
1140 1464
1140 1478
1132 1478
1132 1539
1119 1539
1119 1453
1061 1453
1061 1460
1114 1460
1114 1536
1101 1536
1101 1540
1220 1540
1220 1550
1327 1550
1327 1557
1067 1557
1067 1558
1207 1558
1207 1560
1366 1560
1366 1571
1108 1571
1108 1573
1121 1573
1121 1575
1175 1575
1175 1578
1216 1578
1216 1616
1136 1616
1136 1621
722 1621
722 1624
664 1624
664 1625
786 1625
786 1648
796 1648
796 1650
821 1650
821 1651
706 1651
706 1671
630 1671
630 1569
658 1569
658 1567
642 1567
642 1565
623 1565
623 1553
624 1553
624 1486
625 1486
625 1404
573 1404
573 1425
556 1425
556 1432
472 1432
472 1434
459 1434
459 1437
549 1437
549 1444
435 1444
435 1533
411 1533
411 1527
424 1527
424 1484
402 1484
402 1538
462 1538
462 1518
437 1518
437 1494
473 1494
473 1507
478 1507
478 1526
511 1526
511 1546
521 1546
521 1637
517 1637
517 1693
374 1693
374 1709
372 1709
372 1704
287 1704
287 1735
235 1735
235 1739
129 1739
129 1747
126 1747
126 1750
137 1750
137 1794
157 1794
157 1797
236 1797
236 1824
261 1824
261 1854
192 1854
192 1863
158 1863
158 1973
156 1973
156 2025
159 2025
159 1995
176 1995
176 2057
138 2057
138 2084
144 2084
144 2105
189 2105
189 2165
205 2165
205 2183
210 2183
210 2252
149 2252
149 2257
85 2257
85 2263
52 2263
52 2246
3 2246
3 2285
1 2285
1 2339
7 2339
7 2405
20 2405
20 2363
30 2363
30 2358
36 2358
36 2365
43 2365
43 2386
49 2386
49 2464
40 2464
40 2430
39 2430
39 2450
35 2450
35 2453
34 2453
34 2472
37 2472
37 2480
42 2480
42 2473
48 2473
48 2485
47 2485
47 2482
44 2482
44 2494
11 2494
11 2496
5 2496
5 2498
12 2498
12 2495
50 2495
50 2467
51 2467
51 2356
41 2356
41 2348
18 2348
18 2338
33 2338
33 2337
15 2337
15 2323
58 2323
58 2322
19 2322
19 2294
14 2294
14 2353
16 2353
16 2360
9 2360
9 2317
6 2317
6 2290
4 2290
4 2253
31 2253
31 2269
106 2269
106 2262
139 2262
139 2277
155 2277
155 2264
191 2264
191 2261
201 2261
201 2271
214 2271
214 2235
213 2235
213 2191
226 2191
226 2202
234 2202
234 2157
227 2157
227 2178
211 2178
211 2076
179 2076
179 1992
218 1992
218 1985
167 1985
167 1865
170 1865
170 1869
177 1869
177 1866
263 1866
263 1925
238 1925
238 2089
239 2089
239 2301
240 2301
240 2087
247 2087
247 2297
253 2297
253 2435
251 2435
251 2487
233 2487
233 2481
101 2481
101 2459
121 2459
121 2444
123 2444
123 2306
178 2306
178 2291
175 2291
175 2283
166 2283
166 2295
111 2295
111 2402
104 2402
104 2354
88 2354
88 2434
70 2434
70 2300
65 2300
65 2307
68 2307
68 2326
66 2326
66 2433
62 2433
62 2437
117 2437
117 2319
122 2319
122 2410
118 2410
118 2456
100 2456
100 2497
134 2497
134 2500
168 2500
168 2493
196 2493
196 2492
256 2492
256 2036
257 2036
257 1948
246 1948
246 2034
249 2034
249 2075
245 2075
245 1946
268 1946
268 1898
269 1898
269 2030
266 2030
266 2188
262 2188
262 2256
273 2256
273 2361
265 2361
265 2474
311 2474
311 2449
316 2449
316 2441
278 2441
278 1953
279 1953
279 2187
280 2187
280 2013
281 2013
281 1815
297 1815
297 1858
299 1858
299 1828
307 1828
307 1821
308 1821
308 1976
306 1976
306 1988
320 1988
320 1928
315 1928
315 1896
318 1896
318 1924
323 1924
323 1912
319 1912
319 1860
331 1860
331 2014
312 2014
312 2019
302 2019
302 2024
326 2024
326 2044
324 2044
324 2047
325 2047
325 2111
327 2111
327 2143
329 2143
329 2239
330 2239
330 2131
332 2131
332 1861
333 1861
333 1941
335 1941
335 1807
360 1807
360 1879
356 1879
356 1882
373 1882
373 1845
384 1845
384 1897
417 1897
417 1883
410 1883
410 1829
421 1829
421 1844
430 1844
430 1788
446 1788
446 1849
449 1849
449 2099
454 2099
454 2083
476 2083
476 2138
477 2138
477 2237
439 2237
439 2270
405 2270
405 2254
399 2254
399 2181
401 2181
401 1972
398 1972
398 2133
387 2133
387 2132
385 2132
385 2109
377 2109
377 2106
367 2106
367 2128
368 2128
368 2142
371 2142
371 2163
394 2163
394 2186
389 2186
389 2273
429 2273
429 2272
440 2272
440 2266
464 2266
464 2245
481 2245
481 2074
499 2074
499 2137
508 2137
508 2167
492 2167
492 2220
491 2220
491 2229
485 2229
485 2255
509 2255
509 2117
513 2117
513 2122
515 2122
515 2232
519 2232
519 2406
381 2406
381 2401
359 2401
359 2404
355 2404
355 2388
379 2388
379 2366
383 2366
383 2341
352 2341
352 2330
457 2330
457 2368
461 2368
461 2313
420 2313
420 2311
425 2311
425 2299
423 2299
423 2293
408 2293
408 2318
380 2318
380 2328
363 2328
363 2325
341 2325
341 2331
334 2331
334 2333
350 2333
350 2340
328 2340
328 2407
322 2407
322 2413
395 2413
395 2425
486 2425
486 2426
503 2426
503 2412
541 2412
541 2324
532 2324
532 2395
526 2395
526 1937
530 1937
530 2110
529 2110
529 2127
533 2127
533 2100
531 2100
531 1917
523 1917
523 1945
520 1945
520 1850
516 1850
516 1978
518 1978
518 2078
514 2078
514 2098
522 2098
522 2113
500 2113
500 1955
493 1955
493 1942
489 1942
489 1947
487 1947
487 1998
490 1998
490 2039
497 2039
497 2070
455 2070
455 1785
466 1785
466 1772
432 1772
432 1775
392 1775
392 1796
409 1796
409 1881
404 1881
404 1841
362 1841
362 1840
364 1840
364 1825
375 1825
375 1819
388 1819
388 1805
275 1805
275 1887
276 1887
276 1963
277 1963
277 2445
293 2445
293 2447
310 2447
310 2461
272 2461
272 2432
274 2432
274 2062
270 2062
270 1813
241 1813
241 1790
147 1790
147 1752
153 1752
153 1743
285 1743
285 1737
290 1737
290 1705
370 1705
370 1706
353 1706
353 1721
376 1721
376 1732
386 1732
386 1724
413 1724
413 1733
458 1733
458 1717
504 1717
504 1725
538 1725
538 1729
548 1729
548 1730
563 1730
563 1902
562 1902
562 1899
558 1899
558 2009
557 2009
557 1935
551 1935
551 2279
552 2279
552 2423
553 2423
553 2065
561 2065
561 2085
571 2085
571 2082
569 2082
569 2028
565 2028
565 1940
564 1940
564 1701
422 1701
422 1710
427 1710
427 1712
447 1712
447 1708
559 1708
559 1714
442 1714
442 1718
406 1718
406 1698
444 1698
444 1700
475 1700
475 1694
527 1694
527 1657
525 1657
525 1524
505 1524
505 1485
480 1485
480 1480
591 1480
591 1477
443 1477
443 1471
460 1471
460 1445
547 1445
547 1454
580 1454
580 1421
618 1421
618 1564
616 1564
616 1528
614 1528
614 1615
620 1615
620 1593
626 1593
626 1678
631 1678
631 1685
755 1685
755 1682
811 1682
811 1667
943 1667
943 1668
856 1668
856 1676
816 1676
816 1686
903 1686
903 1695
915 1695
915 1677
923 1677
923 1697
949 1697
949 1713
795 1713
795 1742
798 1742
798 1744
793 1744
793 1740
771 1740
771 1776
746 1776
746 1791
727 1791
727 1786
684 1786
684 1798
697 1798
697 1886
711 1886
711 1914
708 1914
708 2060
709 2060
709 2080
678 2080
678 2094
689 2094
689 2147
690 2147
690 2148
668 2148
668 2175
666 2175
666 2170
600 2170
600 2155
599 2155
599 2221
648 2221
648 2218
750 2218
750 2212
829 2212
829 2211
715 2211
715 2209
617 2209
617 2190
692 2190
692 2090
700 2090
700 2152
835 2152
835 2159
845 2159
845 2196
876 2196
876 2179
906 2179
906 2189
955 2189
955 2206
1326 2206
1326 2207
1293 2207
1293 2217
1250 2217
1250 2213
908 2213
908 2216
944 2216
944 2214
1021 2214
1021 2226
969 2226
969 2231
1029 2231
1029 2230
1116 2230
1116 2219
1276 2219
1276 2223
1123 2223
1123 2225
1199 2225
1199 2228
1371 2228
1371 2123
1358 2123
1358 2012
1357 2012
1357 2156
1350 2156
1350 2205
1095 2205
1095 2204
1246 2204
1246 2176
1288 2176
1288 2173
1333 2173
1333 2092
1339 2092
1339 2040
1336 2040
1336 2000
1290 2000
1290 1991
1243 1991
1243 1999
1236 1999
1236 1975
1261 1975
1261 1957
1273 1957
1273 1892
1265 1892
1265 1880
1256 1880
1256 1816
1217 1816
1217 1835
1177 1835
1177 1838
1112 1838
1112 1832
1093 1832
1093 1834
1092 1834
1092 1839
1097 1839
1097 1864
1033 1864
1033 1859
1032 1859
1032 1793
1128 1793
1128 1789
1030 1789
1030 1956
1016 1956
1016 1915
1012 1915
1012 1801
1005 1801
1005 1853
1007 1853
1007 1929
1009 1929
1009 2037
998 2037
998 2033
980 2033
980 2045
963 2045
963 2022
950 2022
950 2042
890 2042
890 2031
886 2031
886 2086
879 2086
879 2102
896 2102
896 2097
972 2097
972 2088
920 2088
920 2066
957 2066
957 2063
973 2063
973 2054
1004 2054
1004 2050
1015 2050
1015 1986
1018 1986
1018 1974
1034 1974
1034 2093
1042 2093
1042 1918
1070 1918
1070 1890
1065 1890
1065 1913
1035 1913
1035 1904
1038 1904
1038 1874
1051 1874
1051 1877
1040 1877
1040 1878
1164 1878
1164 1873
1069 1873
1069 1867
1163 1867
1163 1842
1211 1842
1211 1895
1248 1895
1248 1920
1214 1920
1214 1927
1202 1927
1202 1885
1160 1885
1160 2004
1157 2004
1157 1977
1153 1977
1153 1891
1151 1891
1151 2071
1159 2071
1159 2008
1168 2008
1168 1981
1179 1981
1179 1964
1162 1964
1162 1954
1180 1954
1180 1909
1182 1909
1182 1923
1195 1923
1195 1894
1201 1894
1201 1987
1224 1987
1224 1990
1184 1990
1184 2058
1186 2058
1186 2020
1229 2020
1229 2015
1234 2015
1234 2007
1219 2007
1219 1997
1221 1997
1221 2005
1325 2005
1325 2068
1303 2068
1303 2017
1302 2017
1302 2151
1331 2151
1331 2169
1080 2169
1080 2182
1091 2182
1091 2193
1187 2193
1187 2197
1225 2197
1225 2203
1068 2203
1068 2198
1059 2198
1059 2194
1011 2194
1011 2195
1008 2195
1008 2160
994 2160
994 2171
913 2171
913 2164
866 2164
866 2139
862 2139
862 2141
807 2141
807 2144
713 2144
713 1810
699 1810
699 1806
702 1806
702 1800
714 1800
714 1792
762 1792
762 1795
770 1795
770 1852
764 1852
764 1868
775 1868
775 1774
779 1774
779 1760
783 1760
783 1836
781 1836
781 1855
794 1855
794 1936
810 1936
810 1907
808 1907
808 1773
802 1773
802 1848
801 1848
801 1754
843 1754
843 1723
960 1723
960 1764
942 1764
942 1762
887 1762
887 1777
863 1777
863 1741
865 1741
865 1731
864 1731
864 1727
860 1727
860 1736
859 1736
859 1784
932 1784
932 1782
877 1782
877 1778
959 1778
959 1767
1010 1767
1010 1770
964 1770
964 1779
1024 1779
1024 1768
1017 1768
1017 1766
966 1766
966 1748
971 1748
971 1722
809 1722
809 1715
978 1715
978 1688
930 1688
930 1687
1014 1687
1014 1652
937 1652
937 1660
922 1660
922 1662
804 1662
804 1661
758 1661
758 1672
739 1672
739 1663
749 1663
749 1658
734 1658
734 1684
725 1684
725 1653
849 1653
849 1656
869 1656
869 1633
846 1633
846 1623
1073 1623
1073 1626
1100 1626
1100 1629
1110 1629
1110 1627
1196 1627
1196 1630
1206 1630
1206 1636
1309 1636
1309 1638
1089 1638
1089 1655
1181 1655
1181 1647
1277 1647
1277 1646
1359 1646
1359 1645
1103 1645
1103 1639
1249 1639
1249 1642
1322 1642
1322 1634
1263 1634
1263 1631
1269 1631
1269 1622
1247 1622
1247 1597
1230 1597
1230 1601
1218 1601
1218 1583
1254 1583
1254 1587
1376 1587
1376 1588
1315 1588
1315 1592
1385 1592
1385 1590
1442 1590
1442 1582
1380 1582
1380 1572
1382 1572
1382 1559
1344 1559
1344 1547
1307 1547
1307 1521
1312 1521
1312 1495
1198 1495
1198 1483
1226 1483
1226 1493
1304 1493
1304 1489
1272 1489
1272 1482
1271 1482
1271 1479
1190 1479
1190 1491
1169 1491
1169 1497
1193 1497
1193 1487
1197 1487
1197 1500
1298 1500
1298 1532
1287 1532
1287 1542
1231 1542
1231 1535
1165 1535
1165 1531
1208 1531
1208 1529
1139 1529
1139 1523
1149 1523
1149 1502
1148 1502
1148 1466
1459 1466
1459 1457
1388 1457
1388 1436
1406 1436
1406 1428
1387 1428
1387 1422
1432 1422
1432 1419
1394 1419
1394 1416
1434 1416
1434 1408
1450 1408
1450 1441
1626 1441
1626 1447
1638 1447
1638 1440
1496 1440
1496 1418
1465 1418
1465 1406
1473 1406
1473 1405
1425 1405
1425 1414
1372 1414
1372 1413
1392 1413
1392 1407
1413 1407
1413 1402
1409 1402
1409 1401
1375 1401
1375 1381
1379 1381
1379 1390
1386 1390
1386 1387
1491 1387
1491 1313
1470 1313
1470 1284
1476 1284
1476 1268
1514 1268
1514 1280
1624 1280
1624 1277
1942 1277
1942 1278
2201 1278
2201 1279
2006 1279
2006 1304
2024 1304
2024 1281
2203 1281
2203 1289
2278 1289
2278 1287
2302 1287
2302 1291
2343 1291
2343 1293
2401 1293
2401 1231
2409 1231
2409 1218
2402 1218
2402 1133
2403 1133
2403 1138
2405 1138
2405 1132
2407 1132
2407 1117
2422 1117
2422 1060
2423 1060
2423 1113
2434 1113
2434 1089
2439 1089
2439 1087
2443 1087
2443 1042
2442 1042
2442 906
2447 906
2447 971
2492 971
2492 1079
2488 1079
2488 991
2483 991
2483 975
2459 975
2459 994
2455 994
2455 1001
2475 1001
2475 1092
2500 1092
2500 1040
2495 1040
2495 926
2496 926
2496 907
2480 907
2480 899
2467 899
2467 900
2446 900
2446 877
2450 877
2450 872
2452 872
2452 835
2461 835
2461 847
2476 847
2476 815
2463 815
2463 821
2451 821
2451 749
2456 749
2456 722
2469 722
2469 697
