4988
2482 1
2482 102
2478 102
2478 162
2484 162
2484 155
2489 155
2489 166
2472 166
2472 287
2473 287
2473 335
2470 335
2470 520
2486 520
2486 535
2487 535
2487 544
2465 544
2465 649
2464 649
2464 180
2457 180
2457 197
2449 197
2449 273
2454 273
2454 288
2458 288
2458 245
2453 245
2453 203
2460 203
2460 244
2462 244
2462 673
2468 673
2468 674
2435 674
2435 665
2431 665
2431 536
2432 536
2432 543
2433 543
2433 426
2429 426
2429 5
2345 5
2345 10
2337 10
2337 12
2123 12
2123 13
2206 13
2206 20
2095 20
2095 16
1825 16
1825 3
1707 3
1707 4
1589 4
1589 9
1556 9
1556 7
1466 7
1466 8
1461 8
1461 11
1458 11
1458 2
1444 2
1444 14
1494 14
1494 15
1633 15
1633 6
1781 6
1781 17
1856 17
1856 18
1995 18
1995 19
1996 19
1996 70
1855 70
1855 46
1789 46
1789 75
1813 75
1813 59
1824 59
1824 77
1818 77
1818 78
1728 78
1728 48
1706 48
1706 63
1636 63
1636 68
1571 68
1571 64
1353 64
1353 60
1347 60
1347 42
1338 42
1338 52
1334 52
1334 36
1441 36
1441 23
1389 23
1389 26
1342 26
1342 29
1318 29
1318 24
1267 24
1267 30
1156 30
1156 27
704 27
704 25
698 25
698 28
660 28
660 31
1142 31
1142 32
1109 32
1109 39
1049 39
1049 47
1026 47
1026 43
840 43
840 40
850 40
850 34
683 34
683 33
654 33
654 35
655 35
655 37
757 37
757 44
986 44
986 45
968 45
968 49
1006 49
1006 54
1087 54
1087 56
743 56
743 41
740 41
740 74
825 74
825 58
1104 58
1104 53
1125 53
1125 51
1126 51
1126 38
1330 38
1330 79
1317 79
1317 61
1291 61
1291 66
1240 66
1240 57
1185 57
1185 62
1154 62
1154 55
1137 55
1137 69
1222 69
1222 81
1354 81
1354 65
1508 65
1508 67
1558 67
1558 71
1567 71
1567 80
1822 80
1822 85
1739 85
1739 82
1566 82
1566 86
894 86
894 83
854 83
854 84
883 84
883 88
1127 88
1127 87
1845 87
1845 72
1893 72
1893 73
1999 73
1999 76
1986 76
1986 89
1512 89
1512 90
1395 90
1395 92
1711 92
1711 91
2008 91
2008 22
2420 22
2420 21
2428 21
2428 314
2427 314
2427 468
2430 468
2430 476
2425 476
2425 539
2421 539
2421 690
2441 690
2441 697
2424 697
2424 734
2419 734
2419 754
2414 754
2414 892
2411 892
2411 475
2418 475
2418 226
2412 226
2412 176
2410 176
2410 942
2415 942
2415 987
2357 987
2357 874
2366 874
2366 791
2363 791
2363 813
2361 813
2361 770
2358 770
2358 776
2355 776
2355 779
2356 779
2356 972
2354 972
2354 989
2391 989
2391 999
2340 999
2340 491
2293 491
2293 489
2229 489
2229 499
2220 499
2220 483
2197 483
2197 497
2145 497
2145 487
2016 487
2016 494
1984 494
1984 481
1963 481
1963 482
1863 482
1863 490
1927 490
1927 503
1988 503
1988 500
2244 500
2244 498
2286 498
2286 511
2213 511
2213 506
1695 506
1695 504
1540 504
1540 485
1542 485
1542 470
1548 470
1548 463
1654 463
1654 460
1544 460
1544 456
1530 456
1530 457
1337 457
1337 454
1397 454
1397 450
1625 450
1625 449
1517 449
1517 447
1463 447
1463 404
2037 404
2037 405
2005 405
2005 415
1974 415
1974 420
2035 420
2035 417
2072 417
2072 412
2211 412
2211 411
2098 411
2098 410
2245 410
2245 406
2255 406
2255 334
2254 334
2254 294
2279 294
2279 302
2280 302
2280 339
2265 339
2265 422
2272 422
2272 425
2320 425
2320 445
2316 445
2316 434
2267 434
2267 427
2228 427
2228 428
2017 428
2017 430
1990 430
1990 431
2234 431
2234 435
2208 435
2208 440
2290 440
2290 451
2258 451
2258 455
2225 455
2225 472
2219 472
2219 473
2330 473
2330 441
2335 441
2335 408
2329 408
2329 439
2326 439
2326 400
2319 400
2319 391
2301 391
2301 345
2304 345
2304 293
2235 293
2235 329
2200 329
2200 326
2182 326
2182 239
2002 239
2002 242
1978 242
1978 227
1971 227
1971 243
2181 243
2181 247
2116 247
2116 259
2004 259
2004 256
2014 256
2014 255
1967 255
1967 254
2012 254
2012 248
1925 248
1925 252
1909 252
1909 269
1918 269
1918 262
1947 262
1947 266
1949 266
1949 261
1997 261
1997 264
2156 264
2156 275
2159 275
2159 277
1841 277
1841 286
1878 286
1878 281
1957 281
1957 289
1959 289
1959 299
1951 299
1951 291
1820 291
1820 241
1771 241
1771 276
1776 276
1776 280
1817 280
1817 282
1814 282
1814 296
1835 296
1835 298
1871 298
1871 309
1874 309
1874 315
1790 315
1790 316
1405 316
1405 312
1474 312
1474 304
1469 304
1469 303
1066 303
1066 260
1048 260
1048 265
1047 265
1047 235
1150 235
1150 230
1170 230
1170 223
1144 223
1144 212
1161 212
1161 211
1107 211
1107 228
1074 228
1074 215
1028 215
1028 222
977 222
977 231
1111 231
1111 232
952 232
952 209
946 209
946 205
1244 205
1244 207
1270 207
1270 250
1264 250
1264 274
1189 274
1189 279
1171 279
1171 283
1228 283
1228 301
1296 301
1296 292
1319 292
1319 271
1343 271
1343 270
1294 270
1294 251
1289 251
1289 229
1285 229
1285 225
1282 225
1282 196
1292 196
1292 198
1369 198
1369 199
1324 199
1324 221
1374 221
1374 210
1411 210
1411 204
1419 204
1419 201
1431 201
1431 200
1452 200
1452 193
1027 193
1027 195
1237 195
1237 202
947 202
947 174
984 174
984 169
979 169
979 104
962 104
962 103
970 103
970 99
967 99
967 93
935 93
935 94
912 94
912 96
867 96
867 100
858 100
858 105
889 105
889 106
892 106
892 108
885 108
885 113
834 113
834 112
656 112
656 114
769 114
769 117
844 117
844 119
897 119
897 128
790 128
790 133
901 133
901 135
842 135
842 138
902 138
902 156
898 156
898 189
881 189
881 188
813 188
813 187
805 187
805 192
870 192
870 217
812 217
812 218
607 218
607 216
641 216
641 190
653 190
653 184
613 184
613 159
619 159
619 154
639 154
639 157
645 157
645 145
606 145
606 142
635 142
635 137
596 137
596 127
595 127
595 131
590 131
590 147
611 147
611 148
584 148
584 149
581 149
581 150
576 150
576 152
629 152
629 153
604 153
604 161
609 161
609 191
601 191
601 219
745 219
745 220
871 220
871 214
873 214
873 208
909 208
909 182
916 182
916 172
919 172
919 95
945 95
945 163
951 163
951 116
953 116
953 130
961 130
961 146
974 146
974 168
928 168
928 185
940 185
940 234
965 234
965 238
983 238
983 268
992 268
992 272
997 272
997 267
1020 267
1020 258
996 258
996 249
1041 249
1041 257
1037 257
1037 285
1056 285
1056 306
1332 306
1332 307
1390 307
1390 308
1373 308
1373 313
1286 313
1286 318
1280 318
1280 311
1098 311
1098 319
1078 319
1078 320
1311 320
1311 321
1547 321
1547 322
1709 322
1709 324
1891 324
1891 317
1926 317
1926 327
1881 327
1881 328
1939 328
1939 310
1958 310
1958 300
1964 300
1964 295
1969 295
1969 284
2175 284
2175 333
2212 333
2212 342
899 342
899 340
823 340
823 351
787 351
787 338
776 338
776 353
872 353
872 360
759 360
759 337
855 337
855 336
817 336
817 330
729 330
729 331
726 331
726 387
703 387
703 385
663 385
663 389
718 389
718 413
608 413
608 453
622 453
622 414
691 414
691 432
736 432
736 407
728 407
728 392
828 392
828 388
753 388
753 369
918 369
918 364
905 364
905 367
904 367
904 357
924 357
924 363
934 363
934 366
1075 366
1075 348
1138 348
1138 368
1313 368
1313 362
1446 362
1446 361
1483 361
1483 355
1545 355
1545 358
1659 358
1659 356
1651 356
1651 350
1328 350
1328 359
1210 359
1210 349
1691 349
1691 370
1402 370
1402 372
1147 372
1147 386
1209 386
1209 375
1341 375
1341 381
1351 381
1351 377
1435 377
1435 382
1536 382
1536 383
1546 383
1546 380
2018 380
2018 376
1989 376
1989 378
1897 378
1897 379
1510 379
1510 373
1404 373
1404 371
1837 371
1837 354
1762 354
1762 347
1178 347
1178 346
1050 346
1050 365
1022 365
1022 352
948 352
948 343
2250 343
2250 397
2239 397
2239 344
2226 344
2226 390
2237 390
2237 403
1641 403
1641 402
1451 402
1451 423
1437 423
1437 424
1433 424
1433 418
1430 418
1430 401
1422 401
1422 394
1420 394
1420 442
1364 442
1364 446
1299 446
1299 466
1284 466
1284 437
1348 437
1348 438
1412 438
1412 393
1393 393
1393 398
1400 398
1400 433
1205 433
1205 436
1176 436
1176 444
1046 444
1046 443
1023 443
1023 479
1025 479
1025 452
1120 452
1120 448
1281 448
1281 461
1133 461
1133 467
1445 467
1445 459
1456 459
1456 462
1529 462
1529 471
1538 471
1538 505
1573 505
1573 507
1770 507
1770 512
1840 512
1840 508
1847 508
1847 509
2169 509
2169 513
2063 513
2063 514
2209 514
2209 516
1983 516
1983 529
1982 529
1982 526
1842 526
1842 552
1829 552
1829 530
1800 530
1800 561
1788 561
1788 545
1777 545
1777 573
1766 573
1766 570
1758 570
1758 555
1726 555
1726 557
1710 557
1710 563
1410 563
1410 562
1360 562
1360 632
1356 632
1356 546
1355 546
1355 732
1363 732
1363 752
1335 752
1335 733
1321 733
1321 757
1316 757
1316 737
1115 737
1115 756
1134 756
1134 750
1158 750
1158 743
1166 743
1166 762
1172 762
1172 781
1130 781
1130 784
1053 784
1053 789
1232 789
1232 796
1118 796
1118 799
1031 799
1031 782
839 782
839 746
851 746
851 729
791 729
791 710
893 710
893 668
929 668
929 692
925 692
925 712
939 712
939 702
941 702
941 696
938 696
938 707
933 707
933 645
958 645
958 652
987 652
987 624
833 624
833 636
777 636
777 614
990 614
990 594
914 594
914 568
907 568
907 519
880 519
880 515
818 515
818 551
800 551
800 554
696 554
696 553
685 553
685 556
819 556
819 517
875 517
875 534
878 534
878 572
874 572
874 575
841 575
841 581
831 581
831 580
677 580
677 589
752 589
752 592
674 592
674 593
701 593
701 597
982 597
982 608
931 608
931 610
723 610
723 613
643 613
643 625
498 625
498 630
453 630
453 621
382 621
382 604
338 604
338 596
349 596
349 571
351 571
351 233
348 233
348 98
346 98
346 213
344 213
344 486
347 486
347 528
343 528
343 419
342 419
342 560
339 560
339 121
337 121
337 165
336 165
336 609
358 609
358 654
390 654
390 642
400 642
400 633
468 633
468 638
482 638
482 651
416 651
416 683
407 683
407 704
414 704
414 806
415 806
415 912
433 912
433 1004
354 1004
354 992
314 992
314 998
295 998
295 996
225 996
225 985
255 985
255 978
271 978
271 916
284 916
284 908
286 908
286 811
267 811
267 785
260 785
260 769
264 769
264 735
294 735
294 767
296 767
296 181
292 181
292 175
291 175
291 725
244 725
244 742
237 742
237 740
232 740
232 691
230 691
230 574
224 574
224 583
229 583
229 744
250 744
250 807
254 807
254 726
259 726
259 816
282 816
282 869
243 869
243 919
242 919
242 969
252 969
252 903
258 903
258 974
171 974
171 976
148 976
148 924
169 924
169 914
172 914
172 866
165 866
165 836
146 836
146 802
132 802
132 800
198 800
198 804
219 804
219 736
208 736
208 701
200 701
200 795
161 795
161 773
135 773
135 765
103 765
103 586
96 586
96 550
124 550
124 518
115 518
115 521
109 521
109 492
127 492
127 495
160 495
160 496
182 496
182 409
194 409
194 416
202 416
202 429
204 429
204 421
215 421
215 396
197 396
197 332
190 332
190 399
186 399
186 323
188 323
188 236
187 236
187 194
199 194
199 224
203 224
203 237
193 237
193 240
207 240
207 206
209 206
209 140
206 140
206 136
304 136
304 118
303 118
303 97
289 97
289 132
180 132
180 129
173 129
173 125
164 125
164 134
183 134
183 178
152 178
152 171
154 171
154 115
105 115
105 111
130 111
130 110
98 110
98 120
29 120
29 107
23 107
23 122
89 122
89 123
25 123
25 126
26 126
26 141
24 141
24 143
46 143
46 144
60 144
60 173
69 173
69 253
54 253
54 297
53 297
53 384
59 384
59 341
72 341
72 325
77 325
77 278
75 278
75 263
78 263
78 395
79 395
79 186
110 186
110 183
116 183
116 177
99 177
99 158
93 158
93 167
81 167
81 151
74 151
74 290
73 290
73 139
32 139
32 124
133 124
133 164
150 164
150 160
151 160
151 179
185 179
185 246
184 246
184 305
181 305
181 488
113 488
113 484
92 484
92 474
97 474
97 465
102 465
102 478
107 478
107 480
128 480
128 469
125 469
125 477
120 477
120 458
86 458
86 502
83 502
83 569
84 569
84 558
94 558
94 970
95 970
95 768
114 768
114 778
131 778
131 828
142 828
142 873
143 873
143 950
141 950
141 888
119 888
119 925
136 925
136 980
220 980
220 1002
145 1002
145 1009
174 1009
174 1016
313 1016
313 1007
223 1007
223 1000
340 1000
340 1005
436 1005
436 1019
397 1019
397 1014
391 1014
391 1018
357 1018
357 1029
560 1029
560 1024
577 1024
577 1020
585 1020
585 1026
597 1026
597 1017
603 1017
603 1022
610 1022
610 1011
570 1011
570 1023
456 1023
456 997
438 997
438 988
587 988
587 957
592 957
592 946
578 946
578 986
434 986
434 898
469 898
469 853
451 853
451 848
463 848
463 834
535 834
535 855
539 855
539 808
554 808
554 783
536 783
536 798
534 798
534 825
528 825
528 833
448 833
448 837
441 837
441 884
419 884
419 891
418 891
418 658
465 658
465 663
479 663
479 664
524 664
524 655
483 655
483 631
537 631
537 708
546 708
546 714
567 714
567 669
550 669
550 686
545 686
545 661
544 661
544 653
543 653
543 628
646 628
646 618
733 618
733 617
738 617
738 620
662 620
662 640
763 640
763 637
806 637
806 639
882 639
882 629
911 629
911 627
921 627
921 662
891 662
891 644
888 644
888 688
815 688
815 693
741 693
741 689
742 689
742 685
832 685
832 682
857 682
857 671
602 671
602 711
594 711
594 724
605 724
605 672
822 672
822 676
785 676
785 677
710 677
710 679
621 679
621 684
632 684
632 973
638 973
638 966
665 966
665 977
670 977
670 990
712 990
712 936
765 936
765 931
694 931
694 960
661 960
661 959
647 959
647 935
650 935
650 909
636 909
636 875
652 875
652 904
686 904
686 876
669 876
669 862
847 862
847 864
936 864
936 863
1117 863
1117 910
1131 910
1131 894
1167 894
1167 902
1215 902
1215 911
1081 911
1081 881
1039 881
1039 889
1063 889
1063 901
1045 901
1045 941
1060 941
1060 913
1105 913
1105 923
1099 923
1099 920
1071 920
1071 927
1268 927
1268 953
1183 953
1183 948
1090 948
1090 982
1086 982
1086 981
1085 981
1085 984
1072 984
1072 979
1043 979
1043 1036
1064 1036
1064 1035
1418 1035
1418 1034
1384 1034
1384 1033
1399 1033
1399 1031
1361 1031
1361 1030
1352 1030
1352 1032
1044 1032
1044 993
1102 993
1102 955
1124 955
1124 958
1145 958
1145 963
1173 963
1173 964
1275 964
1275 962
1283 962
1283 933
1305 933
1305 922
1242 922
1242 917
1301 917
1301 885
1251 885
1251 871
1424 871
1424 928
1408 928
1408 968
1416 968
1416 1025
1378 1025
1378 1028
1440 1028
1440 995
1421 995
1421 929
1436 929
1436 870
1122 870
1122 860
1253 860
1253 868
1396 868
1396 841
1539 841
1539 842
1448 842
1448 843
1791 843
1791 840
1255 840
1255 839
1200 839
1200 822
1345 822
1345 826
1259 826
1259 831
1854 831
1854 850
1838 850
1838 838
1815 838
1815 886
1786 886
1786 882
1475 882
1475 883
1677 883
1677 890
1661 890
1661 895
1480 895
1480 896
1460 896
1460 951
1600 951
1600 954
1471 954
1471 965
1472 965
1472 967
1488 967
1488 956
1648 956
1648 949
1482 949
1482 943
1684 943
1684 947
1689 947
1689 944
1715 944
1715 937
1692 937
1692 921
1623 921
1623 940
1535 940
1535 938
1486 938
1486 934
1484 934
1484 897
1700 897
1700 887
1785 887
1785 893
1830 893
1830 905
1831 905
1831 865
1839 865
1839 851
1898 851
1898 854
1869 854
1869 939
1875 939
1875 918
1888 918
1888 915
1870 915
1870 878
1908 878
1908 867
1883 867
1883 861
1993 861
1993 932
2000 932
2000 849
1977 849
1977 845
1985 845
1985 844
1981 844
1981 823
1953 823
1953 818
1793 818
1793 820
1906 820
1906 819
1943 819
1943 830
1635 830
1635 829
1552 829
1552 827
1509 827
1509 824
1774 824
1774 817
1401 817
1401 812
1192 812
1192 809
1155 809
1155 810
1141 810
1141 814
1135 814
1135 846
1306 846
1306 852
1300 852
1300 857
1129 857
1129 856
954 856
954 859
634 859
634 727
633 727
633 681
695 681
695 698
721 698
721 680
731 680
731 700
719 700
719 718
735 718
735 721
778 721
778 731
747 731
747 790
744 790
744 792
693 792
693 805
748 805
748 797
760 797
760 747
772 747
772 761
837 761
837 786
989 786
989 794
985 794
985 803
1260 803
1260 772
1204 772
1204 760
1238 760
1238 758
1367 758
1367 666
1368 666
1368 603
1377 603
1377 584
1381 584
1381 564
1749 564
1749 567
1755 567
1755 595
1693 595
1693 587
1676 587
1676 576
1526 576
1526 579
1615 579
1615 643
1629 643
1629 615
1628 615
1628 606
1618 606
1618 588
1627 588
1627 578
1645 578
1645 601
1732 601
1732 599
1805 599
1805 582
1811 582
1811 566
1853 566
1853 695
1834 695
1834 670
1826 670
1826 622
1819 622
1819 703
1810 703
1810 623
1778 623
1778 660
1802 660
1802 656
1809 656
1809 705
1849 705
1849 801
1860 801
1860 766
1865 766
1865 739
1877 739
1877 774
1894 774
1894 787
1938 787
1938 788
1976 788
1976 780
1901 780
1901 748
1903 748
1903 764
1937 764
1937 646
1991 646
1991 565
1972 565
1972 634
1965 634
1965 626
1970 626
1970 602
1929 602
1929 612
1936 612
1936 759
1924 759
1924 741
1921 741
1921 730
1928 730
1928 706
1912 706
1912 723
1910 723
1910 647
1885 647
1885 717
1859 717
1859 600
1862 600
1862 541
1866 541
1866 537
1930 537
1930 533
1954 533
1954 559
1961 559
1961 540
1962 540
1962 532
2009 532
2009 531
2007 531
2007 527
2151 527
2151 548
2152 548
2152 542
2165 542
2165 547
2183 547
2183 538
2291 538
2291 607
2292 607
2292 648
2289 648
2289 650
2285 650
2285 713
2248 713
2248 616
2246 616
2246 678
2222 678
2222 611
2223 611
2223 549
2221 549
2221 709
2224 709
2224 728
2252 728
2252 720
2257 720
2257 716
2295 716
2295 590
2296 590
2296 675
2297 675
2297 641
2314 641
2314 745
2312 745
2312 738
2283 738
2283 751
2218 751
2218 657
2191 657
2191 659
2167 659
2167 1037
2142 1037
2142 1057
2020 1057
2020 1051
1890 1051
1890 1054
1690 1054
1690 1058
1795 1058
1795 1055
1944 1055
1944 1062
1784 1062
1784 1061
1753 1061
1753 1082
1742 1082
1742 1093
1617 1093
1617 1094
1752 1094
1752 1096
1464 1096
1464 1090
1454 1090
1454 1046
1443 1046
1443 1086
1453 1086
1453 1088
1320 1088
1320 1068
1295 1068
1295 1049
1274 1049
1274 1095
1457 1095
1457 1099
1428 1099
1428 1102
1258 1102
1258 1105
1257 1105
1257 1052
1191 1052
1191 1047
1079 1047
1079 1056
1106 1056
1106 1076
1143 1076
1143 1059
1227 1059
1227 1111
1212 1111
1212 1208
1094 1208
1094 1200
1083 1200
1083 1197
1077 1197
1077 1161
1058 1161
1058 1141
926 1141
926 1139
853 1139
853 1137
868 1137
868 1125
836 1125
836 1146
803 1146
803 1147
780 1147
780 1126
761 1126
761 1124
705 1124
705 1120
659 1120
659 1118
588 1118
588 1127
582 1127
582 1134
412 1134
412 1135
579 1135
579 1136
586 1136
586 1140
628 1140
628 1130
649 1130
649 1129
627 1129
627 1122
679 1122
679 1131
724 1131
724 1128
732 1128
732 1143
680 1143
680 1148
826 1148
826 1149
688 1149
688 1157
484 1157
484 1169
474 1169
474 1153
450 1153
450 1154
403 1154
403 1155
298 1155
298 1160
321 1160
321 1167
288 1167
288 1170
365 1170
365 1174
452 1174
452 1173
566 1173
566 1175
112 1175
112 1177
90 1177
90 1172
87 1172
87 1166
71 1166
71 1176
56 1176
56 1179
163 1179
163 1180
140 1180
140 1181
248 1181
248 1178
598 1178
598 1171
510 1171
510 1158
673 1158
673 1165
824 1165
824 1151
717 1151
717 1150
999 1150
999 1156
1002 1156
1002 1184
1076 1184
1076 1194
1036 1194
1036 1199
861 1199
861 1191
852 1191
852 1202
687 1202
687 1189
575 1189
575 1185
540 1185
540 1190
682 1190
682 1192
396 1192
396 1193
393 1193
393 1187
361 1187
361 1188
305 1188
305 1205
651 1205
651 1204
309 1204
309 1196
345 1196
345 1195
369 1195
369 1198
426 1198
426 1201
542 1201
542 1203
975 1203
975 1206
667 1206
667 1211
378 1211
378 1214
612 1214
612 1213
615 1213
615 1215
730 1215
730 1212
799 1212
799 1210
773 1210
773 1207
1084 1207
1084 1209
1241 1209
1241 1217
1252 1217
1252 1183
1213 1183
1213 1164
1266 1164
1266 1159
1235 1159
1235 1144
1233 1144
1233 1163
1223 1163
1223 1115
1340 1115
1340 1114
1262 1114
1262 1107
1329 1107
1329 1110
1391 1110
1391 1106
1365 1106
1365 1103
1439 1103
1439 1101
1803 1101
1803 1100
1804 1100
1804 1098
1950 1098
1950 1097
1761 1097
1761 1080
1798 1080
1798 1069
1979 1069
1979 1067
2125 1067
2125 1070
2134 1070
2134 1083
2135 1083
2135 1073
2160 1073
2160 1072
2176 1072
2176 1084
2161 1084
2161 1085
2194 1085
2194 1074
2198 1074
2198 1066
2015 1066
2015 1064
2067 1064
2067 1063
2230 1063
2230 1065
2232 1065
2232 1108
2190 1108
2190 1109
2231 1109
2231 1123
2264 1123
2264 1142
2249 1142
2249 1182
2270 1182
2270 1152
2271 1152
2271 1162
2315 1162
2315 1168
2299 1168
2299 1216
2260 1216
2260 1186
2253 1186
2253 1221
1861 1221
1861 1219
1462 1219
1462 1223
1478 1223
1478 1233
2013 1233
2013 1232
1554 1232
1554 1230
1592 1230
1592 1229
1500 1229
1500 1227
1527 1227
1527 1220
1748 1220
1748 1228
1887 1228
1887 1225
1872 1225
1872 1222
2323 1222
2323 1145
2274 1145
2274 1119
2310 1119
2310 1121
2336 1121
2336 1116
2236 1116
2236 1045
2282 1045
2282 1050
2269 1050
2269 1075
2240 1075
2240 1104
2259 1104
2259 1078
2324 1078
2324 1081
2322 1081
2322 1091
2332 1091
2332 1044
2177 1044
2177 1053
2150 1053
2150 1043
2153 1043
2153 1041
2204 1041
2204 1038
2192 1038
2192 1008
2193 1008
2193 1006
2189 1006
2189 952
2187 952
2187 1027
2186 1027
2186 1003
2170 1003
2170 983
2172 983
2172 945
2173 945
2173 771
2171 771
2171 930
2168 930
2168 667
2185 667
2185 694
2202 694
2202 687
2216 687
2216 719
2215 719
2215 777
2251 777
2251 793
2266 793
2266 753
2268 753
2268 775
2307 775
2307 755
2317 755
2317 619
2298 619
2298 525
2019 525
2019 524
2026 524
2026 523
2243 523
2243 522
2325 522
2325 510
2327 510
2327 493
2339 493
2339 879
2338 879
2338 1015
2359 1015
2359 1021
2406 1021
2406 1012
2404 1012
2404 1010
2417 1010
2417 763
2426 763
2426 715
2444 715
2444 832
2448 832
2448 858
2445 858
2445 880
2440 880
2440 961
2437 961
2437 1013
2438 1013
2438 1039
2436 1039
2436 1048
2413 1048
2413 1071
2408 1071
2408 1077
2416 1077
2416 1112
2398 1112
2398 1224
2400 1224
2400 1226
2399 1226
2399 1234
2273 1234
2273 1238
2397 1238
2397 1290
2370 1290
2370 1264
2263 1264
2263 1259
2247 1259
2247 1258
2043 1258
2043 1250
2039 1250
2039 1260
2086 1260
2086 1261
2078 1261
2078 1266
2342 1266
2342 1283
2321 1283
2321 1275
2277 1275
2277 1276
2217 1276
2217 1273
1876 1273
1876 1274
1812 1274
1812 1271
1630 1271
1630 1269
1797 1269
1797 1270
1843 1270
1843 1267
1621 1267
1621 1265
1565 1265
1565 1272
1551 1272
1551 1262
1487 1262
1487 1249
1407 1249
1407 1256
1403 1256
1403 1282
1429 1282
1429 1299
1447 1299
1447 1286
1455 1286
1455 1300
1467 1300
1467 1302
1423 1302
1423 1306
1468 1306
1468 1316
1479 1316
1479 1346
1239 1346
1239 1331
1323 1331
1323 1328
1310 1328
1310 1324
1417 1324
1417 1322
1346 1322
1346 1311
1308 1311
1308 1310
1278 1310
1278 1320
1152 1320
1152 1247
1610 1247
1610 1246
1605 1246
1605 1241
1631 1241
1631 1244
1701 1244
1701 1242
1750 1242
1750 1237
1724 1237
1724 1236
1427 1236
1427 1245
1194 1245
1194 1240
1052 1240
1052 1239
1245 1239
1245 1235
1003 1235
1003 1252
1019 1252
1019 1243
1055 1243
1055 1248
1057 1248
1057 1251
1062 1251
1062 1255
1013 1255
1013 1254
976 1254
976 1263
900 1263
900 1321
895 1321
895 1301
782 1301
782 1352
768 1352
768 1309
756 1309
756 1319
737 1319
737 1366
751 1366
751 1373
672 1373
672 1391
676 1391
676 1458
671 1458
671 1459
675 1459
675 1465
720 1465
720 1455
707 1455
707 1443
716 1443
716 1394
754 1394
754 1438
766 1438
766 1412
814 1412
814 1411
797 1411
797 1398
830 1398
830 1374
848 1374
848 1370
820 1370
820 1386
681 1386
681 1379
774 1379
774 1363
784 1363
784 1357
792 1357
792 1349
789 1349
789 1341
827 1341
827 1340
788 1340
788 1333
838 1333
838 1336
884 1336
884 1361
927 1361
927 1362
981 1362
981 1359
917 1359
917 1353
956 1353
956 1351
910 1351
910 1314
1001 1314
1001 1257
1088 1257
1088 1253
1146 1253
1146 1325
1203 1325
1203 1334
1174 1334
1174 1345
1188 1345
1188 1348
1349 1348
1349 1350
1449 1350
1449 1354
1481 1354
1481 1380
1426 1380
1426 1369
1415 1369
1415 1372
1414 1372
1414 1377
1398 1377
1398 1375
1383 1375
1383 1376
1362 1376
1362 1433
1370 1433
1370 1463
1438 1463
1438 1464
1140 1464
1140 1478
1132 1478
1132 1539
1119 1539
1119 1453
1061 1453
1061 1460
1114 1460
1114 1536
1101 1536
1101 1540
1220 1540
1220 1551
1279 1551
1279 1556
1297 1556
1297 1550
1327 1550
1327 1557
1067 1557
1067 1558
1207 1558
1207 1560
1366 1560
1366 1571
1314 1571
1314 1566
1108 1566
1108 1573
1121 1573
1121 1575
1175 1575
1175 1578
1216 1578
1216 1616
1136 1616
1136 1621
1113 1621
1113 1604
1000 1604
1000 1607
995 1607
995 1603
993 1603
993 1602
988 1602
988 1605
991 1605
991 1609
1054 1609
1054 1613
1082 1613
1082 1606
1096 1606
1096 1619
767 1619
767 1620
722 1620
722 1624
664 1624
664 1625
786 1625
786 1648
796 1648
796 1650
821 1650
821 1651
706 1651
706 1671
630 1671
630 1569
637 1569
637 1589
657 1589
657 1586
644 1586
644 1576
658 1576
658 1567
642 1567
642 1555
640 1555
640 1565
623 1565
623 1553
624 1553
624 1486
625 1486
625 1403
593 1403
593 1397
568 1397
568 1404
573 1404
573 1425
572 1425
572 1417
556 1417
556 1432
555 1432
555 1430
512 1430
512 1429
472 1429
472 1434
459 1434
459 1437
549 1437
549 1444
435 1444
435 1533
411 1533
411 1527
424 1527
424 1484
402 1484
402 1538
462 1538
462 1518
437 1518
437 1494
473 1494
473 1507
478 1507
478 1537
488 1537
488 1534
502 1534
502 1548
496 1548
496 1674
501 1674
501 1579
506 1579
506 1530
507 1530
507 1526
511 1526
511 1546
521 1546
521 1637
517 1637
517 1693
445 1693
445 1675
494 1675
494 1649
471 1649
471 1611
495 1611
495 1610
470 1610
470 1595
428 1595
428 1596
467 1596
467 1669
431 1669
431 1670
374 1670
374 1709
372 1709
372 1679
366 1679
366 1689
300 1689
300 1692
283 1692
283 1696
317 1696
317 1703
301 1703
301 1704
287 1704
287 1735
235 1735
235 1739
221 1739
221 1707
212 1707
212 1720
162 1720
162 1726
129 1726
129 1747
126 1747
126 1750
137 1750
137 1794
157 1794
157 1797
236 1797
236 1824
261 1824
261 1854
216 1854
216 1846
231 1846
231 1814
228 1814
228 1802
222 1802
222 1843
192 1843
192 1863
158 1863
158 1973
156 1973
156 2025
159 2025
159 1995
176 1995
176 2057
138 2057
138 2084
144 2084
144 2105
189 2105
189 2165
205 2165
205 2183
210 2183
210 2252
149 2252
149 2257
108 2257
108 2249
91 2249
91 2248
85 2248
85 2263
52 2263
52 2246
67 2246
67 2238
82 2238
82 2224
63 2224
63 2201
57 2201
57 2200
13 2200
13 2172
64 2172
64 2140
80 2140
80 2115
45 2115
45 2119
61 2119
61 2150
8 2150
8 2240
2 2240
2 2241
22 2241
22 2234
28 2234
28 2242
17 2242
17 2243
3 2243
3 2285
1 2285
1 2339
7 2339
7 2405
20 2405
20 2363
30 2363
30 2358
36 2358
36 2365
43 2365
43 2386
49 2386
49 2464
40 2464
40 2430
39 2430
39 2450
35 2450
35 2453
34 2453
34 2472
37 2472
37 2480
42 2480
42 2473
48 2473
48 2485
47 2485
47 2482
44 2482
44 2494
11 2494
11 2496
5 2496
5 2498
12 2498
12 2495
50 2495
50 2467
51 2467
51 2356
41 2356
41 2348
18 2348
18 2338
33 2338
33 2337
15 2337
15 2323
58 2323
58 2322
19 2322
19 2294
14 2294
14 2353
16 2353
16 2360
9 2360
9 2317
6 2317
6 2290
4 2290
4 2253
31 2253
31 2269
106 2269
106 2262
139 2262
139 2277
155 2277
155 2264
191 2264
191 2261
201 2261
201 2271
214 2271
214 2235
213 2235
213 2191
226 2191
226 2202
234 2202
234 2157
227 2157
227 2178
211 2178
211 2076
179 2076
179 1992
218 1992
218 1931
195 1931
195 1970
217 1970
217 1985
167 1985
167 1865
170 1865
170 1869
177 1869
177 1866
263 1866
263 1925
238 1925
238 2089
239 2089
239 2301
240 2301
240 2087
247 2087
247 2297
253 2297
253 2435
251 2435
251 2487
233 2487
233 2481
101 2481
101 2459
121 2459
121 2444
123 2444
123 2306
178 2306
178 2291
175 2291
175 2283
166 2283
166 2295
111 2295
111 2402
104 2402
104 2354
88 2354
88 2434
70 2434
70 2300
65 2300
65 2307
68 2307
68 2326
66 2326
66 2433
62 2433
62 2437
117 2437
117 2319
122 2319
122 2410
118 2410
118 2456
100 2456
100 2497
134 2497
134 2500
168 2500
168 2493
196 2493
196 2492
256 2492
256 2036
257 2036
257 1948
246 1948
246 2034
249 2034
249 2075
245 2075
245 1946
268 1946
268 1898
269 1898
269 2030
266 2030
266 2188
262 2188
262 2256
273 2256
273 2361
265 2361
265 2474
311 2474
311 2449
316 2449
316 2441
278 2441
278 1953
279 1953
279 2187
280 2187
280 2013
281 2013
281 1815
297 1815
297 1858
299 1858
299 1828
307 1828
307 1821
308 1821
308 1976
306 1976
306 1988
320 1988
320 1928
315 1928
315 1896
318 1896
318 1924
323 1924
323 1912
319 1912
319 1860
331 1860
331 2014
312 2014
312 2019
302 2019
302 2024
326 2024
326 2044
324 2044
324 2047
325 2047
325 2111
327 2111
327 2143
329 2143
329 2239
330 2239
330 2131
332 2131
332 1861
333 1861
333 1941
335 1941
335 1807
360 1807
360 1879
356 1879
356 1882
373 1882
373 1845
384 1845
384 1897
417 1897
417 1883
410 1883
410 1829
421 1829
421 1844
430 1844
430 1788
446 1788
446 1849
449 1849
449 2099
454 2099
454 2083
476 2083
476 2138
477 2138
477 2237
439 2237
439 2270
405 2270
405 2254
399 2254
399 2181
401 2181
401 1972
398 1972
398 2133
387 2133
387 2132
385 2132
385 2109
377 2109
377 2106
367 2106
367 2128
368 2128
368 2142
371 2142
371 2163
394 2163
394 2186
389 2186
389 2273
429 2273
429 2272
440 2272
440 2266
464 2266
464 2245
481 2245
481 2074
499 2074
499 2137
508 2137
508 2167
492 2167
492 2220
491 2220
491 2229
485 2229
485 2255
509 2255
509 2117
513 2117
513 2122
515 2122
515 2232
519 2232
519 2406
381 2406
381 2401
359 2401
359 2404
355 2404
355 2388
379 2388
379 2366
383 2366
383 2341
352 2341
352 2330
457 2330
457 2368
461 2368
461 2313
420 2313
420 2311
425 2311
425 2299
423 2299
423 2293
408 2293
408 2318
380 2318
380 2328
363 2328
363 2325
341 2325
341 2331
334 2331
334 2333
350 2333
350 2340
328 2340
328 2407
322 2407
322 2413
395 2413
395 2425
486 2425
486 2426
503 2426
503 2412
541 2412
541 2324
532 2324
532 2395
526 2395
526 1937
530 1937
530 2110
529 2110
529 2127
533 2127
533 2100
531 2100
531 1917
523 1917
523 1945
520 1945
520 1850
516 1850
516 1978
518 1978
518 2078
514 2078
514 2098
522 2098
522 2113
500 2113
500 1955
493 1955
493 1942
489 1942
489 1947
487 1947
487 1998
490 1998
490 2039
497 2039
497 2070
455 2070
455 1785
466 1785
466 1772
432 1772
432 1775
392 1775
392 1796
409 1796
409 1881
404 1881
404 1841
362 1841
362 1840
364 1840
364 1825
375 1825
375 1819
388 1819
388 1805
275 1805
275 1887
276 1887
276 1963
277 1963
277 2445
293 2445
293 2447
310 2447
310 2461
272 2461
272 2432
274 2432
274 2062
270 2062
270 1813
241 1813
241 1790
147 1790
147 1752
153 1752
153 1743
285 1743
285 1737
290 1737
290 1705
370 1705
370 1706
353 1706
353 1721
376 1721
376 1732
386 1732
386 1724
413 1724
413 1733
458 1733
458 1717
504 1717
504 1725
538 1725
538 1729
548 1729
548 1730
563 1730
563 1902
562 1902
562 1899
558 1899
558 2009
557 2009
557 1935
551 1935
551 2279
552 2279
552 2423
553 2423
553 2065
561 2065
561 2085
571 2085
571 2082
569 2082
569 2028
565 2028
565 1940
564 1940
564 1701
422 1701
422 1710
427 1710
427 1712
447 1712
447 1708
559 1708
559 1714
442 1714
442 1718
406 1718
406 1698
444 1698
444 1700
475 1700
475 1694
527 1694
527 1657
525 1657
525 1524
505 1524
505 1485
480 1485
480 1480
589 1480
589 1585
591 1585
591 1462
583 1462
583 1475
574 1475
574 1477
443 1477
443 1471
460 1471
460 1445
547 1445
547 1454
580 1454
580 1421
618 1421
618 1564
616 1564
616 1528
614 1528
614 1615
620 1615
620 1593
626 1593
626 1678
631 1678
631 1685
755 1685
755 1682
811 1682
811 1667
943 1667
943 1668
856 1668
856 1676
816 1676
816 1686
903 1686
903 1695
915 1695
915 1677
923 1677
923 1697
949 1697
949 1713
795 1713
795 1742
798 1742
798 1744
793 1744
793 1740
771 1740
771 1776
746 1776
746 1791
727 1791
727 1786
684 1786
684 1798
697 1798
697 1886
711 1886
711 1914
708 1914
708 2060
709 2060
709 2080
678 2080
678 2094
689 2094
689 2147
690 2147
690 2148
668 2148
668 2175
666 2175
666 2170
600 2170
600 2155
599 2155
599 2221
648 2221
648 2218
750 2218
750 2212
829 2212
829 2211
715 2211
715 2209
617 2209
617 2190
692 2190
692 2090
700 2090
700 2152
835 2152
835 2159
845 2159
845 2196
876 2196
876 2179
906 2179
906 2189
955 2189
955 2206
1326 2206
1326 2207
1293 2207
1293 2217
1250 2217
1250 2213
908 2213
908 2216
944 2216
944 2214
1021 2214
1021 2226
969 2226
969 2231
1029 2231
1029 2230
1116 2230
1116 2219
1276 2219
1276 2223
1123 2223
1123 2225
1199 2225
1199 2228
1371 2228
1371 2123
1358 2123
1358 2012
1357 2012
1357 2156
1350 2156
1350 2205
1095 2205
1095 2204
1246 2204
1246 2176
1288 2176
1288 2173
1333 2173
1333 2092
1339 2092
1339 2040
1336 2040
1336 2000
1290 2000
1290 1991
1243 1991
1243 1999
1236 1999
1236 1975
1261 1975
1261 1957
1273 1957
1273 1892
1265 1892
1265 1880
1256 1880
1256 1816
1217 1816
1217 1835
1177 1835
1177 1838
1112 1838
1112 1832
1093 1832
1093 1834
1092 1834
1092 1839
1097 1839
1097 1864
1033 1864
1033 1859
1032 1859
1032 1793
1128 1793
1128 1789
1030 1789
1030 1956
1016 1956
1016 1915
1012 1915
1012 1801
1005 1801
1005 1853
1007 1853
1007 1929
1009 1929
1009 2037
998 2037
998 2033
980 2033
980 2045
963 2045
963 2022
950 2022
950 2042
890 2042
890 2031
886 2031
886 2086
879 2086
879 2102
896 2102
896 2097
972 2097
972 2088
920 2088
920 2066
957 2066
957 2063
973 2063
973 2054
1004 2054
1004 2050
1015 2050
1015 1986
1018 1986
1018 1974
1034 1974
1034 2093
1042 2093
1042 1918
1070 1918
1070 1890
1065 1890
1065 1913
1035 1913
1035 1904
1038 1904
1038 1874
1051 1874
1051 1877
1040 1877
1040 1878
1164 1878
1164 1873
1069 1873
1069 1867
1163 1867
1163 1842
1211 1842
1211 1895
1248 1895
1248 1920
1214 1920
1214 1927
1202 1927
1202 1885
1160 1885
1160 2004
1157 2004
1157 1977
1153 1977
1153 1891
1151 1891
1151 2071
1159 2071
1159 2008
1168 2008
1168 1981
1179 1981
1179 1964
1162 1964
1162 1954
1180 1954
1180 1909
1182 1909
1182 1923
1195 1923
1195 1894
1201 1894
1201 1987
1224 1987
1224 1990
1184 1990
1184 2058
1186 2058
1186 2020
1229 2020
1229 2015
1234 2015
1234 2007
1219 2007
1219 1997
1221 1997
1221 2005
1325 2005
1325 2068
1303 2068
1303 2017
1302 2017
1302 2151
1331 2151
1331 2169
1080 2169
1080 2182
1091 2182
1091 2193
1187 2193
1187 2197
1225 2197
1225 2203
1068 2203
1068 2198
1059 2198
1059 2194
1011 2194
1011 2195
1008 2195
1008 2160
994 2160
994 2171
913 2171
913 2164
866 2164
866 2139
862 2139
862 2141
807 2141
807 2144
713 2144
713 1810
699 1810
699 1806
702 1806
702 1800
714 1800
714 1792
762 1792
762 1795
770 1795
770 1852
764 1852
764 1868
775 1868
775 1774
779 1774
779 1760
783 1760
783 1836
781 1836
781 1855
794 1855
794 1936
810 1936
810 1907
808 1907
808 1773
802 1773
802 1848
801 1848
801 1754
843 1754
843 1723
960 1723
960 1764
942 1764
942 1762
887 1762
887 1777
863 1777
863 1741
865 1741
865 1731
864 1731
864 1727
860 1727
860 1736
859 1736
859 1784
932 1784
932 1782
877 1782
877 1778
959 1778
959 1767
1010 1767
1010 1770
964 1770
964 1779
1024 1779
1024 1768
1017 1768
1017 1766
966 1766
966 1748
971 1748
971 1722
809 1722
809 1715
978 1715
978 1688
930 1688
930 1687
1014 1687
1014 1652
937 1652
937 1660
922 1660
922 1662
804 1662
804 1661
758 1661
758 1672
739 1672
739 1663
749 1663
749 1658
734 1658
734 1684
725 1684
725 1653
849 1653
849 1656
869 1656
869 1633
846 1633
846 1623
1073 1623
1073 1626
1100 1626
1100 1629
1110 1629
1110 1627
1196 1627
1196 1630
1206 1630
1206 1636
1309 1636
1309 1638
1089 1638
1089 1655
1181 1655
1181 1647
1277 1647
1277 1646
1359 1646
1359 1645
1103 1645
1103 1639
1249 1639
1249 1642
1322 1642
1322 1634
1263 1634
1263 1631
1269 1631
1269 1622
1247 1622
1247 1597
1230 1597
1230 1601
1218 1601
1218 1583
1254 1583
1254 1587
1376 1587
1376 1588
1315 1588
1315 1592
1385 1592
1385 1590
1442 1590
1442 1582
1380 1582
1380 1572
1382 1572
1382 1559
1344 1559
1344 1547
1307 1547
1307 1521
1312 1521
1312 1495
1198 1495
1198 1483
1226 1483
1226 1493
1304 1493
1304 1489
1272 1489
1272 1482
1271 1482
1271 1479
1190 1479
1190 1491
1169 1491
1169 1497
1193 1497
1193 1487
1197 1487
1197 1500
1298 1500
1298 1532
1287 1532
1287 1542
1231 1542
1231 1535
1165 1535
1165 1531
1208 1531
1208 1529
1139 1529
1139 1523
1149 1523
1149 1502
1148 1502
1148 1466
1459 1466
1459 1457
1388 1457
1388 1436
1406 1436
1406 1428
1387 1428
1387 1422
1432 1422
1432 1419
1394 1419
1394 1416
1434 1416
1434 1408
1450 1408
1450 1441
1626 1441
1626 1447
1638 1447
1638 1440
1496 1440
1496 1418
1465 1418
1465 1406
1473 1406
1473 1405
1425 1405
1425 1414
1372 1414
1372 1413
1392 1413
1392 1407
1413 1407
1413 1402
1409 1402
1409 1401
1375 1401
1375 1381
1379 1381
1379 1390
1386 1390
1386 1387
1491 1387
1491 1305
1520 1305
1520 1332
1550 1332
1550 1356
1583 1356
1583 1339
1568 1339
1568 1294
1553 1294
1553 1295
1495 1295
1495 1288
1767 1288
1767 1347
1756 1347
1756 1296
1730 1296
1730 1298
1747 1298
1747 1355
1639 1355
1639 1378
1640 1378
1640 1368
1652 1368
1652 1367
1680 1367
1680 1435
1681 1435
1681 1396
1699 1396
1699 1382
1712 1382
1712 1474
1796 1474
1796 1473
2042 1473
2042 1481
2021 1481
2021 1488
2109 1488
2109 1511
2047 1511
2047 1492
2022 1492
2022 1503
1998 1503
1998 1508
1975 1508
1975 1510
1956 1510
1956 1499
1821 1499
1821 1513
1783 1513
1783 1514
1792 1514
1792 1525
1907 1525
1907 1522
1858 1522
1858 1520
1968 1520
1968 1517
1916 1517
1916 1512
2040 1512
2040 1509
2044 1509
2044 1516
2023 1516
2023 1519
2113 1519
2113 1568
2122 1568
2122 1584
2104 1584
2104 1612
2094 1612
2094 1574
2103 1574
2103 1544
2001 1544
2001 1541
1973 1541
1973 1543
1980 1543
1980 1552
2087 1552
2087 1664
2071 1664
2071 1691
2093 1691
2093 1666
2155 1666
2155 1702
2162 1702
2162 1738
2126 1738
2126 1746
2070 1746
2070 1851
2084 1851
2084 1949
2077 1949
2077 2059
2079 2059
2079 2428
2082 2428
2082 2451
2076 2451
2076 2351
2065 2351
2065 2387
2051 2387
2051 2384
2048 2384
2048 2332
2075 2332
2075 2312
2074 2312
2074 2292
2060 2292
2060 2265
2059 2265
2059 2303
2064 2303
2064 2314
2055 2314
2055 2168
2057 2168
2057 2247
2061 2247
2061 2103
2054 2103
2054 2250
2053 2250
2053 2162
2050 2162
2050 2329
2049 2329
2049 2284
2032 2284
2032 2101
2030 2101
2030 2069
2027 2069
2027 2286
2029 2286
2029 2288
2046 2288
2046 2320
2034 2320
2034 2392
2036 2392
2036 2429
2038 2429
2038 2403
2068 2403
2068 2375
2069 2375
2069 2454
2025 2454
2025 2460
1987 2460
1987 2463
1941 2463
1941 2442
1905 2442
1905 2414
1914 2414
1914 2398
1917 2398
1917 2409
1933 2409
1933 2321
1931 2321
1931 2287
1911 2287
1911 2304
1922 2304
1922 2369
1915 2369
1915 2374
1899 2374
1899 2352
1851 2352
1851 2371
1873 2371
1873 2382
1836 2382
1836 2381
1833 2381
1833 2315
1848 2315
1848 2309
1827 2309
1827 2379
1780 2379
1780 2349
1787 2349
1787 2334
1806 2334
1806 2302
1754 2302
1754 2316
1737 2316
1737 2342
1757 2342
1757 2344
1772 2344
1772 2359
1768 2359
1768 2345
1716 2345
1716 2393
1655 2393
1655 2422
1642 2422
1642 2385
1667 2385
1667 2377
1666 2377
1666 2362
1646 2362
1646 2373
1601 2373
1601 2350
1579 2350
1579 2343
1603 2343
1603 2335
1569 2335
1569 2336
1555 2336
1555 2355
1528 2355
1528 2281
1525 2281
1525 1930
1524 1930
1524 2052
1522 2052
1522 1831
1543 1831
1543 1856
1531 1856
1531 2056
1537 2056
1537 1921
1541 1921
1541 2006
1561 2006
1561 2061
1562 2061
1562 1993
1564 1993
1564 2011
1578 2011
1578 2081
1580 2081
1580 1875
1577 1875
1577 1822
1576 1822
1576 1673
1563 1673
1563 1608
1586 1608
1586 1599
1599 1599
1599 1903
1602 1903
1602 1932
1596 1932
1596 1759
1585 1759
1585 1787
1591 1787
1591 1771
1593 1771
1593 1872
1595 1872
1595 2096
1590 2096
1590 1950
1588 1950
1588 2149
1584 2149
1584 1960
1581 1960
1581 2158
1594 2158
1594 2236
1598 2236
1598 2278
1694 2278
1694 2276
1619 2276
1619 2244
1614 2244
1614 2135
1606 2135
1606 1994
1609 1994
1609 1967
1613 1967
1613 1756
1616 1756
1616 1757
1662 1757
1662 1749
1622 1749
1622 1734
1671 1734
1671 1847
1660 1847
1660 1803
1647 1803
1647 1893
1653 1893
1653 1900
1644 1900
1644 1765
1643 1765
1643 1938
1650 1938
1650 1922
1658 1922
1658 1919
1704 1919
1704 1934
1703 1934
1703 1989
1685 1989
1685 2072
1688 2072
1688 2121
1698 2121
1698 2154
1705 2154
1705 1939
1708 1939
1708 1906
1683 1906
1683 1888
1668 1888
1668 1870
1682 1870
1682 1837
1697 1837
1697 1826
1714 1826
1714 1889
1717 1889
1717 1933
1729 1933
1729 2021
1735 2021
1735 2048
1744 2048
1744 2049
1751 2049
1751 2107
1799 2107
1799 2091
1760 2091
1760 2079
1765 2079
1765 1971
1775 1971
1775 1966
1764 1966
1764 1884
1759 1884
1759 2016
1733 2016
1733 1926
1718 1926
1718 1857
1738 1857
1738 1818
1721 1818
1721 1812
1696 1812
1696 1823
1686 1823
1686 1683
1678 1683
1678 1830
1674 1830
1674 1640
1672 1640
1672 1635
1649 1635
1649 1643
1664 1643
1664 1690
1665 1690
1665 1654
1670 1654
1670 1699
1612 1699
1612 1618
1634 1618
1634 1617
1608 1617
1608 1804
1611 1804
1611 1827
1607 1827
1607 1968
1604 1968
1604 1594
1557 1594
1557 1745
1504 1745
1504 1716
1477 1716
1477 1758
1570 1758
1570 1719
1572 1719
1572 1871
1574 1871
1574 1681
1575 1681
1575 1959
1560 1959
1560 1763
1559 1763
1559 1901
1549 1901
1549 1808
1532 1808
1532 1811
1507 1811
1507 1905
1519 1905
1519 1943
1502 1943
1502 1809
1499 1809
1499 1911
1485 1911
1485 2026
1492 2026
1492 2018
1493 2018
1493 2010
1497 2010
1497 2298
1501 2298
1501 2327
1503 2327
1503 1965
1498 1965
1498 1944
1506 1944
1506 1969
1505 1969
1505 2035
1511 2035
1511 2029
1516 2029
1516 2001
1513 2001
1513 1952
1518 1952
1518 2380
1515 2380
1515 2383
1523 2383
1523 2370
1521 2370
1521 2367
1533 2367
1533 2357
1582 2357
1582 2390
1620 2390
1620 2397
1587 2397
1587 2418
1597 2418
1597 2399
1637 2399
1637 2419
1632 2419
1632 2438
1656 2438
1656 2462
1657 2462
1657 2424
1663 2424
1663 2446
1669 2446
1669 2431
1673 2431
1673 2468
1720 2468
1720 2466
1769 2466
1769 2455
1713 2455
1713 2457
1687 2457
1687 2452
1679 2452
1679 2427
1675 2427
1675 2417
1722 2417
1722 2346
1740 2346
1740 2347
1723 2347
1723 2376
1727 2376
1727 2439
1731 2439
1731 2400
1745 2400
1745 2436
1773 2436
1773 2420
1801 2420
1801 2415
1746 2415
1746 2372
1763 2372
1763 2408
1782 2408
1782 2394
1828 2394
1828 2389
1864 2389
1864 2448
1852 2448
1852 2443
1846 2443
1846 2475
1832 2475
1832 2477
1816 2477
1816 2490
1850 2490
1850 2491
1934 2491
1934 2479
1966 2479
1966 2478
1932 2478
1932 2483
1892 2483
1892 2484
1920 2484
1920 2489
1857 2489
1857 2488
1868 2488
1868 2421
1886 2421
1886 2411
1884 2411
1884 2396
1880 2396
1880 2378
1882 2378
1882 2364
1889 2364
1889 2416
1895 2416
1895 2465
2052 2465
2052 2469
1940 2469
1940 2471
1945 2471
1945 2470
2003 2470
2003 2499
2011 2499
2011 2476
2121 2476
2121 2440
2115 2440
2115 2310
2166 2310
2166 2296
2163 2296
2163 2308
2158 2308
2158 2305
2154 2305
2154 2258
2157 2258
2157 2129
2262 2129
2262 2130
2275 2130
2275 2136
2276 2136
2276 2161
2303 2161
2303 2112
2309 2112
2309 2227
2281 2227
2281 2233
2334 2233
2334 2095
2333 2095
2333 2073
2350 2073
2350 2041
2347 2041
2347 1751
2352 1751
2352 1680
2351 1680
2351 1498
2362 1498
2362 1395
2364 1395
2364 1449
2376 1449
2376 1501
2379 1501
2379 1496
2383 1496
2383 1400
2392 1400
2392 1506
2365 1506
2365 1515
2388 1515
2388 1581
2386 1581
2386 2222
2385 2222
2385 2116
2384 2116
2384 1628
2382 1628
2382 1570
2371 1570
2371 1563
2368 1563
2368 1755
2367 1755
2367 2251
2369 2251
2369 1577
2372 1577
2372 2486
2373 2486
2373 1711
2374 1711
2374 1580
2375 1580
2375 2134
2377 2134
2377 2259
2378 2259
2378 2184
2380 2184
2380 2274
2387 2274
2387 1780
2389 1780
2389 1632
2390 1632
2390 1876
2394 1876
2394 1728
2395 1728
2395 1614
2396 1614
2396 1427
2393 1427
2393 1364
2381 1364
2381 1384
2360 1384
2360 1448
2353 1448
2353 1451
2344 1451
2344 1561
2348 1561
2348 1549
2349 1549
2349 1562
2341 1562
2341 2027
2346 2027
2346 2038
2331 2038
2331 2208
2311 2208
2311 2166
2318 2166
2318 2077
2308 2077
2308 2002
2328 2002
2328 1979
2313 1979
2313 1962
2306 1962
2306 1982
2305 1982
2305 2055
2300 2055
2300 1984
2256 1984
2256 1983
2261 1983
2261 1910
2233 1910
2233 1961
2241 1961
2241 2053
2227 2053
2227 2046
2207 2046
2207 2032
2199 2032
2199 1781
2184 1781
2184 1799
2180 1799
2180 1833
2196 1833
2196 1908
2188 1908
2188 1916
2195 1916
2195 2064
2214 2064
2214 2067
2242 2067
2242 1996
2294 1996
2294 2153
2288 2153
2288 2003
2284 2003
2284 2043
2287 2043
2287 2125
2238 2125
2238 2126
2205 2126
2205 2120
2210 2120
2210 2104
2148 2104
2148 2185
2147 2185
2147 2199
2144 2199
2144 2210
2149 2210
2149 2267
2146 2267
2146 2275
2143 2275
2143 2174
2141 2174
2141 2280
2130 2280
2130 2260
2114 2260
2114 2215
2112 2215
2112 2146
2132 2146
2132 2124
2136 2124
2136 2118
2111 2118
2111 2177
2110 2177
2110 2391
2108 2391
2108 1820
2105 1820
2105 1951
2107 1951
2107 2458
2085 2458
2085 2289
2090 2289
2090 2282
2083 2282
2083 2268
2089 2268
2089 1980
2092 1980
2092 1817
2073 1817
2073 1769
2096 1769
2096 2023
2097 2023
2097 1958
2102 1958
2102 1862
2099 1862
2099 1783
2100 1783
2100 1761
2179 1761
2179 1665
2178 1665
2178 1598
2174 1598
2174 1753
2164 1753
2164 1659
2106 1659
2106 1641
2117 1641
2117 1644
2119 1644
2119 1600
2131 1600
2131 1504
2133 1504
2133 1554
2139 1554
2139 1545
2140 1545
2140 1365
2138 1365
2138 1490
2128 1490
2128 1591
2127 1591
2127 1505
2124 1505
2124 1476
2066 1476
2066 1470
2028 1470
2028 1468
1955 1468
1955 1431
1952 1431
1952 1450
1946 1450
1946 1399
1935 1399
1935 1420
1913 1420
1913 1385
2031 1385
2031 1388
1992 1388
1992 1393
2033 1393
2033 1389
2062 1389
2062 1426
2045 1426
2045 1452
2081 1452
2081 1461
2088 1461
2088 1446
2080 1446
2080 1424
2091 1424
2091 1410
2118 1410
2118 1442
2101 1442
2101 1456
2137 1456
2137 1409
2129 1409
2129 1423
2120 1423
2120 1383
1902 1383
1902 1469
1896 1469
1896 1472
1725 1472
1725 1392
1734 1392
1734 1439
1741 1439
1741 1467
1743 1467
1743 1415
1736 1415
1736 1371
1702 1371
1702 1360
1719 1360
1719 1358
1779 1358
1779 1292
1807 1292
1807 1327
1808 1327
1808 1326
1900 1326
1900 1329
1844 1329
1844 1330
1794 1330
1794 1342
1904 1342
1904 1344
1919 1344
1919 1338
1879 1338
1879 1335
1923 1335
1923 1343
1948 1343
1948 1337
1960 1337
1960 1323
1994 1323
1994 1312
2010 1312
2010 1308
2041 1308
2041 1318
2058 1318
2058 1317
2056 1317
2056 1307
1867 1307
1867 1315
1823 1315
1823 1285
1490 1285
1490 1297
1534 1297
1534 1303
1489 1303
1489 1313
1470 1313
1470 1284
1476 1284
1476 1268
1514 1268
1514 1280
1624 1280
1624 1277
1942 1277
1942 1278
2201 1278
2201 1279
2006 1279
2006 1304
2024 1304
2024 1281
2203 1281
2203 1289
2278 1289
2278 1287
2302 1287
2302 1291
2343 1291
2343 1293
2401 1293
2401 1231
2409 1231
2409 1218
2402 1218
2402 1133
2403 1133
2403 1138
2405 1138
2405 1132
2407 1132
2407 1117
2422 1117
2422 1060
2423 1060
2423 1113
2434 1113
2434 1089
2439 1089
2439 1087
2443 1087
2443 1042
2442 1042
2442 906
2447 906
2447 971
2492 971
2492 1079
2488 1079
2488 991
2483 991
2483 975
2459 975
2459 994
2455 994
2455 1001
2475 1001
2475 1092
2500 1092
2500 1040
2495 1040
2495 926
2496 926
2496 907
2480 907
2480 899
2467 899
2467 900
2446 900
2446 877
2450 877
2450 872
2452 872
2452 835
2461 835
2461 847
2476 847
2476 815
2463 815
2463 821
2451 821
2451 749
2456 749
2456 722
2469 722
2469 591
2479 591
2479 585
2466 585
2466 577
2481 577
2481 699
2498 699
2498 605
2491 605
2491 635
2485 635
2485 598
2497 598
2497 464
2477 464
2477 501
2471 501
2471 374
2474 374
2474 170
2490 170
2490 109
2493 109
2493 101
2494 101
2494 50
2499 50
2499 1
