136
158 1863
158 1973
156 1973
156 2025
159 2025
159 1995
176 1995
176 2057
138 2057
138 2084
144 2084
144 2105
189 2105
189 2165
205 2165
205 2183
210 2183
210 2252
149 2252
149 2257
85 2257
85 2263
52 2263
52 2246
3 2246
3 2285
1 2285
1 2339
7 2339
7 2405
20 2405
20 2363
30 2363
30 2358
36 2358
36 2365
43 2365
43 2386
49 2386
49 2464
40 2464
40 2430
39 2430
39 2450
35 2450
35 2453
34 2453
34 2472
37 2472
37 2480
42 2480
42 2473
48 2473
48 2485
47 2485
47 2482
44 2482
44 2494
11 2494
11 2496
5 2496
5 2498
12 2498
12 2495
50 2495
50 2467
51 2467
51 2356
41 2356
41 2348
18 2348
18 2338
33 2338
33 2337
15 2337
15 2323
58 2323
58 2322
19 2322
19 2294
14 2294
14 2353
16 2353
16 2360
9 2360
9 2317
6 2317
6 2290
4 2290
4 2253
31 2253
31 2269
106 2269
106 2262
139 2262
139 2277
155 2277
155 2264
191 2264
191 2261
201 2261
201 2271
214 2271
214 2235
213 2235
213 2191
226 2191
226 2202
234 2202
234 2157
227 2157
227 2178
211 2178
211 2076
179 2076
179 1992
218 1992
218 1985
167 1985
167 1865
170 1865
170 1869
177 1869
177 1866
263 1866
263 1925
238 1925
238 2087
256 2087
256 2075
245 2075
245 1946
268 1946
268 1898
270 1898
270 1863
