1564
595 614
595 665
586 665
586 669
560 669
560 673
494 673
494 723
478 723
478 736
420 736
420 995
413 995
413 955
414 955
414 844
416 844
416 743
407 743
407 700
386 700
386 734
394 734
394 816
376 816
376 998
351 998
351 1003
346 1003
346 1007
335 1007
335 1089
339 1089
339 1116
341 1116
341 1123
343 1123
343 1141
337 1141
337 1193
1 1193
1 1214
6 1214
6 1224
31 1224
31 1239
42 1239
42 1213
68 1213
68 1217
58 1217
58 1219
95 1219
95 1223
345 1223
345 1226
75 1226
75 1227
84 1227
84 1229
127 1229
127 1243
159 1243
159 1248
158 1248
158 1250
163 1250
163 1235
170 1235
170 1245
172 1245
172 1237
268 1237
268 1236
336 1236
336 1241
363 1241
363 1232
141 1232
141 1231
166 1231
166 1230
371 1230
371 1221
298 1221
298 1212
296 1212
296 1220
142 1220
142 1218
140 1218
140 1209
281 1209
281 1208
280 1208
280 1206
204 1206
204 1205
4 1205
4 1202
39 1202
39 1196
78 1196
78 1203
215 1203
215 1201
97 1201
97 1199
91 1199
91 1198
101 1198
101 1194
285 1194
285 1195
338 1195
338 1189
342 1189
342 1147
344 1147
344 1009
377 1009
377 1071
373 1071
373 1186
375 1186
375 1085
380 1085
380 1062
378 1062
378 836
379 836
379 875
381 875
381 900
383 900
383 839
392 839
392 843
395 843
395 927
390 927
390 1135
393 1135
393 1188
388 1188
388 1197
397 1197
397 1142
398 1142
398 1125
399 1125
399 1067
391 1067
391 936
396 936
396 706
401 706
401 1129
402 1129
402 1132
403 1132
403 718
404 718
404 799
405 799
405 1042
406 1042
406 748
411 748
411 887
410 887
410 785
408 785
408 1065
409 1065
409 1137
424 1137
424 1138
503 1138
503 1139
568 1139
568 1144
556 1144
556 1148
551 1148
551 1162
585 1162
585 1161
563 1161
563 1159
813 1159
813 1157
835 1157
835 1167
858 1167
858 1169
881 1169
881 1176
861 1176
861 1181
912 1181
912 1184
880 1184
880 1187
882 1187
882 1191
877 1191
877 1190
860 1190
860 1211
989 1211
989 1216
1001 1216
1001 1225
976 1225
976 1233
992 1233
992 1238
977 1238
977 1246
864 1246
864 1249
935 1249
935 1247
981 1247
981 1244
1066 1244
1066 1242
1074 1242
1074 1234
1061 1234
1061 1228
1093 1228
1093 1222
1089 1222
1089 1178
1158 1178
1158 1173
1111 1173
1111 1166
1079 1166
1079 1170
1082 1170
1082 1174
1077 1174
1077 1177
1085 1177
1085 1185
1084 1185
1084 1179
1076 1179
1076 1182
1075 1182
1075 1183
1078 1183
1078 1215
1067 1215
1067 1210
1060 1210
1060 1207
1059 1207
1059 1240
1043 1240
1043 1200
985 1200
985 1204
942 1204
942 1192
956 1192
956 970
963 970
963 962
966 962
966 980
972 980
972 975
982 975
982 956
975 956
975 898
970 898
970 880
965 880
965 904
967 904
967 913
961 913
961 926
973 926
973 958
958 958
958 947
951 947
951 1180
886 1180
886 1172
894 1172
894 1149
895 1149
895 1126
893 1126
893 1022
914 1022
914 1023
906 1023
906 1043
908 1043
908 1076
917 1076
917 1029
922 1029
922 1046
937 1046
937 873
938 873
938 832
944 832
944 697
936 697
936 677
941 677
941 631
950 631
950 552
949 552
949 537
952 537
952 561
953 561
953 802
974 802
974 833
979 833
979 808
978 808
978 792
957 792
957 606
959 606
959 732
964 732
964 746
980 746
980 659
983 659
983 770
986 770
986 739
993 739
993 840
990 840
990 801
987 801
987 912
997 912
997 857
995 857
995 576
996 576
996 322
1002 322
1002 343
998 343
998 388
1035 388
1035 393
1038 393
1038 420
1014 420
1014 458
1012 458
1012 477
1006 477
1006 454
1004 454
1004 798
1010 798
1010 788
1053 788
1053 849
1032 849
1032 852
1027 852
1027 872
1050 872
1050 911
1024 911
1024 899
1025 899
1025 850
999 850
999 856
1023 856
1023 886
1008 886
1008 910
1000 910
1000 915
1029 915
1029 918
1047 918
1047 952
1015 952
1015 961
1016 961
1016 1019
1020 1019
1020 989
1022 989
1022 977
1040 977
1040 1030
1044 1030
1044 966
1045 966
1045 1038
1030 1038
1030 1033
1028 1033
1028 1047
1026 1047
1026 1073
1034 1073
1034 1041
1037 1041
1037 1113
1094 1113
1094 1088
1096 1088
1096 1066
1087 1066
1087 1061
1090 1061
1090 1014
1091 1014
1091 1040
1097 1040
1097 1114
1109 1114
1109 1117
1119 1117
1119 1124
1230 1124
1230 1103
1248 1103
1248 1102
1216 1102
1216 1092
1212 1092
1212 1063
1211 1063
1211 1055
1245 1055
1245 1049
1234 1049
1234 1016
1214 1016
1214 1001
1249 1001
1249 1028
1250 1028
1250 1000
1240 1000
1240 985
1222 985
1222 984
1223 984
1223 969
1233 969
1233 957
1247 957
1247 954
1206 954
1206 992
1188 992
1188 888
1186 888
1186 780
1189 780
1189 738
1193 738
1193 698
1173 698
1173 660
1149 660
1149 795
1151 795
1151 882
1147 882
1147 859
1145 859
1145 895
1144 895
1144 786
1146 786
1146 522
1153 522
1153 597
1155 597
1155 444
1210 444
1210 419
1217 419
1217 460
1213 460
1213 473
1205 473
1205 481
1203 481
1203 487
1180 487
1180 599
1164 599
1164 607
1178 607
1178 608
1170 608
1170 628
1190 628
1190 624
1195 624
1195 620
1182 620
1182 515
1196 515
1196 529
1200 529
1200 586
1201 586
1201 546
1220 546
1220 626
1207 626
1207 640
1215 640
1215 642
1235 642
1235 489
1232 489
1232 590
1226 590
1226 505
1229 505
1229 503
1228 503
1228 463
1225 463
1225 627
1221 627
1221 440
1224 440
1224 410
1199 410
1199 412
1122 412
1122 330
1137 330
1137 335
1148 335
1148 326
1132 326
1132 302
1123 302
1123 325
1121 325
1121 399
1115 399
1115 314
1112 314
1112 414
1202 414
1202 421
1176 421
1176 441
1142 441
1142 476
1141 476
1141 768
1143 768
1143 775
1140 775
1140 579
1138 579
1138 578
1131 578
1131 482
1129 482
1129 615
1127 615
1127 447
1108 447
1108 452
1107 452
1107 426
1106 426
1106 479
1124 479
1124 652
1118 652
1118 596
1116 596
1116 667
1135 667
1135 662
1139 662
1139 703
1130 703
1130 754
1126 754
1126 761
1128 761
1128 972
1125 972
1125 982
1114 982
1114 890
1120 890
1120 846
1113 846
1113 991
1117 991
1117 990
1134 990
1134 705
1136 705
1136 901
1152 901
1152 1006
1154 1006
1154 724
1150 724
1150 694
1172 694
1172 813
1174 813
1174 881
1175 881
1175 877
1177 877
1177 720
1191 720
1191 728
1184 728
1184 815
1183 815
1183 920
1185 920
1185 993
1187 993
1187 994
1227 994
1227 999
1208 999
1208 1108
1198 1108
1198 1112
1105 1112
1105 1080
1100 1080
1100 1037
1101 1037
1101 973
1092 973
1092 930
1102 930
1102 778
1099 778
1099 757
1095 757
1095 841
1098 841
1098 894
1086 894
1086 902
1088 902
1088 1039
1083 1039
1083 1070
1081 1070
1081 1094
1080 1094
1080 1109
1058 1109
1058 1097
1057 1097
1057 1074
1046 1074
1046 1015
1051 1015
1051 854
1056 854
1056 823
1068 823
1068 820
1054 820
1054 784
1017 784
1017 779
1007 779
1007 744
1005 744
1005 478
1018 478
1018 428
1036 428
1036 442
1042 442
1042 581
1033 581
1033 582
1048 582
1048 577
1052 577
1052 555
1069 555
1069 521
1065 521
1065 367
1070 367
1070 445
1071 445
1071 584
1072 584
1072 427
1073 427
1073 327
1064 327
1064 299
1019 299
1019 311
1063 311
1063 511
1062 511
1062 520
1049 520
1049 383
1055 383
1055 312
1041 312
1041 374
1039 374
1039 341
1031 341
1031 371
1011 371
1011 297
1009 297
1009 290
1157 290
1157 282
1162 282
1162 277
1161 277
1161 247
1218 247
1218 272
1236 272
1236 251
1242 251
1242 231
1241 231
1241 228
1166 228
1166 233
1165 233
1165 224
1160 224
1160 218
1179 218
1179 171
1167 171
1167 173
1110 173
1110 184
1159 184
1159 194
1104 194
1104 87
1168 87
1168 89
1169 89
1169 72
1181 72
1181 111
1194 111
1194 85
1197 85
1197 80
1192 80
1192 67
1204 67
1204 93
1219 93
1219 95
1237 95
1237 106
1244 106
1244 107
1238 107
1238 112
1246 112
1246 101
1239 101
1239 90
1209 90
1209 70
1231 70
1231 75
1243 75
1243 66
1163 66
1163 83
1133 83
1133 82
1103 82
1103 198
1171 198
1171 217
1156 217
1156 283
1013 283
1013 286
1003 286
1003 271
1021 271
1021 264
994 264
994 538
991 538
991 695
988 695
988 715
984 715
984 637
968 637
968 680
971 680
971 685
962 685
962 542
969 542
969 535
955 535
955 553
960 553
960 593
954 593
954 429
947 429
947 400
946 400
946 439
948 439
948 598
945 598
945 600
943 600
943 361
940 361
940 316
930 316
930 331
939 331
939 349
933 349
933 678
932 678
932 649
920 649
920 654
919 654
919 741
921 741
921 709
923 709
923 727
929 727
929 688
934 688
934 803
898 803
898 769
902 769
902 691
918 691
918 646
911 646
911 639
907 639
907 687
904 687
904 663
903 663
903 661
891 661
891 693
890 693
890 564
916 564
916 532
915 532
915 305
913 305
913 333
885 333
885 334
909 334
909 530
899 530
899 488
889 488
889 758
892 758
892 690
896 690
896 765
897 765
897 874
900 874
900 949
901 949
901 907
905 907
905 822
925 822
925 853
931 853
931 937
926 937
926 950
888 950
888 951
927 951
927 978
928 978
928 1036
924 1036
924 1011
910 1011
910 1013
887 1013
887 1115
876 1115
876 1087
878 1087
878 1031
883 1031
883 1008
875 1008
875 971
884 971
884 948
879 948
879 781
873 781
873 699
865 699
865 722
863 722
863 737
872 737
872 935
871 935
871 939
874 939
874 1145
870 1145
870 800
862 800
862 819
869 819
869 1152
868 1152
868 1158
867 1158
867 925
866 925
866 1153
669 1153
669 1151
623 1151
623 1150
582 1150
582 1155
581 1155
581 1140
614 1140
614 1134
486 1134
486 1136
457 1136
457 1127
452 1127
452 1101
451 1101
451 909
449 909
449 884
433 884
433 870
458 870
458 883
474 883
474 865
465 865
465 848
468 848
468 835
467 835
467 834
463 834
463 809
459 809
459 842
453 842
453 861
436 861
436 862
430 862
430 889
427 889
427 892
434 892
434 923
439 923
439 967
441 967
441 914
448 914
448 996
440 996
440 1121
429 1121
429 1100
423 1100
423 1104
415 1104
415 1017
422 1017
422 817
421 817
421 751
450 751
450 745
464 745
464 753
489 753
489 729
507 729
507 733
492 733
492 740
499 740
499 818
502 818
502 767
504 767
504 750
511 750
511 742
518 742
518 725
497 725
497 710
501 710
501 689
521 689
521 696
541 696
541 686
533 686
533 674
544 674
544 676
543 676
543 701
546 701
546 682
606 682
606 670
608 670
608 648
604 648
604 630
618 630
618 592
631 592
631 664
640 664
640 543
648 543
648 502
645 502
645 492
664 492
664 544
663 544
663 583
672 583
672 625
674 625
674 573
675 573
675 571
682 571
682 791
647 791
647 821
633 821
633 943
634 943
634 845
638 845
638 838
642 838
642 944
630 944
630 830
627 830
627 941
625 941
625 869
624 869
624 924
619 924
619 964
644 964
644 837
650 837
650 812
677 812
677 1059
752 1059
752 1079
713 1079
713 1081
670 1081
670 1064
671 1064
671 847
668 847
668 855
658 855
658 885
666 885
666 986
667 986
667 1045
660 1045
660 1051
655 1051
655 1048
632 1048
632 1057
643 1057
643 1072
661 1072
661 1095
726 1095
726 1093
728 1093
728 1111
649 1111
649 1078
629 1078
629 1110
628 1110
628 1122
717 1122
717 1120
754 1120
754 1099
744 1099
744 1096
757 1096
757 1083
770 1083
770 1118
775 1118
775 1105
774 1105
774 1090
801 1090
801 831
802 831
802 1060
804 1060
804 1027
821 1027
821 979
827 979
827 931
825 931
825 933
824 933
824 917
809 917
809 965
812 965
812 1024
806 1024
806 932
807 932
807 903
819 903
819 807
810 807
810 719
800 719
800 756
793 756
793 713
797 713
797 717
803 717
803 681
822 681
822 704
832 704
832 692
840 692
840 516
849 516
849 526
845 526
845 595
850 595
850 604
852 604
852 547
854 547
854 407
853 407
853 309
851 309
851 338
847 338
847 504
843 504
843 497
838 497
838 483
837 483
837 683
833 683
833 459
834 459
834 353
831 353
831 392
828 392
828 512
830 512
830 672
790 672
790 771
786 771
786 151
787 151
787 167
820 167
820 242
818 242
818 169
816 169
816 172
817 172
817 243
815 243
815 199
796 199
796 254
808 254
808 260
823 260
823 259
859 259
859 256
846 256
846 252
848 252
848 246
839 246
839 195
841 195
841 238
855 238
855 183
844 183
844 168
842 168
842 170
826 170
826 153
829 153
829 159
836 159
836 129
856 129
856 109
814 109
814 116
789 116
789 119
811 119
811 146
805 146
805 136
780 136
780 137
779 137
779 189
781 189
781 225
778 225
778 258
783 258
783 192
785 192
785 774
791 774
791 708
792 708
792 863
784 863
784 867
788 867
788 974
794 974
794 891
795 891
795 876
798 876
798 959
799 959
799 1075
753 1075
753 1069
765 1069
765 1053
723 1053
723 1058
691 1058
691 988
730 988
730 1004
711 1004
711 1025
718 1025
718 1035
734 1035
734 981
693 981
693 963
703 963
703 960
720 960
720 968
733 968
733 953
689 953
689 946
680 946
680 942
708 942
708 897
701 897
701 860
696 860
696 921
690 921
690 938
684 938
684 934
678 934
678 804
687 804
687 638
725 638
725 651
699 651
699 658
732 658
732 636
724 636
724 387
715 387
715 307
729 307
729 292
721 292
721 232
722 232
722 211
719 211
719 201
731 201
731 182
727 182
727 113
739 113
739 185
737 185
737 160
736 160
736 285
758 285
758 288
735 288
735 398
738 398
738 365
747 365
747 370
743 370
743 385
763 385
763 475
748 475
748 496
740 496
740 567
741 567
741 762
746 762
746 594
762 594
762 641
761 641
761 671
766 671
766 551
745 551
745 533
769 533
769 793
756 793
756 824
771 824
771 764
772 764
772 749
773 749
773 528
776 528
776 495
767 495
767 455
764 455
764 337
751 337
751 294
759 294
759 244
742 244
742 237
749 237
749 152
750 152
750 157
755 157
755 138
768 138
768 135
760 135
760 110
712 110
712 524
714 524
714 484
716 484
716 635
706 635
706 565
707 565
707 114
709 114
709 506
710 506
710 104
679 104
679 108
705 108
705 378
702 378
702 519
704 519
704 589
688 589
688 633
685 633
685 747
683 747
683 468
697 468
697 372
698 372
698 222
694 222
694 210
635 210
635 245
559 245
559 240
621 240
621 226
626 226
626 219
612 219
612 230
592 230
592 148
584 148
584 223
587 223
587 235
573 235
573 187
567 187
567 179
572 179
572 147
570 147
570 145
569 145
569 120
566 120
566 221
525 221
525 239
540 239
540 255
656 255
656 241
653 241
653 236
641 236
641 214
686 214
686 234
659 234
659 257
662 257
662 296
673 296
673 268
665 268
665 267
676 267
676 262
695 262
695 451
651 451
651 456
636 456
636 467
646 467
646 470
639 470
639 591
611 591
611 605
613 605
613 614
