292
413 995
413 955
414 955
414 844
416 844
416 743
407 743
407 700
386 700
386 734
394 734
394 816
376 816
376 998
351 998
351 1003
346 1003
346 1007
335 1007
335 1089
339 1089
339 1116
341 1116
341 1123
343 1123
343 1141
337 1141
337 1193
1 1193
1 1214
6 1214
6 1224
31 1224
31 1239
42 1239
42 1213
68 1213
68 1217
58 1217
58 1219
95 1219
95 1223
345 1223
345 1226
75 1226
75 1227
84 1227
84 1229
127 1229
127 1243
159 1243
159 1248
158 1248
158 1250
163 1250
163 1235
170 1235
170 1245
172 1245
172 1237
268 1237
268 1236
336 1236
336 1241
363 1241
363 1232
141 1232
141 1231
166 1231
166 1230
371 1230
371 1221
298 1221
298 1212
296 1212
296 1220
142 1220
142 1218
140 1218
140 1209
281 1209
281 1208
280 1208
280 1206
204 1206
204 1205
4 1205
4 1202
39 1202
39 1196
78 1196
78 1203
215 1203
215 1201
97 1201
97 1199
91 1199
91 1198
101 1198
101 1194
285 1194
285 1195
338 1195
338 1189
342 1189
342 1147
344 1147
344 1009
377 1009
377 1071
373 1071
373 1186
375 1186
375 1085
380 1085
380 1062
378 1062
378 836
379 836
379 875
381 875
381 900
383 900
383 839
392 839
392 843
395 843
395 927
390 927
390 1135
393 1135
393 1188
388 1188
388 1197
397 1197
397 1142
398 1142
398 1125
399 1125
399 1067
391 1067
391 936
396 936
396 706
401 706
401 1129
402 1129
402 1132
403 1132
403 718
404 718
404 799
405 799
405 1042
406 1042
406 748
411 748
411 887
410 887
410 785
408 785
408 1065
409 1065
409 1137
424 1137
424 1138
503 1138
503 1139
568 1139
568 1144
556 1144
556 1148
551 1148
551 1162
585 1162
585 1161
563 1161
563 1159
813 1159
813 1157
835 1157
835 1167
858 1167
858 1169
881 1169
881 1176
861 1176
861 1181
912 1181
912 1184
880 1184
880 1187
882 1187
882 1191
877 1191
877 1190
860 1190
860 1211
989 1211
989 1216
1001 1216
1001 1225
976 1225
976 1233
992 1233
992 1238
977 1238
977 1246
864 1246
864 1249
935 1249
935 1247
981 1247
981 1244
1066 1244
1066 1242
1074 1242
1074 1234
1061 1234
1061 1228
1093 1228
1093 1222
1089 1222
1089 1178
1158 1178
1158 1173
1111 1173
1111 1166
1079 1166
1079 1170
1082 1170
1082 1174
1077 1174
1077 1177
1085 1177
1085 1185
1084 1185
1084 1179
1076 1179
1076 1182
1075 1182
1075 1183
1078 1183
1078 1215
1067 1215
1067 1210
1060 1210
1060 1207
1059 1207
1059 1240
1043 1240
1043 1200
985 1200
985 1204
942 1204
942 1192
956 1192
956 970
963 970
963 962
966 962
966 980
972 980
972 975
982 975
982 956
975 956
975 926
973 926
973 958
951 958
951 1180
886 1180
886 1172
894 1172
894 1158
867 1158
867 1155
581 1155
581 1140
614 1140
614 1136
457 1136
457 1127
452 1127
452 1121
429 1121
429 1104
415 1104
415 1017
422 1017
422 995
