702
413 995
413 955
414 955
414 844
416 844
416 743
407 743
407 700
386 700
386 734
394 734
394 816
376 816
376 998
351 998
351 1003
346 1003
346 1007
335 1007
335 1089
339 1089
339 1116
341 1116
341 1123
343 1123
343 1141
337 1141
337 1193
1 1193
1 1214
6 1214
6 1224
31 1224
31 1239
42 1239
42 1213
68 1213
68 1217
58 1217
58 1219
95 1219
95 1223
345 1223
345 1226
75 1226
75 1227
84 1227
84 1229
127 1229
127 1243
159 1243
159 1248
158 1248
158 1250
163 1250
163 1235
170 1235
170 1245
172 1245
172 1237
268 1237
268 1236
336 1236
336 1241
363 1241
363 1232
141 1232
141 1231
166 1231
166 1230
371 1230
371 1221
298 1221
298 1212
296 1212
296 1220
142 1220
142 1218
140 1218
140 1209
281 1209
281 1208
280 1208
280 1206
204 1206
204 1205
4 1205
4 1202
39 1202
39 1196
78 1196
78 1203
215 1203
215 1201
97 1201
97 1199
91 1199
91 1198
101 1198
101 1194
285 1194
285 1195
338 1195
338 1189
342 1189
342 1147
344 1147
344 1009
377 1009
377 1071
373 1071
373 1186
375 1186
375 1085
380 1085
380 1062
378 1062
378 836
379 836
379 875
381 875
381 900
383 900
383 839
392 839
392 843
395 843
395 927
390 927
390 1135
393 1135
393 1188
388 1188
388 1197
397 1197
397 1142
398 1142
398 1125
399 1125
399 1067
391 1067
391 936
396 936
396 706
401 706
401 1129
402 1129
402 1132
403 1132
403 718
404 718
404 799
405 799
405 1042
406 1042
406 748
411 748
411 887
410 887
410 785
408 785
408 1065
409 1065
409 1137
424 1137
424 1138
503 1138
503 1139
568 1139
568 1144
556 1144
556 1148
551 1148
551 1162
585 1162
585 1161
563 1161
563 1159
813 1159
813 1157
835 1157
835 1167
858 1167
858 1169
881 1169
881 1176
861 1176
861 1181
912 1181
912 1184
880 1184
880 1187
882 1187
882 1191
877 1191
877 1190
860 1190
860 1211
989 1211
989 1216
1001 1216
1001 1225
976 1225
976 1233
992 1233
992 1238
977 1238
977 1246
864 1246
864 1249
935 1249
935 1247
981 1247
981 1244
1066 1244
1066 1242
1074 1242
1074 1234
1061 1234
1061 1228
1093 1228
1093 1222
1089 1222
1089 1178
1158 1178
1158 1173
1111 1173
1111 1166
1079 1166
1079 1170
1082 1170
1082 1174
1077 1174
1077 1177
1085 1177
1085 1185
1084 1185
1084 1179
1076 1179
1076 1182
1075 1182
1075 1183
1078 1183
1078 1215
1067 1215
1067 1210
1060 1210
1060 1207
1059 1207
1059 1240
1043 1240
1043 1200
985 1200
985 1204
942 1204
942 1192
956 1192
956 970
963 970
963 962
966 962
966 980
972 980
972 975
982 975
982 956
975 956
975 898
970 898
970 880
965 880
965 904
967 904
967 913
961 913
961 926
973 926
973 958
958 958
958 947
951 947
951 1180
886 1180
886 1172
894 1172
894 1149
895 1149
895 1126
893 1126
893 1022
914 1022
914 1023
906 1023
906 1043
908 1043
908 1076
917 1076
917 1029
922 1029
922 1046
937 1046
937 873
938 873
938 832
944 832
944 697
936 697
936 677
941 677
941 631
950 631
950 552
949 552
949 537
952 537
952 561
953 561
953 802
974 802
974 833
979 833
979 808
978 808
978 792
957 792
957 606
959 606
959 732
964 732
964 746
980 746
980 659
983 659
983 770
986 770
986 739
993 739
993 840
990 840
990 801
987 801
987 912
997 912
997 857
995 857
995 576
996 576
996 322
1002 322
1002 343
998 343
998 388
1035 388
1035 393
1038 393
1038 420
1014 420
1014 458
1012 458
1012 477
1006 477
1006 454
1004 454
1004 798
1010 798
1010 788
1053 788
1053 849
1032 849
1032 852
1027 852
1027 872
1050 872
1050 911
1024 911
1024 899
1025 899
1025 850
999 850
999 856
1023 856
1023 886
1008 886
1008 910
1000 910
1000 915
1029 915
1029 918
1047 918
1047 952
1015 952
1015 961
1016 961
1016 1019
1020 1019
1020 989
1022 989
1022 977
1040 977
1040 1030
1044 1030
1044 966
1045 966
1045 1038
1030 1038
1030 1033
1028 1033
1028 1047
1026 1047
1026 1073
1034 1073
1034 1041
1037 1041
1037 1113
1094 1113
1094 1088
1096 1088
1096 1066
1087 1066
1087 1061
1090 1061
1090 1014
1091 1014
1091 1040
1097 1040
1097 1114
1109 1114
1109 1117
1119 1117
1119 1124
1230 1124
1230 1103
1248 1103
1248 1102
1216 1102
1216 1092
1212 1092
1212 1063
1211 1063
1211 1055
1245 1055
1245 1049
1234 1049
1234 1016
1214 1016
1214 1001
1249 1001
1249 1028
1250 1028
1250 1000
1240 1000
1240 992
1188 992
1188 888
1186 888
1186 780
1189 780
1189 738
1193 738
1193 698
1173 698
1173 660
1149 660
1149 795
1151 795
1151 882
1147 882
1147 859
1145 859
1145 895
1144 895
1144 786
1146 786
1146 522
1153 522
1153 597
1155 597
1155 444
1210 444
1210 419
1217 419
1217 460
1213 460
1213 473
1205 473
1205 481
1203 481
1203 487
1180 487
1180 599
1164 599
1164 607
1178 607
1178 608
1170 608
1170 628
1190 628
1190 624
1195 624
1195 620
1182 620
1182 515
1221 515
1221 440
1224 440
1224 414
1202 414
1202 421
1176 421
1176 441
1142 441
1142 476
1141 476
1141 768
1143 768
1143 775
1136 775
1136 901
1154 901
1154 724
1150 724
1150 694
1172 694
1172 720
1191 720
1191 728
1184 728
1184 815
1183 815
1183 920
1185 920
1185 993
1187 993
1187 994
1227 994
1227 999
1208 999
1208 1108
1198 1108
1198 1112
1105 1112
1105 1080
1100 1080
1100 1037
1101 1037
1101 973
1088 973
1088 1039
1083 1039
1083 1070
1081 1070
1081 1094
1080 1094
1080 1109
1058 1109
1058 1097
1057 1097
1057 1074
1046 1074
1046 1015
1051 1015
1051 854
1056 854
1056 823
1068 823
1068 820
1054 820
1054 784
1017 784
1017 779
1007 779
1007 744
1005 744
1005 478
1018 478
1018 428
1049 428
1049 383
1055 383
1055 374
1039 374
1039 371
1011 371
1011 297
994 297
994 538
991 538
991 695
988 695
988 715
984 715
984 637
968 637
968 680
971 680
971 685
962 685
962 593
954 593
954 439
948 439
948 598
945 598
945 600
933 600
933 678
932 678
932 649
920 649
920 654
919 654
919 741
921 741
921 709
923 709
923 727
929 727
929 688
934 688
934 803
898 803
898 769
902 769
902 691
918 691
918 646
911 646
911 639
907 639
907 687
904 687
904 663
903 663
903 661
891 661
891 693
890 693
890 564
916 564
916 532
915 532
915 305
913 305
913 333
885 333
885 334
909 334
909 530
899 530
899 488
889 488
889 758
892 758
892 690
896 690
896 765
897 765
897 874
900 874
900 949
901 949
901 907
905 907
905 822
925 822
925 853
931 853
931 937
926 937
926 950
888 950
888 951
927 951
927 978
928 978
928 1036
924 1036
924 1013
887 1013
887 1115
874 1115
874 1145
869 1145
869 1152
868 1152
868 1158
867 1158
867 1155
581 1155
581 1140
614 1140
614 1136
457 1136
457 1127
452 1127
452 1121
429 1121
429 1104
415 1104
415 1017
422 1017
422 995
