482
29 8
29 31
23 31
23 29
8 29
8 52
1 52
1 67
2 67
2 98
3 98
3 87
5 87
5 85
6 85
6 64
4 64
4 62
39 62
39 65
11 65
11 68
42 68
42 57
47 57
47 54
49 54
49 74
50 74
50 77
24 77
24 111
14 111
14 121
7 121
7 164
19 164
19 158
15 158
15 130
28 130
28 160
26 160
26 241
21 241
21 245
30 245
30 145
31 145
31 134
33 134
33 120
17 120
17 113
36 113
36 101
44 101
44 99
27 99
27 84
46 84
46 78
51 78
51 73
52 73
52 66
55 66
55 106
61 106
61 119
57 119
57 140
64 140
64 146
58 146
58 179
62 179
62 207
75 207
75 190
77 190
77 184
88 184
88 196
85 196
85 202
91 202
91 229
90 229
90 211
87 211
87 242
86 242
86 235
70 235
70 233
63 233
63 232
84 232
84 231
53 231
53 239
69 239
69 243
68 243
68 248
78 248
78 250
94 250
94 238
92 238
92 181
80 181
80 157
74 157
74 109
110 109
110 110
111 110
111 154
112 154
112 247
107 247
107 142
109 142
109 117
108 117
108 118
106 118
106 244
103 244
103 237
105 237
105 236
104 236
104 132
102 132
102 156
96 156
96 180
100 180
100 226
98 226
98 246
101 246
101 249
129 249
129 227
119 227
119 131
121 131
121 169
124 169
124 217
136 217
136 216
135 216
135 213
128 213
128 203
132 203
132 198
131 198
131 173
140 173
140 175
142 175
142 193
141 193
141 176
139 176
139 186
138 186
138 224
149 224
149 225
151 225
151 205
152 205
152 228
155 228
155 222
156 222
156 230
165 230
165 221
238 221
238 214
233 214
233 200
235 200
235 195
232 195
232 199
231 199
231 218
228 218
228 201
211 201
211 206
227 206
227 210
222 210
222 209
218 209
218 208
212 208
212 219
210 219
210 220
164 220
164 223
159 223
159 215
160 215
160 212
158 212
158 194
150 194
150 204
144 204
144 168
137 168
137 165
130 165
130 197
126 197
126 189
125 189
125 129
127 129
127 123
169 123
169 133
154 133
154 137
207 137
207 138
184 138
184 151
177 151
177 152
148 152
148 159
157 159
157 153
161 153
161 161
167 161
167 155
170 155
170 163
168 163
168 166
175 166
175 167
174 167
174 170
181 170
181 174
178 174
178 191
182 191
182 178
183 178
183 187
208 187
208 188
214 188
214 185
246 185
246 192
248 192
248 182
194 182
194 183
188 183
188 172
192 172
192 171
191 171
191 139
234 139
234 141
217 141
217 150
244 150
244 143
245 143
245 149
247 149
247 116
249 116
249 105
221 105
221 104
216 104
216 100
223 100
223 95
224 95
224 44
240 44
240 45
250 45
250 43
220 43
220 69
215 69
215 107
243 107
243 127
242 127
242 126
241 126
241 136
219 136
219 135
203 135
203 128
189 128
189 125
186 125
186 122
114 122
114 124
117 124
117 147
118 147
118 234
115 234
115 240
113 240
113 115
120 115
120 114
122 114
122 112
134 112
134 108
82 108
82 102
73 102
73 103
72 103
72 162
76 162
76 177
59 177
59 148
65 148
65 144
67 144
67 97
71 97
71 83
60 83
60 81
66 81
66 80
89 80
89 88
99 88
99 79
97 79
97 76
95 76
95 75
56 75
56 63
54 63
54 51
48 51
48 48
25 48
25 49
37 49
37 53
38 53
38 56
34 56
34 60
20 60
20 55
22 55
22 50
16 50
16 58
10 58
10 32
13 32
13 30
18 30
18 36
41 36
41 35
35 35
35 16
40 16
40 14
43 14
43 46
45 46
45 13
32 13
32 12
116 12
116 15
123 15
123 10
173 10
173 18
193 18
193 22
185 22
185 38
166 38
166 40
163 40
163 47
187 47
187 59
176 59
176 61
171 61
171 92
153 92
153 71
147 71
147 42
146 42
146 90
145 90
145 82
143 82
143 94
162 94
162 96
201 96
201 93
202 93
202 89
198 89
198 91
172 91
172 70
179 70
179 86
180 86
180 72
195 72
195 41
190 41
190 26
196 26
196 24
205 24
205 39
206 39
206 37
213 37
213 34
239 34
239 20
237 20
237 11
236 11
236 33
226 33
226 27
225 27
225 23
197 23
197 21
230 21
230 17
229 17
229 19
204 19
204 9
83 9
83 8
