94
77 41
77 79
78 79
78 80
76 80
76 96
81 96
81 181
80 181
80 187
63 187
63 179
36 179
36 195
20 195
20 194
14 194
14 191
9 191
9 183
11 183
11 178
35 178
35 177
22 177
22 170
12 170
12 167
1 167
1 199
4 199
4 200
33 200
33 196
41 196
41 192
37 192
37 182
52 182
52 188
57 188
57 189
70 189
70 193
64 193
64 198
75 198
75 197
82 197
82 65
79 65
79 61
83 61
83 54
86 54
86 45
87 45
87 43
147 43
147 46
140 46
140 50
146 50
146 51
157 51
157 58
153 58
153 88
134 88
134 70
109 70
109 66
97 66
97 64
94 64
94 71
118 71
118 89
115 89
115 78
106 78
106 75
105 75
105 91
121 91
121 82
129 82
129 90
162 90
162 73
164 73
164 68
160 68
160 41
