168
88 1
88 12
85 12
85 34
64 34
64 28
61 28
61 26
55 26
55 30
57 30
57 29
58 29
58 50
54 50
54 61
53 61
53 48
52 48
52 65
56 65
56 62
82 62
82 66
50 66
50 64
49 64
49 68
48 68
48 51
46 51
46 20
22 20
22 14
19 14
19 33
15 33
15 43
13 43
13 31
11 31
11 38
9 38
9 3
23 3
23 6
27 6
27 5
38 5
38 2
8 2
8 36
6 36
6 67
31 67
31 73
26 73
26 74
17 74
17 80
18 80
18 81
33 81
33 84
30 84
30 99
3 99
3 97
1 97
1 98
2 98
2 100
34 100
34 79
32 79
32 59
28 59
28 55
14 55
14 53
21 53
21 52
16 52
16 42
25 42
25 39
20 39
20 35
24 35
24 21
29 21
29 25
35 25
35 24
36 24
36 23
43 23
43 41
40 41
40 44
44 44
44 69
45 69
45 63
47 63
47 70
81 70
81 71
74 71
74 75
75 75
75 82
76 82
76 88
67 88
67 91
71 91
71 95
62 95
62 96
93 96
93 94
87 94
87 92
97 92
97 90
100 90
100 89
86 89
86 93
84 93
84 86
78 86
78 72
95 72
95 56
96 56
96 76
98 76
98 57
99 57
99 54
94 54
94 58
79 58
79 60
59 60
59 49
60 49
60 32
63 32
63 37
66 37
66 40
70 40
70 47
72 47
72 46
77 46
77 45
92 45
92 27
91 27
91 22
90 22
90 19
89 19
89 1
