130
6 232
6 195
7 195
7 191
9 191
9 164
10 164
10 161
2 161
2 137
1 137
1 168
5 168
5 172
4 172
4 267
3 267
3 334
28 334
28 330
33 330
33 332
37 332
37 338
20 338
20 346
22 346
22 345
57 345
57 392
61 392
61 423
64 423
64 439
111 439
111 442
76 442
76 458
71 458
71 456
70 456
70 464
78 464
78 465
80 465
80 471
58 471
58 468
53 468
53 475
147 475
147 481
103 481
103 482
83 482
83 478
49 478
49 466
45 466
45 451
47 451
47 433
41 433
41 437
42 437
42 450
44 450
44 488
34 488
34 480
31 480
31 490
52 490
52 498
51 498
51 499
79 499
79 497
134 497
134 496
209 496
209 495
54 495
54 479
56 479
56 483
154 483
154 474
108 474
108 467
175 467
175 463
169 463
169 462
136 462
136 461
82 461
82 446
190 446
190 438
135 438
135 436
255 436
255 432
185 432
185 430
66 430
66 389
72 389
72 379
65 379
65 368
62 368
62 362
59 362
59 344
43 344
43 323
16 323
16 322
23 322
23 316
8 316
8 258
30 258
30 248
17 248
17 247
14 247
14 232
