458
6 232
6 195
7 195
7 191
9 191
9 164
10 164
10 161
2 161
2 137
1 137
1 168
5 168
5 172
4 172
4 267
3 267
3 334
28 334
28 330
33 330
33 332
37 332
37 338
20 338
20 346
22 346
22 345
57 345
57 392
61 392
61 423
64 423
64 439
111 439
111 442
76 442
76 458
71 458
71 456
70 456
70 464
78 464
78 465
80 465
80 471
58 471
58 468
53 468
53 475
147 475
147 481
103 481
103 482
83 482
83 478
49 478
49 466
45 466
45 451
47 451
47 433
41 433
41 437
42 437
42 450
44 450
44 488
34 488
34 480
31 480
31 490
52 490
52 498
51 498
51 500
55 500
55 499
79 499
79 497
134 497
134 496
209 496
209 495
54 495
54 479
56 479
56 493
81 493
81 489
129 489
129 487
114 487
114 484
113 484
113 483
154 483
154 473
141 473
141 474
108 474
108 467
168 467
168 472
237 472
237 485
228 485
228 476
226 476
226 494
245 494
245 492
267 492
267 477
264 477
264 491
257 491
257 486
241 486
241 470
183 470
183 469
175 469
175 463
169 463
169 462
136 462
136 461
82 461
82 446
91 446
91 449
131 449
131 448
124 448
124 447
182 447
182 460
190 460
190 438
135 438
135 436
253 436
253 443
232 443
232 444
207 444
207 440
198 440
198 454
258 454
258 427
269 427
269 424
256 424
256 445
255 445
255 421
212 421
212 381
213 381
213 380
191 380
191 339
216 339
216 337
96 337
96 310
97 310
97 283
101 283
101 279
90 279
90 272
115 272
115 282
102 282
102 295
122 295
122 271
116 271
116 266
121 266
121 244
106 244
106 241
100 241
100 264
95 264
95 243
87 243
87 207
138 207
138 302
148 302
148 270
149 270
149 251
151 251
151 221
152 221
152 335
153 335
153 227
156 227
156 242
159 242
159 254
157 254
157 273
161 273
161 260
166 260
166 315
171 315
171 294
174 294
174 336
178 336
178 236
187 236
187 289
195 289
195 233
200 233
200 276
201 276
201 230
181 230
181 226
210 226
210 199
225 199
225 197
227 197
227 182
218 182
218 169
260 169
260 177
273 177
273 192
268 192
268 193
275 193
275 210
283 210
283 179
285 179
285 263
299 263
299 198
300 198
300 304
292 304
292 274
289 274
289 288
291 288
291 293
280 293
280 291
274 291
274 300
244 300
244 298
240 298
240 301
290 301
290 305
242 305
242 308
250 308
250 320
284 320
284 321
249 321
249 329
238 329
238 284
236 284
236 296
229 296
229 333
254 333
254 324
261 324
261 327
265 327
265 325
318 325
318 331
331 331
331 328
390 328
390 326
348 326
348 319
279 319
279 306
296 306
296 314
310 314
310 299
314 299
314 318
330 318
330 307
355 307
355 313
372 313
372 312
433 312
433 311
375 311
375 297
302 297
302 286
312 286
312 265
350 265
350 261
354 261
354 246
362 246
362 249
442 249
442 255
448 255
448 245
452 245
452 222
453 222
453 196
447 196
447 194
445 194
445 239
347 239
347 262
304 262
304 252
332 252
332 250
305 250
305 225
301 225
301 190
287 190
287 219
286 219
286 178
345 178
345 176
281 176
281 174
294 174
294 171
333 171
333 166
215 166
215 185
203 185
203 211
199 211
199 213
197 213
197 218
173 218
173 277
170 277
170 235
158 235
158 231
167 231
167 217
146 217
146 259
142 259
142 269
139 269
139 216
140 216
140 206
86 206
86 285
89 285
89 347
98 347
98 340
105 340
105 341
125 341
125 343
188 343
188 398
184 398
184 377
180 377
180 384
176 384
176 374
163 374
163 405
150 405
150 351
143 351
143 364
117 364
117 357
119 357
119 350
104 350
104 365
144 365
144 382
130 382
130 411
112 411
112 412
155 412
155 409
189 409
189 395
204 395
204 399
205 399
205 400
206 400
206 428
231 428
231 432
185 432
185 430
66 430
66 389
72 389
72 379
65 379
65 368
62 368
62 362
59 362
59 344
43 344
43 323
16 323
16 322
23 322
23 316
8 316
8 258
30 258
30 248
17 248
17 247
14 247
14 232
