442
134 704
134 705
278 705
278 707
292 707
292 708
302 708
302 711
91 711
91 791
95 791
95 732
99 732
99 765
110 765
110 778
104 778
104 897
96 897
96 903
87 903
87 992
78 992
78 902
85 902
85 836
84 836
84 895
80 895
80 863
77 863
77 1009
89 1009
89 1036
79 1036
79 1041
93 1041
93 1050
74 1050
74 1117
73 1117
73 1129
72 1129
72 1158
66 1158
66 1128
68 1128
68 1076
70 1076
70 1008
59 1008
59 1229
54 1229
54 1227
52 1227
52 1219
25 1219
25 1209
53 1209
53 1200
26 1200
26 1196
42 1196
42 1185
41 1185
41 1017
11 1017
11 1033
8 1033
8 1075
6 1075
6 951
5 951
5 945
1 945
1 974
3 974
3 1184
4 1184
4 1111
15 1111
15 1110
13 1110
13 1086
12 1086
12 1022
20 1022
20 1121
22 1121
22 1025
38 1025
38 1040
36 1040
36 1046
39 1046
39 1124
40 1124
40 1180
33 1180
33 1194
24 1194
24 1231
60 1231
60 1082
61 1082
61 1029
62 1029
62 1012
64 1012
64 1161
63 1161
63 1220
65 1220
65 1228
71 1228
71 1197
67 1197
67 1163
83 1163
83 1145
81 1145
81 1115
86 1115
86 1149
98 1149
98 1099
97 1099
97 1077
94 1077
94 989
92 989
92 943
105 943
105 1107
106 1107
106 1189
108 1189
108 1054
107 1054
107 814
112 814
112 789
114 789
114 753
100 753
100 712
123 712
123 723
132 723
132 714
138 714
138 715
157 715
157 719
144 719
144 722
166 722
166 725
180 725
180 727
163 727
163 729
182 729
182 728
230 728
230 733
215 733
215 731
177 731
177 734
231 734
231 726
194 726
194 724
228 724
228 720
382 720
382 718
360 718
360 717
260 717
260 716
226 716
226 721
179 721
179 713
309 713
309 706
468 706
468 691
523 691
523 693
579 693
579 700
597 700
597 687
557 687
557 674
569 674
569 671
573 671
573 655
560 655
560 639
568 639
568 607
564 607
564 567
554 567
554 543
561 543
561 444
566 444
566 460
563 460
563 470
576 470
576 545
580 545
580 457
578 457
578 456
589 456
589 454
593 454
593 473
609 473
609 461
611 461
611 680
613 680
613 562
616 562
616 436
610 436
610 402
619 402
619 397
541 397
541 383
558 383
558 391
620 391
620 366
587 366
587 335
571 335
571 332
574 332
574 315
581 315
581 297
603 297
603 290
621 290
621 296
708 296
708 298
699 298
699 303
672 303
672 301
665 301
665 305
629 305
629 308
696 308
696 311
700 311
700 314
805 314
805 313
952 313
952 318
838 318
838 319
940 319
940 320
948 320
948 324
951 324
951 354
957 354
957 370
888 370
888 368
824 368
824 369
810 369
810 372
919 372
919 373
759 373
759 376
850 376
850 375
865 375
865 374
867 374
867 380
941 380
941 388
923 388
923 392
816 392
816 403
815 403
815 385
768 385
768 411
779 411
779 409
806 409
806 433
752 433
752 455
747 455
747 419
721 419
721 429
736 429
736 478
628 478
628 469
622 469
622 486
641 486
641 488
642 488
642 480
730 480
730 507
809 507
809 506
818 506
818 510
735 510
735 579
734 579
734 573
717 573
717 564
691 564
691 577
673 577
673 586
668 586
668 580
667 580
667 585
634 585
634 522
633 522
633 589
682 589
682 587
695 587
695 588
690 588
690 591
689 591
689 593
697 593
697 574
722 574
722 590
710 590
710 608
719 608
719 610
738 610
738 611
702 611
702 612
739 612
739 513
755 513
755 531
871 531
871 530
1078 530
1078 526
826 526
826 500
764 500
764 489
737 489
737 468
762 468
762 435
841 435
841 427
827 427
827 420
835 420
835 410
825 410
825 394
959 394
959 331
1032 331
1032 328
965 328
965 325
955 325
955 312
711 312
711 304
724 304
724 293
712 293
712 291
694 291
694 289
565 289
565 339
556 339
556 347
572 347
572 341
584 341
584 360
548 360
548 367
614 367
614 382
531 382
531 393
516 393
516 400
605 400
605 467
594 467
594 451
567 451
567 425
553 425
553 604
555 604
555 688
455 688
455 704
