1394
134 704
134 705
278 705
278 707
292 707
292 708
302 708
302 711
91 711
91 791
95 791
95 732
99 732
99 765
110 765
110 778
104 778
104 897
96 897
96 903
87 903
87 992
78 992
78 902
85 902
85 836
84 836
84 895
80 895
80 863
77 863
77 1009
89 1009
89 1036
79 1036
79 1041
93 1041
93 1050
74 1050
74 1117
73 1117
73 1129
72 1129
72 1158
66 1158
66 1128
68 1128
68 1076
70 1076
70 1008
59 1008
59 1229
54 1229
54 1227
52 1227
52 1219
25 1219
25 1209
53 1209
53 1200
26 1200
26 1196
42 1196
42 1185
41 1185
41 1017
11 1017
11 1033
8 1033
8 1075
6 1075
6 951
5 951
5 945
1 945
1 974
3 974
3 1184
4 1184
4 1111
15 1111
15 1110
13 1110
13 1086
12 1086
12 1022
20 1022
20 1121
22 1121
22 1025
38 1025
38 1040
36 1040
36 1046
39 1046
39 1124
40 1124
40 1180
33 1180
33 1194
24 1194
24 1231
60 1231
60 1082
61 1082
61 1029
62 1029
62 1012
64 1012
64 1161
63 1161
63 1220
65 1220
65 1228
71 1228
71 1197
67 1197
67 1163
83 1163
83 1145
81 1145
81 1115
86 1115
86 1149
98 1149
98 1099
97 1099
97 1077
94 1077
94 989
92 989
92 943
105 943
105 1107
106 1107
106 1189
108 1189
108 1054
107 1054
107 814
112 814
112 789
114 789
114 753
100 753
100 712
123 712
123 723
132 723
132 714
138 714
138 715
157 715
157 719
144 719
144 722
166 722
166 725
180 725
180 727
163 727
163 729
182 729
182 728
230 728
230 733
215 733
215 731
177 731
177 734
231 734
231 726
194 726
194 724
228 724
228 720
382 720
382 718
360 718
360 717
260 717
260 716
226 716
226 721
179 721
179 713
309 713
309 706
468 706
468 691
523 691
523 693
579 693
579 700
597 700
597 687
557 687
557 674
569 674
569 671
573 671
573 655
560 655
560 639
568 639
568 607
564 607
564 567
554 567
554 543
561 543
561 444
566 444
566 460
563 460
563 470
576 470
576 545
580 545
580 457
578 457
578 456
589 456
589 454
593 454
593 473
609 473
609 461
611 461
611 680
613 680
613 562
616 562
616 436
610 436
610 402
619 402
619 397
541 397
541 383
558 383
558 391
620 391
620 366
587 366
587 335
571 335
571 332
574 332
574 315
581 315
581 297
603 297
603 290
621 290
621 296
708 296
708 298
699 298
699 303
672 303
672 301
665 301
665 305
629 305
629 308
696 308
696 311
700 311
700 314
805 314
805 313
952 313
952 318
838 318
838 319
940 319
940 320
948 320
948 324
951 324
951 354
957 354
957 370
888 370
888 368
824 368
824 369
810 369
810 372
919 372
919 373
759 373
759 376
850 376
850 375
865 375
865 374
867 374
867 380
941 380
941 388
923 388
923 392
816 392
816 403
815 403
815 385
768 385
768 411
779 411
779 409
806 409
806 433
752 433
752 455
747 455
747 419
721 419
721 429
736 429
736 478
628 478
628 469
622 469
622 486
641 486
641 488
642 488
642 480
730 480
730 507
809 507
809 506
818 506
818 510
735 510
735 579
734 579
734 573
717 573
717 564
691 564
691 577
673 577
673 586
668 586
668 580
667 580
667 585
634 585
634 522
633 522
633 589
682 589
682 587
695 587
695 588
690 588
690 591
689 591
689 593
697 593
697 574
722 574
722 590
710 590
710 608
719 608
719 610
738 610
738 611
702 611
702 612
739 612
739 513
755 513
755 584
757 584
757 622
729 622
729 613
706 613
706 632
714 632
714 658
693 658
693 651
686 651
686 643
652 643
652 636
674 636
674 635
678 635
678 618
657 618
657 617
656 617
656 628
636 628
636 623
653 623
653 620
631 620
631 660
723 660
723 634
823 634
823 633
842 633
842 650
844 650
844 644
854 644
854 656
890 656
890 640
898 640
898 647
918 647
918 645
935 645
935 641
947 641
947 637
911 637
911 624
917 624
917 615
944 615
944 630
953 630
953 619
946 619
946 609
975 609
975 616
1014 616
1014 797
1013 797
1013 785
1002 785
1002 769
998 769
998 787
996 787
996 804
992 804
992 813
980 813
980 816
968 816
968 817
978 817
978 824
1000 824
1000 830
1001 830
1001 878
986 878
986 858
983 858
983 866
985 866
985 886
967 886
967 904
970 904
970 892
995 892
995 930
989 930
989 960
997 960
997 914
999 914
999 933
1003 933
1003 839
1005 839
1005 1078
964 1078
964 1015
954 1015
954 1018
943 1018
943 938
939 938
939 937
945 937
945 911
938 911
938 889
937 889
937 920
933 920
933 925
913 925
913 910
921 910
921 853
908 853
908 860
905 860
905 841
903 841
903 934
925 934
925 1081
924 1081
924 1108
899 1108
899 1061
920 1061
920 999
914 999
914 1060
894 1060
894 919
901 919
901 909
892 909
892 965
886 965
886 968
884 968
884 1003
881 1003
881 1045
882 1045
882 1177
845 1177
845 1171
874 1171
874 1169
877 1169
877 1112
869 1112
869 1097
868 1097
868 1091
849 1091
849 1047
851 1047
851 1035
853 1035
853 928
857 928
857 891
861 891
861 859
872 859
872 833
873 833
873 781
879 781
879 738
814 738
814 737
677 737
677 736
675 736
675 743
625 743
625 746
649 746
649 745
720 745
720 757
725 757
725 807
713 807
713 748
704 748
704 756
608 756
608 750
592 750
592 749
591 749
591 751
582 751
582 760
497 760
497 755
470 755
470 774
467 774
467 780
462 780
462 786
469 786
469 821
474 821
474 810
471 810
471 802
490 802
490 805
492 805
492 783
489 783
489 775
504 775
504 799
518 799
518 823
449 823
449 825
402 825
402 846
298 846
298 849
337 849
337 850
389 850
389 852
405 852
405 856
399 856
399 865
299 865
299 864
263 864
263 871
209 871
209 840
181 840
181 844
143 844
143 883
140 883
140 867
135 867
135 869
115 869
115 906
124 906
124 950
116 950
116 1182
119 1182
119 1160
120 1160
120 1089
122 1089
122 1191
121 1191
121 1226
158 1226
158 1230
148 1230
148 1233
160 1233
160 1249
519 1249
519 1250
659 1250
659 1245
716 1245
716 1244
647 1244
647 1248
638 1248
638 1243
661 1243
661 1241
676 1241
676 1242
715 1242
715 1237
705 1237
705 1240
683 1240
683 1236
664 1236
664 1234
662 1234
662 1235
655 1235
655 1238
681 1238
681 1239
623 1239
623 1247
178 1247
178 1246
168 1246
168 1232
169 1232
169 1225
149 1225
149 1224
174 1224
174 1221
126 1221
126 1146
127 1146
127 1093
125 1093
125 1062
118 1062
118 1031
117 1031
117 957
128 957
128 924
129 924
129 917
139 917
139 926
142 926
142 964
145 964
145 949
159 949
159 946
172 946
172 939
147 939
147 905
133 905
133 887
151 887
151 880
153 880
153 845
197 845
197 884
200 884
200 872
259 872
259 877
387 877
387 876
333 876
333 875
296 875
296 873
366 873
366 870
419 870
419 826
456 826
456 827
454 827
454 835
446 835
446 838
438 838
438 885
444 885
444 888
495 888
495 894
499 894
499 893
503 893
503 879
500 879
500 868
496 868
496 862
501 862
501 837
487 837
487 848
472 848
472 851
465 851
465 881
459 881
459 842
466 842
466 831
485 831
485 828
543 828
543 822
530 822
530 808
528 808
528 796
533 796
533 792
514 792
514 782
546 782
546 815
552 815
552 806
575 806
575 801
599 801
599 811
602 811
602 820
648 820
648 818
604 818
604 800
550 800
550 790
551 790
551 776
595 776
595 777
607 777
607 773
478 773
478 764
509 764
509 768
640 768
640 759
626 759
626 758
684 758
684 772
709 772
709 812
767 812
767 803
727 803
727 794
758 794
758 779
740 779
740 763
741 763
741 770
817 770
817 788
799 788
799 784
793 784
793 793
778 793
778 819
769 819
769 1106
763 1106
763 1101
751 1101
751 1096
750 1096
750 1055
745 1055
745 994
731 994
731 983
748 983
748 977
728 977
728 1011
743 1011
743 1070
746 1070
746 1071
732 1071
732 1103
744 1103
744 1119
775 1119
775 1066
783 1066
783 1150
754 1150
754 1142
749 1142
749 1173
756 1173
756 1153
797 1153
797 1131
800 1131
800 1043
798 1043
798 1010
820 1010
820 1019
801 1019
801 1135
802 1135
802 1020
807 1020
807 1156
808 1156
808 1164
812 1164
812 1157
811 1157
811 1052
813 1052
813 1024
822 1024
822 890
828 890
828 1084
830 1084
830 1130
831 1130
831 947
829 947
829 874
789 874
789 832
788 832
788 861
785 861
785 834
782 834
782 882
796 882
796 913
819 913
819 976
803 976
803 1006
790 1006
790 995
787 995
787 1049
794 1049
794 1113
791 1113
791 1127
784 1127
784 1064
777 1064
777 978
773 978
773 1051
770 1051
770 912
772 912
772 855
781 855
781 798
837 798
837 761
821 761
821 766
804 766
804 762
753 762
753 754
733 754
733 744
692 744
692 740
761 740
761 739
792 739
792 742
833 742
833 741
866 741
866 854
860 854
860 843
856 843
856 795
858 795
858 767
848 767
848 1152
859 1152
859 1143
855 1143
855 1105
862 1105
862 1104
863 1104
863 1162
852 1162
852 1170
847 1170
847 980
846 980
846 901
843 901
843 1183
885 1183
885 1021
887 1021
887 1057
891 1057
891 1187
907 1187
907 1188
912 1188
912 1214
906 1214
906 1223
962 1223
962 1222
929 1222
929 1175
926 1175
926 1159
922 1159
922 1167
895 1167
895 1118
930 1118
930 954
931 954
931 1016
934 1016
934 1005
942 1005
942 1100
977 1100
977 1116
971 1116
971 1148
966 1148
966 1178
972 1178
972 1186
973 1186
973 1166
976 1166
976 1151
991 1151
991 1144
1022 1144
1022 1139
994 1139
994 1133
982 1133
982 1079
1010 1079
1010 1073
1009 1073
1009 1053
1006 1053
1006 1032
1007 1032
1007 898
1012 898
1012 899
1017 899
1017 929
1025 929
1025 932
1055 932
1055 948
1045 948
1045 959
1052 959
1052 979
1050 979
1050 981
1047 981
1047 982
1028 982
1028 997
1170 997
1170 1007
1180 1007
1180 1004
1199 1004
1199 1002
1242 1002
1242 1058
1214 1058
1214 1056
1202 1056
1202 1063
1121 1063
1121 1059
1071 1059
1071 1067
1109 1067
1109 1083
1066 1083
1066 1042
1190 1042
1190 1048
1198 1048
1198 1044
1223 1044
1223 1039
1145 1039
1145 1038
1191 1038
1191 1028
1178 1028
1178 1034
1189 1034
1189 1037
1067 1037
1067 1027
1092 1027
1092 1013
1037 1013
1037 1023
1036 1023
1036 1176
1056 1176
1056 1172
1051 1172
1051 1168
1042 1168
1042 1109
1038 1109
1038 1069
1040 1069
1040 1026
1057 1026
1057 1014
1059 1014
1059 1154
1060 1154
1060 1140
1061 1140
1061 1085
1070 1085
1070 1095
1068 1095
1068 1126
1074 1126
1074 1102
1094 1102
1094 1122
1117 1122
1117 1098
1150 1098
1150 1120
1161 1120
1161 1147
1187 1147
1187 1141
1229 1141
1229 1138
1221 1138
1221 1134
1231 1134
1231 1155
1235 1155
1235 1179
1244 1179
1244 1210
1182 1210
1182 1206
1211 1206
1211 1202
1035 1202
1035 1199
1171 1199
1171 1198
1219 1198
1219 1192
1184 1192
1184 1190
1172 1190
1172 1195
1054 1195
1054 1193
1024 1193
1024 1201
1034 1201
1034 1204
1044 1204
1044 1216
1063 1216
1063 1218
1065 1218
1065 1212
1069 1212
1069 1217
1097 1217
1097 1213
1083 1213
1083 1203
1207 1203
1207 1205
1129 1205
1129 1207
1149 1207
1149 1208
1166 1208
1166 1211
1243 1211
1243 1215
1245 1215
1245 1165
1246 1165
1246 1132
1228 1132
1228 1114
1227 1114
1227 1125
1201 1125
1201 1137
1165 1137
1165 1094
1080 1094
1080 1088
1088 1088
1088 1092
1112 1092
1112 1090
1158 1090
1158 1080
1169 1080
1169 1087
1177 1087
1177 1074
1210 1074
1210 1068
1248 1068
1248 1072
1250 1072
1250 998
1188 998
1188 1000
1176 1000
1176 996
1230 996
1230 985
1159 985
1159 961
1160 961
1160 942
1154 942
1154 955
1157 955
1157 969
1152 969
1152 958
1151 958
1151 962
1127 962
1127 944
1119 944
1119 953
1110 953
1110 975
1155 975
1155 986
1200 986
1200 987
1196 987
1196 988
1162 988
1162 993
1058 993
1058 927
1053 927
1053 921
1020 921
1020 900
1031 900
1031 915
1043 915
1043 896
1011 896
1011 847
1008 847
1008 809
1016 809
1016 614
1021 614
1021 627
1023 627
1023 594
916 594
916 597
990 597
990 603
960 603
960 598
915 598
915 599
896 599
896 582
889 582
889 652
875 652
875 638
870 638
870 631
771 631
771 626
760 626
760 541
766 541
766 538
864 538
864 531
871 531
871 530
1077 530
1077 544
1075 544
1075 551
1072 551
1072 664
1064 664
1064 665
1076 665
1076 546
1090 546
1090 547
1085 547
1085 555
1093 555
1093 560
1098 560
1098 566
1139 566
1139 569
1131 569
1131 571
1126 571
1126 572
1134 572
1134 595
1146 595
1146 570
1142 570
1142 559
1100 559
1100 539
1135 539
1135 536
1111 536
1111 535
1078 535
1078 526
826 526
826 500
764 500
764 489
737 489
737 468
762 468
762 435
841 435
841 427
827 427
827 420
835 420
835 410
825 410
825 394
959 394
959 331
1032 331
1032 328
965 328
965 325
955 325
955 312
711 312
711 304
724 304
724 293
712 293
712 291
694 291
694 289
565 289
565 339
556 339
556 347
572 347
572 341
584 341
584 360
548 360
548 367
614 367
614 382
531 382
531 393
516 393
516 400
605 400
605 467
594 467
594 451
567 451
567 425
553 425
553 604
555 604
555 688
455 688
455 704
