268
82 26
82 12
29 12
29 15
11 15
11 52
12 52
12 69
8 69
8 67
1 67
1 92
2 92
2 84
3 84
3 116
21 116
21 117
18 117
18 118
5 118
5 125
7 125
7 129
10 129
10 123
25 123
25 130
27 130
27 119
24 119
24 112
22 112
22 100
14 100
14 109
4 109
4 76
9 76
9 91
23 91
23 87
26 87
26 58
16 58
16 64
20 64
20 68
15 68
15 65
13 65
13 18
17 18
17 23
37 23
37 22
48 22
48 24
50 24
50 21
61 21
61 29
43 29
43 38
41 38
41 49
53 49
53 31
58 31
58 32
60 32
60 41
65 41
65 40
71 40
71 19
57 19
57 16
32 16
32 13
66 13
66 14
77 14
77 35
81 35
81 48
84 48
84 47
83 47
83 37
85 37
85 83
87 83
87 33
104 33
104 39
96 39
96 62
89 62
89 93
80 93
80 88
56 88
56 85
69 85
69 80
74 80
74 74
46 74
46 57
42 57
42 66
40 66
40 61
39 61
39 89
38 89
38 73
34 73
34 63
30 63
30 77
28 77
28 82
31 82
31 103
33 103
33 113
52 113
52 122
47 122
47 124
51 124
51 126
35 126
35 136
73 136
73 139
116 139
116 140
119 140
119 141
118 141
118 143
137 143
137 145
114 145
114 144
88 144
88 142
79 142
79 146
67 146
67 148
70 148
70 149
72 149
72 150
144 150
144 147
142 147
142 138
75 138
75 137
76 137
76 135
143 135
143 133
134 133
134 134
98 134
98 132
93 132
93 131
55 131
55 106
49 106
49 101
62 101
62 99
44 99
44 95
45 95
45 75
54 75
54 94
63 94
63 98
124 98
124 102
136 102
136 110
131 110
131 107
128 107
128 104
94 104
94 105
92 105
92 108
86 108
86 114
91 114
91 111
112 111
112 120
64 120
64 127
68 127
68 121
125 121
125 128
138 128
138 115
141 115
141 97
100 97
100 90
115 90
115 96
117 96
117 86
133 86
133 79
139 79
139 78
106 78
106 81
102 81
102 72
103 72
103 71
113 71
113 60
111 60
111 70
97 70
97 43
105 43
105 28
126 28
126 30
110 30
110 51
120 51
120 34
127 34
127 50
130 50
130 46
135 46
135 42
140 42
140 36
147 36
147 53
146 53
146 54
145 54
145 55
148 55
148 45
150 45
150 27
132 27
132 44
129 44
129 26
