102
84 15
84 8
46 8
46 31
47 31
47 47
48 47
48 37
55 37
55 39
75 39
75 56
78 56
78 66
76 66
76 74
71 74
71 68
8 68
8 70
7 70
7 84
25 84
25 86
6 86
6 81
1 81
1 93
12 93
12 91
40 91
40 82
22 82
22 75
16 75
16 69
65 69
65 71
54 71
54 72
68 72
68 73
69 73
69 83
64 83
64 85
49 85
49 94
52 94
52 95
63 95
63 98
61 98
61 99
34 99
34 96
24 96
24 100
70 100
70 97
74 97
74 92
51 92
51 88
53 88
53 90
62 90
62 89
86 89
86 60
85 60
85 87
72 87
72 77
73 77
73 78
80 78
80 58
82 58
82 41
77 41
77 38
66 38
66 32
59 32
59 27
60 27
60 19
58 19
58 12
57 12
57 11
79 11
79 10
83 10
83 17
89 17
89 20
100 20
100 16
88 16
88 15
