152
238 287
238 284
222 284
222 278
268 278
268 274
1 274
1 275
217 275
217 280
141 280
141 290
191 290
191 293
106 293
106 292
52 292
52 286
92 286
92 283
76 283
76 281
75 281
75 277
44 277
44 298
7 298
7 322
8 322
8 306
22 306
22 381
19 381
19 376
21 376
21 351
16 351
16 393
17 393
17 396
26 396
26 309
33 309
33 303
35 303
35 412
29 412
29 457
160 457
160 456
211 456
211 459
218 459
218 474
234 474
234 478
258 478
258 477
291 477
291 473
247 473
247 470
246 470
246 466
283 466
283 465
275 465
275 461
287 461
287 451
301 451
301 472
316 472
316 491
306 491
306 488
182 488
182 487
164 487
164 479
163 479
163 489
171 489
171 498
313 498
313 499
314 499
314 495
245 495
245 497
194 497
194 490
296 490
296 494
318 494
318 443
324 443
324 441
273 441
273 428
286 428
286 423
326 423
326 436
325 436
325 464
335 464
335 482
342 482
342 483
343 483
343 475
344 475
344 452
383 452
383 449
352 449
352 448
404 448
404 450
422 450
422 447
339 447
339 432
365 432
365 431
356 431
356 421
270 421
270 442
284 442
284 454
253 454
253 460
244 460
244 453
39 453
39 437
30 437
30 417
38 417
38 414
37 414
37 365
36 365
36 320
40 320
40 299
60 299
60 297
193 297
193 287
