Removal 0: 
Solution 0: 
12 8
17 6
18 4
2 18
3 9
9 15

Solution 1: 
12 8
17 6
18 4
2 18
4 11
9 15

Solution 2: 
12 8
17 6
18 4
4 11
4 13
9 15

Solution 3: 
12 8
17 6
18 4
3 9
4 13
9 15

Solution 4: 
12 8
17 6
18 4
3 9
5 19
9 15

Solution 5: 
12 8
17 6
18 4
4 11
5 19
9 15

Solution 6: 
12 8
17 6
18 4
2 18
6 7
9 15

Solution 7: 
12 8
17 6
18 4
4 13
6 7
9 15

Solution 8: 
10 14
12 8
17 6
18 4
4 13
6 7

Solution 9: 
10 14
12 8
17 6
18 4
3 9
4 13

Solution 10: 
10 14
12 8
17 6
18 4
4 11
4 13

Solution 11: 
10 14
12 8
17 6
18 4
4 11
5 19

Solution 12: 
10 14
12 8
17 6
18 4
3 9
5 19

Solution 13: 
10 14
12 8
17 6
18 4
2 18
3 9

Solution 14: 
10 14
12 8
17 6
18 4
2 18
6 7

Solution 15: 
10 14
12 8
17 6
18 4
2 18
4 11

Solution 16: 
10 14
14 3
17 6
18 4
2 18
4 11

Solution 17: 
10 14
14 3
17 6
18 4
2 18
6 7

Solution 18: 
10 14
14 3
17 6
18 4
2 18
3 9

Solution 19: 
10 14
14 3
17 6
18 4
3 9
5 19

Solution 20: 
10 14
14 3
17 6
18 4
3 9
4 13

Solution 21: 
10 14
14 3
17 6
18 4
4 11
4 13

Solution 22: 
10 14
14 3
17 6
18 4
4 13
6 7

Solution 23: 
10 14
14 3
17 6
18 4
4 11
5 19

Solution 24: 
10 14
14 3
18 4
19 16
4 11
5 19

Solution 25: 
10 14
14 3
18 4
18 6
4 11
5 19

Solution 26: 
10 14
14 3
17 16
18 4
4 11
5 19

Solution 27: 
10 14
14 3
17 16
18 4
4 11
4 13

Solution 28: 
10 14
14 3
17 16
18 4
2 18
4 11

Solution 29: 
10 14
14 3
18 4
19 16
2 18
4 11

Solution 30: 
10 14
14 3
18 4
18 6
2 18
4 11

Solution 31: 
10 14
14 3
18 4
18 6
4 11
4 13

Solution 32: 
10 14
14 3
18 4
19 16
4 11
4 13

Solution 33: 
10 14
14 3
18 4
19 16
4 13
6 7

Solution 34: 
10 14
14 3
18 4
19 16
3 9
4 13

Solution 35: 
10 14
14 3
17 16
18 4
3 9
4 13

Solution 36: 
10 14
14 3
18 4
18 6
3 9
4 13

Solution 37: 
10 14
14 3
18 4
18 6
4 13
6 7

Solution 38: 
10 14
14 3
17 16
18 4
4 13
6 7

Solution 39: 
10 14
14 3
17 16
18 4
2 18
6 7

Solution 40: 
10 14
14 3
17 16
18 4
2 18
3 9

Solution 41: 
10 14
14 3
17 16
18 4
3 9
5 19

Solution 42: 
10 14
14 3
18 4
19 16
3 9
5 19

Solution 43: 
10 14
14 3
18 4
18 6
3 9
5 19

Solution 44: 
10 14
14 3
18 4
18 6
2 18
3 9

Solution 45: 
10 14
14 3
18 4
19 16
2 18
3 9

Solution 46: 
10 14
14 3
18 4
19 16
2 18
6 7

Solution 47: 
10 14
14 3
18 4
18 6
2 18
6 7

Solution 48: 
10 14
12 8
18 4
18 6
2 18
6 7

Solution 49: 
10 14
12 8
18 4
18 6
2 18
4 11

Solution 50: 
10 14
12 8
18 4
18 6
2 18
3 9

Solution 51: 
10 14
12 8
17 16
18 4
2 18
3 9

Solution 52: 
10 14
12 8
18 4
19 16
2 18
3 9

Solution 53: 
10 14
12 8
18 4
19 16
2 18
6 7

Solution 54: 
10 14
12 8
18 4
19 16
2 18
4 11

Solution 55: 
10 14
12 8
17 16
18 4
2 18
4 11

Solution 56: 
10 14
12 8
17 16
18 4
2 18
6 7

Solution 57: 
10 14
12 8
17 16
18 4
4 13
6 7

Solution 58: 
10 14
12 8
17 16
18 4
4 11
4 13

Solution 59: 
10 14
12 8
17 16
18 4
3 9
4 13

Solution 60: 
10 14
12 8
17 16
18 4
3 9
5 19

Solution 61: 
10 14
12 8
17 16
18 4
4 11
5 19

Solution 62: 
10 14
12 8
18 4
18 6
4 11
5 19

Solution 63: 
10 14
12 8
18 4
19 16
4 11
5 19

Solution 64: 
10 14
12 8
18 4
19 16
3 9
5 19

Solution 65: 
10 14
12 8
18 4
18 6
3 9
5 19

Solution 66: 
10 14
12 8
18 4
18 6
3 9
4 13

Solution 67: 
10 14
12 8
18 4
19 16
3 9
4 13

Solution 68: 
10 14
12 8
18 4
19 16
4 13
6 7

Solution 69: 
10 14
12 8
18 4
19 16
4 11
4 13

Solution 70: 
10 14
12 8
18 4
18 6
4 11
4 13

Solution 71: 
10 14
12 8
18 4
18 6
4 13
6 7

Solution 72: 
10 14
12 8
18 6
20 3
4 13
6 7

Solution 73: 
10 14
14 3
18 6
20 3
4 13
6 7

Solution 74: 
10 14
14 3
18 6
19 5
4 13
6 7

Solution 75: 
10 14
14 3
18 6
20 5
4 13
6 7

Solution 76: 
10 14
14 3
18 6
20 5
3 9
4 13

Solution 77: 
10 14
14 3
18 6
20 5
4 11
4 13

Solution 78: 
10 14
14 3
18 6
19 5
4 11
4 13

Solution 79: 
10 14
14 3
18 6
19 5
3 9
4 13

Solution 80: 
10 14
14 3
18 6
20 3
3 9
4 13

Solution 81: 
10 14
14 3
18 6
20 3
4 11
4 13

Solution 82: 
10 14
12 8
18 6
20 3
4 11
4 13

Solution 83: 
10 14
12 8
18 6
20 3
3 9
4 13

Solution 84: 
10 14
12 8
19 16
20 3
3 9
4 13

Solution 85: 
10 14
14 3
19 16
20 3
3 9
4 13

Solution 86: 
10 14
14 3
19 16
20 5
3 9
4 13

Solution 87: 
10 14
14 3
19 16
19 5
3 9
4 13

Solution 88: 
10 14
14 3
17 6
19 5
3 9
4 13

Solution 89: 
10 14
14 3
17 16
19 5
3 9
4 13

Solution 90: 
10 14
14 3
17 16
19 5
4 11
4 13

Solution 91: 
10 14
14 3
17 16
19 5
4 13
6 7

Solution 92: 
10 14
14 3
19 16
19 5
4 13
6 7

Solution 93: 
10 14
14 3
17 6
19 5
4 13
6 7

Solution 94: 
10 14
14 3
17 6
19 5
4 11
4 13

Solution 95: 
10 14
14 3
19 16
19 5
4 11
4 13

Solution 96: 
10 14
14 3
19 16
20 3
4 11
4 13

Solution 97: 
10 14
14 3
19 16
20 5
4 11
4 13

Solution 98: 
10 14
14 3
19 16
20 5
4 13
6 7

Solution 99: 
10 14
14 3
19 16
20 3
4 13
6 7

Solution 100: 
10 14
12 8
19 16
20 3
4 13
6 7

Solution 101: 
10 14
12 8
19 16
20 3
4 11
4 13

Solution 102: 
12 8
19 16
20 3
4 11
4 13
9 15

Solution 103: 
12 8
18 4
19 16
4 11
4 13
9 15

Solution 104: 
12 8
18 4
18 6
4 11
4 13
9 15

Solution 105: 
12 8
17 16
18 4
4 11
4 13
9 15

Solution 106: 
12 8
18 6
20 3
4 11
4 13
9 15

Solution 107: 
12 8
18 6
20 3
3 9
4 13
9 15

Solution 108: 
12 8
18 6
20 3
4 13
6 7
9 15

Solution 109: 
12 8
18 4
18 6
4 13
6 7
9 15

Solution 110: 
12 8
18 4
18 6
3 9
4 13
9 15

Solution 111: 
12 8
17 16
18 4
3 9
4 13
9 15

Solution 112: 
12 8
18 4
19 16
3 9
4 13
9 15

Solution 113: 
12 8
18 4
19 16
4 13
6 7
9 15

Solution 114: 
12 8
17 16
18 4
4 13
6 7
9 15

Solution 115: 
12 8
19 16
20 3
4 13
6 7
9 15

Solution 116: 
12 8
19 16
20 3
3 9
4 13
9 15

Solution 117: 
12 8
19 16
2 18
20 3
3 9
9 15

Solution 118: 
12 8
19 16
20 3
3 9
5 19
9 15

Solution 119: 
12 8
18 4
19 16
3 9
5 19
9 15

Solution 120: 
12 8
18 4
19 16
2 18
3 9
9 15

Solution 121: 
12 8
18 4
19 16
2 18
4 11
9 15

Solution 122: 
12 8
18 4
19 16
2 18
6 7
9 15

Solution 123: 
12 8
19 16
2 18
20 3
6 7
9 15

Solution 124: 
12 8
19 16
2 18
20 3
4 11
9 15

Solution 125: 
12 8
19 16
20 3
4 11
5 19
9 15

Solution 126: 
12 8
18 4
19 16
4 11
5 19
9 15

Solution 127: 
10 14
12 8
19 16
20 3
4 11
5 19

Solution 128: 
10 14
12 8
19 16
20 3
3 9
5 19

Solution 129: 
10 14
14 3
19 16
20 3
3 9
5 19

Solution 130: 
10 14
14 3
19 16
19 5
3 9
5 19

Solution 131: 
10 14
14 3
19 16
20 5
3 9
5 19

Solution 132: 
10 14
14 3
19 16
20 5
4 11
5 19

Solution 133: 
10 14
14 3
19 16
19 5
4 11
5 19

Solution 134: 
10 14
14 3
19 16
20 3
4 11
5 19

Solution 135: 
10 14
14 3
18 6
20 3
4 11
5 19

Solution 136: 
10 14
14 3
18 6
20 5
4 11
5 19

Solution 137: 
10 14
14 3
18 6
19 5
4 11
5 19

Solution 138: 
10 14
14 3
17 16
19 5
4 11
5 19

Solution 139: 
10 14
14 3
17 6
19 5
4 11
5 19

Solution 140: 
10 14
12 8
18 6
20 3
4 11
5 19

Solution 141: 
12 8
18 6
20 3
4 11
5 19
9 15

Solution 142: 
12 8
18 4
18 6
4 11
5 19
9 15

Solution 143: 
12 8
17 16
18 4
4 11
5 19
9 15

Solution 144: 
12 8
17 16
18 4
3 9
5 19
9 15

Solution 145: 
12 8
18 4
18 6
3 9
5 19
9 15

Solution 146: 
12 8
18 6
20 3
3 9
5 19
9 15

Solution 147: 
10 14
12 8
18 6
20 3
3 9
5 19

Solution 148: 
10 14
14 3
18 6
20 3
3 9
5 19

Solution 149: 
10 14
14 3
18 6
20 5
3 9
5 19

Solution 150: 
10 14
14 3
18 6
19 5
3 9
5 19

Solution 151: 
10 14
14 3
17 6
19 5
3 9
5 19

Solution 152: 
10 14
14 3
17 16
19 5
3 9
5 19

Solution 153: 
10 14
14 3
17 16
19 5
2 18
3 9

Solution 154: 
10 14
14 3
17 6
19 5
2 18
3 9

Solution 155: 
10 14
14 3
19 16
19 5
2 18
3 9

Solution 156: 
10 14
14 3
18 6
19 5
2 18
3 9

Solution 157: 
10 14
14 3
18 6
2 18
20 5
3 9

Solution 158: 
10 14
14 3
18 6
2 18
20 3
3 9

Solution 159: 
10 14
14 3
19 16
2 18
20 3
3 9

Solution 160: 
10 14
14 3
19 16
2 18
20 5
3 9

Solution 161: 
10 14
12 8
19 16
2 18
20 3
3 9

Solution 162: 
10 14
12 8
18 6
2 18
20 3
3 9

Solution 163: 
12 8
18 6
2 18
20 3
3 9
9 15

Solution 164: 
12 8
18 4
18 6
2 18
3 9
9 15

Solution 165: 
12 8
17 16
18 4
2 18
3 9
9 15

Solution 166: 
12 8
17 16
18 4
2 18
4 11
9 15

Solution 167: 
12 8
17 16
18 4
2 18
6 7
9 15

Solution 168: 
12 8
18 4
18 6
2 18
6 7
9 15

Solution 169: 
12 8
18 4
18 6
2 18
4 11
9 15

Solution 170: 
12 8
18 6
2 18
20 3
4 11
9 15

Solution 171: 
12 8
18 6
2 18
20 3
6 7
9 15

Solution 172: 
10 14
12 8
18 6
2 18
20 3
6 7

Solution 173: 
10 14
12 8
19 16
2 18
20 3
6 7

Solution 174: 
10 14
12 8
19 16
2 18
20 3
4 11

Solution 175: 
10 14
12 8
18 6
2 18
20 3
4 11

Solution 176: 
10 14
14 3
18 6
2 18
20 3
4 11

Solution 177: 
10 14
14 3
18 6
2 18
20 5
4 11

Solution 178: 
10 14
14 3
18 6
19 5
2 18
4 11

Solution 179: 
10 14
14 3
17 16
19 5
2 18
4 11

Solution 180: 
10 14
14 3
17 6
19 5
2 18
4 11

Solution 181: 
10 14
14 3
19 16
19 5
2 18
4 11

Solution 182: 
10 14
14 3
19 16
2 18
20 5
4 11

Solution 183: 
10 14
14 3
19 16
2 18
20 3
4 11

Solution 184: 
10 14
14 3
19 16
2 18
20 3
6 7

Solution 185: 
10 14
14 3
19 16
2 18
20 5
6 7

Solution 186: 
10 14
14 3
19 16
19 5
2 18
6 7

Solution 187: 
10 14
14 3
17 16
19 5
2 18
6 7

Solution 188: 
10 14
14 3
17 6
19 5
2 18
6 7

Solution 189: 
10 14
14 3
18 6
19 5
2 18
6 7

Solution 190: 
10 14
14 3
18 6
2 18
20 5
6 7

Solution 191: 
10 14
14 3
18 6
2 18
20 3
6 7

Number of solutions found: 192

Changes at vertices: 
3 7 -> 3 2
New Vertex: 6 7
----------------------------------
Removal 1: 
Solution 0: 
12 8
17 6
18 4
2 18
3 9
9 15

Solution 1: 
12 8
17 6
18 4
2 18
4 11
9 15

Solution 2: 
12 8
17 6
18 4
4 11
4 13
9 15

Solution 3: 
12 8
17 6
18 4
3 9
4 13
9 15

Solution 4: 
12 8
17 6
18 4
4 13
8 11
9 15

Solution 5: 
12 8
17 6
18 4
2 18
8 11
9 15

Solution 6: 
12 8
17 6
18 4
3 9
5 19
9 15

Solution 7: 
11 8
12 8
17 6
18 4
4 13
9 15

Solution 8: 
12 8
17 6
18 4
3 7
4 13
9 15

Solution 9: 
11 7
12 8
17 6
18 4
4 13
9 15

Solution 10: 
12 8
17 6
18 4
4 11
5 19
9 15

Solution 11: 
11 8
12 8
17 6
18 4
2 18
9 15

Solution 12: 
11 7
12 8
17 6
18 4
2 18
9 15

Solution 13: 
12 8
17 6
18 4
2 18
3 7
9 15

Solution 14: 
12 8
17 16
18 4
2 18
3 7
9 15

Solution 15: 
12 8
18 4
18 6
2 18
3 7
9 15

Solution 16: 
12 8
18 4
19 16
2 18
3 7
9 15

Solution 17: 
12 8
19 16
2 18
20 3
3 7
9 15

Solution 18: 
12 8
18 6
2 18
20 3
3 7
9 15

Solution 19: 
12 8
18 6
2 18
20 3
8 11
9 15

Solution 20: 
11 8
12 8
18 6
2 18
20 3
9 15

Solution 21: 
12 8
18 6
2 18
20 3
4 11
9 15

Solution 22: 
11 7
12 8
18 6
2 18
20 3
9 15

Solution 23: 
12 8
18 6
2 18
20 3
3 9
9 15

Solution 24: 
12 8
19 16
2 18
20 3
3 9
9 15

Solution 25: 
11 8
12 8
19 16
2 18
20 3
9 15

Solution 26: 
12 8
19 16
2 18
20 3
8 11
9 15

Solution 27: 
11 7
12 8
19 16
2 18
20 3
9 15

Solution 28: 
12 8
19 16
2 18
20 3
4 11
9 15

Solution 29: 
12 8
18 4
19 16
2 18
4 11
9 15

Solution 30: 
12 8
18 4
18 6
2 18
4 11
9 15

Solution 31: 
12 8
17 16
18 4
2 18
4 11
9 15

Solution 32: 
11 7
12 8
17 16
18 4
2 18
9 15

Solution 33: 
11 8
12 8
17 16
18 4
2 18
9 15

Solution 34: 
12 8
17 16
18 4
2 18
3 9
9 15

Solution 35: 
12 8
17 16
18 4
2 18
8 11
9 15

Solution 36: 
12 8
18 4
18 6
2 18
8 11
9 15

Solution 37: 
12 8
18 4
19 16
2 18
8 11
9 15

Solution 38: 
11 7
12 8
18 4
19 16
2 18
9 15

Solution 39: 
11 8
12 8
18 4
19 16
2 18
9 15

Solution 40: 
12 8
18 4
19 16
2 18
3 9
9 15

Solution 41: 
12 8
18 4
18 6
2 18
3 9
9 15

Solution 42: 
11 7
12 8
18 4
18 6
2 18
9 15

Solution 43: 
11 8
12 8
18 4
18 6
2 18
9 15

Solution 44: 
11 8
12 8
18 4
18 6
4 13
9 15

Solution 45: 
12 8
18 4
18 6
3 7
4 13
9 15

Solution 46: 
11 7
12 8
18 4
18 6
4 13
9 15

Solution 47: 
12 8
18 4
18 6
4 13
8 11
9 15

Solution 48: 
12 8
18 4
18 6
4 11
4 13
9 15

Solution 49: 
12 8
18 4
18 6
3 9
4 13
9 15

Solution 50: 
12 8
18 4
18 6
3 9
5 19
9 15

Solution 51: 
12 8
18 4
18 6
4 11
5 19
9 15

Solution 52: 
12 8
18 6
20 3
4 11
5 19
9 15

Solution 53: 
12 8
18 6
20 3
4 11
4 13
9 15

Solution 54: 
12 8
18 6
20 3
3 7
4 13
9 15

Solution 55: 
11 7
12 8
18 6
20 3
4 13
9 15

Solution 56: 
12 8
18 6
20 3
4 13
8 11
9 15

Solution 57: 
11 8
12 8
18 6
20 3
4 13
9 15

Solution 58: 
12 8
18 6
20 3
3 9
4 13
9 15

Solution 59: 
12 8
18 6
20 3
3 9
5 19
9 15

Solution 60: 
12 8
19 16
20 3
3 9
5 19
9 15

Solution 61: 
12 8
18 4
19 16
3 9
5 19
9 15

Solution 62: 
12 8
17 16
18 4
3 9
5 19
9 15

Solution 63: 
12 8
17 16
18 4
4 11
5 19
9 15

Solution 64: 
12 8
18 4
19 16
4 11
5 19
9 15

Solution 65: 
12 8
19 16
20 3
4 11
5 19
9 15

Solution 66: 
12 8
19 16
20 3
4 11
4 13
9 15

Solution 67: 
12 8
18 4
19 16
4 11
4 13
9 15

Solution 68: 
12 8
18 4
19 16
3 7
4 13
9 15

Solution 69: 
11 8
12 8
18 4
19 16
4 13
9 15

Solution 70: 
12 8
18 4
19 16
4 13
8 11
9 15

Solution 71: 
11 7
12 8
18 4
19 16
4 13
9 15

Solution 72: 
12 8
18 4
19 16
3 9
4 13
9 15

Solution 73: 
12 8
19 16
20 3
3 9
4 13
9 15

Solution 74: 
11 7
12 8
19 16
20 3
4 13
9 15

Solution 75: 
11 8
12 8
19 16
20 3
4 13
9 15

Solution 76: 
12 8
19 16
20 3
4 13
8 11
9 15

Solution 77: 
12 8
19 16
20 3
3 7
4 13
9 15

Solution 78: 
12 8
17 16
18 4
3 7
4 13
9 15

Solution 79: 
11 8
12 8
17 16
18 4
4 13
9 15

Solution 80: 
12 8
17 16
18 4
4 13
8 11
9 15

Solution 81: 
11 7
12 8
17 16
18 4
4 13
9 15

Solution 82: 
12 8
17 16
18 4
4 11
4 13
9 15

Solution 83: 
12 8
17 16
18 4
3 9
4 13
9 15

Solution 84: 
10 14
12 8
17 16
18 4
3 9
4 13

Solution 85: 
10 14
11 7
12 8
17 16
18 4
4 13

Solution 86: 
10 14
12 8
17 16
18 4
3 7
4 13

Solution 87: 
10 14
11 8
12 8
17 16
18 4
4 13

Solution 88: 
10 14
12 8
17 16
18 4
4 11
4 13

Solution 89: 
10 14
12 8
17 16
18 4
4 13
8 11

Solution 90: 
12 8
17 16
18 4
4 13
8 11
9 17

Solution 91: 
10 17
12 8
17 16
18 4
4 13
8 11

Solution 92: 
10 17
12 8
17 6
18 4
4 13
8 11

Solution 93: 
10 17
12 8
18 4
19 16
4 13
8 11

Solution 94: 
10 17
12 8
18 4
18 6
4 13
8 11

Solution 95: 
10 17
12 8
18 6
20 3
4 13
8 11

Solution 96: 
10 17
12 8
19 16
20 3
4 13
8 11

Solution 97: 
10 14
12 8
19 16
20 3
4 13
8 11

Solution 98: 
12 8
19 16
20 3
4 13
8 11
9 17

Solution 99: 
12 8
18 6
20 3
4 13
8 11
9 17

Solution 100: 
10 14
12 8
18 6
20 3
4 13
8 11

Solution 101: 
10 14
12 8
18 4
18 6
4 13
8 11

Solution 102: 
12 8
18 4
18 6
4 13
8 11
9 17

Solution 103: 
12 8
17 6
18 4
4 13
8 11
9 17

Solution 104: 
12 8
18 4
19 16
4 13
8 11
9 17

Solution 105: 
10 14
12 8
18 4
19 16
4 13
8 11

Solution 106: 
10 14
12 8
17 6
18 4
4 13
8 11

Solution 107: 
10 14
12 8
17 6
18 4
3 9
4 13

Solution 108: 
10 14
11 7
12 8
17 6
18 4
4 13

Solution 109: 
10 14
11 8
12 8
17 6
18 4
4 13

Solution 110: 
10 14
12 8
17 6
18 4
4 11
4 13

Solution 111: 
10 14
12 8
17 6
18 4
3 7
4 13

Solution 112: 
10 14
12 8
18 4
19 16
3 7
4 13

Solution 113: 
10 14
12 8
18 4
18 6
3 7
4 13

Solution 114: 
10 14
12 8
18 4
18 6
4 11
4 13

Solution 115: 
10 14
12 8
18 4
18 6
3 9
4 13

Solution 116: 
10 14
11 7
12 8
18 4
18 6
4 13

Solution 117: 
10 14
11 8
12 8
18 4
18 6
4 13

Solution 118: 
10 14
11 8
12 8
18 4
19 16
4 13

Solution 119: 
10 14
12 8
18 4
19 16
4 11
4 13

Solution 120: 
10 14
12 8
18 4
19 16
3 9
4 13

Solution 121: 
10 14
11 7
12 8
18 4
19 16
4 13

Solution 122: 
10 14
11 7
12 8
19 16
20 3
4 13

Solution 123: 
10 14
12 8
19 16
20 3
3 9
4 13

Solution 124: 
10 14
12 8
19 16
20 3
4 11
4 13

Solution 125: 
10 14
12 8
19 16
20 3
3 7
4 13

Solution 126: 
10 14
11 8
12 8
19 16
20 3
4 13

Solution 127: 
10 14
11 8
12 8
18 6
20 3
4 13

Solution 128: 
10 14
12 8
18 6
20 3
4 11
4 13

Solution 129: 
10 14
12 8
18 6
20 3
3 9
4 13

Solution 130: 
10 14
12 8
18 6
20 3
3 7
4 13

Solution 131: 
10 14
11 7
12 8
18 6
20 3
4 13

Solution 132: 
10 14
11 7
14 3
18 6
20 3
4 13

Solution 133: 
10 14
11 7
14 3
19 16
20 3
4 13

Solution 134: 
10 14
14 3
19 16
20 3
3 7
4 13

Solution 135: 
10 14
14 3
19 16
20 3
3 9
4 13

Solution 136: 
10 14
14 3
19 16
20 3
4 11
4 13

Solution 137: 
10 14
14 3
18 6
20 3
4 11
4 13

Solution 138: 
10 14
14 3
18 6
20 3
3 7
4 13

Solution 139: 
10 14
14 3
18 6
20 3
3 9
4 13

Solution 140: 
10 14
14 3
18 6
20 3
4 13
8 11

Solution 141: 
10 14
11 8
14 3
18 6
20 3
4 13

Solution 142: 
10 14
11 8
14 3
19 16
20 3
4 13

Solution 143: 
10 14
14 3
19 16
20 3
4 13
8 11

Solution 144: 
10 17
14 3
19 16
20 3
4 13
8 11

Solution 145: 
14 3
19 16
20 3
4 13
8 11
9 17

Solution 146: 
14 3
19 16
20 3
4 13
8 11
9 15

Solution 147: 
11 8
14 3
19 16
20 3
4 13
9 15

Solution 148: 
11 8
14 3
18 6
20 3
4 13
9 15

Solution 149: 
14 3
18 6
20 3
4 13
8 11
9 15

Solution 150: 
14 3
18 6
20 3
4 13
8 11
9 17

Solution 151: 
10 17
14 3
18 6
20 3
4 13
8 11

Solution 152: 
10 17
14 3
18 6
20 5
4 13
8 11

Solution 153: 
14 3
18 6
20 5
4 13
8 11
9 17

Solution 154: 
14 3
18 6
20 5
4 13
8 11
9 15

Solution 155: 
14 3
19 16
20 5
4 13
8 11
9 15

Solution 156: 
10 17
14 3
19 16
20 5
4 13
8 11

Solution 157: 
14 3
19 16
20 5
4 13
8 11
9 17

Solution 158: 
14 3
19 16
19 5
4 13
8 11
9 17

Solution 159: 
10 17
14 3
19 16
19 5
4 13
8 11

Solution 160: 
10 14
14 3
19 16
19 5
4 13
8 11

Solution 161: 
10 14
14 3
18 4
19 16
4 13
8 11

Solution 162: 
10 17
14 3
18 4
19 16
4 13
8 11

Solution 163: 
14 3
18 4
19 16
4 13
8 11
9 17

Solution 164: 
10 14
14 3
19 16
20 5
4 13
8 11

Solution 165: 
10 14
14 3
17 6
19 5
4 13
8 11

Solution 166: 
10 14
14 3
17 16
19 5
4 13
8 11

Solution 167: 
10 14
14 3
17 16
18 4
4 13
8 11

Solution 168: 
10 14
14 3
17 6
18 4
4 13
8 11

Solution 169: 
14 3
17 6
18 4
4 13
8 11
9 15

Solution 170: 
10 17
14 3
17 6
18 4
4 13
8 11

Solution 171: 
14 3
17 6
18 4
4 13
8 11
9 17

Solution 172: 
14 3
17 16
18 4
4 13
8 11
9 17

Solution 173: 
14 3
17 16
18 4
4 13
8 11
9 15

Solution 174: 
10 17
14 3
17 16
18 4
4 13
8 11

Solution 175: 
10 17
14 3
17 16
19 5
4 13
8 11

Solution 176: 
14 3
17 16
19 5
4 13
8 11
9 15

Solution 177: 
14 3
17 16
19 5
4 13
8 11
9 17

Solution 178: 
14 3
17 6
19 5
4 13
8 11
9 17

Solution 179: 
14 3
18 6
19 5
4 13
8 11
9 17

Solution 180: 
10 17
14 3
18 6
19 5
4 13
8 11

Solution 181: 
14 3
18 6
19 5
4 13
8 11
9 15

Solution 182: 
14 3
17 6
19 5
4 13
8 11
9 15

Solution 183: 
14 3
19 16
19 5
4 13
8 11
9 15

Solution 184: 
10 17
14 3
17 6
19 5
4 13
8 11

Solution 185: 
14 3
18 4
19 16
4 13
8 11
9 15

Solution 186: 
14 3
18 4
18 6
4 13
8 11
9 15

Solution 187: 
10 17
14 3
18 4
18 6
4 13
8 11

Solution 188: 
14 3
18 4
18 6
4 13
8 11
9 17

Solution 189: 
10 14
14 3
18 4
18 6
4 13
8 11

Solution 190: 
10 14
14 3
18 6
20 5
4 13
8 11

Solution 191: 
10 14
14 3
18 6
19 5
4 13
8 11

Solution 192: 
10 14
11 7
14 3
18 6
19 5
4 13

Solution 193: 
10 14
14 3
18 6
19 5
3 9
4 13

Solution 194: 
10 14
14 3
18 6
19 5
3 7
4 13

Solution 195: 
10 14
14 3
18 6
19 5
4 11
4 13

Solution 196: 
10 14
11 8
14 3
18 6
19 5
4 13

Solution 197: 
10 14
11 8
14 3
18 6
20 5
4 13

Solution 198: 
10 14
11 7
14 3
18 6
20 5
4 13

Solution 199: 
10 14
14 3
18 6
20 5
3 9
4 13

Solution 200: 
10 14
14 3
18 6
20 5
4 11
4 13

Solution 201: 
10 14
14 3
18 6
20 5
3 7
4 13

Solution 202: 
11 8
14 3
18 6
20 5
4 13
9 15

Solution 203: 
11 8
14 3
18 6
19 5
4 13
9 15

Solution 204: 
11 8
14 3
18 4
18 6
4 13
9 15

Solution 205: 
10 14
11 8
14 3
18 4
18 6
4 13

Solution 206: 
10 14
11 7
14 3
18 4
18 6
4 13

Solution 207: 
10 14
14 3
18 4
18 6
3 9
4 13

Solution 208: 
10 14
14 3
18 4
18 6
4 11
4 13

Solution 209: 
10 14
14 3
18 4
18 6
3 7
4 13

Solution 210: 
10 14
14 3
17 6
18 4
3 7
4 13

Solution 211: 
10 14
14 3
18 4
19 16
3 7
4 13

Solution 212: 
10 14
14 3
17 16
18 4
3 7
4 13

Solution 213: 
10 14
14 3
17 16
18 4
4 11
4 13

Solution 214: 
10 14
11 7
14 3
17 16
18 4
4 13

Solution 215: 
10 14
14 3
17 16
18 4
3 9
4 13

Solution 216: 
10 14
11 8
14 3
17 16
18 4
4 13

Solution 217: 
10 14
11 8
14 3
17 6
18 4
4 13

Solution 218: 
10 14
11 8
14 3
18 4
19 16
4 13

Solution 219: 
10 14
11 7
14 3
18 4
19 16
4 13

Solution 220: 
10 14
14 3
18 4
19 16
4 11
4 13

Solution 221: 
10 14
14 3
18 4
19 16
3 9
4 13

Solution 222: 
10 14
14 3
17 6
18 4
3 9
4 13

Solution 223: 
10 14
11 7
14 3
17 6
18 4
4 13

Solution 224: 
10 14
14 3
17 6
18 4
4 11
4 13

Solution 225: 
11 8
14 3
17 6
18 4
4 13
9 15

Solution 226: 
11 8
14 3
17 16
18 4
4 13
9 15

Solution 227: 
11 8
14 3
18 4
19 16
4 13
9 15

Solution 228: 
11 8
14 3
19 16
20 5
4 13
9 15

Solution 229: 
11 8
14 3
19 16
19 5
4 13
9 15

Solution 230: 
11 8
14 3
17 16
19 5
4 13
9 15

Solution 231: 
11 8
14 3
17 6
19 5
4 13
9 15

Solution 232: 
10 14
11 8
14 3
17 6
19 5
4 13

Solution 233: 
10 14
11 8
14 3
17 16
19 5
4 13

Solution 234: 
10 14
11 8
14 3
19 16
19 5
4 13

Solution 235: 
10 14
11 8
14 3
19 16
20 5
4 13

Solution 236: 
10 14
14 3
19 16
20 5
3 7
4 13

Solution 237: 
10 14
11 7
14 3
19 16
20 5
4 13

Solution 238: 
10 14
14 3
19 16
20 5
4 11
4 13

Solution 239: 
10 14
14 3
19 16
20 5
3 9
4 13

Solution 240: 
10 14
14 3
19 16
19 5
3 9
4 13

Solution 241: 
10 14
11 7
14 3
19 16
19 5
4 13

Solution 242: 
10 14
14 3
19 16
19 5
3 7
4 13

Solution 243: 
10 14
14 3
19 16
19 5
4 11
4 13

Solution 244: 
10 14
14 3
17 16
19 5
4 11
4 13

Solution 245: 
10 14
14 3
17 6
19 5
4 11
4 13

Solution 246: 
10 14
11 7
14 3
17 6
19 5
4 13

Solution 247: 
10 14
14 3
17 6
19 5
3 7
4 13

Solution 248: 
10 14
14 3
17 16
19 5
3 7
4 13

Solution 249: 
10 14
11 7
14 3
17 16
19 5
4 13

Solution 250: 
10 14
14 3
17 16
19 5
3 9
4 13

Solution 251: 
10 14
14 3
17 6
19 5
3 9
4 13

Solution 252: 
10 14
14 3
17 6
19 5
3 9
5 19

Solution 253: 
10 14
14 3
17 6
19 5
2 18
3 9

Solution 254: 
10 14
14 3
17 16
19 5
2 18
3 9

Solution 255: 
10 14
14 3
18 6
19 5
2 18
3 9

Solution 256: 
10 14
14 3
19 16
19 5
2 18
3 9

Solution 257: 
10 14
14 3
19 16
19 5
3 9
5 19

Solution 258: 
10 14
14 3
17 16
19 5
3 9
5 19

Solution 259: 
10 14
14 3
18 6
19 5
3 9
5 19

Solution 260: 
10 14
14 3
18 6
20 5
3 9
5 19

Solution 261: 
10 14
14 3
18 6
20 3
3 9
5 19

Solution 262: 
10 14
14 3
18 4
18 6
3 9
5 19

Solution 263: 
10 14
14 3
17 6
18 4
3 9
5 19

Solution 264: 
10 14
14 3
18 4
19 16
3 9
5 19

Solution 265: 
10 14
14 3
17 16
18 4
3 9
5 19

Solution 266: 
10 14
14 3
19 16
20 5
3 9
5 19

Solution 267: 
10 14
14 3
19 16
20 3
3 9
5 19

Solution 268: 
10 14
14 3
19 16
2 18
20 3
3 9

Solution 269: 
10 14
14 3
19 16
2 18
20 5
3 9

Solution 270: 
10 14
14 3
18 4
19 16
2 18
3 9

Solution 271: 
10 14
14 3
17 6
18 4
2 18
3 9

Solution 272: 
10 14
14 3
17 16
18 4
2 18
3 9

Solution 273: 
10 14
14 3
18 4
18 6
2 18
3 9

Solution 274: 
10 14
14 3
18 6
2 18
20 5
3 9

Solution 275: 
10 14
14 3
18 6
2 18
20 3
3 9

Solution 276: 
10 14
12 8
18 6
2 18
20 3
3 9

Solution 277: 
10 14
12 8
18 4
18 6
2 18
3 9

Solution 278: 
10 14
12 8
18 4
18 6
3 9
5 19

Solution 279: 
10 14
12 8
17 16
18 4
3 9
5 19

Solution 280: 
10 14
12 8
18 4
19 16
3 9
5 19

Solution 281: 
10 14
12 8
17 6
18 4
3 9
5 19

Solution 282: 
10 14
12 8
17 6
18 4
2 18
3 9

Solution 283: 
10 14
12 8
18 4
19 16
2 18
3 9

Solution 284: 
10 14
12 8
17 16
18 4
2 18
3 9

Solution 285: 
10 14
12 8
19 16
2 18
20 3
3 9

Solution 286: 
10 14
12 8
19 16
20 3
3 9
5 19

Solution 287: 
10 14
12 8
18 6
20 3
3 9
5 19

Solution 288: 
10 14
12 8
18 6
20 3
4 11
5 19

Solution 289: 
10 14
12 8
19 16
20 3
4 11
5 19

Solution 290: 
10 14
12 8
19 16
2 18
20 3
4 11

Solution 291: 
10 14
12 8
18 6
2 18
20 3
4 11

Solution 292: 
10 14
12 8
18 6
2 18
20 3
3 7

Solution 293: 
10 14
11 7
12 8
18 6
2 18
20 3

Solution 294: 
10 14
12 8
18 6
2 18
20 3
8 11

Solution 295: 
10 14
11 8
12 8
18 6
2 18
20 3

Solution 296: 
10 14
11 8
12 8
19 16
2 18
20 3

Solution 297: 
10 14
12 8
19 16
2 18
20 3
3 7

Solution 298: 
10 14
11 7
12 8
19 16
2 18
20 3

Solution 299: 
10 14
12 8
19 16
2 18
20 3
8 11

Solution 300: 
10 14
14 3
19 16
2 18
20 3
8 11

Solution 301: 
10 14
14 3
19 16
2 18
20 3
3 7

Solution 302: 
10 14
11 7
14 3
19 16
2 18
20 3

Solution 303: 
10 14
11 8
14 3
19 16
2 18
20 3

Solution 304: 
10 14
14 3
19 16
2 18
20 3
4 11

Solution 305: 
10 14
14 3
19 16
20 3
4 11
5 19

Solution 306: 
10 14
14 3
18 6
20 3
4 11
5 19

Solution 307: 
10 14
14 3
18 6
20 5
4 11
5 19

Solution 308: 
10 14
14 3
18 6
19 5
4 11
5 19

Solution 309: 
10 14
14 3
18 4
18 6
4 11
5 19

Solution 310: 
10 14
14 3
17 16
18 4
4 11
5 19

Solution 311: 
10 14
14 3
17 6
18 4
4 11
5 19

Solution 312: 
10 14
14 3
17 6
19 5
4 11
5 19

Solution 313: 
10 14
14 3
17 16
19 5
4 11
5 19

Solution 314: 
10 14
14 3
19 16
19 5
4 11
5 19

Solution 315: 
10 14
14 3
19 16
20 5
4 11
5 19

Solution 316: 
10 14
14 3
18 4
19 16
4 11
5 19

Solution 317: 
10 14
12 8
18 4
19 16
4 11
5 19

Solution 318: 
10 14
12 8
17 16
18 4
4 11
5 19

Solution 319: 
10 14
12 8
17 6
18 4
4 11
5 19

Solution 320: 
10 14
12 8
18 4
18 6
4 11
5 19

Solution 321: 
10 14
12 8
18 4
18 6
2 18
4 11

Solution 322: 
10 14
14 3
18 4
18 6
2 18
4 11

Solution 323: 
10 14
14 3
18 6
2 18
20 3
4 11

Solution 324: 
10 14
14 3
18 6
19 5
2 18
4 11

Solution 325: 
10 14
14 3
18 6
2 18
20 5
4 11

Solution 326: 
10 14
14 3
19 16
2 18
20 5
4 11

Solution 327: 
10 14
14 3
19 16
19 5
2 18
4 11

Solution 328: 
10 14
14 3
17 6
19 5
2 18
4 11

Solution 329: 
10 14
14 3
17 16
19 5
2 18
4 11

Solution 330: 
10 14
11 7
14 3
17 16
19 5
2 18

Solution 331: 
10 14
14 3
17 16
19 5
2 18
3 7

Solution 332: 
10 14
14 3
17 6
19 5
2 18
3 7

Solution 333: 
10 14
11 7
14 3
17 6
19 5
2 18

Solution 334: 
10 14
11 7
14 3
18 6
19 5
2 18

Solution 335: 
10 14
14 3
18 6
19 5
2 18
3 7

Solution 336: 
10 14
14 3
18 6
19 5
2 18
8 11

Solution 337: 
10 14
11 8
14 3
18 6
19 5
2 18

Solution 338: 
10 14
11 8
14 3
17 16
19 5
2 18

Solution 339: 
10 14
11 8
14 3
19 16
19 5
2 18

Solution 340: 
10 14
11 8
14 3
17 6
19 5
2 18

Solution 341: 
10 14
14 3
17 6
19 5
2 18
8 11

Solution 342: 
10 14
14 3
17 16
19 5
2 18
8 11

Solution 343: 
10 14
14 3
19 16
19 5
2 18
8 11

Solution 344: 
10 14
11 7
14 3
19 16
19 5
2 18

Solution 345: 
10 14
14 3
19 16
19 5
2 18
3 7

Solution 346: 
10 14
14 3
19 16
2 18
20 5
3 7

Solution 347: 
10 14
14 3
18 4
19 16
2 18
3 7

Solution 348: 
10 14
11 7
14 3
18 4
19 16
2 18

Solution 349: 
10 14
11 7
14 3
19 16
2 18
20 5

Solution 350: 
10 14
14 3
19 16
2 18
20 5
8 11

Solution 351: 
10 14
11 8
14 3
19 16
2 18
20 5

Solution 352: 
10 14
11 8
14 3
18 4
19 16
2 18

Solution 353: 
10 14
14 3
18 4
19 16
2 18
8 11

Solution 354: 
10 14
14 3
18 4
19 16
2 18
4 11

Solution 355: 
10 14
14 3
17 16
18 4
2 18
4 11

Solution 356: 
10 14
14 3
17 6
18 4
2 18
4 11

Solution 357: 
10 14
11 7
14 3
17 6
18 4
2 18

Solution 358: 
10 14
14 3
17 6
18 4
2 18
3 7

Solution 359: 
10 14
11 8
14 3
17 6
18 4
2 18

Solution 360: 
10 14
11 8
14 3
17 16
18 4
2 18

Solution 361: 
10 14
11 8
14 3
18 4
18 6
2 18

Solution 362: 
10 14
11 7
14 3
18 4
18 6
2 18

Solution 363: 
10 14
14 3
18 4
18 6
2 18
3 7

Solution 364: 
10 14
14 3
17 16
18 4
2 18
3 7

Solution 365: 
10 14
11 7
14 3
17 16
18 4
2 18

Solution 366: 
10 14
14 3
17 16
18 4
2 18
8 11

Solution 367: 
10 14
14 3
18 4
18 6
2 18
8 11

Solution 368: 
10 14
14 3
17 6
18 4
2 18
8 11

Solution 369: 
10 14
14 3
18 6
2 18
20 3
8 11

Solution 370: 
10 14
14 3
18 6
2 18
20 5
8 11

Solution 371: 
10 14
11 7
14 3
18 6
2 18
20 5

Solution 372: 
10 14
14 3
18 6
2 18
20 5
3 7

Solution 373: 
10 14
14 3
18 6
2 18
20 3
3 7

Solution 374: 
10 14
11 7
14 3
18 6
2 18
20 3

Solution 375: 
10 14
11 8
14 3
18 6
2 18
20 3

Solution 376: 
10 14
11 8
14 3
18 6
2 18
20 5

Solution 377: 
10 14
11 8
12 8
18 4
18 6
2 18

Solution 378: 
10 14
11 8
12 8
17 6
18 4
2 18

Solution 379: 
10 14
11 8
12 8
17 16
18 4
2 18

Solution 380: 
10 14
11 8
12 8
18 4
19 16
2 18

Solution 381: 
10 14
11 7
12 8
18 4
19 16
2 18

Solution 382: 
10 14
12 8
18 4
19 16
2 18
8 11

Solution 383: 
10 14
12 8
18 4
19 16
2 18
4 11

Solution 384: 
10 14
12 8
18 4
19 16
2 18
3 7

Solution 385: 
10 14
12 8
17 6
18 4
2 18
3 7

Solution 386: 
10 14
12 8
18 4
18 6
2 18
3 7

Solution 387: 
10 14
12 8
17 16
18 4
2 18
3 7

Solution 388: 
10 14
11 7
12 8
17 16
18 4
2 18

Solution 389: 
10 14
12 8
17 16
18 4
2 18
4 11

Solution 390: 
10 14
12 8
17 16
18 4
2 18
8 11

Solution 391: 
10 14
12 8
17 6
18 4
2 18
8 11

Solution 392: 
10 14
12 8
18 4
18 6
2 18
8 11

Solution 393: 
10 14
11 7
12 8
18 4
18 6
2 18

Solution 394: 
10 14
11 7
12 8
17 6
18 4
2 18

Solution 395: 
10 14
12 8
17 6
18 4
2 18
4 11

Solution 396: 
10 17
12 8
17 6
18 4
2 18
8 11

Solution 397: 
12 8
17 6
18 4
2 18
8 11
9 17

Solution 398: 
14 3
17 6
18 4
2 18
8 11
9 17

Solution 399: 
10 17
14 3
17 6
18 4
2 18
8 11

Solution 400: 
14 3
17 6
18 4
2 18
8 11
9 15

Solution 401: 
11 8
14 3
17 6
18 4
2 18
9 15

Solution 402: 
11 8
14 3
18 4
18 6
2 18
9 15

Solution 403: 
11 8
14 3
18 4
19 16
2 18
9 15

Solution 404: 
11 8
14 3
17 16
18 4
2 18
9 15

Solution 405: 
14 3
17 16
18 4
2 18
8 11
9 15

Solution 406: 
14 3
18 4
19 16
2 18
8 11
9 15

Solution 407: 
14 3
18 4
18 6
2 18
8 11
9 15

Solution 408: 
10 17
14 3
18 4
18 6
2 18
8 11

Solution 409: 
14 3
18 4
18 6
2 18
8 11
9 17

Solution 410: 
14 3
17 16
18 4
2 18
8 11
9 17

Solution 411: 
14 3
18 4
19 16
2 18
8 11
9 17

Solution 412: 
10 17
14 3
18 4
19 16
2 18
8 11

Solution 413: 
10 17
14 3
17 16
18 4
2 18
8 11

Solution 414: 
10 17
12 8
17 16
18 4
2 18
8 11

Solution 415: 
10 17
12 8
18 4
18 6
2 18
8 11

Solution 416: 
12 8
18 4
18 6
2 18
8 11
9 17

Solution 417: 
12 8
17 16
18 4
2 18
8 11
9 17

Solution 418: 
12 8
18 4
19 16
2 18
8 11
9 17

Solution 419: 
10 17
12 8
18 4
19 16
2 18
8 11

Solution 420: 
10 17
12 8
19 16
2 18
20 3
8 11

Solution 421: 
10 17
12 8
18 6
2 18
20 3
8 11

Solution 422: 
10 17
14 3
18 6
2 18
20 3
8 11

Solution 423: 
10 17
14 3
18 6
2 18
20 5
8 11

Solution 424: 
10 17
14 3
18 6
19 5
2 18
8 11

Solution 425: 
10 17
14 3
17 6
19 5
2 18
8 11

Solution 426: 
10 17
14 3
17 16
19 5
2 18
8 11

Solution 427: 
10 17
14 3
19 16
19 5
2 18
8 11

Solution 428: 
10 17
14 3
19 16
2 18
20 5
8 11

Solution 429: 
10 17
14 3
19 16
2 18
20 3
8 11

Solution 430: 
14 3
19 16
2 18
20 3
8 11
9 15

Solution 431: 
14 3
19 16
2 18
20 3
8 11
9 17

Solution 432: 
14 3
18 6
2 18
20 3
8 11
9 17

Solution 433: 
14 3
18 6
2 18
20 3
8 11
9 15

Solution 434: 
14 3
18 6
2 18
20 5
8 11
9 15

Solution 435: 
14 3
18 6
19 5
2 18
8 11
9 15

Solution 436: 
14 3
18 6
19 5
2 18
8 11
9 17

Solution 437: 
14 3
18 6
2 18
20 5
8 11
9 17

Solution 438: 
14 3
19 16
2 18
20 5
8 11
9 17

Solution 439: 
14 3
19 16
19 5
2 18
8 11
9 17

Solution 440: 
14 3
17 16
19 5
2 18
8 11
9 17

Solution 441: 
14 3
17 16
19 5
2 18
8 11
9 15

Solution 442: 
14 3
19 16
19 5
2 18
8 11
9 15

Solution 443: 
14 3
19 16
2 18
20 5
8 11
9 15

Solution 444: 
14 3
17 6
19 5
2 18
8 11
9 15

Solution 445: 
14 3
17 6
19 5
2 18
8 11
9 17

Solution 446: 
11 8
14 3
17 6
19 5
2 18
9 15

Solution 447: 
11 8
14 3
17 16
19 5
2 18
9 15

Solution 448: 
11 8
14 3
18 6
19 5
2 18
9 15

Solution 449: 
11 8
14 3
18 6
2 18
20 3
9 15

Solution 450: 
11 8
14 3
18 6
2 18
20 5
9 15

Solution 451: 
11 8
14 3
19 16
2 18
20 5
9 15

Solution 452: 
11 8
14 3
19 16
2 18
20 3
9 15

Solution 453: 
11 8
14 3
19 16
19 5
2 18
9 15

Solution 454: 
12 8
19 16
2 18
20 3
8 11
9 17

Solution 455: 
12 8
18 6
2 18
20 3
8 11
9 17

Number of solutions found: 456

Changes at vertices: 
3 8 -> 3 7
New Vertex: 11 8
----------------------------------
Removal 2: 
Solution 0: 
12 8
17 6
18 4
2 18
9 15

Solution 1: 
12 8
17 6
18 4
4 13
9 15

Solution 2: 
10 14
12 8
17 6
18 4
4 13

Solution 3: 
10 14
12 8
17 16
18 4
4 13

Solution 4: 
10 14
12 8
18 4
18 6
4 13

Solution 5: 
10 14
12 8
18 4
19 16
4 13

Solution 6: 
12 8
18 4
19 16
4 13
9 15

Solution 7: 
12 8
17 16
18 4
4 13
9 15

Solution 8: 
12 8
18 4
18 6
4 13
9 15

Solution 9: 
12 8
18 6
20 3
4 13
9 15

Solution 10: 
12 8
19 16
20 3
4 13
9 15

Solution 11: 
12 8
19 16
2 18
20 3
9 15

Solution 12: 
12 8
18 6
2 18
20 3
9 15

Solution 13: 
12 8
18 4
18 6
2 18
9 15

Solution 14: 
12 8
17 16
18 4
2 18
9 15

Solution 15: 
12 8
18 4
19 16
2 18
9 15

Solution 16: 
10 14
12 8
18 4
19 16
2 18

Solution 17: 
10 14
12 8
17 16
18 4
2 18

Solution 18: 
10 14
12 8
18 4
18 6
2 18

Solution 19: 
10 14
12 8
17 6
18 4
2 18

Solution 20: 
10 14
12 8
18 6
2 18
20 3

Solution 21: 
10 14
12 8
19 16
2 18
20 3

Solution 22: 
10 14
12 8
19 16
20 3
4 13

Solution 23: 
10 14
12 8
18 6
20 3
4 13

Number of solutions found: 24

Changes at vertices: 
12 3 -> 12 1
New Vertex: 14 3
----------------------------------
Removal 3: 
Solution 0: 
12 8
17 6
18 4
2 18
9 15

Solution 1: 
12 8
17 6
18 4
4 13
9 15

Solution 2: 
10 14
12 8
17 6
18 4
4 13

Solution 3: 
10 14
15 10
17 6
18 4
4 13

Solution 4: 
10 14
15 10
17 6
18 4
2 18

Solution 5: 
10 14
12 8
17 6
18 4
2 18

Solution 6: 
10 14
12 8
17 16
18 4
2 18

Solution 7: 
10 14
12 8
18 4
19 16
2 18

Solution 8: 
10 14
12 8
18 4
18 6
2 18

Solution 9: 
12 8
18 4
18 6
2 18
9 15

Solution 10: 
12 8
18 4
19 16
2 18
9 15

Solution 11: 
12 8
17 16
18 4
2 18
9 15

Solution 12: 
10 14
15 10
17 16
18 4
2 18

Solution 13: 
10 14
15 10
18 4
19 16
2 18

Solution 14: 
10 14
15 10
18 4
18 6
2 18

Solution 15: 
10 14
15 10
18 4
18 6
4 13

Solution 16: 
10 14
15 10
17 16
18 4
4 13

Solution 17: 
10 14
15 10
18 4
19 16
4 13

Solution 18: 
10 14
12 8
18 4
19 16
4 13

Solution 19: 
10 14
12 8
18 4
18 6
4 13

Solution 20: 
10 14
12 8
17 16
18 4
4 13

Solution 21: 
12 8
17 16
18 4
4 13
9 15

Solution 22: 
12 8
18 4
18 6
4 13
9 15

Solution 23: 
12 8
18 4
19 16
4 13
9 15

Solution 24: 
12 8
19 16
20 3
4 13
9 15

Solution 25: 
10 14
12 8
19 16
20 3
4 13

Solution 26: 
10 14
12 8
18 6
20 3
4 13

Solution 27: 
12 8
18 6
20 3
4 13
9 15

Solution 28: 
12 8
18 6
2 18
20 3
9 15

Solution 29: 
12 8
19 16
2 18
20 3
9 15

Solution 30: 
10 14
12 8
19 16
2 18
20 3

Solution 31: 
10 14
12 8
18 6
2 18
20 3

Solution 32: 
10 14
15 10
18 6
2 18
20 3

Solution 33: 
10 14
15 10
19 16
2 18
20 3

Solution 34: 
10 14
15 10
19 16
20 3
4 13

Solution 35: 
10 14
15 10
18 6
20 3
4 13

Number of solutions found: 36

Changes at vertices: 
19 6 -> 19 16
Change visibility: 18 6
----------------------------------
Removal 4: 
Solution 0: 
12 8
18 4
2 18
9 15

Solution 1: 
12 8
18 4
4 13
9 15

Solution 2: 
10 14
12 8
18 4
4 13

Solution 3: 
10 14
15 10
18 4
4 13

Solution 4: 
10 14
15 10
18 4
2 18

Solution 5: 
10 14
12 8
18 4
2 18

Number of solutions found: 6

Changes at vertices: 
New Vertex: 19 5
18 5 -> 18 6
----------------------------------
Removal 5: 
Solution 0: 
12 8
18 4
2 18
9 15

Solution 1: 
12 8
18 4
4 13
9 15

Solution 2: 
10 14
12 8
18 4
4 13

Solution 3: 
10 14
15 10
18 4
4 13

Solution 4: 
10 14
15 10
18 4
2 18

Solution 5: 
10 14
12 8
18 4
2 18

Solution 6: 
10 14
12 8
2 18
20 3

Solution 7: 
10 14
15 10
2 18
20 3

Solution 8: 
12 8
2 18
20 3
9 15

Solution 9: 
12 8
20 3
4 13
9 15

Solution 10: 
10 14
12 8
20 3
4 13

Solution 11: 
10 14
15 10
20 3
4 13

Number of solutions found: 12

Changes at vertices: 
20 4 -> 20 5
New Vertex: 18 4
----------------------------------
Removal 6: 
Solution 0: 
12 3
2 18
8 11
9 15

Solution 1: 
12 3
4 13
8 11
9 15

Solution 2: 
12 3
12 8
4 13
9 15

Solution 3: 
12 8
20 3
4 13
9 15

Solution 4: 
12 8
20 4
4 13
9 15

Solution 5: 
12 8
16 4
4 13
9 15

Solution 6: 
16 4
4 13
8 11
9 15

Solution 7: 
10 17
16 4
4 13
8 11

Solution 8: 
10 17
16 4
2 18
8 11

Solution 9: 
10 17
12 3
2 18
8 11

Solution 10: 
10 17
12 3
4 13
8 11

Solution 11: 
12 3
4 13
8 11
9 17

Solution 12: 
10 14
12 3
4 13
8 11

Solution 13: 
10 14
16 4
4 13
8 11

Solution 14: 
16 4
4 13
8 11
9 17

Solution 15: 
16 4
2 18
8 11
9 17

Solution 16: 
16 4
2 18
8 11
9 15

Solution 17: 
10 14
16 4
2 18
8 11

Solution 18: 
10 14
12 3
2 18
8 11

Solution 19: 
12 3
2 18
8 11
9 17

Solution 20: 
12 3
12 8
2 18
9 15

Solution 21: 
12 8
2 18
20 3
9 15

Solution 22: 
12 8
2 18
20 4
9 15

Solution 23: 
12 8
16 4
2 18
9 15

Solution 24: 
10 14
12 8
16 4
2 18

Solution 25: 
10 14
12 8
2 18
20 4

Solution 26: 
10 14
12 3
12 8
2 18

Solution 27: 
10 14
12 8
2 18
20 3

Solution 28: 
10 14
15 10
2 18
20 3

Solution 29: 
10 14
15 10
2 18
20 4

Solution 30: 
10 14
12 3
15 10
2 18

Solution 31: 
10 14
12 3
2 18
3 9

Solution 32: 
10 14
12 3
2 18
4 11

Solution 33: 
10 14
12 3
2 18
3 8

Solution 34: 
10 14
15 10
16 4
2 18

Solution 35: 
10 14
15 10
16 4
4 13

Solution 36: 
10 14
15 10
20 3
4 13

Solution 37: 
10 14
15 10
20 4
4 13

Solution 38: 
10 14
12 3
15 10
4 13

Solution 39: 
10 14
12 3
3 8
4 13

Solution 40: 
10 14
12 3
12 8
4 13

Solution 41: 
10 14
12 3
3 9
4 13

Solution 42: 
10 14
12 3
4 11
4 13

Solution 43: 
10 14
12 8
20 3
4 13

Solution 44: 
10 14
12 8
20 4
4 13

Solution 45: 
10 14
12 8
16 4
4 13

Solution 46: 
10 14
12 3
3 9
5 19

Solution 47: 
10 14
12 3
4 11
5 19

Number of solutions found: 48

Changes at vertices: 
12 4 -> 12 3
Change visibility: 16 4
----------------------------------
Removal 7: 
Solution 0: 
12 8
2 18
9 15

Solution 1: 
12 8
4 13
9 15

Solution 2: 
10 14
12 8
4 13

Solution 3: 
10 14
15 10
4 13

Solution 4: 
10 14
15 10
2 18

Solution 5: 
10 14
12 8
2 18

Number of solutions found: 6

Changes at vertices: 
New Vertex: 12 8
16 8 -> 16 4
----------------------------------
Removal 8: 
Solution 0: 
10 14
15 10
4 13

Solution 1: 
10 14
15 10
2 18

Number of solutions found: 2

Changes at vertices: 
New Vertex: 3 9
16 9 -> 16 8
----------------------------------
Removal 9: 
Solution 0: 
10 14
15 10
4 13

Solution 1: 
10 14
15 10
2 18

Number of solutions found: 2

Changes at vertices: 
10 15 -> 10 17
New Vertex: 9 15
----------------------------------
Removal 10: 
Solution 0: 
15 10
2 18
8 11

Solution 1: 
15 10
4 13
8 11

Solution 2: 
16 9
4 13
8 11

Solution 3: 
16 10
4 13
8 11

Solution 4: 
1 9
4 13
8 11

Solution 5: 
10 14
15 10
4 13

Solution 6: 
10 14
15 10
2 18

Solution 7: 
16 10
2 18
8 11

Solution 8: 
16 9
2 18
8 11

Solution 9: 
1 9
2 18
8 11

Solution 10: 
1 9
5 19
8 11

Number of solutions found: 11

Changes at vertices: 
New Vertex: 10 14
8 14 -> 8 15
----------------------------------
Removal 11: 
Solution 0: 
15 10
2 18
8 11

Solution 1: 
15 10
4 13
8 11

Solution 2: 
16 9
4 13
8 11

Solution 3: 
16 10
4 13
8 11

Solution 4: 
1 9
4 13
8 11

Solution 5: 
1 9
13 12
4 13

Solution 6: 
13 12
15 10
4 13

Solution 7: 
15 10
4 13
8 14

Solution 8: 
13 14
15 10
4 13

Solution 9: 
13 14
15 10
2 18

Solution 10: 
15 10
2 18
8 14

Solution 11: 
13 12
15 10
2 18

Solution 12: 
16 10
2 18
8 11

Solution 13: 
16 9
2 18
8 11

Solution 14: 
1 9
2 18
8 11

Solution 15: 
1 9
13 12
2 18

Solution 16: 
1 9
13 12
5 19

Solution 17: 
1 9
5 19
8 11

Number of solutions found: 18

Changes at vertices: 
New Vertex: 13 12
8 12 -> 8 14
----------------------------------
Removal 12: 
Solution 0: 
15 10
2 18

Solution 1: 
15 10
4 13

Number of solutions found: 2

Changes at vertices: 
15 11 -> 15 12
New Vertex: 8 11
----------------------------------
Removal 13: 
Solution 0: 
15 10
2 18

Solution 1: 
15 10
4 13

Solution 2: 
1 9
4 13

Solution 3: 
1 9
5 19

Solution 4: 
1 9
2 18

Number of solutions found: 5

Changes at vertices: 
New Vertex: 5 19
2 19 -> 2 20
----------------------------------
Removal 14: 
Solution 0: 
15 10
2 18

Solution 1: 
15 10
4 13

Solution 2: 
1 9
4 13

Solution 3: 
1 9
2 18

Solution 4: 
1 9
2 19

Solution 5: 
1 9
7 19

Solution 6: 
1 9
7 13

Number of solutions found: 7

Changes at vertices: 
7 18 -> 7 19
New Vertex: 2 18
----------------------------------
Removal 15: 
Solution 0: 
1 18
15 10

Solution 1: 
15 10
4 13

Solution 2: 
1 9
4 13

Solution 3: 
1 18
1 9

Solution 4: 
1 9
7 18

Solution 5: 
1 9
7 13

Number of solutions found: 6

Changes at vertices: 
Change visibility: 4 13
1 13 -> 1 18
----------------------------------
Removal 16: 
Solution 0: 
1 9

Number of solutions found: 1

Changes at vertices: 
New Vertex: 4 11
1 11 -> 1 13
----------------------------------
Removal 17: 
Solution 0: 
15 10

Solution 1: 
1 9

Number of solutions found: 2

Changes at vertices: 
New Vertex: 15 10
1 10 -> 1 11
----------------------------------
Removal 18: 
Solution 0: 
1 10

Solution 1: 
16 9

Solution 2: 
16 10

Solution 3: 
1 9

Number of solutions found: 4

