386
41 1
41 8
29 8
29 16
68 16
68 10
74 10
74 12
168 12
168 11
174 11
174 26
155 26
155 35
158 35
158 47
142 47
142 45
132 45
132 48
157 48
157 49
137 49
137 50
57 50
57 51
10 51
10 57
32 57
32 59
36 59
36 102
51 102
51 83
72 83
72 84
75 84
75 85
84 85
84 87
86 87
86 98
94 98
94 103
92 103
92 112
71 112
71 118
54 118
54 125
23 125
23 133
12 133
12 134
22 134
22 158
26 158
26 163
19 163
19 164
8 164
8 170
3 170
3 239
2 239
2 248
1 248
1 250
4 250
4 215
6 215
6 249
7 249
7 208
9 208
9 206
16 206
16 217
24 217
24 247
162 247
162 245
95 245
95 246
33 246
33 235
47 235
47 237
38 237
38 238
42 238
42 244
207 244
207 240
170 240
170 234
153 234
153 232
209 232
209 236
222 236
222 227
225 227
225 218
234 218
234 231
235 231
235 209
241 209
241 204
250 204
250 181
249 181
249 168
248 168
248 195
244 195
244 199
227 199
227 212
212 212
212 223
214 223
214 226
203 226
203 216
202 216
202 201
204 201
204 200
187 200
187 207
184 207
184 203
163 203
163 220
191 220
191 225
181 225
181 224
122 224
122 222
126 222
126 219
136 219
136 197
154 197
154 193
156 193
156 191
166 191
166 194
247 194
247 188
179 188
179 186
175 186
175 183
146 183
146 182
131 182
131 210
125 210
125 213
117 213
117 221
116 221
116 196
110 196
110 180
104 180
104 185
109 185
109 205
112 205
112 229
150 229
150 230
143 230
143 241
161 241
161 243
63 243
63 242
69 242
69 233
49 233
49 228
34 228
34 202
30 202
30 211
21 211
21 214
18 214
18 198
11 198
11 187
13 187
13 192
15 192
15 190
14 190
14 179
44 179
44 175
45 175
45 189
89 189
89 184
77 184
77 177
53 177
53 178
48 178
48 174
83 174
83 172
121 172
121 167
139 167
139 166
171 166
171 159
167 159
167 155
210 155
210 160
245 160
245 152
243 152
243 151
236 151
236 142
226 142
226 136
224 136
224 144
231 144
231 154
208 154
208 153
103 153
103 150
217 150
217 147
134 147
134 146
138 146
138 145
182 145
182 138
185 138
185 143
190 143
190 135
188 135
188 137
144 137
144 139
105 139
105 148
114 148
114 149
76 149
76 156
62 156
62 157
120 157
120 161
129 161
129 162
123 162
123 165
118 165
118 171
64 171
64 173
31 173
31 169
28 169
28 176
27 176
27 131
85 131
85 129
35 129
35 127
91 127
91 128
115 128
115 132
128 132
128 130
130 130
130 124
124 124
124 126
81 126
81 121
78 121
78 123
60 123
60 120
79 120
79 115
98 115
98 114
99 114
99 110
96 110
96 99
108 99
108 97
102 97
102 95
93 95
93 86
90 86
90 80
50 80
50 96
40 96
40 88
39 88
39 101
37 101
37 55
25 55
25 52
113 52
113 54
148 54
148 56
119 56
119 58
176 58
176 46
177 46
177 39
223 39
223 42
232 42
232 37
246 37
246 29
238 29
238 20
205 20
205 21
192 21
192 23
219 23
219 30
201 30
201 31
197 31
197 32
189 32
189 38
178 38
178 36
165 36
165 53
164 53
164 34
183 34
183 14
186 14
186 9
159 9
159 7
101 7
101 5
87 5
87 6
73 6
73 4
220 4
220 3
61 3
61 15
46 15
46 2
141 2
141 1
