364
613 286
613 281
540 281
540 257
484 257
484 259
366 259
366 251
349 251
349 262
316 262
316 269
283 269
283 261
218 261
218 254
206 254
206 221
189 221
189 223
105 223
105 245
36 245
36 247
119 247
119 243
139 243
139 244
148 244
148 250
158 250
158 236
116 236
116 224
203 224
203 229
155 229
155 233
197 233
197 234
194 234
194 238
198 238
198 239
191 239
191 265
208 265
208 270
278 270
278 271
333 271
333 268
392 268
392 264
432 264
432 260
529 260
529 283
505 283
505 287
808 287
808 356
798 356
798 396
687 396
687 394
468 394
468 405
225 405
225 409
58 409
58 404
10 404
10 391
160 391
160 385
256 385
256 386
449 386
449 377
425 377
425 368
376 368
376 371
368 371
368 383
343 383
343 382
168 382
168 384
164 384
164 378
136 378
136 380
135 380
135 388
68 388
68 374
107 374
107 373
64 373
64 376
38 376
38 358
35 358
35 346
31 346
31 341
26 341
26 353
25 353
25 375
3 375
3 400
5 400
5 395
8 395
8 411
89 411
89 413
214 413
214 412
290 412
290 407
295 407
295 408
398 408
398 415
185 415
185 414
115 414
115 421
132 421
132 424
200 424
200 425
223 425
223 426
513 426
513 427
515 427
515 423
581 423
581 418
375 418
375 419
247 419
247 422
137 422
137 417
386 417
386 416
491 416
491 410
558 410
558 398
726 398
726 399
773 399
773 406
781 406
781 397
831 397
831 402
783 402
783 403
802 403
802 428
767 428
767 474
747 474
747 598
729 598
729 606
728 606
728 650
692 650
692 589
694 589
694 567
591 567
591 471
496 471
496 468
23 468
23 475
19 475
19 498
7 498
7 503
46 503
46 504
42 504
42 507
56 507
56 521
77 521
77 526
18 526
18 514
1 514
1 534
11 534
11 527
79 527
79 522
154 522
154 519
212 519
212 516
72 516
72 513
190 513
190 511
74 511
74 499
33 499
33 470
110 470
110 491
174 491
174 476
240 476
240 473
157 473
157 478
125 478
125 469
426 469
426 472
451 472
451 480
499 480
499 477
560 477
560 485
384 485
384 481
382 481
382 484
347 484
347 479
235 479
235 488
358 488
358 489
512 489
512 486
565 486
565 490
469 490
469 525
486 525
486 540
495 540
495 576
497 576
497 533
490 533
490 524
475 524
475 510
494 510
494 505
482 505
482 492
550 492
550 531
549 531
549 497
531 497
531 532
542 532
542 581
546 581
546 515
545 515
545 520
541 520
541 517
538 517
538 502
547 502
547 554
552 554
552 547
551 547
551 518
575 518
575 523
569 523
569 536
574 536
574 535
582 535
582 537
587 537
587 609
651 609
651 615
672 615
672 590
660 590
660 569
689 569
689 577
684 577
684 637
690 637
690 646
518 646
518 618
511 618
511 614
463 614
463 625
507 625
507 647
577 647
577 651
561 651
561 652
745 652
745 623
738 623
738 612
742 612
742 608
772 608
772 619
779 619
779 607
758 607
758 597
754 597
754 582
755 582
755 573
748 573
748 494
750 494
750 493
753 493
753 483
763 483
763 482
768 482
768 429
833 429
833 390
800 390
800 367
814 367
814 370
822 370
822 332
823 332
823 249
820 249
820 278
819 278
819 363
813 363
813 286
