92
1 1
1 2
14 2
14 4
12 4
12 3
3 3
3 74
6 74
6 39
11 39
11 33
8 33
8 30
5 30
5 63
4 63
4 6
13 6
13 10
15 10
15 44
17 44
17 71
21 71
21 55
27 55
27 72
28 72
28 66
30 66
30 82
25 82
25 85
18 85
18 80
9 80
9 77
7 77
7 75
2 75
2 89
10 89
10 90
26 90
26 83
29 83
29 96
31 96
31 62
40 62
40 76
35 76
35 78
42 78
42 87
41 87
41 88
46 88
46 91
51 91
51 95
54 95
54 92
65 92
65 79
74 79
74 73
48 73
48 68
49 68
49 67
63 67
63 64
59 64
59 61
44 61
44 57
33 57
33 50
19 50
19 29
34 29
34 27
24 27
24 24
20 24
20 21
16 21
16 8
32 8
32 1
