86
87 31
87 29
81 29
81 28
63 28
63 22
40 22
40 54
31 54
31 49
29 49
29 43
32 43
32 20
24 20
24 32
21 32
21 26
23 26
23 19
20 19
20 14
15 14
15 25
11 25
11 23
8 23
8 27
3 27
3 15
2 15
2 33
4 33
4 55
5 55
5 57
6 57
6 58
9 58
9 52
12 52
12 37
19 37
19 61
17 61
17 64
18 64
18 63
22 63
22 46
26 46
26 35
27 35
27 59
36 59
36 56
37 56
37 85
13 85
13 90
1 90
1 91
7 91
7 93
25 93
25 88
45 88
45 78
38 78
38 74
54 74
54 71
42 71
42 45
43 45
43 30
44 30
44 42
47 42
47 40
51 40
51 34
50 34
50 24
58 24
58 31
