160
84 5
84 7
91 7
91 4
92 4
92 62
94 62
94 68
82 68
82 38
71 38
71 36
88 36
88 31
87 31
87 29
81 29
81 28
63 28
63 22
40 22
40 54
31 54
31 49
29 49
29 43
32 43
32 20
24 20
24 32
21 32
21 26
23 26
23 19
20 19
20 14
15 14
15 25
11 25
11 23
8 23
8 27
3 27
3 15
2 15
2 33
4 33
4 55
5 55
5 57
6 57
6 58
9 58
9 52
12 52
12 37
19 37
19 61
17 61
17 64
18 64
18 63
22 63
22 46
26 46
26 35
27 35
27 59
36 59
36 56
37 56
37 85
13 85
13 90
1 90
1 91
7 91
7 93
25 93
25 88
45 88
45 78
38 78
38 74
54 74
54 71
42 71
42 45
43 45
43 30
44 30
44 42
47 42
47 40
51 40
51 34
50 34
50 24
58 24
58 39
67 39
67 41
73 41
73 47
52 47
52 48
48 48
48 50
65 50
65 53
72 53
72 51
80 51
80 69
75 69
75 70
95 70
95 80
86 80
86 79
76 79
76 84
62 84
62 83
70 83
70 82
68 82
68 76
57 76
57 92
60 92
60 94
64 94
64 95
55 95
55 96
49 96
49 98
61 98
61 99
46 99
46 100
66 100
66 97
69 97
69 89
74 89
74 86
78 86
78 87
79 87
79 81
99 81
99 60
93 60
93 3
90 3
90 6
89 6
89 5
