166
4 190
4 149
1 149
1 199
3 199
3 195
45 195
45 200
178 200
178 201
192 201
192 198
114 198
114 196
84 196
84 194
92 194
92 193
48 193
48 192
37 192
37 191
229 191
229 208
212 208
212 267
164 267
164 287
181 287
181 313
170 313
170 315
157 315
157 238
137 238
137 245
117 245
117 233
131 233
131 224
44 224
44 343
46 343
46 308
47 308
47 311
50 311
50 305
51 305
51 359
54 359
54 282
60 282
60 273
68 273
68 298
67 298
67 306
82 306
82 303
85 303
85 294
74 294
74 262
63 262
63 260
86 260
86 244
57 244
57 278
58 278
58 281
56 281
56 279
49 279
49 226
105 226
105 234
113 234
113 243
115 243
115 246
118 246
118 250
128 250
128 290
138 290
138 317
136 317
136 338
135 338
135 327
122 327
122 310
99 310
99 276
97 276
97 307
94 307
94 323
119 323
119 351
120 351
120 345
129 345
129 372
175 372
175 368
206 368
206 376
177 376
177 379
183 379
183 400
179 400
179 397
139 397
139 399
109 399
109 405
112 405
112 407
101 407
101 459
125 459
125 453
103 453
103 410
126 410
126 401
185 401
185 381
186 381
186 380
213 380
213 370
223 370
223 366
149 366
149 354
145 354
145 352
148 352
148 304
142 304
142 240
150 240
150 269
152 269
152 324
184 324
184 296
182 296
182 295
188 295
188 277
174 277
174 268
217 268
217 235
226 235
226 211
222 211
222 209
236 209
236 190
