560
201 183
201 186
234 186
234 188
219 188
219 189
151 189
151 190
4 190
4 149
1 149
1 199
3 199
3 195
45 195
45 200
178 200
178 201
192 201
192 198
114 198
114 196
84 196
84 194
92 194
92 193
48 193
48 192
37 192
37 191
229 191
229 208
212 208
212 267
164 267
164 287
181 287
181 313
170 313
170 315
157 315
157 238
137 238
137 245
117 245
117 233
131 233
131 224
44 224
44 343
46 343
46 308
47 308
47 311
50 311
50 305
51 305
51 359
54 359
54 282
60 282
60 273
68 273
68 298
67 298
67 306
82 306
82 303
85 303
85 294
74 294
74 262
63 262
63 260
86 260
86 244
57 244
57 278
58 278
58 281
56 281
56 279
49 279
49 226
105 226
105 234
113 234
113 243
115 243
115 246
118 246
118 250
128 250
128 290
138 290
138 317
136 317
136 338
135 338
135 327
122 327
122 310
99 310
99 276
97 276
97 307
94 307
94 323
119 323
119 351
120 351
120 345
129 345
129 372
175 372
175 368
206 368
206 376
177 376
177 379
183 379
183 400
179 400
179 397
139 397
139 399
109 399
109 405
112 405
112 407
101 407
101 478
83 478
83 480
93 480
93 487
90 487
90 494
104 494
104 486
107 486
107 476
134 476
134 472
156 472
156 469
153 469
153 433
133 433
133 448
130 448
130 454
132 454
132 459
125 459
125 453
103 453
103 410
108 410
108 426
141 426
141 429
147 429
147 419
163 419
163 412
140 412
140 415
126 415
126 401
185 401
185 381
186 381
186 380
199 380
199 417
196 417
196 388
193 388
193 418
198 418
198 440
204 440
204 474
205 474
205 475
195 475
195 482
233 482
233 484
258 484
258 477
235 477
235 473
250 473
250 468
249 468
249 467
230 467
230 481
207 481
207 462
208 462
208 396
200 396
200 387
210 387
210 441
237 441
237 434
215 434
215 402
213 402
213 370
223 370
223 364
169 364
169 366
149 366
149 354
145 354
145 352
148 352
148 304
142 304
142 240
150 240
150 269
152 269
152 324
180 324
180 353
197 353
197 341
203 341
203 363
211 363
211 349
214 349
214 342
220 342
220 325
227 325
227 358
225 358
225 369
228 369
228 339
232 339
232 319
238 319
238 374
264 374
264 356
260 356
260 320
262 320
262 299
257 299
257 300
259 300
259 301
256 301
256 373
241 373
241 333
246 333
246 357
253 357
253 330
254 330
254 314
248 314
248 284
251 284
251 275
247 275
247 280
242 280
242 285
240 285
240 309
221 309
221 322
194 322
194 316
191 316
191 331
190 331
190 344
189 344
189 350
184 350
184 296
182 296
182 295
188 295
188 277
174 277
174 268
217 268
217 235
218 235
218 249
224 249
224 237
226 237
226 211
222 211
222 209
231 209
231 222
236 222
236 185
352 185
352 165
354 165
354 169
355 169
355 184
356 184
356 197
349 197
349 202
348 202
348 213
358 213
358 212
410 212
410 220
426 220
426 225
385 225
385 255
375 255
375 261
389 261
389 270
374 270
374 318
378 318
378 328
372 328
372 329
371 329
371 371
379 371
379 272
388 272
388 297
394 297
394 416
392 416
392 427
383 427
383 348
384 348
384 302
380 302
380 332
381 332
381 389
382 389
382 439
412 439
412 437
417 437
417 444
420 444
420 430
462 430
462 432
457 432
457 435
437 435
437 436
453 436
453 445
444 445
444 449
421 449
421 451
432 451
432 455
391 455
391 456
346 456
346 446
296 446
296 395
302 395
302 390
300 390
300 355
299 355
299 288
304 288
304 253
308 253
308 259
306 259
306 264
347 264
347 257
339 257
339 247
335 247
335 242
342 242
342 221
338 221
338 241
325 241
325 230
326 230
326 239
332 239
332 217
328 217
328 215
334 215
334 206
327 206
327 204
319 204
319 232
321 232
321 258
318 258
318 263
317 263
317 251
315 251
315 248
307 248
307 252
291 252
291 266
269 266
269 274
298 274
298 289
292 289
292 291
295 291
295 411
277 411
277 408
272 408
272 403
286 403
286 360
281 360
281 340
274 340
274 377
271 377
271 386
278 386
278 398
270 398
270 335
268 335
268 443
273 443
273 423
275 423
275 425
280 425
280 431
282 431
282 442
293 442
293 447
283 447
283 452
341 452
341 460
370 460
370 458
416 458
416 457
470 457
470 464
466 464
466 488
442 488
442 483
433 483
433 470
447 470
447 465
440 465
440 463
425 463
425 471
419 471
419 485
431 485
431 491
435 491
435 492
450 492
450 489
454 489
454 490
464 490
464 493
455 493
455 495
463 495
463 496
449 496
449 500
451 500
451 499
468 499
468 498
471 498
471 421
474 421
474 438
483 438
483 420
443 420
443 392
430 392
430 393
438 393
438 406
441 406
441 422
458 422
458 428
424 428
424 424
396 424
396 256
386 256
386 227
436 227
436 223
434 223
434 219
411 219
411 218
429 218
429 216
460 216
460 214
415 214
415 210
357 210
357 203
364 203
364 176
365 176
365 161
344 161
344 183
