90
15 10
15 11
16 11
16 19
12 19
12 16
8 16
8 15
1 15
1 28
4 28
4 31
2 31
2 45
3 45
3 48
21 48
21 50
39 50
39 49
47 49
47 43
43 43
43 42
27 42
27 44
26 44
26 46
29 46
29 47
9 47
9 35
10 35
10 34
11 34
11 33
6 33
6 27
14 27
14 23
7 23
7 20
13 20
13 21
22 21
22 22
19 22
19 26
25 26
25 24
24 24
24 7
34 7
34 9
31 9
31 30
23 30
23 39
28 39
28 41
37 41
37 40
30 40
30 38
45 38
45 37
32 37
32 36
33 36
33 32
44 32
44 13
46 13
46 8
41 8
41 29
35 29
35 18
36 18
36 17
40 17
40 6
38 6
38 5
49 5
49 12
50 12
50 4
20 4
20 10
