96
11 50
11 51
78 51
78 57
76 57
76 58
91 58
91 54
94 54
94 65
88 65
88 59
32 59
32 62
21 62
21 80
17 80
17 76
15 76
15 73
7 73
7 71
3 71
3 30
2 30
2 20
1 20
1 81
34 81
34 78
36 78
36 75
31 75
31 69
43 69
43 88
50 88
50 89
54 89
54 91
52 91
52 94
40 94
40 96
8 96
8 97
20 97
20 98
60 98
60 95
65 95
65 90
58 90
58 86
63 86
63 82
44 82
44 68
41 68
41 67
27 67
27 63
64 63
64 60
87 60
87 77
86 77
86 83
80 83
80 87
82 87
82 100
83 100
83 99
84 99
84 85
85 85
85 93
93 93
93 92
98 92
98 84
90 84
90 70
92 70
92 79
100 79
100 72
99 72
99 74
97 74
97 66
95 66
95 64
96 64
96 50
