294
71 169
71 168
69 168
69 166
68 166
68 141
61 141
61 119
24 119
24 116
35 116
35 115
13 115
13 87
2 87
2 48
3 48
3 32
1 32
1 88
12 88
12 133
14 133
14 146
7 146
7 158
8 158
8 171
23 171
23 227
22 227
22 240
21 240
21 250
30 250
30 246
27 246
27 239
26 239
26 167
20 167
20 162
19 162
19 170
11 170
11 148
18 148
18 142
15 142
15 120
51 120
51 123
59 123
59 145
65 145
65 175
64 175
64 174
48 174
48 172
41 172
41 163
44 163
44 165
49 165
49 154
53 154
53 152
60 152
60 150
38 150
38 157
39 157
39 160
33 160
33 205
40 205
40 226
45 226
45 216
47 216
47 207
54 207
54 245
52 245
52 248
58 248
58 249
74 249
74 225
169 225
169 230
107 230
107 231
96 231
96 237
100 237
100 236
145 236
145 235
153 235
153 234
175 234
175 222
161 222
161 223
138 223
138 220
73 220
73 218
85 218
85 219
194 219
194 217
201 217
201 192
203 192
203 244
204 244
204 183
225 183
225 173
224 173
224 86
227 86
227 89
231 89
231 93
235 93
235 138
237 138
237 106
240 106
240 193
219 193
219 229
218 229
218 209
212 209
212 233
215 233
215 238
221 238
221 212
226 212
226 241
232 241
232 224
234 224
234 242
238 242
238 232
243 232
243 221
228 221
228 210
250 210
250 185
249 185
249 198
239 198
239 196
245 196
245 153
244 153
244 151
246 151
246 128
248 128
248 126
242 126
242 161
241 161
241 117
247 117
247 77
236 77
236 92
233 92
233 71
211 71
211 98
207 98
207 97
200 97
200 96
183 96
183 80
196 80
196 76
198 76
198 73
172 73
172 67
190 67
190 66
208 66
208 64
191 64
191 60
181 60
181 55
173 55
173 46
167 46
167 79
182 79
182 100
217 100
217 72
230 72
230 75
223 75
223 125
222 125
222 137
220 137
220 179
195 179
195 159
209 159
209 155
189 155
189 144
214 144
214 118
206 118
206 129
210 129
210 132
205 132
205 122
202 122
202 143
193 143
193 135
185 135
185 127
168 127
168 149
163 149
163 156
174 156
174 139
176 139
176 134
177 134
177 147
184 147
184 164
187 164
187 176
188 176
188 180
216 180
216 182
197 182
197 181
180 181
180 186
178 186
178 188
192 188
192 189
124 189
124 190
159 190
159 194
131 194
131 206
156 206
156 200
186 200
186 197
199 197
199 213
144 213
144 214
80 214
80 215
62 215
62 228
66 228
66 243
70 243
70 247
56 247
56 204
37 204
37 187
34 187
34 177
108 177
108 169
