392
338 281
338 268
335 268
335 259
272 259
272 257
122 257
122 266
57 266
57 264
56 264
56 260
9 260
9 215
10 215
10 175
13 175
13 163
4 163
4 151
1 151
1 159
2 159
2 240
5 240
5 226
3 226
3 195
6 195
6 184
8 184
8 234
7 234
7 263
40 263
40 265
16 265
16 269
71 269
71 272
19 272
19 276
15 276
15 277
28 277
28 279
23 279
23 286
27 286
27 283
63 283
63 273
76 273
76 267
166 267
166 262
180 262
180 258
228 258
228 261
333 261
333 275
322 275
322 270
319 270
319 274
306 274
306 282
499 282
499 307
485 307
485 315
481 315
481 316
497 316
497 387
494 387
494 401
484 401
484 392
488 392
488 362
455 362
455 336
469 336
469 332
461 332
461 297
479 297
479 289
463 289
463 291
442 291
442 285
475 285
475 284
441 284
441 295
431 295
431 303
362 303
362 304
445 304
445 313
447 313
447 305
449 305
449 300
458 300
458 319
454 319
454 485
411 485
411 481
313 481
313 494
256 494
256 489
301 489
301 479
337 479
337 460
346 460
346 368
354 368
354 358
360 358
360 352
409 352
409 381
392 381
392 388
365 388
365 393
415 393
415 380
418 380
418 399
399 399
399 416
388 416
388 422
390 422
390 433
389 433
389 440
393 440
393 444
437 444
437 441
423 441
423 435
419 435
419 426
405 426
405 405
412 405
412 403
425 403
425 421
426 421
426 366
429 366
429 363
440 363
440 360
439 360
439 325
242 325
242 372
278 372
278 391
291 391
291 396
287 396
287 398
284 398
284 395
250 395
250 402
246 402
246 397
238 397
238 411
263 411
263 414
245 414
245 412
236 412
236 415
276 415
276 431
259 431
259 430
234 430
234 434
232 434
232 436
253 436
253 438
221 438
221 359
225 359
225 345
206 345
206 378
199 378
199 379
93 379
93 370
95 370
95 333
106 333
106 329
111 329
111 326
169 326
169 324
190 324
190 322
174 322
174 318
165 318
165 323
107 323
107 302
102 302
102 301
158 301
158 292
159 292
159 294
184 294
184 293
179 293
179 290
92 290
92 308
90 308
90 335
87 335
87 369
69 369
69 376
80 376
80 375
81 375
81 377
39 377
39 382
207 382
207 354
217 354
217 394
210 394
210 420
209 420
209 443
211 443
211 445
212 445
212 417
215 417
215 439
292 439
292 419
303 419
303 371
248 371
248 328
285 328
285 327
328 327
328 331
348 331
348 334
430 334
430 346
404 346
404 351
353 351
353 364
343 364
343 389
342 389
342 451
331 451
331 470
219 470
219 467
325 467
325 449
304 449
304 454
270 454
270 453
273 453
273 448
195 448
195 450
103 450
103 452
266 452
266 457
155 457
155 458
185 458
185 459
279 459
279 456
310 456
310 462
294 462
294 461
177 461
177 468
157 468
157 473
137 473
137 469
136 469
136 464
58 464
58 463
67 463
67 455
54 455
54 476
52 476
52 496
98 496
98 499
126 499
126 495
114 495
114 498
104 498
104 493
70 493
70 492
167 492
167 500
182 500
182 488
173 488
173 487
105 487
105 491
61 491
61 486
62 486
62 465
89 465
89 480
128 480
128 477
129 477
129 475
171 475
171 471
224 471
224 474
233 474
233 472
297 472
297 478
280 478
280 484
243 484
243 497
317 497
317 482
345 482
345 490
456 490
456 466
464 466
464 427
459 427
459 383
457 383
457 374
473 374
473 373
483 373
483 418
495 418
495 390
498 390
498 330
500 330
500 281
