634
222 161
222 166
231 166
231 174
281 174
281 211
433 211
433 205
443 205
443 225
364 225
364 227
341 227
341 228
329 228
329 229
444 229
444 206
462 206
462 208
492 208
492 232
490 232
490 233
477 233
477 216
450 216
450 220
476 220
476 247
318 247
318 245
307 245
307 246
183 246
183 242
34 242
34 241
50 241
50 238
53 238
53 235
43 235
43 230
36 230
36 223
49 223
49 224
138 224
138 222
142 222
142 181
143 181
143 186
150 186
150 165
146 165
146 164
120 164
120 185
118 185
118 171
117 171
117 210
135 210
135 219
88 219
88 212
46 212
46 173
48 173
48 172
47 172
47 170
33 170
33 176
38 176
38 189
41 189
41 204
37 204
37 213
35 213
35 231
32 231
32 236
44 236
44 239
22 239
22 237
21 237
21 243
172 243
172 244
178 244
178 250
264 250
264 251
309 251
309 252
251 252
251 253
453 253
453 249
239 249
239 248
489 248
489 278
482 278
482 280
480 280
480 281
338 281
338 268
335 268
335 259
272 259
272 257
122 257
122 266
57 266
57 264
56 264
56 260
9 260
9 215
10 215
10 175
13 175
13 163
4 163
4 151
1 151
1 159
2 159
2 240
5 240
5 226
3 226
3 195
6 195
6 184
8 184
8 234
7 234
7 263
40 263
40 265
16 265
16 269
71 269
71 272
19 272
19 276
15 276
15 277
28 277
28 279
23 279
23 286
27 286
27 283
63 283
63 273
76 273
76 267
166 267
166 262
180 262
180 258
228 258
228 261
333 261
333 275
322 275
322 270
319 270
319 274
306 274
306 282
499 282
499 307
485 307
485 315
481 315
481 316
497 316
497 387
494 387
494 401
484 401
484 392
488 392
488 355
467 355
467 362
455 362
455 336
469 336
469 332
461 332
461 297
479 297
479 289
463 289
463 291
442 291
442 285
475 285
475 284
441 284
441 295
431 295
431 303
362 303
362 304
445 304
445 313
447 313
447 305
449 305
449 300
458 300
458 319
454 319
454 485
411 485
411 481
313 481
313 494
256 494
256 489
301 489
301 479
337 479
337 460
346 460
346 368
354 368
354 358
360 358
360 352
409 352
409 381
392 381
392 388
365 388
365 393
415 393
415 380
418 380
418 399
399 399
399 416
388 416
388 422
390 422
390 433
389 433
389 440
393 440
393 444
437 444
437 441
423 441
423 435
419 435
419 426
405 426
405 405
412 405
412 403
425 403
425 421
426 421
426 366
429 366
429 363
440 363
440 360
439 360
439 321
436 321
436 320
396 320
396 325
242 325
242 372
278 372
278 391
291 391
291 396
287 396
287 398
284 398
284 395
250 395
250 402
246 402
246 397
238 397
238 411
263 411
263 414
245 414
245 412
236 412
236 415
276 415
276 431
259 431
259 430
234 430
234 434
232 434
232 436
253 436
253 438
221 438
221 359
225 359
225 345
206 345
206 378
199 378
199 379
93 379
93 370
95 370
95 333
106 333
106 329
111 329
111 326
169 326
169 324
190 324
190 322
174 322
174 318
165 318
165 323
107 323
107 302
102 302
102 301
158 301
158 292
159 292
159 298
161 298
161 306
168 306
168 312
202 312
202 314
205 314
205 311
196 311
196 310
175 310
175 299
163 299
163 296
186 296
186 294
184 294
184 293
179 293
179 287
113 287
113 288
164 288
164 290
92 290
92 308
90 308
90 335
87 335
87 369
84 369
84 309
79 309
79 348
83 348
83 365
77 365
77 317
64 317
64 337
74 337
74 342
60 342
60 350
69 350
69 376
80 376
80 375
81 375
81 377
39 377
39 400
42 400
42 382
75 382
75 386
176 386
176 385
132 385
132 384
197 384
197 406
68 406
68 404
26 404
26 407
72 407
72 408
160 408
160 409
189 409
189 425
188 425
188 413
181 413
181 432
192 432
192 424
207 424
207 354
217 354
217 394
210 394
210 420
209 420
209 443
211 443
211 445
212 445
212 417
215 417
215 442
214 442
214 446
277 446
277 439
292 439
292 419
295 419
295 423
296 423
296 437
302 437
302 429
303 429
303 367
268 367
268 357
267 357
267 356
316 356
316 353
255 353
255 371
248 371
248 328
275 328
275 340
285 340
285 327
328 327
328 331
348 331
348 334
430 334
430 346
427 346
427 338
383 338
383 341
376 341
376 339
321 339
321 343
404 343
404 351
401 351
401 344
398 344
398 349
363 349
363 347
353 347
353 364
351 364
351 361
343 361
343 389
342 389
342 451
340 451
340 410
331 410
331 470
219 470
219 467
325 467
325 449
304 449
304 454
270 454
270 453
273 453
273 448
195 448
195 450
103 450
103 452
266 452
266 457
155 457
155 458
185 458
185 459
279 459
279 456
310 456
310 462
294 462
294 461
177 461
177 468
157 468
157 473
137 473
137 469
136 469
136 464
58 464
58 463
67 463
67 455
54 455
54 476
52 476
52 496
98 496
98 499
126 499
126 495
114 495
114 498
104 498
104 493
70 493
70 492
167 492
167 500
182 500
182 488
173 488
173 487
105 487
105 491
61 491
61 486
62 486
62 465
89 465
89 480
128 480
128 477
129 477
129 475
171 475
171 471
224 471
224 474
233 474
233 472
297 472
297 478
280 478
280 484
252 484
252 483
243 483
243 497
317 497
317 482
345 482
345 490
456 490
456 466
464 466
464 427
459 427
459 383
457 383
457 374
473 374
473 373
483 373
483 447
486 447
486 428
493 428
493 418
495 418
495 390
498 390
498 330
500 330
500 271
496 271
496 203
358 203
358 207
359 207
359 209
290 209
290 200
300 200
300 179
305 179
305 169
262 169
262 168
312 168
312 167
336 167
336 162
230 162
230 161
