90
338 281
338 268
335 268
335 259
272 259
272 257
122 257
122 266
57 266
57 264
56 264
56 260
9 260
9 215
10 215
10 175
13 175
13 163
4 163
4 151
1 151
1 159
2 159
2 240
5 240
5 226
3 226
3 195
6 195
6 184
8 184
8 234
7 234
7 263
40 263
40 265
16 265
16 269
71 269
71 272
19 272
19 276
15 276
15 277
28 277
28 279
23 279
23 286
27 286
27 283
63 283
63 273
76 273
76 267
166 267
166 262
180 262
180 258
228 258
228 261
333 261
333 275
322 275
322 270
319 270
319 274
306 274
306 282
499 282
499 307
485 307
485 315
481 315
481 316
497 316
497 387
494 387
494 401
484 401
484 392
488 392
488 373
483 373
483 418
495 418
495 390
498 390
498 330
500 330
500 281
