224
107 74
107 64
112 64
112 36
122 36
122 34
125 34
125 22
124 22
124 15
133 15
133 21
129 21
129 38
130 38
130 50
135 50
135 30
138 30
138 57
144 57
144 27
146 27
146 32
145 32
145 81
147 81
147 107
42 107
42 112
38 112
38 117
57 117
57 121
36 121
36 114
35 114
35 96
21 96
21 100
18 100
18 82
10 82
10 63
37 63
37 73
26 73
26 79
13 79
13 80
61 80
61 86
69 86
69 87
67 87
67 97
78 97
78 95
79 95
79 69
80 69
80 88
81 88
81 65
75 65
75 54
73 54
73 71
66 71
66 26
70 26
70 25
63 25
63 76
64 76
64 77
65 77
65 72
77 72
77 78
58 78
58 68
41 68
41 62
22 62
22 53
49 53
49 8
47 8
47 16
46 16
46 41
39 41
39 46
33 46
33 35
32 35
32 52
31 52
31 51
17 51
17 44
20 44
20 37
24 37
24 31
23 31
23 7
8 7
8 10
12 10
12 19
6 19
6 17
3 17
3 5
2 5
2 43
4 43
4 20
11 20
11 28
9 28
9 84
14 84
14 111
16 111
16 102
27 102
27 99
34 99
34 123
30 123
30 130
96 130
96 129
40 129
40 125
43 125
43 128
53 128
53 126
59 126
59 118
62 118
62 124
89 124
89 116
100 116
100 131
106 131
106 133
52 133
52 145
55 145
55 144
56 144
56 147
54 147
54 148
7 148
7 146
25 146
25 143
50 143
50 142
1 142
1 149
28 149
28 150
60 150
60 134
86 134
86 135
95 135
95 136
111 136
111 127
101 127
101 115
85 115
85 122
68 122
68 120
74 120
74 119
76 119
76 113
44 113
44 109
91 109
91 108
150 108
150 101
148 101
148 29
149 29
149 6
142 6
142 48
141 48
141 49
140 49
140 18
137 18
137 14
117 14
117 23
115 23
115 24
119 24
119 33
110 33
110 42
102 42
102 47
103 47
103 55
98 55
98 60
104 60
104 70
99 70
99 74
