100
61 70
61 92
54 92
54 91
48 91
48 84
34 84
34 78
14 78
14 72
1 72
1 79
5 79
5 82
32 82
32 85
3 85
3 90
4 90
4 86
40 86
40 94
62 94
62 95
66 95
66 89
65 89
65 76
69 76
69 80
72 80
72 71
90 71
90 103
81 103
81 107
77 107
77 109
74 109
74 113
75 113
75 122
51 122
51 137
49 137
49 135
17 135
17 132
29 132
29 131
15 131
15 147
18 147
18 163
37 163
37 166
41 166
41 168
78 168
78 172
58 172
58 186
106 186
106 182
132 182
132 184
125 184
125 187
134 187
134 181
92 181
92 185
88 185
88 180
67 180
67 173
100 173
100 165
60 165
60 162
24 162
24 160
50 160
50 156
23 156
23 136
27 136
27 138
99 138
99 125
71 125
71 124
87 124
87 111
96 111
96 102
91 102
91 74
129 74
129 70
