80
6 381
6 376
9 376
9 279
16 279
16 275
1 275
1 282
2 282
2 285
7 285
7 364
4 364
4 292
3 292
3 458
60 458
60 457
100 457
100 460
101 460
101 499
195 499
195 497
172 497
172 493
326 493
326 496
383 496
383 485
390 485
390 483
301 483
301 480
295 480
295 477
348 477
348 476
328 476
328 473
262 473
262 468
280 468
280 456
276 456
276 461
250 461
250 472
254 472
254 484
327 484
327 486
240 486
240 491
246 491
246 489
278 489
278 487
378 487
378 490
286 490
286 492
166 492
166 495
121 495
121 498
105 498
105 470
116 470
116 464
113 464
113 455
38 455
38 453
8 453
8 446
17 446
17 417
14 417
14 381
