792
157 23
157 60
151 60
151 67
148 67
148 74
133 74
133 78
29 78
29 90
104 90
104 146
72 146
72 147
64 147
64 243
62 243
62 274
58 274
58 258
26 258
26 235
20 235
20 280
13 280
13 281
11 281
11 284
12 284
12 342
10 342
10 381
6 381
6 376
9 376
9 279
16 279
16 275
1 275
1 282
2 282
2 285
7 285
7 364
4 364
4 292
3 292
3 458
60 458
60 457
100 457
100 460
101 460
101 499
195 499
195 497
172 497
172 493
326 493
326 496
383 496
383 485
390 485
390 471
386 471
386 474
369 474
369 469
357 469
357 479
330 479
330 482
367 482
367 483
301 483
301 480
295 480
295 477
348 477
348 476
328 476
328 473
262 473
262 468
280 468
280 456
276 456
276 461
258 461
258 452
387 452
387 451
297 451
297 448
281 448
281 450
261 450
261 436
359 436
359 428
435 428
435 435
455 435
455 432
469 432
469 437
408 437
408 440
396 440
396 443
438 443
438 441
477 441
477 488
479 488
479 500
487 500
487 494
491 494
491 478
494 478
494 475
486 475
486 481
483 481
483 433
480 433
480 424
464 424
464 421
457 421
457 419
349 419
349 418
331 418
331 422
269 422
269 423
361 423
361 420
432 420
432 426
307 426
307 427
341 427
341 429
354 429
354 431
306 431
306 434
250 434
250 472
254 472
254 484
327 484
327 486
240 486
240 491
246 491
246 489
278 489
278 487
378 487
378 490
286 490
286 492
166 492
166 495
126 495
126 467
196 467
196 465
227 465
227 444
191 444
191 415
181 415
181 459
132 459
132 439
141 439
141 449
149 449
149 410
146 410
146 405
145 405
145 399
236 399
236 403
271 403
271 397
270 397
270 392
317 392
317 407
335 407
335 409
389 409
389 408
473 408
473 412
497 412
497 406
346 406
346 404
333 404
333 387
275 387
275 382
344 382
344 402
365 402
365 400
366 400
366 388
375 388
375 386
397 386
397 390
411 390
411 401
417 401
417 394
420 394
420 389
484 389
484 378
485 378
485 361
478 361
478 360
496 360
496 315
495 315
495 344
492 344
492 343
465 343
465 341
451 341
451 345
385 345
385 333
409 333
409 328
406 328
406 322
427 322
427 297
436 297
436 299
450 299
450 308
449 308
449 310
474 310
474 220
472 220
472 277
462 277
462 296
461 296
461 295
430 295
430 290
431 290
431 287
460 287
460 233
458 233
458 239
454 239
454 245
445 245
445 218
444 218
444 222
440 222
440 217
429 217
429 204
433 204
433 181
452 181
452 180
395 180
395 183
334 183
334 179
312 179
312 176
282 176
282 177
309 177
309 205
299 205
299 186
296 186
296 207
244 207
244 208
283 208
283 211
251 211
251 210
239 210
239 213
237 213
237 214
293 214
293 219
268 219
268 230
350 230
350 247
343 247
343 234
319 234
319 232
310 232
310 264
218 264
218 261
216 261
216 259
217 259
217 252
226 252
226 246
248 246
248 241
215 241
215 257
204 257
204 278
210 278
210 307
200 307
200 326
213 326
213 313
235 313
235 324
219 324
219 331
233 331
233 330
362 330
362 329
253 329
253 327
300 327
300 323
245 323
245 312
255 312
255 309
238 309
238 302
288 302
288 305
289 305
289 300
249 300
249 301
223 301
223 267
266 267
266 269
325 269
325 256
337 256
337 249
358 249
358 263
360 263
360 240
368 240
368 238
373 238
373 206
370 206
370 228
355 228
355 229
292 229
292 227
363 227
363 223
340 223
340 224
324 224
324 225
298 225
298 215
294 215
294 212
311 212
311 200
313 200
313 196
347 196
347 197
377 197
377 192
339 192
339 195
323 195
323 184
380 184
380 185
416 185
416 226
423 226
423 237
422 237
422 244
443 244
443 262
407 262
407 250
401 250
401 253
404 253
404 271
453 271
453 276
424 276
424 286
428 286
428 288
413 288
413 289
418 289
418 304
426 304
426 311
391 311
391 291
381 291
381 317
403 317
403 318
382 318
382 346
489 346
489 353
482 353
482 351
470 351
470 366
468 366
468 372
467 372
467 375
448 375
448 350
405 350
405 349
392 349
392 352
447 352
447 367
388 367
388 358
345 358
345 357
342 357
342 356
314 356
314 359
371 359
371 362
364 362
364 368
439 368
439 384
414 384
414 374
308 374
308 371
285 371
285 377
393 377
393 380
264 380
264 396
241 396
241 393
224 393
224 363
212 363
212 354
214 354
214 348
209 348
209 365
192 365
192 369
206 369
206 373
221 373
221 398
197 398
197 379
178 379
178 391
176 391
176 395
174 395
174 383
139 383
139 385
143 385
143 411
144 411
144 425
131 425
131 414
130 414
130 416
129 416
129 462
186 462
186 463
162 463
162 466
121 466
121 498
105 498
105 470
116 470
116 454
119 454
119 355
118 355
118 447
117 447
117 413
115 413
115 464
113 464
113 370
114 370
114 347
112 347
112 442
47 442
47 430
19 430
19 438
37 438
37 445
110 445
110 455
38 455
38 453
8 453
8 446
17 446
17 417
14 417
14 340
15 340
15 325
24 325
24 319
23 319
23 303
22 303
22 255
25 255
25 272
41 272
41 266
35 266
35 265
53 265
53 283
66 283
66 260
74 260
74 270
73 270
73 298
78 298
78 294
80 294
80 268
90 268
90 320
77 320
77 321
45 321
45 314
40 314
40 332
61 332
61 334
84 334
84 335
51 335
51 338
56 338
56 339
68 339
68 336
81 336
81 337
95 337
95 306
97 306
97 316
98 316
98 293
92 293
92 251
70 251
70 248
89 248
89 242
75 242
75 201
120 201
120 203
152 203
152 182
150 182
150 202
140 202
140 198
147 198
147 188
125 188
125 190
138 190
138 194
127 194
127 199
94 199
94 187
67 187
67 169
103 169
103 164
65 164
65 155
107 155
107 145
106 145
106 91
108 91
108 88
54 88
54 84
33 84
33 83
52 83
52 80
134 80
134 79
135 79
135 87
137 87
137 85
153 85
153 70
158 70
158 59
159 59
159 31
160 31
160 30
161 30
161 175
163 175
163 77
164 77
164 25
170 25
170 26
234 26
234 27
256 27
256 36
252 36
252 106
257 106
257 73
272 73
272 76
277 76
277 149
222 149
222 114
190 114
190 111
205 111
205 81
198 81
198 69
211 69
211 62
220 62
220 53
187 53
187 29
179 29
179 40
177 40
177 49
175 49
175 72
182 72
182 102
184 102
184 86
185 86
185 61
194 61
194 110
193 110
193 109
173 109
173 89
171 89
171 92
168 92
168 46
169 46
169 28
165 28
165 56
167 56
167 117
180 117
180 136
199 136
199 143
201 143
201 130
183 130
183 119
203 119
203 122
202 122
202 158
189 158
189 168
228 168
228 167
232 167
232 160
207 160
207 133
208 133
208 150
265 150
265 152
274 152
274 171
329 171
329 174
476 174
476 172
442 172
442 173
353 173
353 166
352 166
352 165
400 165
400 161
459 161
459 159
466 159
466 157
379 157
379 162
291 162
291 170
279 170
279 71
260 71
260 35
273 35
273 21
247 21
247 22
242 22
242 23
